0
0
0
-1
-1
-2
-2
-2
-1
-2
-1
-1
-1
0
0
0
0
-1
-1
-2
-3
-3
-4
-5
-4
-3
-4
-4
-3
-5
-5
-7
-7
-7
-8
-8
-8
-9
-9
-8
-8
-8
-9
-9
-9
-9
-8
-6
-6
-6
-7
-6
-6
-6
-7
-9
-10
-12
-12
-13
-12
-12
-12
-11
-11
-10
-10
-10
-10
-11
-11
-12
-13
-13
-13
-10
-7
-4
0
5
8
9
10
11
12
12
11
9
9
8
9
8
9
9
9
10
11
11
13
14
15
17
17
17
19
20
22
23
24
25
28
31
34
34
34
34
33
35
34
32
29
26
22
19
18
16
16
15
14
11
10
9
6
2
0
-2
-3
-4
-6
-6
-6
-6
-6
-8
-8
-6
-6
-6
-8
-9
-10
-12
-14
-16
-18
-19
-21
-21
-20
-20
-21
-23
-27
-28
-30
-30
-32
-32
-33
-32
-29
-26
-23
-20
-15
-8
3
10
11
14
18
18
15
10
6
8
12
13
12
7
4
5
4
-1
-4
-3
-4
-6
-6
-6
-6
-3
2
6
6
6
10
11
9
9
11
8
6
5
6
6
5
3
-1
-5
-4
-4
-6
-10
-10
-4
-3
-7
-2
5
10
12
14
17
19
22
24
23
21
19
19
20
18
17
20
21
23
23
22
23
24
27
27
24
23
24
22
18
17
15
12
8
3
1
0
0
-4
-8
-12
-12
-10
-9
-13
-15
-16
-18
-19
-21
-22
-22
-20
-17
-18
-20
-19
-16
-12
-10
-9
-5
-6
-7
-7
-9
-13
-17
-18
-17
-9
-9
-16
-19
-17
-22
-26
-31
-35
-35
-30
-31
-35
-36
-38
-37
-32
-37
-40
-37
-37
-39
-35
-32
-34
-28
-23
-26
-25
-22
-23
-25
-27
-30
-25
-20
-23
-26
-20
-19
-20
-23
-26
-24
-16
-10
-5
4
11
18
21
19
17
21
20
16
16
16
16
16
14
14
20
23
24
30
34
36
40
46
48
50
53
56
56
54
54
52
54
52
50
48
45
44
44
42
41
44
45
44
44
43
42
42
42
38
37
37
40
35
30
25
18
13
6
1
0
-4
-7
-9
-11
-12
-11
-7
-4
1
3
-1
-8
-15
-23
-24
-16
-9
-3
2
-2
-21
-38
-49
-55
-48
-33
-23
-18
-16
-26
-37
-47
-60
-53
-34
-26
-30
-35
-42
-44
-46
-55
-62
-60
-58
-58
-57
-61
-62
-51
-48
-50
-51
-50
-44
-33
-22
-18
-16
-14
-15
-18
-22
-29
-32
-40
-52
-54
-45
-26
-9
11
27
35
40
37
26
14
6
11
20
28
30
34
38
36
38
36
32
28
24
23
25
29
35
46
58
67
75
80
78
75
74
72
68
65
67
71
74
76
76
75
70
66
61
54
47
40
36
34
36
42
45
50
54
51
49
43
37
28
17
10
7
4
-2
-5
-4
-3
-4
-2
-1
-3
-6
-10
-12
-17
-21
-21
-17
-12
-7
-8
-14
-27
-43
-58
-71
-79
-63
-29
-22
-51
-71
-70
-66
-72
-83
-83
-68
-47
-44
-61
-88
-100
-88
-80
-92
-101
-98
-98
-106
-115
-121
-120
-115
-115
-109
-94
-67
-22
24
42
45
55
57
31
1
-13
-16
-25
-36
-39
-32
-36
-46
-52
-55
-68
-80
-80
-81
-77
-60
-27
2
18
36
59
74
65
57
58
50
34
22
13
5
-2
-8
-14
-24
-38
-39
-30
-31
-21
4
34
63
97
129
155
175
185
184
179
168
152
141
134
132
127
121
117
112
108
104
105
120
140
149
149
150
157
165
169
169
164
155
136
116
99
75
56
49
43
37
27
20
17
10
-1
-5
-9
-13
-13
-9
-10
-17
-14
-4
0
-16
-44
-70
-99
-123
-138
-143
-129
-111
-112
-126
-140
-158
-176
-189
-194
-188
-169
-138
-123
-132
-173
-201
-209
-229
-243
-254
-261
-271
-261
-245
-236
-188
-95
22
101
136
171
212
201
103
2
-21
10
8
-41
-70
-58
-51
-88
-141
-190
-227
-245
-236
-216
-191
-126
-31
54
90
110
155
195
180
136
123
119
93
53
36
34
12
-25
-68
-119
-177
-205
-209
-212
-199
-146
-52
28
77
133
196
240
242
228
221
204
178
152
126
108
104
101
91
72
60
61
62
65
79
194
422
596
608
521
450
361
241
117
22
40
152
250
251
189
118
54
2
-56
-98
-93
-52
-23
3
57
131
191
206
174
121
73
24
-39
-81
-76
-45
-17
-10
-28
-64
-132
-217
-314
-380
-386
-351
-286
-202
-98
-10
28
0
-62
-107
-149
-216
-300
-353
-369
-382
-424
-455
-425
-359
-319
-330
-327
-315
-317
-317
-262
-105
100
280
382
426
436
404
299
120
-26
-77
-84
-115
-165
-167
-122
-109
-170
-261
-329
-366
-397
-399
-345
-226
-72
62
158
227
297
349
346
278
187
131
99
68
32
22
21
-12
-91
-184
-263
-321
-348
-347
-313
-231
-102
39
150
235
294
324
322
299
273
255
233
200
178
181
196
208
195
150
92
47
22
18
38
88
175
285
488
750
891
833
680
518
330
152
28
-8
87
253
366
359
277
155
22
-90
-165
-171
-123
-49
39
135
237
312
318
247
141
34
-49
-98
-113
-90
-34
22
42
19
-39
-134
-255
-360
-434
-453
-411
-308
-150
-50
-22
-50
-91
-144
-254
-341
-413
-424
-382
-336
-315
-351
-402
-460
-478
-497
-497
-466
-429
-412
-393
-265
-118
-29
-12
131
396
511
375
123
25
-9
-86
-214
-257
-137
-1
66
-33
-198
-333
-392
-449
-536
-532
-418
-235
-109
3
122
253
324
295
255
226
229
211
211
246
301
326
260
139
-8
-124
-247
-371
-463
-449
-330
-196
-71
34
149
214
208
160
127
167
219
258
284
341
410
437
394
310
239
166
91
14
-11
13
60
114
191
371
586
687
608
475
390
319
241
173
199
331
478
537
475
357
211
50
-97
-164
-128
-34
43
83
116
152
163
105
21
-38
-47
-24
19
80
150
205
198
124
25
-69
-161
-251
-323
-369
-379
-350
-289
-248
-264
-320
-370
-403
-435
-459
-449
-398
-333
-286
-274
-290
-350
-440
-540
-623
-618
-524
-438
-429
-461
-479
-462
-341
-113
150
338
388
316
179
67
-24
-59
1
145
301
362
283
66
-184
-388
-520
-586
-582
-515
-430
-332
-241
-159
-112
-91
-75
-54
6
126
297
472
610
684
683
599
455
282
98
-71
-200
-275
-312
-299
-244
-196
-204
-257
-286
-281
-249
-188
-64
120
318
501
618
656
621
524
405
322
309
338
375
400
404
376
313
207
73
-51
-95
-79
39
329
605
737
692
587
489
332
194
127
193
397
572
612
531
358
132
-96
-230
-226
-167
-97
-28
61
146
187
142
49
-20
-48
-29
15
100
207
275
269
192
84
-33
-171
-311
-393
-421
-403
-365
-314
-267
-287
-354
-422
-457
-457
-443
-431
-425
-391
-324
-273
-278
-317
-384
-483
-584
-620
-574
-492
-433
-446
-503
-547
-557
-510
-363
-93
229
430
418
273
112
-20
-113
-102
39
259
427
414
237
-32
-284
-474
-591
-607
-526
-377
-218
-98
-34
-30
-81
-150
-196
-176
-64
112
322
517
652
687
626
495
321
162
51
11
17
49
90
128
117
19
-130
-272
-355
-374
-316
-186
0
191
324
370
337
269
188
136
175
298
472
625
719
741
681
553
391
240
166
162
245
429
575
632
532
327
112
-83
-159
-154
-55
169
396
487
425
245
48
-78
-81
31
161
294
380
381
285
156
61
-23
-91
-140
-121
-53
5
15
-32
-104
-186
-279
-351
-369
-331
-267
-218
-199
-205
-224
-284
-363
-416
-420
-385
-336
-292
-262
-258
-315
-412
-547
-640
-672
-680
-626
-549
-476
-435
-453
-520
-634
-761
-784
-624
-278
155
462
559
452
241
9
-200
-266
-111
220
526
641
539
250
-138
-491
-666
-642
-486
-297
-140
-55
-63
-132
-238
-333
-368
-306
-150
79
343
569
682
653
528
354
204
149
203
335
447
487
440
322
161
-6
-157
-254
-272
-218
-106
11
110
140
76
-32
-132
-163
-142
-65
70
253
453
602
656
619
510
362
263
273
476
750
894
887
751
582
363
134
10
5
78
176
204
121
-33
-242
-379
-393
-280
-96
34
109
139
143
119
95
93
155
266
368
441
463
410
287
109
-68
-170
-216
-206
-170
-157
-190
-300
-452
-582
-632
-618
-563
-496
-424
-329
-256
-209
-192
-193
-210
-229
-240
-273
-297
-320
-325
-333
-343
-323
-353
-452
-596
-719
-793
-789
-653
-392
-72
101
77
-64
-182
-221
-207
-44
268
600
791
803
626
280
-100
-340
-300
-91
123
237
229
94
-179
-498
-719
-744
-611
-363
-62
196
325
292
183
62
-14
-33
56
267
525
718
744
633
438
235
80
11
53
180
323
388
378
302
196
65
-52
-98
-87
-25
42
108
146
139
87
12
-12
12
86
176
267
396
511
558
555
530
523
501
470
494
557
628
654
616
508
351
172
15
-57
-63
-30
-19
-59
-154
-298
-447
-531
-534
-467
-330
-184
-60
3
5
-5
-7
13
62
141
225
280
263
202
104
-29
-146
-222
-250
-250
-256
-293
-342
-406
-501
-599
-661
-652
-604
-548
-486
-437
-428
-452
-478
-505
-508
-494
-452
-398
-358
-342
-366
-386
-373
-270
-163
-115
-143
-216
-242
-271
-245
-134
68
279
395
415
300
119
-60
-96
16
169
299
346
332
185
-54
-294
-416
-400
-306
-131
41
167
176
107
24
-52
-80
-53
73
240
390
464
443
352
211
113
82
127
196
263
297
249
153
45
-10
-22
11
86
174
253
274
270
240
206
165
154
207
291
369
425
466
452
395
318
263
233
213
235
270
310
320
305
273
207
130
65
56
75
113
140
147
111
28
-63
-152
-205
-215
-250
-236
-187
-189
-197
-227
-226
-223
-211
-142
-74
-30
-3
25
35
34
19
-9
15
23
62
97
66
12
-66
-152
-229
-282
-307
-310
-297
-268
-252
-230
-247
-287
-322
-320
-283
-264
-223
-183
-173
-135
-128
-139
-165
-226
-285
-357
-408
-419
-409
-393
-384
-396
-419
-424
-413
-394
-369
-344
-280
-197
-122
-42
23
38
17
-2
6
35
70
116
154
168
151
130
125
143
158
172
206
244
271
282
295
313
318
331
369
427
475
510
531
520
468
392
329
278
248
241
255
278
279
256
217
174
114
58
39
61
102
147
195
227
235
224
202
179
151
129
134
161
168
146
108
81
65
62
80
98
102
66
23
10
20
33
61
54
50
144
138
73
77
40
-57
-113
-112
-114
-103
-25
-4
-6
-41
-92
-38
-69
-81
-68
-79
-89
-64
-13
13
25
6
-45
-139
-201
-261
-302
-263
-268
-294
-312
-354
-390
-433
-459
-482
-490
-481
-464
-429
-367
-373
-316
-258
-232
-211
-213
-190
-239
-201
-203
-244
-239
-259
-295
-339
-326
-338
-342
-331
-312
-314
-343
-289
-247
-215
-135
-70
-20
30
91
120
107
111
99
124
166
203
248
296
325
319
321
298
265
245
223
225
273
349
403
429
424
388
343
336
338
350
371
387
405
407
397
371
327
273
231
186
160
141
128
128
116
104
94
108
100
84
76
70
61
40
30
25
22
21
38
42
30
32
9
-35
-81
-108
-110
-106
-71
-29
0
34
43
38
12
-18
-12
-13
-6
2
32
67
59
45
15
-29
-67
-99
-128
-130
-117
-94
-78
-55
-49
-81
-88
-102
-115
-104
-101
-93
-102
-98
-80
-102
-131
-175
-241
-286
-317
-336
-348
-340
-340
-366
-362
-364
-365
-376
-390
-387
-358
-296
-243
-197
-165
-158
-169
-185
-196
-193
-182
-171
-153
-142
-149
-163
-170
-183
-183
-170
-133
-83
-37
3
12
10
7
23
53
111
188
253
310
350
369
376
374
363
359
360
376
388
403
405
390
361
332
320
316
317
321
329
340
345
336
328
321
311
295
266
250
234
212
206
200
174
162
153
126
112
95
75
59
52
46
40
31
32
35
34
73
64
32
11
-23
-43
-82
-112
-110
-90
-81
-67
-39
-44
-86
-114
-141
-144
-110
-79
-54
-21
17
19
12
4
-52
-79
-82
-91
-77
-63
-69
-139
-177
-200
-265
-241
-224
-220
-177
-154
-169
-207
-213
-245
-246
-169
-163
-168
-152
-225
-264
-256
-257
-254
-244
-193
-197
-219
-235
-297
-323
-293
-297
-303
-256
-231
-228
-200
-178
-212
-194
-153
-167
-144
-113
-110
-121
-115
-96
-95
-68
-44
-37
-27
-21
-10
12
47
72
75
114
158
171
197
217
238
266
297
327
345
357
349
345
359
359
347
342
341
331
314
298
294
295
284
292
305
321
332
312
268
223
179
180
222
232
250
239
210
191
109
83
71
68
60
68
89
36
25
15
-28
-35
-30
-48
-3
-25
-35
-65
-66
-64
-126
-63
-101
-77
-37
-120
-88
-47
-63
-130
-62
-21
-147
-47
-8
-75
-68
-88
-106
-104
-79
-90
-157
-60
-131
-195
-151
-210
-213
-244
-189
-207
-214
-153
-215
-248
-219
-257
-182
-160
-159
-126
-149
-161
-211
-195
-196
-184
-131
-135
-123
-160
-147
-160
-204
-155
-230
-214
-168
-186
-161
-233
-190
-159
-213
-185
-214
-147
-119
-137
-122
-125
-126
-142
-90
-43
-42
16
62
50
72
63
24
86
185
204
237
290
263
234
254
267
253
286
339
363
407
417
378
324
291
272
282
323
350
358
330
292
256
226
230
225
226
252
245
217
191
158
127
111
118
146
146
137
164
127
102
118
65
51
87
95
103
105
104
82
43
42
36
-1
-8
4
-8
-47
-37
-25
-97
-102
-52
-105
-126
-80
-102
-96
-75
-73
-94
-107
-117
-162
-127
-91
-138
-116
-147
-184
-136
-173
-229
-258
-219
-227
-290
-286
-275
-255
-246
-268
-348
-348
-310
-318
-254
-262
-259
-199
-161
-178
-208
-157
-177
-197
-109
-150
-126
-60
-58
-45
-104
-62
-126
-157
-87
-184
-137
-116
-149
-139
-226
-188
-200
-208
-114
-129
-149
-175
-153
-133
-174
-98
-29
43
156
166
151
131
114
139
206
331
401
396
400
377
332
274
264
304
315
341
371
362
302
212
171
199
240
270
280
290
267
205
182
167
143
163
211
254
268
239
180
124
76
58
93
126
145
155
142
128
74
16
-14
-13
28
91
172
202
154
93
52
15
32
79
114
165
204
176
99
27
-39
-84
-88
-36
53
89
26
-30
-113
-216
-236
-164
-155
-125
-95
-121
-113
-189
-247
-299
-209
-209
-231
-183
-206
-210
-354
-358
-260
-250
-231
-320
-294
-192
-299
-326
-319
-245
-204
-217
-126
-133
-195
-193
-187
-193
-225
-165
-134
-159
-140
-179
-165
-178
-190
-218
-280
-213
-230
-332
-253
-163
-89
-63
-106
-161
-184
-163
-165
-121
8
100
136
182
142
63
17
74
215
377
481
470
419
352
258
209
251
324
392
437
457
402
271
127
54
84
147
213
260
252
181
68
-5
-60
-78
-23
65
170
215
179
114
41
-6
32
122
214
266
264
230
151
89
75
78
113
185
247
284
256
162
79
51
65
114
206
266
304
319
265
186
133
100
128
184
217
210
161
74
-38
-89
-108
-105
-90
-90
-94
-147
-213
-277
-324
-326
-282
-237
-207
-227
-259
-328
-410
-363
-349
-334
-277
-254
-286
-316
-345
-411
-395
-336
-343
-286
-239
-282
-311
-328
-308
-317
-245
-154
-241
-261
-231
-330
-357
-298
-283
-294
-305
-340
-356
-304
-208
-166
-161
-208
-281
-296
-222
-140
-69
95
270
330
296
179
70
62
188
428
587
655
599
452
312
199
175
216
333
440
468
421
244
42
-91
-92
22
161
255
253
171
32
-81
-140
-121
-18
98
236
292
224
114
-17
-80
-35
97
265
377
385
318
220
117
67
89
170
278
372
423
370
238
111
53
81
206
370
449
428
310
160
76
60
125
249
375
453
443
336
177
36
-5
86
219
323
317
165
-4
-128
-211
-223
-172
-119
-105
-146
-257
-389
-525
-594
-529
-391
-290
-288
-362
-485
-589
-630
-588
-485
-372
-285
-259
-277
-339
-450
-503
-474
-388
-275
-216
-257
-320
-398
-473
-534
-613
-588
-435
-184
-22
-81
-285
-464
-478
-392
-290
-97
185
446
486
337
108
-117
-166
38
451
788
857
656
375
130
-56
-74
95
327
466
439
281
-3
-306
-469
-390
-135
121
232
152
-40
-266
-402
-380
-218
22
235
348
314
179
21
-95
-74
67
328
557
625
554
366
207
112
111
231
364
489
522
440
299
129
4
-8
111
292
482
545
448
295
163
149
205
292
446
588
647
596
467
307
190
186
303
462
524
438
244
44
-73
-111
-107
-71
-63
-105
-179
-308
-457
-558
-586
-531
-437
-365
-379
-480
-577
-631
-601
-519
-450
-400
-381
-382
-417
-471
-529
-526
-459
-398
-370
-382
-426
-517
-630
-692
-640
-465
-173
-5
-88
-328
-486
-461
-418
-356
-122
255
520
501
296
16
-241
-281
-3
472
777
747
459
133
-161
-349
-325
-123
145
309
257
5
-351
-635
-708
-508
-152
138
222
80
-146
-318
-377
-312
-100
164
377
465
389
215
29
-45
46
261
517
667
643
489
313
185
134
173
289
429
501
478
377
220
62
-14
74
265
471
582
588
542
414
314
306
391
564
733
826
827
730
592
466
388
400
488
597
639
513
287
52
-108
-154
-126
-76
-71
-134
-267
-401
-530
-608
-569
-470
-345
-261
-275
-372
-474
-510
-463
-355
-261
-206
-223
-283
-374
-462
-501
-499
-428
-380
-418
-500
-615
-747
-830
-716
-401
-139
-176
-473
-652
-614
-580
-535
-310
116
422
391
195
-38
-242
-297
-72
392
753
739
435
85
-220
-403
-395
-183
97
222
121
-164
-511
-792
-890
-717
-360
-36
54
-93
-332
-524
-585
-491
-262
38
294
379
296
124
-15
-53
22
226
479
640
620
448
255
116
71
116
236
380
466
461
389
285
180
134
193
363
539
648
685
634
574
535
529
584
681
797
880
883
807
684
549
483
502
544
568
518
415
269
107
-18
-76
-80
-74
-57
-79
-153
-269
-372
-389
-350
-270
-172
-96
-98
-183
-241
-239
-211
-189
-160
-139
-125
-148
-208
-302
-390
-420
-421
-436
-524
-595
-599
-410
-147
-116
-334
-595
-629
-564
-520
-322
27
367
381
174
-77
-350
-489
-355
126
569
676
415
-33
-453
-760
-800
-562
-190
52
-9
-324
-756
-1067
-1166
-1003
-616
-225
-39
-149
-400
-629
-717
-629
-383
-41
236
326
217
15
-167
-237
-168
7
220
356
353
202
11
-141
-216
-199
-108
42
162
197
142
59
-20
-54
43
301
611
769
759
653
573
524
552
730
960
1172
1238
1123
887
632
485
501
663
833
888
737
428
93
-140
-192
-84
93
191
149
-25
-228
-361
-365
-228
-36
154
253
216
93
-27
-55
38
177
284
314
236
101
-40
-130
-156
-190
-206
-216
-286
-388
-480
-394
-153
-3
-104
-353
-443
-409
-404
-280
54
483
626
454
202
-43
-210
-210
129
562
737
548
151
-229
-543
-709
-651
-403
-171
-163
-387
-726
-1042
-1233
-1175
-902
-581
-389
-413
-556
-727
-808
-779
-653
-420
-135
88
125
7
-157
-277
-317
-265
-94
110
192
92
-86
-252
-394
-495
-496
-366
-197
-69
-38
-90
-184
-287
-290
-153
98
351
507
556
541
518
488
498
602
775
926
976
935
836
686
531
451
468
520
531
500
413
248
63
-64
-79
-56
-24
9
23
20
-12
-33
-24
15
95
220
330
367
384
375
363
319
282
294
294
314
322
284
178
10
-118
-224
-297
-318
-257
-21
213
253
16
-288
-375
-316
-184
72
484
852
856
588
249
-30
-141
34
513
943
1020
677
150
-338
-663
-696
-449
-78
123
6
-374
-859
-1238
-1347
-1115
-685
-290
-140
-282
-563
-828
-923
-828
-556
-190
109
199
56
-193
-413
-513
-469
-298
-82
45
-2
-208
-444
-634
-740
-750
-674
-521
-397
-336
-344
-401
-465
-512
-440
-249
-14
194
307
335
320
320
343
426
557
674
757
761
694
587
462
348
277
237
233
221
167
63
-89
-203
-254
-251
-214
-173
-130
-96
-60
-26
0
33
71
155
267
370
453
499
503
444
369
346
363
397
426
410
315
170
7
-85
-147
-209
-191
-117
86
277
292
118
-128
-165
-62
120
393
728
1042
1045
847
571
322
215
329
741
1109
1175
867
372
-118
-468
-514
-306
8
169
66
-277
-726
-1072
-1187
-993
-630
-262
-78
-148
-367
-622
-719
-623
-345
21
304
392
255
7
-239
-366
-362
-235
-61
25
-27
-229
-477
-717
-878
-918
-830
-667
-524
-449
-493
-560
-613
-631
-589
-472
-226
25
197
264
276
258
221
241
325
454
541
575
554
476
323
138
13
-32
-20
-21
-40
-135
-291
-434
-527
-520
-472
-383
-310
-271
-229
-204
-172
-158
-88
52
205
329
378
398
374
311
269
292
363
383
351
278
170
15
-116
-162
-171
-143
-97
69
244
258
115
-84
-107
-24
143
425
772
1093
1114
919
636
412
376
543
924
1229
1281
991
532
94
-220
-265
-87
209
350
216
-138
-563
-863
-936
-697
-307
28
122
-10
-201
-375
-411
-302
-53
251
487
558
426
208
11
-95
-93
8
133
171
50
-170
-367
-535
-661
-773
-784
-703
-623
-539
-524
-539
-587
-601
-534
-431
-262
-87
59
125
154
174
178
202
251
329
373
368
316
239
145
27
-74
-156
-224
-304
-373
-425
-480
-533
-591
-628
-650
-644
-597
-521
-423
-311
-218
-172
-158
-132
-43
69
198
309
365
361
259
153
85
89
132
142
116
26
-103
-246
-382
-452
-399
-240
26
229
244
67
-158
-189
-98
130
472
891
1205
1174
920
573
349
329
580
1012
1298
1276
899
386
-86
-358
-328
-74
251
364
202
-178
-586
-855
-870
-569
-144
199
287
175
-9
-174
-189
-44
262
587
804
839
699
478
255
144
159
282
419
436
307
88
-132
-348
-515
-594
-546
-431
-351
-305
-318
-334
-374
-406
-360
-241
-51
112
212
249
264
286
308
341
353
343
288
233
216
191
124
-22
-206
-369
-485
-557
-595
-623
-644
-672
-738
-826
-905
-912
-826
-678
-482
-319
-269
-323
-381
-347
-219
-47
128
245
265
187
56
-60
-132
-117
-33
49
48
-66
-254
-465
-633
-674
-559
-370
-112
111
198
57
-227
-338
-251
9
403
856
1198
1180
906
532
266
220
437
860
1175
1234
911
381
-145
-486
-504
-275
69
268
175
-198
-656
-989
-1048
-770
-324
99
285
231
34
-194
-266
-125
229
624
907
983
839
583
321
200
243
414
582
619
511
296
47
-210
-397
-437
-333
-178
-80
-61
-99
-163
-218
-214
-134
42
252
429
516
501
459
425
453
521
599
625
582
503
391
280
129
-21
-138
-232
-304
-385
-480
-604
-726
-818
-859
-862
-849
-823
-775
-690
-588
-505
-454
-433
-374
-264
-143
-39
35
85
88
53
3
-24
-49
-94
-132
-167
-184
-254
-355
-457
-557
-618
-703
-671
-567
-373
-139
-40
-43
-212
-272
-203
-28
305
658
1013
1083
942
665
382
282
373
721
997
1065
808
337
-120
-464
-530
-417
-174
-16
-69
-347
-732
-981
-1048
-839
-495
-125
109
103
-24
-196
-204
-42
264
596
823
908
812
618
411
323
337
417
508
556
535
359
107
-162
-320
-358
-289
-140
-25
37
-16
-69
-102
-92
7
157
389
578
686
700
647
612
643
748
831
868
832
735
585
413
270
152
68
-7
-86
-201
-344
-507
-645
-715
-737
-715
-707
-705
-683
-628
-548
-478
-412
-344
-248
-154
-59
19
67
86
82
80
55
16
-45
-112
-179
-223
-259
-340
-428
-514
-596
-706
-795
-847
-809
-695
-519
-271
-122
-94
-224
-316
-254
-91
219
550
883
1005
895
619
312
191
231
473
694
799
657
254
-197
-595
-744
-690
-480
-284
-269
-449
-771
-1014
-1110
-939
-600
-244
7
48
-8
-114
-134
-23
210
493
704
812
761
617
428
297
268
330
432
458
380
197
-4
-187
-314
-348
-290
-163
-68
-35
-61
-117
-134
-49
111
318
531
684
751
697
644
648
731
879
1005
1069
987
784
516
297
197
192
235
221
126
-95
-384
-621
-733
-713
-607
-474
-396
-405
-500
-576
-570
-458
-257
-40
140
220
218
158
110
99
146
234
264
224
112
-40
-198
-343
-412
-419
-420
-462
-561
-699
-822
-936
-968
-845
-628
-354
-155
-76
-140
-287
-292
-143
139
427
705
915
903
721
404
177
96
205
461
629
613
295
-174
-605
-862
-881
-734
-498
-354
-399
-632
-889
-1063
-1083
-862
-485
-76
143
153
25
-114
-116
17
293
574
774
809
669
474
298
205
178
226
307
346
274
99
-108
-296
-381
-368
-281
-175
-93
-49
-54
-77
-40
77
216
393
558
716
796
771
745
751
845
947
1019
999
879
683
461
337
278
278
251
171
38
-172
-377
-525
-568
-503
-376
-273
-243
-295
-363
-363
-279
-96
108
262
342
346
322
287
252
261
313
355
357
294
175
24
-134
-242
-300
-361
-402
-431
-483
-559
-670
-739
-787
-824
-733
-566
-363
-172
-30
30
-100
-216
-161
21
244
460
700
770
614
327
62
-64
-66
105
285
333
164
-217
-599
-870
-925
-811
-621
-449
-436
-603
-838
-971
-953
-778
-497
-185
21
38
-33
-111
-110
-14
167
393
537
566
472
317
172
81
66
84
118
120
58
-65
-210
-323
-396
-408
-368
-285
-191
-118
-86
-95
-85
-39
67
238
426
624
747
787
746
652
625
641
704
787
838
823
674
446
213
65
15
53
132
149
71
-120
-329
-456
-458
-332
-139
35
124
103
12
-45
-14
130
323
479
572
565
475
352
280
296
339
360
335
235
85
-86
-204
-264
-292
-275
-287
-332
-426
-517
-559
-603
-594
-578
-511
-426
-336
-183
-42
60
21
-84
-121
-77
60
229
439
570
516
312
36
-157
-231
-141
55
216
207
-37
-376
-673
-806
-771
-590
-370
-265
-324
-513
-684
-773
-711
-499
-220
18
103
52
-73
-177
-167
-37
153
309
374
325
193
26
-100
-143
-116
-45
5
-8
-84
-205
-326
-392
-383
-312
-230
-179
-152
-143
-133
-123
-85
23
193
344
423
436
422
390
357
399
509
623
675
662
576
415
245
161
211
311
387
379
267
95
-81
-158
-126
-4
150
258
260
156
42
-20
21
162
353
523
571
518
418
330
292
308
374
439
460
414
299
152
32
-20
-28
-23
-30
-52
-121
-227
-324
-388
-420
-449
-450
-452
-451
-409
-362
-315
-277
-185
-136
-204
-274
-227
-69
28
133
240
294
223
81
21
-12
21
87
181
217
122
-43
-248
-375
-424
-386
-332
-291
-267
-351
-473
-595
-626
-587
-487
-323
-189
-128
-168
-217
-251
-237
-164
-68
40
97
113
60
-24
-102
-144
-133
-103
-46
-23
-56
-161
-290
-367
-388
-359
-321
-278
-263
-271
-299
-318
-295
-241
-150
-73
45
185
269
305
291
335
393
440
497
552
624
662
668
607
494
383
312
337
400
448
409
287
149
36
-24
-15
69
171
245
256
222
166
124
148
269
449
586
627
571
481
403
361
387
443
475
446
376
296
182
46
-60
-113
-147
-188
-229
-287
-382
-494
-584
-634
-685
-717
-690
-601
-480
-364
-228
-161
-207
-295
-268
-101
90
288
466
574
533
396
259
162
149
226
363
449
390
159
-172
-438
-541
-500
-410
-331
-331
-456
-655
-822
-865
-805
-663
-472
-304
-232
-264
-330
-364
-309
-178
-9
137
195
167
74
-13
-69
-88
-76
-61
-54
-101
-193
-313
-420
-501
-545
-554
-560
-537
-530
-521
-514
-490
-419
-348
-251
-126
39
201
337
450
508
549
584
647
727
807
882
894
845
752
662
582
503
452
419
388
320
230
139
51
-5
-10
38
90
122
138
162
184
212
267
334
425
503
553
571
558
547
524
490
458
425
369
285
200
110
21
-69
-140
-212
-295
-367
-416
-449
-494
-528
-563
-577
-577
-571
-539
-524
-463
-339
-198
-81
-13
87
152
148
132
194
319
398
465
506
500
389
226
107
40
43
76
115
84
-33
-229
-445
-574
-608
-568
-520
-467
-456
-535
-637
-704
-687
-610
-489
-338
-222
-182
-213
-258
-278
-246
-167
-73
-9
10
-20
-102
-190
-261
-283
-279
-255
-227
-232
-287
-386
-475
-524
-509
-445
-361
-267
-195
-154
-136
-110
-56
26
125
270
437
549
605
602
609
640
676
737
786
816
811
769
696
619
561
504
466
430
399
347
264
203
171
148
121
99
91
94
84
82
99
123
174
209
231
242
247
255
261
286
312
307
258
209
163
114
80
64
47
-7
-69
-108
-137
-167
-174
-170
-186
-222
-244
-245
-245
-233
-209
-198
-241
-298
-333
-298
-195
-83
-17
-5
11
-24
-117
-172
-121
24
126
220
272
210
56
-93
-125
-117
-75
-17
27
-12
-167
-352
-530
-617
-630
-593
-543
-525
-561
-668
-771
-817
-787
-719
-606
-479
-403
-373
-386
-384
-362
-295
-191
-90
-10
33
45
6
-36
-55
-40
1
36
66
56
15
-44
-105
-139
-131
-83
-41
-19
-16
-21
-29
-17
45
149
250
336
439
528
582
599
629
714
796
852
866
853
810
743
672
612
577
535
492
422
319
188
68
-1
-25
-25
-23
-32
-65
-108
-138
-132
-95
-24
69
150
211
243
261
275
301
353
404
440
451
445
406
349
301
268
233
189
165
135
84
12
-54
-109
-166
-204
-228
-248
-282
-325
-372
-411
-423
-413
-406
-395
-377
-377
-374
-338
-256
-199
-194
-148
-90
-96
-179
-215
-154
-102
-82
-64
-47
-100
-213
-313
-378
-394
-392
-373
-367
-396
-463
-582
-693
-730
-693
-631
-563
-492
-462
-500
-545
-526
-457
-369
-257
-134
-40
-9
-25
-49
-48
-5
71
157
223
249
223
170
114
78
64
72
100
123
118
80
28
-23
-49
-32
16
92
166
216
227
214
214
250
326
419
510
593
650
656
618
587
575
579
585
591
598
574
515
439
356
289
234
202
189
172
157
120
78
39
28
44
82
133
169
190
190
194
206
230
285
344
396
423
428
414
383
346
319
316
313
290
251
210
153
66
-18
-71
-107
-156
-204
-246
-299
-367
-415
-433
-448
-455
-458
-472
-494
-508
-507
-516
-517
-506
-495
-489
-486
-466
-439
-407
-377
-353
-339
-330
-317
-326
-343
-334
-280
-228
-205
-204
-224
-250
-275
-273
-256
-246
-245
-259
-275
-296
-317
-344
-356
-341
-315
-278
-244
-212
-195
-190
-167
-135
-90
-41
6
51
77
82
75
81
102
123
140
160
167
143
108
73
52
44
49
57
64
68
58
43
34
51
81
111
145
177
204
222
251
289
346
416
462
493
523
557
565
548
547
575
605
617
620
602
566
515
466
442
425
399
361
334
317
280
226
195
187
177
164
162
178
192
190
195
201
202
195
185
181
180
176
162
144
117
83
39
-6
-38
-63
-104
-140
-170
-206
-257
-314
-360
-401
-425
-421
-420
-439
-465
-474
-476
-484
-485
-466
-448
-446
-437
-430
-424
-424
-416
-392
-358
-347
-364
-380
-386
-368
-346
-310
-274
-265
-282
-319
-326
-293
-241
-190
-148
-119
-137
-186
-215
-207
-166
-98
-31
-8
-42
-112
-178
-211
-179
-111
-62
-51
-67
-104
-156
-182
-162
-110
-48
8
39
24
-11
-28
-8
42
108
169
199
194
171
159
156
168
200
227
242
236
225
204
186
186
203
229
252
269
280
291
315
359
399
425
453
489
522
549
581
607
621
622
617
604
569
535
515
502
479
435
380
314
244
183
138
116
90
51
2
-36
-70
-101
-105
-83
-56
-42
-31
-19
-13
-6
7
32
47
51
46
37
28
18
-2
-36
-72
-107
-144
-183
-207
-224
-260
-311
-351
-386
-422
-449
-449
-436
-427
-424
-421
-419
-425
-417
-381
-336
-300
-274
-253
-233
-221
-217
-215
-214
-206
-185
-168
-166
-191
-234
-279
-317
-345
-361
-357
-350
-367
-400
-422
-434
-453
-456
-426
-377
-330
-289
-252
-233
-217
-180
-128
-65
8
74
115
138
152
154
151
168
203
227
241
239
218
183
154
151
161
177
194
198
185
170
158
156
172
206
247
283
313
328
341
358
381
413
450
484
499
490
476
464
455
447
449
452
441
409
364
321
281
244
226
223
218
200
173
139
100
71
67
79
94
115
133
136
133
135
143
158
173
197
222
231
213
187
169
157
142
129
114
86
48
6
-30
-61
-90
-125
-157
-183
-210
-240
-268
-294
-318
-334
-343
-348
-349
-349
-348
-347
-340
-331
-325
-322
-317
-315
-317
-314
-303
-292
-291
-302
-311
-318
-331
-354
-362
-355
-344
-339
-351
-377
-404
-414
-409
-396
-378
-364
-363
-369
-371
-370
-360
-344
-315
-273
-231
-199
-180
-168
-156
-146
-124
-80
-26
14
29
38
46
53
55
68
95
132
176
206
211
190
166
160
176
206
240
267
279
277
269
255
245
255
282
320
349
365
359
341
329
332
343
362
381
385
379
365
356
350
350
349
339
329
322
314
301
287
275
267
259
248
235
226
219
212
206
197
186
171
156
146
142
143
141
132
117
100
79
65
61
71
82
82
72
51
25
4
-9
-16
-21
-26
-37
-58
-93
-127
-159
-185
-205
-217
-228
-239
-253
-273
-294
-314
-327
-334
-330
-317
-311
-307
-306
-307
-303
-295
-284
-277
-273
-275
-282
-283
-274
-258
-246
-242
-253
-274
-300
-318
-321
-314
-301
-292
-295
-315
-345
-367
-373
-359
-329
-294
-269
-261
-263
-257
-232
-194
-147
-99
-58
-27
-1
23
47
69
96
123
143
156
159
162
163
157
145
141
144
146
142
144
150
153
153
156
165
176
194
217
243
266
287
307
323
340
357
380
397
405
410
413
413
410
405
389
360
324
292
271
256
242
222
192
161
126
97
76
69
72
81
89
87
78
61
52
55
69
91
112
128
130
123
111
105
100
94
94
96
89
63
31
-3
-32
-50
-61
-71
-90
-120
-155
-182
-198
-201
-195
-186
-180
-185
-196
-205
-204
-191
-169
-141
-121
-114
-119
-127
-139
-149
-146
-136
-128
-128
-137
-156
-187
-223
-250
-261
-265
-266
-271
-289
-317
-348
-368
-376
-371
-359
-340
-321
-311
-309
-306
-296
-273
-237
-203
-166
-135
-121
-115
-109
-100
-85
-54
-17
13
28
27
19
10
13
29
49
74
96
108
106
100
100
111
135
167
200
229
253
264
268
277
297
327
358
384
395
394
384
369
365
366
369
369
362
337
301
263
236
221
214
203
184
156
120
83
56
46
43
36
25
10
-9
-35
-55
-61
-51
-33
-16
-8
-14
-28
-40
-41
-27
-11
5
14
15
8
-3
-16
-30
-40
-42
-41
-39
-42
-55
-76
-97
-110
-112
-109
-104
-102
-106
-111
-116
-119
-121
-116
-105
-90
-77
-72
-73
-82
-91
-96
-94
-91
-93
-102
-116
-138
-158
-174
-191
-207
-220
-229
-237
-247
-254
-262
-269
-273
-273
-265
-256
-240
-224
-212
-201
-188
-176
-159
-132
-103
-77
-54
-31
-16
-9
5
23
42
60
81
100
107
106
104
104
110
129
154
172
180
185
183
183
190
207
229
252
269
276
276
275
274
280
293
312
325
330
325
309
287
271
269
270
267
259
236
201
163
134
117
111
105
95
76
48
15
-13
-29
-32
-27
-23
-25
-37
-56
-76
-91
-94
-88
-80
-72
-66
-69
-78
-90
-98
-101
-97
-85
-74
-70
-74
-83
-95
-108
-112
-108
-96
-87
-83
-88
-98
-114
-125
-129
-125
-116
-114
-117
-128
-140
-148
-149
-143
-139
-144
-155
-164
-173
-176
-168
-159
-160
-167
-176
-184
-192
-195
-193
-186
-178
-174
-176
-183
-187
-189
-190
-183
-171
-160
-154
-144
-135
-124
-117
-108
-98
-86
-67
-47
-21
1
14
19
26
37
55
76
98
124
141
148
150
152
161
175
197
220
234
237
237
237
241
248
261
274
279
277
276
278
282
281
280
279
279
282
279
280
274
266
258
251
245
238
228
218
207
196
187
178
162
144
126
108
92
77
64
52
41
32
18
3
-12
-24
-32
-34
-34
-35
-43
-54
-64
-70
-71
-68
-64
-63
-67
-78
-89
-100
-107
-116
-120
-121
-127
-137
-150
-165
-178
-186
-188
-193
-203
-217
-228
-235
-240
-240
-242
-240
-244
-252
-256
-259
-256
-248
-237
-228
-227
-226
-228
-230
-225
-210
-196
-184
-181
-185
-189
-191
-185
-174
-160
-149
-146
-149
-149
-148
-144
-136
-124
-107
-92
-84
-82
-79
-71
-55
-33
-6
20
41
47
53
67
89
117
140
157
173
182
185
190
203
217
227
236
239
238
233
230
226
227
233
239
246
243
234
226
223
223
224
227
233
235
234
231
231
234
238
239
237
237
234
231
230
230
225
214
199
185
172
164
160
152
136
114
89
65
50
41
39
38
33
21
8
-5
-14
-17
-14
-9
-8
-10
-20
-31
-39
-46
-51
-54
-61
-73
-90
-110
-129
-147
-161
-170
-179
-193
-211
-232
-253
-267
-273
-274
-273
-277
-284
-292
-297
-297
-290
-276
-262
-251
-244
-242
-239
-231
-221
-210
-199
-187
-179
-175
-174
-177
-179
-179
-180
-179
-177
-177
-177
-178
-181
-182
-180
-176
-170
-163
-151
-139
-125
-114
-101
-87
-73
-55
-32
-8
15
32
46
58
68
79
93
109
126
138
144
146
150
155
161
168
178
186
195
199
202
204
206
210
214
224
237
250
257
259
257
255
257
266
281
296
308
310
305
296
290
286
289
292
295
290
277
258
236
219
205
199
195
189
177
158
138
119
106
99
97
93
86
76
63
51
39
29
19
10
2
-7
-16
-27
-39
-55
-68
-83
-98
-111
-119
-128
-137
-146
-158
-171
-182
-191
-196
-200
-202
-201
-203
-205
-210
-217
-221
-221
-220
-217
-216
-214
-216
-219
-221
-226
-227
-226
-225
-226
-226
-226
-230
-239
-244
-246
-248
-245
-241
-236
-234
-237
-244
-248
-243
-234
-220
-203
-188
-177
-176
-173
-164
-148
-128
-108
-86
-68
-55
-47
-38
-29
-13
7
26
44
60
73
80
85
93
106
119
133
148
162
168
171
175
184
192
202
211
219
226
230
231
232
237
243
249
255
262
266
263
258
256
256
254
253
256
257
254
248
242
236
231
227
224
220
215
210
205
195
185
175
166
160
153
149
139
130
120
107
96
88
79
71
64
55
40
25
12
-1
-11
-22
-28
-34
-44
-59
-72
-80
-85
-91
-97
-102
-105
-115
-130
-140
-145
-151
-158
-161
-164
-172
-182
-195
-201
-205
-211
-215
-220
-226
-233
-242
-245
-249
-253
-257
-261
-264
-264
-265
-264
-262
-260
-257
-254
-249
-244
-238
-229
-217
-205
-198
-192
-187
-178
-167
-153
-138
-126
-115
-108
-100
-91
-81
-69
-56
-44
-32
-23
-9
-2
5
14
25
42
53
62
72
79
89
98
108
122
132
141
149
158
165
168
173
178
183
190
195
199
201
199
201
205
208
210
212
210
211
210
209
210
209
208
208
209
209
207
203
199
198
197
195
193
192
188
184
180
175
170
164
157
151
147
143
136
127
117
106
96
89
82
72
59
47
38
26
16
5
-5
-17
-29
-38
-49
-58
-69
-81
-92
-102
-112
-120
-130
-139
-147
-155
-164
-173
-180
-188
-194
-201
-210
-216
-222
-227
-231
-234
-239
-244
-251
-255
-255
-252
-250
-247
-245
-244
-241
-236
-230
-223
-218
-210
-203
-195
-186
-177
-168
-162
-155
-148
-139
-128
-118
-108
-98
-91
-85
-77
-68
-59
-46
-35
-24
-17
-8
1
10
21
32
43
54
64
75
86
94
102
112
120
130
140
149
158
163
167
171
177
181
187
193
197
200
201
203
203
204
206
208
207
207
207
206
203
201
200
199
196
195
192
188
183
179
174
169
164
161
157
153
147
141
132
123
116
108
102
97
93
85
76
67
55
44
37
29
24
16
7
-4
-17
-26
-35
-45
-53
-60
-68
-78
-88
-98
-104
-113
-121
-128
-134
-140
-145
-150
-155
-162
-164
-167
-172
-174
-174
-177
-179
-179
-185
-189
-188
-189
-190
-185
-183
-186
-185
-183
-183
-185
-181
-175
-174
-171
-164
-160
-159
-154
-149
-146
-137
-126
-119
-113
-107
-102
-94
-87
-82
-71
-59
-51
-45
-37
-31
-27
-18
-6
1
7
16
25
28
35
43
48
53
64
72
76
83
91
96
103
110
118
125
132
139
143
150
154
157
160
167
173
177
181
183
184
186
189
187
186
186
187
184
184
182
179
177
173
173
169
164
160
157
152
146
142
138
130
124
118
112
103
95
84
74
63
56
49
36
26
18
7
-4
-15
-24
-34
-47
-56
-64
-74
-83
-88
-98
-105
-108
-112
-119
-123
-128
-132
-136
-139
-141
-142
-144
-146
-150
-154
-154
-158
-160
-163
-162
-164
-166
-167
-168
-172
-173
-170
-168
-167
-165
-163
-163
-161
-158
-153
-150
-145
-139
-135
-130
-122
-115
-108
-102
-96
-88
-82
-78
-73
-71
-67
-62
-57
-52
-44
-39
-35
-29
-23
-16
-11
-4
6
14
23
31
41
51
62
70
82
93
104
113
123
135
145
154
164
170
178
184
189
193
196
196
198
199
202
203
200
197
197
196
194
191
188
184
182
180
177
178
175
172
167
161
156
149
143
137
129
120
111
101
91
79
68
56
44
34
22
10
-2
-14
-25
-33
-40
-48
-57
-64
-69
-77
-81
-85
-89
-90
-92
-94
-95
-96
-99
-99
-103
-104
-105
-106
-108
-110
-113
-117
-122
-125
-129
-132
-135
-137
-142
-144
-148
-150
-151
-153
-154
-156
-154
-152
-148
-145
-146
-145
-142
-141
-138
-135
-130
-128
-125
-123
-121
-119
-114
-109
-107
-103
-101
-100
-95
-89
-82
-78
-72
-65
-59
-51
-43
-36
-27
-16
-7
4
14
21
31
41
49
56
66
73
82
89
97
106
112
117
121
126
131
135
141
147
154
155
157
158
159
163
164
166
168
167
168
167
167
168
167
167
165
163
162
159
157
154
150
146
141
136
131
125
118
109
103
97
92
85
77
71
64
60
54
49
45
39
32
25
16
9
2
-5
-11
-17
-23
-31
-39
-47
-54
-61
-68
-75
-81
-87
-93
-98
-105
-111
-118
-125
-132
-137
-141
-144
-147
-150
-153
-155
-160
-164
-164
-165
-166
-165
-165
-165
-165
-166
-167
-168
-167
-164
-160
-159
-157
-156
-152
-151
-148
-143
-140
-134
-130
-125
-118
-112
-106
-103
-97
-90
-81
-71
-62
-54
-47
-43
-34
-25
-15
-6
3
10
17
25
30
38
46
52
59
65
74
82
86
91
95
102
110
117
123
127
130
137
141
146
150
155
159
162
165
169
171
173
174
174
175
178
179
179
177
174
173
172
170
170
168
166
163
159
154
150
146
142
138
134
129
126
119
113
106
100
95
88
82
74
67
58
51
44
36
26
18
10
3
-7
-16
-25
-34
-41
-49
-58
-64
-72
-79
-88
-96
-103
-111
-117
-120
-128
-132
-137
-144
-148
-152
-157
-160
-162
-165
-166
-168
-171
-173
-175
-177
-177
-176
-174
-174
-174
-172
-172
-171
-168
-165
-162
-157
-153
-150
-147
-144
-141
-137
-132
-127
-121
-118
-112
-106
-101
-96
-92
-86
-79
-74
-68
-61
-55
-50
-46
-40
-33
-27
-19
-13
-7
-2
4
10
17
22
29
36
43
52
58
65
70
75
81
89
96
103
108
114
118
122
128
133
139
143
149
152
157
161
163
165
167
171
174
177
178
180
179
178
179
177
176
175
174
174
173
168
164
159
155
153
151
146
141
134
129
124
117
111
103
97
91
86
79
71
62
53
45
37
33
25
16
8
-1
-10
-17
-26
-35
-42
-51
-59
-66
-74
-83
-91
-99
-104
-109
-116
-121
-128
-133
-136
-141
-144
-149
-153
-155
-157
-159
-161
-163
-166
-166
-167
-169
-169
-170
-172
-172
-172
-171
-171
-171
-170
-169
-168
-166
-164
-162
-159
-157
-152
-147
-142
-137
-132
-125
-119
-114
-106
-100
-94
-84
-78
-73
-64
-55
-48
-40
-32
-26
-18
-11
-3
5
10
18
25
31
39
46
54
61
67
76
80
84
91
98
104
112
118
124
131
137
141
145
150
153
155
158
161
161
161
163
162
163
163
163
163
160
160
158
157
156
153
151
149
145
141
138
135
133
129
125
121
114
108
103
98
92
90
85
80
74
68
62
54
46
39
30
23
17
11
4
-2
-8
-15
-22
-29
-36
-44
-51
-56
-62
-68
-71
-75
-80
-85
-91
-96
-100
-103
-106
-109
-111
-114
-118
-119
-122
-123
-125
-127
-130
-132
-132
-131
-132
-132
-132
-134
-133
-133
-134
-132
-130
-129
-127
-125
-124
-121
-119
-117
-113
-110
-104
-99
-95
-91
-87
-81
-77
-72
-66
-62
-55
-50
-44
-38
-33
-27
-20
-15
-10
-4
-1
4
11
15
20
25
31
35
40
47
52
57
62
69
74
78
81
86
92
95
101
105
108
112
116
120
122
124
126
128
128
128
130
130
129
129
126
125
124
121
118
115
114
113
110
107
102
99
97
93
90
87
82
80
77
73
69
65
62
57
52
48
42
37
32
23
17
10
4
-1
-9
-14
-21
-29
-35
-43
-49
-54
-62
-67
-71
-76
-79
-81
-85
-89
-90
-91
-91
-91
-91
-92
-91
-91
-92
-93
-94
-96
-95
-95
-97
-97
-99
-100
-102
-101
-101
-101
-100
-99
-99
-98
-97
-95
-92
-90
-87
-83
-80
-75
-71
-67
-62
-56
-51
-47
-42
-37
-34
-29
-27
-24
-21
-16
-10
-5
-5
-1
1
4
6
11
15
18
23
26
29
32
37
40
45
48
52
58
60
64
67
69
71
75
76
80
83
85
84
82
80
79
79
78
77
78
77
74
74
72
73
73
72
70
70
70
69
66
65
64
60
58
57
56
53
49
47
43
41
38
35
30
27
24
18
16
11
7
2
-4
-8
-10
-13
-18
-22
-25
-29
-31
-35
-36
-38
-41
-44
-47
-50
-51
-54
-56
-57
-61
-64
-66
-69
-72
-73
-73
-73
-74
-73
-76
-77
-75
-76
-75
-74
-77
-77
-76
-74
-72
-71
-70
-70
-68
-67
-64
-61
-59
-57
-54
-51
-48
-44
-42
-40
-36
-33
-30
-27
-23
-19
-15
-12
-6
-3
0
3
7
13
19
22
27
30
34
38
43
47
51
53
55
58
62
65
66
70
70
73
73
75
76
77
79
82
85
86
86
87
88
91
92
93
92
91
93
92
92
94
92
91
89
86
84
83
79
76
73
70
65
62
60
56
51
47
44
41
37
32
29
25
19
16
12
8
5
-2
-6
-10
-14
-19
-24
-26
-30
-33
-38
-44
-49
-54
-60
-63
-67
-70
-74
-78
-80
-80
-83
-85
-88
-90
-91
-90
-90
-92
-89
-89
-89
-89
-88
-86
-86
-85
-84
-80
-77
-76
-75
-75
-74
-73
-73
-70
-69
-69
-69
-65
-63
-59
-57
-57
-55
-53
-50
-47
-44
-41
-38
-36
-35
-32
-28
-25
-23
-21
-17
-13
-10
-8
-5
0
2
3
5
10
13
18
21
25
30
31
32
37
40
45
48
51
54
60
63
66
68
71
73
75
80
82
86
86
87
90
91
91
91
90
89
89
89
88
87
85
82
79
78
74
71
67
63
61
59
53
51
46
43
38
34
31
28
24
19
15
14
8
4
0
-4
-6
-10
-13
-16
-19
-22
-25
-27
-31
-33
-35
-38
-39
-40
-43
-43
-44
-47
-47
-48
-49
-49
-50
-51
-51
-52
-53
-54
-52
-52
-52
-52
-52
-53
-54
-55
-56
-57
-57
-57
-57
-58
-58
-58
-59
-60
-58
-57
-58
-59
-58
-57
-54
-53
-52
-50
-48
-46
-45
-42
-38
-37
-34
-31
-27
-24
-21
-17
-15
-11
-8
-4
1
5
10
13
16
20
25
30
33
39
45
49
52
55
61
65
66
69
72
75
76
78
81
82
83
84
82
84
84
84
83
82
80
80
79
77
76
75
75
69
67
66
62
59
55
52
49
45
43
41
36
34
30
26
23
20
14
11
8
5
3
-1
-3
-5
-9
-13
-16
-20
-21
-23
-26
-28
-29
-30
-33
-35
-36
-35
-38
-41
-40
-42
-43
-44
-46
-47
-47
-48
-48
-50
-51
-52
-54
-55
-56
-57
-56
-57
-57
-57
-58
-58
-58
-57
-58
-58
-57
-57
-57
-57
-54
-53
-53
-53
-52
-52
-50
-49
-47
-47
-45
-43
-43
-43
-42
-40
-39
-36
-35
-33
-33
-31
-28
-25
-22
-19
-14
-12
-8
-6
-3
1
4
8
10
13
17
19
23
25
28
29
33
36
35
36
39
41
43
46
50
53
52
53
56
58
60
62
66
68
68
68
67
68
69
72
75
76
76
75
74
74
73
72
73
71
68
67
64
59
57
53
52
49
46
44
41
37
36
32
28
26
25
20
16
13
9
6
2
-1
-4
-10
-14
-16
-21
-23
-27
-30
-34
-38
-43
-46
-50
-53
-56
-56
-59
-60
-61
-63
-66
-68
-68
-68
-69
-68
-68
-68
-68
-67
-67
-67
-66
-64
-62
-62
-62
-59
-58
-59
-56
-55
-54
-52
-50
-48
-45
-43
-41
-38
-37
-36
-34
-33
-30
-28
-26
-25
-22
-20
-17
-14
-12
-10
-8
-7
-5
-1
2
3
4
6
9
10
13
15
19
20
22
25
26
28
32
36
38
40
42
45
46
49
51
54
56
59
61
62
64
65
67
68
70
73
73
73
75
77
76
78
77
77
76
76
76
75
74
73
71
68
66
63
60
58
56
53
50
47
42
37
32
29
26
23
19
17
12
8
4
0
-2
-6
-10
-14
-18
-20
-24
-28
-30
-33
-35
-39
-42
-43
-47
-49
-51
-51
-53
-55
-57
-59
-61
-64
-65
-64
-65
-65
-68
-69
-71
-72
-73
-71
-72
-73
-72
-72
-73
-72
-72
-72
-70
-72
-70
-69
-67
-66
-65
-63
-60
-57
-55
-53
-52
-51
-48
-47
-44
-41
-38
-36
-33
-33
-31
-29
-26
-24
-23
-20
-17
-15
-11
-9
-8
-3
-1
3
7
8
11
15
19
24
25
28
31
34
40
43
46
49
52
54
58
61
65
68
71
73
74
77
78
80
81
82
85
86
88
87
87
87
90
91
89
87
89
87
86
84
82
83
82
77
74
71
67
66
60
58
56
53
49
44
40
37
34
29
27
23
20
16
11
6
2
-1
-6
-9
-13
-17
-22
-25
-28
-32
-36
-41
-43
-47
-50
-52
-56
-59
-60
-64
-66
-66
-68
-69
-70
-71
-71
-71
-72
-73
-74
-73
-72
-73
-72
-71
-70
-71
-71
-72
-70
-70
-69
-69
-68
-68
-66
-66
-66
-65
-62
-60
-59
-58
-56
-54
-51
-48
-47
-43
-41
-40
-37
-34
-34
-31
-29
-29
-25
-22
-21
-19
-18
-15
-14
-12
-8
-5
-4
-3
0
2
7
12
16
19
22
26
30
34
36
41
43
46
49
52
56
58
59
61
63
65
65
68
69
70
71
71
70
71
72
73
72
73
73
71
71
71
71
72
72
71
68
66
66
64
61
60
58
54
51
48
45
41
39
36
34
30
28
26
22
17
14
12
7
6
0
-1
-4
-6
-9
-11
-14
-17
-20
-21
-24
-28
-31
-35
-37
-39
-42
-44
-47
-49
-51
-53
-56
-57
-57
-59
-60
-59
-60
-62
-62
-63
-62
-61
-60
-61
-61
-60
-59
-60
-59
-57
-54
-53
-53
-50
-50
-48
-46
-44
-41
-37
-36
-32
-30
-27
-23
-20
-17
-13
-10
-8
-4
-1
3
6
8
12
15
18
20
22
25
27
29
31
34
37
37
39
42
44
45
46
47
48
49
48
49
50
50
49
48
47
47
46
45
45
44
44
42
40
39
39
38
37
35
35
32
31
29
27
27
24
22
22
20
18
16
16
15
13
13
13
11
10
9
8
6
4
4
2
0
-2
-3
-5
-7
-10
-11
-12
-13
-14
-15
-17
-19
-21
-22
-24
-24
-26
-29
-29
-31
-33
-33
-36
-38
-39
-41
-43
-44
-46
-46
-46
-48
-49
-49
-49
-49
-51
-51
-51
-51
-51
-51
-51
-51
-49
-48
-48
-48
-45
-44
-43
-40
-39
-35
-34
-33
-30
-29
-28
-24
-22
-20
-17
-15
-12
-9
-6
-3
-1
0
4
7
9
11
14
18
19
20
22
25
27
29
30
32
34
34
36
37
38
41
43
44
45
45
47
46
46
49
49
50
48
47
46
47
47
49
47
47
47
44
44
42
41
42
41
41
39
38
35
33
34
32
30
29
29
28
25
22
20
19
16
12
11
7
4
0
-4
-5
-6
-11
-14
-16
-19
-20
-22
-26
-26
-29
-32
-34
-36
-39
-40
-41
-43
-42
-43
-46
-47
-47
-46
-46
-47
-47
-47
-45
-46
-45
-43
-43
-43
-42
-41
-39
-37
-38
-37
-34
-31
-29
-28
-25
-23
-19
-17
-16
-13
-12
-9
-7
-5
-2
0
1
3
5
6
7
9
10
11
12
12
16
18
17
17
18
20
20
21
22
23
26
27
27
27
29
29
31
32
33
34
34
34
33
35
34
37
37
38
39
40
40
41
41
40
40
41
41
41
43
43
43
43
43
41
39
41
39
38
37
35
36
35
35
33
30
29
26
22
20
19
17
14
11
9
6
4
0
-2
-3
-6
-9
-12
-14
-16
-19
-23
-26
-26
-29
-31
-33
-33
-36
-38
-42
-44
-45
-47
-49
-48
-48
-52
-52
-53
-52
-53
-54
-56
-56
-55
-56
-57
-56
-58
-58
-59
-58
-58
-57
-56
-55
-54
-53
-54
-53
-52
-50
-47
-45
-44
-44
-44
-42
-38
-37
-37
-36
-34
-31
-29
-28
-25
-23
-20
-17
-14
-11
-7
-5
-3
0
2
4
4
7
8
10
13
16
19
22
24
26
29
31
32
34
35
39
40
40
40
42
43
45
46
45
46
47
48
50
51
52
52
53
53
53
54
53
53
51
51
51
51
51
52
50
50
49
48
47
46
42
40
40
38
37
36
35
35
32
31
29
27
22
21
20
18
17
15
14
13
10
10
7
5
3
0
-2
-4
-5
-9
-11
-12
-14
-15
-17
-19
-21
-22
-21
-22
-25
-25
-26
-28
-28
-28
-29
-31
-32
-33
-33
-34
-36
-37
-36
-35
-37
-37
-36
-37
-38
-39
-41
-41
-41
-41
-41
-40
-40
-38
-39
-40
-39
-39
-39
-40
-39
-38
-37
-35
-35
-33
-31
-30
-28
-26
-26
-26
-25
-24
-22
-22
-21
-18
-17
-14
-12
-10
-8
-6
-5
0
2
3
6
8
9
12
12
13
17
19
22
23
24
27
28
29
32
32
34
37
39
41
42
43
44
46
48
51
52
51
50
49
52
52
52
52
53
52
52
50
49
49
49
48
46
45
43
40
40
38
37
34
33
32
30
27
24
21
19
17
16
12
7
3
2
-1
-2
-4
-6
-7
-11
-13
-17
-17
-20
-21
-22
-25
-27
-31
-31
-32
-33
-36
-37
-39
-40
-41
-44
-44
-46
-46
-47
-49
-47
-48
-48
-50
-49
-47
-48
-47
-46
-48
-48
-45
-45
-45
-44
-45
-44
-43
-42
-43
-41
-40
-39
-39
-37
-38
-35
-33
-32
-29
-28
-28
-26
-24
-23
-21
-20
-19
-18
-16
-15
-14
-12
-11
-8
-8
-7
-5
-2
-1
0
1
4
6
8
10
11
12
15
16
18
19
20
23
23
28
30
31
35
39
39
41
44
46
47
49
51
53
52
55
56
58
59
59
60
60
62
62
63
63
61
61
62
61
61
61
59
56
56
55
53
52
49
49
47
46
45
42
39
37
36
32
30
26
22
20
18
16
13
10
8
6
2
1
-3
-6
-11
-13
-15
-17
-20
-22
-26
-29
-31
-33
-36
-38
-42
-44
-46
-48
-49
-51
-53
-54
-54
-55
-56
-58
-58
-60
-58
-58
-58
-58
-59
-59
-58
-57
-56
-55
-55
-53
-51
-50
-48
-45
-44
-43
-42
-41
-39
-38
-36
-33
-32
-29
-28
-27
-23
-22
-19
-17
-16
-15
-13
-13
-9
-5
-4
-4
-1
1
4
7
9
11
12
12
13
16
19
21
22
23
24
28
31
32
33
33
35
36
37
36
37
37
38
39
38
37
38
39
39
38
37
36
34
34
34
33
31
30
28
29
29
28
25
25
25
23
21
19
18
17
15
17
15
13
10
10
11
12
9
6
3
2
2
3
0
0
0
-2
-4
-6
-6
-7
-6
-8
-9
-10
-11
-12
-15
-14
-13
-12
-14
-17
-18
-17
-16
-16
-15
-15
-16
-18
-19
-19
-20
-21
-23
-22
-21
-20
-21
-24
-24
-22
-22
-23
-26
-26
-26
-28
-28
-28
-28
-28
-28
-28
-28
-27
-28
-28
-28
-27
-29
-30
-28
-26
-24
-22
-22
-22
-22
-20
-17
-14
-13
-10
-9
-9
-8
-5
-3
-1
3
4
6
7
8
9
14
18
22
24
26
27
29
30
32
33
34
36
37
37
39
40
41
43
44
45
44
45
44
44
43
43
42
41
41
42
40
39
37
35
34
33
31
31
27
26
23
21
20
18
16
13
12
11
8
6
3
2
-1
-2
-4
-6
-9
-10
-12
-14
-16
-15
-15
-17
-18
-20
-21
-21
-22
-22
-23
-24
-24
-24
-25
-23
-25
-25
-23
-23
-23
-23
-23
-22
-21
-21
-20
-18
-18
-18
-18
-17
-18
-16
-17
-16
-16
-14
-13
-13
-11
-12
-11
-11
-11
-10
-9
-8
-8
-8
-8
-8
-7
-8
-7
-6
-7
-6
-5
-4
-4
-2
-2
-1
0
1
1
1
0
0
-1
0
1
2
2
3
4
5
5
5
6
6
5
6
7
7
7
6
6
6
8
8
7
9
8
8
7
6
8
8
8
7
8
8
8
7
7
7
7
6
5
4
4
5
4
4
5
6
6
6
3
4
4
4
3
3
3
3
3
4
4
2
2
2
3
1
2
3
2
2
2
1
0
0
0
0
-1
-1
-2
-2
-2
-2
-3
-2
-2
-3
-2
-1
-1
-3
-4
-5
-4
-6
-4
-5
-5
-4
-5
-5
-5
-6
-7
-7
-6
-6
-5
-5
-5
-3
-5
-5
-6
-6
-5
-5
-4
-4
-5
-4
-5
-3
-4
-2
-1
-1
1
1
0
0
1
2
2
1
1
4
5
4
4
5
4
2
3
3
4
3
3
3
2
4
4
4
4
3
3
4
3
2
2
2
2
3
1
0
0
0
1
0
0
0
0
0
-1
-1
-1
-3
-3
-2
-2
-2
-3
-3
-3
-3
-4
-5
-5
-4
-4
-4
-4
-5
-7
-7
-7
-6
-5
-6
-7
-8
-6
-6
-5
-6
-5
-6
-7
-5
-4
-2
-4
-4
-3
-3
-2
-2
-1
0
0
0
0
1
2
2
3
3
5
5
5
5
6
6
8
8
8
9
8
8
9
8
8
8
8
8
7
7
7
6
7
6
5
6
6
5
5
4
3
2
2
1
0
1
1
1
2
-1
-1
-1
-1
0
0
0
0
1
0
0
-1
-1
0
0
0
1
1
2
2
3
3
4
4
4
6
5
7
7
6
8
7
7
8
6
7
9
8
7
6
7
6
7
6
6
6
6
4
3
3
4
1
1
2
1
1
-1
-2
-3
-3
-2
-3
-3
-4
-5
-5
-6
-6
-7
-7
-6
-7
-6
-8
-8
-8
-8
-8
-9
-8
-9
-9
-9
-11
-11
-12
-10
-9
-9
-9
-8
-7
-7
-7
-7
-7
-7
-7
-7
-7
-7
-7
-6
-6
-4
-6
-5
-4
-5
-4
-3
-3
-2
-2
-2
-3
-2
0
1
1
1
1
1
3
2
2
3
3
3
3
2
3
1
2
4
4
4
4
4
4
5
5
5
3
3
3
2
3
2
3
3
4
3
5
4
3
3
4
4
3
2
2
1
0
0
1
3
3
2
1
2
1
2
2
3
2
2
2
1
2
2
0
-1
0
0
1
0
0
0
1
1
2
1
1
0
-1
-1
0
0
-1
-2
-2
