0
1
1
2
1
2
2
2
3
3
2
1
2
2
2
1
1
0
1
1
1
2
1
2
2
2
2
2
0
0
0
1
1
1
2
0
-1
-1
-1
-1
-1
-1
0
1
1
0
-1
-1
-1
0
2
2
1
3
4
4
4
4
3
3
5
5
5
6
6
8
8
9
4
2
1
1
0
1
-1
-2
-2
-2
-2
-1
0
0
1
2
3
3
1
1
0
0
1
4
6
5
16
49
70
54
36
41
42
27
-6
-42
-47
-23
-15
-28
-44
-48
-27
8
11
-15
-22
-5
11
10
-4
-20
-16
1
10
5
-1
2
12
16
10
-1
-8
-15
-28
-40
-40
-36
-37
-42
-37
-20
-2
9
10
5
6
18
20
10
3
-2
-4
-1
-2
-6
-8
-9
-9
1
6
2
-1
2
4
6
7
5
3
2
1
3
3
-7
-18
-25
-27
-23
-24
-32
-41
-39
-29
-22
-24
-27
-24
-14
-2
0
-4
-3
0
1
2
-3
-14
-16
-12
-11
-9
-10
-11
-9
-1
-1
-4
-5
-4
-2
-3
-8
-9
-1
4
0
-1
4
8
12
9
-4
-12
-11
-8
-14
-25
-33
-26
10
51
66
66
78
102
111
93
56
32
35
47
37
8
-17
-15
4
15
5
-12
-12
8
18
10
1
-2
3
18
28
27
33
45
54
56
52
45
43
34
19
6
-3
-10
-20
-27
-29
-23
-10
-4
-5
-3
5
12
16
17
21
23
23
23
22
17
8
-4
-10
-7
-8
-15
-23
-26
-21
-11
-3
1
-1
-3
1
8
1
-12
-18
-18
-21
-31
-47
-57
-54
-50
-50
-50
-45
-39
-43
-52
-64
-73
-70
-63
-66
-65
-54
-45
-34
-23
-28
-37
-40
-43
-50
-59
-72
-71
-45
-15
3
19
37
53
68
69
52
28
23
44
51
20
-12
-5
15
6
-19
-28
-21
-10
2
3
-16
-31
-15
13
11
-7
0
32
51
56
60
58
55
52
48
30
9
-3
-11
-23
-38
-39
-28
-23
-20
-3
14
22
29
38
41
43
47
52
75
107
109
85
85
111
120
101
65
48
68
93
71
24
1
10
38
55
38
19
34
68
82
71
48
38
42
46
38
20
3
-4
-4
-4
-4
0
3
-5
-11
-7
-2
-10
-32
-48
-43
-31
-25
-27
-34
-34
-20
-2
-2
-14
-24
-32
-42
-49
-65
-91
-109
-111
-106
-107
-101
-90
-81
-77
-66
-43
-42
-76
-104
-105
-104
-123
-144
-153
-151
-146
-136
-133
-139
-136
-116
-76
-11
64
99
97
129
195
197
115
50
47
55
32
-8
-57
-108
-120
-89
-82
-139
-175
-133
-80
-85
-104
-79
-40
-13
31
77
94
112
154
179
160
135
132
106
36
-30
-64
-88
-134
-178
-191
-183
-155
-112
-82
-61
-21
41
86
105
120
144
159
157
157
163
146
112
92
79
79
96
96
60
40
68
98
97
75
69
110
175
203
189
171
170
187
194
163
107
79
80
73
45
18
6
9
12
9
5
6
16
19
8
5
30
60
63
54
58
70
87
86
49
-3
-38
-44
-55
-92
-136
-149
-124
-94
-77
-70
-73
-66
-26
2
-17
-57
-68
-60
-67
-84
-102
-113
-127
-136
-142
-172
-212
-217
-195
-199
-217
-208
-175
-154
-155
-182
-223
-238
-234
-226
-200
-107
21
114
177
231
256
216
139
67
18
-21
-50
-76
-107
-131
-125
-100
-100
-117
-118
-95
-76
-79
-85
-77
-54
-20
18
46
76
120
165
187
189
189
179
140
77
14
-36
-76
-114
-150
-172
-169
-140
-105
-81
-65
-34
8
37
51
69
96
124
153
175
187
187
177
160
130
99
69
46
34
21
74
174
224
224
233
282
305
287
221
169
188
221
201
138
100
111
155
174
146
103
85
97
86
41
-20
-41
-26
-2
11
21
44
73
97
108
114
102
76
30
-10
-38
-56
-79
-120
-141
-128
-101
-88
-81
-81
-87
-95
-104
-123
-153
-175
-185
-173
-150
-121
-125
-156
-186
-188
-192
-243
-310
-348
-344
-343
-360
-372
-370
-362
-370
-380
-339
-228
-86
43
175
318
410
412
332
229
136
75
31
-25
-80
-112
-111
-130
-161
-187
-200
-214
-236
-256
-261
-235
-194
-134
-54
50
167
271
341
371
393
403
375
291
187
87
4
-65
-136
-212
-265
-265
-238
-206
-173
-134
-87
-39
8
47
90
124
161
204
241
265
272
258
217
177
142
109
62
7
-29
-38
-26
-2
27
63
116
179
232
261
271
272
316
382
391
339
299
293
257
175
61
-9
-7
32
31
-16
-36
-9
50
79
57
38
60
95
107
88
71
83
107
121
112
103
90
65
17
-33
-75
-113
-147
-186
-211
-211
-184
-155
-148
-149
-126
-87
-76
-96
-131
-154
-170
-181
-199
-234
-269
-293
-308
-317
-329
-346
-353
-372
-368
-367
-357
-343
-339
-310
-290
-260
-292
-307
-212
-51
107
194
300
378
385
309
175
42
-59
-68
-52
-61
-96
-104
-86
-88
-100
-133
-160
-181
-169
-142
-122
-92
-36
53
138
225
290
320
322
306
295
262
198
119
63
30
2
-36
-81
-117
-144
-144
-155
-167
-152
-115
-74
-43
14
94
186
247
284
319
342
344
294
208
110
43
16
6
-1
2
47
104
156
192
206
204
189
187
178
172
258
366
409
395
411
453
409
290
124
21
20
48
23
-35
-40
11
94
124
106
85
94
108
99
76
58
54
46
54
69
87
81
44
-10
-50
-57
-80
-132
-199
-216
-203
-205
-233
-256
-257
-263
-260
-253
-245
-244
-243
-233
-233
-226
-219
-254
-327
-392
-410
-437
-490
-545
-562
-501
-414
-352
-330
-319
-299
-247
-160
-79
36
208
374
406
336
266
198
77
-55
-104
-67
13
53
12
-72
-104
-92
-123
-214
-304
-318
-272
-195
-122
-36
74
198
314
380
407
387
331
265
210
175
137
93
48
21
5
-16
-60
-133
-201
-225
-207
-185
-171
-143
-71
19
96
166
226
279
314
310
271
224
183
141
91
50
43
51
57
48
44
68
111
144
156
184
230
286
314
333
400
488
534
465
348
243
169
79
-38
-87
-32
106
193
202
173
145
128
83
33
-9
-7
31
86
141
197
247
250
199
118
45
-42
-149
-247
-296
-282
-223
-162
-115
-86
-65
-48
-82
-170
-260
-292
-302
-317
-300
-256
-204
-177
-202
-266
-354
-430
-477
-533
-570
-562
-527
-467
-409
-340
-306
-334
-355
-312
-164
-40
39
185
434
595
503
308
135
26
-86
-188
-244
-232
-114
-13
-12
-80
-94
-98
-170
-257
-308
-296
-257
-165
-47
83
224
348
405
387
363
332
270
175
103
67
52
39
17
2
-19
-49
-97
-147
-190
-205
-170
-128
-82
-36
30
96
146
182
202
224
225
218
195
175
157
133
127
127
126
114
114
119
130
160
208
256
296
350
396
428
430
407
345
279
238
191
139
101
97
113
139
143
123
89
56
42
38
38
48
82
130
171
200
225
233
208
172
137
86
12
-47
-78
-100
-123
-135
-151
-182
-194
-184
-191
-221
-224
-200
-195
-203
-172
-128
-116
-146
-198
-244
-308
-355
-406
-464
-483
-483
-455
-497
-523
-479
-434
-395
-439
-437
-449
-475
-433
-367
-216
-14
307
539
529
395
238
121
-85
-239
-262
-170
-7
104
137
35
-74
-200
-340
-446
-470
-390
-328
-213
-42
145
270
303
285
219
190
175
176
190
272
399
471
473
422
336
162
-42
-233
-351
-388
-362
-263
-151
-4
110
163
142
77
18
-19
-3
35
117
208
301
368
389
370
303
219
112
51
32
55
101
148
223
293
357
355
317
265
246
270
280
298
292
303
305
279
231
150
82
30
2
-13
8
49
67
73
83
109
107
78
54
71
123
192
261
286
270
228
170
73
-53
-163
-235
-289
-321
-308
-264
-239
-230
-227
-245
-258
-254
-243
-255
-270
-242
-208
-197
-224
-250
-295
-346
-380
-441
-497
-533
-502
-479
-512
-543
-609
-629
-553
-403
-239
-5
332
545
504
330
232
147
20
-57
-20
132
256
271
132
-82
-265
-427
-563
-615
-515
-371
-249
-120
6
95
101
72
39
44
114
220
339
465
597
659
624
521
370
173
-34
-181
-247
-241
-196
-125
-61
-16
-8
-63
-132
-176
-183
-151
-54
104
257
345
365
350
300
235
171
135
147
211
279
300
282
237
158
55
11
56
108
157
216
326
415
417
403
348
266
163
60
8
-25
-1
53
122
206
264
243
119
-27
-142
-183
-161
-94
4
112
208
261
245
167
62
-34
-85
-91
-50
22
73
63
1
-80
-191
-313
-402
-432
-420
-370
-276
-204
-196
-226
-255
-292
-345
-374
-395
-410
-390
-340
-272
-256
-274
-329
-420
-517
-636
-720
-758
-654
-427
-94
271
462
459
272
92
-20
-105
-52
143
478
760
840
669
265
-190
-607
-845
-863
-693
-433
-215
-24
65
21
-145
-326
-397
-342
-130
171
493
758
903
895
746
544
335
151
34
30
116
215
255
232
120
-77
-294
-462
-519
-485
-343
-128
122
343
445
429
308
174
68
19
64
200
397
550
635
614
488
306
109
-27
-78
-17
95
210
323
373
342
235
128
70
37
51
140
263
348
365
287
156
11
-122
-191
-193
-118
-5
98
175
189
115
-21
-143
-199
-185
-122
-21
107
212
249
212
118
-1
-124
-233
-292
-275
-224
-193
-199
-249
-301
-337
-350
-358
-367
-362
-331
-296
-278
-283
-322
-362
-399
-403
-390
-383
-384
-426
-450
-468
-495
-544
-614
-574
-414
-133
138
239
177
14
-100
-169
-175
-43
258
624
857
885
666
276
-175
-515
-584
-455
-211
-20
51
6
-177
-413
-655
-766
-702
-476
-109
252
544
653
591
454
298
234
250
369
554
727
828
773
619
363
81
-158
-273
-241
-174
-93
-47
-30
-58
-132
-195
-244
-215
-128
17
175
302
399
404
377
348
356
397
455
562
667
734
702
585
430
252
110
27
39
121
202
215
155
70
-46
-156
-243
-253
-177
-84
3
40
40
-3
-88
-160
-175
-118
-44
24
79
121
125
80
39
16
41
83
119
129
96
17
-121
-271
-378
-399
-384
-379
-375
-384
-395
-461
-556
-620
-642
-594
-498
-381
-258
-182
-171
-211
-273
-313
-313
-293
-287
-279
-271
-269
-336
-421
-431
-367
-222
-108
-85
-137
-234
-296
-316
-251
-73
183
413
519
517
378
187
46
37
181
328
428
428
315
108
-179
-422
-545
-500
-347
-159
10
92
101
29
-67
-112
-76
51
225
422
591
673
641
519
391
306
292
342
416
476
456
379
248
104
-2
-66
-48
14
105
175
195
167
85
10
-24
15
99
192
284
346
383
384
362
329
306
303
312
323
329
346
356
343
322
303
284
232
160
99
57
18
-22
-51
-75
-115
-169
-210
-235
-256
-276
-292
-302
-311
-303
-289
-266
-217
-146
-76
-40
-20
-4
0
-25
-59
-70
-47
-9
6
-12
-60
-126
-212
-309
-404
-467
-487
-479
-452
-419
-402
-421
-478
-525
-534
-505
-448
-393
-335
-282
-244
-245
-293
-353
-372
-331
-257
-157
-86
-55
-99
-193
-268
-311
-294
-235
-150
-30
80
122
71
-18
-73
-72
-23
58
156
221
224
183
132
80
40
19
36
83
132
179
190
183
184
211
259
303
347
372
390
396
382
362
332
340
374
402
390
341
275
204
149
107
97
102
102
98
92
95
94
74
62
74
109
166
222
259
268
258
259
271
279
266
236
202
170
148
134
115
97
89
90
90
78
55
25
-5
-27
-13
4
26
37
25
29
33
38
34
-7
-36
-47
-53
-45
-54
-57
-65
-72
-78
-78
-75
-91
-117
-142
-140
-122
-110
-111
-123
-132
-139
-151
-170
-194
-223
-248
-262
-256
-245
-254
-297
-340
-354
-336
-307
-284
-254
-212
-176
-160
-174
-200
-226
-235
-224
-189
-148
-125
-132
-178
-234
-283
-318
-333
-328
-298
-252
-212
-194
-199
-228
-261
-280
-275
-246
-198
-142
-76
-14
25
39
37
37
57
82
116
155
192
225
244
248
239
226
220
229
245
274
306
324
331
340
363
384
394
400
404
405
403
402
396
366
315
268
237
226
222
218
203
171
148
134
132
128
126
128
132
144
151
151
127
91
71
72
87
87
71
43
14
-18
-48
-73
-97
-115
-116
-95
-60
-36
-45
-77
-110
-118
-102
-81
-74
-68
-48
-19
4
9
2
-3
-5
5
28
56
59
29
-13
-35
-35
-29
-31
-39
-43
-43
-48
-72
-113
-163
-209
-237
-247
-248
-248
-257
-265
-266
-262
-263
-272
-286
-293
-287
-272
-252
-232
-209
-177
-148
-128
-118
-125
-156
-206
-244
-258
-256
-247
-224
-198
-188
-199
-231
-267
-296
-307
-289
-254
-206
-152
-104
-71
-55
-43
-27
5
53
113
172
220
256
279
288
281
267
252
247
261
290
314
323
321
307
296
298
307
321
331
347
363
365
361
357
351
337
326
323
323
317
304
277
234
189
147
120
103
97
98
95
91
79
49
11
-23
-49
-66
-66
-54
-49
-67
-91
-109
-130
-155
-169
-172
-162
-145
-121
-99
-88
-80
-79
-77
-73
-64
-59
-59
-59
-61
-54
-40
-26
-17
-6
11
28
41
36
12
-24
-53
-56
-48
-32
-4
29
51
48
22
-16
-48
-65
-65
-55
-44
-30
-30
-48
-70
-92
-125
-164
-196
-210
-202
-184
-169
-162
-165
-169
-171
-175
-178
-165
-152
-152
-157
-150
-135
-128
-129
-132
-128
-130
-151
-176
-204
-223
-234
-226
-207
-180
-149
-136
-132
-137
-143
-141
-135
-104
-53
1
49
96
130
153
175
172
191
218
225
241
273
299
307
305
298
289
281
273
258
256
262
264
268
281
283
272
259
241
226
215
206
197
175
164
152
140
135
123
113
102
85
53
23
-8
-35
-44
-59
-45
-27
-31
-43
-78
-120
-149
-180
-200
-220
-235
-225
-193
-174
-173
-172
-168
-153
-128
-108
-85
-46
-32
-28
-14
-16
-2
-1
-13
-12
0
14
-12
-15
-16
-46
-35
-6
1
15
55
46
0
1
19
-33
-9
34
28
58
67
36
0
-10
-46
-82
-101
-99
-93
-85
-76
-69
-67
-71
-92
-103
-110
-133
-124
-129
-119
-113
-105
-75
-77
-61
-51
-73
-56
-72
-92
-93
-92
-86
-81
-61
-42
-39
-50
-43
-36
-44
-43
-47
-42
-22
1
20
23
41
48
59
80
79
84
88
95
116
138
158
175
187
186
181
171
162
159
167
188
220
241
254
250
234
208
189
176
157
157
149
141
136
135
131
127
124
100
66
62
57
-6
-39
-32
-47
-50
-42
-49
-82
-92
-102
-144
-177
-168
-209
-230
-156
-151
-175
-146
-118
-184
-184
-150
-178
-143
-109
-129
-99
-53
-72
-74
-68
-36
-16
-39
-16
-9
-81
-43
-51
-91
34
12
-48
20
82
18
-71
57
11
-51
110
111
32
52
141
56
11
88
37
-47
-5
108
-23
-38
94
-51
-35
61
-20
-83
-22
44
-110
-105
27
-46
-53
-8
-14
7
-22
-19
-47
-75
8
-64
-54
62
-33
-49
-31
-29
-39
-53
-10
-52
-22
25
-60
-41
25
-11
-10
3
25
10
19
44
4
16
34
56
52
64
91
60
67
72
51
67
70
92
135
157
170
177
165
139
122
102
88
115
136
98
114
104
64
57
24
11
19
36
50
39
45
12
-36
-21
-52
-53
-55
-58
-51
-90
-88
-106
-147
-203
-252
-240
-188
-182
-221
-215
-178
-161
-207
-226
-177
-179
-160
-126
-92
-67
-68
-40
-48
-22
12
-30
-31
12
39
-1
19
76
45
34
6
-12
54
23
-7
41
30
61
115
131
41
48
152
111
78
137
53
106
177
76
68
80
154
58
-35
96
73
-20
10
-14
65
69
63
1
8
93
-20
27
38
35
87
24
24
102
84
-19
2
111
31
34
76
19
49
92
33
1
43
54
-20
-50
36
-18
-99
-65
-68
-61
0
-17
-34
-29
-24
-121
-164
-55
-48
-19
21
28
103
92
7
-41
-15
73
116
157
143
139
118
62
30
-8
31
19
4
49
56
16
-82
-139
-103
-60
-65
-56
-32
-55
-78
-67
-130
-163
-76
-96
-149
-88
-68
-165
-213
-202
-201
-177
-147
-138
-179
-176
-189
-257
-225
-195
-166
-141
-108
-68
-53
-54
-109
-113
-17
61
44
82
109
84
83
52
66
103
119
171
132
173
169
79
88
67
100
143
124
113
115
137
52
23
121
86
72
126
144
76
95
105
-24
32
92
1
63
73
49
38
16
-9
-6
138
110
11
51
78
71
48
7
12
46
91
89
79
112
64
62
75
62
111
49
19
59
58
-1
-16
-18
-48
-71
-91
-103
-92
-12
-22
-114
-131
-110
-129
-125
-107
-74
-16
51
61
11
-51
-60
-34
13
126
179
151
124
95
42
11
11
22
56
92
66
10
-38
-114
-176
-159
-101
-74
-74
-91
-149
-193
-203
-219
-205
-165
-128
-120
-145
-172
-213
-264
-261
-217
-179
-131
-114
-158
-217
-237
-236
-220
-188
-150
-94
-36
-31
-45
-51
-64
-38
5
72
120
151
161
129
136
143
163
195
202
217
247
256
207
174
164
154
162
170
200
168
119
96
101
100
72
57
36
50
121
113
29
93
132
41
27
89
88
50
56
84
76
147
148
53
77
79
83
91
60
45
64
106
96
77
65
12
50
56
32
12
-12
23
-39
-43
-30
-53
-89
-160
-163
-97
-25
-11
-96
-153
-166
-184
-175
-160
-82
11
84
107
52
-10
-72
-112
2
165
249
237
152
78
4
-39
-36
1
60
95
69
16
-67
-187
-277
-267
-182
-105
-120
-189
-249
-327
-370
-361
-319
-249
-213
-213
-230
-253
-287
-329
-320
-265
-168
-99
-108
-142
-157
-161
-173
-126
-46
6
21
6
-1
2
1
23
65
136
212
232
217
190
185
195
216
294
364
356
332
305
270
259
246
230
243
265
267
231
168
116
87
75
78
81
72
32
-12
-16
-38
-38
-5
-4
0
-7
-38
-60
-62
-53
-35
-1
37
36
33
46
58
45
34
72
73
55
62
57
18
9
19
-15
-34
-24
-62
-86
-93
-119
-188
-225
-198
-164
-43
37
-25
-142
-208
-229
-190
-115
-13
122
254
281
154
39
-12
-11
141
371
515
495
351
164
9
-33
28
138
227
241
144
-23
-219
-379
-410
-312
-156
-51
-73
-203
-381
-531
-562
-485
-361
-231
-162
-179
-261
-350
-398
-379
-296
-158
-11
72
38
-58
-150
-188
-134
-27
80
151
165
127
61
2
-9
42
131
216
258
267
203
111
68
85
160
239
292
299
248
163
117
139
193
249
286
284
239
177
111
58
66
121
155
168
139
36
-70
-127
-141
-108
-67
-49
-64
-106
-165
-216
-228
-213
-177
-135
-120
-114
-125
-133
-116
-96
-46
-4
17
37
42
27
30
39
71
79
51
20
-46
-115
-180
-223
-154
85
255
188
-62
-255
-250
-202
-147
17
298
508
497
312
92
-113
-183
37
437
761
772
494
165
-75
-179
-132
66
286
374
269
-5
-337
-579
-633
-498
-241
3
45
-170
-472
-693
-717
-599
-381
-126
-5
-22
-163
-328
-410
-372
-232
-47
155
259
203
33
-124
-156
-74
79
233
309
282
174
53
-37
-47
2
68
179
242
207
137
53
15
25
96
207
301
340
317
251
210
216
241
269
285
298
297
269
226
168
99
72
77
79
64
1
-87
-156
-175
-177
-202
-224
-243
-259
-280
-291
-310
-315
-294
-270
-238
-206
-191
-173
-144
-118
-106
-74
-41
-14
-5
-24
-33
-24
-25
-30
-32
-53
-123
-220
-248
-93
178
280
120
-124
-191
-152
-134
-61
176
492
631
532
329
85
-122
-88
257
705
915
781
451
111
-140
-236
-117
145
357
372
156
-177
-500
-692
-678
-465
-138
59
-14
-277
-571
-726
-706
-528
-242
8
100
-14
-207
-338
-357
-272
-106
120
297
334
223
37
-81
-80
26
164
260
311
260
130
26
-18
-10
27
103
177
230
185
76
32
83
167
238
336
400
388
312
259
288
353
413
459
487
453
386
303
227
189
192
214
210
151
28
-116
-226
-276
-270
-242
-246
-288
-356
-422
-456
-469
-442
-379
-301
-263
-281
-294
-295
-259
-191
-150
-142
-115
-95
-110
-144
-157
-142
-135
-135
-151
-190
-289
-414
-462
-288
28
174
38
-232
-339
-310
-273
-175
118
475
637
556
354
117
-78
-55
282
756
1004
908
565
171
-123
-239
-98
177
405
440
210
-157
-497
-704
-714
-510
-200
17
-23
-262
-549
-734
-741
-555
-274
-20
96
15
-146
-296
-324
-220
-39
168
324
373
268
83
-43
-36
65
181
256
277
227
111
-13
-81
-55
3
87
167
202
195
131
74
115
233
345
408
431
440
437
442
482
524
551
569
558
528
482
426
362
297
254
236
211
123
-7
-112
-171
-191
-197
-195
-212
-264
-333
-382
-372
-329
-276
-236
-209
-203
-220
-254
-265
-207
-136
-97
-104
-135
-159
-233
-305
-323
-305
-280
-308
-351
-442
-559
-617
-483
-210
-87
-153
-289
-347
-376
-413
-306
-2
355
584
567
392
128
-91
-60
256
688
911
857
580
222
-91
-275
-193
73
350
406
172
-166
-507
-741
-756
-518
-177
11
-22
-223
-460
-624
-645
-475
-198
86
226
156
-20
-180
-213
-135
42
257
396
400
259
103
-9
-52
-7
93
209
238
170
52
-71
-154
-180
-109
18
138
195
169
141
126
149
211
323
456
527
547
531
526
540
557
572
572
591
593
546
473
395
317
235
182
158
126
56
-46
-132
-175
-183
-191
-201
-198
-198
-203
-218
-214
-166
-106
-72
-59
-53
-60
-82
-78
-29
1
-1
-34
-86
-162
-249
-309
-322
-363
-422
-497
-561
-591
-547
-353
-231
-270
-431
-503
-441
-426
-368
-162
153
435
467
342
110
-97
-110
95
479
730
749
525
162
-142
-344
-342
-180
48
196
99
-180
-564
-826
-875
-700
-379
-134
-65
-200
-428
-614
-648
-500
-270
-4
185
227
131
-42
-136
-133
-3
199
375
445
347
177
10
-72
-57
4
98
141
138
68
-45
-144
-211
-204
-122
47
238
335
308
203
156
205
323
480
621
719
719
655
557
491
487
526
608
663
647
524
317
108
-10
3
83
154
123
-8
-177
-324
-380
-320
-178
-35
35
15
-61
-145
-186
-136
-2
139
240
232
143
25
-57
-79
-51
-2
35
5
-130
-289
-420
-485
-546
-565
-506
-382
-201
-140
-216
-373
-479
-440
-384
-222
71
400
599
521
327
85
-69
-25
202
561
748
720
435
19
-329
-539
-488
-290
-35
77
-96
-455
-840
-1040
-1018
-780
-444
-204
-162
-336
-545
-674
-658
-474
-184
123
269
229
55
-132
-188
-139
47
241
365
340
163
-10
-150
-184
-156
-78
21
60
43
-63
-181
-260
-268
-186
-52
132
266
303
283
275
304
349
441
587
745
850
872
801
661
549
511
558
630
663
609
452
261
97
-2
-47
-43
-3
8
-45
-163
-272
-322
-307
-225
-92
52
131
112
42
26
53
131
215
274
308
261
185
108
28
-12
-68
-81
-84
-138
-244
-407
-548
-670
-658
-537
-318
-98
-62
-167
-372
-468
-410
-300
-38
296
668
808
665
395
82
-21
89
456
830
961
801
353
-97
-453
-560
-417
-201
20
-21
-275
-683
-1052
-1197
-1116
-787
-431
-215
-251
-486
-716
-839
-722
-456
-116
170
257
183
-29
-193
-264
-183
8
199
319
254
76
-156
-338
-391
-351
-226
-124
-70
-110
-212
-322
-409
-389
-290
-92
124
285
351
313
289
295
364
493
656
835
939
943
835
684
552
495
523
588
634
564
402
171
-40
-153
-169
-98
-35
-19
-77
-174
-267
-304
-241
-109
49
162
226
235
199
179
203
267
334
380
386
342
246
128
53
13
-19
-79
-152
-230
-350
-465
-580
-627
-586
-501
-323
-185
-113
-172
-302
-295
-241
-104
115
419
711
765
663
445
254
176
249
502
719
822
665
307
-91
-406
-489
-426
-252
-118
-155
-388
-732
-986
-1088
-990
-757
-481
-300
-301
-403
-561
-618
-549
-346
-79
130
241
179
33
-114
-188
-148
-70
51
127
95
-49
-255
-409
-488
-489
-428
-321
-231
-220
-278
-366
-403
-388
-276
-39
189
350
369
331
329
335
416
539
693
828
881
842
701
554
438
408
438
480
495
392
208
-27
-212
-276
-244
-144
-73
-57
-109
-208
-288
-279
-159
4
158
262
297
267
210
196
251
341
413
432
386
295
167
52
-4
-35
-44
-72
-142
-233
-359
-489
-613
-614
-485
-324
-150
-43
-3
-97
-222
-172
-27
195
436
713
906
851
685
472
362
360
492
710
817
771
503
150
-184
-395
-410
-328
-186
-138
-247
-515
-814
-982
-1002
-846
-607
-365
-254
-315
-438
-548
-535
-407
-180
55
188
203
86
-76
-211
-238
-160
-62
12
-2
-103
-270
-457
-591
-624
-565
-466
-396
-376
-398
-448
-479
-463
-385
-216
-12
190
323
346
341
311
332
423
548
705
803
813
730
593
461
376
357
369
396
366
274
120
-71
-231
-326
-314
-215
-95
-35
-61
-169
-257
-250
-145
49
222
339
375
334
279
244
258
300
342
386
397
314
161
0
-110
-170
-180
-165
-185
-246
-389
-513
-615
-646
-536
-414
-205
-30
72
68
-66
-74
-17
147
384
686
971
995
874
638
465
389
432
640
794
867
701
374
21
-269
-378
-368
-197
-46
-42
-235
-535
-753
-885
-812
-584
-288
-88
-94
-204
-370
-446
-413
-245
13
225
327
224
27
-183
-310
-300
-215
-93
-40
-94
-261
-480
-657
-744
-723
-639
-524
-438
-415
-460
-543
-571
-513
-360
-129
118
302
352
300
245
234
294
418
588
759
821
746
555
339
180
145
233
360
422
337
135
-118
-324
-404
-342
-175
1
96
55
-75
-207
-254
-165
33
277
458
512
432
289
170
136
210
319
419
431
328
144
-67
-197
-256
-250
-209
-172
-192
-313
-473
-633
-710
-683
-550
-357
-172
0
78
43
-70
-124
-45
129
378
654
885
953
833
607
376
275
343
549
757
812
673
350
-18
-285
-382
-311
-150
2
27
-125
-389
-640
-749
-667
-412
-115
69
87
-37
-201
-298
-253
-75
155
334
372
270
77
-109
-222
-237
-167
-91
-71
-147
-301
-474
-618
-680
-667
-599
-521
-470
-461
-488
-523
-533
-480
-340
-116
80
187
207
188
175
166
233
367
516
614
615
534
379
231
140
151
238
312
313
205
22
-166
-295
-314
-207
-55
49
45
-57
-163
-222
-177
-38
141
303
371
347
268
184
153
189
269
341
358
302
172
8
-105
-143
-140
-135
-136
-165
-263
-397
-500
-541
-549
-536
-433
-305
-204
-116
-40
5
-44
-63
18
159
317
504
705
791
727
569
419
333
347
485
640
707
609
365
79
-147
-228
-205
-106
-5
23
-79
-290
-465
-548
-489
-317
-106
48
71
1
-113
-171
-129
15
177
276
304
231
114
-11
-80
-87
-64
-31
-48
-110
-220
-335
-437
-499
-492
-456
-413
-416
-420
-429
-452
-438
-401
-294
-160
-37
53
77
95
99
113
156
248
382
470
497
451
352
236
153
164
220
273
267
184
51
-110
-231
-256
-192
-86
-16
-22
-92
-180
-213
-161
-45
94
207
264
255
216
173
149
174
233
283
290
239
138
9
-92
-128
-121
-105
-117
-164
-269
-398
-493
-538
-516
-494
-436
-362
-305
-282
-287
-217
-137
-80
-36
33
173
278
384
459
519
546
505
466
417
428
450
470
474
420
320
158
13
-94
-146
-152
-141
-131
-183
-253
-324
-363
-350
-291
-192
-107
-37
6
31
35
49
94
140
199
246
268
244
183
115
56
15
-5
-14
-41
-88
-162
-247
-314
-363
-382
-390
-384
-375
-361
-342
-313
-283
-248
-171
-85
1
59
107
154
171
220
285
366
427
451
440
362
281
221
216
227
227
206
121
15
-90
-158
-191
-191
-150
-117
-113
-137
-162
-179
-163
-106
-7
104
169
187
165
141
126
137
172
209
225
187
119
30
-35
-65
-95
-116
-147
-187
-256
-354
-430
-485
-508
-495
-473
-433
-392
-361
-356
-372
-286
-138
-19
39
83
187
247
291
349
432
511
513
526
502
455
390
334
337
308
260
154
38
-70
-176
-253
-297
-271
-255
-267
-314
-348
-366
-376
-319
-211
-74
8
50
63
64
85
101
152
213
264
279
245
191
120
61
18
10
-5
-25
-58
-130
-208
-293
-335
-346
-331
-292
-266
-247
-257
-250
-226
-169
-62
42
148
209
259
299
326
377
431
500
541
547
521
460
389
312
266
244
236
197
123
32
-69
-152
-204
-187
-137
-95
-93
-114
-132
-137
-94
-30
49
118
156
173
166
165
163
160
161
176
178
148
87
10
-48
-111
-157
-182
-204
-242
-318
-388
-441
-475
-498
-515
-522
-539
-504
-435
-343
-274
-229
-122
-38
18
36
81
200
300
416
489
536
524
457
405
348
338
307
295
267
191
79
-87
-193
-269
-297
-311
-320
-323
-375
-422
-459
-433
-387
-320
-226
-142
-68
-43
-23
-10
22
72
125
187
216
222
173
124
86
56
37
2
-21
-67
-111
-170
-227
-269
-307
-313
-330
-332
-335
-326
-301
-261
-189
-115
-31
43
139
235
318
373
414
469
514
564
582
580
563
527
479
403
348
295
255
198
133
79
13
-36
-90
-110
-110
-98
-81
-76
-56
-52
-44
-25
28
92
135
161
178
187
177
171
177
187
177
143
97
42
-8
-58
-102
-151
-190
-236
-280
-322
-362
-387
-415
-414
-413
-415
-423
-431
-432
-393
-273
-145
-59
-39
-16
28
68
119
170
265
357
432
448
399
325
242
206
195
220
223
174
92
-16
-118
-223
-285
-297
-282
-278
-300
-338
-394
-425
-424
-369
-290
-213
-148
-120
-104
-94
-73
-32
21
84
130
145
128
93
51
16
-8
-14
0
-3
-37
-99
-169
-233
-280
-302
-300
-276
-253
-232
-222
-214
-195
-165
-97
2
122
234
322
374
386
386
396
438
500
557
597
603
566
495
409
336
289
272
280
275
234
160
56
-36
-90
-101
-68
-20
14
15
-14
-46
-56
-38
14
86
152
194
192
163
144
132
126
133
149
156
117
40
-37
-95
-133
-148
-147
-145
-159
-202
-258
-311
-342
-329
-288
-242
-210
-199
-206
-242
-285
-309
-261
-145
-14
65
70
54
19
-26
-61
-27
93
203
266
257
196
77
-45
-83
-32
69
132
133
71
-47
-166
-268
-298
-266
-209
-165
-167
-213
-297
-366
-385
-325
-228
-133
-71
-63
-86
-128
-141
-108
-38
41
93
112
93
42
-28
-73
-75
-41
-7
1
-21
-81
-140
-188
-205
-187
-148
-89
-45
-19
-23
-38
-48
-28
40
118
219
292
319
312
293
313
330
368
432
494
529
508
455
376
294
238
231
259
275
257
187
95
7
-59
-89
-72
-29
-3
-12
-34
-47
-70
-74
-46
13
72
98
99
83
76
64
63
81
101
118
106
78
28
-20
-45
-57
-51
-48
-46
-69
-102
-128
-151
-169
-182
-172
-160
-156
-175
-192
-216
-242
-253
-259
-244
-251
-233
-212
-196
-202
-231
-213
-183
-117
-68
-36
-10
-9
1
-19
-14
14
53
96
107
108
55
-13
-63
-76
-61
-57
-55
-86
-134
-200
-257
-278
-270
-223
-183
-149
-149
-169
-189
-194
-154
-100
-36
17
47
57
44
34
38
67
115
159
186
190
157
109
67
47
47
50
60
49
21
-14
-41
-48
-34
9
47
88
147
196
223
228
241
272
315
376
436
478
497
478
432
382
344
326
318
310
292
248
187
113
38
-18
-49
-62
-60
-55
-68
-103
-134
-138
-121
-86
-45
-4
26
37
42
38
49
78
118
162
184
185
158
117
79
57
62
66
63
42
-5
-60
-118
-160
-202
-233
-251
-265
-287
-324
-361
-394
-409
-393
-360
-332
-321
-323
-327
-328
-321
-289
-238
-190
-154
-127
-106
-110
-126
-114
-69
-20
8
15
5
-36
-85
-113
-99
-54
-19
-1
-25
-80
-148
-205
-212
-175
-121
-92
-91
-108
-142
-178
-188
-148
-82
-11
46
72
61
37
31
52
97
152
192
202
190
154
99
60
56
75
96
106
110
91
53
11
-14
-12
16
57
98
123
138
139
133
151
194
243
280
311
338
345
335
325
327
333
328
316
298
271
231
179
139
118
105
99
89
73
45
17
-2
-6
10
27
44
50
55
60
66
74
82
98
112
125
129
129
121
104
88
76
69
55
36
10
-26
-65
-103
-130
-150
-166
-178
-188
-195
-210
-227
-240
-240
-233
-228
-219
-201
-180
-172
-173
-174
-168
-166
-173
-177
-184
-191
-209
-234
-253
-266
-280
-296
-284
-262
-254
-269
-277
-265
-260
-251
-215
-144
-86
-61
-53
-57
-58
-64
-47
-1
53
90
92
70
37
-1
-33
-33
1
36
43
20
-15
-59
-94
-103
-75
-25
21
54
62
55
39
37
62
114
181
231
257
253
229
199
180
183
197
220
234
230
198
150
112
82
74
83
102
116
119
104
80
60
54
73
105
139
169
193
208
214
218
226
243
261
281
299
297
273
238
205
183
171
165
155
135
100
55
10
-12
-24
-31
-39
-52
-63
-86
-106
-110
-106
-93
-78
-61
-42
-34
-34
-40
-45
-36
-25
-13
-3
-3
-18
-45
-65
-74
-82
-90
-105
-127
-156
-181
-196
-209
-232
-263
-275
-270
-263
-262
-270
-280
-288
-284
-265
-241
-216
-200
-193
-181
-171
-163
-157
-144
-120
-103
-91
-89
-96
-109
-131
-150
-151
-148
-146
-149
-159
-172
-185
-195
-198
-195
-178
-149
-110
-78
-68
-66
-53
-27
6
52
100
139
173
193
199
189
190
204
221
244
260
254
221
184
157
143
145
147
151
149
139
118
94
84
83
92
110
132
152
160
158
153
161
173
195
215
226
228
226
224
212
204
208
212
209
196
178
151
123
101
84
74
63
49
31
9
-12
-28
-33
-30
-22
-12
-9
-7
-7
-3
8
24
49
67
84
93
92
83
73
68
64
56
43
30
6
-21
-43
-61
-80
-103
-128
-149
-170
-191
-206
-216
-223
-229
-237
-242
-247
-242
-226
-210
-193
-179
-172
-169
-162
-145
-125
-109
-93
-88
-94
-108
-113
-107
-98
-86
-86
-97
-117
-138
-155
-161
-150
-133
-122
-120
-130
-152
-173
-176
-152
-116
-80
-57
-55
-66
-79
-80
-59
-15
28
55
56
44
14
-13
-16
12
51
77
91
87
63
38
26
36
62
96
125
143
141
129
115
109
118
138
162
185
202
204
195
182
171
166
172
187
208
225
227
213
188
160
140
135
148
169
179
169
144
113
85
72
74
89
102
102
90
71
50
36
37
47
60
67
69
59
41
25
16
14
17
24
28
24
14
-2
-20
-34
-39
-39
-35
-30
-28
-32
-46
-60
-74
-87
-91
-86
-78
-75
-76
-89
-105
-123
-137
-139
-132
-119
-109
-108
-116
-135
-154
-164
-157
-140
-119
-100
-92
-99
-117
-137
-147
-139
-114
-85
-62
-56
-74
-106
-137
-148
-141
-115
-83
-65
-70
-97
-135
-168
-182
-165
-130
-91
-74
-84
-114
-146
-161
-147
-105
-56
-21
-9
-14
-27
-34
-23
11
55
95
122
130
113
89
75
80
105
139
169
178
162
131
99
80
77
87
108
129
137
126
100
72
55
54
74
106
136
151
147
135
119
106
103
113
132
150
160
154
132
97
68
56
57
66
73
69
49
13
-24
-49
-55
-49
-34
-22
-17
-30
-52
-70
-77
-70
-51
-23
-1
9
4
-8
-17
-15
-4
10
23
29
27
21
11
1
-10
-18
-18
-16
-13
-18
-29
-44
-56
-61
-58
-53
-47
-44
-43
-40
-33
-26
-20
-15
-6
0
9
14
18
17
12
6
2
0
-1
-6
-19
-35
-55
-75
-92
-106
-116
-121
-123
-129
-142
-158
-169
-173
-172
-166
-154
-143
-132
-120
-105
-89
-74
-59
-46
-30
-10
7
19
28
40
51
61
66
68
64
60
59
62
69
76
74
65
50
38
38
49
65
80
94
103
101
100
104
121
144
174
197
206
204
194
188
188
195
204
205
196
177
151
123
101
85
74
63
46
18
-18
-56
-86
-103
-106
-106
-106
-114
-125
-139
-148
-148
-134
-116
-97
-82
-76
-75
-69
-60
-48
-36
-23
-15
-15
-21
-27
-27
-23
-18
-18
-27
-41
-50
-59
-66
-67
-64
-58
-54
-50
-44
-40
-35
-29
-17
-2
16
33
46
51
50
51
51
53
56
56
49
37
22
7
-9
-21
-34
-44
-57
-65
-74
-86
-101
-114
-118
-115
-111
-108
-104
-101
-97
-89
-76
-63
-53
-39
-26
-14
-3
6
12
19
23
29
31
32
30
26
20
18
17
16
20
22
24
25
24
21
24
37
58
77
89
100
105
107
117
132
150
168
184
192
190
182
176
170
164
167
166
162
147
124
97
69
48
33
21
12
-1
-18
-42
-64
-83
-99
-111
-116
-115
-114
-119
-125
-132
-140
-146
-143
-137
-130
-128
-123
-119
-119
-113
-111
-111
-110
-107
-99
-90
-78
-72
-72
-74
-76
-77
-73
-61
-47
-36
-31
-35
-41
-48
-51
-42
-27
-10
1
3
-5
-17
-24
-23
-14
3
21
27
21
8
-3
-13
-15
-6
3
8
9
5
-5
-15
-21
-24
-23
-20
-12
-4
-1
-1
-2
-3
-3
2
6
14
22
31
38
43
48
45
42
39
42
50
57
65
68
66
63
62
66
69
75
82
86
94
100
110
117
120
126
133
139
147
155
162
165
167
166
166
164
162
162
159
156
152
144
133
121
109
100
94
90
80
66
51
37
24
12
5
1
-5
-12
-23
-40
-54
-64
-69
-72
-73
-77
-85
-95
-104
-107
-109
-111
-115
-121
-126
-126
-125
-123
-120
-118
-119
-121
-125
-128
-127
-121
-108
-100
-97
-98
-105
-114
-117
-111
-101
-91
-87
-90
-101
-110
-114
-112
-106
-99
-95
-93
-95
-98
-104
-106
-105
-101
-92
-83
-74
-72
-76
-80
-81
-75
-69
-60
-52
-48
-43
-41
-40
-41
-43
-42
-41
-35
-29
-23
-20
-20
-22
-23
-18
-12
-1
8
14
19
23
29
42
57
73
85
97
109
117
128
139
148
157
167
178
190
199
205
206
203
200
199
198
198
197
196
192
188
182
175
166
161
156
151
148
144
136
130
129
127
124
117
108
97
87
78
75
70
63
56
41
26
12
1
-9
-18
-27
-34
-42
-56
-71
-85
-96
-101
-97
-92
-88
-91
-101
-112
-119
-115
-104
-91
-79
-74
-76
-84
-90
-95
-94
-87
-82
-80
-81
-87
-98
-110
-121
-128
-131
-131
-129
-129
-133
-139
-150
-158
-161
-159
-153
-145
-138
-134
-131
-132
-129
-122
-111
-100
-92
-85
-81
-81
-83
-82
-79
-73
-69
-67
-69
-73
-78
-84
-84
-80
-73
-68
-67
-69
-73
-74
-71
-59
-43
-25
-13
-7
-4
2
14
30
53
73
92
106
114
120
125
133
145
158
170
181
185
182
179
175
173
175
178
184
186
182
177
172
168
167
169
173
175
177
179
178
175
173
170
166
164
161
160
159
155
150
142
133
124
114
105
98
89
80
68
56
45
35
25
19
13
8
5
2
-3
-8
-11
-13
-13
-12
-12
-15
-21
-27
-31
-35
-36
-36
-38
-42
-50
-58
-65
-72
-79
-84
-89
-97
-108
-121
-132
-141
-148
-154
-157
-161
-166
-170
-172
-173
-172
-169
-167
-162
-158
-156
-156
-156
-156
-156
-153
-150
-147
-146
-147
-153
-157
-160
-160
-158
-156
-150
-145
-146
-151
-154
-158
-156
-148
-138
-128
-118
-112
-108
-101
-91
-76
-59
-39
-19
-1
11
20
29
39
53
71
88
102
110
115
116
120
127
135
141
149
152
149
142
136
134
135
139
143
146
143
135
129
127
129
134
141
146
148
145
141
136
132
132
135
136
139
139
134
125
117
111
107
108
109
109
107
100
92
83
78
75
75
76
76
76
74
68
63
59
56
54
54
54
52
48
42
36
30
24
18
11
5
-2
-11
-20
-30
-37
-44
-53
-60
-66
-74
-80
-84
-87
-90
-94
-99
-104
-106
-108
-108
-105
-106
-108
-112
-117
-120
-123
-126
-128
-130
-136
-143
-150
-155
-160
-163
-163
-164
-165
-167
-168
-170
-169
-166
-162
-157
-150
-141
-132
-124
-118
-113
-106
-97
-87
-73
-61
-53
-45
-38
-31
-26
-18
-7
0
7
12
16
16
20
24
30
37
44
49
53
59
62
66
73
78
86
90
96
101
103
106
108
108
111
116
119
118
119
117
115
112
110
109
109
109
109
107
104
99
97
97
97
99
100
103
103
104
103
102
101
99
100
101
99
96
94
89
83
77
71
68
65
61
54
47
39
32
28
23
19
15
11
6
1
-5
-8
-13
-17
-17
-20
-22
-27
-33
-38
-44
-46
-46
-47
-51
-59
-66
-74
-78
-81
-84
-88
-92
-97
-102
-107
-110
-113
-113
-114
-115
-118
-119
-120
-121
-120
-120
-117
-115
-112
-109
-109
-106
-104
-102
-100
-95
-88
-84
-79
-76
-75
-71
-67
-62
-56
-52
-46
-41
-38
-33
-29
-25
-19
-15
-11
-8
-5
-3
2
7
12
17
23
28
34
40
44
48
52
54
57
61
66
72
75
78
79
79
80
85
89
94
96
97
95
92
91
92
95
96
98
99
96
95
93
90
90
91
93
90
88
86
82
77
75
73
72
73
72
70
64
58
52
46
42
40
39
37
33
28
22
17
12
10
9
8
7
4
-3
-11
-18
-22
-25
-26
-28
-29
-35
-44
-52
-59
-61
-64
-65
-66
-71
-74
-79
-84
-89
-90
-90
-89
-88
-89
-91
-93
-96
-98
-98
-97
-95
-92
-90
-90
-91
-93
-94
-92
-89
-84
-81
-78
-77
-76
-76
-76
-72
-68
-64
-58
-54
-52
-45
-43
-39
-34
-29
-24
-19
-15
-9
-4
1
5
10
13
16
21
25
30
35
39
41
42
43
45
48
51
54
56
59
60
62
65
69
71
75
77
81
85
89
91
94
95
96
95
94
95
96
97
97
97
96
92
90
84
80
77
77
75
72
69
64
59
55
54
53
52
51
47
44
41
39
35
30
28
24
23
19
15
12
8
3
-4
-11
-16
-21
-26
-32
-37
-43
-47
-51
-58
-64
-69
-74
-78
-79
-79
-79
-80
-83
-86
-87
-85
-85
-83
-83
-82
-84
-85
-87
-88
-87
-87
-86
-87
-88
-88
-90
-91
-92
-92
-91
-92
-91
-90
-89
-86
-84
-82
-78
-73
-68
-65
-60
-55
-49
-44
-39
-33
-28
-23
-21
-17
-11
-7
-3
-2
1
5
8
12
13
14
18
20
24
27
31
34
37
42
47
51
57
62
67
73
77
82
87
92
96
101
104
108
113
116
117
117
117
116
115
115
114
113
111
107
105
105
104
103
104
102
101
99
96
93
93
91
87
84
79
75
70
64
59
54
49
44
37
33
25
17
10
0
-5
-11
-16
-23
-31
-37
-46
-49
-54
-56
-58
-62
-65
-67
-71
-73
-75
-76
-76
-76
-75
-76
-77
-78
-79
-79
-80
-79
-80
-79
-81
-85
-87
-87
-87
-87
-86
-85
-86
-86
-85
-86
-85
-85
-83
-81
-79
-78
-77
-77
-74
-71
-69
-67
-64
-61
-59
-55
-53
-53
-50
-50
-47
-44
-41
-40
-37
-36
-34
-30
-29
-25
-20
-18
-13
-10
-5
1
5
9
14
21
25
30
34
39
45
50
54
60
64
69
70
74
77
81
84
85
87
90
91
91
92
94
96
95
94
98
97
95
94
93
93
95
94
92
91
89
88
86
85
83
83
81
78
75
71
66
64
60
59
55
51
47
42
38
33
28
24
20
15
10
7
4
1
-4
-9
-13
-15
-18
-21
-24
-28
-32
-37
-39
-42
-46
-48
-51
-53
-58
-61
-65
-67
-69
-71
-74
-76
-80
-82
-85
-87
-88
-91
-91
-92
-93
-94
-94
-94
-93
-94
-94
-93
-92
-90
-89
-86
-84
-82
-81
-79
-77
-75
-73
-70
-66
-62
-59
-57
-52
-50
-47
-43
-39
-34
-31
-27
-24
-19
-16
-11
-7
-4
1
5
7
11
14
19
24
28
32
36
39
40
43
44
45
47
50
52
55
59
59
63
66
69
69
71
73
75
79
82
83
85
85
84
84
85
86
85
84
84
83
82
81
79
78
77
74
72
69
66
63
60
57
54
52
48
44
44
40
37
34
31
28
25
21
18
16
12
8
5
3
1
-1
-4
-8
-12
-17
-22
-26
-30
-32
-36
-40
-43
-49
-54
-57
-59
-60
-61
-64
-68
-70
-73
-74
-74
-76
-77
-79
-82
-84
-84
-83
-83
-83
-82
-81
-80
-79
-77
-76
-75
-74
-71
-68
-65
-63
-61
-59
-56
-53
-50
-45
-41
-38
-35
-33
-30
-29
-26
-23
-19
-14
-12
-10
-7
-5
-1
2
5
7
11
12
14
18
21
25
27
31
33
37
39
42
44
47
50
54
58
61
63
65
68
69
71
73
76
78
78
79
79
79
79
80
80
81
81
80
78
76
76
75
74
72
70
68
66
64
63
61
59
58
55
54
51
48
46
43
41
39
37
37
35
32
30
27
23
20
19
16
15
10
8
4
1
-3
-7
-11
-15
-20
-25
-29
-33
-38
-40
-45
-49
-53
-57
-59
-62
-65
-68
-71
-72
-74
-77
-79
-82
-83
-84
-86
-86
-86
-85
-86
-85
-85
-84
-83
-83
-79
-78
-77
-77
-75
-73
-72
-71
-68
-66
-64
-62
-62
-61
-61
-58
-57
-57
-55
-53
-50
-49
-48
-47
-43
-39
-35
-30
-27
-23
-19
-16
-11
-7
-4
2
7
13
19
21
27
31
35
40
44
49
52
57
60
62
66
67
70
71
73
75
74
73
74
72
72
71
71
71
70
69
69
69
69
68
68
67
67
67
66
66
64
64
62
61
61
59
57
54
50
47
46
44
41
38
37
35
31
28
25
21
19
15
13
11
7
6
1
-1
-2
-7
-9
-13
-17
-20
-23
-27
-30
-32
-34
-38
-38
-43
-45
-48
-52
-53
-56
-60
-61
-62
-61
-63
-64
-65
-65
-64
-64
-64
-64
-61
-60
-59
-58
-56
-55
-53
-52
-51
-51
-51
-50
-49
-48
-47
-47
-46
-45
-45
-44
-44
-43
-41
-40
-38
-37
-34
-33
-30
-26
-23
-20
-18
-14
-9
-6
-1
3
5
10
14
16
17
18
22
23
25
27
29
30
33
35
35
37
39
40
40
41
43
45
44
46
49
52
54
54
54
56
59
60
60
61
62
65
66
66
67
66
65
65
63
62
61
60
58
57
57
53
51
48
44
42
41
39
40
38
36
35
33
31
29
27
22
20
19
17
15
12
9
7
6
3
0
-5
-10
-13
-15
-20
-24
-28
-32
-34
-38
-41
-43
-45
-47
-49
-50
-50
-53
-54
-56
-55
-54
-54
-55
-55
-54
-53
-53
-56
-54
-54
-54
-55
-55
-56
-55
-55
-56
-56
-55
-56
-57
-56
-54
-52
-52
-51
-49
-45
-44
-43
-41
-37
-33
-31
-28
-26
-22
-19
-15
-12
-9
-6
-4
0
2
4
6
8
11
13
15
17
19
21
22
22
24
26
28
29
30
32
33
35
36
36
37
38
39
39
40
40
41
40
42
41
41
40
42
42
43
43
43
41
41
41
39
38
37
36
36
35
35
34
32
30
28
26
25
22
20
17
17
16
13
11
8
7
5
3
2
0
-2
-4
-5
-7
-8
-10
-12
-13
-15
-16
-17
-18
-19
-19
-20
-21
-23
-24
-25
-27
-26
-26
-27
-27
-27
-28
-29
-30
-31
-32
-32
-31
-29
-30
-28
-31
-30
-30
-29
-29
-29
-28
-26
-24
-23
-22
-24
-23
-22
-20
-19
-19
-18
-18
-17
-16
-16
-14
-12
-11
-9
-6
-4
-4
-1
0
1
1
1
3
3
6
7
9
9
8
10
11
12
13
13
15
15
16
17
18
20
21
22
22
22
23
23
23
22
19
17
18
20
22
21
20
20
20
21
21
20
20
19
19
20
19
20
19
18
16
16
14
12
10
10
10
10
9
8
7
7
5
5
4
4
3
3
3
3
1
-2
-3
-3
-4
-4
-6
-8
-9
-9
-11
-10
-12
-11
-11
-12
-12
-13
-12
-13
-14
-16
-16
-16
-18
-18
-19
-19
-19
-19
-19
-20
-19
-19
-20
-19
-19
-19
-18
-18
-16
-15
-15
-14
-12
-11
-10
-10
-8
-9
-7
-7
-6
-6
-5
-5
-3
-3
-2
-1
-1
0
-1
0
0
0
0
1
3
4
5
5
6
6
8
9
11
11
12
12
13
14
15
16
15
16
16
15
16
17
17
19
19
20
19
19
21
22
21
21
22
22
23
23
24
25
27
27
27
27
27
28
27
27
26
25
25
24
24
24
23
21
20
18
15
14
12
11
9
8
7
5
4
5
3
1
-2
0
-2
-5
-6
-8
-11
-12
-13
-14
-16
-18
-19
-20
-22
-23
-24
-27
-27
-28
-29
-31
-31
-30
-31
-33
-33
-33
-33
-34
-35
-38
-37
-37
-37
-37
-36
-34
-36
-35
-34
-34
-34
-32
-31
-31
-31
-30
-28
-28
-28
-27
-28
-28
-27
-24
-23
-21
-20
-19
-18
-17
-13
-10
-9
-8
-8
-7
-5
-4
-3
-1
-1
0
0
4
5
7
9
11
13
15
17
19
20
20
21
24
25
27
26
26
27
28
30
30
30
32
33
35
36
35
36
37
37
37
38
38
38
38
38
37
38
36
36
36
36
35
34
33
31
30
31
29
29
27
25
22
21
20
19
19
18
17
14
12
10
11
9
8
7
4
2
0
-2
-6
-7
-9
-10
-12
-14
-15
-17
-18
-20
-20
-21
-22
-23
-24
-26
-28
-30
-31
-31
-31
-34
-35
-35
-37
-38
-38
-40
-39
-39
-40
-40
-40
-42
-42
-42
-42
-41
-42
-40
-40
-40
-41
-41
-40
-39
-38
-37
-35
-33
-32
-32
-30
-28
-26
-24
-22
-21
-22
-19
-17
-16
-14
-12
-9
-7
-5
-3
0
2
4
5
7
8
10
11
12
14
16
18
20
23
24
26
28
31
34
37
38
38
41
42
44
45
47
47
48
49
49
50
49
49
48
50
50
50
50
48
48
48
48
48
46
45
44
43
42
41
38
39
37
36
34
34
33
30
28
25
23
22
19
16
14
12
10
7
5
0
-2
-6
-9
-10
-13
-15
-18
-21
-22
-24
-23
-25
-28
-30
-30
-31
-32
-34
-34
-33
-36
-37
-37
-38
-38
-40
-41
-41
-41
-40
-41
-41
-42
-41
-41
-41
-41
-40
-39
-39
-37
-37
-36
-35
-33
-33
-31
-30
-28
-27
-24
-23
-22
-21
-20
-17
-16
-15
-13
-13
-10
-10
-9
-8
-6
-4
-4
-4
-1
-1
1
1
3
5
6
6
6
8
7
9
8
11
13
14
16
17
18
18
18
20
21
21
22
23
22
21
21
22
22
23
24
26
26
27
27
28
28
28
30
30
30
30
29
29
29
28
27
27
28
29
28
28
28
28
28
27
27
27
26
23
22
21
19
16
13
11
12
9
7
5
5
3
2
0
-2
-4
-7
-8
-9
-12
-15
-17
-19
-20
-23
-24
-26
-28
-28
-28
-29
-31
-31
-32
-33
-34
-35
-35
-37
-38
-39
-38
-38
-38
-38
-38
-37
-37
-35
-35
-33
-31
-31
-29
-29
-27
-27
-26
-25
-23
-21
-20
-19
-17
-15
-14
-12
-12
-11
-9
-8
-6
-5
-3
-1
-1
0
0
0
2
3
5
5
6
7
8
10
11
12
12
13
14
14
15
16
17
19
18
19
19
20
20
21
21
24
24
23
24
24
25
26
27
25
26
26
25
27
28
27
28
28
28
29
30
30
31
32
31
29
30
28
28
27
25
25
25
24
24
23
23
22
20
18
17
15
14
13
10
8
7
6
4
4
3
2
-1
-3
-5
-7
-10
-13
-14
-15
-15
-18
-18
-20
-22
-23
-25
-26
-27
-30
-32
-33
-34
-36
-37
-39
-40
-39
-39
-41
-41
-41
-41
-40
-40
-40
-39
-40
-39
-37
-35
-36
-35
-36
-34
-32
-32
-30
-28
-27
-25
-25
-24
-22
-21
-20
-19
-16
-14
-11
-9
-8
-4
-4
-3
0
1
3
5
6
8
11
13
13
16
16
18
18
20
22
22
24
26
26
28
29
30
32
33
33
34
34
33
34
35
36
36
36
37
38
37
38
36
34
35
36
36
37
35
34
33
34
34
35
34
34
33
31
29
29
27
27
27
26
24
23
22
22
19
19
18
17
16
14
14
14
11
10
9
7
6
5
3
2
0
0
-2
-5
-6
-7
-9
-10
-13
-13
-13
-15
-16
-16
-19
-21
-22
-26
-26
-28
-30
-30
-32
-33
-34
-36
-37
-36
-38
-40
-42
-41
-40
-40
-41
-41
-41
-41
-41
-41
-42
-44
-44
-45
-44
-43
-42
-40
-41
-40
-39
-38
-38
-36
-34
-34
-32
-30
-28
-25
-23
-22
-21
-20
-19
-16
-15
-13
-11
-8
-7
-5
-3
-2
0
2
4
8
10
11
13
14
18
19
20
21
23
23
26
28
27
29
29
29
31
31
33
34
35
36
36
36
35
36
38
37
36
35
36
36
34
35
34
33
32
31
30
28
28
29
28
28
26
24
22
21
21
19
16
15
13
12
11
10
8
6
6
4
2
1
-1
-2
-3
-5
-7
-9
-10
-12
-12
-15
-15
-14
-16
-18
-21
-23
-24
-25
-26
-27
-26
-26
-26
-26
-28
-27
-29
-28
-27
-28
-29
-29
-28
-28
-27
-28
-26
-27
-25
-25
-25
-25
-23
-23
-22
-21
-21
-20
-20
-19
-18
-17
-15
-12
-11
-11
-10
-9
-9
-8
-7
-6
-4
-2
0
1
2
4
4
4
4
5
6
8
10
10
12
12
13
15
16
17
17
18
19
20
21
22
22
22
22
22
23
24
26
27
27
28
28
26
27
27
26
27
27
28
28
27
26
25
25
24
24
24
23
23
22
22
22
23
22
21
21
20
19
19
18
17
17
17
16
15
14
12
12
11
10
10
9
8
6
5
4
2
2
2
1
-1
-2
-2
-4
-6
-8
-7
-10
-9
-11
-11
-12
-13
-14
-16
-16
-18
-18
-18
-19
-19
-20
-20
-22
-23
-24
-24
-25
-25
-26
-26
-25
-27
-27
-27
-29
-29
-29
-28
-27
-28
-26
-26
-27
-26
-27
-26
-26
-26
-24
-25
-23
-23
-24
-22
-24
-25
-22
-21
-21
-20
-18
-18
-18
-17
-17
-16
-13
-13
-10
-9
-10
-8
-7
-6
-4
-4
-3
-3
-1
0
0
2
3
3
3
5
7
9
11
12
12
14
16
17
17
16
18
18
19
20
20
21
21
21
22
23
22
23
24
26
25
24
25
24
24
23
24
23
23
23
21
19
20
18
19
18
16
17
17
16
13
12
12
10
11
11
9
8
8
6
5
3
2
1
1
0
-2
-2
-2
-4
-5
-7
-7
-8
-9
-10
-10
-10
-10
-11
-11
-11
-12
-13
-14
-13
-15
-16
-15
-16
-15
-17
-16
-14
-15
-15
-15
-15
-14
-16
-15
-15
-14
-13
-12
-12
-13
-13
-13
-12
-12
-11
-10
-10
-8
-8
-7
-7
-7
-5
-4
-4
-4
-3
-2
-1
-1
0
-1
2
2
3
3
5
4
5
6
7
9
9
8
9
10
10
11
12
13
12
13
14
15
15
14
15
16
16
15
17
16
17
16
16
17
16
16
15
15
14
15
15
14
15
15
14
12
13
12
11
12
11
9
9
10
9
9
8
6
7
5
4
4
4
2
1
0
0
-1
-1
-1
-1
-1
-3
-3
-4
-5
-7
-7
-8
-8
-9
-9
-11
-11
-12
-12
-12
-12
-12
-13
-13
-14
-15
-17
-16
-17
-16
-16
-17
-17
-17
-18
-18
-18
-18
-18
-19
-18
-17
-18
-17
-16
-18
-17
-15
-14
-14
-13
-14
-13
-14
-13
-13
-12
-11
-11
-10
-9
-7
-6
-5
-4
-3
-2
0
-1
0
1
1
1
3
4
5
5
5
7
7
9
10
11
12
13
14
14
16
17
19
20
21
22
21
21
20
21
20
22
21
23
22
24
24
23
24
24
24
25
24
23
22
23
21
21
20
20
19
19
18
17
16
13
12
11
12
10
9
8
7
6
6
3
3
2
1
0
-1
-2
-4
-6
-6
-7
-9
-9
-11
-12
-14
-14
-16
-16
-17
-18
-19
-21
-23
-25
-25
-26
-26
-26
-26
-27
-28
-29
-30
-32
-32
-32
-32
-33
-32
-32
-31
-32
-32
-30
-29
-29
-29
-29
-28
-26
-26
-24
-22
-22
-20
-19
-18
-18
-16
-15
-12
-11
-10
-8
-8
-8
-5
-4
-2
1
2
3
4
5
6
6
7
9
10
11
12
13
14
15
16
16
18
19
19
21
19
19
19
20
21
21
21
22
22
22
21
22
22
22
22
22
22
20
20
19
20
20
21
21
20
19
17
17
17
17
16
16
17
16
15
14
14
15
13
13
11
10
9
7
6
7
6
6
6
4
4
3
2
1
0
0
-1
-3
-4
-4
-4
-5
-4
-6
-7
-7
-9
-8
-9
-10
-11
-10
-11
-10
-11
-11
-11
-11
-11
-12
-13
-11
-12
-10
-9
-10
-11
-10
-11
-11
-10
-9
-8
-8
-7
-7
-6
-6
-6
-6
-7
-7
-6
-5
-4
-4
-5
-5
-5
-6
-5
-4
-3
-3
-2
-2
-3
-2
-2
-2
-3
-2
-2
-2
-1
0
0
1
1
-1
-1
1
1
3
2
4
4
3
3
3
3
1
2
3
2
4
4
4
3
3
3
4
3
5
5
5
4
5
4
3
5
4
4
4
4
6
3
3
3
4
4
5
3
3
4
4
4
4
3
3
5
4
4
4
3
3
0
2
1
2
1
2
1
1
0
-1
1
0
1
1
1
1
0
-1
-1
-2
-3
-3
-4
-5
-4
-4
-4
-4
-4
-4
-4
-2
-3
-3
-4
-4
-5
-5
-6
-6
-7
-6
-5
-4
-4
-3
-3
-1
-1
-2
-2
-3
-2
-2
-2
-2
-3
-4
-2
-3
-1
-1
-2
0
0
0
1
0
0
-1
-2
-2
-1
-2
-1
-2
-2
-1
-1
0
0
1
1
1
2
1
1
1
-1
1
-2
-1
-2
-1
-1
0
0
-2
-2
-1
-1
-1
0
1
0
0
1
1
0
0
-1
0
0
0
1
0
-1
0
-1
0
1
2
2
3
3
3
3
2
3
1
1
1
2
1
0
1
0
0
1
-1
0
0
1
0
0
0
-1
-2
-2
-2
-2
-1
-2
-1
-1
-3
-3
-3
-4
-3
-4
-3
-3
-4
-4
-4
-3
-3
-3
-2
-1
-1
0
0
0
2
2
0
0
-1
-1
-1
-1
0
0
0
0
1
0
2
2
3
3
4
4
4
3
3
4
3
4
4
4
4
4
4
5
5
6
6
6
7
8
9
9
8
9
9
8
8
7
7
