-1
-2
-2
-1
-1
-1
-1
-1
0
0
1
2
3
3
4
4
5
6
5
4
6
7
7
3
3
3
2
1
-1
-2
-1
-1
-2
-3
-3
-3
-4
-3
-5
-5
-4
-2
-2
-1
0
0
0
-2
-1
-2
-2
-3
-3
-2
-2
-3
-4
-3
-3
-4
-5
-5
-4
-6
-5
-3
-3
-5
-3
-2
-1
-2
-2
-2
-3
-2
-3
-3
-3
-2
-1
0
2
2
3
3
1
0
1
1
0
0
1
0
0
1
-1
-1
0
-1
-2
-1
-2
-1
0
1
0
1
3
2
1
-1
-2
-4
-3
-3
-5
-6
-6
-7
-5
-7
-8
-8
-5
-2
-5
-8
-8
-6
-5
-6
-10
-6
-2
-2
-4
-3
-5
-9
-12
-16
-21
-28
-29
-26
-23
-24
-25
-24
-21
-17
-14
-14
-9
-3
2
5
0
-2
-1
3
7
19
31
36
48
58
53
38
30
31
23
12
9
11
11
12
11
11
10
6
2
0
3
2
11
28
39
49
63
73
75
76
80
76
68
63
56
46
40
37
33
27
22
15
11
5
-1
-5
-6
-2
4
12
21
29
39
47
52
51
44
37
28
18
7
1
-4
-4
-5
-9
-8
-8
-14
-28
-31
-35
-38
-41
-37
0
18
7
-16
-21
-16
-42
-65
-86
-79
-60
-64
-85
-102
-101
-95
-90
-103
-122
-127
-126
-137
-164
-182
-197
-203
-209
-220
-212
-168
-80
31
124
201
230
220
178
124
76
41
43
72
102
93
55
13
-23
-76
-139
-191
-224
-245
-240
-195
-139
-75
-5
66
122
152
174
186
189
180
172
161
154
146
128
95
44
-10
-68
-125
-182
-216
-231
-224
-199
-150
-94
-36
22
75
116
145
169
174
161
141
124
101
74
61
59
53
40
27
13
-1
-20
-32
-20
15
51
84
125
174
205
211
206
204
208
195
168
140
114
87
66
52
28
1
-20
-34
-51
-55
-54
-53
-47
-29
6
33
56
79
96
102
97
89
70
44
18
-2
-23
-42
-62
-79
-97
-112
-115
-114
-113
-114
-115
-113
-106
-96
-90
-100
-104
-94
-104
-126
-148
-166
-197
-244
-275
-308
-330
-364
-393
-409
-421
-442
-450
-315
-86
166
314
399
451
452
385
228
134
150
243
300
286
233
156
62
-55
-188
-341
-460
-526
-540
-507
-425
-300
-159
-6
121
205
258
308
329
324
310
313
328
337
322
276
200
97
-30
-172
-296
-399
-463
-485
-460
-394
-302
-209
-117
-16
82
154
196
239
269
282
275
257
255
258
261
242
208
164
107
32
-32
-71
-89
-91
-76
-30
33
94
135
170
211
262
311
338
344
339
335
317
286
258
228
180
116
53
-7
-63
-114
-155
-173
-146
-90
-30
23
64
101
137
157
165
152
137
115
101
101
93
80
55
33
-9
-57
-98
-137
-183
-233
-266
-277
-270
-244
-224
-211
-205
-202
-199
-212
-223
-228
-217
-222
-241
-248
-261
-297
-374
-420
-446
-459
-481
-501
-523
-507
-343
-71
196
311
369
428
433
305
105
35
98
226
303
328
305
219
82
-91
-273
-446
-573
-626
-571
-463
-326
-178
-24
107
175
198
196
196
202
214
234
300
380
438
435
378
278
126
-53
-235
-381
-482
-517
-501
-432
-327
-218
-141
-94
-36
31
73
87
131
212
291
340
381
428
444
407
335
260
183
97
19
-26
-36
-16
-1
20
42
125
222
250
231
222
259
265
260
284
350
411
430
405
355
292
192
60
-52
-99
-120
-120
-101
-54
-9
31
68
73
66
52
43
43
71
109
138
161
197
221
184
116
37
-37
-138
-228
-265
-260
-264
-284
-293
-290
-281
-299
-321
-360
-375
-363
-349
-336
-297
-244
-244
-280
-304
-305
-348
-425
-505
-571
-557
-438
-214
57
268
381
394
346
228
34
-104
-89
55
212
309
321
262
153
-5
-194
-366
-480
-543
-551
-485
-358
-227
-107
1
57
70
67
82
105
143
209
299
403
483
513
466
355
191
2
-177
-307
-380
-390
-337
-260
-184
-140
-125
-143
-185
-207
-192
-141
-54
79
232
349
417
462
486
455
385
314
245
173
116
101
116
142
159
180
203
226
224
189
143
117
126
151
199
259
319
347
333
299
266
230
187
139
96
76
88
106
84
41
15
29
57
74
81
84
103
131
155
152
125
86
48
3
-34
-59
-86
-108
-127
-122
-113
-125
-155
-186
-220
-245
-268
-267
-252
-256
-267
-307
-338
-363
-384
-410
-461
-488
-499
-500
-524
-560
-585
-539
-416
-233
32
272
390
337
277
249
155
39
33
193
359
443
406
258
32
-221
-451
-625
-681
-663
-593
-486
-331
-198
-138
-114
-122
-134
-150
-99
15
176
346
492
612
669
631
476
266
48
-145
-287
-351
-346
-294
-216
-164
-149
-178
-234
-303
-356
-332
-225
-68
94
250
386
461
449
384
324
275
231
227
278
351
396
392
339
255
172
74
-8
-44
-10
65
146
252
340
432
490
475
409
313
225
133
89
140
251
354
403
352
220
55
-113
-247
-311
-269
-145
20
184
298
331
293
216
109
23
-20
-26
17
90
155
179
160
91
-52
-234
-363
-419
-426
-393
-330
-261
-208
-205
-216
-289
-411
-526
-594
-544
-470
-378
-310
-289
-285
-353
-451
-530
-541
-450
-267
-1
240
355
372
335
254
180
162
207
266
292
276
213
119
-29
-215
-371
-473
-527
-571
-563
-514
-483
-448
-392
-305
-212
-102
9
118
240
372
462
483
486
458
394
297
224
158
83
14
-42
-81
-137
-209
-303
-395
-453
-461
-436
-354
-203
-27
118
212
298
346
334
292
279
311
374
450
521
559
543
476
356
216
93
7
-54
-72
-37
10
30
54
164
252
285
280
274
293
263
246
276
334
408
442
392
312
183
-1
-156
-220
-172
-127
-110
-74
-42
-66
-131
-172
-173
-115
-44
77
233
354
403
339
223
123
43
-46
-125
-183
-172
-168
-215
-262
-321
-427
-571
-665
-682
-644
-604
-531
-448
-391
-324
-296
-328
-414
-506
-477
-310
-142
9
205
393
422
262
99
-18
-130
-168
-53
160
357
446
380
224
28
-190
-399
-473
-405
-327
-270
-178
-115
-201
-356
-471
-513
-494
-397
-210
1
219
396
468
462
423
349
248
195
212
259
296
317
308
248
133
-27
-185
-287
-320
-325
-316
-250
-158
-100
-94
-84
-19
48
111
203
343
482
560
588
590
567
523
474
445
486
555
584
553
468
362
199
11
-146
-230
-222
-142
-34
72
148
164
136
90
73
75
68
104
169
252
299
298
247
155
66
-9
-60
-109
-141
-150
-149
-142
-125
-114
-124
-148
-144
-95
-62
-46
-36
-19
-20
-44
-47
-46
-89
-154
-198
-226
-276
-347
-406
-479
-524
-536
-536
-537
-536
-517
-530
-549
-548
-492
-418
-345
-211
-13
184
227
180
145
146
144
150
218
290
343
304
205
72
-81
-242
-361
-324
-247
-249
-294
-271
-277
-401
-515
-516
-436
-375
-285
-149
-22
45
45
24
18
62
109
171
288
406
459
440
401
340
249
163
115
105
107
131
131
109
81
21
-51
-109
-114
-94
-60
-7
74
161
219
274
305
344
390
436
504
582
660
690
693
688
735
747
707
657
548
437
277
133
36
-17
-26
-26
-41
-100
-162
-272
-312
-282
-221
-131
-68
9
44
41
15
9
11
45
108
150
204
177
112
29
-45
-83
-111
-119
-139
-182
-236
-254
-324
-435
-478
-462
-406
-359
-325
-289
-325
-396
-443
-484
-491
-468
-431
-384
-361
-395
-482
-589
-601
-500
-362
-158
48
146
81
-40
-124
-157
-111
35
287
490
588
529
334
113
-80
-170
-161
-33
79
83
-8
-144
-311
-515
-618
-619
-539
-422
-293
-177
-141
-171
-251
-274
-218
-101
37
184
320
347
307
254
221
197
199
254
326
387
389
340
230
111
38
8
54
126
215
268
263
229
186
144
86
66
99
185
281
360
412
436
449
444
454
512
612
665
681
684
663
617
536
484
465
473
482
461
358
193
21
-146
-223
-240
-200
-179
-191
-217
-296
-398
-496
-508
-454
-339
-202
-59
42
48
16
-35
-48
-32
33
116
171
179
136
60
-65
-166
-245
-284
-289
-278
-280
-341
-439
-532
-578
-604
-598
-557
-501
-446
-438
-472
-525
-570
-589
-539
-439
-297
-158
-93
-99
-170
-229
-247
-208
-115
8
131
208
233
182
100
23
7
48
125
206
228
203
109
-5
-110
-191
-221
-209
-165
-126
-112
-159
-233
-308
-352
-327
-253
-143
-42
31
60
61
47
35
51
83
145
210
272
307
292
251
201
161
143
148
158
169
177
181
191
197
210
221
249
295
333
360
368
362
338
317
335
384
445
503
554
571
560
521
458
397
362
364
389
419
431
419
375
310
235
167
121
77
30
-10
-57
-116
-170
-220
-263
-282
-289
-275
-244
-220
-189
-172
-184
-174
-158
-129
-70
-31
0
31
44
36
18
1
-20
-48
-60
-61
-69
-95
-135
-202
-260
-307
-342
-343
-345
-349
-352
-364
-361
-361
-369
-371
-355
-329
-295
-270
-249
-236
-248
-262
-272
-277
-274
-272
-288
-303
-318
-329
-330
-348
-346
-323
-298
-264
-236
-219
-225
-249
-259
-234
-194
-144
-96
-65
-44
-34
-43
-60
-76
-82
-64
-25
28
82
128
164
191
213
243
266
276
302
338
368
380
389
395
381
368
364
362
350
331
312
300
290
284
288
291
283
277
282
290
283
267
253
258
265
274
291
303
299
280
251
237
228
223
228
241
257
259
259
252
232
211
193
174
143
113
88
66
43
18
-1
-18
-23
-25
-32
-53
-81
-108
-130
-126
-101
-58
-22
-8
1
-10
-42
-89
-134
-149
-135
-106
-72
-50
-45
-59
-107
-178
-243
-291
-323
-343
-345
-322
-312
-335
-376
-411
-434
-450
-447
-430
-418
-410
-390
-368
-359
-345
-310
-284
-279
-278
-274
-276
-298
-318
-326
-308
-266
-214
-175
-162
-164
-174
-190
-211
-215
-201
-179
-158
-121
-82
-70
-82
-101
-111
-113
-98
-63
-16
29
72
115
147
175
205
235
257
281
318
353
368
375
393
411
415
405
397
391
379
359
333
321
326
335
337
339
349
345
328
306
295
286
279
281
291
300
300
302
289
268
245
227
216
204
191
178
176
179
186
184
168
154
139
130
118
95
68
40
16
-1
-15
-21
-16
-26
-52
-72
-92
-112
-133
-144
-125
-92
-58
-32
-20
-15
-36
-66
-69
-65
-75
-89
-95
-99
-106
-133
-165
-194
-213
-225
-241
-249
-251
-266
-286
-285
-278
-276
-277
-276
-274
-279
-289
-305
-316
-310
-290
-271
-260
-253
-254
-269
-296
-324
-348
-360
-353
-333
-304
-267
-242
-235
-242
-242
-238
-236
-227
-205
-178
-159
-137
-110
-92
-85
-87
-93
-101
-106
-112
-114
-108
-87
-49
-8
34
81
120
150
174
199
223
245
274
320
363
384
395
397
395
388
374
363
361
369
377
375
375
371
352
322
296
278
272
272
279
295
316
337
344
343
345
343
319
283
253
224
200
180
176
182
178
169
150
124
91
49
9
-19
-20
-8
4
9
11
7
-12
-39
-69
-96
-105
-92
-75
-66
-65
-72
-81
-91
-92
-82
-77
-77
-77
-70
-74
-95
-124
-149
-158
-150
-135
-130
-136
-146
-159
-180
-204
-226
-245
-245
-235
-224
-229
-245
-265
-281
-280
-266
-247
-237
-231
-219
-209
-203
-205
-211
-215
-219
-220
-217
-220
-232
-249
-263
-264
-260
-256
-247
-237
-233
-238
-244
-242
-228
-207
-174
-129
-87
-54
-41
-41
-49
-54
-48
-34
-10
22
53
73
80
83
85
90
100
118
146
184
215
242
273
303
326
337
350
364
370
369
365
371
385
394
391
383
371
351
324
299
282
268
266
279
294
310
314
310
300
287
276
262
246
230
217
205
192
173
147
119
89
53
22
-2
-18
-37
-56
-67
-72
-79
-90
-107
-111
-100
-94
-93
-91
-86
-87
-94
-103
-105
-99
-90
-78
-67
-62
-69
-86
-104
-119
-134
-147
-155
-161
-160
-160
-145
-148
-176
-181
-181
-187
-189
-192
-200
-206
-207
-226
-250
-258
-254
-246
-221
-195
-192
-197
-204
-206
-200
-191
-185
-173
-161
-155
-155
-167
-173
-180
-199
-214
-219
-229
-249
-272
-284
-286
-273
-255
-233
-211
-186
-160
-141
-122
-98
-67
-35
2
50
97
121
132
141
146
155
160
161
170
182
200
214
221
229
236
243
256
276
297
306
309
322
344
364
376
384
387
382
371
360
345
332
326
334
353
361
353
332
301
268
243
226
218
223
228
226
217
200
167
133
110
90
70
52
35
16
-10
-31
-45
-64
-84
-94
-100
-113
-122
-128
-141
-150
-148
-149
-157
-154
-149
-145
-134
-127
-127
-130
-131
-141
-146
-145
-150
-149
-145
-137
-146
-164
-180
-198
-212
-222
-216
-207
-201
-188
-185
-198
-196
-201
-216
-215
-212
-216
-205
-186
-177
-169
-165
-170
-167
-152
-145
-141
-147
-152
-145
-144
-130
-107
-97
-106
-117
-134
-154
-169
-180
-187
-179
-161
-155
-142
-134
-150
-164
-162
-144
-117
-92
-67
-22
17
52
88
103
111
123
136
153
160
175
202
217
241
258
260
253
239
230
233
252
267
280
285
287
286
288
298
298
292
301
328
330
342
349
337
329
322
315
328
335
305
296
270
251
217
196
187
146
152
143
124
96
81
81
41
23
-6
-28
-25
-46
-54
-62
-43
-43
-50
-85
-106
-106
-148
-149
-142
-123
-160
-120
-128
-184
-138
-177
-203
-183
-115
-187
-215
-104
-233
-254
-169
-215
-258
-202
-163
-247
-252
-160
-236
-262
-152
-205
-200
-163
-153
-197
-174
-125
-219
-207
-118
-140
-198
-157
-132
-167
-155
-152
-176
-159
-146
-164
-158
-128
-141
-141
-143
-129
-158
-215
-178
-174
-161
-149
-142
-106
-127
-109
-111
-127
-113
-117
-96
-62
-34
-15
31
68
68
83
113
112
135
152
196
226
215
242
241
254
266
266
275
297
299
293
307
290
297
300
307
330
330
329
341
347
326
329
338
333
338
312
319
311
284
282
270
282
249
212
196
181
167
140
147
115
125
154
110
73
43
54
29
-20
15
30
18
3
-30
-18
-40
-100
-60
-55
-124
-73
-79
-123
-79
-82
-162
-160
-122
-173
-153
-110
-126
-128
-134
-158
-230
-203
-266
-317
-169
-272
-269
-166
-267
-288
-248
-272
-299
-254
-251
-264
-201
-209
-278
-240
-221
-272
-212
-200
-245
-148
-152
-241
-186
-160
-258
-205
-159
-208
-199
-216
-216
-180
-151
-225
-210
-112
-173
-205
-163
-178
-151
-139
-171
-110
-53
-88
-87
-35
-19
-97
-72
14
20
74
79
121
191
171
159
191
239
262
260
293
327
298
278
299
339
334
337
372
387
358
305
300
318
310
310
348
370
342
308
303
285
250
241
249
252
223
198
193
156
127
107
96
76
73
74
40
44
39
23
50
58
38
14
11
45
57
44
62
95
99
56
42
56
37
57
92
81
82
59
4
17
23
-27
13
52
12
-44
-26
-23
-109
-91
-73
-103
-112
-136
-191
-200
-215
-264
-237
-233
-247
-282
-327
-301
-345
-366
-324
-300
-280
-305
-345
-354
-315
-359
-359
-280
-246
-278
-297
-252
-311
-343
-304
-300
-258
-236
-252
-301
-274
-285
-358
-309
-294
-296
-235
-178
-181
-183
-176
-196
-195
-172
-114
-45
49
94
99
138
125
75
128
219
286
345
364
378
357
297
299
361
386
400
421
415
381
316
271
285
313
315
317
311
288
238
190
198
209
212
222
223
209
182
150
156
162
154
165
175
156
117
105
105
103
103
104
123
125
83
101
133
158
172
152
170
182
211
209
228
296
296
278
254
253
222
195
244
279
267
197
139
92
30
7
22
33
5
-42
-88
-147
-205
-234
-239
-219
-215
-235
-270
-319
-332
-396
-417
-360
-362
-366
-360
-396
-416
-449
-465
-437
-449
-420
-416
-413
-374
-433
-468
-420
-408
-441
-454
-419
-393
-407
-420
-415
-434
-464
-471
-426
-384
-299
-273
-261
-252
-304
-305
-312
-220
-113
-22
96
138
137
78
46
108
200
329
427
490
467
380
330
319
331
389
443
451
422
320
232
175
163
210
247
274
230
152
79
23
40
55
101
137
130
87
29
13
6
30
90
149
170
162
131
141
152
167
215
255
284
262
252
254
283
359
398
456
444
403
409
385
396
440
511
534
506
481
400
346
341
358
423
440
372
279
196
132
82
74
84
79
32
-63
-140
-195
-246
-249
-205
-196
-236
-289
-352
-413
-423
-407
-392
-387
-432
-483
-502
-512
-500
-488
-474
-486
-557
-586
-616
-613
-573
-538
-502
-505
-572
-646
-696
-697
-669
-593
-494
-401
-335
-362
-369
-436
-464
-392
-248
-87
22
137
174
130
67
35
120
259
405
495
503
400
259
180
177
235
294
329
314
233
69
-47
-72
-53
-9
25
14
-42
-135
-199
-200
-155
-95
-41
-19
-33
-54
-71
-57
3
86
147
187
203
191
193
228
279
329
393
409
394
383
364
404
451
524
578
584
543
463
450
457
501
556
604
623
586
539
446
419
426
452
522
544
490
384
315
270
262
282
286
266
193
110
36
-7
-32
-48
-41
-65
-126
-209
-293
-329
-345
-362
-374
-396
-449
-516
-561
-561
-545
-537
-554
-593
-625
-664
-673
-664
-641
-632
-653
-720
-787
-747
-678
-529
-389
-329
-363
-458
-486
-457
-323
-131
109
300
311
199
36
-33
13
219
459
551
518
336
133
-14
-62
-4
101
143
73
-97
-320
-462
-500
-442
-343
-278
-287
-392
-499
-556
-531
-455
-335
-208
-170
-180
-226
-216
-160
-75
57
150
194
189
176
189
235
311
384
442
436
395
365
379
408
485
573
595
559
470
432
423
464
530
597
659
629
576
517
490
514
579
662
683
653
558
473
444
457
496
522
510
441
335
229
173
143
131
133
97
32
-77
-183
-246
-273
-271
-264
-288
-359
-433
-496
-524
-495
-468
-446
-454
-479
-542
-590
-614
-591
-555
-546
-535
-459
-268
-152
-160
-279
-341
-302
-238
-124
76
334
455
392
250
90
1
31
247
496
590
429
149
-48
-178
-232
-187
-76
-56
-204
-452
-641
-712
-729
-699
-602
-541
-585
-694
-767
-776
-707
-601
-500
-417
-366
-374
-369
-314
-229
-125
-51
-1
25
39
51
99
168
188
202
186
153
107
107
154
202
269
279
261
218
173
182
247
350
436
488
500
493
488
497
551
632
717
759
770
740
692
674
684
704
703
671
593
488
417
363
331
302
247
156
48
-46
-126
-156
-175
-186
-198
-245
-308
-368
-392
-366
-310
-264
-238
-264
-314
-351
-356
-342
-310
-238
-220
-121
107
244
138
-83
-102
21
79
100
313
653
755
596
367
190
54
78
345
657
728
440
98
-90
-209
-323
-300
-129
-71
-278
-594
-771
-811
-844
-825
-694
-587
-635
-766
-844
-832
-767
-680
-568
-429
-383
-437
-452
-392
-293
-186
-92
-68
-106
-125
-114
-76
-36
-1
19
-43
-153
-230
-225
-184
-155
-91
-56
-68
-145
-202
-145
-33
79
159
236
267
269
282
328
425
514
599
653
661
619
547
541
575
612
606
537
434
327
260
235
228
202
154
70
-62
-147
-184
-186
-181
-163
-120
-147
-217
-263
-262
-222
-141
-46
34
36
-28
-72
-104
-96
-21
58
172
383
577
549
304
162
246
330
358
511
835
1037
924
671
463
284
221
424
768
936
740
382
118
-29
-137
-169
-33
107
-1
-303
-547
-639
-667
-668
-596
-486
-467
-585
-687
-675
-621
-589
-537
-436
-379
-399
-431
-389
-297
-237
-190
-178
-235
-284
-270
-226
-189
-164
-164
-238
-391
-499
-491
-411
-349
-309
-250
-257
-344
-416
-360
-220
-112
-47
21
105
129
138
168
223
282
346
427
457
436
351
292
310
338
335
280
190
65
-26
-34
-12
-22
-80
-145
-241
-330
-353
-325
-287
-270
-236
-230
-247
-285
-291
-247
-164
-49
11
14
-34
-93
-142
-170
-76
80
284
466
532
424
209
140
244
398
538
781
1049
1127
946
678
529
493
591
834
1085
1121
862
557
349
255
217
277
403
387
186
-76
-216
-240
-231
-203
-155
-152
-231
-320
-339
-287
-236
-220
-211
-180
-172
-208
-220
-180
-129
-110
-101
-115
-161
-207
-217
-197
-182
-187
-222
-321
-470
-542
-502
-421
-374
-364
-357
-396
-465
-495
-390
-205
-104
-99
-94
-58
-36
-2
77
171
216
222
215
210
168
97
76
103
119
71
-31
-146
-247
-322
-347
-317
-305
-350
-433
-509
-552
-545
-505
-474
-437
-402
-386
-390
-380
-372
-349
-303
-246
-199
-173
-155
-198
-274
-340
-303
-145
84
307
378
260
77
27
85
172
334
637
951
1051
901
634
440
392
542
845
1097
1120
892
628
423
296
269
378
530
517
311
81
-33
-43
-18
24
84
102
54
-8
-11
37
83
113
142
161
151
110
96
137
194
219
189
121
35
-6
-2
24
63
65
-12
-178
-330
-373
-303
-210
-159
-132
-132
-177
-258
-271
-173
-30
73
118
142
150
131
107
140
210
252
266
248
203
113
25
-15
-19
-44
-128
-231
-345
-441
-501
-523
-528
-543
-562
-618
-686
-730
-731
-706
-654
-592
-559
-570
-606
-597
-570
-538
-490
-444
-426
-447
-479
-526
-627
-655
-530
-276
-22
66
-6
-175
-298
-295
-156
105
437
729
843
733
485
285
230
389
711
986
1034
829
546
319
194
187
313
454
457
288
60
-83
-130
-77
22
104
119
67
14
20
85
161
226
267
288
296
291
293
298
328
362
367
322
240
189
179
166
161
174
156
51
-109
-198
-164
-63
19
57
58
20
-25
-20
81
237
344
385
406
440
459
456
457
491
526
538
543
510
418
293
220
209
187
117
14
-109
-231
-322
-359
-370
-399
-436
-471
-516
-585
-631
-643
-626
-587
-550
-530
-554
-584
-610
-623
-623
-616
-595
-591
-603
-683
-816
-866
-771
-539
-332
-269
-323
-435
-535
-553
-443
-193
136
401
497
403
195
1
-20
183
493
714
710
518
260
60
-21
15
116
191
182
52
-125
-253
-282
-226
-150
-73
-36
-55
-108
-119
-45
58
149
205
236
230
217
227
246
283
296
303
271
203
171
163
150
116
81
47
-15
-97
-165
-171
-109
-7
99
121
64
-4
13
129
301
461
548
557
535
542
566
599
620
647
683
699
681
600
481
378
345
355
348
289
176
54
-23
-43
-50
-59
-86
-101
-108
-146
-200
-244
-244
-220
-188
-175
-200
-247
-304
-334
-353
-371
-388
-436
-506
-617
-692
-671
-582
-442
-360
-370
-449
-557
-599
-522
-349
-128
80
219
235
113
-32
-82
-10
156
336
462
411
197
-33
-156
-158
-102
-43
-48
-136
-269
-377
-437
-429
-372
-301
-262
-269
-273
-269
-247
-189
-96
1
71
114
115
105
107
117
138
146
160
153
100
56
46
44
-5
-91
-160
-201
-237
-247
-205
-144
-87
-64
-61
-81
-98
-49
82
244
367
433
447
435
425
460
525
568
583
583
582
558
493
407
335
310
322
321
262
169
77
27
27
60
92
86
62
54
71
76
75
79
76
91
94
94
85
51
21
-3
-48
-101
-167
-232
-327
-409
-385
-280
-138
-102
-183
-307
-410
-408
-328
-164
71
275
372
316
180
41
-32
39
230
425
493
400
186
-57
-210
-234
-165
-88
-96
-206
-378
-505
-554
-544
-497
-412
-346
-347
-371
-373
-329
-271
-199
-104
-23
27
38
41
56
73
84
65
48
28
-1
-11
-13
-7
-49
-159
-283
-363
-373
-335
-274
-222
-179
-178
-206
-233
-235
-176
-55
95
216
269
268
245
233
261
320
379
406
397
363
321
273
216
150
109
113
121
83
0
-80
-112
-99
-53
-4
18
24
26
37
65
97
136
172
201
208
200
184
175
169
155
142
116
50
-38
-136
-186
-160
-72
74
138
82
-50
-180
-204
-134
53
299
513
607
530
351
172
114
211
412
597
654
530
267
14
-130
-139
-67
-3
-22
-154
-343
-488
-540
-499
-423
-341
-310
-337
-377
-367
-298
-229
-157
-94
-46
-22
-19
8
38
54
46
20
-17
-70
-103
-99
-61
-31
-76
-187
-324
-425
-452
-411
-314
-222
-191
-214
-267
-301
-288
-224
-98
43
152
195
181
147
134
157
214
275
294
272
223
168
113
51
4
-26
-46
-66
-100
-158
-221
-252
-234
-197
-159
-127
-106
-100
-89
-53
-1
45
81
112
131
151
162
173
164
128
105
84
63
20
-41
-105
-158
-157
-129
-56
30
64
31
-55
-80
-29
62
217
413
601
651
565
437
330
318
422
593
705
677
519
302
137
53
46
63
66
9
-118
-235
-297
-288
-279
-258
-229
-226
-220
-197
-146
-103
-66
-18
8
24
32
52
76
96
122
116
77
0
-58
-58
-28
-18
-70
-152
-241
-322
-377
-374
-311
-258
-237
-263
-286
-292
-287
-248
-158
-27
60
72
56
52
63
91
146
190
197
170
129
95
57
18
-8
-24
-38
-76
-143
-216
-246
-237
-216
-202
-198
-188
-182
-177
-163
-135
-98
-61
-44
-15
2
7
22
28
39
33
16
9
-41
-84
-129
-171
-198
-250
-242
-227
-190
-108
-35
-4
-51
-79
-54
-12
92
272
490
617
594
475
338
287
359
516
654
708
622
422
222
103
84
78
97
120
73
-26
-134
-186
-224
-225
-162
-91
-44
-50
-60
-49
-19
40
78
100
107
111
131
168
221
232
190
131
95
85
85
79
56
14
-53
-112
-165
-200
-212
-226
-212
-199
-196
-221
-242
-199
-132
-75
-41
-12
14
12
9
37
95
156
192
193
152
78
14
1
38
87
89
27
-68
-155
-206
-200
-160
-119
-113
-159
-221
-279
-303
-278
-232
-183
-148
-136
-144
-168
-176
-165
-127
-84
-48
-38
-72
-121
-164
-187
-205
-246
-282
-320
-358
-350
-296
-231
-188
-164
-158
-224
-300
-265
-138
19
164
297
356
301
204
158
190
288
419
527
555
483
333
181
129
179
233
237
204
106
-36
-146
-145
-90
-55
-39
-37
-53
-98
-121
-98
-60
-25
5
53
103
147
174
199
231
246
257
259
246
235
247
283
299
271
207
121
34
-13
-9
25
52
44
-2
-71
-140
-176
-147
-72
0
42
55
48
30
25
60
131
214
269
281
264
238
216
211
226
243
233
210
188
139
62
-13
-64
-122
-186
-229
-258
-279
-302
-317
-337
-362
-362
-347
-328
-285
-235
-204
-203
-200
-188
-174
-158
-120
-83
-86
-115
-137
-161
-208
-262
-316
-324
-309
-300
-286
-283
-284
-317
-382
-396
-355
-266
-160
-41
73
128
124
93
98
150
239
356
462
495
409
277
190
157
144
144
169
158
71
-58
-155
-205
-223
-218
-210
-206
-212
-221
-236
-238
-182
-100
-22
44
92
124
134
181
267
342
392
404
386
352
334
346
358
340
292
219
136
76
36
14
1
-13
-33
-62
-89
-104
-92
-37
48
125
164
186
215
264
330
412
490
541
560
561
551
530
499
463
421
373
311
225
130
35
-60
-148
-216
-262
-312
-374
-422
-447
-454
-450
-434
-400
-372
-344
-297
-220
-146
-97
-61
-30
3
19
27
32
20
2
-32
-98
-179
-261
-328
-403
-479
-515
-553
-603
-633
-603
-552
-556
-560
-517
-440
-360
-267
-126
8
108
170
205
224
231
277
361
449
471
401
297
202
130
48
-6
-31
-83
-187
-305
-373
-422
-443
-438
-419
-410
-424
-406
-355
-265
-165
-80
-16
15
51
107
193
287
357
391
382
353
319
303
306
298
274
235
191
124
51
3
3
23
26
25
20
15
15
40
101
180
273
358
421
460
484
509
538
584
638
677
686
656
607
556
503
453
411
366
292
183
78
-8
-85
-146
-191
-235
-293
-333
-335
-320
-298
-277
-254
-235
-213
-175
-133
-81
-27
20
52
60
59
54
37
14
2
-6
-34
-102
-190
-265
-321
-359
-394
-452
-524
-587
-611
-604
-583
-559
-522
-470
-437
-405
-356
-282
-189
-95
2
83
136
173
197
208
214
231
251
262
248
191
107
29
-22
-70
-119
-143
-163
-209
-286
-339
-366
-390
-388
-355
-315
-308
-302
-273
-233
-191
-140
-83
-42
-4
34
77
110
134
158
191
234
265
276
277
263
242
227
227
232
226
210
192
175
154
139
139
152
166
172
187
215
253
294
333
366
389
406
426
451
481
510
524
518
507
486
457
428
401
375
334
284
226
161
99
49
5
-42
-89
-125
-154
-180
-197
-207
-217
-219
-202
-161
-132
-129
-123
-92
-51
-15
19
36
33
15
1
-2
-7
-13
-40
-79
-117
-164
-225
-290
-339
-374
-415
-455
-500
-566
-609
-612
-584
-567
-554
-502
-454
-433
-420
-373
-291
-201
-109
-19
60
123
161
175
184
198
205
203
211
201
163
100
43
-19
-107
-184
-237
-278
-328
-364
-386
-412
-428
-426
-404
-384
-354
-312
-263
-194
-118
-40
27
81
121
152
191
229
268
307
336
338
319
297
281
255
221
203
191
171
139
103
74
49
27
19
27
47
73
97
122
152
190
236
281
331
374
402
413
428
459
492
521
534
524
489
433
379
337
315
299
267
220
164
112
65
23
-7
-28
-52
-85
-107
-108
-102
-101
-102
-86
-62
-39
-24
-3
25
60
101
132
156
145
117
94
91
98
88
71
38
-27
-114
-194
-245
-290
-331
-361
-394
-450
-535
-606
-653
-664
-648
-616
-585
-564
-535
-503
-452
-389
-327
-267
-202
-116
-46
4
53
115
178
219
242
236
210
184
173
169
158
137
84
1
-89
-168
-229
-275
-297
-308
-333
-370
-409
-421
-412
-381
-329
-265
-195
-141
-100
-55
10
82
140
201
254
286
299
319
339
331
304
276
254
223
180
134
84
40
4
-32
-63
-86
-98
-107
-110
-99
-75
-41
13
86
159
220
278
328
378
434
494
546
587
627
655
662
640
599
545
496
466
434
387
319
242
167
105
53
6
-47
-93
-122
-129
-131
-132
-125
-120
-111
-93
-56
-15
19
53
83
105
110
114
119
121
113
104
88
54
13
-34
-79
-128
-174
-224
-273
-312
-353
-398
-447
-481
-503
-514
-517
-518
-522
-531
-514
-470
-409
-357
-311
-289
-274
-244
-174
-91
-26
33
69
78
60
48
66
98
132
147
125
62
-20
-91
-118
-105
-94
-113
-163
-228
-293
-341
-339
-304
-278
-277
-290
-300
-306
-297
-266
-225
-181
-147
-123
-103
-96
-81
-45
6
50
72
89
97
104
123
152
180
189
185
167
149
135
127
135
154
167
160
145
125
116
127
168
218
260
300
328
345
362
399
450
500
547
580
587
580
571
565
571
580
568
519
455
396
337
281
241
201
133
52
-15
-67
-110
-135
-146
-156
-179
-203
-212
-199
-168
-120
-68
-24
2
21
44
72
108
152
184
198
203
206
194
167
131
90
37
-17
-55
-93
-143
-198
-249
-304
-355
-399
-437
-465
-480
-481
-479
-474
-467
-473
-482
-473
-447
-409
-363
-317
-276
-259
-257
-261
-255
-228
-191
-136
-90
-82
-117
-162
-195
-211
-194
-161
-143
-158
-196
-245
-290
-311
-302
-281
-256
-234
-229
-235
-244
-237
-214
-165
-100
-49
-14
8
25
47
87
137
176
205
225
237
238
239
242
250
260
268
263
249
234
222
209
206
215
224
216
205
200
206
220
241
262
275
283
282
279
295
336
383
419
435
434
412
382
366
377
405
432
439
410
351
287
241
216
214
224
217
187
141
99
60
37
39
55
70
77
77
67
50
42
57
84
110
122
117
96
69
56
55
53
40
12
-27
-67
-100
-126
-151
-179
-206
-243
-289
-333
-365
-380
-390
-399
-409
-439
-471
-484
-476
-472
-477
-473
-470
-473
-477
-467
-450
-442
-441
-438
-433
-429
-425
-425
-417
-414
-413
-408
-399
-385
-378
-373
-357
-328
-306
-287
-264
-226
-179
-136
-101
-83
-62
-31
7
42
62
82
105
133
154
164
171
172
176
180
197
213
222
225
227
229
223
226
239
255
265
272
288
303
305
295
297
306
315
322
325
317
297
279
271
275
276
264
246
230
221
216
210
211
216
221
226
237
247
254
268
281
293
309
325
335
348
366
372
367
363
359
350
339
331
315
289
263
245
224
195
161
126
94
64
38
14
-11
-31
-49
-64
-87
-105
-116
-134
-153
-159
-155
-164
-185
-199
-207
-217
-229
-236
-250
-277
-303
-325
-343
-361
-377
-396
-420
-442
-462
-478
-493
-497
-491
-484
-479
-467
-452
-444
-437
-423
-394
-359
-329
-310
-288
-266
-248
-230
-211
-185
-164
-148
-135
-125
-124
-132
-136
-124
-121
-140
-153
-152
-141
-132
-137
-141
-143
-138
-138
-123
-86
-33
7
21
31
43
67
91
137
200
240
259
269
280
279
284
306
340
365
360
343
316
309
310
301
302
299
295
281
267
256
248
255
258
271
277
286
281
271
281
295
317
333
342
344
341
335
329
337
341
330
304
287
276
261
242
216
189
154
114
77
60
46
14
-10
-16
-18
-43
-68
-80
-88
-84
-71
-58
-58
-64
-75
-87
-81
-66
-50
-50
-53
-60
-70
-78
-93
-105
-117
-126
-145
-169
-197
-229
-255
-278
-293
-306
-322
-341
-361
-367
-366
-365
-366
-368
-373
-367
-353
-341
-323
-301
-283
-271
-250
-227
-218
-212
-200
-184
-170
-154
-150
-154
-153
-145
-138
-145
-151
-154
-155
-165
-174
-166
-155
-150
-151
-139
-131
-132
-127
-115
-87
-62
-38
-25
-11
1
5
23
52
92
116
140
169
177
172
167
189
219
250
276
296
302
284
260
253
268
276
285
295
289
270
247
240
232
222
221
219
217
213
215
222
235
239
232
224
217
216
216
234
250
251
231
196
171
152
139
130
125
111
82
50
9
-24
-46
-48
-48
-52
-57
-71
-84
-107
-109
-102
-83
-61
-45
-31
-31
-28
-31
-21
-7
0
5
1
-3
-8
-16
-27
-40
-55
-75
-88
-95
-101
-110
-120
-134
-153
-168
-179
-178
-165
-155
-148
-146
-143
-144
-133
-113
-90
-70
-53
-40
-38
-36
-32
-32
-41
-42
-42
-53
-73
-96
-112
-125
-135
-145
-158
-176
-195
-212
-219
-213
-201
-189
-178
-178
-183
-186
-175
-146
-107
-67
-41
-36
-36
-24
0
29
64
98
123
130
124
121
123
125
130
141
145
139
132
132
138
140
142
150
160
165
162
169
185
198
203
207
211
210
205
197
195
201
205
208
207
192
161
130
112
105
93
79
65
41
5
-33
-55
-66
-71
-77
-81
-88
-103
-123
-141
-144
-134
-119
-105
-93
-90
-94
-102
-101
-84
-69
-52
-39
-29
-25
-29
-31
-31
-26
-21
-12
-6
-7
-13
-20
-22
-26
-27
-28
-27
-25
-21
-19
-21
-28
-39
-48
-52
-47
-41
-38
-32
-35
-45
-60
-66
-63
-56
-43
-31
-26
-28
-35
-46
-54
-49
-36
-23
-22
-26
-33
-45
-55
-61
-59
-61
-61
-63
-63
-68
-79
-84
-85
-78
-72
-65
-60
-56
-52
-45
-29
-11
3
11
24
38
50
57
66
82
97
109
117
127
133
128
123
123
130
133
136
135
127
114
102
96
93
91
88
85
80
74
65
59
59
62
65
68
68
67
70
73
76
81
86
84
71
53
43
38
34
28
20
5
-17
-44
-69
-86
-95
-96
-95
-99
-111
-130
-147
-156
-153
-138
-118
-100
-88
-85
-85
-87
-81
-68
-46
-23
-9
-9
-19
-31
-42
-49
-50
-49
-47
-54
-74
-95
-111
-121
-125
-125
-124
-120
-117
-115
-115
-111
-98
-80
-64
-47
-29
-16
-5
7
27
45
56
62
70
80
80
75
76
77
71
60
52
42
32
20
7
-1
-7
-15
-25
-32
-31
-28
-25
-19
-14
-10
-7
1
17
30
42
56
69
79
87
92
99
112
123
127
127
127
124
116
109
106
103
103
101
100
96
88
86
90
95
102
110
121
128
133
138
141
147
156
169
182
192
199
199
192
181
173
167
164
165
162
154
136
105
71
44
22
10
4
-2
-15
-40
-73
-102
-122
-131
-134
-131
-132
-138
-154
-171
-182
-189
-192
-187
-179
-176
-183
-193
-202
-207
-210
-207
-202
-201
-203
-205
-209
-214
-222
-225
-223
-216
-209
-204
-203
-204
-206
-200
-192
-183
-168
-152
-137
-124
-113
-107
-99
-88
-76
-61
-46
-34
-26
-23
-25
-31
-30
-21
-12
-8
-6
-7
-15
-25
-31
-32
-31
-28
-22
-16
-13
-17
-21
-21
-15
-3
10
22
36
49
60
68
72
79
89
102
116
131
146
154
156
153
153
157
166
179
192
200
203
201
201
201
205
208
218
231
241
247
248
248
248
250
257
266
272
278
277
272
265
259
252
244
239
234
224
207
184
161
137
120
107
96
83
62
36
9
-15
-33
-47
-54
-60
-69
-83
-98
-116
-129
-139
-144
-145
-144
-147
-151
-158
-167
-176
-180
-179
-176
-179
-187
-196
-202
-207
-212
-216
-219
-220
-219
-221
-228
-238
-244
-242
-235
-228
-223
-220
-220
-221
-219
-215
-211
-206
-201
-195
-185
-176
-171
-167
-167
-169
-170
-164
-154
-146
-142
-139
-137
-139
-138
-135
-129
-123
-117
-112
-109
-107
-104
-96
-85
-75
-65
-54
-41
-29
-17
-7
5
19
35
59
85
107
121
130
137
149
168
191
216
235
245
246
247
252
262
274
291
304
307
305
300
295
293
296
306
312
311
307
301
290
279
272
268
269
271
271
267
255
241
227
216
210
207
206
202
195
179
155
133
117
102
95
88
82
69
46
22
1
-14
-22
-23
-25
-33
-45
-59
-72
-80
-81
-78
-78
-81
-86
-93
-101
-108
-112
-111
-113
-117
-122
-133
-143
-151
-157
-162
-166
-174
-185
-198
-211
-221
-229
-233
-236
-239
-246
-253
-260
-266
-269
-267
-262
-256
-251
-250
-253
-252
-244
-232
-221
-212
-210
-210
-211
-212
-210
-205
-199
-192
-184
-179
-180
-183
-182
-175
-160
-143
-125
-111
-103
-100
-93
-79
-61
-38
-15
5
25
41
54
68
83
98
119
139
155
166
173
175
180
187
197
205
212
219
223
227
228
227
226
229
234
238
240
239
234
227
223
223
229
234
236
234
227
222
218
216
214
213
211
209
205
196
183
173
168
165
162
153
142
130
116
105
97
90
84
74
64
54
45
36
31
24
20
16
9
1
-7
-16
-23
-28
-30
-34
-40
-48
-58
-68
-80
-89
-98
-104
-113
-120
-129
-141
-154
-167
-178
-187
-193
-195
-201
-209
-218
-225
-232
-235
-235
-234
-233
-234
-233
-234
-234
-232
-227
-217
-210
-205
-198
-193
-184
-175
-164
-156
-148
-144
-143
-142
-136
-129
-121
-116
-113
-111
-111
-110
-109
-103
-94
-83
-74
-65
-62
-62
-57
-48
-33
-14
6
22
32
39
44
53
65
84
106
125
137
145
147
147
147
153
166
177
187
190
186
179
175
172
176
181
187
192
192
188
183
179
175
176
181
186
187
187
184
180
177
175
174
173
172
170
166
159
154
149
142
135
128
125
120
114
108
101
94
86
78
69
64
60
55
46
36
26
15
7
0
-5
-13
-21
-31
-42
-53
-62
-72
-79
-89
-99
-109
-117
-126
-133
-141
-148
-152
-152
-151
-150
-153
-158
-161
-163
-161
-159
-156
-159
-162
-161
-160
-160
-160
-157
-156
-153
-153
-154
-153
-152
-148
-145
-145
-145
-146
-146
-143
-136
-131
-127
-125
-121
-115
-107
-97
-86
-77
-69
-60
-51
-40
-30
-23
-17
-9
1
13
23
29
34
39
43
51
59
69
75
81
88
92
93
93
95
98
102
107
111
113
115
116
115
116
120
123
125
127
131
135
136
131
125
124
127
126
125
124
129
131
127
123
118
117
117
118
115
116
113
105
100
98
97
96
91
83
76
71
66
62
59
55
52
49
46
43
37
30
22
19
19
16
13
7
-3
-13
-21
-28
-35
-39
-42
-47
-55
-65
-76
-87
-92
-97
-100
-103
-105
-107
-112
-119
-124
-127
-129
-128
-127
-123
-122
-124
-127
-132
-135
-134
-133
-134
-134
-135
-137
-140
-144
-145
-145
-142
-140
-139
-136
-135
-133
-127
-119
-110
-100
-91
-80
-68
-60
-55
-49
-42
-32
-24
-16
-7
-1
4
8
10
13
15
19
23
27
33
36
39
37
39
36
34
36
40
45
53
59
63
66
68
70
77
84
93
102
109
112
112
112
111
112
114
117
118
118
115
112
109
106
104
105
104
105
103
101
100
98
98
98
97
96
96
93
91
87
82
77
73
70
67
62
56
50
43
37
31
24
18
14
9
3
-4
-10
-17
-22
-28
-32
-35
-37
-40
-44
-47
-50
-53
-54
-54
-54
-54
-53
-56
-60
-64
-67
-72
-76
-79
-81
-86
-92
-100
-104
-106
-110
-112
-111
-109
-108
-107
-107
-105
-103
-102
-98
-94
-91
-88
-86
-84
-81
-81
-80
-78
-76
-74
-74
-74
-74
-73
-72
-69
-64
-61
-58
-56
-56
-53
-48
-42
-36
-29
-22
-15
-9
-6
2
10
16
23
33
43
49
55
61
66
70
72
76
80
83
86
88
90
94
95
95
99
104
107
112
115
117
121
123
125
127
130
134
136
135
134
134
130
127
125
122
120
116
109
104
101
94
84
79
74
67
62
56
50
44
40
35
28
24
22
18
12
12
11
7
2
-2
-7
-11
-14
-18
-24
-28
-31
-38
-46
-51
-57
-60
-65
-69
-74
-80
-84
-85
-88
-89
-90
-91
-93
-95
-96
-96
-96
-97
-97
-98
-98
-97
-97
-99
-101
-102
-102
-102
-100
-97
-96
-97
-97
-96
-97
-97
-97
-96
-93
-91
-89
-85
-83
-81
-76
-74
-68
-63
-58
-52
-46
-40
-33
-28
-23
-17
-12
-8
-4
0
3
6
12
17
20
22
27
31
36
41
45
49
53
59
64
70
74
79
84
87
92
95
97
99
100
102
106
108
109
113
115
115
115
116
115
115
115
114
114
113
110
108
106
103
102
97
94
92
88
84
81
78
73
69
63
60
55
51
44
37
31
26
20
15
8
0
-7
-12
-20
-26
-31
-38
-45
-51
-58
-64
-70
-75
-81
-85
-90
-95
-99
-105
-108
-113
-116
-118
-120
-122
-125
-128
-130
-131
-130
-130
-130
-131
-130
-129
-130
-129
-128
-125
-123
-121
-118
-114
-110
-106
-101
-97
-92
-89
-83
-79
-74
-67
-62
-56
-52
-47
-43
-39
-34
-28
-23
-19
-13
-9
-4
2
5
10
15
21
25
27
31
34
40
44
47
50
54
57
62
64
69
72
75
79
82
85
89
93
97
99
102
107
111
113
115
116
119
121
125
127
129
131
134
135
137
138
140
141
143
144
144
143
143
142
141
140
137
134
133
131
127
123
118
112
106
101
95
89
82
74
66
58
49
42
34
26
16
6
-3
-10
-20
-31
-40
-48
-56
-63
-71
-81
-89
-96
-103
-110
-115
-121
-128
-135
-139
-143
-147
-151
-157
-161
-165
-167
-167
-168
-167
-168
-168
-168
-165
-162
-158
-154
-152
-150
-147
-142
-137
-132
-127
-123
-118
-116
-111
-106
-101
-96
-92
-88
-84
-79
-73
-68
-63
-57
-52
-48
-42
-38
-32
-27
-21
-16
-12
-7
0
7
12
14
18
22
28
33
37
41
45
51
54
59
64
68
71
75
79
83
87
90
92
96
100
104
108
113
117
121
124
127
128
132
136
138
139
141
143
145
146
148
149
149
148
147
145
143
141
139
138
134
129
123
121
116
110
103
98
92
83
79
71
65
59
54
48
41
33
25
19
11
4
-3
-10
-16
-23
-31
-38
-42
-49
-56
-62
-67
-74
-80
-85
-91
-96
-101
-106
-108
-113
-118
-122
-125
-130
-133
-135
-138
-140
-141
-142
-142
-143
-143
-142
-142
-142
-142
-140
-138
-136
-133
-131
-128
-126
-122
-118
-116
-113
-110
-107
-102
-100
-96
-93
-89
-86
-82
-76
-71
-67
-61
-57
-53
-50
-45
-39
-34
-28
-22
-18
-12
-6
-3
3
9
15
20
26
33
40
44
51
57
62
68
73
77
79
83
85
89
92
95
100
103
104
107
108
109
111
113
115
115
115
114
116
115
116
116
116
116
116
116
115
114
111
109
108
107
107
104
101
97
94
90
90
89
87
83
80
75
71
69
66
63
57
53
50
48
45
40
36
31
28
24
20
14
8
3
-3
-8
-13
-18
-23
-28
-34
-41
-47
-52
-59
-63
-68
-74
-80
-84
-88
-92
-98
-101
-104
-106
-107
-109
-112
-114
-115
-117
-116
-116
-115
-117
-118
-118
-119
-118
-118
-117
-116
-113
-113
-111
-110
-109
-107
-104
-100
-97
-93
-88
-83
-77
-73
-69
-64
-58
-52
-46
-42
-37
-31
-27
-20
-15
-11
-5
0
4
8
13
17
21
23
24
27
32
34
37
37
40
43
45
50
53
56
60
64
67
70
73
76
77
80
84
86
89
92
93
95
95
97
98
101
102
102
102
102
101
101
100
101
100
100
98
97
96
95
93
90
89
86
86
84
82
80
77
75
70
68
63
59
56
50
44
39
32
26
21
16
10
5
0
-5
-12
-17
-25
-29
-33
-38
-41
-47
-51
-55
-61
-65
-70
-72
-74
-77
-79
-82
-84
-87
-88
-90
-92
-92
-93
-92
-94
-94
-96
-98
-97
-97
-96
-95
-95
-93
-92
-92
-91
-88
-88
-85
-83
-81
-78
-76
-75
-74
-70
-68
-65
-63
-59
-58
-55
-52
-50
-47
-44
-41
-36
-32
-27
-25
-22
-17
-13
-9
-5
-2
3
6
10
12
14
19
23
26
30
33
36
38
40
44
46
49
51
52
56
59
59
60
61
63
65
67
69
70
71
72
73
76
77
78
79
81
82
83
82
80
79
79
78
76
74
74
72
68
65
61
59
56
53
51
48
46
41
38
35
34
31
27
23
20
17
15
11
7
5
0
-2
-4
-9
-11
-16
-19
-24
-26
-32
-35
-39
-42
-44
-47
-47
-52
-55
-57
-58
-58
-58
-58
-59
-59
-59
-59
-59
-59
-57
-56
-55
-54
-54
-53
-53
-50
-50
-49
-49
-49
-49
-48
-47
-46
-46
-44
-43
-43
-43
-41
-40
-38
-37
-35
-32
-30
-28
-27
-24
-21
-17
-14
-11
-10
-6
-4
-1
2
5
9
12
15
18
19
21
23
27
29
33
34
35
36
36
38
40
42
43
45
47
48
48
48
48
50
49
52
52
53
53
53
54
54
55
57
56
55
54
53
52
51
51
51
50
49
46
45
41
39
37
35
33
31
28
25
20
17
12
11
9
6
5
1
-2
-6
-9
-12
-14
-15
-15
-16
-20
-23
-24
-28
-29
-31
-32
-33
-34
-36
-39
-40
-42
-41
-43
-42
-43
-42
-44
-46
-46
-46
-46
-45
-46
-44
-44
-44
-43
-41
-40
-39
-40
-39
-38
-37
-35
-34
-32
-29
-28
-28
-27
-27
-28
-27
-25
-23
-20
-20
-19
-17
-19
-17
-16
-14
-13
-11
-9
-6
-7
-8
-5
-4
-1
1
2
4
6
8
10
11
12
13
15
16
19
20
21
20
22
24
25
25
24
24
27
28
28
27
30
33
34
35
35
35
35
36
36
35
37
36
36
36
37
37
37
35
35
35
33
31
30
31
29
27
25
25
23
19
18
17
16
14
11
9
7
5
3
0
-1
-3
-4
-6
-7
-9
-11
-13
-14
-15
-20
-22
-23
-26
-27
-28
-28
-30
-31
-33
-37
-37
-37
-37
-38
-39
-38
-39
-40
-42
-42
-41
-41
-41
-41
-38
-37
-38
-38
-39
-37
-35
-35
-33
-32
-30
-29
-28
-27
-24
-24
-24
-23
-20
-17
-14
-13
-11
-9
-7
-6
-5
-3
-2
0
1
5
8
10
11
12
15
18
22
23
25
27
29
30
33
35
37
39
39
40
43
43
45
45
46
47
47
48
49
48
49
49
49
48
48
48
47
47
46
46
46
45
45
43
44
42
41
40
40
40
38
36
36
37
33
32
29
27
26
23
23
21
17
14
12
10
8
5
2
-1
-5
-8
-11
-15
-18
-21
-24
-26
-29
-31
-33
-36
-39
-40
-40
-42
-44
-45
-46
-48
-49
-50
-50
-51
-50
-52
-53
-53
-54
-56
-56
-55
-55
-54
-55
-54
-55
-55
-54
-54
-54
-53
-53
-54
-54
-53
-51
-49
-49
-47
-46
-43
-42
-40
-39
-36
-35
-31
-27
-27
-25
-23
-22
-18
-17
-14
-11
-8
-6
-4
-1
2
4
5
9
11
14
16
19
20
23
25
27
31
33
34
36
37
39
42
42
44
47
49
51
53
54
56
58
59
60
62
63
64
64
64
64
66
67
67
68
68
66
65
65
63
64
62
60
59
57
55
52
49
47
45
42
39
35
31
27
23
18
17
13
7
4
-2
-5
-8
-12
-17
-20
-23
-26
-27
-31
-34
-36
-41
-42
-43
-47
-48
-50
-53
-53
-54
-56
-58
-56
-56
-58
-59
-59
-60
-61
-58
-58
-59
-56
-57
-57
-55
-52
-53
-52
-49
-47
-46
-45
-44
-41
-38
-36
-33
-31
-30
-28
-27
-25
-22
-20
-17
-16
-14
-11
-10
-7
-6
-4
-3
-1
1
3
4
5
6
7
8
10
11
13
15
16
17
17
19
21
23
24
27
29
29
30
32
34
36
38
38
41
43
44
45
47
49
49
50
52
54
55
56
56
59
59
59
60
60
60
60
60
60
59
59
58
57
56
55
53
51
48
46
43
42
40
37
34
31
28
25
21
17
14
10
6
2
-2
-4
-8
-11
-15
-17
-22
-26
-29
-32
-36
-39
-42
-45
-47
-50
-52
-54
-56
-58
-60
-62
-64
-66
-67
-68
-69
-68
-69
-69
-68
-68
-67
-67
-66
-65
-64
-63
-62
-60
-58
-56
-54
-52
-51
-49
-48
-46
-45
-42
-42
-40
-38
-36
-33
-32
-29
-27
-27
-24
-23
-22
-21
-19
-18
-17
-16
-14
-12
-11
-9
-8
-6
-5
-4
-2
-1
1
4
4
7
8
10
12
14
17
18
20
21
21
25
27
28
31
33
36
37
39
41
43
44
46
48
50
51
53
54
54
55
55
58
59
62
63
66
65
66
66
66
65
63
62
63
64
63
63
62
60
59
57
55
53
52
49
47
44
40
37
32
28
24
23
20
16
11
6
3
-2
-5
-8
-13
-15
-19
-21
-25
-28
-30
-32
-35
-37
-39
-41
-45
-46
-47
-47
-49
-50
-52
-53
-54
-55
-56
-56
-56
-56
-57
-58
-57
-57
-57
-58
-57
-57
-55
-54
-53
-52
-50
-49
-48
-46
-45
-43
-41
-38
-35
-32
-30
-28
-26
-24
-22
-20
-18
-15
-13
-10
-7
-5
-4
-1
2
2
6
7
9
12
14
16
18
21
25
28
30
31
34
36
39
41
41
42
45
46
48
48
49
51
51
51
53
53
53
55
55
56
54
53
54
55
55
52
53
52
51
50
49
49
48
47
47
46
45
43
42
42
40
39
36
34
33
31
29
27
25
23
19
16
14
14
12
9
5
3
1
0
-2
-6
-9
-11
-14
-15
-18
-21
-24
-29
-32
-33
-36
-40
-42
-44
-45
-48
-50
-55
-57
-59
-60
-60
-63
-65
-66
-69
-68
-69
-71
-71
-73
-73
-74
-74
-74
-74
-73
-73
-74
-73
-70
-69
-68
-66
-63
-62
-61
-59
-58
-55
-52
-50
-47
-45
-42
-41
-40
-37
-33
-30
-28
-26
-24
-21
-17
-15
-13
-10
-6
-5
-2
1
4
7
9
13
15
15
17
19
22
25
27
27
28
29
30
31
34
36
37
37
38
40
42
44
43
43
45
46
48
50
52
52
53
54
54
54
53
53
55
54
56
56
54
56
55
54
54
53
53
53
52
51
50
48
46
46
43
42
41
41
38
35
34
33
31
28
25
23
21
19
16
14
12
9
6
4
2
1
-2
-4
-5
-7
-10
-11
-13
-15
-18
-20
-21
-22
-24
-25
-25
-26
-28
-29
-31
-32
-35
-33
-35
-37
-35
-36
-36
-36
-36
-37
-37
-36
-37
-37
-37
-37
-37
-36
-35
-35
-33
-32
-30
-30
-29
-28
-25
-24
-23
-24
-22
-21
-20
-20
-17
-15
-14
-13
-11
-11
-9
-7
-4
-4
-2
-1
0
2
4
6
7
8
10
11
13
15
16
18
19
20
23
22
24
25
26
27
27
28
28
30
29
30
32
32
31
31
32
33
33
33
32
31
32
31
31
31
30
30
30
30
29
29
27
25
24
24
24
22
21
20
19
20
18
16
15
13
14
11
9
9
8
7
6
4
2
0
-1
-2
-3
-5
-7
-8
-11
-11
-13
-14
-16
-18
-20
-21
-23
-24
-26
-27
-28
-29
-31
-31
-34
-35
-35
-36
-37
-37
-39
-41
-43
-43
-43
-44
-45
-45
-44
-46
-46
-47
-45
-47
-47
-45
-45
-44
-45
-45
-44
-43
-41
-41
-40
-40
-37
-35
-35
-34
-31
-30
-28
-26
-24
-23
-21
-18
-16
-16
-15
-13
-10
-7
-6
-5
-2
1
2
3
4
7
10
11
12
13
15
18
19
20
21
23
25
27
28
29
30
33
33
32
34
34
35
36
37
36
37
38
37
36
37
38
38
37
36
37
36
35
35
35
34
34
32
32
31
30
28
27
28
26
25
23
22
21
20
18
18
16
16
15
14
12
11
9
9
7
6
4
3
3
2
1
-1
-3
-3
-5
-6
-7
-8
-7
-7
-7
-8
-9
-9
-9
-10
-11
-11
-10
-11
-12
-11
-12
-12
-13
-13
-13
-13
-13
-13
-13
-13
-13
-14
-13
-12
-13
-14
-13
-13
-12
-14
-13
-12
-13
-12
-11
-10
-9
-10
-10
-9
-8
-7
-4
-3
-3
-3
-2
-2
0
1
1
1
2
3
4
4
5
5
4
7
8
8
9
11
12
14
14
14
14
16
16
16
17
18
19
19
20
20
21
20
19
20
20
20
20
21
21
20
20
21
20
19
17
17
16
16
17
16
13
12
11
10
9
8
8
7
6
5
2
2
-1
-1
-3
-5
-6
-7
-10
-12
-12
-14
-15
-17
-19
-20
-21
-23
-24
-25
-26
-27
-27
-28
-29
-29
-29
-30
-30
-31
-32
-32
-32
-33
-34
-35
-34
-34
-34
-34
-33
-34
-34
-35
-33
-33
-34
-33
-32
-32
-32
-33
-32
-31
-30
-29
-29
-27
-28
-28
-27
-24
-23
-20
-19
-20
-18
-17
-14
-11
-11
-9
-8
-7
-4
-4
-3
0
2
3
5
7
8
10
11
12
13
14
17
19
19
20
22
25
26
26
29
28
29
32
34
35
35
36
38
39
40
41
41
42
42
41
43
43
42
41
42
42
42
41
41
41
40
39
38
39
38
37
36
33
32
31
31
28
26
25
23
22
21
19
17
15
13
12
10
9
7
5
2
-1
-3
-6
-8
-11
-13
-17
-17
-19
-22
-24
-26
-28
-29
-30
-31
-33
-34
-36
-37
-39
-39
-40
-41
-41
-42
-43
-44
-43
-42
-42
-42
-41
-41
-39
-38
-38
-37
-35
-34
-34
-32
-30
-29
-27
-25
-23
-23
-22
-19
-18
-16
-15
-12
-10
-9
-8
-6
-5
-3
-2
-1
2
3
4
6
6
9
9
11
13
15
15
15
17
19
19
20
20
21
23
25
25
25
26
26
26
27
27
28
29
28
29
29
30
29
30
31
32
33
33
32
33
34
34
33
33
34
35
34
33
33
34
33
32
31
31
30
28
27
26
26
25
22
21
18
17
15
12
11
9
5
4
1
0
-2
-6
-7
-11
-13
-13
-16
-18
-21
-23
-26
-28
-28
-29
-31
-31
-34
-34
-34
-34
-36
-37
-38
-37
-37
-37
-37
-37
-38
-38
-37
-38
-37
-36
-35
-36
-35
-34
-33
-32
-30
-30
-30
-28
-28
-27
-27
-26
-25
-25
-23
-21
-20
-18
-17
-16
-15
-14
-13
-12
-11
-10
-10
-7
-7
-5
-4
-3
-1
0
1
2
2
3
4
5
6
7
9
11
11
12
12
14
15
15
15
16
18
19
21
21
22
24
24
24
25
26
25
25
24
25
25
26
25
25
25
26
25
25
24
24
24
23
23
23
23
21
21
19
19
18
17
16
16
15
15
13
13
14
12
11
11
10
9
8
8
6
6
6
5
3
3
2
0
-1
-2
-3
-3
-5
-6
-4
-5
-8
-7
-7
-8
-8
-11
-11
-11
-11
-12
-13
-13
-11
-11
-11
-10
-11
-11
-10
-12
-13
-14
-13
-14
-13
-13
-14
-15
-14
-15
-14
-14
-15
-15
-17
-16
-16
-15
-14
-15
-13
-13
-12
-10
-11
-11
-10
-8
-7
-7
-7
-7
-5
-4
-2
0
0
0
1
1
3
3
5
4
3
4
4
4
5
5
6
5
6
6
7
6
6
6
6
7
6
7
6
6
6
6
5
5
6
6
6
5
6
6
7
7
7
7
8
8
7
7
7
7
7
8
8
8
7
8
7
8
8
7
5
5
6
6
5
4
4
3
2
1
2
2
0
0
0
0
-1
-1
-1
-3
-2
-4
-4
-4
-5
-3
-5
-5
-5
-5
-5
-6
-8
-7
-8
-9
-10
-9
-10
-11
-11
-11
-13
-14
-14
-14
-13
-13
-14
-14
-14
-13
-13
-13
-13
-12
-12
-12
-12
-10
-11
-9
-10
-9
-9
-8
-7
-6
-6
-5
-6
-5
-4
-5
-4
-3
-2
-2
-2
-1
-1
0
1
0
1
1
1
1
2
2
2
5
4
4
5
7
7
7
8
9
11
11
10
12
12
13
12
12
