-2
-2
-2
-1
-3
-3
-3
-2
-2
-1
-1
0
-1
0
-1
0
-1
1
1
1
3
3
4
4
4
2
3
3
1
1
1
1
0
1
1
1
1
2
2
2
1
2
3
2
3
3
4
4
4
5
5
5
6
4
5
4
4
3
3
3
3
3
1
0
-2
-1
-2
-3
-3
-3
-3
-3
-3
-3
-3
-2
-2
-2
-1
-1
-1
-3
-3
-5
-5
-5
-5
-4
-3
-2
-2
-2
-2
-2
-3
0
1
2
1
2
3
2
3
2
2
0
-1
-1
-3
-3
-2
-3
-3
-5
-6
-9
-12
-14
-16
-16
-12
-5
1
7
12
17
20
20
18
16
13
11
11
10
8
5
3
1
-3
-6
-11
-14
-16
-16
-15
-13
-9
-3
3
8
11
14
17
18
19
19
18
17
17
16
14
12
9
7
0
-4
-8
-13
-15
-14
-12
-9
-4
0
4
7
9
8
4
4
3
-1
-3
-3
-2
-3
-3
-4
-4
-6
-8
-11
-15
-17
-19
-16
-14
-11
-9
-7
-4
-2
0
1
-2
-8
-9
-8
-12
-16
-17
-12
-12
-15
-16
-17
-18
-18
-19
-20
-19
-19
-14
-9
-6
-2
-3
-3
-2
2
2
2
5
6
11
14
15
11
4
5
5
1
-1
-1
1
3
7
11
12
8
5
4
6
5
2
1
0
2
4
6
6
6
4
2
5
8
11
10
12
18
22
23
22
22
22
21
20
22
22
23
26
23
24
24
19
10
8
7
5
2
0
2
7
14
18
21
26
29
28
26
25
23
18
14
14
14
11
8
8
5
2
1
-3
-9
-17
-19
-19
-19
-20
-20
-19
-14
-15
-18
-17
-19
-22
-25
-18
-14
-18
-24
-22
-17
-23
-37
-41
-37
-39
-47
-53
-52
-47
-44
-39
-41
-46
-56
-71
-76
-81
-93
-101
-98
-81
-53
-14
20
39
56
73
81
69
43
25
25
35
46
55
55
48
35
21
-1
-36
-77
-104
-101
-93
-87
-74
-46
-14
6
16
22
25
20
18
19
31
43
48
55
61
60
41
8
-27
-60
-89
-112
-114
-111
-99
-82
-63
-38
-19
-8
0
13
47
98
127
121
133
170
182
157
133
130
128
127
118
109
97
74
53
47
63
65
50
52
79
109
112
103
103
113
109
98
98
98
91
72
68
74
63
30
-1
-22
-32
-45
-67
-78
-77
-66
-57
-54
-46
-40
-40
-46
-48
-29
-5
4
-10
-27
-27
-33
-59
-99
-133
-140
-139
-143
-150
-157
-182
-203
-200
-191
-207
-257
-288
-305
-318
-353
-376
-262
-35
214
344
394
415
383
281
93
-57
-87
23
155
234
245
190
80
-75
-201
-328
-462
-542
-520
-392
-247
-116
-13
78
146
155
114
51
37
41
71
153
268
361
367
314
224
112
-50
-241
-394
-466
-454
-403
-311
-207
-112
-48
-22
-8
-1
4
-6
21
96
195
274
307
328
332
311
239
145
54
-17
-64
-87
-57
-14
54
138
196
220
222
227
192
154
150
189
247
331
407
421
390
327
242
134
26
-60
-106
-86
-13
48
64
63
81
95
69
17
-22
-24
5
61
133
201
245
260
236
176
81
-35
-144
-201
-200
-171
-151
-130
-107
-115
-159
-224
-279
-299
-300
-284
-246
-184
-129
-121
-152
-182
-207
-260
-317
-371
-388
-371
-376
-377
-400
-440
-496
-586
-511
-256
96
313
353
393
441
401
142
-117
-176
3
247
410
455
357
169
-60
-259
-427
-618
-771
-778
-560
-287
-115
-37
22
100
84
10
-58
-52
-5
94
273
499
662
638
493
311
142
-61
-314
-508
-558
-465
-349
-248
-172
-132
-159
-230
-252
-230
-173
-108
21
232
462
611
617
575
515
440
306
170
102
88
112
151
233
300
302
236
153
122
115
97
68
104
226
360
457
509
568
590
548
449
343
256
151
53
11
70
146
175
127
52
-19
-112
-196
-241
-207
-121
-4
127
250
310
271
188
101
46
-22
-103
-145
-119
-59
-43
-78
-126
-183
-300
-439
-532
-561
-555
-525
-442
-337
-280
-281
-338
-406
-441
-432
-402
-393
-365
-342
-335
-409
-427
-360
-186
98
316
399
321
256
203
51
-129
-142
44
250
389
380
227
-17
-252
-390
-506
-553
-537
-468
-326
-153
-59
-117
-168
-166
-144
-154
-119
25
180
322
444
537
545
430
229
31
-93
-187
-257
-286
-233
-141
-99
-102
-151
-223
-327
-400
-397
-280
-107
45
194
323
425
427
337
237
180
185
227
315
422
508
507
434
343
236
115
-2
-60
7
126
252
435
565
595
498
382
331
256
154
124
214
390
571
581
514
393
226
82
-54
-105
-119
-105
2
168
251
227
156
55
2
-69
-120
-102
-36
84
174
226
233
167
3
-140
-232
-302
-317
-326
-269
-228
-237
-259
-327
-418
-537
-633
-671
-642
-571
-512
-478
-434
-381
-384
-517
-678
-760
-710
-554
-350
3
390
607
506
320
201
12
-232
-305
-36
326
589
644
484
174
-226
-573
-807
-824
-723
-626
-442
-172
10
-111
-326
-431
-439
-411
-343
-114
191
479
664
732
712
564
305
34
-67
-46
-22
-10
9
55
9
-135
-345
-536
-643
-664
-566
-351
-49
197
332
390
401
374
257
150
177
308
479
626
739
769
678
491
272
91
-25
-61
-44
64
250
350
341
250
199
232
244
281
343
436
541
610
602
567
482
383
343
265
220
135
18
3
21
48
14
-58
-75
-54
-60
-50
8
52
139
180
203
233
211
167
82
6
-8
-2
-59
-132
-182
-234
-287
-386
-460
-475
-511
-498
-495
-513
-543
-605
-629
-629
-582
-494
-433
-450
-518
-567
-612
-590
-528
-436
-159
193
425
341
154
64
8
-52
-26
210
449
598
593
420
131
-270
-587
-722
-631
-436
-353
-290
-247
-271
-465
-678
-715
-622
-432
-212
115
453
640
639
500
399
311
214
166
220
357
433
421
320
156
-79
-364
-538
-577
-520
-455
-379
-222
-83
-17
-36
-71
-45
3
106
247
433
608
699
734
698
653
548
420
339
326
401
411
362
290
219
119
-33
-137
-92
68
204
302
352
372
350
258
190
234
329
472
582
597
533
330
132
24
-9
16
27
37
79
68
-45
-179
-261
-250
-171
-107
7
127
173
153
60
-4
-28
-42
-60
-57
-22
0
-44
-216
-347
-451
-559
-687
-764
-703
-651
-606
-583
-528
-514
-593
-704
-840
-873
-814
-616
-347
-68
242
435
464
229
-37
-215
-255
-117
151
519
771
820
639
255
-204
-593
-729
-610
-336
-63
46
6
-198
-520
-873
-1097
-1053
-809
-460
-104
174
318
286
174
67
52
151
320
553
754
848
787
577
326
88
-65
-130
-97
-12
38
9
-140
-305
-459
-577
-590
-501
-286
-34
168
298
349
363
357
383
468
618
783
911
986
989
931
818
643
513
431
461
500
456
359
178
27
-134
-240
-258
-165
-7
144
272
266
183
12
-91
-36
83
266
403
495
508
389
197
1
-130
-165
-84
50
190
252
156
0
-189
-319
-356
-371
-327
-237
-138
-103
-160
-278
-383
-481
-539
-483
-423
-385
-400
-423
-424
-434
-513
-601
-689
-724
-642
-529
-390
-312
-174
-35
25
-93
-240
-227
-128
47
209
422
569
538
392
163
-46
-211
-259
-143
17
124
64
-102
-325
-548
-722
-780
-680
-514
-373
-288
-253
-249
-303
-360
-333
-204
-16
148
268
337
327
265
217
227
295
371
432
456
457
384
238
82
-21
-36
3
66
99
96
45
-36
-126
-182
-156
-81
57
200
324
409
426
412
402
445
529
641
745
903
1026
1040
935
765
648
553
495
439
423
408
363
244
25
-176
-360
-432
-391
-275
-145
-118
-165
-252
-351
-412
-382
-243
-48
149
270
304
235
109
1
-53
-18
88
209
269
244
111
-41
-212
-362
-441
-461
-424
-410
-417
-487
-600
-722
-796
-751
-675
-586
-577
-639
-684
-725
-667
-620
-492
-276
-41
114
59
-17
-109
-100
-5
187
442
580
623
527
359
151
-8
2
108
260
313
239
56
-195
-451
-637
-661
-567
-416
-318
-299
-357
-489
-612
-685
-645
-499
-274
-50
86
127
76
-2
-80
-89
-3
148
313
422
479
471
391
255
166
158
204
255
291
332
317
270
196
159
171
196
258
317
375
386
355
315
290
313
347
427
521
620
684
663
617
525
468
439
450
493
524
560
521
430
274
114
22
-28
-24
-8
18
4
-91
-218
-325
-396
-439
-413
-364
-292
-242
-221
-185
-187
-180
-153
-117
-26
47
99
131
134
143
124
114
116
97
57
37
18
-10
-34
-80
-138
-220
-296
-364
-434
-472
-474
-471
-464
-465
-483
-501
-506
-505
-512
-472
-383
-293
-236
-223
-205
-229
-278
-302
-274
-189
-127
-98
-81
-73
-109
-169
-212
-220
-212
-218
-208
-181
-184
-205
-232
-229
-195
-169
-137
-127
-128
-133
-135
-128
-107
-53
2
53
77
100
139
164
188
213
251
297
309
315
324
318
306
294
311
343
351
331
303
286
269
254
242
253
282
303
328
343
338
309
272
265
290
318
346
373
386
392
376
344
304
276
283
310
341
363
368
358
336
314
284
265
250
242
242
234
208
139
57
-2
-37
-69
-96
-102
-100
-109
-142
-171
-193
-212
-220
-214
-160
-93
-44
-39
-65
-89
-101
-103
-106
-92
-75
-69
-79
-108
-148
-225
-313
-375
-401
-397
-409
-432
-459
-483
-497
-523
-564
-601
-599
-560
-517
-478
-457
-435
-422
-415
-394
-353
-306
-276
-246
-209
-187
-200
-244
-258
-247
-220
-194
-172
-147
-142
-161
-197
-224
-236
-238
-223
-185
-125
-83
-73
-87
-105
-107
-102
-73
-27
37
106
161
194
208
217
223
246
283
335
390
429
466
491
491
476
456
451
451
445
430
411
390
373
359
365
385
391
376
354
341
330
316
308
325
359
397
432
448
447
426
393
348
305
292
307
328
348
365
364
332
276
223
177
137
119
122
135
130
100
48
8
-23
-48
-67
-80
-74
-77
-99
-126
-144
-144
-144
-147
-130
-98
-71
-79
-114
-155
-182
-191
-198
-201
-207
-207
-213
-236
-258
-300
-348
-400
-430
-421
-406
-394
-409
-443
-471
-489
-499
-524
-542
-540
-518
-494
-488
-477
-476
-464
-445
-413
-366
-339
-335
-343
-338
-318
-296
-275
-240
-197
-157
-135
-135
-151
-176
-187
-176
-132
-87
-55
-52
-65
-69
-76
-79
-90
-92
-69
-43
-12
13
44
69
91
122
169
222
243
260
279
316
355
389
432
466
495
506
503
489
463
443
432
440
454
457
449
435
428
414
394
372
362
356
357
362
368
370
370
378
389
403
411
410
395
372
356
341
332
333
345
356
346
315
267
208
154
116
91
80
71
58
36
2
-38
-99
-153
-190
-198
-195
-191
-185
-184
-189
-207
-215
-211
-199
-177
-163
-159
-162
-172
-190
-216
-238
-251
-263
-273
-281
-294
-320
-357
-404
-447
-471
-482
-480
-478
-478
-473
-476
-488
-508
-523
-518
-486
-439
-397
-369
-355
-342
-329
-316
-297
-287
-276
-262
-256
-258
-269
-275
-270
-250
-225
-201
-183
-185
-193
-205
-214
-207
-180
-142
-98
-52
-16
4
-3
-20
-33
-28
-5
26
60
94
124
146
155
160
176
199
233
274
320
369
407
435
451
460
474
483
487
491
498
508
515
522
528
530
518
492
464
433
411
398
398
408
418
426
430
433
431
426
422
424
425
421
412
392
372
356
344
327
298
260
225
188
146
111
81
55
35
10
-6
-26
-53
-83
-113
-130
-132
-130
-145
-171
-201
-220
-228
-240
-242
-241
-226
-208
-199
-201
-219
-245
-275
-296
-303
-303
-306
-316
-323
-330
-348
-383
-427
-459
-476
-482
-483
-485
-488
-484
-482
-482
-491
-501
-493
-471
-436
-399
-365
-339
-315
-289
-267
-258
-260
-256
-253
-245
-233
-218
-199
-188
-187
-194
-205
-212
-219
-223
-212
-181
-141
-108
-86
-69
-51
-34
-14
14
50
92
135
173
206
226
231
231
243
271
303
321
320
312
310
311
319
328
345
370
404
441
462
464
443
422
415
427
448
468
488
496
490
465
436
412
398
401
418
444
463
463
438
406
383
371
363
367
382
389
379
351
308
255
205
172
154
149
135
121
90
46
-7
-65
-107
-138
-153
-164
-172
-181
-197
-220
-249
-270
-286
-293
-295
-290
-283
-283
-278
-283
-290
-305
-319
-324
-330
-335
-343
-352
-365
-384
-407
-431
-447
-459
-461
-448
-431
-420
-423
-436
-450
-463
-471
-469
-456
-429
-396
-362
-333
-317
-315
-318
-309
-287
-248
-202
-161
-130
-117
-114
-118
-120
-115
-101
-87
-81
-87
-100
-117
-143
-160
-155
-132
-98
-71
-54
-50
-51
-53
-46
-16
31
94
159
217
260
278
278
274
284
303
327
350
371
393
410
413
404
393
386
379
379
388
400
414
423
434
442
455
465
464
460
460
461
471
487
503
510
503
491
483
471
459
448
438
429
409
375
336
308
273
254
220
226
258
181
124
77
16
-16
-58
-80
-79
-65
-68
-119
-178
-216
-256
-273
-258
-256
-261
-267
-288
-307
-316
-336
-350
-325
-331
-328
-308
-332
-326
-326
-342
-350
-369
-375
-384
-400
-398
-398
-410
-403
-418
-428
-408
-401
-392
-377
-375
-373
-368
-373
-359
-349
-358
-343
-334
-314
-283
-282
-275
-266
-268
-252
-233
-210
-186
-167
-150
-128
-111
-112
-112
-111
-107
-90
-69
-51
-47
-48
-43
-30
-23
-7
13
33
62
76
95
110
133
156
181
235
244
287
310
284
335
322
322
366
388
403
418
424
412
433
413
396
419
446
469
475
458
454
452
449
438
418
478
462
466
513
479
472
462
430
451
430
413
448
388
415
377
362
358
236
254
269
156
169
192
122
108
72
4
-9
-27
-84
-123
-121
-97
-150
-176
-165
-219
-292
-235
-312
-306
-264
-376
-279
-293
-365
-309
-379
-377
-368
-395
-370
-372
-316
-382
-428
-395
-420
-461
-482
-494
-461
-478
-452
-438
-517
-433
-499
-519
-397
-493
-446
-396
-429
-350
-383
-387
-360
-396
-350
-333
-330
-276
-259
-275
-254
-246
-279
-258
-248
-238
-182
-143
-104
-88
-117
-117
-124
-138
-85
-46
-14
60
76
82
106
74
66
108
136
207
253
249
331
333
288
328
334
360
395
407
461
470
416
454
440
402
476
437
450
508
488
489
459
478
488
445
473
473
426
499
487
457
550
447
435
510
410
373
417
417
388
432
432
375
354
350
282
248
276
213
201
242
187
120
124
82
37
-4
-51
-19
1
-45
-92
-83
-138
-162
-221
-251
-259
-262
-203
-287
-221
-291
-406
-342
-403
-433
-362
-319
-325
-340
-360
-392
-474
-476
-460
-499
-483
-386
-402
-485
-521
-543
-585
-591
-543
-522
-517
-489
-454
-485
-529
-523
-488
-458
-420
-417
-396
-394
-410
-327
-305
-300
-237
-247
-251
-240
-233
-229
-171
-103
-48
-20
-50
-33
-55
-67
-27
32
104
139
145
125
124
113
110
153
211
259
283
295
278
246
242
241
280
362
392
384
375
367
344
346
344
331
375
412
395
403
385
348
337
385
413
395
431
438
422
423
411
421
481
469
490
530
494
521
522
476
503
521
521
524
483
452
386
354
355
320
317
293
244
235
189
79
82
77
5
42
65
2
-81
-67
-128
-245
-131
-121
-246
-211
-221
-275
-339
-377
-359
-466
-394
-326
-481
-445
-497
-563
-448
-516
-558
-468
-496
-556
-543
-551
-577
-574
-540
-520
-535
-584
-613
-628
-633
-612
-563
-453
-424
-475
-525
-576
-569
-459
-451
-392
-211
-206
-228
-232
-293
-308
-222
-91
55
135
65
-10
-34
-75
-30
59
144
213
176
133
67
-4
-8
33
137
242
261
219
146
46
27
89
167
268
306
262
239
197
143
155
198
278
365
370
335
296
234
211
246
342
427
431
426
407
381
397
431
489
541
537
569
597
556
532
554
632
688
700
707
685
628
605
638
642
628
616
552
478
433
405
361
333
324
270
223
154
63
20
-48
-58
-58
-15
-85
-236
-226
-287
-306
-314
-335
-331
-374
-418
-438
-471
-496
-486
-513
-536
-569
-583
-605
-663
-692
-670
-649
-616
-624
-653
-689
-752
-748
-703
-735
-750
-620
-477
-468
-540
-642
-686
-649
-591
-523
-440
-289
-212
-262
-297
-322
-386
-370
-189
65
175
97
-13
-75
-146
-144
-21
126
229
161
37
-29
-98
-170
-135
19
146
164
67
-51
-151
-235
-187
-16
130
154
91
-1
-65
-110
-81
48
172
256
269
225
168
105
91
203
361
472
498
448
403
398
422
551
678
710
747
743
740
737
726
805
908
966
965
900
828
755
741
827
893
891
814
679
587
521
479
500
495
485
422
338
275
172
115
91
147
201
156
34
-113
-169
-156
-133
-139
-145
-228
-320
-366
-424
-461
-479
-453
-468
-500
-541
-659
-727
-734
-715
-694
-698
-768
-837
-860
-913
-928
-800
-557
-484
-588
-727
-789
-724
-635
-557
-396
-154
-75
-173
-251
-301
-398
-390
-126
197
294
134
-96
-216
-267
-257
-153
50
144
23
-178
-353
-417
-468
-423
-227
-66
-98
-297
-484
-582
-572
-478
-298
-128
-130
-262
-392
-444
-432
-333
-169
6
71
23
-43
-99
-94
-14
169
371
444
405
341
300
314
466
653
836
890
785
750
709
729
802
918
1076
1138
1082
977
870
779
793
881
1018
1079
954
790
652
588
568
607
665
636
556
405
292
226
191
217
259
283
210
71
-48
-111
-93
-31
6
-22
-90
-221
-315
-335
-315
-272
-283
-302
-382
-451
-502
-560
-547
-542
-553
-580
-675
-726
-625
-434
-304
-425
-628
-602
-551
-472
-401
-246
33
73
12
-68
-220
-313
-260
62
446
451
192
-93
-281
-313
-297
-147
68
39
-187
-501
-695
-758
-796
-685
-499
-395
-521
-807
-1004
-1072
-1010
-812
-595
-453
-513
-732
-853
-852
-738
-553
-361
-183
-179
-279
-350
-351
-245
-87
99
251
274
166
97
81
223
452
618
735
634
555
500
511
634
743
873
930
928
834
686
623
643
763
922
989
898
717
537
490
568
663
752
735
638
470
357
340
347
421
451
482
463
311
152
45
68
172
248
259
137
-30
-159
-215
-161
-98
-88
-91
-155
-243
-369
-467
-430
-391
-300
-269
-85
61
-32
-254
-396
-205
-30
60
165
345
498
461
336
256
171
142
284
579
787
655
302
55
-68
-85
-56
47
132
-20
-344
-651
-774
-809
-824
-724
-600
-603
-815
-1112
-1263
-1223
-1058
-879
-734
-702
-821
-982
-1013
-925
-747
-584
-469
-390
-421
-483
-504
-454
-332
-189
-71
-19
-87
-154
-121
-25
120
145
183
230
200
161
157
280
368
384
416
414
376
302
297
428
545
564
507
460
418
363
374
477
553
555
464
396
369
323
334
394
429
401
269
165
110
73
99
103
123
72
-51
-135
-207
-199
-169
-129
-120
-171
-254
-350
-354
-326
-228
-125
114
282
319
140
-94
36
271
540
686
826
995
950
842
771
756
793
863
1092
1312
1222
886
544
375
415
428
466
477
320
15
-384
-539
-532
-522
-508
-526
-529
-696
-964
-1101
-1065
-932
-825
-752
-683
-745
-915
-972
-894
-672
-518
-447
-366
-414
-479
-519
-463
-342
-255
-162
-140
-206
-293
-306
-237
-148
-155
-158
-122
-130
-167
-219
-172
-91
-63
-55
-63
-73
-103
-105
1
108
135
93
62
93
113
124
174
240
280
222
135
96
74
104
159
190
144
32
-85
-142
-162
-162
-191
-228
-233
-291
-357
-427
-478
-441
-458
-425
-390
-414
-445
-463
-439
-252
77
344
369
70
16
177
413
604
802
1184
1343
1234
1059
937
931
975
1221
1609
1712
1442
1009
711
642
615
701
889
899
651
154
-184
-254
-217
-99
-11
44
-76
-406
-661
-718
-573
-373
-231
-99
-131
-342
-523
-574
-400
-202
-58
70
49
-55
-225
-300
-197
-94
34
72
28
-99
-311
-296
-194
-101
-115
-207
-218
-306
-400
-408
-342
-231
-214
-234
-274
-366
-437
-425
-264
-77
-35
-111
-226
-286
-282
-247
-107
22
28
-76
-237
-290
-320
-296
-212
-182
-188
-307
-422
-498
-573
-621
-630
-559
-527
-621
-740
-788
-801
-797
-808
-726
-703
-727
-710
-590
-226
2
74
-122
-205
-15
167
355
525
864
1145
1109
962
859
788
802
1013
1458
1723
1478
1025
683
586
600
621
811
912
753
328
-74
-178
-177
-91
57
187
199
-60
-355
-453
-336
-121
61
222
276
154
10
-27
78
243
355
469
480
411
321
245
279
310
376
410
385
328
206
142
114
152
169
156
154
87
4
-65
-85
-21
27
48
31
-44
-106
-100
-57
-4
-13
-29
-46
-74
-79
-118
-116
-105
-135
-166
-255
-333
-384
-421
-443
-488
-514
-580
-662
-754
-811
-857
-897
-915
-916
-933
-988
-1051
-1057
-1062
-1072
-1058
-1061
-1030
-965
-900
-713
-457
-244
-227
-421
-399
-228
-31
100
310
709
882
799
649
512
474
501
796
1219
1281
1000
594
344
262
202
350
563
590
342
-105
-341
-377
-331
-194
-52
77
-7
-270
-431
-444
-266
-32
165
335
299
175
92
110
297
462
605
679
619
565
464
435
493
539
618
584
505
398
314
302
299
319
360
374
345
250
167
205
263
345
397
413
407
330
313
363
444
505
488
481
450
372
299
266
285
287
262
212
118
-10
-142
-222
-236
-249
-298
-381
-508
-613
-733
-823
-826
-809
-790
-870
-960
-997
-1056
-1096
-1132
-1092
-1051
-1043
-994
-778
-503
-402
-529
-693
-602
-407
-236
-129
76
370
481
409
266
145
114
188
494
821
823
490
95
-76
-90
-105
-31
119
142
-124
-540
-759
-762
-660
-514
-354
-252
-384
-648
-771
-677
-430
-198
2
129
87
-40
-94
19
226
376
502
564
543
464
369
387
443
502
536
509
424
306
242
256
273
266
253
218
196
143
159
213
253
298
318
366
376
379
441
525
600
614
628
675
680
635
604
615
619
588
547
508
444
354
265
201
135
48
-7
-25
-66
-134
-266
-368
-404
-392
-366
-409
-438
-483
-531
-567
-639
-646
-666
-609
-513
-270
-3
62
-132
-402
-354
-142
66
174
376
629
650
442
194
82
78
178
493
774
704
250
-209
-387
-382
-372
-295
-146
-151
-466
-922
-1120
-1070
-931
-787
-629
-523
-673
-915
-1018
-894
-639
-433
-216
-83
-99
-215
-275
-166
23
164
285
337
303
219
129
172
217
271
281
219
111
-24
-34
1
32
14
-1
-29
-87
-164
-151
-40
71
141
142
149
130
113
184
305
430
460
444
457
458
448
412
404
411
409
380
345
305
231
122
28
-16
-30
-40
-74
-94
-115
-169
-245
-287
-261
-212
-193
-160
-106
-98
-148
-234
-213
-176
-100
15
273
569
605
415
189
214
364
496
641
909
1142
1121
866
589
419
356
494
847
1100
958
445
-16
-216
-260
-237
-124
26
-52
-435
-882
-1096
-1061
-925
-749
-573
-528
-712
-973
-1072
-948
-719
-487
-268
-160
-193
-332
-372
-255
-79
79
182
243
201
90
12
12
55
96
105
63
-53
-187
-237
-223
-176
-187
-199
-246
-318
-344
-323
-207
-134
-82
-56
-64
-71
-97
-17
135
249
277
227
210
188
156
154
195
224
180
82
8
-64
-141
-199
-260
-296
-344
-375
-383
-436
-459
-533
-552
-528
-475
-400
-395
-353
-314
-271
-246
-258
-222
-179
-76
33
229
528
699
655
428
398
554
708
800
997
1305
1423
1232
966
808
710
747
1007
1364
1386
969
497
219
146
97
137
337
378
118
-359
-668
-681
-625
-501
-328
-195
-284
-592
-754
-694
-528
-345
-170
10
38
-101
-177
-143
-2
112
203
326
337
260
123
36
49
74
118
101
2
-142
-297
-328
-283
-217
-193
-256
-324
-408
-432
-381
-290
-178
-116
-65
-65
-98
-109
-60
47
140
200
231
202
125
46
23
43
50
18
-41
-134
-241
-382
-492
-547
-569
-557
-591
-622
-691
-772
-851
-878
-808
-723
-658
-603
-576
-565
-599
-589
-523
-439
-359
-274
-178
0
244
409
401
244
247
356
500
625
843
1129
1186
1032
822
683
632
708
1003
1284
1225
878
525
324
197
146
278
477
477
196
-190
-430
-489
-407
-240
-52
37
-90
-327
-476
-426
-238
-21
184
295
252
130
68
126
262
383
485
542
524
429
300
229
230
267
295
271
179
29
-116
-145
-95
-36
-50
-125
-200
-257
-249
-188
-92
-7
5
-15
-43
-22
47
107
179
235
269
241
169
120
89
75
67
63
36
-65
-220
-357
-469
-529
-555
-561
-581
-677
-779
-870
-914
-926
-909
-872
-845
-823
-796
-786
-781
-780
-727
-670
-593
-543
-515
-446
-329
-76
102
200
120
11
-6
56
267
491
741
870
797
614
415
364
463
664
873
907
758
494
214
21
-8
124
304
328
183
-96
-374
-511
-473
-265
-65
28
-35
-213
-348
-375
-252
-41
163
309
314
244
175
170
250
382
523
619
607
508
378
308
335
377
409
374
297
190
86
39
52
97
116
91
44
43
53
70
97
150
229
272
309
337
348
348
374
458
520
511
451
400
376
350
319
289
241
163
55
-77
-206
-314
-368
-382
-413
-469
-560
-667
-749
-794
-784
-775
-748
-738
-738
-749
-768
-753
-743
-677
-622
-559
-572
-603
-562
-428
-146
25
64
-105
-240
-208
-98
82
242
451
564
519
373
201
132
167
345
579
667
518
192
-86
-199
-155
-41
81
95
-36
-308
-555
-619
-530
-346
-206
-145
-202
-377
-491
-478
-302
-84
69
154
129
71
20
32
144
286
389
422
361
282
207
164
180
197
247
232
161
67
-36
-65
-83
-23
67
123
136
60
16
22
94
230
350
462
498
486
470
490
563
628
699
749
754
698
605
532
499
497
513
482
378
222
56
-53
-91
-77
-69
-121
-216
-330
-436
-490
-474
-410
-359
-360
-386
-424
-471
-486
-442
-354
-309
-275
-267
-299
-412
-501
-419
-220
2
80
61
-94
-283
-363
-280
-43
184
372
452
354
139
-85
-126
21
260
469
502
358
86
-185
-293
-234
-60
83
68
-67
-318
-542
-638
-582
-393
-252
-211
-282
-418
-514
-543
-440
-265
-131
-59
-77
-133
-193
-228
-161
-52
50
102
63
-14
-129
-182
-127
-43
29
-5
-107
-219
-294
-256
-165
-68
-14
-38
-69
-101
-72
13
114
217
289
366
410
427
444
472
535
610
678
717
685
628
595
589
593
569
521
439
340
272
241
214
161
87
38
2
-28
-59
-102
-134
-152
-124
-77
-72
-74
-107
-112
-118
-100
-39
-1
-11
-60
-111
-135
-167
-208
-155
-114
-54
-40
-18
-10
-97
-138
-152
-97
-16
111
316
391
320
156
28
36
121
310
475
505
387
166
-12
-68
-44
45
96
81
-44
-280
-449
-490
-418
-324
-277
-251
-334
-471
-554
-544
-434
-357
-294
-276
-323
-376
-430
-391
-324
-276
-218
-198
-200
-263
-331
-319
-298
-254
-216
-209
-235
-324
-370
-365
-312
-253
-225
-185
-139
-100
-86
-82
-30
62
161
250
309
335
324
344
426
511
560
543
521
510
500
488
485
489
467
411
343
298
261
221
182
154
134
99
54
30
13
16
3
2
23
48
86
93
90
64
52
86
117
142
116
86
37
-7
-35
-35
-69
-121
-131
-104
-5
38
68
-25
-147
-166
-110
31
139
285
402
370
298
212
210
264
370
552
627
555
380
194
118
132
218
302
268
153
-59
-267
-354
-337
-240
-196
-209
-290
-458
-589
-662
-615
-529
-467
-420
-449
-506
-572
-592
-529
-453
-378
-317
-324
-354
-406
-417
-378
-341
-282
-279
-299
-336
-372
-368
-361
-308
-235
-204
-201
-246
-283
-257
-171
-55
12
47
55
40
42
66
159
278
373
427
398
354
315
315
364
441
511
516
450
367
315
288
274
258
254
243
198
146
90
46
12
8
58
89
78
38
8
6
7
40
76
113
131
106
93
75
81
98
98
110
69
23
-56
-108
-61
-6
84
118
143
94
-52
-94
-25
105
196
264
403
453
418
352
316
374
448
581
697
696
610
428
287
251
262
312
291
241
115
-94
-257
-351
-352
-335
-335
-338
-422
-534
-630
-668
-609
-542
-466
-428
-453
-481
-516
-492
-414
-331
-243
-234
-249
-263
-271
-228
-203
-176
-184
-205
-220
-267
-286
-294
-295
-294
-312
-310
-313
-323
-302
-283
-255
-223
-171
-98
-60
-19
34
102
173
231
302
365
416
458
479
504
519
519
519
487
449
399
348
305
242
177
117
63
10
-41
-98
-147
-181
-186
-177
-164
-160
-164
-156
-139
-94
-42
10
63
105
142
184
213
225
227
196
198
182
167
135
76
46
-35
-95
-122
-118
-106
-96
-15
8
-78
-174
-175
-69
21
123
267
349
356
309
294
318
344
423
536
612
583
429
289
218
196
200
184
183
110
-45
-209
-318
-328
-313
-280
-262
-314
-412
-516
-536
-485
-419
-359
-332
-335
-367
-385
-354
-311
-281
-252
-227
-209
-217
-215
-198
-197
-194
-185
-166
-173
-219
-250
-242
-199
-168
-158
-160
-172
-166
-139
-83
-10
32
51
44
78
156
228
273
274
291
300
317
346
379
404
393
375
347
307
245
185
160
164
154
117
59
1
-61
-118
-122
-94
-76
-92
-122
-140
-148
-150
-119
-75
-40
-10
19
50
59
64
95
124
141
153
181
218
199
163
107
79
57
43
43
-4
-46
-114
-158
-225
-273
-278
-279
-274
-257
-190
-164
-208
-244
-201
-105
-23
68
160
234
275
324
376
399
414
443
511
572
605
557
461
378
314
264
218
189
129
17
-106
-200
-273
-330
-358
-371
-402
-458
-518
-561
-580
-553
-486
-401
-341
-316
-307
-295
-248
-178
-66
38
106
135
143
158
153
154
177
216
235
217
168
120
73
47
30
26
22
-5
-45
-83
-96
-95
-107
-119
-93
-56
-14
-3
12
44
68
107
146
202
236
250
273
277
277
259
253
258
243
215
171
131
90
38
-14
-60
-110
-162
-214
-238
-248
-270
-295
-309
-291
-269
-249
-218
-183
-136
-92
-25
43
68
77
94
137
188
238
255
226
168
125
107
107
111
70
-32
-141
-228
-263
-267
-251
-259
-311
-332
-305
-274
-283
-276
-201
-101
-29
22
69
116
160
234
324
379
386
357
350
370
390
389
358
315
237
137
62
24
5
-40
-92
-143
-212
-282
-332
-339
-324
-317
-320
-332
-334
-319
-289
-240
-179
-125
-79
-38
12
49
67
71
80
123
164
186
168
122
77
43
38
48
43
17
-26
-69
-99
-125
-145
-160
-156
-133
-105
-103
-120
-133
-116
-57
11
79
106
110
109
135
183
235
278
297
300
283
258
235
207
200
198
186
153
91
28
-43
-81
-92
-87
-101
-148
-189
-212
-197
-164
-137
-118
-110
-92
-64
-28
16
71
126
172
190
200
218
234
257
269
285
281
239
182
123
84
26
-20
-64
-107
-176
-277
-363
-443
-460
-440
-424
-430
-455
-430
-413
-391
-337
-246
-136
-53
63
145
176
191
251
379
481
542
552
515
455
390
371
382
391
363
275
157
33
-63
-115
-137
-145
-177
-242
-308
-369
-395
-397
-375
-333
-305
-288
-285
-276
-246
-208
-164
-119
-75
-38
-11
6
11
15
38
59
75
70
53
21
-22
-48
-53
-52
-68
-106
-151
-182
-187
-169
-147
-135
-131
-121
-105
-75
-34
15
58
96
154
212
263
291
312
349
391
443
470
479
464
430
405
387
376
347
302
251
198
140
73
10
-33
-62
-90
-124
-150
-184
-211
-213
-201
-176
-150
-118
-83
-55
-19
24
66
108
160
221
260
268
262
250
248
244
255
236
182
112
39
-15
-69
-104
-143
-210
-275
-340
-388
-431
-454
-437
-415
-391
-392
-395
-373
-329
-254
-177
-78
27
77
108
120
158
204
264
364
427
440
389
313
251
201
183
172
147
89
-24
-151
-262
-333
-374
-407
-422
-442
-489
-550
-593
-578
-541
-501
-450
-411
-370
-339
-300
-252
-203
-136
-80
-28
20
50
63
71
88
118
137
148
145
136
114
88
66
50
44
42
49
50
44
30
24
45
86
128
159
182
204
218
244
283
335
379
398
403
392
381
380
382
393
376
345
302
255
213
158
108
68
42
22
-13
-59
-108
-144
-152
-143
-112
-87
-65
-51
-47
-32
1
56
125
187
232
251
251
252
264
293
313
311
294
270
240
195
149
104
62
15
-35
-77
-116
-171
-231
-279
-314
-341
-365
-377
-397
-418
-417
-377
-341
-340
-356
-353
-318
-277
-228
-185
-143
-100
-83
-85
-85
-72
-67
-52
-8
23
0
-60
-104
-138
-177
-191
-178
-172
-198
-249
-296
-330
-346
-340
-316
-281
-253
-251
-260
-254
-222
-165
-94
-31
4
23
56
98
143
182
211
230
244
262
269
265
246
212
186
162
142
119
95
66
20
-15
-32
-50
-58
-57
-47
-37
-8
24
37
53
83
128
166
216
274
321
354
369
377
376
377
386
401
417
414
382
336
290
252
224
209
203
189
165
129
87
58
51
64
84
106
125
125
110
102
122
163
195
207
215
210
189
172
169
168
152
125
86
43
6
-38
-92
-141
-175
-202
-236
-275
-326
-392
-443
-454
-442
-439
-448
-457
-467
-477
-476
-458
-430
-410
-396
-374
-343
-317
-290
-250
-199
-165
-171
-188
-180
-143
-99
-57
-10
19
8
-31
-67
-69
-47
-10
28
43
34
-2
-46
-78
-94
-82
-53
-23
-7
-29
-75
-115
-119
-97
-63
-21
6
5
-16
-31
-24
-6
26
61
83
90
82
73
62
60
65
81
102
103
76
41
26
21
33
52
64
58
34
34
52
92
137
170
191
204
228
249
288
347
401
432
442
459
463
469
481
498
513
496
467
423
386
358
326
296
253
214
164
108
56
8
-21
-39
-44
-57
-94
-132
-157
-155
-137
-118
-97
-97
-105
-109
-100
-80
-69
-58
-51
-46
-48
-61
-73
-93
-100
-101
-113
-134
-174
-205
-237
-255
-262
-275
-292
-317
-325
-335
-339
-339
-335
-312
-304
-282
-262
-242
-222
-205
-160
-136
-117
-108
-102
-83
-79
-56
-47
-44
-44
-72
-99
-132
-133
-137
-148
-142
-164
-210
-265
-265
-235
-221
-207
-202
-197
-211
-216
-202
-170
-118
-75
-43
-28
-36
-52
-43
16
90
134
137
125
122
125
141
180
219
237
224
215
216
214
220
225
248
255
245
235
228
235
223
218
225
231
236
232
236
227
215
212
212
219
212
216
223
215
204
182
175
173
174
181
182
180
154
128
118
115
113
104
107
99
76
58
43
38
34
36
47
47
35
6
-8
2
16
27
27
28
16
-1
-7
-5
-1
1
-3
-11
-28
-54
-74
-86
-86
-92
-112
-137
-156
-170
-188
-201
-206
-212
-229
-246
-249
-250
-246
-228
-212
-207
-210
-205
-196
-181
-150
-121
-120
-125
-120
-118
-115
-109
-91
-99
-120
-129
-129
-134
-159
-171
-193
-210
-217
-224
-228
-249
-249
-248
-249
-231
-215
-196
-194
-176
-140
-114
-77
-43
-7
9
22
52
73
106
137
168
179
175
176
172
176
181
186
189
179
168
153
148
143
137
144
150
161
168
174
181
190
207
219
229
246
267
278
279
285
287
284
278
276
268
252
244
230
211
187
161
134
103
81
59
40
24
10
-1
-28
-52
-61
-60
-53
-46
-42
-45
-40
-30
-23
-14
-3
20
41
57
67
71
75
78
84
97
111
117
105
89
78
69
56
43
31
14
-3
-18
-34
-57
-80
-99
-115
-122
-126
-135
-147
-157
-164
-173
-174
-165
-160
-158
-160
-161
-164
-163
-151
-142
-140
-151
-166
-183
-202
-211
-212
-215
-225
-244
-268
-303
-328
-342
-351
-357
-359
-351
-352
-355
-358
-352
-341
-327
-307
-279
-239
-193
-156
-123
-103
-84
-61
-22
33
81
128
149
159
162
158
168
189
217
230
226
215
200
185
169
168
177
187
187
173
159
153
154
160
176
189
190
187
188
194
202
208
213
217
219
214
202
187
175
164
152
139
121
98
72
53
36
23
10
-2
-15
-26
-25
-16
-10
-8
-5
5
18
40
65
89
112
127
135
145
164
186
205
218
225
221
206
193
183
181
179
173
156
128
98
66
42
27
18
7
-11
-37
-66
-96
-113
-118
-112
-108
-110
-122
-145
-166
-172
-163
-147
-135
-129
-138
-161
-183
-193
-189
-182
-178
-177
-189
-210
-236
-254
-258
-251
-240
-246
-256
-270
-283
-282
-272
-250
-236
-226
-223
-224
-214
-201
-168
-133
-103
-86
-81
-68
-59
-32
-3
28
52
58
69
70
81
86
90
104
105
110
107
105
104
94
94
83
80
75
74
84
88
92
81
71
70
73
90
107
127
136
132
130
127
137
146
162
175
177
170
154
150
144
143
142
138
127
103
83
67
59
59
53
42
23
4
-3
-1
12
26
34
33
25
18
21
36
58
77
85
84
83
78
75
74
80
88
89
85
68
46
25
14
14
11
2
-14
-31
-43
-48
-45
-48
-51
-55
-56
-53
-47
-40
-41
-42
-42
-38
-30
-26
-21
-24
-33
-38
-42
-49
-60
-69
-76
-84
-92
-102
-119
-139
-160
-176
-181
-181
-180
-186
-195
-204
-211
-215
-214
-208
-196
-183
-170
-164
-155
-148
-142
-133
-121
-99
-78
-59
-44
-38
-38
-38
-25
-8
9
24
32
34
37
42
49
58
75
95
108
114
120
128
140
151
166
177
187
196
206
217
222
221
219
215
214
213
212
202
188
170
148
126
109
95
77
54
30
2
-22
-38
-48
-59
-76
-88
-105
-118
-123
-123
-120
-116
-106
-95
-91
-89
-85
-75
-65
-46
-23
-4
3
4
10
16
21
28
38
51
54
47
37
31
28
26
32
37
33
22
4
-3
-3
2
7
15
17
15
9
6
5
6
11
21
29
26
15
7
-2
-11
-20
-27
-32
-43
-58
-81
-108
-129
-145
-153
-158
-162
-172
-193
-212
-227
-229
-219
-200
-182
-171
-167
-162
-155
-141
-115
-81
-50
-26
-7
13
28
41
58
81
104
120
135
152
159
159
157
158
163
170
179
184
181
173
161
156
151
150
148
149
150
145
135
122
117
116
117
119
113
105
95
89
85
76
71
66
62
54
41
31
22
14
3
-4
-7
-16
-29
-44
-56
-60
-64
-71
-81
-84
-83
-81
-83
-87
-89
-87
-83
-75
-71
-73
-72
-68
-57
-44
-38
-41
-51
-56
-49
-39
-30
-31
-36
-40
-50
-59
-71
-76
-76
-73
-67
-67
-74
-92
-110
-121
-118
-104
-93
-83
-84
-98
-116
-127
-120
-104
-88
-80
-80
-87
-94
-93
-88
-80
-71
-68
-67
-67
-68
-67
-67
-64
-60
-58
-58
-52
-41
-27
-22
-20
-19
-17
-10
3
18
36
51
64
70
77
80
87
102
122
140
151
153
152
149
150
156
161
165
167
166
163
160
157
155
156
156
157
156
155
155
156
155
154
155
157
161
162
160
158
157
159
160
155
147
138
128
117
114
111
103
92
76
60
43
31
23
20
19
14
4
-12
-26
-37
-41
-39
-33
-30
-35
-43
-54
-63
-64
-61
-55
-54
-54
-59
-67
-75
-85
-89
-92
-96
-100
-107
-120
-135
-151
-161
-169
-174
-175
-179
-187
-196
-206
-211
-211
-203
-196
-193
-194
-198
-201
-197
-190
-179
-167
-157
-149
-143
-142
-140
-137
-134
-128
-121
-113
-113
-118
-126
-134
-136
-131
-121
-111
-103
-100
-98
-94
-88
-76
-64
-50
-38
-24
-9
7
21
34
47
61
75
94
116
138
153
162
164
166
171
179
194
205
210
207
197
189
183
183
187
195
197
191
177
161
149
143
144
148
155
154
148
137
125
120
119
123
130
136
137
132
126
120
117
120
124
127
129
127
122
115
106
102
100
99
95
89
82
70
62
56
49
43
36
25
12
-1
-12
-19
-24
-28
-33
-41
-54
-67
-78
-84
-87
-89
-92
-99
-109
-123
-134
-144
-151
-156
-160
-166
-172
-176
-185
-194
-203
-212
-221
-225
-223
-219
-212
-210
-216
-224
-234
-237
-229
-212
-192
-180
-175
-177
-180
-176
-165
-146
-129
-115
-106
-101
-98
-97
-92
-82
-71
-56
-47
-39
-32
-24
-18
-12
-7
0
8
18
29
40
48
51
56
63
71
79
90
102
110
118
124
129
131
131
134
139
144
150
153
151
146
141
137
136
137
139
143
142
139
137
134
134
137
141
147
151
152
153
152
155
159
164
171
176
180
182
182
182
182
183
183
185
186
182
176
165
154
141
130
124
119
114
102
86
67
48
32
20
12
4
-7
-22
-40
-58
-74
-83
-89
-93
-97
-105
-114
-123
-134
-142
-143
-142
-137
-139
-141
-147
-152
-157
-159
-156
-153
-151
-154
-158
-163
-169
-170
-167
-162
-158
-159
-162
-167
-172
-173
-171
-167
-162
-160
-159
-161
-163
-162
-160
-155
-148
-140
-133
-128
-124
-122
-120
-114
-106
-96
-85
-77
-72
-69
-68
-65
-60
-52
-42
-36
-32
-31
-30
-27
-22
-18
-12
-10
-6
-2
6
14
23
30
33
35
38
46
59
72
87
97
104
107
111
119
133
148
163
172
176
176
175
178
185
193
200
202
199
194
190
187
183
180
175
173
167
161
156
151
145
137
128
119
113
111
111
109
106
99
90
84
79
78
80
81
79
75
66
62
59
58
58
53
46
39
31
27
23
17
14
7
-2
-12
-22
-29
-34
-41
-49
-57
-66
-76
-85
-91
-97
-105
-113
-121
-129
-135
-138
-141
-143
-145
-151
-157
-161
-162
-162
-160
-160
-160
-161
-164
-167
-167
-167
-166
-163
-164
-162
-162
-163
-163
-163
-163
-162
-161
-159
-155
-149
-142
-140
-138
-136
-130
-123
-112
-101
-91
-86
-80
-71
-61
-49
-38
-26
-18
-11
-4
4
18
28
36
41
46
50
56
63
70
79
86
89
91
91
94
99
106
114
120
124
124
123
127
132
140
148
154
156
157
159
162
164
168
172
176
177
177
178
176
173
171
171
173
173
169
164
159
153
150
144
139
136
132
127
120
116
110
103
97
92
86
76
67
62
54
51
47
42
35
26
18
10
2
-2
-6
-9
-16
-25
-34
-43
-50
-57
-61
-65
-69
-75
-85
-95
-104
-112
-121
-126
-128
-129
-134
-143
-150
-157
-162
-166
-169
-168
-164
-164
-166
-170
-173
-175
-176
-174
-168
-161
-155
-154
-153
-152
-151
-147
-140
-134
-127
-119
-116
-116
-118
-115
-112
-109
-105
-98
-90
-87
-85
-81
-78
-75
-70
-64
-56
-46
-40
-35
-31
-25
-17
-9
1
13
24
33
42
51
60
67
74
82
91
101
110
116
123
125
131
135
138
143
146
149
151
151
149
150
148
148
147
149
148
146
145
143
141
138
136
133
133
132
129
125
121
117
113
110
108
106
104
101
95
89
83
77
70
66
61
55
46
36
28
21
15
10
2
-4
-12
-20
-27
-34
-41
-47
-54
-60
-65
-69
-72
-76
-76
-79
-80
-82
-84
-83
-84
-84
-84
-87
-90
-92
-94
-94
-96
-96
-99
-101
-102
-104
-103
-105
-109
-111
-114
-117
-118
-120
-121
-121
-121
-119
-119
-119
-117
-112
-106
-100
-96
-90
-86
-81
-76
-69
-63
-58
-52
-45
-39
-32
-26
-19
-11
-6
1
9
15
20
24
28
30
31
34
36
38
42
45
48
50
54
59
64
68
72
76
82
85
89
92
94
96
99
100
105
109
116
119
120
122
124
126
129
131
132
131
128
125
120
117
112
109
104
97
93
87
82
77
71
65
58
50
43
37
30
22
14
6
0
-7
-11
-14
-22
-27
-32
-36
-40
-44
-46
-48
-52
-57
-61
-64
-68
-72
-75
-77
-80
-83
-85
-87
-89
-90
-92
-92
-94
-95
-95
-95
-95
-94
-93
-92
-92
-91
-87
-83
-79
-75
-71
-70
-66
-63
-59
-54
-49
-46
-43
-42
-40
-38
-37
-36
-34
-32
-30
-29
-27
-25
-23
-22
-21
-20
-20
-20
-20
-20
-18
-17
-14
-12
-10
-9
-6
-3
1
5
9
10
15
18
21
25
30
34
37
42
45
51
56
59
64
71
78
83
89
94
98
103
108
113
116
119
122
125
125
126
127
128
128
127
125
123
118
115
110
108
106
101
95
90
84
78
73
67
61
55
49
41
34
28
22
15
9
3
-3
-11
-18
-26
-35
-42
-49
-57
-65
-73
-81
-86
-90
-93
-97
-101
-102
-105
-106
-105
-107
-109
-108
-108
-107
-107
-104
-100
-100
-98
-93
-87
-85
-83
-78
-76
-75
-70
-68
-69
-69
-67
-68
-68
-67
-67
-68
-69
-70
-69
-69
-70
-69
-68
-69
-68
-67
-67
-67
-66
-64
-63
-63
-60
-56
-54
-50
-47
-42
-41
-35
-28
-24
-20
-12
-6
-1
5
11
19
24
32
39
45
50
56
62
70
76
83
89
93
98
104
110
116
121
126
127
130
134
137
138
140
142
141
142
143
142
141
141
139
135
132
130
127
121
116
112
106
100
94
91
87
82
77
70
64
59
55
53
50
44
38
34
29
24
21
17
11
7
3
-1
-6
-9
-13
-16
-21
-25
-29
-33
-38
-42
-48
-55
-63
-69
-75
-80
-86
-93
-99
-104
-108
-110
-114
-115
-117
-121
-122
-123
-125
-128
-128
-130
-131
-131
-130
-131
-129
-129
-126
-124
-124
-123
-121
-120
-119
-117
-114
-113
-111
-108
-105
-105
-102
-101
-97
-92
-89
-87
-84
-80
-76
-69
-64
-58
-50
-46
-39
-31
-24
-18
-10
-3
4
10
17
25
31
38
46
53
58
65
72
76
81
85
88
90
93
97
98
98
99
100
102
103
101
103
104
104
105
104
104
105
108
110
111
112
114
115
117
118
120
123
125
125
126
129
129
130
132
133
134
134
131
130
128
125
124
120
115
110
104
97
91
84
78
70
62
55
46
38
29
21
13
4
-4
-13
-21
-29
-38
-47
-54
-63
-70
-76
-82
-89
-97
-102
-108
-113
-118
-123
-129
-132
-135
-139
-142
-145
-147
-148
-148
-150
-149
-150
-150
-147
-145
-142
-140
-138
-135
-130
-125
-123
-119
-117
-110
-106
-103
-99
-94
-90
-86
-82
-78
-74
-71
-66
-62
-57
-54
-51
-48
-44
-40
-35
-33
-30
-27
-22
-19
-17
-13
-9
-7
-3
1
6
10
15
20
24
28
33
38
39
44
50
53
56
60
63
69
73
79
86
91
96
102
106
111
117
124
127
130
134
136
138
139
143
144
145
146
146
147
148
146
144
142
140
139
135
130
127
123
118
112
108
103
97
92
87
79
74
66
60
53
46
44
37
29
22
16
7
0
-8
-15
-23
-32
-39
-48
-54
-60
-67
-72
-78
-83
-87
-91
-94
-97
-100
-101
-105
-105
-106
-106
-106
-106
-103
-103
-103
-100
-95
-93
-92
-92
-91
-89
-87
-85
-85
-85
-85
-86
-88
-89
-90
-90
-91
-93
-96
-99
-100
-101
-100
-98
-98
-100
-99
-99
-95
-92
-89
-85
-79
-76
-71
-67
-62
-55
-48
-41
-36
-32
-27
-20
-14
-9
-5
-1
2
4
8
13
16
19
24
24
26
29
33
41
47
51
53
57
63
67
71
77
81
85
92
96
102
108
112
115
120
122
124
125
124
127
127
125
126
126
123
121
118
115
111
109
104
98
93
88
82
78
76
72
65
62
57
52
47
44
39
35
31
26
20
16
13
8
5
1
-2
-5
-7
-11
-16
-21
-22
-26
-30
-33
-36
-39
-42
-46
-49
-50
-52
-54
-58
-59
-61
-65
-66
-67
-69
-70
-71
-73
-73
-74
-73
-74
-75
-74
-74
-72
-73
-74
-74
-73
-74
-73
-70
-69
-67
-66
-67
-66
-66
-65
-63
-61
-60
-61
-63
-62
-59
-58
-56
-53
-50
-48
-46
-44
-42
-40
-37
-34
-30
-26
-22
-16
-15
-10
-3
1
7
12
16
21
26
29
34
40
43
48
52
57
61
62
66
70
72
75
78
79
79
81
84
86
87
87
87
89
88
87
87
85
84
83
81
80
79
76
74
73
71
69
67
66
63
62
59
57
53
50
48
46
43
42
39
35
33
31
27
24
21
19
15
13
9
5
1
-2
-7
-10
-13
-17
-20
-23
-27
-33
-35
-39
-42
-43
-45
-47
-49
-52
-54
-56
-57
-57
-58
-59
-60
-62
-65
-67
-70
-70
-70
-72
-73
-73
-74
-77
-77
-80
-81
-80
-81
-81
-81
-80
-81
-84
-86
-86
-85
-84
-83
-80
-77
-75
-74
-70
-67
-64
-59
-55
-50
-46
-40
-37
-35
-32
-28
-24
-20
-16
-12
-9
-6
-1
4
9
15
17
19
26
31
35
40
43
46
48
51
55
59
60
63
64
66
70
72
75
78
80
83
84
84
83
84
85
85
86
86
84
82
77
75
74
73
67
65
62
59
56
52
49
45
42
41
39
37
33
32
29
26
24
23
21
19
16
15
15
13
11
9
8
7
7
4
3
0
-4
-6
-7
-10
-13
-16
-21
-25
-28
-31
-34
-38
-41
-45
-47
-49
-51
-54
-57
-57
-55
-57
-58
-60
-61
-60
-59
-58
-58
-58
-59
-56
-55
-54
-53
-53
-53
-52
-51
-49
-48
-47
-46
-44
-43
-40
-40
-40
-40
-37
-34
-32
-28
-25
-24
-23
-19
-15
-12
-9
-6
-3
-1
1
3
5
8
12
15
18
21
23
25
25
27
30
34
36
37
39
40
43
44
47
50
51
52
54
53
54
57
56
59
58
60
59
59
59
61
60
60
59
58
56
53
53
53
50
48
47
44
41
38
36
33
30
28
27
24
21
17
14
11
10
7
2
-2
-5
-9
-12
-13
-16
-18
-21
-26
-29
-31
-34
-36
-37
-39
-41
-44
-46
-46
-49
-49
-47
-46
-46
-44
-45
-47
-47
-47
-47
-44
-43
-42
-40
-41
-40
-39
-37
-36
-37
-37
-36
-36
-33
-32
-31
-30
-29
-30
-30
-29
-29
-29
-28
-28
-28
-29
-30
-30
-28
-26
-25
-24
-25
-24
-25
-24
-24
-23
-22
-21
-20
-19
-16
-13
-12
-9
-8
-5
0
2
6
8
11
12
16
20
25
27
30
34
36
40
43
48
52
56
60
61
63
65
67
68
68
68
69
69
68
68
69
69
68
66
65
63
62
59
55
52
47
43
39
34
32
29
23
20
14
11
7
3
1
-4
-9
-11
-14
-16
-19
-22
-26
-29
-31
-33
-35
-36
-38
-37
-39
-39
-38
-37
-37
-37
-37
-37
-37
-34
-33
-33
-34
-33
-31
-30
-28
-26
-25
-21
-19
-19
-19
-16
-14
-13
-12
-10
-9
-8
-5
-4
-5
-6
-5
-4
-4
-6
-7
-8
-7
-6
-5
-5
-6
-5
-6
-9
-11
-11
-11
-13
-14
-13
-13
-12
-13
-13
-11
-10
-9
-10
-8
-7
-6
-3
-1
-1
1
4
5
7
8
10
11
14
16
18
20
22
22
23
24
28
28
28
29
30
31
31
29
29
29
29
30
30
30
28
27
28
27
29
27
25
24
23
22
19
17
16
13
12
9
8
7
5
3
1
0
-2
-2
-5
-7
-7
-9
-10
-12
-12
-13
-15
-16
-18
-19
-20
-21
-21
-20
-20
-21
-24
-24
-25
-25
-25
-25
-27
-27
-27
-28
-28
-29
-30
-29
-31
-30
-30
-29
-29
-31
-31
-32
-30
-29
-31
-33
-34
-34
-34
-33
-33
-32
-33
-33
-32
-31
-28
-26
-25
-26
-23
-21
-22
-21
-20
-17
-14
-11
-11
-11
-8
-6
-4
-2
1
3
5
7
8
12
13
15
16
20
21
23
23
25
26
29
31
33
33
33
34
37
39
40
42
43
44
46
47
48
49
49
50
51
52
53
53
55
55
54
54
56
56
56
56
55
54
53
52
51
50
49
49
47
46
44
41
41
41
37
34
32
29
25
22
20
18
14
12
8
6
3
0
-2
-5
-8
-11
-14
-17
-21
-24
-27
-30
-32
-35
-38
-41
-43
-45
-48
-50
-51
-52
-55
-56
-56
-59
-60
-61
-61
-62
-62
-63
-62
-63
-63
-62
-62
-61
-60
-59
-59
-56
-56
-54
-53
-52
-50
-50
-49
-48
-48
-47
-45
-44
-43
-40
-39
-37
-35
-33
-31
-29
-28
-26
-25
-23
-21
-18
-15
-13
-10
-8
-7
-4
-1
1
5
8
10
12
14
17
19
21
23
26
28
31
34
36
39
42
45
48
51
54
55
56
58
59
60
62
64
65
67
68
70
70
71
71
71
70
70
70
72
72
73
70
68
67
65
64
62
60
58
57
54
53
51
48
45
42
38
34
32
27
26
22
18
15
12
8
6
1
-1
-4
-7
-10
-13
-15
-17
-18
-21
-23
-26
-29
-33
-35
-38
-40
-42
-44
-45
-47
-48
-47
-50
-52
-54
-56
-58
-59
-62
-63
-64
-64
-65
-64
-66
-67
-67
-66
-66
-67
-66
-67
-67
-67
-65
-64
-62
-62
-62
-59
-59
-57
-55
-55
-53
-51
-50
-48
-46
-41
-39
-37
-35
-33
-31
-27
-25
-22
-21
-19
-16
-14
-10
-6
-3
0
2
5
7
8
10
12
15
17
20
21
24
28
29
32
33
36
38
40
41
42
44
46
48
51
53
53
53
54
55
58
60
61
61
63
63
63
65
65
66
65
65
65
64
63
62
62
63
61
60
58
58
56
54
52
49
46
44
43
41
39
37
34
30
27
25
21
17
15
12
8
4
1
-2
-2
-6
-11
-15
-16
-19
-22
-26
-28
-31
-34
-35
-37
-38
-41
-42
-42
-43
-45
-47
-47
-49
-49
-50
-50
-50
-49
-49
-50
-50
-48
-48
-48
-46
-45
-46
-45
-44
-42
-41
-41
-41
-40
-40
-39
-39
-38
-37
-38
-37
-37
-38
-36
-32
-30
-29
-27
-26
-23
-22
-20
-20
-17
-17
-16
-14
-12
-11
-11
-8
-7
-5
-4
-1
3
5
7
10
13
16
18
21
23
25
26
27
30
31
31
33
36
36
38
40
43
44
45
47
50
51
52
54
55
54
53
53
54
54
52
52
51
50
49
49
49
48
47
48
47
47
46
45
45
43
41
39
36
33
31
29
25
23
19
18
15
13
11
9
8
7
5
4
2
-1
-3
-5
-7
-10
-12
-16
-16
-20
-22
-24
-25
-28
-30
-31
-32
-34
-37
-37
-39
-43
-45
-47
-48
-51
-51
-51
-52
-54
-55
-56
-56
-58
-58
-58
-59
-61
-61
-61
-61
-62
-63
-62
-61
-59
-57
-55
-54
-53
-54
-51
-49
-48
-46
-43
-43
-42
-41
-37
-36
-35
-32
-29
-26
-23
-19
-17
-13
-13
-11
-8
-5
-1
3
6
9
10
12
14
17
20
22
25
29
31
34
35
37
38
39
39
42
43
42
43
44
44
45
47
49
49
46
46
47
45
46
47
49
48
48
46
47
46
45
45
44
44
44
44
45
45
43
42
40
40
37
37
37
36
34
32
29
28
26
24
22
20
19
18
17
16
13
12
10
8
8
7
6
3
1
-1
-3
-5
-8
-10
-14
-16
-19
-21
-25
-27
-30
-33
-36
-38
-40
-45
-46
-47
-47
-49
-51
-51
-52
-52
-52
-53
-53
-53
-52
-49
-48
-47
-46
-45
-45
-43
-41
-39
-36
-33
-32
-31
-28
-26
-25
-24
-22
-20
-18
-16
-13
-12
-9
-6
-5
-4
-2
1
3
6
9
11
14
17
18
18
21
24
27
28
28
30
32
35
38
37
38
40
41
42
43
44
45
45
44
44
47
47
47
46
45
44
45
43
43
44
44
44
42
41
42
40
38
38
37
36
35
33
32
29
28
27
25
23
21
17
15
13
12
12
10
6
2
1
-1
-5
-8
-11
-15
-16
-18
-20
-22
-24
-27
-31
-33
-34
-37
-38
-39
-42
-43
-44
-46
-47
-48
-49
-51
-51
-52
-52
-52
-51
-51
-52
-51
-51
-51
-51
-50
-50
-50
-50
-51
-51
-50
-50
-50
-49
-47
-46
-44
-43
-43
-43
-40
-38
-38
-38
-36
-34
-32
-29
-27
-27
-24
-23
-21
-19
-17
-14
-11
-9
-8
-7
-4
-1
2
5
7
9
10
13
17
19
21
23
25
27
31
34
36
36
37
40
42
47
48
48
48
51
53
55
56
56
56
56
56
57
54
55
54
53
54
53
53
51
48
47
47
45
44
42
40
37
35
33
31
28
27
24
22
19
16
15
13
10
8
6
4
3
0
-2
-5
-8
-8
-10
-12
-14
-15
-16
-18
-19
-21
-21
-22
-23
-26
-26
-26
-27
-28
-29
-29
-32
-32
-31
-30
-31
-31
-30
-30
-31
-31
-30
-29
-28
-30
-28
-27
-27
-28
-28
-26
-25
-23
-23
-24
-21
-19
-18
-19
-18
-16
-15
-15
-15
-15
-13
-12
-12
-11
-12
-10
-10
-8
-7
-7
-4
-2
-2
-2
1
2
4
7
7
10
11
13
13
13
16
16
16
19
21
21
22
23
24
26
27
27
29
31
34
34
33
32
33
36
37
34
35
36
35
34
35
35
35
35
35
33
33
31
28
30
31
30
26
22
24
23
21
18
18
17
12
10
9
6
4
5
3
1
-1
-2
-3
-4
-4
-5
-9
-14
-13
-11
-13
-17
-18
-19
-21
-21
-23
-23
-24
-26
-27
-26
-26
-27
-28
-29
-30
-29
-30
-33
-32
-31
-29
-28
-29
-30
-29
-28
-28
-31
-32
-29
-27
-29
-30
-30
-29
-28
-27
-25
-24
-25
-24
-23
-21
-22
-22
-20
-19
-16
-15
-17
-18
-15
-12
-13
-14
-13
-9
-9
-11
-12
-9
-5
-4
-5
-5
-2
-1
-2
-1
2
3
2
2
5
6
7
7
7
10
11
13
12
12
15
17
17
15
17
21
21
20
18
21
23
24
24
23
23
25
27
27
26
27
29
27
25
23
26
27
25
24
23
22
21
20
21
21
19
16
14
14
13
10
10
10
8
6
4
4
3
1
-2
-2
-2
-1
-2
-3
-5
-6
-7
-9
-9
-7
-4
-6
-7
-9
-8
-9
-9
-9
-9
-8
-7
-8
-9
-9
-9
-8
-8
-9
-8
-7
-7
-7
-9
-10
-10
-10
-8
-5
-4
-4
-8
-8
-8
-8
-7
-7
-5
-6
-6
-7
-10
-7
-5
-5
-5
-5
-5
-6
-9
-9
-9
-8
-8
-8
-8
-5
-5
-7
-7
-8
-8
-7
-8
-5
-3
-1
-1
-2
-3
-3
-2
0
3
1
2
2
3
5
7
7
7
8
10
11
10
10
12
13
13
13
14
16
16
17
17
18
20
21
21
23
23
24
24
24
25
24
25
24
23
25
24
25
24
23
23
22
23
21
19
19
19
18
16
14
13
12
13
12
10
8
7
6
5
4
3
3
1
0
-2
-4
-5
-8
-9
-11
-12
-13
-12
-14
-15
-15
-18
-20
-22
-24
-24
-25
-26
-26
-28
-28
-28
-30
-30
-30
-30
-31
-33
-33
-33
-33
-34
-35
-36
-34
-34
-32
-30
-31
-31
-29
-27
-26
-27
-26
-26
-27
-24
-21
-19
-19
-17
-17
-14
-13
-13
-14
-13
-12
-9
-7
-6
-5
-4
-4
-1
0
0
1
2
5
4
5
7
8
8
9
8
10
12
12
14
15
17
18
19
19
19
20
21
22
23
24
24
23
24
25
26
26
26
26
27
28
29
27
26
25
27
27
26
26
26
28
27
27
25
22
23
22
22
21
21
20
19
19
18
16
17
16
14
13
11
9
9
8
6
4
3
1
1
0
0
-2
-5
-5
-5
-7
-10
-12
-11
-13
-12
-15
-16
-15
-17
-17
-19
-19
-21
-22
-23
-22
-24
-24
-24
-24
-25
-25
-26
-26
-26
-26
-27
-28
-29
-29
-30
-29
-29
-28
-28
-27
-26
-27
-26
-25
-26
-24
-25
-25
-22
-21
-21
-19
-18
-16
-15
-13
-13
-12
-11
-10
-8
-7
-7
-5
-4
-2
-1
1
2
3
7
7
8
9
10
12
13
14
14
14
17
17
19
20
23
24
25
26
27
27
27
28
29
29
30
29
29
29
31
31
31
33
32
32
33
31
32
32
32
31
30
29
28
27
26
25
27
25
23
20
20
20
19
18
15
14
13
12
10
8
7
5
5
4
0
-2
-3
-3
-3
-5
-7
-8
-8
-10
-12
-12
-13
-15
-16
-19
-18
-20
-22
-24
-23
-23
-24
-25
-28
-29
-28
-29
-29
-30
-31
-31
-33
-33
-33
-32
-32
-33
-32
-31
-33
-33
-34
-32
-28
-29
-30
-30
-28
-26
-24
-25
-24
-21
-21
-20
-19
-17
-17
-17
-16
-14
-13
-12
-12
-9
-6
-4
-4
-2
-1
1
3
4
6
8
8
8
10
12
15
16
16
17
18
19
20
20
21
22
24
26
26
26
25
25
27
27
28
26
26
25
26
27
27
26
25
24
26
26
26
27
27
26
24
22
21
19
19
18
18
17
18
18
15
13
10
11
12
11
10
8
6
5
4
4
2
1
-1
-1
-1
-1
-3
-4
-5
-5
-6
-7
-9
-10
-10
-10
-9
-9
-10
-10
-11
-12
-11
-12
-13
-11
-10
-11
-11
-11
-11
-10
-12
-11
-10
-11
-10
-10
-10
-12
-12
-12
-12
-10
-10
-11
-10
-11
-9
-9
-10
-11
-12
-13
-13
-14
-14
-14
-13
-13
-12
-12
-14
-15
-15
-16
-16
-16
-16
-15
-14
-14
-14
-13
-13
-12
-11
-10
-10
-9
-8
-8
-7
-7
-6
-4
-2
-1
1
2
4
5
7
7
6
8
9
10
12
13
14
16
15
16
17
17
18
17
16
17
16
15
16
16
16
15
14
14
14
13
13
13
13
12
11
11
10
9
10
10
9
7
8
7
7
7
7
8
9
8
7
7
7
7
5
5
3
3
2
2
2
2
0
-1
-1
-2
-2
-3
-3
-4
-5
-5
-6
-7
-8
-9
-9
-9
-10
-11
-13
-15
-14
-14
-14
-14
-14
-13
-13
-13
-12
-12
-11
-12
-12
-13
-13
-12
-11
-11
-11
-10
-11
-11
-10
-8
-8
-7
-7
-8
-6
-5
-5
-4
-3
-3
-3
-2
-1
0
0
1
2
4
4
5
6
7
7
7
7
8
9
11
10
10
12
12
13
14
13
14
15
14
14
15
14
15
16
15
15
14
15
14
15
15
14
14
13
13
13
11
12
10
9
10
9
8
8
8
6
6
6
5
5
4
2
1
-2
-1
-2
-3
-3
-3
-4
-5
-6
-6
-8
-9
-10
-10
-11
-11
-13
-12
-12
-12
-14
-16
-15
-14
-15
-17
-17
-16
-17
-17
-18
-18
-20
-20
-19
-20
-19
-20
-19
-19
-20
-20
-20
-20
-20
-19
-19
-21
-20
-20
-18
-17
-16
-15
-13
-13
-12
-13
-10
-10
-9
-9
-8
-6
-4
-4
-4
-2
-2
-2
0
0
2
4
5
7
7
8
8
8
8
10
10
11
11
12
13
13
13
12
12
13
14
15
17
17
18
18
19
21
22
22
22
22
21
20
20
21
21
19
18
17
16
15
16
16
16
16
15
15
13
13
13
12
13
12
12
11
10
10
7
5
4
4
4
3
2
1
-1
0
0
-2
-2
0
-1
-2
-2
-2
-3
-4
-3
-4
-5
-6
-4
-5
-7
-7
-6
-8
-9
-8
-9
-10
-10
-10
-8
-8
-8
-7
-7
-7
-7
-8
-7
-7
-6
-6
-6
-6
-6
-5
-6
-6
-6
-6
-6
-7
-7
-6
-5
-4
-5
-5
-3
-2
-1
-1
-1
-1
-2
0
0
-1
0
0
1
1
0
-1
-2
-3
-1
-2
-2
-2
-1
-1
-1
-2
-1
-1
0
0
1
0
0
1
-1
-1
-1
1
2
1
2
2
1
0
1
1
2
1
2
3
4
4
4
5
6
5
6
7
7
8
8
8
8
8
9
9
11
10
10
9
10
10
10
9
9
9
10
10
11
10
9
9
8
7
8
8
8
7
7
6
5
5
6
6
4
3
2
1
0
0
-1
-3
-2
-2
-3
-4
-5
-6
-7
-8
-7
-8
-9
-10
-11
-12
-12
-13
-13
-13
-15
-15
-17
-16
-17
-19
-19
-19
-20
-19
-20
-20
-20
-21
-21
-21
-22
-22
-23
-21
-22
-21
-21
-21
-22
-21
-20
-21
-19
-19
-20
-20
-20
-19
-18
-18
-17
-15
-14
-15
-14
-15
-14
-13
-11
-10
-9
-10
-8
-8
-6
-4
-4
-3
-1
-1
-1
-1
2
3
5
8
8
9
10
10
11
13
14
16
15
16
19
19
19
19
21
21
21
22
23
24
24
24
24
25
26
26
26
25
26
27
27
27
26
26
27
25
26
26
27
27
27
26
26
24
24
23
23
23
23
22
22
21
20
19
17
18
16
14
12
12
11
9
9
8
6
5
3
1
1
1
-1
-3
-5
-6
-7
-8
-9
-9
-10
-10
-12
-12
-13
-13
-14
-14
-14
-14
-14
-15
-14
-14
-14
-15
-16
-15
-16
-16
-15
-15
-15
-14
-14
-14
-14
-15
-14
-13
-13
-14
-14
-14
-13
-12
-13
-13
-12
-12
-11
-11
-12
-9
-9
-9
-9
-7
-6
-7
-7
-6
-6
-6
-6
-6
-4
-3
-3
-3
-3
-2
-2
-1
-1
0
0
0
-2
0
1
1
0
-1
0
1
2
2
3
3
3
3
4
4
5
5
5
6
7
6
5
6
7
7
6
6
7
8
9
8
7
8
7
7
7
8
6
5
5
6
6
5
3
2
2
3
2
1
0
1
-1
-2
-3
-2
-2
-4
-3
-5
-5
-6
-5
-6
-7
-7
-8
-7
-8
-9
-8
-9
-10
-11
-11
-11
-12
-13
-12
-12
-13
-12
-12
-14
-13
-14
-14
-14
-15
-15
-13
-14
-14
-15
-15
-14
-14
-14
-14
-13
-13
-11
-11
-10
-10
-10
-9
-8
-7
-7
-5
-3
-3
-3
-2
-2
-1
0
2
3
5
5
6
8
7
8
9
11
12
13
14
15
15
14
15
17
17
18
19
19
19
20
20
20
19
19
21
22
22
23
23
24
23
23
23
23
22
22
22
23
22
23
21
20
20
20
20
18
17
15
15
13
10
10
10
9
8
6
4
3
2
2
1
0
-2
-2
-2
-5
-4
-5
-6
-6
-6
-7
-7
-7
-6
-7
-7
-8
-7
-7
-7
-9
-8
-9
-10
-9
-11
-11
-13
-13
-13
-14
-14
-15
-15
-15
-15
-15
-15
-15
-14
-13
-13
-14
-13
-13
-14
-13
-13
-12
-13
-12
-12
-12
-12
-11
-11
-9
-9
-8
-9
-9
-7
-7
-6
-6
-6
-6
-6
-5
-5
-3
-2
-2
-1
-1
0
1
0
1
2
2
2
3
4
5
5
6
7
7
6
7
7
7
7
8
7
7
6
7
7
7
7
9
8
8
7
7
6
7
8
8
8
7
8
8
8
7
8
5
4
4
5
5
5
6
4
4
5
5
5
4
4
3
3
4
4
4
3
4
1
1
1
0
0
1
0
0
-1
-2
-2
-4
-5
-4
-4
-4
-4
-4
-6
-7
-7
-8
-9
-9
-10
-10
-11
-11
-12
-11
-11
-10
-11
-11
-12
-13
-13
-12
-11
-11
-12
-12
-14
-14
-14
-12
-12
-11
-11
-11
-11
-9
-10
-10
-11
-11
-10
-9
-10
-10
-11
-11
-9
-11
-10
-9
-9
-9
-8
-8
-7
-6
-5
-5
-2
-3
-2
-1
-1
0
1
2
4
4
5
5
6
7
9
9
11
12
13
14
13
13
13
13
13
15
14
14
16
16
16
17
18
17
18
18
18
17
16
17
17
18
17
17
17
17
16
15
15
15
15
14
16
16
14
13
14
14
13
13
12
12
12
11
10
10
10
9
9
10
10
9
9
8
7
6
5
4
4
3
3
4
2
1
1
-1
-1
-1
-2
-2
-4
-6
-6
-7
-7
-9
-10
-11
-11
-12
-12
-13
-13
-13
-13
-13
-14
-14
-14
-15
-15
-16
-16
-16
-14
