3
3
1
1
0
0
2
-1
-2
-1
-1
-2
-1
-3
-2
-2
-4
-4
-3
-3
-4
-4
-4
-4
-2
-1
-1
1
2
4
4
2
1
1
2
1
-1
0
-1
0
-1
-1
-1
-1
0
0
0
0
1
2
2
2
2
2
1
1
-1
-2
-3
-4
-4
-6
-6
-7
-8
-8
-7
-7
-8
-8
-5
-4
-4
-6
-6
-7
-8
-6
-6
-4
-4
-3
-2
-4
-3
-3
-2
-5
-6
-4
-5
-3
-4
-7
-8
-6
-5
-2
-2
-2
2
5
8
8
13
15
17
16
17
17
18
20
23
25
27
60
105
113
94
102
126
103
65
35
10
8
19
4
-29
-23
-12
-2
18
14
2
15
37
24
17
18
14
25
29
25
36
61
57
49
56
55
58
49
16
-11
-18
-35
-68
-84
-95
-95
-81
-76
-73
-68
-60
-55
-54
-61
-58
-45
-57
-71
-73
-77
-90
-105
-128
-140
-134
-142
-164
-159
-137
-127
-115
-60
28
108
144
182
244
267
234
197
156
90
47
44
17
-51
-112
-126
-110
-120
-148
-154
-140
-138
-127
-106
-94
-78
-36
12
54
106
167
206
218
226
235
223
167
95
22
-52
-123
-185
-247
-302
-312
-280
-245
-215
-161
-83
-23
20
69
119
142
151
162
162
147
136
127
106
77
54
43
17
-23
-53
-62
-70
-82
-76
-64
-37
-1
51
90
188
389
460
370
311
382
358
183
24
-84
-71
-6
-24
-164
-205
-137
-98
-34
-52
-95
-80
-8
-6
-27
17
23
74
123
143
160
199
189
112
86
47
14
-40
-133
-202
-199
-191
-226
-219
-206
-172
-101
-63
-55
-46
-11
12
11
7
22
54
14
-29
-37
-56
-120
-186
-227
-261
-250
-264
-292
-281
-200
-100
-33
37
136
250
253
208
218
223
172
103
60
18
11
-3
-61
-116
-128
-116
-117
-146
-203
-230
-219
-211
-205
-178
-133
-54
31
97
161
235
288
288
259
224
206
152
42
-69
-118
-154
-203
-232
-246
-247
-213
-144
-113
-107
-70
3
46
44
75
122
142
150
175
192
188
173
155
130
96
66
29
-14
-63
-83
-64
-51
-49
-22
35
90
224
375
404
376
376
413
358
227
92
27
59
91
67
5
-2
9
28
33
9
-17
-56
-76
-84
-55
-42
-13
49
113
171
192
211
194
148
95
43
-20
-81
-129
-168
-195
-220
-204
-165
-148
-132
-101
-75
-78
-105
-144
-188
-225
-247
-252
-260
-254
-245
-235
-231
-258
-301
-371
-388
-328
-239
-169
-57
135
253
303
337
381
368
300
254
214
163
80
-14
-130
-205
-222
-247
-284
-325
-324
-321
-303
-263
-225
-185
-138
-65
12
104
183
247
306
351
392
397
355
270
171
76
-21
-130
-245
-315
-346
-357
-342
-301
-253
-219
-147
-51
24
67
120
186
223
238
241
242
223
199
180
151
111
73
45
8
-15
-17
-12
-12
-13
8
40
74
101
141
181
214
243
275
292
324
435
494
464
383
336
282
148
-1
-119
-130
-84
-40
-48
-37
3
53
111
124
131
129
132
125
136
140
133
148
153
147
120
97
45
-29
-95
-148
-191
-231
-263
-270
-255
-246
-237
-220
-214
-201
-176
-190
-222
-247
-261
-298
-355
-397
-417
-418
-432
-445
-479
-494
-473
-363
-149
55
164
232
350
466
446
284
168
168
237
246
161
24
-79
-97
-119
-191
-312
-393
-433
-459
-474
-469
-408
-322
-216
-105
38
189
310
379
402
423
447
445
356
222
117
59
-2
-117
-237
-313
-334
-334
-354
-373
-345
-292
-250
-198
-114
-1
110
197
281
364
426
435
395
351
305
260
186
112
66
37
9
-27
-29
0
28
26
36
79
125
149
159
199
248
327
367
417
559
638
615
497
439
369
202
-3
-180
-215
-167
-118
-164
-169
-121
-34
51
72
79
97
144
175
199
205
222
256
271
270
227
149
46
-42
-131
-236
-296
-305
-313
-325
-324
-324
-322
-320
-334
-340
-336
-335
-303
-262
-242
-234
-238
-258
-278
-292
-344
-456
-557
-631
-642
-582
-449
-191
68
254
354
465
538
421
236
135
172
206
175
80
-11
-33
-40
-70
-185
-306
-393
-476
-560
-595
-569
-510
-390
-224
-46
144
325
455
503
509
509
478
387
254
136
53
-16
-87
-148
-195
-230
-253
-277
-288
-301
-318
-328
-305
-236
-138
0
131
259
367
471
539
524
461
385
325
234
152
98
56
5
-24
6
47
70
59
55
79
120
142
135
118
185
371
523
587
569
588
594
504
358
193
101
60
28
-33
-78
-102
-122
-129
-119
-81
-58
-39
-7
53
132
220
285
330
371
394
374
313
226
118
12
-72
-110
-135
-168
-190
-213
-235
-281
-340
-390
-411
-415
-391
-367
-330
-282
-252
-229
-229
-221
-235
-260
-327
-382
-445
-535
-610
-649
-575
-401
-109
148
300
325
362
400
247
42
-57
0
71
122
136
102
65
44
-9
-147
-288
-412
-538
-652
-664
-584
-472
-352
-193
-14
135
276
373
393
358
336
341
352
316
253
219
174
102
3
-86
-174
-266
-348
-377
-372
-340
-303
-264
-168
-35
106
190
253
301
352
385
366
329
295
294
295
288
278
261
199
109
46
26
21
-14
-49
-32
40
123
156
181
220
281
335
385
514
579
568
470
381
334
207
54
-91
-127
-63
5
-29
-98
-147
-139
-87
-61
-36
-9
49
157
257
294
326
347
328
282
195
109
32
-67
-168
-218
-241
-228
-238
-296
-357
-409
-417
-430
-442
-421
-365
-328
-307
-275
-237
-258
-330
-359
-350
-338
-382
-438
-518
-581
-565
-519
-386
-160
98
275
307
300
315
218
24
-58
34
197
284
250
152
38
-69
-178
-349
-507
-572
-591
-582
-505
-367
-216
-100
-13
75
122
131
140
137
138
191
286
380
444
447
421
349
204
14
-159
-287
-374
-410
-375
-285
-189
-106
-44
18
82
126
152
174
193
239
303
339
359
391
419
419
410
396
353
266
165
105
97
101
104
75
110
227
318
326
287
319
349
350
336
317
319
338
339
286
235
180
83
-18
-93
-119
-114
-100
-87
-59
-8
47
87
79
58
39
37
70
123
181
231
278
319
312
247
136
-21
-197
-323
-413
-472
-479
-445
-368
-311
-275
-243
-231
-268
-344
-413
-465
-470
-462
-450
-419
-370
-311
-324
-395
-457
-424
-334
-225
-46
160
275
208
139
103
41
0
19
133
250
329
305
168
-19
-195
-362
-531
-606
-622
-611
-539
-387
-226
-163
-145
-105
-70
-62
-34
42
146
282
391
487
570
596
529
354
159
9
-103
-216
-294
-286
-218
-144
-107
-72
-64
-93
-136
-138
-62
54
172
261
360
475
556
553
480
422
366
313
270
258
274
282
258
222
206
163
84
-1
-39
-14
34
105
177
261
459
621
644
539
400
304
138
-17
-82
-33
105
224
225
127
-18
-193
-338
-416
-407
-345
-243
-77
98
206
248
210
138
81
31
-1
16
83
137
151
141
137
18
-216
-412
-550
-627
-676
-656
-557
-451
-368
-346
-384
-458
-507
-562
-607
-585
-479
-324
-287
-294
-242
-157
-144
-167
-79
38
91
48
50
89
90
108
121
218
322
329
177
-77
-223
-318
-402
-470
-439
-360
-303
-248
-245
-238
-290
-347
-368
-339
-218
-51
114
249
406
533
590
551
440
324
205
129
75
43
49
69
65
30
-3
-64
-141
-205
-214
-189
-121
-1
138
265
345
419
460
472
468
468
489
500
526
545
545
492
389
280
173
115
92
111
147
183
252
264
326
381
335
237
107
90
81
84
139
238
380
480
468
311
107
-135
-321
-410
-380
-234
-98
18
73
53
-47
-163
-261
-307
-291
-192
4
203
345
387
341
208
28
-158
-290
-356
-361
-292
-230
-177
-143
-203
-388
-593
-731
-825
-865
-818
-685
-524
-382
-308
-312
-397
-499
-562
-541
-401
-127
200
401
430
371
330
193
9
-52
56
252
340
354
270
77
-191
-456
-620
-653
-564
-490
-420
-301
-187
-190
-308
-393
-405
-376
-303
-108
158
381
521
581
599
548
418
260
151
127
157
194
225
228
157
35
-104
-224
-284
-297
-259
-167
5
176
263
278
254
232
198
216
321
471
617
724
794
822
777
634
448
287
221
220
244
279
323
329
266
151
56
86
77
48
65
138
236
219
190
176
187
205
209
184
150
91
-9
-33
-10
26
4
-74
-122
-154
-215
-298
-350
-354
-295
-230
-150
-52
15
11
-42
-86
-77
-36
-67
-99
-94
-67
-54
-124
-190
-251
-355
-465
-537
-565
-591
-634
-669
-661
-637
-618
-591
-600
-594
-580
-599
-586
-497
-362
-223
-3
254
369
264
139
97
34
41
190
435
606
603
442
163
-138
-386
-525
-537
-413
-269
-204
-216
-292
-434
-631
-738
-694
-526
-296
-56
170
315
371
328
250
219
235
303
429
593
704
697
596
455
286
82
-72
-126
-93
-38
-2
13
8
-15
-70
-120
-121
-31
98
216
320
434
531
566
570
575
609
630
653
715
784
812
739
602
539
516
441
322
243
256
245
183
124
81
33
-27
-87
-129
-106
-97
-98
-86
-50
-22
-43
-55
-61
-41
-29
3
24
14
4
-17
-3
6
21
17
1
-20
-57
-110
-193
-270
-367
-399
-398
-382
-366
-362
-350
-380
-387
-388
-401
-431
-433
-389
-375
-374
-373
-359
-394
-448
-466
-458
-449
-477
-485
-508
-528
-500
-452
-374
-283
-180
-135
-157
-180
-172
-122
-26
165
356
458
455
339
155
-32
-114
-83
14
120
178
148
-6
-212
-425
-596
-649
-585
-435
-284
-156
-79
-80
-122
-166
-149
-72
65
238
401
518
559
532
470
428
413
425
459
491
505
478
424
343
267
201
160
167
199
224
198
152
102
75
79
121
216
329
435
486
492
476
469
455
424
450
524
602
640
636
611
565
512
454
402
333
254
171
91
38
-11
-78
-158
-212
-242
-258
-284
-317
-346
-383
-404
-397
-364
-309
-247
-164
-79
-17
11
3
-29
-70
-87
-71
-36
-8
-1
-15
-43
-88
-166
-268
-360
-431
-458
-445
-436
-436
-438
-425
-403
-408
-414
-423
-437
-428
-414
-364
-314
-295
-300
-330
-350
-352
-353
-352
-334
-293
-228
-178
-162
-184
-230
-250
-232
-181
-118
-62
-43
-39
-28
-17
-2
-12
-24
-40
-46
-46
-54
-68
-97
-108
-109
-83
-48
-19
18
42
79
137
220
288
329
369
410
441
444
442
437
425
405
386
388
375
345
301
259
237
234
237
226
216
208
202
200
214
221
204
209
252
312
347
360
350
326
304
298
307
311
321
323
324
316
295
259
205
177
184
198
189
159
124
79
33
-5
-20
-24
-47
-90
-124
-133
-125
-130
-147
-156
-125
-64
-12
18
31
35
12
-21
-50
-68
-97
-150
-192
-205
-170
-148
-172
-221
-255
-257
-273
-311
-356
-396
-434
-450
-427
-384
-339
-308
-285
-275
-253
-229
-226
-250
-274
-250
-212
-198
-227
-256
-259
-257
-261
-263
-252
-249
-269
-308
-342
-355
-362
-351
-334
-289
-221
-165
-147
-162
-175
-189
-196
-192
-171
-149
-136
-122
-119
-104
-100
-99
-94
-67
-11
52
106
126
139
156
180
202
231
268
303
340
372
402
421
429
427
419
413
422
431
424
416
419
433
435
430
434
429
408
376
353
343
335
324
304
298
308
311
302
280
266
255
246
239
229
215
199
188
177
166
160
144
113
72
34
6
-17
-33
-50
-64
-72
-82
-102
-138
-175
-201
-207
-194
-163
-120
-75
-41
-28
-29
-38
-59
-78
-86
-79
-60
-33
-7
7
10
4
-27
-88
-141
-173
-203
-244
-283
-307
-322
-331
-333
-325
-317
-315
-322
-329
-323
-310
-294
-290
-275
-243
-218
-212
-232
-242
-235
-225
-222
-222
-211
-210
-233
-273
-305
-327
-345
-348
-335
-298
-265
-247
-247
-249
-243
-234
-232
-221
-186
-151
-128
-110
-78
-42
-22
7
57
117
155
171
182
200
225
248
268
291
327
371
393
386
365
340
315
299
309
331
353
373
395
410
411
411
417
419
406
391
385
382
376
370
376
384
390
378
353
326
293
247
190
141
105
82
65
46
29
12
5
-10
-29
-49
-67
-77
-84
-85
-83
-71
-58
-58
-63
-63
-69
-86
-107
-119
-109
-90
-75
-68
-61
-56
-76
-109
-121
-116
-123
-144
-144
-116
-86
-73
-76
-82
-79
-67
-58
-57
-61
-66
-79
-104
-127
-138
-146
-157
-163
-162
-156
-160
-182
-208
-223
-229
-234
-235
-224
-205
-202
-218
-229
-229
-229
-233
-227
-201
-175
-180
-202
-213
-217
-225
-230
-230
-222
-209
-191
-180
-179
-187
-204
-229
-245
-236
-212
-182
-152
-122
-97
-76
-55
-36
-18
3
33
71
110
148
174
196
223
253
283
306
322
329
323
312
309
318
333
343
348
356
366
357
336
315
306
304
308
313
320
332
340
341
334
323
316
302
281
264
256
243
219
185
148
115
82
55
34
16
-7
-40
-71
-88
-104
-126
-147
-153
-143
-131
-124
-123
-121
-121
-120
-121
-113
-96
-86
-80
-74
-62
-51
-45
-51
-56
-55
-63
-81
-101
-112
-120
-130
-135
-126
-106
-84
-63
-46
-37
-40
-52
-73
-98
-113
-117
-109
-94
-74
-58
-54
-66
-86
-107
-122
-136
-150
-155
-146
-136
-131
-135
-141
-148
-163
-178
-190
-196
-204
-216
-225
-225
-222
-218
-210
-197
-183
-173
-163
-157
-154
-150
-144
-130
-102
-70
-46
-28
-13
-3
-4
-9
-6
0
6
22
53
86
119
143
166
182
193
203
209
215
220
231
248
270
291
307
311
301
288
283
284
279
269
265
267
266
261
261
265
275
281
285
283
278
266
242
217
200
192
180
165
147
125
99
64
34
7
-20
-46
-71
-100
-122
-141
-155
-164
-171
-174
-173
-165
-154
-151
-147
-142
-138
-128
-117
-107
-95
-83
-76
-77
-79
-79
-82
-91
-109
-127
-147
-156
-157
-155
-149
-138
-124
-110
-95
-85
-84
-88
-88
-83
-77
-74
-69
-57
-42
-33
-34
-40
-41
-41
-43
-47
-57
-68
-79
-81
-75
-69
-73
-80
-92
-102
-110
-122
-134
-144
-147
-140
-126
-115
-109
-104
-104
-105
-106
-101
-101
-105
-107
-97
-71
-42
-18
-6
-3
4
10
7
-7
-18
-12
4
32
70
100
113
117
126
142
156
169
174
181
206
237
261
275
275
266
259
253
250
251
255
256
258
257
249
228
196
170
163
179
181
234
244
206
204
177
146
127
116
100
113
147
132
96
74
29
-28
-28
-28
-56
-67
-92
-133
-154
-179
-219
-237
-248
-261
-261
-253
-228
-204
-192
-180
-167
-162
-155
-164
-176
-168
-155
-140
-131
-131
-118
-117
-131
-130
-134
-138
-127
-121
-112
-96
-93
-91
-97
-104
-114
-104
-94
-93
-69
-63
-64
-58
-46
-47
-41
-30
-23
-8
-16
-15
-4
8
30
27
34
42
13
-3
-29
-62
-66
-66
-58
-38
-35
-28
-43
-49
-39
-73
-69
-36
-20
-19
2
29
49
70
72
79
82
79
88
97
88
73
90
108
104
111
115
108
118
124
122
126
127
119
120
141
152
165
192
201
211
227
229
231
227
213
212
217
212
205
199
180
167
161
141
137
126
102
121
88
76
93
59
55
41
31
19
-2
5
-2
-20
-26
-19
-22
-35
-42
-66
-85
-120
-109
-127
-163
-151
-156
-170
-146
-108
-172
-174
-112
-153
-167
-153
-206
-193
-165
-189
-196
-179
-144
-162
-184
-140
-186
-198
-121
-168
-134
-61
-76
-99
-101
-70
-125
-148
-102
-67
-103
-63
-36
-116
-80
-96
-167
-100
-63
-84
-104
-71
-33
-60
-77
-78
-38
-18
-22
-48
-6
-5
-21
-33
-48
19
5
-30
-9
9
19
-30
-6
60
-2
-6
47
65
39
17
47
84
63
111
110
64
156
159
82
121
155
99
121
170
152
130
175
158
106
142
131
120
166
178
156
178
210
170
180
205
180
195
201
176
190
180
153
178
150
126
125
102
123
101
80
110
86
71
64
47
33
39
16
18
46
14
-22
9
-14
-72
-28
-77
-110
-46
-58
-131
-99
-62
-148
-170
-75
-128
-179
-50
-54
-131
-103
-111
-120
-129
-140
-160
-166
-104
-127
-155
-163
-120
-135
-153
-100
-146
-151
-81
-87
-129
-59
-66
-146
-98
-66
-107
-134
-92
-65
-82
-96
-127
-89
-119
-144
-123
-123
-116
-103
-119
-149
-123
-96
-144
-156
-59
-82
-75
-23
3
-36
-20
-37
-77
-21
-11
47
49
82
114
25
11
53
50
70
122
134
143
153
86
42
21
95
140
67
116
164
108
120
108
65
95
93
92
121
125
127
116
142
197
167
159
189
200
228
234
222
242
238
197
196
197
202
188
164
143
151
123
79
88
38
48
82
61
20
-12
-21
-43
-72
-56
-31
-47
-60
-78
-95
-104
-146
-163
-139
-131
-120
-132
-166
-165
-165
-194
-173
-131
-127
-93
-60
-72
-50
-52
-109
-80
-28
-42
-73
-25
28
-14
-41
-21
-3
-38
-40
11
31
27
31
21
36
31
1
-1
-34
10
23
-39
-22
-21
-23
-107
-114
-36
-117
-161
-66
-116
-170
-111
-181
-187
-134
-147
-171
-129
-120
-205
-176
-58
-146
-147
-16
-94
-122
-96
-98
-63
-42
-48
8
80
33
-28
12
31
-34
-44
40
54
7
-22
-53
-11
59
46
19
70
48
-2
6
51
112
127
156
210
209
174
117
127
227
327
363
373
369
288
221
204
241
291
331
313
275
228
137
64
52
91
106
149
159
75
2
-59
-97
-89
-48
-21
-22
-25
-75
-138
-170
-185
-198
-152
-89
-88
-119
-173
-206
-222
-207
-168
-136
-83
-78
-88
-78
-70
-39
24
69
101
143
136
104
93
124
151
172
213
215
157
105
98
88
105
143
140
116
61
-9
-56
-76
-91
-57
-12
-22
-75
-118
-173
-217
-193
-191
-174
-144
-171
-218
-243
-244
-288
-244
-170
-227
-226
-208
-261
-304
-265
-226
-221
-142
-137
-204
-214
-206
-217
-207
-171
-138
-106
-110
-110
-135
-149
-185
-162
-66
9
81
55
6
-41
-42
-26
22
130
237
312
326
307
218
125
136
237
408
525
544
456
353
268
216
257
327
420
425
361
289
194
84
40
85
144
186
138
39
-47
-147
-192
-163
-105
-66
-67
-102
-173
-233
-264
-236
-197
-128
-68
-68
-96
-146
-170
-157
-97
-30
10
32
32
5
-22
-6
14
41
147
229
250
206
132
136
178
211
261
328
347
327
286
225
183
145
156
219
243
201
91
4
-53
-81
-72
-38
-14
-57
-140
-228
-252
-269
-283
-237
-209
-223
-256
-303
-333
-351
-355
-305
-248
-257
-319
-349
-331
-332
-317
-290
-274
-264
-289
-284
-277
-267
-247
-244
-233
-242
-300
-394
-409
-332
-127
53
61
-56
-200
-207
-173
-133
12
256
476
519
436
281
134
81
238
575
816
830
649
459
304
190
190
355
540
542
411
232
56
-99
-181
-118
35
153
96
-54
-193
-313
-382
-325
-160
-51
-23
-69
-159
-234
-276
-258
-155
-15
58
81
43
-29
-75
-66
36
133
205
218
181
144
116
111
135
216
307
361
372
318
249
199
199
259
339
387
369
333
280
218
195
210
258
287
301
256
172
118
57
17
28
70
66
8
-97
-203
-251
-267
-245
-223
-229
-267
-332
-383
-407
-421
-422
-393
-393
-399
-416
-459
-493
-490
-455
-427
-432
-441
-453
-477
-509
-522
-525
-530
-562
-485
-234
-36
-83
-299
-352
-244
-151
-125
31
344
560
557
413
261
115
90
324
700
942
833
539
298
158
59
95
328
520
449
185
-32
-181
-309
-369
-255
-16
90
-30
-239
-402
-507
-518
-378
-159
15
5
-105
-213
-271
-269
-178
-1
140
211
207
168
106
47
94
205
310
353
330
290
262
220
213
251
291
314
292
276
264
263
287
351
381
345
314
291
289
323
389
446
455
404
308
248
233
267
320
366
351
240
119
31
-25
-57
-39
16
31
-58
-202
-320
-401
-400
-341
-290
-280
-345
-445
-533
-568
-549
-521
-471
-421
-421
-479
-558
-553
-529
-518
-511
-493
-501
-550
-419
-108
51
-133
-384
-377
-248
-231
-188
114
471
564
417
246
66
-112
-56
340
796
886
620
318
84
-103
-172
9
313
418
226
-81
-305
-457
-554
-498
-292
-107
-98
-250
-433
-585
-654
-576
-353
-98
30
8
-101
-223
-263
-187
-20
156
272
301
267
180
96
102
167
240
303
314
285
239
177
169
208
241
251
275
303
304
292
280
315
357
375
394
410
439
479
507
507
494
469
437
411
425
475
484
445
367
274
182
108
79
79
59
-4
-63
-131
-213
-301
-382
-384
-351
-343
-342
-356
-417
-496
-532
-487
-404
-366
-338
-296
-319
-396
-444
-431
-412
-435
-411
-192
108
223
36
-249
-354
-294
-210
-96
164
514
678
511
192
-75
-191
-78
258
677
835
587
159
-161
-322
-361
-202
76
234
64
-293
-571
-721
-761
-695
-482
-249
-205
-359
-560
-673
-666
-553
-384
-172
-18
-13
-87
-150
-163
-131
-37
99
214
258
229
170
102
60
76
125
124
86
72
81
83
56
40
67
105
96
111
179
243
261
268
306
353
366
387
463
552
606
615
610
605
574
551
564
596
594
550
484
386
287
233
212
168
89
10
-71
-163
-256
-320
-334
-342
-331
-316
-320
-365
-403
-400
-363
-301
-265
-252
-218
-166
-159
-198
-235
-230
-245
-274
-109
224
407
254
0
-81
-84
-152
-100
244
655
812
668
371
21
-227
-149
262
697
832
637
295
-67
-382
-486
-304
2
167
51
-246
-553
-789
-876
-757
-501
-286
-242
-363
-548
-688
-710
-605
-415
-214
-86
-89
-177
-266
-300
-234
-114
6
82
69
-20
-105
-122
-95
-74
-88
-106
-141
-200
-242
-226
-186
-171
-161
-126
-87
-82
-84
-45
71
211
294
334
330
306
324
417
554
663
684
633
577
547
545
546
528
491
437
371
278
172
86
33
-4
-39
-80
-151
-254
-352
-369
-281
-195
-171
-201
-237
-249
-251
-187
-86
-17
-7
-9
-11
-31
-98
-115
-72
-59
-29
107
342
419
257
33
-46
-44
-43
100
409
686
743
605
367
96
-73
46
422
767
855
667
340
-6
-245
-269
-80
180
273
103
-200
-471
-639
-660
-538
-344
-200
-186
-294
-455
-575
-599
-520
-384
-225
-90
-57
-160
-299
-341
-265
-153
-67
-28
-43
-97
-181
-222
-229
-256
-286
-284
-272
-280
-311
-333
-336
-338
-284
-197
-136
-134
-141
-79
6
73
127
182
249
301
341
391
423
399
357
366
417
449
430
380
305
192
86
52
64
71
38
-22
-100
-200
-288
-325
-321
-297
-247
-183
-145
-171
-227
-245
-204
-117
-18
50
58
18
-9
-13
-34
-85
-118
-59
55
210
375
394
254
73
27
102
170
318
568
822
908
752
487
221
124
311
677
970
973
745
400
71
-119
-106
98
320
390
214
-95
-378
-543
-547
-423
-209
-30
-7
-138
-336
-472
-519
-428
-223
-23
73
24
-107
-226
-255
-188
-83
5
37
48
-3
-119
-207
-230
-216
-238
-243
-214
-204
-271
-362
-384
-358
-282
-211
-148
-116
-143
-142
-113
-50
45
149
249
296
268
207
175
181
203
223
245
244
200
127
22
-102
-204
-231
-181
-145
-179
-258
-347
-430
-492
-518
-483
-417
-357
-303
-268
-282
-312
-341
-306
-215
-120
-58
-49
-85
-132
-159
-171
-186
-194
-134
23
243
343
263
110
7
13
83
213
457
721
890
874
686
421
213
247
530
871
1042
953
688
351
78
-17
99
298
431
405
216
-39
-276
-384
-330
-176
-14
75
55
-59
-205
-304
-301
-203
-60
64
110
64
-49
-152
-168
-106
0
92
111
67
-24
-115
-160
-155
-144
-142
-162
-187
-204
-202
-189
-191
-156
-97
-26
33
52
50
41
55
133
255
364
406
379
325
280
240
223
237
249
224
162
106
24
-107
-248
-341
-340
-313
-314
-356
-434
-534
-612
-616
-580
-535
-515
-497
-451
-422
-411
-426
-430
-430
-400
-326
-258
-244
-284
-353
-417
-458
-471
-394
-261
-89
73
104
17
-125
-184
-121
4
227
515
786
872
721
461
244
216
409
746
1007
1023
815
481
197
34
34
191
370
447
347
128
-131
-308
-345
-231
-23
135
176
84
-55
-179
-222
-145
0
154
227
222
148
28
-56
-78
-12
88
171
191
118
-6
-125
-170
-176
-168
-146
-110
-92
-125
-167
-161
-98
-56
-10
75
189
262
240
228
274
358
460
538
578
563
506
452
448
467
464
418
340
270
189
94
1
-85
-156
-220
-246
-242
-261
-336
-432
-497
-516
-488
-454
-431
-407
-421
-447
-473
-478
-455
-439
-421
-412
-432
-484
-564
-650
-725
-711
-563
-349
-159
-132
-229
-369
-453
-403
-268
-40
248
519
648
556
336
126
76
216
504
786
874
744
442
153
-21
-35
90
238
302
210
19
-188
-318
-347
-277
-112
41
120
82
-16
-89
-120
-74
50
221
330
315
216
100
46
41
88
165
207
190
101
-7
-93
-162
-192
-173
-144
-136
-173
-232
-281
-272
-181
-65
32
73
97
124
157
215
275
373
491
573
601
580
542
487
451
476
536
551
500
423
308
172
56
15
28
28
-17
-79
-133
-199
-245
-270
-278
-273
-275
-251
-223
-212
-235
-277
-317
-322
-294
-277
-271
-311
-377
-473
-579
-659
-666
-561
-381
-163
-94
-199
-403
-583
-566
-425
-127
221
470
535
378
150
-62
-106
55
376
676
750
598
252
-88
-296
-283
-82
134
243
138
-108
-403
-575
-547
-371
-119
34
93
39
-91
-201
-224
-91
98
281
381
384
274
88
-27
-37
70
198
266
242
100
-78
-210
-239
-199
-165
-175
-209
-222
-236
-268
-283
-233
-144
-49
28
98
149
160
191
255
356
454
506
513
476
437
436
470
493
478
430
377
323
247
189
147
106
58
10
-7
-8
-24
-48
-65
-70
-79
-89
-93
-78
-61
-42
-25
-21
-37
-80
-119
-169
-210
-226
-249
-279
-359
-455
-482
-443
-313
-167
-104
-154
-298
-392
-392
-287
-51
230
460
514
393
174
-8
-15
146
423
638
661
459
136
-122
-244
-222
-113
14
64
-26
-222
-437
-565
-574
-440
-224
-42
3
-86
-204
-276
-228
-85
116
297
347
282
142
26
-25
-1
95
187
208
137
18
-119
-251
-335
-331
-257
-201
-218
-293
-364
-396
-355
-262
-170
-103
-73
-25
37
101
160
216
294
357
397
394
377
342
314
341
375
394
344
254
171
102
77
72
67
33
-8
-30
-40
-46
-35
10
44
51
46
37
20
5
37
90
138
124
77
24
-41
-91
-133
-158
-202
-280
-333
-329
-285
-190
-104
-102
-171
-270
-296
-266
-155
70
324
526
538
394
182
22
50
237
509
672
656
441
111
-149
-255
-187
-54
58
66
-69
-282
-482
-569
-522
-357
-176
-59
-44
-119
-210
-264
-213
-78
101
260
330
297
150
0
-74
-34
96
202
218
123
-32
-189
-293
-334
-312
-281
-276
-269
-307
-363
-394
-369
-289
-221
-166
-112
-64
-26
20
85
155
222
260
279
277
250
215
202
223
236
213
149
80
30
-5
-25
-50
-78
-110
-128
-114
-90
-70
-61
-39
-4
40
62
69
75
82
111
128
147
158
143
122
74
27
-29
-85
-130
-194
-264
-262
-186
-97
-46
-66
-123
-233
-280
-190
-14
187
344
472
499
400
242
140
199
342
514
624
616
455
182
-31
-112
-67
19
87
71
-59
-243
-398
-438
-388
-257
-119
-32
-24
-101
-173
-195
-123
6
155
288
334
290
179
78
36
57
140
222
237
159
43
-81
-177
-225
-237
-224
-228
-239
-265
-310
-341
-337
-285
-218
-170
-128
-89
-52
-19
12
60
131
181
201
187
158
139
111
100
110
108
65
-15
-67
-101
-134
-161
-177
-189
-212
-205
-181
-153
-133
-118
-93
-61
-16
6
26
44
71
94
85
86
82
78
49
17
-2
-50
-120
-187
-222
-276
-294
-251
-185
-126
-116
-108
-155
-205
-164
-38
119
238
352
430
423
339
265
253
292
395
496
535
441
260
95
-19
-66
-68
-34
-30
-75
-170
-277
-329
-333
-272
-191
-111
-58
-50
-58
-60
-28
25
106
206
278
289
244
194
165
157
169
198
205
175
122
55
-21
-108
-162
-160
-138
-133
-158
-187
-208
-223
-219
-173
-112
-65
-24
30
83
86
67
71
116
176
218
230
197
137
79
61
52
28
-5
-34
-50
-82
-129
-186
-224
-232
-219
-184
-149
-114
-103
-109
-119
-117
-80
-43
1
44
71
79
46
18
-6
-23
-30
-22
-17
-53
-122
-211
-287
-362
-372
-313
-238
-194
-178
-134
-142
-194
-226
-181
-63
59
207
330
376
315
221
183
192
254
337
422
443
363
217
56
-47
-106
-88
-27
28
10
-110
-231
-314
-318
-258
-152
-38
18
23
-8
-23
-21
16
88
161
222
239
234
203
164
151
175
214
221
195
139
90
45
-1
-19
-17
-11
-35
-77
-114
-132
-122
-88
-37
3
36
48
53
53
53
76
112
174
233
264
245
184
126
86
89
111
136
138
99
36
-34
-77
-108
-114
-87
-53
-34
-62
-107
-151
-173
-163
-131
-80
-39
-12
-15
-35
-59
-70
-60
-38
-8
10
18
-17
-83
-144
-184
-199
-226
-245
-262
-271
-256
-243
-239
-244
-226
-207
-225
-224
-177
-95
-24
46
119
149
131
109
119
136
167
210
257
271
223
145
67
36
19
-7
-26
-38
-63
-135
-204
-228
-220
-205
-173
-122
-95
-110
-145
-156
-132
-87
-19
61
132
164
162
154
150
151
167
212
254
261
244
215
172
111
61
44
40
40
33
17
-8
-44
-75
-74
-47
-23
-6
8
32
49
63
100
144
178
190
208
240
263
270
269
267
257
245
231
206
171
145
128
96
41
-21
-77
-126
-157
-172
-187
-206
-219
-218
-227
-238
-227
-190
-148
-107
-61
-43
-55
-68
-60
-32
-4
29
57
44
-18
-76
-118
-154
-183
-218
-209
-199
-232
-279
-341
-344
-321
-302
-284
-274
-219
-155
-101
-53
2
63
99
152
210
258
271
252
254
240
219
184
146
95
26
-25
-66
-88
-138
-207
-286
-345
-350
-346
-321
-298
-278
-278
-274
-224
-156
-76
-15
48
101
138
190
226
262
288
306
314
306
301
280
245
198
149
97
50
17
-18
-63
-110
-133
-139
-126
-88
-57
-44
-35
10
84
160
231
304
365
410
444
471
506
532
550
549
523
478
412
339
279
228
169
105
31
-53
-134
-202
-242
-271
-286
-289
-290
-286
-272
-256
-233
-194
-140
-65
7
60
87
91
95
104
119
143
161
147
92
7
-90
-176
-231
-257
-285
-332
-387
-441
-488
-522
-525
-483
-411
-334
-269
-232
-191
-139
-80
-9
74
174
252
296
311
304
273
234
221
223
214
161
73
-30
-130
-209
-273
-314
-341
-364
-389
-413
-426
-435
-429
-396
-330
-243
-161
-85
-27
16
47
90
148
208
258
281
288
274
239
196
159
131
97
64
28
-16
-70
-119
-155
-178
-175
-147
-108
-81
-62
-47
-21
24
97
202
305
372
408
432
449
464
484
520
563
589
577
518
432
355
294
253
233
206
152
64
-31
-106
-159
-187
-188
-165
-143
-134
-146
-148
-129
-97
-45
11
71
113
131
132
132
145
160
175
171
158
135
86
27
-32
-79
-115
-137
-153
-181
-226
-282
-342
-395
-416
-406
-401
-410
-424
-402
-348
-301
-281
-276
-258
-226
-185
-126
-60
-11
13
30
30
16
13
30
68
93
81
26
-40
-86
-104
-97
-86
-82
-109
-162
-216
-262
-281
-276
-251
-226
-217
-213
-217
-222
-216
-177
-121
-70
-36
-24
-17
-8
22
71
119
149
154
152
153
150
146
141
146
151
153
138
98
55
24
15
24
46
68
66
57
61
104
160
196
226
255
288
298
303
327
362
403
436
447
419
366
317
296
309
328
319
263
187
117
55
9
-7
4
5
-21
-62
-95
-120
-132
-112
-72
-26
6
25
36
46
58
78
101
125
146
157
147
119
90
67
51
38
23
0
-42
-89
-130
-168
-208
-240
-267
-295
-319
-337
-340
-353
-367
-377
-368
-351
-343
-312
-267
-219
-181
-160
-142
-111
-70
-33
6
49
61
39
31
43
42
39
33
11
-36
-81
-114
-142
-158
-166
-182
-208
-219
-229
-246
-253
-237
-207
-172
-126
-78
-45
-30
-21
-5
18
56
94
120
141
150
136
107
87
80
83
92
101
99
72
35
-7
-42
-51
-33
-10
13
34
46
34
21
29
62
123
188
239
259
248
235
235
258
292
324
345
344
322
282
232
196
185
191
202
205
192
162
114
71
58
67
84
94
91
79
59
44
41
45
54
62
73
81
83
78
70
57
42
28
22
25
22
10
-9
-36
-69
-98
-110
-110
-105
-104
-119
-140
-165
-184
-188
-180
-165
-159
-165
-179
-188
-196
-201
-207
-208
-210
-223
-234
-248
-258
-265
-254
-226
-202
-192
-202
-216
-222
-200
-150
-84
-28
2
2
-27
-54
-71
-60
-22
30
63
49
-3
-74
-134
-165
-160
-121
-77
-57
-80
-123
-170
-190
-176
-132
-68
-17
14
18
13
4
2
22
55
95
118
122
104
75
43
22
16
18
25
23
15
-2
-21
-28
-27
-14
9
48
82
104
129
155
174
188
222
266
309
342
366
374
362
348
335
333
339
342
338
325
304
266
221
187
171
166
158
157
149
124
91
63
52
58
76
94
97
84
65
44
30
26
29
31
27
19
3
-20
-41
-63
-79
-80
-75
-73
-78
-85
-90
-99
-106
-98
-83
-76
-72
-63
-56
-58
-66
-73
-76
-75
-71
-74
-89
-117
-144
-163
-169
-172
-180
-191
-214
-242
-267
-289
-306
-316
-305
-282
-260
-258
-276
-297
-311
-302
-269
-214
-174
-157
-155
-167
-178
-181
-171
-160
-139
-112
-109
-129
-158
-180
-201
-207
-192
-172
-163
-155
-150
-151
-144
-127
-106
-82
-38
14
55
78
93
102
114
145
184
215
233
241
241
238
237
235
227
222
231
241
243
233
219
207
204
208
219
232
240
242
241
247
259
277
287
289
290
291
293
289
291
291
283
273
261
246
227
209
190
175
166
153
141
124
111
99
93
94
94
94
92
92
93
96
105
114
119
123
121
117
105
91
79
72
69
60
39
11
-25
-61
-88
-101
-112
-131
-155
-179
-210
-239
-258
-267
-267
-263
-259
-258
-260
-270
-282
-288
-284
-277
-272
-266
-263
-269
-287
-307
-325
-336
-342
-341
-338
-339
-347
-363
-381
-392
-386
-373
-359
-342
-325
-311
-301
-291
-283
-273
-247
-208
-169
-143
-117
-101
-101
-103
-95
-73
-44
-11
15
24
17
3
-7
-4
21
55
84
106
122
125
118
122
144
178
209
242
272
290
296
296
296
299
306
314
324
332
336
323
302
280
259
238
226
229
240
247
245
229
204
187
180
186
206
232
252
256
250
246
246
242
241
247
261
271
268
255
238
215
192
174
169
173
171
159
137
112
86
66
55
58
58
53
51
46
43
34
18
4
-4
-10
-16
-21
-33
-50
-72
-97
-124
-151
-174
-191
-210
-233
-257
-282
-305
-324
-333
-336
-343
-352
-355
-358
-360
-358
-352
-342
-330
-320
-318
-316
-307
-303
-295
-279
-262
-254
-249
-245
-244
-240
-234
-228
-225
-214
-200
-188
-182
-179
-175
-172
-159
-133
-106
-88
-79
-79
-83
-79
-67
-44
-16
9
25
25
22
23
31
44
63
84
102
111
114
116
117
123
137
154
169
178
185
190
193
192
189
187
190
200
215
225
223
215
207
200
197
204
217
226
233
234
233
226
220
223
235
254
269
277
275
262
251
247
251
257
263
262
252
235
210
183
159
138
123
114
103
86
58
27
-9
-36
-51
-55
-54
-54
-60
-74
-89
-98
-99
-96
-91
-81
-72
-70
-76
-87
-100
-107
-112
-117
-120
-129
-139
-154
-172
-186
-198
-203
-204
-206
-211
-217
-225
-228
-226
-219
-213
-208
-198
-187
-176
-167
-161
-153
-148
-141
-135
-129
-123
-116
-111
-110
-109
-111
-115
-122
-127
-128
-124
-122
-120
-122
-127
-131
-134
-129
-119
-109
-97
-84
-68
-53
-43
-34
-23
-9
8
24
41
55
63
69
74
79
83
86
90
96
104
109
113
118
121
126
130
137
148
162
172
180
186
194
204
213
223
231
235
237
237
240
240
238
231
220
210
205
198
191
179
163
143
120
101
87
73
57
39
25
12
-2
-13
-23
-30
-35
-40
-42
-42
-40
-40
-45
-46
-47
-49
-50
-51
-48
-47
-48
-46
-45
-48
-52
-60
-65
-66
-62
-59
-58
-62
-67
-74
-84
-92
-93
-90
-84
-81
-89
-101
-116
-126
-125
-116
-105
-98
-99
-106
-113
-116
-114
-111
-105
-99
-93
-89
-82
-78
-80
-83
-80
-72
-63
-56
-55
-58
-61
-64
-68
-74
-77
-77
-75
-68
-59
-57
-61
-68
-73
-72
-62
-48
-29
-13
-2
4
9
15
27
43
58
75
93
106
115
121
125
130
134
142
147
148
146
141
136
132
130
126
124
124
124
119
112
105
103
104
108
113
116
115
109
103
101
103
107
112
114
114
109
95
80
64
50
44
36
27
16
-1
-19
-35
-49
-56
-60
-62
-66
-71
-76
-82
-88
-88
-82
-76
-67
-64
-65
-68
-70
-65
-58
-50
-48
-51
-56
-63
-67
-71
-73
-75
-77
-82
-90
-97
-99
-98
-93
-86
-84
-86
-87
-86
-82
-77
-67
-59
-53
-49
-47
-44
-40
-37
-31
-25
-25
-27
-35
-42
-46
-47
-48
-50
-55
-63
-70
-72
-69
-62
-54
-49
-48
-48
-47
-43
-35
-23
-10
2
11
15
17
17
24
35
46
54
60
61
60
59
62
67
73
77
82
83
84
85
88
95
103
112
116
120
121
126
135
145
152
154
153
152
153
156
161
160
154
145
137
130
124
121
117
111
103
96
87
80
71
63
58
55
54
52
45
36
28
23
20
18
13
5
-6
-18
-28
-37
-43
-54
-66
-78
-90
-100
-110
-118
-124
-130
-133
-136
-138
-137
-137
-134
-130
-126
-120
-114
-107
-101
-96
-91
-89
-88
-86
-80
-77
-76
-78
-86
-100
-112
-115
-119
-121
-123
-129
-138
-148
-153
-154
-149
-142
-135
-128
-124
-121
-116
-110
-100
-86
-69
-52
-43
-37
-32
-27
-19
-9
1
9
11
8
2
-3
-5
-3
2
7
11
8
1
-1
4
16
28
40
49
57
63
70
81
94
107
118
128
138
146
151
153
154
159
162
167
167
162
155
150
143
136
133
132
131
128
123
118
116
114
114
114
119
126
129
131
129
125
126
129
133
136
136
130
124
117
107
100
94
89
84
75
65
49
36
27
17
11
8
3
-3
-13
-22
-30
-34
-36
-34
-32
-34
-38
-44
-50
-56
-62
-64
-69
-75
-83
-93
-102
-111
-122
-133
-144
-154
-161
-168
-175
-181
-186
-189
-190
-194
-197
-199
-195
-190
-183
-178
-171
-165
-161
-155
-147
-138
-128
-116
-108
-101
-97
-95
-93
-90
-84
-78
-71
-68
-69
-73
-78
-80
-76
-70
-63
-61
-59
-60
-59
-57
-49
-41
-32
-22
-15
-9
-3
4
10
23
34
42
53
59
64
69
74
82
87
91
92
89
89
90
94
98
99
101
100
99
101
103
109
117
122
130
135
140
142
145
152
160
168
176
182
184
186
188
191
193
196
194
193
190
184
177
170
162
154
145
134
125
113
100
86
74
61
50
39
29
20
8
-2
-12
-23
-31
-36
-42
-46
-54
-62
-71
-75
-78
-82
-84
-89
-93
-100
-104
-107
-112
-115
-117
-118
-119
-123
-126
-131
-135
-137
-136
-133
-132
-131
-131
-132
-131
-129
-127
-122
-117
-115
-113
-113
-115
-117
-116
-112
-110
-108
-109
-111
-115
-115
-114
-113
-111
-108
-108
-106
-106
-107
-105
-104
-99
-94
-89
-83
-79
-79
-77
-73
-66
-59
-51
-41
-35
-29
-26
-24
-17
-7
5
17
27
32
36
43
52
63
74
86
97
105
113
122
130
140
151
163
173
179
185
190
194
199
203
208
211
212
211
208
206
203
200
198
193
188
182
173
161
151
143
139
133
125
116
107
96
87
80
76
70
65
57
48
38
31
24
19
14
8
2
-4
-10
-16
-19
-22
-27
-30
-36
-41
-43
-45
-47
-50
-54
-58
-59
-61
-62
-64
-68
-74
-76
-81
-85
-87
-90
-95
-98
-102
-107
-112
-118
-122
-125
-127
-126
-127
-128
-131
-135
-139
-143
-145
-143
-140
-139
-140
-146
-152
-153
-152
-147
-140
-137
-139
-141
-144
-142
-138
-132
-125
-120
-118
-116
-113
-109
-103
-94
-83
-72
-63
-57
-50
-41
-31
-20
-9
5
18
28
38
45
55
66
77
87
98
108
114
118
123
127
133
139
144
149
151
153
153
154
155
155
157
157
156
156
154
152
150
149
149
148
143
141
137
135
133
130
128
125
120
117
112
108
103
98
94
88
82
75
69
65
59
53
49
44
38
34
29
25
21
16
9
0
-4
-9
-14
-18
-23
-29
-35
-42
-48
-53
-59
-65
-69
-71
-76
-81
-89
-96
-102
-106
-109
-112
-116
-119
-124
-131
-137
-139
-142
-141
-143
-148
-151
-153
-155
-157
-157
-156
-155
-153
-152
-153
-153
-153
-149
-144
-138
-135
-132
-129
-126
-120
-113
-106
-99
-91
-81
-74
-69
-65
-59
-50
-39
-28
-20
-13
-8
-2
1
9
17
26
35
41
45
51
57
63
69
76
83
90
95
99
103
109
113
117
123
127
129
131
135
136
138
139
139
139
141
142
142
141
139
139
138
137
137
136
135
133
133
130
129
127
122
118
115
110
107
103
98
92
85
78
73
69
63
60
55
51
44
37
33
29
28
26
23
19
13
8
5
3
1
-2
-9
-14
-21
-27
-32
-38
-43
-48
-54
-62
-69
-77
-83
-91
-96
-102
-107
-112
-119
-125
-129
-133
-134
-135
-136
-137
-137
-138
-137
-135
-133
-131
-127
-124
-123
-121
-122
-122
-120
-119
-114
-113
-113
-113
-112
-113
-110
-108
-105
-102
-98
-94
-90
-85
-80
-73
-65
-57
-51
-43
-36
-28
-19
-10
-1
7
14
19
26
31
37
44
48
54
58
62
66
68
73
78
83
86
91
94
98
102
106
110
115
118
120
122
122
122
123
123
125
126
124
120
116
111
105
102
99
98
95
90
83
78
76
72
68
68
66
64
62
61
59
58
57
56
55
54
53
51
49
47
46
42
39
34
29
24
19
14
7
-1
-6
-12
-19
-24
-30
-37
-44
-48
-55
-59
-63
-67
-68
-70
-72
-73
-76
-78
-80
-81
-81
-81
-81
-81
-85
-86
-88
-90
-91
-92
-93
-92
-93
-94
-95
-96
-97
-98
-97
-95
-94
-94
-94
-94
-93
-90
-87
-85
-83
-81
-77
-73
-69
-66
-63
-61
-57
-51
-47
-41
-38
-32
-28
-23
-17
-13
-9
-3
3
9
15
19
22
27
31
35
39
42
44
46
50
53
54
55
56
57
58
61
64
65
66
68
69
70
70
69
70
72
73
74
77
79
80
79
79
79
80
83
84
85
84
86
83
79
76
74
73
70
66
64
61
56
51
49
45
41
37
35
32
28
26
20
15
11
7
4
1
-1
-5
-8
-11
-17
-21
-25
-29
-33
-35
-37
-39
-42
-44
-48
-52
-53
-53
-52
-52
-54
-56
-56
-56
-56
-56
-57
-56
-58
-59
-60
-60
-61
-61
-62
-65
-65
-66
-70
-70
-71
-71
-72
-73
-73
-73
-72
-70
-68
-64
-60
-57
-52
-48
-43
-37
-35
-29
-24
-19
-16
-12
-9
-5
-2
1
4
7
9
10
11
13
14
14
16
18
20
21
22
27
28
30
35
40
43
47
49
52
57
59
63
66
68
73
74
74
73
74
75
73
74
75
73
73
71
69
68
69
68
67
65
66
67
66
67
67
68
68
66
65
63
63
61
58
56
53
50
46
39
35
31
26
19
15
11
6
2
-3
-8
-11
-14
-17
-18
-21
-21
-22
-25
-26
-28
-29
-30
-32
-34
-38
-40
-42
-47
-51
-55
-59
-63
-69
-73
-77
-80
-84
-89
-92
-96
-95
-97
-96
-95
-95
-93
-91
-90
-87
-84
-82
-81
-78
-74
-70
-70
-70
-68
-67
-67
-67
-66
-66
-64
-64
-65
-63
-61
-59
-56
-55
-51
-48
-45
-39
-34
-28
-23
-16
-11
-5
1
7
12
17
22
28
33
38
42
45
48
51
54
58
59
60
62
64
65
66
70
71
74
75
77
80
83
86
90
91
93
95
98
100
103
106
106
107
106
106
105
102
102
100
97
94
91
87
85
82
79
76
72
70
66
62
59
55
53
50
46
41
39
33
28
24
19
15
9
4
-3
-9
-14
-20
-26
-32
-38
-43
-48
-53
-56
-62
-67
-71
-75
-79
-82
-85
-89
-91
-95
-97
-100
-100
-102
-106
-108
-109
-110
-109
-112
-112
-114
-115
-117
-118
-116
-116
-116
-114
-115
-114
-115
-113
-110
-108
-104
-103
-99
-98
-94
-90
-87
-82
-76
-73
-69
-66
-60
-56
-52
-46
-41
-38
-32
-27
-24
-18
-12
-5
-2
5
10
16
22
28
34
39
46
51
58
64
72
77
80
86
90
95
99
103
107
112
116
117
120
124
126
129
130
133
134
135
136
136
137
138
138
137
136
135
134
131
131
131
129
126
122
120
117
112
109
106
103
98
94
90
87
81
75
70
67
61
56
51
45
40
35
28
23
17
13
5
-1
-6
-11
-18
-26
-31
-38
-43
-49
-54
-58
-64
-70
-76
-79
-82
-87
-93
-97
-100
-104
-108
-112
-115
-117
-119
-122
-123
-125
-127
-129
-129
-129
-130
-131
-131
-129
-128
-127
-128
-126
-125
-124
-123
-120
-116
-113
-111
-109
-106
-102
-98
-95
-90
-84
-79
-73
-69
-64
-59
-54
-49
-43
-39
-34
-29
-24
-19
-15
-11
-5
-1
5
10
15
18
22
26
31
36
40
43
46
48
53
56
58
61
63
65
68
71
75
76
79
83
85
87
89
91
95
96
98
99
100
104
106
105
105
107
107
109
110
111
112
111
111
111
110
108
107
105
103
101
97
95
91
87
83
80
73
70
65
60
54
50
44
38
33
29
24
18
12
7
0
-5
-9
-14
-19
-25
-30
-36
-41
-46
-51
-55
-60
-65
-71
-73
-78
-81
-85
-87
-89
-93
-95
-98
-99
-101
-101
-100
-101
-101
-102
-102
-102
-101
-100
-99
-97
-96
-96
-94
-93
-92
-90
-90
-89
-85
-82
-81
-80
-77
-76
-74
-71
-69
-66
-63
-60
-56
-53
-51
-49
-46
-42
-39
-36
-33
-29
-25
-21
-19
-16
-11
-7
-4
-1
3
7
12
14
17
20
24
26
30
33
37
40
44
48
52
55
58
61
65
68
70
72
74
79
80
82
85
85
86
88
88
90
90
90
89
88
88
87
86
84
84
83
82
80
77
75
73
69
68
65
63
60
58
56
53
50
46
44
41
40
37
34
31
28
25
22
20
16
13
10
8
4
0
-3
-6
-9
-13
-16
-19
-22
-26
-27
-31
-33
-35
-38
-40
-43
-46
-48
-51
-51
-53
-54
-54
-55
-56
-56
-57
-56
-56
-57
-57
-56
-54
-54
-52
-51
-51
-49
-47
-46
-44
-43
-42
-40
-38
-36
-35
-35
-33
-31
-29
-27
-27
-25
-23
-20
-19
-17
-16
-13
-11
-9
-7
-6
-4
-3
0
2
5
6
7
9
10
12
14
15
16
17
18
18
19
18
19
19
18
19
19
18
17
19
19
19
19
17
17
18
16
14
15
13
15
15
14
14
14
14
14
13
14
15
15
15
15
15
14
14
14
16
16
16
16
17
17
17
17
18
18
18
17
18
17
17
16
16
14
14
12
9
7
5
2
1
-2
-5
-7
-9
-13
-15
-17
-20
-21
-23
-24
-25
-26
-28
-30
-30
-31
-30
-31
-33
-34
-34
-35
-35
-34
-34
-36
-36
-36
-34
-34
-34
-34
-32
-31
-30
-29
-28
-27
-25
-23
-21
-19
-17
-15
-14
-11
-8
-6
-4
-2
-1
0
1
2
3
4
4
3
4
4
4
4
5
6
6
5
4
4
6
5
6
6
5
5
6
5
5
8
9
10
11
12
12
14
15
17
18
18
19
20
21
22
23
23
25
26
26
27
29
31
32
32
32
33
34
35
34
35
36
35
34
34
34
31
32
29
27
26
25
22
20
16
15
12
9
7
5
2
-1
-2
-2
-4
-6
-9
-10
-14
-15
-16
-17
-19
-18
-20
-22
-23
-22
-22
-23
-23
-24
-24
-24
-24
-22
-24
-24
-24
-23
-22
-19
-19
-18
-16
-15
-13
-11
-10
-9
-7
-6
-4
-1
-1
1
1
2
2
4
2
3
3
2
1
0
1
-1
-2
-2
-3
-3
-4
-3
-3
-2
-1
-1
-2
-2
0
0
1
3
3
5
7
8
10
12
12
14
15
16
17
18
18
18
19
18
19
19
19
20
17
17
18
17
17
17
16
16
17
17
18
16
16
15
13
14
15
16
16
16
17
17
17
16
15
14
15
14
13
13
13
12
11
9
7
7
5
5
3
2
0
1
-4
-4
-5
-6
-8
-10
-11
-13
-14
-15
-16
-18
-20
-21
-23
-24
-24
-25
-28
-28
-30
-29
-30
-31
-32
-32
-33
-33
-33
-33
-34
-35
-36
-35
-35
-35
-34
-34
-34
-33
-34
-34
-33
-35
-32
-32
-31
-30
-30
-30
-29
-29
-27
-27
-25
-23
-22
-21
-20
-18
-18
-15
-14
-11
-10
-8
-6
-4
-1
1
1
4
6
8
9
11
14
15
16
18
20
22
23
24
24
28
29
30
32
34
33
32
34
36
39
39
39
40
39
40
40
40
40
41
41
42
40
40
40
39
39
39
38
37
35
34
33
33
33
30
29
28
26
25
23
22
20
19
17
15
12
11
9
8
6
3
2
1
-1
-3
-5
-8
-10
-10
-12
-14
-16
-19
-21
-23
-23
-25
-25
-28
-30
-31
-33
-34
-35
-35
-38
-39
-40
-41
-42
-42
-43
-43
-43
-43
-42
-42
-42
-42
-41
-41
-40
-41
-40
-40
-40
-38
-35
-35
-34
-34
-35
-32
-30
-30
-29
-27
-25
-23
-23
-21
-20
-18
-17
-14
-12
-10
-8
-7
-5
-2
0
2
4
6
8
11
14
15
18
18
21
23
26
28
29
30
32
34
35
37
38
38
39
40
41
43
44
46
46
47
48
50
49
49
50
50
51
51
51
50
49
48
49
48
46
46
45
44
41
40
39
38
35
33
30
29
25
23
22
19
16
13
12
9
7
4
2
0
-1
-2
-6
-8
-11
-14
-15
-18
-21
-22
-25
-27
-30
-31
-34
-36
-38
-39
-41
-43
-43
-46
-46
-47
-49
-50
-50
-50
-51
-51
-51
-50
-51
-51
-51
-49
-48
-49
-49
-47
-47
-44
-43
-42
-40
-40
-40
-37
-35
-35
-34
-32
-31
-29
-26
-24
-21
-18
-16
-15
-13
-10
-7
-6
-4
-4
-3
0
3
5
7
10
11
12
15
18
21
21
21
23
24
25
28
29
30
30
31
33
36
38
39
38
41
41
43
45
46
46
47
46
47
47
49
49
47
48
47
48
48
48
48
48
45
44
45
45
45
45
44
44
43
42
40
40
39
37
36
36
35
33
31
29
29
27
25
22
19
17
15
11
9
6
3
1
-1
-4
-7
-10
-12
-15
-17
-20
-24
-27
-29
-31
-35
-37
-40
-43
-45
-47
-49
-51
-53
-56
-59
-60
-61
-63
-63
-65
-67
-66
-67
-67
-67
-68
-68
-69
-67
-66
-65
-65
-66
-64
-63
-61
-58
-56
-54
-52
-51
-48
-46
-44
-44
-41
-38
-38
-36
-35
-33
-32
-28
-26
-23
-20
-17
-14
-12
-9
-6
-4
-2
1
3
6
10
11
14
16
17
19
20
21
23
23
25
27
29
30
31
32
33
35
36
37
38
40
42
43
44
46
49
50
53
55
57
59
60
62
63
64
66
67
67
67
67
68
68
66
66
64
62
61
58
58
54
52
51
48
46
42
40
38
34
31
28
25
23
20
18
15
12
9
8
5
2
0
-2
-6
-8
-10
-13
-17
-20
-23
-25
-28
-29
-30
-33
-35
-36
-36
-37
-40
-42
-44
-45
-45
-46
-47
-47
-49
-49
-48
-47
-49
-49
-48
-48
-48
-48
-47
-48
-47
-46
-46
-45
-44
-43
-42
-41
-40
-39
-39
-38
-38
-36
-34
-31
-30
-29
-29
-27
-24
-23
-20
-19
-18
-16
-14
-12
-13
-12
-11
-10
-8
-5
-2
-1
1
3
5
7
9
11
12
14
15
19
22
23
24
26
28
31
34
36
38
40
43
45
47
47
46
48
48
48
50
49
50
50
50
50
51
50
49
48
48
47
48
47
45
44
42
42
40
39
37
35
34
34
33
31
28
26
24
23
20
17
16
13
11
9
6
4
1
-1
-2
-5
-8
-11
-13
-14
-15
-18
-19
-20
-21
-23
-24
-26
-27
-28
-30
-31
-32
-32
-34
-35
-37
-38
-38
-39
-40
-41
-42
-44
-43
-43
-46
-45
-45
-45
-46
-46
-46
-46
-45
-44
-43
-42
-42
-39
-39
-37
-37
-36
-35
-34
-33
-31
-30
-28
-26
-25
-23
-22
-20
-18
-17
-16
-14
-12
-10
-8
-8
-6
-3
-2
-1
1
2
5
7
8
11
12
13
14
16
17
19
21
22
23
23
25
26
27
27
28
28
29
30
30
31
30
30
31
31
32
33
32
32
31
32
31
31
31
29
28
28
29
27
27
28
27
27
25
25
24
23
24
23
23
21
21
20
20
19
17
17
15
14
12
12
11
10
8
7
6
5
3
3
1
-1
-1
-2
-4
-5
-7
-8
-9
-10
-10
-12
-12
-14
-13
-14
-14
-16
-17
-17
-17
-17
-18
-18
-18
-19
-19
-19
-19
-19
-21
-21
-20
-20
-21
-20
-20
-20
-21
-21
-20
-20
-20
-19
-17
-18
-18
-17
-19
-17
-16
-16
-14
-13
-11
-12
-11
-11
-9
-8
-7
-8
-7
-4
-4
-4
-4
-3
-3
-2
-1
1
3
3
2
3
5
6
5
6
7
9
10
11
12
12
12
13
12
14
14
15
14
14
14
14
14
13
14
15
13
14
13
13
12
13
12
11
11
10
9
10
10
9
9
9
9
8
7
6
7
7
5
5
5
5
3
1
0
0
0
-2
-2
-2
-4
-4
-6
-8
-5
-7
-8
-9
-9
-9
-11
-12
-11
-11
-12
-12
-12
-12
-13
-13
-14
-13
-13
-13
-13
-14
-14
-14
-14
-13
-14
-14
-14
-13
-15
-14
-14
-14
-13
-14
-13
-12
-12
-13
-11
-11
-11
-10
-9
-8
-7
-6
-5
-4
-4
-3
-1
0
1
0
2
3
4
6
7
8
8
10
10
11
12
13
13
15
14
14
13
15
15
17
18
17
15
16
17
16
15
16
15
15
15
14
12
12
13
12
12
13
12
11
11
12
11
11
10
10
10
10
9
10
9
10
8
8
8
8
7
5
5
5
5
5
4
3
2
2
3
1
2
2
1
2
0
1
0
-1
-1
-2
-2
-2
-3
-3
-5
-4
-5
-7
-8
-8
-8
-9
-10
-11
-14
-13
-13
-12
-13
-13
-14
-16
-15
-15
-14
-14
-14
-13
-13
-15
-15
-14
-14
-13
-13
-12
-13
-12
-13
-13
-14
-13
-11
-11
-10
-10
-10
-9
-10
-10
-9
-9
-8
-8
-6
-5
-4
-5
-3
-3
-3
-2
-1
-1
1
1
0
2
2
2
3
3
4
4
3
5
5
7
6
7
9
9
9
8
9
10
10
11
10
13
13
13
14
15
15
16
16
16
17
17
19
19
19
18
17
17
17
16
16
16
16
17
16
14
12
11
11
11
10
10
9
7
7
6
5
4
3
1
0
-1
-1
-3
-4
-6
-7
-8
-9
-9
-9
-10
-12
-13
-13
-15
-15
-16
-16
-15
-16
-18
-19
-18
-19
-19
-19
-20
-20
-20
-19
-20
-19
-19
-21
-19
-20
-19
-18
-18
-17
-16
-18
-16
-16
-14
-15
-14
-14
-14
-14
-13
-12
-11
-10
-10
-10
-9
-9
-9
-9
-7
-7
-6
-5
-5
-4
-3
-3
-3
-1
-1
0
1
1
2
4
4
5
6
6
6
7
8
9
10
11
13
14
15
15
13
14
16
17
19
21
22
23
21
23
25
25
26
28
29
31
30
30
32
32
32
32
32
33
32
31
31
31
30
29
28
29
28
27
26
25
25
25
26
26
25
23
22
21
20
19
18
17
17
15
13
11
8
7
4
3
2
1
-1
-3
-4
-7
-9
-11
-10
-12
-13
-13
-14
-15
-16
-16
-17
-17
-18
-18
-19
-22
-21
-21
-21
-21
-24
-24
-25
-26
-27
-29
-30
-31
-31
-32
-33
-34
-34
-36
-37
-35
-36
-36
-36
-36
-36
-35
-36
-35
-33
-32
-32
-32
-31
-30
-28
-27
-25
-25
-24
-24
-23
-22
-22
-20
-19
-17
-16
-15
-14
-13
-12
-10
-10
-8
-6
-4
-2
1
1
2
3
5
7
9
10
11
14
14
15
15
17
17
18
19
20
21
23
24
24
24
25
25
26
27
27
26
28
28
28
27
27
27
28
28
28
29
27
26
26
24
23
23
23
24
24
24
22
20
19
19
18
16
15
16
15
15
13
11
10
8
7
6
6
4
2
2
1
0
-2
-4
-6
-8
-7
-9
-11
-11
-12
-13
-13
-14
-15
-15
-16
-17
-18
-18
-18
-18
-18
-19
-19
-20
-20
-23
-22
-21
-21
-21
-21
-22
-22
-22
-23
-23
-23
-23
-22
-22
-22
-21
-20
-20
-20
-19
-18
-18
-17
-15
-15
-13
-13
-13
-12
-12
-10
-9
-8
-6
-4
-4
-4
-5
-4
-3
-2
0
1
3
3
4
5
6
7
10
11
12
12
14
14
16
16
17
19
20
20
22
23
24
25
25
26
27
28
29
29
30
30
29
27
28
28
27
27
27
26
27
27
26
26
27
27
26
26
25
24
23
22
22
20
18
18
17
16
15
15
14
13
13
12
11
9
9
8
6
5
3
2
0
-1
-3
-4
-7
-7
-9
-10
-12
-13
-15
-15
-15
-17
-19
-20
-23
-25
-26
-27
-26
-27
-28
-27
-28
-28
-28
-28
-27
-27
-28
-28
-28
-27
-28
-29
-29
-29
-29
-28
-29
-27
-27
-26
-25
-24
-24
-22
-22
-21
-20
-20
-21
-19
-19
-18
-16
-17
-15
-14
-12
-11
-11
-9
-7
-5
-3
-4
-3
-1
-1
1
1
3
5
6
7
8
8
9
10
11
12
12
12
12
13
14
14
16
14
15
15
17
16
15
16
16
16
16
15
16
15
14
13
14
13
13
14
14
12
13
12
11
12
12
11
10
10
9
9
9
9
8
7
7
6
6
6
5
4
4
3
2
1
2
1
1
0
1
1
0
0
-1
-1
-2
-2
-2
-3
-2
-2
-3
-3
-4
-2
-1
-3
-3
-2
-3
-4
-5
-4
-4
-4
-4
-4
-5
-4
-3
-5
-4
-4
-3
-3
-5
-4
-3
-3
-4
-3
-3
-3
-3
-5
-5
-5
-3
-3
-4
-5
-3
-3
-4
-3
-4
-4
-3
-4
-3
-4
-2
-3
-2
-1
-2
-2
-2
-2
-1
0
-1
-1
-3
-2
-1
0
0
-1
0
-1
-1
0
0
1
2
2
2
2
3
3
3
2
3
4
3
4
4
2
4
3
4
4
4
5
4
4
5
4
5
4
4
5
6
6
5
6
6
6
5
6
5
4
4
4
2
3
3
3
4
4
3
2
2
3
2
2
1
0
1
0
0
0
1
1
0
1
0
0
0
0
0
-1
-1
-2
-3
-1
-3
-3
-2
-3
