2
2
2
3
3
2
1
1
2
2
1
0
0
-1
1
-1
0
0
0
0
1
0
-1
-1
-1
0
1
2
0
1
-1
1
0
0
0
0
1
0
1
0
-3
-4
-2
-3
-5
-5
-4
-1
-2
-4
-6
-7
-7
-7
-8
-10
-11
-10
-10
-10
-12
-12
-11
-3
3
6
8
13
19
19
17
13
11
8
7
3
-2
-6
-6
-7
-8
-8
-6
-5
-3
-1
-1
-1
1
5
7
12
16
20
22
24
27
28
27
27
22
18
12
9
6
5
4
3
2
5
8
9
9
9
10
13
13
12
12
11
10
7
5
2
0
-3
-8
-12
-15
-15
-13
-11
-9
-3
1
2
-2
-5
-5
-8
-11
-18
-22
-22
-22
-29
-34
-36
-38
-41
-44
-47
-52
-55
-61
-65
-64
-66
-70
-69
-65
-64
-58
-45
-33
-20
5
41
72
91
110
131
128
102
75
57
31
0
-9
-11
-20
-34
-34
-37
-49
-53
-49
-50
-52
-37
-13
5
23
55
78
86
96
103
94
70
52
35
6
-26
-44
-54
-73
-85
-81
-76
-74
-68
-52
-38
-24
-7
9
24
40
55
65
63
62
60
45
23
-1
-20
-40
-57
-62
-55
-44
-24
1
23
46
70
86
90
92
98
98
88
87
90
77
54
48
51
36
7
-12
-19
-15
-5
-8
-10
7
37
56
59
59
61
58
49
39
27
15
14
18
17
6
-4
-7
-10
-15
-20
-23
-20
-11
-5
-1
7
20
33
34
24
14
13
4
-23
-47
-51
-51
-61
-71
-69
-67
-71
-67
-60
-59
-62
-62
-59
-62
-58
-52
-50
-53
-58
-64
-81
-92
-105
-129
-163
-193
-209
-222
-226
-220
-201
-186
-172
-155
-139
-113
-27
124
254
290
272
288
284
189
28
-67
-60
-21
-6
-32
-69
-102
-103
-109
-142
-190
-208
-180
-133
-68
2
78
146
214
259
268
256
230
190
119
58
20
-6
-47
-89
-104
-96
-96
-116
-127
-122
-99
-69
-24
20
69
126
181
224
245
255
245
205
145
92
41
-26
-97
-122
-101
-76
-50
-8
54
106
142
180
242
281
269
248
263
285
259
201
139
109
94
58
-14
-83
-109
-116
-126
-121
-96
-66
-25
37
100
132
138
143
139
118
88
60
31
4
-10
-18
-30
-43
-64
-96
-124
-135
-138
-138
-138
-126
-93
-49
-15
-2
8
21
17
-6
-28
-45
-73
-109
-125
-132
-155
-193
-217
-208
-190
-182
-176
-163
-155
-153
-155
-156
-167
-178
-184
-192
-209
-225
-224
-235
-285
-343
-389
-433
-411
-293
-100
84
271
467
555
491
327
207
121
41
-12
-12
31
41
34
-5
-62
-137
-213
-280
-325
-312
-263
-169
-45
100
221
326
416
446
390
290
240
188
107
34
17
46
58
29
-44
-122
-195
-256
-305
-314
-262
-189
-62
161
348
391
369
413
409
273
132
46
1
-9
22
-11
-65
-55
-12
-33
-75
-34
2
28
91
224
326
398
483
515
505
479
447
348
242
164
89
7
-20
-5
-30
-65
-73
-52
-56
-59
-37
17
78
118
152
190
223
211
166
123
105
63
-2
-62
-87
-99
-128
-159
-176
-173
-189
-215
-236
-235
-229
-205
-170
-142
-109
-85
-80
-124
-154
-175
-205
-277
-358
-428
-485
-511
-527
-507
-511
-516
-520
-508
-511
-504
-328
-32
294
553
712
702
560
420
233
2
-139
-76
56
135
160
91
-56
-199
-290
-408
-541
-560
-470
-346
-186
40
225
326
400
439
412
332
273
225
189
187
199
202
188
136
11
-141
-276
-393
-494
-524
-449
-327
-173
3
159
244
290
315
287
229
183
160
133
112
112
118
99
50
-9
-58
-95
-120
-132
-112
-47
53
162
270
369
429
447
445
424
374
293
216
165
152
136
117
170
231
237
188
128
78
-9
-81
-98
-37
86
214
286
309
301
243
153
61
11
-18
-21
17
60
76
59
29
-19
-91
-186
-253
-286
-274
-200
-109
-31
31
83
83
-6
-114
-192
-272
-371
-435
-441
-419
-382
-364
-374
-419
-476
-543
-595
-595
-542
-490
-473
-416
-354
-327
-382
-358
-139
154
450
599
621
526
400
232
-22
-191
-184
-13
131
212
178
7
-196
-366
-465
-569
-584
-494
-312
-79
152
346
427
452
398
280
154
86
82
81
125
206
282
271
181
21
-189
-355
-467
-502
-470
-340
-152
23
167
245
260
194
119
61
40
65
116
200
258
287
251
182
91
-24
-127
-185
-151
-61
75
229
368
490
557
568
493
375
267
202
277
409
477
469
451
449
344
154
-38
-151
-147
-47
42
87
139
179
199
189
187
166
112
94
128
156
150
138
122
87
24
-34
-78
-97
-116
-129
-112
-57
-12
-37
-69
-104
-151
-226
-280
-265
-255
-260
-253
-231
-219
-268
-326
-385
-421
-428
-453
-447
-432
-401
-402
-443
-471
-506
-526
-551
-517
-375
-172
73
362
625
660
475
266
98
-94
-242
-208
-23
183
320
322
171
-69
-323
-552
-676
-640
-529
-398
-211
33
193
202
178
171
118
34
14
109
256
367
422
430
410
320
133
-93
-260
-338
-372
-337
-243
-128
-54
-35
-40
-79
-108
-129
-117
-31
130
298
399
443
441
376
239
89
-9
-34
-1
50
116
176
216
183
109
67
69
93
156
364
578
694
701
635
542
350
165
50
27
110
221
268
258
191
51
-102
-243
-304
-293
-225
-81
68
169
226
260
260
228
180
149
172
212
237
227
194
137
8
-167
-319
-438
-535
-567
-538
-460
-338
-225
-181
-203
-212
-193
-209
-244
-208
-176
-208
-239
-273
-295
-390
-519
-619
-735
-785
-792
-702
-501
-258
-39
197
433
470
273
41
14
106
212
340
475
561
501
298
-24
-372
-682
-883
-901
-721
-443
-247
-127
-51
-66
-172
-272
-260
-166
-2
220
484
732
854
809
609
392
197
-3
-186
-248
-192
-133
-108
-126
-144
-216
-333
-413
-401
-266
-80
121
330
526
621
596
486
343
226
114
63
96
191
277
303
303
267
181
53
-43
-54
18
211
478
685
799
753
603
409
215
111
90
178
360
494
472
324
57
-196
-338
-342
-227
-96
47
182
214
147
40
-89
-156
-152
-76
90
272
392
413
339
204
48
-136
-291
-352
-373
-355
-303
-261
-232
-258
-318
-349
-390
-404
-357
-316
-285
-255
-243
-236
-290
-381
-451
-542
-614
-662
-644
-510
-310
-147
-5
176
260
175
-85
-231
-178
-73
108
353
583
586
391
90
-189
-450
-641
-633
-493
-255
-103
-82
-142
-258
-434
-632
-690
-587
-344
-82
165
386
483
471
364
245
166
132
142
223
343
397
349
182
7
-147
-309
-407
-414
-298
-149
-21
69
143
169
127
104
128
244
356
459
558
631
651
577
478
363
293
236
217
225
298
440
480
424
290
198
117
28
20
104
247
376
467
454
378
217
44
-29
10
146
238
271
273
184
-14
-223
-348
-384
-373
-311
-157
-2
70
48
-32
-94
-118
-89
-33
42
124
160
141
43
-83
-187
-279
-320
-300
-254
-200
-207
-288
-359
-465
-565
-607
-645
-633
-613
-562
-495
-478
-434
-297
-174
-116
2
154
280
230
101
116
182
249
285
320
346
297
143
-57
-226
-369
-409
-352
-219
-136
-206
-322
-414
-502
-607
-618
-510
-355
-211
-92
33
86
43
-25
-64
-32
76
211
345
457
490
467
383
241
101
-37
-128
-171
-174
-150
-147
-183
-221
-214
-200
-160
-111
-34
82
186
301
380
444
505
544
577
626
693
716
695
650
602
537
448
420
422
415
388
311
265
217
159
117
93
120
146
127
61
-14
-94
-83
29
176
313
335
280
158
-7
-141
-201
-184
-100
10
85
134
82
-57
-215
-343
-391
-360
-279
-173
-101
-122
-167
-244
-348
-384
-371
-272
-151
-61
-11
-71
-188
-289
-351
-427
-463
-468
-466
-493
-619
-691
-746
-743
-638
-481
-239
-41
68
54
-16
-56
-37
66
206
424
585
630
553
365
159
-60
-164
-132
-37
13
-55
-187
-383
-574
-733
-793
-714
-566
-384
-229
-122
-99
-161
-247
-269
-184
-44
136
285
390
420
346
244
140
77
73
128
228
332
366
319
239
138
61
8
0
41
93
140
154
140
99
77
73
96
153
225
318
387
445
494
582
682
761
836
858
871
832
781
757
721
711
680
629
517
356
173
25
-32
-42
-35
-106
-196
-286
-391
-475
-489
-404
-289
-179
-95
-11
5
-44
-78
-82
-22
58
123
142
104
18
-66
-141
-216
-243
-253
-233
-212
-207
-208
-253
-323
-395
-415
-389
-358
-373
-444
-524
-610
-671
-707
-711
-662
-579
-493
-425
-385
-385
-384
-376
-310
-207
-126
-51
18
102
158
170
152
128
108
108
132
138
144
122
64
-15
-99
-154
-198
-230
-246
-238
-226
-207
-194
-218
-225
-219
-198
-175
-157
-114
-74
-43
-15
5
17
42
79
112
140
143
143
130
124
138
153
179
190
216
238
244
237
216
212
206
184
153
161
213
277
353
424
477
487
481
472
463
448
437
474
532
602
657
669
636
558
479
405
369
337
335
346
351
368
333
277
192
95
19
-22
-11
-14
-79
-61
-50
-176
-254
-245
-267
-281
-237
-199
-206
-197
-194
-246
-232
-168
-135
-41
48
49
6
-17
-12
-65
-118
-138
-143
-151
-185
-215
-264
-315
-357
-432
-499
-528
-523
-504
-480
-442
-395
-361
-328
-294
-285
-291
-315
-336
-351
-363
-355
-338
-311
-302
-318
-368
-413
-423
-459
-471
-435
-364
-292
-233
-178
-146
-131
-131
-135
-134
-113
-110
-102
-79
-61
-37
-36
-31
-37
-66
-84
-81
-58
-15
54
129
199
250
283
298
279
281
325
375
397
411
446
467
465
444
414
370
346
352
351
353
352
357
354
349
345
351
367
365
384
427
428
395
388
392
360
347
356
341
324
336
348
337
347
356
337
313
320
328
299
264
254
261
255
236
196
143
68
-6
-67
-122
-149
-156
-161
-170
-180
-201
-224
-251
-260
-235
-204
-159
-95
-34
-6
0
-7
-32
-59
-83
-109
-144
-177
-215
-258
-312
-361
-401
-443
-481
-510
-515
-517
-518
-513
-501
-473
-449
-430
-401
-361
-346
-342
-332
-337
-352
-364
-357
-348
-350
-348
-347
-348
-338
-336
-334
-308
-278
-254
-228
-224
-228
-223
-210
-194
-176
-148
-114
-97
-107
-117
-116
-102
-85
-53
2
57
98
121
131
127
134
150
171
211
260
314
344
355
366
366
369
387
417
438
443
437
428
417
399
388
380
372
369
375
382
368
340
326
329
332
338
344
343
334
327
326
335
342
342
360
376
373
339
304
268
222
187
181
197
204
208
198
163
120
75
40
24
43
69
81
84
63
25
-29
-82
-111
-130
-141
-146
-149
-163
-194
-232
-244
-228
-204
-166
-110
-62
-54
-79
-119
-169
-218
-247
-256
-259
-248
-241
-261
-301
-336
-366
-394
-406
-402
-390
-390
-403
-428
-448
-450
-440
-426
-412
-392
-378
-372
-380
-391
-390
-381
-358
-315
-264
-226
-196
-192
-220
-244
-247
-227
-203
-170
-142
-120
-106
-118
-138
-157
-167
-159
-132
-90
-48
-22
-16
-10
3
17
31
64
115
163
202
234
272
309
333
351
376
398
402
402
401
408
422
429
440
456
470
469
452
415
384
375
368
357
346
347
355
368
364
338
312
298
299
318
333
345
364
385
403
409
387
355
328
301
269
235
212
186
163
137
93
58
28
-1
-23
-40
-56
-67
-73
-77
-78
-81
-102
-128
-154
-185
-201
-204
-197
-192
-187
-185
-184
-186
-205
-222
-231
-233
-231
-234
-241
-249
-264
-289
-312
-331
-346
-353
-357
-360
-352
-347
-355
-363
-369
-377
-389
-393
-389
-372
-340
-318
-303
-292
-293
-306
-316
-327
-321
-295
-264
-230
-205
-196
-205
-220
-235
-242
-235
-215
-193
-178
-167
-150
-144
-149
-153
-143
-119
-103
-86
-61
-40
-22
-7
3
26
62
90
114
136
164
183
201
221
241
257
271
287
309
333
347
364
386
412
432
441
449
448
437
424
412
403
398
398
404
407
407
405
391
374
362
356
349
354
370
383
389
387
434
414
361
357
317
297
283
261
246
219
200
162
84
38
0
-39
-31
-33
-44
-42
-61
-87
-101
-125
-145
-135
-128
-127
-129
-143
-130
-126
-144
-155
-174
-150
-142
-175
-180
-183
-201
-208
-218
-234
-228
-222
-229
-254
-280
-306
-328
-333
-326
-333
-349
-345
-357
-352
-340
-350
-342
-320
-309
-311
-308
-297
-274
-272
-268
-251
-252
-257
-260
-259
-257
-259
-259
-259
-260
-257
-253
-261
-269
-263
-260
-250
-230
-211
-188
-169
-151
-129
-105
-86
-68
-52
-26
-3
18
43
65
86
116
156
186
218
243
270
301
298
308
315
324
330
344
376
386
401
419
401
399
406
400
417
402
432
388
351
412
365
341
361
345
377
373
365
366
329
367
385
329
311
367
312
329
329
278
335
223
256
230
147
155
64
108
45
-6
-30
-41
-30
-80
-82
-133
-154
-168
-188
-184
-202
-160
-161
-222
-196
-173
-202
-227
-210
-230
-203
-197
-244
-230
-240
-199
-231
-234
-225
-306
-247
-291
-340
-321
-344
-313
-408
-345
-367
-433
-284
-350
-321
-279
-304
-280
-324
-295
-301
-313
-215
-210
-234
-206
-201
-204
-194
-180
-197
-173
-188
-159
-162
-194
-142
-178
-176
-136
-175
-176
-137
-167
-160
-144
-145
-120
-101
-68
-42
-20
40
34
56
101
89
121
158
195
232
259
305
295
299
317
286
286
283
300
279
300
317
310
290
336
367
330
386
382
337
403
390
350
411
420
437
416
471
400
329
404
326
304
359
354
352
322
279
297
275
217
260
231
208
244
164
190
146
112
183
98
115
89
27
78
-12
-40
-6
-65
-45
-69
-191
-150
-168
-214
-148
-204
-172
-205
-326
-216
-201
-341
-307
-258
-263
-265
-303
-286
-338
-306
-266
-333
-276
-192
-348
-360
-245
-365
-309
-305
-314
-271
-295
-317
-322
-319
-319
-279
-274
-310
-294
-282
-350
-332
-332
-264
-254
-287
-226
-316
-336
-263
-307
-275
-217
-267
-205
-248
-279
-191
-292
-210
-77
-132
-110
-90
-105
-91
-107
-78
20
76
121
160
154
163
170
149
198
240
304
388
360
356
333
311
344
356
349
383
422
402
378
339
302
302
347
365
383
385
401
389
314
315
320
303
334
405
428
417
363
342
323
289
335
333
353
374
299
287
268
205
243
248
250
315
261
191
172
87
137
212
193
198
174
131
36
-13
-37
-53
14
41
-27
-55
-114
-277
-251
-189
-267
-222
-131
-284
-349
-281
-413
-448
-355
-311
-375
-344
-319
-459
-471
-434
-432
-421
-423
-459
-425
-364
-442
-466
-420
-426
-432
-417
-391
-417
-427
-370
-368
-411
-374
-405
-468
-415
-383
-446
-449
-352
-304
-310
-294
-276
-327
-350
-316
-264
-160
-68
-48
8
49
27
0
-15
90
226
288
362
347
277
255
221
222
321
377
379
391
345
261
200
172
210
274
332
375
333
267
184
127
179
240
301
372
364
310
254
201
189
215
276
345
392
378
325
277
240
255
314
388
431
455
449
419
414
385
373
413
445
433
423
402
340
321
312
284
301
332
301
272
255
226
194
160
157
142
123
95
57
14
-55
-118
-127
-153
-155
-158
-200
-210
-267
-282
-292
-371
-394
-433
-359
-331
-426
-405
-418
-451
-486
-524
-538
-532
-504
-487
-488
-468
-481
-577
-629
-593
-555
-593
-586
-511
-514
-537
-553
-599
-674
-661
-528
-426
-320
-241
-341
-440
-472
-466
-395
-277
-84
88
179
129
-21
-151
-184
-46
155
345
473
407
217
68
-8
-4
94
220
311
315
206
9
-143
-190
-133
22
177
252
196
37
-102
-152
-105
36
158
257
305
253
174
114
97
196
349
457
533
525
459
374
321
366
478
568
618
628
580
549
507
471
504
586
663
691
682
621
555
536
557
594
604
584
540
496
460
457
461
417
397
391
333
271
199
142
125
132
114
74
7
-88
-157
-198
-192
-180
-212
-268
-322
-377
-447
-499
-503
-489
-463
-463
-503
-570
-647
-664
-661
-631
-567
-530
-534
-590
-650
-719
-723
-703
-686
-689
-731
-728
-674
-544
-431
-421
-495
-555
-550
-512
-428
-296
-107
114
226
163
-1
-179
-245
-89
200
427
474
299
43
-161
-283
-277
-152
8
73
-26
-241
-460
-602
-635
-531
-309
-135
-119
-214
-360
-460
-435
-271
-45
169
277
270
206
121
100
178
347
516
636
673
601
479
373
369
446
552
616
599
551
451
383
397
422
486
558
588
580
539
490
484
556
663
750
794
774
718
680
663
709
772
758
739
704
628
527
443
400
355
308
258
192
97
-17
-108
-166
-198
-215
-278
-340
-383
-428
-432
-439
-439
-422
-419
-430
-437
-433
-432
-427
-402
-383
-376
-387
-415
-433
-503
-566
-616
-641
-625
-554
-383
-243
-271
-455
-588
-589
-537
-421
-230
-12
162
171
30
-188
-383
-395
-185
135
340
311
49
-287
-500
-589
-522
-338
-154
-145
-332
-570
-794
-890
-851
-678
-427
-274
-283
-422
-600
-709
-665
-457
-180
49
137
76
-71
-179
-160
-47
139
307
406
428
311
150
59
71
153
278
379
379
307
197
134
153
229
344
454
561
635
640
608
561
601
711
831
945
1002
1012
980
917
853
833
815
803
830
825
763
628
449
318
244
214
224
222
157
34
-80
-157
-177
-165
-153
-99
-50
-31
-39
-75
-108
-130
-109
-24
40
45
13
-47
-86
-141
-194
-204
-251
-330
-374
-385
-309
-154
-74
-152
-374
-508
-496
-439
-327
-131
144
342
296
64
-185
-345
-318
-61
313
539
440
84
-289
-530
-633
-556
-343
-168
-205
-455
-761
-962
-1059
-1070
-905
-665
-494
-512
-686
-856
-943
-906
-715
-432
-205
-99
-141
-269
-350
-361
-273
-113
40
154
171
74
-93
-237
-274
-220
-126
-38
3
-33
-130
-208
-194
-101
12
133
263
408
481
466
430
459
568
687
825
930
970
971
914
847
806
750
747
782
786
752
633
453
295
187
166
184
174
142
45
-70
-133
-150
-109
-49
33
113
156
152
134
133
145
194
244
271
289
278
261
193
95
43
4
-43
-134
-175
-122
-7
128
182
61
-182
-353
-334
-171
35
281
538
614
465
203
-31
-102
8
307
640
759
553
125
-259
-501
-530
-386
-164
-44
-178
-487
-820
-1026
-1092
-999
-774
-554
-457
-544
-731
-889
-948
-874
-669
-384
-165
-96
-165
-312
-425
-447
-370
-229
-104
-27
-54
-196
-376
-508
-546
-519
-475
-409
-363
-384
-439
-485
-444
-315
-163
-58
18
84
120
164
249
366
493
624
717
739
679
560
506
538
624
691
671
563
384
220
113
59
65
106
142
93
-23
-143
-235
-253
-177
-28
98
146
124
81
44
42
130
258
372
429
416
363
286
228
214
244
257
228
169
75
76
224
416
481
346
209
134
73
68
234
583
894
1018
904
618
292
117
245
609
946
1028
830
437
19
-274
-345
-181
51
145
3
-289
-585
-828
-931
-840
-610
-377
-277
-330
-493
-693
-804
-719
-477
-210
-55
-53
-165
-303
-382
-386
-324
-242
-164
-147
-213
-351
-513
-625
-686
-675
-627
-598
-604
-640
-646
-602
-548
-476
-383
-263
-155
-117
-84
-31
55
176
303
400
433
384
303
263
262
295
310
316
301
174
5
-128
-211
-245
-231
-192
-172
-194
-276
-367
-412
-384
-280
-167
-58
25
61
61
50
61
99
168
246
306
322
290
204
130
96
48
8
-28
-3
72
223
399
428
341
210
141
125
183
439
818
1133
1232
1117
808
487
348
487
877
1220
1350
1157
714
247
-73
-110
54
295
404
288
31
-286
-547
-681
-591
-352
-89
70
53
-102
-324
-453
-398
-185
52
224
292
221
49
-124
-185
-149
-63
13
29
-40
-215
-388
-528
-622
-645
-618
-573
-558
-539
-526
-533
-543
-544
-477
-362
-251
-139
-27
59
131
159
129
97
84
122
185
226
210
107
-41
-163
-238
-286
-315
-343
-397
-477
-568
-606
-612
-593
-552
-522
-485
-457
-433
-408
-368
-295
-203
-112
-70
-44
-47
-79
-97
-94
-40
-7
-13
-51
-132
-221
-300
-312
-237
-121
58
228
297
242
104
46
77
233
528
874
1155
1228
1086
779
493
408
585
908
1167
1232
1016
619
206
-55
-107
24
258
383
335
98
-179
-385
-483
-366
-102
203
388
398
268
70
-57
-22
185
415
571
602
502
349
221
162
148
160
195
223
172
45
-109
-266
-372
-417
-367
-300
-265
-213
-190
-181
-175
-136
-64
-10
52
150
260
347
395
376
318
250
181
157
139
116
57
-47
-179
-327
-462
-569
-605
-621
-656
-718
-774
-786
-786
-751
-703
-641
-600
-582
-554
-521
-483
-449
-382
-312
-292
-307
-349
-395
-430
-432
-410
-399
-437
-549
-667
-762
-758
-651
-474
-227
-57
10
-73
-192
-189
-103
119
418
785
1067
1112
951
664
434
333
497
811
1064
1084
800
392
2
-215
-239
-85
120
208
154
-45
-233
-382
-422
-295
-50
234
419
476
390
267
191
232
405
600
735
729
620
455
318
252
251
262
269
276
193
65
-92
-217
-267
-253
-171
-104
-69
-11
60
127
191
260
347
450
561
666
741
779
790
776
749
700
617
541
488
449
379
244
59
-135
-297
-395
-408
-416
-462
-559
-676
-721
-699
-636
-548
-489
-460
-438
-420
-388
-380
-377
-334
-283
-242
-263
-337
-461
-589
-659
-654
-635
-665
-748
-888
-1013
-1093
-1044
-900
-735
-548
-385
-270
-296
-355
-338
-221
8
314
660
882
895
738
494
296
238
365
583
735
691
456
95
-262
-468
-515
-405
-246
-141
-158
-291
-431
-541
-535
-399
-148
139
332
407
367
278
207
242
371
520
640
655
568
412
258
130
46
20
44
78
32
-68
-216
-370
-457
-460
-354
-210
-83
36
137
219
295
378
490
610
746
894
1011
1074
1091
1061
1012
940
851
779
710
652
582
477
334
163
-13
-150
-196
-193
-187
-213
-264
-280
-284
-254
-194
-145
-94
-50
-8
34
25
-5
-39
-69
-101
-142
-190
-266
-373
-493
-582
-663
-766
-887
-992
-1075
-1107
-1046
-908
-697
-547
-485
-482
-515
-469
-386
-199
85
421
700
775
682
451
222
77
136
351
536
574
374
39
-354
-634
-729
-642
-477
-383
-380
-500
-635
-764
-803
-677
-438
-123
107
231
224
129
47
54
203
375
511
519
437
298
124
-17
-110
-136
-141
-131
-167
-268
-419
-563
-631
-629
-533
-408
-292
-181
-70
41
120
204
310
462
626
789
921
987
1007
990
961
912
865
837
801
746
666
563
431
286
169
104
80
80
79
46
-4
-26
-9
41
112
196
266
296
290
302
305
291
291
280
256
183
92
-6
-118
-222
-298
-362
-463
-574
-715
-830
-888
-833
-697
-550
-399
-326
-320
-383
-377
-284
-134
89
350
616
734
690
501
264
100
94
251
427
489
329
18
-328
-602
-722
-704
-577
-462
-439
-525
-652
-762
-810
-726
-536
-257
-2
132
141
62
-9
-24
48
197
340
377
298
158
5
-125
-224
-273
-299
-316
-354
-420
-514
-635
-742
-798
-754
-634
-510
-392
-272
-166
-91
-40
58
197
326
473
616
717
748
734
699
653
600
580
594
570
519
398
258
134
47
20
31
72
75
42
-21
-23
29
109
210
284
345
360
359
365
378
381
417
468
465
399
268
152
46
-38
-38
-47
-117
-249
-422
-549
-644
-631
-505
-338
-150
-33
12
-72
-166
-161
-56
187
473
772
935
915
757
507
288
200
321
493
644
608
378
9
-393
-600
-650
-516
-362
-276
-339
-533
-689
-809
-785
-666
-418
-142
47
133
65
-50
-147
-117
11
187
310
296
185
-15
-175
-302
-355
-362
-367
-365
-442
-548
-691
-799
-873
-876
-783
-672
-563
-519
-430
-344
-254
-154
-42
111
217
321
383
443
485
507
511
476
447
377
326
282
254
203
120
49
-21
-76
-126
-121
-109
-109
-102
-62
12
68
118
153
183
200
233
284
325
353
357
347
308
260
191
115
44
4
-16
-66
-138
-253
-370
-474
-538
-479
-355
-204
-59
52
111
66
13
45
152
338
587
862
1033
1024
867
653
477
405
485
656
789
758
534
197
-115
-306
-348
-257
-111
-28
-97
-271
-433
-535
-542
-414
-177
61
194
219
154
36
-59
-47
77
235
333
321
202
13
-157
-269
-314
-315
-295
-311
-400
-509
-653
-776
-852
-841
-754
-666
-578
-549
-514
-466
-401
-306
-185
-30
76
149
183
203
222
262
318
333
317
247
169
91
44
24
-5
-27
-62
-115
-200
-255
-263
-245
-207
-143
-67
-32
-27
-40
-34
-10
45
111
165
185
172
158
127
101
60
23
-12
-44
-74
-134
-218
-321
-389
-432
-448
-439
-363
-286
-251
-175
-67
39
48
56
106
181
315
499
708
813
831
754
631
520
476
537
620
703
678
528
296
98
-19
-74
-15
66
113
40
-73
-175
-256
-217
-94
90
228
317
321
241
160
129
200
290
399
462
444
348
202
84
-11
-42
-45
-32
-52
-131
-254
-417
-525
-585
-575
-534
-488
-453
-456
-431
-411
-348
-276
-188
-99
-37
48
91
130
163
212
251
257
247
198
150
91
69
43
12
-22
-88
-154
-231
-271
-292
-281
-251
-232
-223
-228
-225
-243
-252
-238
-182
-116
-73
-50
-50
-70
-109
-121
-113
-104
-129
-161
-187
-247
-316
-377
-400
-425
-465
-494
-495
-457
-415
-364
-277
-155
-74
-89
-111
-69
35
182
382
602
716
667
517
403
366
403
510
652
738
646
426
200
49
-36
-30
71
169
163
38
-107
-215
-228
-137
27
203
312
320
235
152
133
189
302
447
568
589
516
393
286
217
206
247
282
260
158
15
-136
-271
-348
-353
-316
-291
-299
-340
-394
-420
-372
-258
-115
-8
38
47
50
89
154
260
368
443
448
400
326
229
172
161
193
204
178
91
-53
-198
-297
-307
-280
-237
-228
-256
-310
-381
-417
-415
-362
-283
-193
-128
-103
-121
-159
-182
-182
-131
-104
-102
-130
-181
-248
-337
-372
-387
-415
-484
-557
-643
-727
-712
-623
-481
-364
-258
-249
-354
-400
-342
-175
29
281
503
567
501
375
288
250
324
488
662
737
628
386
106
-78
-142
-81
42
122
78
-90
-245
-348
-369
-305
-151
32
150
192
163
122
87
136
280
467
618
665
640
549
447
373
369
390
392
375
291
170
6
-139
-230
-277
-287
-286
-259
-253
-263
-283
-259
-183
-92
28
140
256
339
405
467
541
623
672
699
684
637
565
504
469
425
365
279
173
23
-111
-197
-251
-277
-304
-333
-393
-451
-477
-467
-422
-348
-257
-194
-147
-134
-135
-125
-93
-32
15
36
26
-20
-108
-195
-268
-328
-381
-457
-527
-623
-739
-847
-876
-825
-776
-694
-581
-478
-500
-549
-510
-397
-222
0
266
444
492
440
363
309
310
397
512
620
602
443
204
-28
-185
-264
-227
-152
-142
-257
-429
-569
-644
-605
-475
-298
-148
-63
-36
-48
-35
34
179
372
563
686
697
634
526
444
414
427
449
441
375
231
57
-113
-230
-293
-297
-276
-274
-276
-301
-333
-333
-246
-79
108
284
413
487
534
583
661
763
873
966
1009
994
921
797
666
576
520
474
399
287
135
-49
-206
-307
-338
-337
-342
-354
-375
-394
-415
-387
-300
-187
-81
-1
47
55
54
78
127
176
200
187
123
7
-128
-237
-299
-350
-405
-470
-570
-709
-866
-984
-1003
-935
-835
-714
-591
-499
-493
-540
-522
-413
-209
43
300
481
541
495
388
310
289
352
456
560
568
402
136
-130
-323
-437
-433
-353
-311
-374
-522
-672
-784
-789
-670
-474
-272
-123
-44
-47
-62
-25
85
252
434
583
625
565
451
338
258
227
242
243
202
93
-48
-211
-357
-440
-463
-420
-365
-319
-296
-267
-228
-164
-59
80
259
419
570
677
744
797
836
907
966
1030
1058
1034
943
813
681
545
446
371
331
254
141
11
-129
-240
-322
-318
-278
-222
-191
-182
-179
-179
-124
-36
80
189
274
309
288
248
216
211
202
216
198
120
2
-129
-230
-342
-419
-460
-506
-586
-690
-776
-871
-920
-889
-803
-708
-604
-448
-358
-364
-376
-310
-169
-2
211
409
529
539
478
385
296
266
272
310
335
287
118
-128
-342
-503
-588
-582
-506
-489
-567
-671
-756
-778
-733
-589
-415
-275
-185
-135
-109
-84
-8
96
219
315
368
366
307
240
162
118
95
79
45
-26
-113
-225
-317
-375
-377
-356
-337
-303
-277
-252
-229
-154
-43
80
200
343
491
596
694
747
790
815
850
909
944
963
930
858
743
616
478
372
313
254
198
102
6
-125
-247
-309
-303
-241
-172
-109
-93
-89
-82
-37
56
168
295
383
435
437
407
363
336
337
336
324
267
186
79
-59
-199
-312
-384
-433
-474
-509
-569
-679
-781
-823
-812
-740
-616
-465
-310
-183
-118
-119
-127
-72
48
217
427
613
680
613
459
293
171
128
188
286
292
146
-111
-378
-599
-729
-720
-610
-520
-526
-618
-736
-828
-840
-727
-518
-288
-117
-46
-55
-92
-94
-34
94
267
394
419
341
215
77
-33
-77
-61
-28
-36
-101
-219
-342
-440
-488
-461
-390
-310
-254
-204
-174
-156
-114
-16
129
273
416
534
645
719
757
780
783
786
764
758
747
704
634
532
411
268
154
53
-12
-58
-94
-135
-196
-231
-260
-254
-215
-131
-33
51
133
189
240
266
317
385
451
508
531
527
469
393
313
253
189
130
86
26
-59
-177
-269
-359
-423
-450
-433
-401
-414
-417
-435
-444
-446
-448
-397
-304
-171
-63
34
134
167
126
70
94
142
204
302
399
436
344
191
13
-124
-190
-171
-81
-16
-46
-229
-436
-582
-647
-627
-529
-382
-341
-387
-461
-515
-537
-504
-374
-221
-86
-20
-27
-104
-180
-199
-163
-57
57
124
94
3
-101
-200
-237
-213
-151
-116
-119
-153
-214
-273
-301
-270
-215
-150
-86
-29
-8
-7
12
53
121
186
258
313
357
410
429
440
430
416
402
397
420
419
409
395
365
309
244
198
174
179
199
225
209
165
104
47
36
77
155
209
245
245
220
184
166
191
231
285
323
328
289
225
171
144
151
177
202
201
157
87
27
-4
-10
-1
25
24
-17
-61
-107
-157
-214
-251
-262
-272
-308
-336
-336
-328
-334
-311
-206
-124
-126
-174
-160
-95
-38
58
168
262
262
202
131
63
15
-18
22
90
107
3
-154
-298
-442
-536
-541
-443
-386
-408
-473
-542
-588
-598
-516
-407
-292
-217
-180
-172
-180
-156
-116
-23
84
172
202
175
117
30
-8
-9
18
21
0
-60
-164
-270
-374
-421
-431
-396
-351
-319
-299
-297
-275
-239
-148
-30
87
195
277
362
418
461
514
572
621
647
664
655
612
548
497
446
391
340
279
223
170
123
66
16
0
1
9
24
54
70
81
115
162
214
275
351
409
439
459
484
487
481
480
472
446
388
335
278
199
117
50
1
-59
-119
-179
-244
-301
-323
-312
-307
-305
-303
-303
-309
-315
-309
-293
-265
-249
-235
-209
-182
-170
-177
-132
-46
-13
-60
-100
-95
-94
-104
-70
17
75
72
31
-34
-123
-211
-231
-167
-84
-73
-147
-252
-362
-455
-496
-448
-351
-299
-309
-357
-408
-449
-449
-394
-306
-216
-155
-136
-161
-194
-215
-207
-162
-97
-41
-39
-75
-130
-173
-195
-198
-173
-152
-143
-158
-173
-186
-199
-191
-168
-119
-76
-33
3
31
52
82
142
206
272
345
418
466
486
512
542
548
542
551
563
563
556
546
515
455
400
356
335
331
324
305
268
237
201
171
167
191
214
220
234
247
249
240
249
276
294
302
300
299
279
250
223
207
195
174
151
117
75
39
16
-3
-25
-45
-69
-88
-113
-125
-130
-135
-151
-181
-204
-230
-251
-271
-283
-295
-316
-340
-369
-374
-356
-339
-342
-341
-298
-240
-201
-189
-181
-167
-158
-147
-126
-87
-55
-51
-73
-108
-157
-227
-277
-277
-249
-260
-307
-358
-424
-509
-560
-530
-466
-425
-420
-432
-454
-471
-449
-388
-307
-233
-178
-150
-138
-122
-103
-72
-20
48
101
119
113
75
24
-8
-7
14
31
33
4
-47
-92
-103
-79
-35
17
57
90
124
162
209
263
331
404
485
560
620
656
672
668
658
662
658
642
617
595
566
518
462
397
322
251
206
186
180
176
159
114
54
9
-2
26
79
130
161
170
174
187
207
233
274
327
365
380
374
356
325
281
247
234
237
218
165
93
17
-61
-125
-162
-181
-207
-239
-258
-273
-299
-334
-361
-371
-361
-341
-318
-298
-297
-318
-345
-363
-377
-386
-375
-352
-333
-334
-356
-403
-455
-479
-471
-431
-375
-319
-305
-343
-393
-433
-449
-424
-350
-269
-224
-226
-272
-346
-405
-406
-347
-257
-176
-145
-173
-237
-297
-323
-294
-206
-99
-31
-21
-51
-94
-123
-109
-43
48
134
186
194
169
127
99
108
151
207
253
270
253
211
167
143
153
192
242
279
292
277
247
224
225
254
296
338
358
359
350
336
333
342
369
397
416
418
409
394
380
380
399
424
438
427
394
353
321
303
302
320
336
336
314
276
234
209
211
232
258
272
259
215
156
109
90
96
107
105
87
52
8
-38
-70
-82
-83
-79
-77
-87
-114
-150
-188
-221
-235
-237
-238
-250
-276
-315
-360
-396
-415
-432
-451
-467
-486
-505
-519
-528
-541
-550
-540
-521
-499
-485
-479
-479
-480
-472
-457
-433
-407
-387
-378
-371
-357
-344
-334
-326
-311
-278
-234
-192
-166
-160
-167
-172
-160
-133
-101
-67
-38
-24
-29
-35
-26
-6
27
69
115
145
156
151
138
135
154
196
242
272
273
250
221
204
207
215
222
223
210
185
156
127
103
88
94
118
147
166
173
165
156
159
191
243
298
340
363
373
374
377
391
414
442
470
484
477
456
423
384
349
334
333
338
336
319
275
219
174
161
167
184
202
204
184
156
142
142
152
175
202
214
201
171
129
84
58
49
40
15
-26
-78
-132
-173
-202
-231
-261
-293
-324
-352
-371
-384
-398
-413
-417
-414
-405
-400
-395
-386
-372
-362
-361
-360
-349
-335
-329
-321
-319
-332
-344
-333
-307
-285
-270
-258
-259
-269
-273
-267
-258
-254
-247
-237
-224
-217
-216
-224
-237
-248
-254
-243
-221
-203
-194
-180
-163
-155
-151
-132
-106
-79
-40
6
54
89
103
96
94
115
142
179
222
249
250
232
213
192
182
193
217
240
253
250
229
196
166
165
192
232
264
279
279
268
253
247
262
288
310
336
354
352
334
326
320
316
326
341
342
333
314
286
258
236
217
196
179
168
151
125
100
77
59
53
58
63
64
63
63
62
64
73
78
77
84
97
106
100
82
60
37
31
31
27
13
-18
-64
-110
-139
-152
-162
-179
-204
-236
-269
-290
-297
-299
-298
-290
-282
-276
-266
-258
-255
-245
-224
-201
-181
-167
-161
-164
-172
-178
-187
-196
-205
-218
-237
-256
-281
-307
-327
-344
-362
-376
-379
-379
-381
-376
-359
-338
-327
-315
-292
-264
-233
-199
-168
-148
-136
-117
-91
-62
-27
1
17
17
6
-7
-11
2
30
58
75
72
59
42
30
36
65
103
138
163
176
180
182
187
201
231
270
304
328
345
356
358
357
362
375
385
387
385
373
339
301
272
248
226
204
179
152
126
98
72
58
58
60
59
59
66
72
78
94
111
118
116
115
120
133
149
159
151
131
112
99
94
89
80
70
59
46
32
20
9
2
2
12
22
26
25
17
6
8
15
17
17
18
16
5
-7
-18
-32
-47
-60
-78
-97
-111
-126
-142
-163
-183
-203
-219
-232
-236
-233
-233
-241
-253
-263
-271
-278
-278
-266
-249
-239
-241
-251
-265
-272
-267
-261
-249
-237
-233
-241
-256
-264
-270
-271
-257
-231
-208
-197
-194
-191
-181
-158
-124
-89
-57
-37
-23
-9
12
43
76
104
124
143
158
164
159
157
166
177
192
202
206
196
179
165
165
173
183
185
186
184
173
165
162
163
165
178
189
194
191
183
171
165
174
185
185
177
160
140
120
107
101
96
88
79
66
52
40
28
24
29
41
51
52
46
43
44
54
70
89
104
108
105
102
98
97
95
94
96
88
74
53
32
12
-3
-10
-20
-33
-47
-61
-73
-84
-91
-94
-92
-88
-82
-81
-83
-86
-85
-83
-74
-62
-56
-55
-59
-68
-76
-83
-87
-91
-101
-111
-123
-136
-154
-174
-197
-211
-218
-221
-222
-231
-243
-256
-261
-256
-242
-221
-198
-175
-156
-138
-126
-113
-100
-81
-54
-26
-4
6
3
-7
-16
-17
-8
3
12
11
2
-10
-22
-32
-40
-39
-29
-12
2
10
13
16
24
41
65
92
121
145
166
183
199
212
221
226
232
236
242
247
250
245
234
215
196
180
168
158
146
131
113
96
78
63
48
36
27
17
13
8
5
3
3
2
4
4
4
6
3
2
1
2
3
0
-1
-7
-14
-21
-26
-37
-48
-58
-66
-71
-75
-75
-79
-87
-101
-109
-108
-103
-94
-85
-77
-73
-71
-71
-68
-59
-49
-35
-21
-8
0
-3
-10
-20
-27
-24
-17
-12
-14
-26
-45
-66
-82
-91
-94
-95
-96
-101
-108
-117
-127
-132
-129
-120
-107
-95
-87
-84
-84
-82
-72
-60
-49
-42
-39
-39
-44
-44
-44
-35
-29
-26
-25
-28
-32
-31
-27
-18
-4
11
22
28
36
45
56
75
95
118
139
153
164
175
186
198
210
223
232
239
242
242
239
235
230
220
214
209
201
189
177
162
147
133
122
114
104
92
79
68
59
52
43
37
26
15
8
2
-4
-11
-22
-37
-53
-64
-72
-74
-76
-81
-91
-104
-122
-135
-142
-143
-140
-139
-139
-145
-157
-169
-176
-176
-168
-155
-145
-137
-135
-139
-145
-145
-139
-129
-115
-102
-95
-95
-101
-108
-110
-104
-96
-84
-75
-69
-76
-86
-95
-99
-97
-86
-72
-62
-60
-68
-82
-92
-96
-91
-81
-68
-58
-57
-62
-74
-90
-100
-96
-80
-58
-40
-31
-33
-41
-49
-43
-25
2
30
52
64
66
64
64
70
87
110
134
147
148
139
129
128
139
159
180
196
203
200
191
186
192
206
226
246
256
256
247
237
232
232
241
256
267
267
254
237
219
204
196
197
200
199
189
169
148
123
105
94
87
86
83
76
64
46
27
6
-9
-15
-15
-11
-9
-18
-37
-59
-81
-96
-101
-100
-97
-98
-105
-117
-134
-152
-165
-171
-171
-167
-167
-169
-175
-188
-201
-210
-211
-208
-203
-200
-202
-205
-207
-212
-214
-213
-210
-211
-210
-208
-205
-204
-205
-206
-209
-207
-202
-199
-197
-196
-196
-196
-190
-185
-180
-177
-174
-168
-161
-153
-144
-138
-133
-127
-120
-111
-101
-88
-77
-67
-57
-48
-37
-28
-23
-11
7
23
38
52
64
73
82
94
107
120
130
140
151
164
175
181
187
196
203
209
214
217
220
225
234
242
248
249
245
241
239
237
241
250
259
263
260
251
239
229
228
233
238
239
236
225
209
195
179
166
155
147
141
133
121
105
85
65
50
40
36
37
38
34
25
12
2
-4
-3
3
9
12
8
0
-9
-18
-24
-29
-30
-32
-37
-50
-67
-85
-104
-117
-129
-135
-143
-153
-166
-181
-197
-210
-222
-227
-228
-229
-230
-231
-231
-234
-237
-240
-240
-238
-236
-230
-223
-219
-218
-222
-227
-230
-229
-226
-220
-215
-213
-214
-218
-222
-223
-220
-211
-199
-191
-183
-179
-176
-170
-160
-146
-128
-109
-92
-77
-64
-52
-38
-24
-7
11
30
46
61
73
84
94
102
112
121
131
141
153
162
169
171
172
173
176
182
190
196
203
204
204
201
201
201
204
210
214
218
221
217
212
208
208
211
214
218
217
214
206
202
200
199
198
198
196
191
184
176
169
164
160
156
153
152
146
138
130
122
115
109
105
99
94
86
78
71
64
55
46
38
26
16
6
-5
-13
-19
-26
-36
-45
-58
-73
-89
-103
-113
-120
-125
-129
-137
-146
-159
-172
-184
-194
-198
-201
-201
-202
-205
-211
-219
-227
-231
-233
-231
-227
-226
-225
-227
-233
-237
-237
-234
-229
-223
-218
-218
-220
-219
-221
-217
-210
-199
-188
-179
-173
-167
-161
-153
-142
-126
-109
-92
-78
-68
-59
-49
-39
-28
-13
4
18
29
37
43
48
54
59
65
72
81
87
89
90
88
88
90
94
100
108
113
117
121
125
130
135
143
152
160
168
175
180
185
188
190
193
198
201
206
206
203
201
196
191
186
185
182
179
178
174
168
162
157
151
147
145
145
147
147
145
140
133
125
115
108
101
95
87
78
65
52
36
20
6
-7
-18
-27
-37
-47
-58
-70
-81
-88
-96
-101
-106
-110
-112
-118
-122
-124
-125
-125
-128
-130
-135
-140
-146
-150
-155
-160
-164
-172
-178
-186
-193
-199
-203
-207
-208
-208
-208
-204
-199
-195
-191
-185
-176
-166
-156
-146
-135
-126
-115
-108
-103
-99
-94
-91
-86
-81
-76
-74
-75
-77
-78
-80
-79
-75
-69
-63
-60
-56
-51
-45
-36
-26
-13
-1
10
19
28
36
49
62
74
84
92
100
104
109
114
120
126
130
135
134
132
130
132
133
135
141
146
147
147
146
149
153
158
164
173
179
181
180
180
179
179
180
180
178
175
169
163
154
146
138
130
122
115
109
101
94
85
77
68
62
59
55
51
45
41
36
33
29
25
20
16
10
5
2
-3
-9
-16
-25
-33
-40
-45
-50
-57
-65
-75
-86
-93
-98
-105
-108
-112
-119
-125
-130
-134
-137
-141
-144
-146
-147
-149
-152
-154
-156
-157
-160
-161
-161
-160
-160
-161
-162
-160
-159
-157
-154
-150
-145
-142
-138
-134
-127
-121
-115
-108
-103
-95
-87
-78
-71
-62
-57
-51
-45
-38
-28
-19
-10
-5
1
6
13
19
26
34
42
48
54
62
69
75
82
88
94
100
108
112
118
123
129
134
139
142
145
146
147
148
150
151
150
151
149
147
144
142
137
136
133
129
125
120
116
112
109
105
100
95
91
88
83
79
77
73
70
66
63
59
53
49
42
37
34
30
27
22
14
9
2
-5
-12
-16
-21
-26
-33
-39
-45
-51
-58
-64
-68
-70
-75
-81
-88
-94
-97
-102
-104
-105
-108
-113
-117
-122
-125
-127
-130
-131
-132
-134
-136
-139
-142
-143
-144
-141
-139
-138
-137
-138
-138
-137
-135
-131
-126
-121
-117
-115
-111
-108
-103
-97
-88
-80
-75
-72
-67
-63
-58
-53
-45
-37
-31
-27
-21
-16
-10
-5
2
7
13
21
26
31
37
44
48
54
59
66
73
79
85
90
95
96
101
107
111
115
120
122
125
127
128
129
130
131
133
134
137
137
136
134
129
128
130
131
133
134
132
126
120
118
117
117
117
115
113
109
102
97
94
91
89
84
81
74
67
60
53
47
41
35
27
19
12
5
-3
-14
-20
-26
-33
-42
-47
-52
-59
-68
-75
-80
-85
-91
-96
-98
-102
-108
-114
-119
-123
-125
-128
-130
-134
-137
-139
-142
-144
-145
-146
-146
-147
-146
-146
-146
-145
-144
-141
-137
-133
-130
-127
-123
-121
-117
-112
-109
-105
-100
-93
-89
-82
-79
-75
-70
-65
-59
-53
-47
-41
-35
-30
-24
-18
-10
-2
1
8
16
24
30
38
44
49
54
62
70
75
82
87
91
96
99
104
107
111
113
117
120
125
126
128
130
131
133
135
136
139
142
142
145
148
148
150
150
153
152
154
153
152
149
146
143
140
137
131
126
120
114
107
99
92
83
75
67
59
51
42
33
25
15
7
0
-8
-17
-24
-34
-40
-48
-54
-60
-66
-72
-77
-83
-87
-92
-98
-102
-106
-108
-111
-115
-117
-120
-124
-125
-128
-129
-130
-131
-133
-133
-135
-133
-133
-133
-131
-129
-126
-125
-125
-121
-120
-118
-117
-113
-112
-109
-108
-105
-103
-101
-97
-94
-91
-87
-84
-81
-77
-72
-67
-63
-56
-55
-51
-48
-43
-39
-34
-29
-27
-23
-18
-15
-11
-6
-2
1
6
14
20
24
29
33
38
43
51
57
62
67
72
78
85
92
99
104
110
114
119
126
131
135
139
142
143
147
149
152
152
152
152
151
150
150
149
148
145
142
138
135
131
127
124
117
115
109
105
99
93
87
82
76
71
64
58
51
44
36
29
23
16
9
2
-6
-13
-21
-29
-36
-40
-46
-52
-58
-64
-70
-76
-80
-85
-89
-94
-98
-101
-107
-109
-113
-115
-117
-120
-122
-123
-127
-128
-129
-130
-130
-131
-131
-131
-131
-131
-130
-128
-127
-126
-125
-123
-120
-117
-115
-114
-110
-107
-105
-101
-99
-95
-92
-88
-84
-80
-75
-71
-66
-62
-57
-52
-47
-42
-39
-34
-29
-24
-18
-13
-8
-3
4
9
14
20
25
30
36
43
47
52
58
63
68
72
78
83
88
92
94
98
102
106
110
114
118
121
124
125
127
129
132
133
134
134
134
137
137
135
134
135
135
134
133
132
130
127
125
121
118
116
113
109
106
101
95
91
87
81
76
72
67
60
53
46
43
38
33
26
18
11
5
-1
-8
-15
-22
-28
-35
-42
-50
-57
-65
-71
-77
-83
-88
-94
-100
-106
-110
-113
-115
-118
-121
-123
-123
-125
-127
-128
-128
-127
-129
-129
-130
-130
-130
-129
-129
-129
-128
-127
-127
-125
-124
-121
-118
-116
-113
-110
-106
-101
-95
-91
-86
-80
-76
-69
-63
-57
-51
-45
-39
-33
-28
-23
-20
-14
-8
-4
-1
4
8
11
16
17
22
26
29
32
34
37
41
46
49
53
56
58
62
66
70
73
77
81
84
88
91
94
96
97
99
101
101
101
102
104
103
103
103
103
102
101
101
100
99
101
102
103
103
103
104
103
104
104
103
102
101
100
98
98
95
93
90
85
79
73
68
64
58
52
46
39
34
28
22
15
9
3
-3
-10
-16
-22
-29
-36
-41
-48
-53
-58
-65
-71
-80
-86
-92
-97
-101
-105
-112
-119
-124
-127
-130
-133
-136
-138
-139
-141
-143
-144
-144
-145
-144
-144
-141
-139
-137
-136
-135
-134
-132
-128
-125
-120
-116
-114
-111
-108
-104
-98
-92
-87
-82
-78
-74
-71
-64
-58
-54
-49
-45
-39
-33
-27
-22
-17
-12
-6
0
6
12
17
20
24
30
34
41
45
50
55
59
64
69
76
78
81
86
89
94
97
99
102
103
105
108
109
113
115
115
118
119
121
122
125
128
128
127
127
126
126
128
125
124
123
120
119
117
115
113
110
107
105
101
98
93
88
84
79
75
71
64
58
53
48
43
35
31
27
20
15
8
2
-3
-9
-15
-21
-27
-34
-40
-44
-49
-54
-58
-62
-68
-70
-73
-76
-79
-84
-85
-88
-90
-92
-93
-95
-97
-100
-101
-104
-105
-106
-108
-107
-107
-107
-107
-107
-106
-107
-106
-107
-105
-103
-103
-102
-98
-97
-94
-92
-91
-87
-83
-82
-79
-75
-72
-69
-65
-62
-59
-54
-50
-45
-40
-36
-33
-30
-26
-23
-17
-13
-8
-4
-1
2
6
10
14
19
24
27
32
36
40
43
47
51
54
56
60
63
66
70
73
76
79
81
84
87
89
92
94
95
97
98
99
100
101
101
102
101
101
100
99
98
96
94
92
90
87
84
81
78
75
71
68
64
60
56
53
49
46
41
38
34
31
27
23
18
13
9
4
-1
-5
-9
-13
-16
-21
-24
-28
-31
-34
-37
-39
-43
-46
-49
-52
-53
-56
-59
-60
-62
-63
-66
-67
-67
-68
-67
-67
-68
-70
-71
-71
-72
-72
-73
-74
-76
-77
-77
-76
-76
-75
-75
-76
-75
-75
-73
-73
-71
-70
-67
-64
-64
-63
-61
-59
-56
-53
-50
-47
-44
-41
-38
-34
-29
-26
-23
-21
-17
-14
-10
-7
-4
1
5
10
13
16
20
24
27
31
35
37
41
45
48
52
55
58
58
61
64
64
64
65
67
67
67
69
69
70
69
69
69
68
66
67
66
66
64
63
60
56
55
52
50
47
45
41
39
37
33
31
30
28
26
24
21
19
16
14
12
10
8
5
4
2
0
-1
-5
-6
-9
-11
-13
-14
-16
-18
-20
-21
-21
-24
-24
-26
-27
-29
-30
-30
-31
-32
-34
-37
-37
-39
-40
-41
-42
-44
-45
-45
-46
-46
-46
-46
-46
-46
-46
-46
-45
-44
-45
-44
-44
-43
-41
-41
-41
-40
-38
-37
-36
-36
-34
-33
-32
-30
-27
-25
-22
-20
-18
-15
-11
-7
-5
-4
-1
2
3
5
7
10
11
14
15
18
18
20
22
25
28
31
33
34
35
38
38
41
42
45
47
48
48
49
49
50
53
53
54
54
54
51
51
50
51
50
48
47
46
43
43
42
40
38
36
36
32
30
28
26
25
22
19
16
14
11
10
8
6
4
1
-2
-4
-7
-9
-10
-12
-13
-14
-19
-20
-22
-24
-25
-26
-28
-30
-32
-33
-36
-37
-39
-38
-40
-42
-44
-45
-45
-47
-48
-48
-50
-49
-51
-51
-51
-50
-51
-51
-50
-48
-49
-47
-46
-44
-44
-43
-41
-40
-38
-37
-34
-31
-31
-29
-29
-27
-24
-22
-18
-17
-15
-13
-10
-7
-6
-4
-3
-2
3
3
5
9
11
13
15
18
22
23
27
30
32
35
37
40
42
44
46
48
50
50
51
51
54
55
56
56
59
61
59
60
61
61
61
60
61
62
62
60
60
59
58
56
55
54
53
51
48
46
43
40
38
35
33
29
27
24
21
18
15
12
10
9
5
1
-2
-6
-10
-13
-17
-20
-23
-24
-28
-29
-31
-33
-36
-38
-40
-42
-43
-45
-49
-50
-53
-54
-57
-60
-59
-61
-62
-62
-64
-64
-64
-64
-64
-65
-65
-64
-64
-64
-65
-63
-63
-61
-61
-60
-58
-58
-57
-58
-56
-55
-56
-54
-54
-51
-50
-49
-48
-47
-44
-42
-40
-37
-35
-32
-30
-27
-25
-23
-20
-17
-13
-10
-8
-5
-3
-1
1
4
8
12
14
16
19
22
24
28
31
35
38
41
44
47
50
53
56
60
63
64
69
71
72
75
76
79
80
80
81
82
82
83
83
83
82
81
80
79
78
76
74
73
71
68
68
66
63
60
58
54
50
47
43
40
39
34
29
25
21
18
15
12
8
4
-1
-3
-9
-12
-16
-20
-23
-27
-29
-34
-39
-42
-45
-47
-50
-51
-53
-54
-55
-58
-59
-59
-59
-59
-58
-59
-58
-58
-58
-58
-57
-55
-56
-56
-55
-54
-55
-53
-51
-51
-48
-46
-46
-45
-43
-41
-40
-39
-37
-36
-34
-34
-33
-32
-31
-28
-27
-27
-26
-25
-25
-25
-25
-24
-22
-21
-20
-20
-18
-18
-16
-14
-12
-10
-9
-8
-7
-5
-3
0
4
7
11
13
17
19
22
25
28
32
35
39
41
44
46
49
51
54
56
59
60
61
63
64
65
66
67
68
68
68
69
69
70
69
68
69
67
66
64
62
62
60
58
56
54
51
48
44
41
37
35
31
26
22
19
15
12
8
6
2
-2
-4
-8
-11
-13
-16
-18
-19
-22
-25
-27
-29
-31
-34
-36
-36
-37
-39
-40
-43
-44
-46
-48
-48
-49
-50
-51
-52
-53
-55
-55
-54
-54
-54
-54
-54
-53
-53
-53
-52
-50
-49
-49
-47
-46
-45
-45
-43
-43
-40
-41
-41
-41
-41
-40
-40
-39
-38
-37
-37
-36
-36
-33
-32
-30
-27
-24
-23
-21
-18
-16
-13
-9
-6
-4
-1
3
6
9
10
14
15
16
18
21
24
26
26
26
28
30
32
34
36
36
38
38
40
41
44
45
45
47
47
47
48
48
49
51
51
51
52
52
51
51
49
47
47
46
45
43
41
39
38
36
33
31
31
29
26
24
23
23
21
20
18
16
15
14
12
10
7
5
3
3
2
0
-4
-8
-9
-12
-14
-16
-17
-19
-20
-22
-25
-27
-27
-28
-30
-32
-34
-35
-36
-37
-38
-39
-39
-39
-41
-41
-42
-44
-44
-44
-43
-42
-43
-44
-43
-44
-45
-44
-43
-41
-41
-40
-39
-39
-37
-36
-35
-34
-33
-30
-28
-26
-24
-23
-20
-19
-16
-14
-12
-10
-8
-5
-3
-1
2
4
6
7
10
12
14
16
18
21
22
23
25
27
28
30
33
35
37
38
39
39
41
42
43
43
45
45
45
46
47
48
49
49
48
48
47
48
49
49
50
51
50
49
48
46
46
44
43
43
40
40
39
38
36
34
34
31
29
27
26
24
23
20
18
17
15
12
10
8
4
2
0
-3
-6
-9
-12
-15
-18
-21
-25
-27
-31
-33
-35
-40
-42
-43
-48
-50
-52
-53
-54
-57
-59
-59
-62
-63
-64
-64
-66
-66
-66
-66
-66
-65
-66
-65
-65
-65
-63
-61
-59
-59
-56
-54
-52
-50
-48
-47
-43
-41
-37
-35
-34
-31
-29
-27
-25
-22
-20
-18
-15
-12
-10
-8
-6
-4
-1
1
2
5
7
7
8
9
10
13
14
15
16
19
21
22
25
25
27
30
31
33
35
35
38
41
43
44
45
47
49
51
52
53
57
57
57
59
59
61
62
61
62
61
60
60
60
59
58
57
56
55
54
52
50
48
47
47
44
42
39
39
38
35
33
31
30
28
26
24
23
20
17
14
13
11
7
3
1
-2
-3
-6
-10
-13
-16
-19
-22
-24
-27
-31
-33
-36
-38
-39
-41
-44
-46
-47
-49
-52
-53
-54
-56
-58
-60
-60
-60
-60
-59
-60
-60
-60
-60
-62
-61
-60
-60
-59
-59
-57
-56
-55
-55
-52
-50
-51
-49
-48
-46
-45
-44
-44
-42
-40
-38
-37
-35
-32
-30
-27
-24
-22
-21
-19
-17
-14
-12
-8
-5
-2
1
3
5
9
12
15
18
19
20
24
27
28
29
32
33
36
39
42
43
44
47
47
48
48
50
52
52
54
55
55
56
57
59
57
57
57
56
55
56
55
54
53
54
52
50
50
50
47
46
45
44
41
40
38
37
36
33
31
29
26
24
23
20
18
15
14
12
9
7
3
2
-1
-3
-4
-8
-10
-12
-14
-14
-16
-19
-21
-23
-26
-26
-28
-30
-32
-34
-36
-38
-39
-40
-41
-42
-45
-45
-46
-47
-49
-49
-51
-51
-52
-52
-52
-53
-52
-51
-50
-52
-50
-51
-50
-49
-48
-48
-47
-45
-44
-42
-41
-41
-39
-36
-34
-33
-33
-30
-28
-25
-23
-22
-19
-15
-12
-10
-7
-4
-1
1
4
6
7
10
12
15
18
20
21
24
27
29
30
32
35
35
36
37
40
43
44
46
46
49
50
52
53
51
53
52
52
53
51
51
51
50
51
48
48
47
47
45
44
43
42
39
38
38
35
34
32
30
28
25
23
20
18
15
13
11
8
5
4
0
-2
-5
-7
-8
-10
-12
-14
-17
-16
-19
-20
-21
-24
-25
-27
-28
-29
-30
-32
-34
-36
-36
-38
-39
-39
-40
-41
-41
-41
-41
-41
-41
-41
-42
-40
-41
-41
-40
-40
-39
-39
-41
-40
-42
-40
-40
-40
-39
-38
-38
-37
-36
-34
-32
-32
-30
-29
-26
-24
-23
-22
-20
-18
-17
-15
-15
-13
-10
-8
-6
-4
-2
1
4
5
7
9
11
14
17
18
21
23
26
28
30
32
35
38
40
41
44
45
46
47
48
49
50
51
51
52
51
51
51
51
51
50
50
50
48
47
47
45
42
42
41
40
40
37
35
33
31
29
27
26
25
23
20
18
14
13
9
6
1
-1
-3
-6
-8
-11
-13
-14
-17
-19
-21
-23
-25
-26
-27
-28
-30
-31
-32
-34
-36
-37
-41
-43
-45
-46
-47
-47
-48
-49
-49
-50
-51
-52
-50
-51
-53
-51
-51
-50
-50
-48
-48
-47
-45
-44
-43
-43
-42
-40
-37
-37
-34
-32
-31
-31
-29
-25
-23
-22
-19
-19
-17
-13
-10
-9
-6
-5
-2
2
4
5
7
10
11
13
15
17
19
20
23
25
28
29
30
31
34
37
39
40
41
40
42
43
44
47
48
49
49
50
51
51
49
51
50
51
49
48
48
47
47
47
47
45
43
44
42
43
43
40
39
37
37
37
35
34
32
31
28
27
24
22
20
17
15
14
11
9
7
5
3
1
-1
-3
-5
-6
-9
-9
-11
-11
-15
-18
-18
-17
-20
-23
-25
-27
-30
-32
-33
-34
-35
-36
-37
-41
-41
-40
-40
-42
-41
-40
-42
-42
-41
-42
-42
-42
-41
-40
-39
-39
-40
-40
-39
-39
-40
-38
-36
-35
-34
-34
-34
-34
-32
-30
-28
-26
-25
-22
-21
-19
-18
-17
-16
-14
-12
-13
-13
-13
-11
-10
-9
-8
-9
-6
-5
-7
-7
-5
-3
-2
-1
0
1
4
6
6
7
8
10
11
10
12
12
12
12
14
15
17
17
17
19
20
19
21
22
23
23
24
26
27
28
29
32
32
33
35
36
35
37
38
40
41
39
39
40
40
38
36
35
34
33
30
30
29
29
28
26
24
24
22
22
21
18
17
15
13
11
9
7
6
4
0
0
-2
-4
-7
-9
-11
-14
-15
-16
-15
-17
-18
-20
-20
-22
-23
-23
-25
-24
-24
-27
-29
-28
-29
-29
-29
-31
-31
-31
-32
-33
-34
-35
-35
-34
-32
-31
-31
-30
-30
-28
-27
-26
-25
-24
-24
-23
-22
-22
-21
-20
-19
-19
-18
-18
-16
-15
-17
-15
-15
-12
-11
-10
-7
-6
-6
-4
-3
-1
0
1
4
4
4
4
5
8
8
8
8
9
10
11
11
13
14
15
16
15
18
21
21
21
22
23
25
26
24
24
27
28
28
29
27
30
30
28
27
27
28
29
28
28
28
29
28
28
27
28
28
26
24
25
26
27
26
25
23
22
22
20
18
18
17
15
15
13
13
11
8
8
8
7
5
4
5
3
1
0
0
-1
-3
-5
-6
-7
-8
-8
-11
-12
-12
-13
-15
-17
-18
-18
-19
-19
-21
-22
-22
-22
-23
-23
-24
-23
-25
-25
-24
-24
-23
-24
-24
-27
-26
-24
-23
-25
-25
-26
-26
-24
-26
-24
-24
-23
-21
-23
-21
-20
-19
-20
-18
-17
-17
-15
-13
-13
-12
-10
-9
-9
-8
-7
-6
-5
-6
-4
-3
-1
-1
-1
1
1
1
2
3
5
5
4
6
7
8
8
8
9
10
10
10
10
10
11
11
11
11
10
11
10
10
10
10
9
9
9
9
10
9
9
9
9
10
10
10
11
10
10
9
7
9
8
8
6
5
4
5
4
3
2
3
2
3
2
3
2
3
4
4
5
3
4
3
3
3
2
2
0
1
0
-1
-3
-3
-5
-5
-6
-5
-4
-5
-5
-5
-3
-2
-1
-1
-1
-1
-2
-1
-2
0
0
-2
-2
-3
-3
-4
-4
-7
-6
-5
-6
-5
-5
-5
-6
-5
-4
-4
-1
-1
-1
-1
-1
-1
-1
1
1
0
1
-1
-2
-3
-4
-3
-3
-2
-2
-3
-4
-3
-2
-1
0
1
0
1
3
4
4
4
2
2
2
5
6
3
1
0
0
1
2
-1
-1
-2
-1
0
0
0
2
3
4
4
5
5
5
5
6
6
6
5
5
5
3
3
3
2
0
1
1
0
1
-1
-1
-1
0
1
1
1
1
2
1
2
4
4
3
2
2
2
2
2
1
0
1
0
1
-1
-1
0
-2
-1
0
1
0
1
1
1
