-2
-2
-3
-2
-2
-2
-1
0
0
1
2
2
2
2
0
-1
-1
-1
-2
-2
-3
-2
-2
-3
-2
-2
-1
-1
-2
-1
-1
-3
-3
-2
-2
-3
-2
0
0
-1
-1
-1
-1
-1
-2
-2
-4
-4
-5
-6
-6
-5
-1
2
4
9
11
11
11
11
12
10
10
9
9
8
9
9
8
8
9
8
8
8
7
8
8
8
10
10
12
12
13
12
12
11
10
8
9
10
10
10
11
12
12
10
8
6
6
4
2
2
3
6
8
9
10
10
9
6
3
0
-4
-6
-7
-7
-6
-5
-5
-3
-2
-3
-4
-5
-8
-9
-9
-10
-13
-15
-12
-10
-10
-13
-17
-21
-23
-28
-31
-32
-30
-26
-25
-27
-29
-29
-30
-30
-30
-30
-29
-26
-24
-24
-25
-24
-25
-25
-23
-20
-19
-19
-20
-22
-23
-19
-13
-11
-15
-16
-14
-19
-28
-30
-25
-12
20
49
47
29
30
42
29
-3
-16
1
15
14
4
-8
-9
2
13
5
-9
-6
11
14
2
1
19
35
41
43
43
40
38
36
29
17
16
22
23
16
18
27
29
20
12
7
5
3
4
4
7
18
29
30
28
35
38
27
11
7
8
1
-8
-10
-1
9
17
24
26
25
27
25
15
3
1
3
3
2
-1
-4
-7
-11
-15
-18
-21
-22
-25
-38
-49
-50
-43
-36
-30
-23
-27
-34
-42
-53
-65
-63
-55
-53
-50
-50
-52
-62
-72
-77
-78
-78
-78
-74
-67
-41
12
62
76
68
73
72
43
2
-12
-3
7
15
16
5
-12
-17
-24
-52
-88
-99
-82
-65
-54
-39
-10
22
42
50
53
56
56
51
40
34
34
32
24
9
-6
-17
-24
-38
-58
-75
-77
-65
-53
-39
-14
14
37
54
71
82
84
76
71
70
83
110
127
123
113
116
116
98
73
60
67
79
87
86
86
104
137
154
144
130
128
124
99
70
53
51
55
52
45
37
36
35
26
8
-2
1
7
5
-3
-2
6
4
-10
-26
-36
-41
-48
-61
-67
-64
-60
-67
-78
-88
-93
-96
-101
-103
-97
-88
-90
-98
-104
-102
-97
-90
-99
-123
-140
-138
-140
-160
-177
-179
-174
-178
-194
-201
-158
-53
73
170
235
268
254
183
92
27
3
5
22
37
37
17
-20
-74
-146
-218
-263
-276
-274
-245
-181
-98
-24
37
86
116
128
131
117
96
84
83
79
68
59
48
18
-35
-100
-163
-221
-262
-275
-255
-209
-142
-68
-4
45
88
120
135
139
136
131
120
109
100
98
93
85
75
61
44
19
-6
-17
-11
8
39
92
208
356
456
462
407
337
240
138
49
20
67
149
193
162
100
52
21
-31
-92
-111
-76
-18
34
84
128
164
181
167
124
67
33
11
-13
-28
-7
31
52
38
5
-43
-106
-169
-221
-248
-239
-187
-125
-74
-31
9
20
-18
-69
-98
-115
-143
-184
-211
-221
-218
-219
-232
-257
-280
-295
-304
-316
-329
-332
-330
-310
-247
-115
34
146
230
300
322
243
112
25
14
38
58
73
89
101
71
-21
-150
-269
-346
-404
-441
-428
-339
-210
-95
-9
63
125
160
165
144
127
141
179
212
232
253
255
212
118
-6
-136
-249
-327
-373
-379
-335
-236
-136
-64
-9
44
90
106
109
126
165
203
231
252
269
288
283
247
181
107
41
-12
-48
-52
-13
42
95
135
173
198
216
288
376
425
413
378
354
308
257
217
221
264
300
269
166
54
-35
-92
-151
-166
-118
-26
71
141
186
203
195
151
96
49
38
64
91
113
130
143
123
64
-21
-105
-189
-257
-282
-276
-253
-232
-201
-173
-155
-152
-162
-182
-215
-231
-240
-238
-224
-196
-182
-211
-263
-309
-332
-367
-403
-419
-408
-396
-410
-424
-384
-230
-4
204
329
359
305
165
3
-114
-129
-41
102
241
299
270
157
-19
-234
-429
-544
-575
-519
-405
-242
-75
61
131
138
106
63
43
34
68
148
263
375
440
447
393
290
127
-62
-233
-342
-378
-355
-274
-181
-96
-54
-58
-94
-136
-147
-120
-38
79
220
345
436
479
461
407
315
213
122
72
62
68
92
129
170
170
137
88
72
131
224
318
361
368
343
293
246
216
242
312
378
365
288
176
65
-27
-93
-99
-70
-17
29
59
75
79
66
33
13
14
50
86
118
145
150
134
94
35
-35
-99
-158
-199
-239
-270
-283
-282
-269
-274
-286
-297
-304
-310
-311
-300
-287
-265
-254
-244
-267
-309
-337
-361
-375
-396
-385
-358
-359
-393
-448
-447
-375
-232
-68
118
313
404
336
162
27
-48
-76
-48
54
193
270
245
96
-95
-258
-379
-458
-490
-430
-310
-175
-75
-9
21
12
-14
-40
-18
58
177
293
387
451
472
435
329
198
55
-68
-163
-206
-185
-135
-74
-41
-43
-89
-150
-200
-230
-217
-146
-12
128
253
335
376
374
326
270
234
255
298
341
363
367
354
328
284
211
138
111
185
288
369
397
380
331
218
96
9
10
92
199
274
306
299
242
164
73
27
13
29
71
109
147
167
159
120
66
10
-29
-70
-99
-89
-55
-23
-26
-49
-85
-132
-182
-219
-250
-246
-204
-139
-101
-92
-93
-135
-212
-316
-388
-424
-435
-406
-383
-389
-424
-455
-477
-512
-533
-513
-478
-462
-447
-407
-328
-210
-29
209
405
442
319
153
23
-67
-87
10
190
333
352
214
-33
-291
-486
-591
-600
-491
-303
-133
-52
-50
-99
-186
-275
-304
-223
-51
177
396
562
654
656
565
401
239
126
65
45
66
114
133
95
3
-107
-212
-301
-338
-302
-203
-86
32
139
199
198
149
105
103
150
228
324
434
535
590
579
496
358
226
141
114
146
236
408
551
588
500
314
120
-68
-172
-160
-24
211
418
487
418
254
58
-106
-209
-186
-59
131
300
372
352
253
99
-58
-149
-151
-76
28
134
205
197
110
-39
-202
-329
-376
-352
-286
-225
-189
-199
-258
-325
-368
-370
-344
-305
-256
-224
-217
-233
-278
-345
-440
-521
-563
-569
-549
-532
-545
-604
-669
-670
-592
-464
-237
46
246
261
167
105
71
72
159
366
580
680
594
322
-12
-305
-481
-556
-526
-423
-320
-284
-345
-469
-623
-712
-683
-519
-249
73
385
587
658
622
523
409
327
329
410
533
623
623
516
315
64
-190
-387
-486
-473
-381
-255
-146
-82
-45
-40
-61
-87
-62
35
167
297
415
522
581
580
543
504
486
489
505
493
429
369
303
285
297
307
319
277
222
133
39
1
13
68
156
204
188
127
25
-13
-24
30
115
170
207
183
120
34
-11
-12
33
93
150
180
159
104
7
-77
-130
-148
-150
-130
-96
-83
-100
-167
-259
-365
-434
-441
-419
-386
-342
-313
-321
-363
-394
-395
-400
-393
-400
-400
-393
-406
-419
-478
-552
-614
-626
-542
-374
-143
54
93
-55
-255
-412
-458
-336
-32
406
743
878
760
427
19
-296
-370
-251
-7
215
328
254
-21
-409
-814
-1038
-1050
-861
-554
-224
44
155
138
30
-58
-69
58
289
554
800
929
939
789
562
354
232
206
226
284
311
262
88
-129
-311
-424
-417
-334
-179
-22
94
128
90
43
10
45
145
336
533
688
779
789
733
630
555
510
567
628
648
587
430
264
77
-13
-7
81
172
237
199
46
-139
-320
-352
-295
-140
18
114
141
60
-78
-235
-300
-281
-133
60
232
338
347
302
189
83
13
19
53
95
112
76
-7
-157
-294
-370
-374
-386
-426
-468
-523
-600
-682
-701
-665
-598
-520
-472
-443
-407
-395
-424
-467
-494
-497
-460
-403
-295
-135
81
246
218
68
-133
-316
-449
-410
-164
167
425
480
350
30
-307
-499
-429
-154
145
372
429
330
67
-247
-500
-599
-518
-318
-60
93
110
-23
-211
-365
-439
-361
-155
136
380
516
503
365
171
31
65
216
418
603
725
729
569
331
111
-16
-41
23
139
256
305
240
114
-30
-111
-104
-5
149
272
347
363
343
309
314
372
463
548
603
618
563
462
347
266
239
253
281
294
281
215
122
14
-75
-136
-169
-149
-96
-34
-12
-32
-93
-174
-257
-312
-305
-260
-195
-133
-72
-32
-36
-63
-85
-88
-80
-60
-32
5
18
13
5
1
1
11
22
-7
-82
-172
-258
-340
-384
-397
-405
-394
-389
-385
-408
-463
-496
-524
-533
-482
-402
-328
-273
-254
-252
-275
-311
-297
-236
-142
-70
-50
-84
-160
-253
-319
-330
-292
-215
-133
-84
-94
-145
-206
-246
-235
-177
-79
26
123
182
196
166
104
69
55
84
137
185
231
247
253
249
246
242
236
238
244
268
298
321
347
372
377
364
349
339
334
317
292
264
242
211
172
145
119
104
95
87
87
93
96
95
90
98
133
168
208
254
294
303
271
225
194
190
202
231
263
268
239
178
110
54
9
-22
-46
-59
-59
-45
-24
-8
-4
-6
-2
7
17
27
47
59
58
51
60
71
56
18
-19
-35
-58
-96
-127
-148
-169
-199
-220
-221
-216
-220
-228
-235
-238
-245
-259
-280
-294
-296
-298
-306
-320
-326
-329
-322
-295
-257
-226
-228
-248
-275
-288
-279
-252
-211
-170
-135
-125
-142
-177
-219
-260
-278
-261
-218
-173
-151
-153
-187
-241
-299
-347
-359
-332
-276
-212
-150
-103
-79
-58
-33
-4
40
96
147
189
219
249
279
294
304
314
328
332
320
297
271
250
239
244
260
289
322
357
387
404
419
423
407
384
366
362
355
342
332
322
301
275
254
242
213
171
127
101
89
85
90
100
108
108
105
110
116
117
103
75
52
34
27
16
-1
-17
-34
-56
-90
-123
-147
-163
-161
-146
-125
-105
-83
-65
-45
-29
-19
-7
10
31
45
55
70
80
68
41
21
5
-23
-61
-98
-132
-160
-179
-184
-182
-180
-183
-193
-218
-253
-284
-309
-318
-314
-296
-270
-253
-258
-282
-301
-316
-328
-339
-341
-332
-319
-302
-287
-272
-267
-273
-293
-311
-311
-292
-259
-225
-195
-179
-187
-208
-226
-232
-229
-219
-198
-173
-151
-135
-133
-143
-146
-125
-80
-14
66
145
196
225
247
266
289
312
336
371
415
450
463
455
429
382
336
314
317
338
360
364
350
333
316
303
307
335
363
370
363
352
338
314
291
275
274
272
267
248
212
167
117
76
40
16
9
16
21
15
4
-21
-56
-98
-123
-121
-141
-133
-76
-55
-64
-55
-56
-93
-123
-127
-123
-94
-45
-23
-18
-15
-29
-40
-48
-47
-40
-22
10
38
49
42
28
2
-29
-55
-66
-58
-41
-31
-38
-58
-103
-138
-160
-160
-164
-153
-125
-154
-170
-178
-191
-186
-176
-181
-194
-182
-170
-192
-210
-224
-259
-267
-249
-238
-214
-219
-234
-239
-284
-282
-255
-237
-212
-204
-191
-202
-205
-217
-238
-237
-242
-222
-186
-142
-110
-107
-102
-117
-127
-107
-64
-5
51
99
124
138
139
138
167
193
219
258
294
328
351
363
361
351
350
376
408
429
432
413
376
334
308
315
331
350
366
357
332
295
270
250
224
206
209
224
234
241
233
202
151
96
62
48
46
50
53
38
8
-27
-61
-89
-112
-123
-123
-125
-128
-131
-135
-145
-159
-162
-148
-121
-92
-64
-43
-47
-62
-68
-69
-59
-41
-28
-27
-39
-52
-68
-77
-77
-73
-73
-77
-76
-72
-64
-59
-71
-83
-96
-113
-117
-109
-100
-94
-100
-105
-109
-107
-103
-111
-124
-139
-158
-171
-172
-174
-178
-184
-189
-183
-177
-168
-157
-169
-192
-219
-241
-253
-251
-229
-192
-171
-171
-178
-190
-204
-218
-217
-200
-183
-164
-138
-116
-103
-101
-100
-79
-48
-6
35
64
80
74
70
85
109
131
151
167
175
172
167
171
167
177
202
238
274
293
298
282
259
241
238
254
277
304
323
337
339
333
320
306
287
266
251
240
233
219
207
205
198
184
158
129
95
55
32
22
16
8
4
-6
-22
-41
-60
-77
-94
-108
-123
-131
-133
-128
-131
-138
-140
-139
-129
-120
-113
-110
-105
-95
-79
-64
-52
-40
-44
-49
-55
-59
-62
-72
-86
-102
-122
-137
-141
-136
-121
-108
-106
-111
-121
-127
-129
-128
-118
-99
-77
-47
-20
-3
5
-1
-17
-40
-60
-74
-79
-75
-71
-71
-71
-79
-97
-105
-122
-143
-145
-143
-157
-156
-146
-147
-135
-106
-100
-112
-113
-118
-127
-120
-105
-98
-82
-61
-49
-41
-21
-7
-5
-2
2
7
19
51
87
118
143
160
166
165
167
163
165
173
183
203
231
250
246
225
203
188
188
211
241
268
285
276
267
265
266
279
292
327
343
324
301
272
225
178
145
116
112
135
142
119
91
42
-18
-53
-74
-88
-83
-63
-54
-49
-52
-74
-106
-127
-140
-154
-162
-161
-157
-154
-145
-149
-163
-171
-187
-193
-196
-201
-180
-175
-156
-150
-148
-108
-113
-101
-95
-103
-92
-93
-81
-87
-94
-73
-92
-98
-90
-103
-104
-109
-105
-101
-105
-103
-103
-88
-64
-52
-34
-45
-60
-50
-58
-54
-45
-47
-43
-42
-50
-76
-79
-71
-90
-91
-83
-92
-97
-99
-109
-121
-106
-96
-97
-58
-49
-57
-40
-34
-35
-34
-25
-23
-17
3
13
25
45
50
49
55
66
79
87
105
122
142
164
168
167
176
184
182
186
202
205
212
217
206
196
190
195
205
219
224
211
207
196
179
178
196
202
197
225
219
206
174
126
117
101
80
91
91
77
67
19
-13
-40
-82
-40
-56
-44
-27
-44
-14
-68
-70
-85
-89
-46
-53
-55
-40
-19
-74
-80
-77
-140
-114
-111
-128
-113
-101
-176
-130
-180
-250
-189
-200
-165
-204
-136
-156
-203
-112
-164
-230
-164
-120
-151
-163
-133
-115
-153
-108
-123
-157
-108
-140
-123
-125
-126
-94
-135
-116
-109
-113
-82
-121
-90
-50
-47
-53
-51
-52
-54
-51
-89
-56
-26
-24
-11
-12
-51
-48
-56
-92
-66
-39
9
6
12
73
17
9
3
-9
30
51
81
120
168
168
151
144
144
134
152
195
239
268
267
256
231
221
219
211
240
264
267
257
222
195
178
177
193
207
208
215
198
160
153
148
140
117
139
157
118
127
88
67
78
60
64
62
93
77
8
25
32
-5
-13
-12
21
-2
-1
-16
-30
6
-25
-27
-5
1
7
5
21
-1
-7
2
-6
2
-23
-49
-44
-52
-91
-147
-120
-44
-130
-142
-96
-165
-263
-200
-159
-276
-198
-179
-247
-228
-233
-297
-345
-232
-235
-244
-162
-249
-255
-194
-226
-277
-209
-141
-197
-188
-188
-233
-256
-174
-162
-188
-61
-106
-207
-193
-144
-183
-128
-4
-55
-4
24
-57
-95
-115
-97
-69
11
53
64
109
70
8
-10
4
34
94
136
161
176
192
195
160
144
142
177
247
312
319
296
305
282
246
230
241
291
322
312
303
292
215
148
125
153
208
208
204
185
125
66
45
47
63
84
76
84
68
10
-35
-58
-58
-38
2
21
-5
-38
-62
-66
-57
-37
-8
37
43
38
48
34
13
19
63
111
142
136
111
108
95
74
97
123
126
109
101
84
38
19
-20
-42
21
27
-55
-67
-61
-114
-160
-163
-170
-153
-97
-174
-239
-227
-257
-272
-275
-256
-229
-266
-279
-307
-355
-290
-318
-300
-223
-250
-274
-324
-346
-344
-293
-241
-229
-200
-216
-276
-323
-339
-311
-289
-242
-190
-196
-252
-307
-292
-239
-147
-65
-59
-104
-99
-96
-102
-37
74
220
292
285
249
201
166
177
308
440
503
502
447
372
298
260
299
373
442
483
444
348
234
138
120
171
245
320
329
242
136
43
-39
-17
41
96
156
149
95
11
-72
-101
-76
-12
64
122
113
55
-12
-52
-20
22
85
171
207
192
139
107
105
127
189
264
321
350
305
228
202
176
195
258
278
285
246
176
129
89
79
87
98
93
59
-9
-73
-138
-173
-146
-130
-113
-132
-201
-261
-296
-315
-316
-282
-260
-248
-274
-335
-379
-416
-435
-427
-396
-362
-356
-376
-403
-430
-457
-463
-459
-410
-386
-379
-369
-398
-406
-428
-447
-439
-453
-434
-373
-275
-158
-153
-183
-254
-306
-265
-204
-86
81
242
321
273
139
32
45
150
332
547
649
585
426
290
213
187
286
429
517
504
366
179
6
-72
-36
107
237
256
175
5
-157
-248
-233
-96
46
140
162
78
-39
-131
-160
-74
82
200
275
264
171
80
38
68
176
291
343
375
365
314
263
219
270
357
413
452
461
436
370
317
330
371
382
399
406
371
306
244
249
258
234
223
208
166
110
53
8
-4
-4
4
-9
-59
-115
-170
-213
-229
-220
-219
-247
-297
-356
-405
-436
-460
-457
-452
-442
-461
-491
-532
-574
-560
-542
-522
-512
-528
-550
-598
-620
-617
-620
-634
-625
-559
-440
-298
-274
-301
-346
-358
-326
-268
-145
43
270
404
354
185
37
-13
87
343
598
704
602
391
176
29
-8
75
259
362
332
157
-94
-325
-434
-336
-131
46
82
-35
-234
-394
-426
-332
-146
32
133
142
61
-45
-104
-66
49
220
373
431
405
283
180
167
248
377
463
475
430
360
310
300
311
331
358
399
418
402
350
302
301
344
416
457
440
389
363
373
397
434
438
420
399
383
373
343
306
284
249
216
189
148
71
-3
-64
-104
-123
-179
-228
-276
-334
-363
-385
-408
-438
-460
-476
-476
-483
-502
-514
-518
-496
-475
-481
-484
-489
-495
-514
-548
-601
-642
-619
-457
-180
-58
-173
-392
-473
-435
-408
-296
22
401
531
349
65
-178
-312
-207
178
595
707
497
155
-175
-423
-485
-287
25
222
167
-134
-505
-804
-895
-724
-386
-88
-9
-180
-475
-691
-719
-546
-247
44
214
184
24
-138
-212
-130
78
306
466
522
444
264
108
75
200
357
447
474
413
311
202
177
253
341
389
406
424
428
372
326
350
449
563
641
665
636
576
537
579
661
714
704
644
580
530
485
439
398
369
336
284
193
78
-34
-113
-127
-108
-101
-167
-276
-371
-420
-396
-347
-291
-272
-275
-296
-335
-363
-364
-320
-243
-178
-172
-221
-277
-327
-373
-424
-423
-340
-170
49
115
-43
-317
-445
-411
-352
-210
110
464
560
321
-32
-309
-412
-239
181
592
683
447
59
-313
-552
-568
-351
-47
155
96
-232
-651
-957
-1008
-803
-440
-153
-101
-295
-602
-822
-862
-691
-391
-83
98
67
-109
-308
-418
-349
-140
107
267
301
199
9
-160
-197
-91
51
155
186
142
32
-95
-143
-63
68
176
250
292
300
263
228
269
391
545
676
745
736
673
610
622
693
772
825
808
736
643
558
501
456
425
413
381
283
137
-2
-103
-131
-91
-38
-21
-88
-208
-274
-265
-217
-147
-63
-2
-17
-67
-102
-117
-86
-31
30
41
8
-70
-161
-270
-357
-303
-120
126
210
102
-143
-348
-407
-393
-250
86
474
664
485
102
-243
-390
-244
149
598
781
605
185
-256
-539
-598
-399
-76
169
148
-169
-609
-990
-1101
-921
-557
-227
-124
-296
-630
-890
-952
-798
-513
-227
-25
-14
-167
-373
-501
-458
-293
-71
104
177
88
-104
-276
-329
-257
-161
-97
-84
-96
-146
-228
-276
-276
-193
-102
-22
70
141
158
121
120
205
333
461
562
620
620
582
567
595
636
651
647
623
592
536
460
387
315
286
276
225
141
36
-51
-101
-99
-63
-38
-68
-134
-159
-125
-57
3
59
114
131
103
83
83
111
173
232
248
226
140
57
-43
-133
-105
-6
199
355
318
117
-147
-251
-230
-133
119
470
750
706
413
70
-161
-153
125
566
871
849
534
101
-266
-448
-360
-96
177
278
85
-302
-713
-942
-922
-671
-346
-138
-163
-415
-707
-878
-841
-634
-357
-94
6
-68
-266
-451
-491
-394
-216
-54
54
67
-55
-246
-381
-400
-344
-274
-222
-212
-237
-310
-387
-415
-348
-264
-201
-124
-44
2
-12
-38
22
135
250
356
439
461
405
363
379
454
531
547
498
424
344
266
203
170
176
167
112
11
-110
-208
-255
-234
-154
-61
-50
-120
-195
-207
-149
-50
64
152
199
179
138
108
121
177
250
305
289
251
182
83
-39
-77
22
195
389
430
314
74
-121
-145
-75
151
479
803
899
673
339
71
12
201
568
940
1032
826
421
27
-218
-246
-48
215
383
270
-80
-498
-786
-836
-681
-377
-132
-93
-280
-560
-726
-769
-652
-421
-151
22
8
-127
-311
-406
-372
-239
-69
37
73
-18
-185
-330
-390
-368
-339
-310
-301
-304
-354
-428
-496
-507
-450
-344
-249
-206
-176
-154
-138
-114
-49
72
180
260
304
312
282
263
305
372
410
364
278
188
114
67
33
25
9
-42
-144
-279
-366
-402
-383
-334
-269
-237
-265
-328
-348
-283
-192
-82
42
125
153
94
54
77
153
247
302
314
264
199
115
18
-58
-36
80
211
343
354
231
10
-156
-124
-3
229
535
819
892
675
389
183
178
386
741
1073
1133
930
546
173
-47
-43
171
408
533
400
70
-332
-611
-650
-490
-211
-19
10
-157
-406
-562
-597
-465
-232
32
196
178
44
-125
-199
-171
-49
115
228
247
132
-38
-178
-237
-249
-252
-227
-205
-222
-296
-379
-437
-434
-361
-274
-202
-188
-176
-172
-181
-148
-56
65
157
210
203
156
106
111
192
257
261
195
104
16
-66
-128
-168
-172
-181
-240
-355
-475
-560
-595
-566
-489
-399
-387
-446
-497
-482
-396
-285
-157
-35
25
14
-21
-17
29
102
171
227
216
153
67
-12
-79
-124
-36
81
219
269
210
71
-132
-188
-105
95
360
614
814
760
531
272
169
306
572
904
1079
1035
751
380
87
-33
76
265
443
449
249
-89
-449
-614
-580
-340
-86
48
22
-175
-356
-474
-427
-244
15
261
352
305
158
34
-11
43
194
350
450
409
265
91
-18
-63
-70
-32
2
22
-30
-128
-212
-239
-197
-120
-34
16
37
8
-25
-28
28
149
249
316
324
271
172
109
143
212
256
213
118
-23
-176
-284
-331
-324
-331
-357
-442
-585
-734
-829
-816
-741
-617
-525
-518
-584
-654
-641
-556
-412
-244
-102
-43
-72
-128
-151
-114
-48
29
84
98
45
-71
-189
-292
-271
-183
-68
83
148
100
-124
-316
-285
-121
112
342
620
772
661
417
214
206
352
635
928
1052
928
593
238
-7
-34
99
269
372
300
80
-272
-551
-650
-559
-336
-148
-26
-75
-239
-417
-507
-417
-207
76
290
370
305
164
69
39
128
282
436
511
469
354
208
89
22
32
95
162
183
127
27
-59
-62
2
81
153
212
240
211
168
162
227
320
411
487
498
429
310
252
275
332
355
310
211
69
-72
-179
-220
-234
-254
-304
-399
-513
-640
-719
-727
-669
-567
-509
-513
-569
-612
-589
-507
-367
-237
-162
-146
-178
-205
-213
-186
-142
-92
-62
-100
-181
-285
-376
-404
-334
-213
-99
-30
-42
-166
-364
-417
-279
-50
187
411
587
550
362
187
143
255
458
721
876
834
598
267
2
-114
-37
114
235
221
51
-234
-523
-661
-635
-467
-279
-146
-118
-225
-366
-475
-452
-300
-62
165
292
308
213
105
48
99
230
362
458
467
397
283
168
84
54
79
138
198
186
125
44
-1
34
86
143
191
245
291
299
299
327
388
439
477
510
526
508
470
459
459
438
382
302
207
107
35
-15
-51
-111
-200
-303
-415
-497
-539
-535
-511
-487
-463
-453
-465
-482
-459
-406
-329
-224
-129
-88
-110
-133
-130
-121
-115
-93
-77
-98
-156
-240
-309
-349
-330
-278
-201
-107
-60
-121
-298
-393
-325
-145
71
290
481
481
325
152
84
160
326
554
703
693
502
205
-55
-191
-147
-30
75
72
-66
-312
-581
-722
-716
-587
-424
-284
-245
-325
-440
-525
-505
-381
-173
46
187
228
163
69
4
44
163
289
381
400
361
250
130
53
33
52
81
136
167
138
50
-12
5
83
164
215
268
302
309
308
337
420
502
561
586
582
552
514
506
526
540
499
409
292
180
91
36
6
-40
-112
-205
-318
-424
-494
-510
-490
-459
-417
-398
-409
-430
-419
-359
-270
-173
-84
-36
-35
-44
-51
-48
-42
-15
15
-13
-86
-167
-241
-324
-386
-337
-265
-239
-215
-178
-203
-357
-452
-354
-146
44
213
374
414
314
199
164
228
359
541
678
676
523
268
20
-123
-113
-38
24
4
-122
-351
-609
-754
-772
-685
-548
-427
-373
-436
-535
-602
-595
-482
-290
-65
87
134
92
14
-26
5
106
229
320
351
318
233
132
39
-13
-3
40
95
116
85
12
-60
-62
0
84
150
202
244
269
287
332
411
489
565
616
641
629
601
591
603
630
612
537
427
317
232
166
115
60
2
-89
-203
-300
-371
-402
-414
-384
-333
-294
-299
-332
-319
-262
-180
-86
11
75
76
59
64
90
110
110
118
109
53
-34
-120
-184
-249
-260
-208
-193
-222
-235
-207
-231
-318
-294
-159
-37
48
176
323
364
319
273
267
278
344
458
542
522
388
201
20
-97
-142
-150
-143
-161
-248
-434
-632
-754
-782
-711
-590
-465
-421
-468
-540
-591
-560
-430
-232
-51
46
61
28
-17
-41
-6
94
200
250
247
210
128
9
-89
-108
-68
-32
-21
-33
-66
-120
-155
-154
-113
-50
17
93
147
185
213
251
314
390
487
555
584
576
556
548
533
525
508
467
392
300
212
118
32
-39
-86
-138
-206
-280
-350
-392
-404
-367
-314
-265
-235
-218
-190
-143
-58
35
123
174
193
199
206
212
206
213
223
217
144
56
-16
-86
-164
-226
-202
-180
-194
-220
-213
-172
-181
-185
-160
-78
29
145
289
394
443
405
347
317
339
411
472
509
462
334
145
-36
-161
-238
-241
-241
-272
-393
-564
-707
-792
-766
-678
-560
-497
-495
-521
-546
-518
-435
-291
-145
-34
31
50
36
9
25
88
175
236
251
210
113
12
-60
-81
-78
-61
-58
-95
-138
-171
-194
-236
-241
-181
-82
-1
38
71
89
108
150
250
384
479
529
535
519
460
389
369
396
441
440
377
259
99
-44
-125
-146
-145
-158
-204
-275
-357
-416
-420
-369
-289
-210
-138
-79
-38
-14
27
109
214
302
352
375
366
342
329
341
361
337
280
209
127
27
-78
-131
-178
-211
-199
-165
-144
-173
-162
-127
-123
-97
-21
132
247
334
415
453
455
401
388
390
413
446
456
436
314
153
-24
-156
-239
-303
-320
-357
-411
-520
-624
-697
-744
-726
-668
-553
-478
-444
-432
-430
-394
-327
-197
-73
23
82
115
127
115
129
150
182
185
172
146
96
36
-54
-98
-118
-131
-164
-219
-242
-272
-288
-300
-264
-200
-155
-112
-62
11
60
109
166
237
315
372
419
421
400
370
344
322
300
294
267
200
87
-28
-128
-208
-253
-257
-239
-247
-284
-329
-365
-368
-319
-220
-103
-15
38
74
97
132
181
255
337
400
448
445
425
379
350
341
304
286
250
202
102
3
-39
-62
-87
-142
-131
-110
-118
-133
-98
6
35
36
47
112
177
201
292
379
438
402
356
332
271
236
214
245
214
130
23
-99
-189
-288
-329
-360
-374
-399
-456
-491
-537
-539
-536
-495
-416
-351
-291
-270
-227
-190
-135
-60
9
76
101
125
127
126
119
110
119
114
103
62
12
-50
-112
-163
-202
-212
-223
-226
-240
-253
-264
-272
-248
-194
-126
-76
-30
4
29
50
77
129
181
229
248
246
219
167
125
99
107
105
85
43
-24
-107
-182
-214
-215
-195
-176
-149
-148
-172
-194
-195
-143
-67
19
88
135
161
169
203
255
320
363
387
399
372
322
283
289
305
304
302
275
207
94
15
-18
-35
-35
-29
-6
-25
-74
-111
-112
-54
-10
21
37
60
93
105
141
184
231
248
257
256
219
193
178
199
194
159
108
21
-57
-127
-159
-186
-211
-225
-253
-291
-341
-353
-348
-330
-298
-254
-207
-193
-182
-164
-129
-86
-49
-9
18
37
36
34
26
18
11
-2
-17
-39
-55
-90
-129
-166
-190
-205
-231
-242
-253
-259
-272
-270
-251
-234
-207
-183
-149
-132
-127
-113
-82
-45
-13
21
60
94
90
74
61
59
76
88
117
120
96
67
29
5
-17
-11
10
24
14
-13
-43
-66
-55
-12
56
110
141
149
146
147
157
201
263
337
385
391
367
321
309
311
322
337
330
306
240
155
81
22
-16
-47
-72
-107
-177
-251
-283
-281
-265
-255
-226
-185
-172
-162
-134
-64
14
85
164
224
270
297
315
329
331
335
342
360
356
317
252
186
120
55
0
-36
-63
-107
-158
-211
-259
-295
-321
-303
-270
-236
-218
-227
-236
-239
-204
-144
-88
-35
7
32
25
16
22
29
38
50
58
39
-13
-73
-136
-190
-230
-256
-284
-320
-365
-407
-442
-464
-457
-431
-396
-354
-301
-246
-212
-182
-131
-58
22
108
197
261
285
290
301
313
325
336
346
335
301
255
198
143
98
74
67
59
34
-12
-58
-85
-79
-40
8
50
68
77
84
109
158
210
265
311
339
329
305
296
289
274
250
232
193
122
55
-8
-64
-132
-194
-237
-296
-354
-402
-424
-434
-439
-405
-377
-353
-323
-263
-171
-99
-22
48
126
199
261
327
382
444
491
515
519
490
448
401
384
363
323
262
171
77
-29
-102
-166
-209
-237
-265
-293
-349
-384
-404
-391
-355
-304
-232
-190
-165
-153
-129
-84
-41
12
54
86
85
57
27
1
-22
-59
-88
-120
-170
-249
-327
-380
-419
-437
-441
-432
-437
-448
-440
-402
-338
-277
-203
-120
-42
21
71
127
180
248
329
400
453
470
469
449
420
400
388
378
357
326
288
233
161
90
40
9
-5
-10
-13
-28
-53
-74
-83
-71
-40
-1
44
79
102
107
105
119
143
175
191
186
177
156
142
110
86
73
44
16
-29
-70
-117
-160
-177
-193
-194
-200
-217
-239
-264
-263
-257
-234
-176
-106
-56
-38
-24
4
42
92
153
207
256
286
295
294
291
302
317
334
335
299
237
169
114
83
53
20
-32
-107
-189
-265
-320
-352
-359
-349
-350
-356
-377
-397
-403
-388
-338
-283
-234
-208
-199
-190
-184
-171
-141
-96
-57
-41
-42
-50
-67
-79
-78
-66
-52
-44
-39
-56
-86
-108
-113
-104
-86
-59
-36
-24
-12
4
31
63
104
149
206
266
315
352
374
397
413
429
449
460
467
456
435
384
321
270
229
192
148
106
51
-30
-100
-150
-172
-187
-196
-202
-214
-223
-228
-220
-195
-156
-112
-71
-32
-4
16
35
66
102
139
172
195
203
202
201
196
181
165
155
141
122
96
65
23
-31
-68
-99
-128
-147
-160
-165
-179
-190
-203
-221
-230
-215
-166
-112
-59
-26
-18
-24
-30
-1
47
107
157
185
185
143
92
47
32
38
51
47
-11
-94
-186
-261
-308
-329
-322
-326
-347
-377
-416
-447
-461
-441
-399
-344
-291
-251
-227
-204
-164
-113
-57
-1
55
100
133
158
173
183
188
190
190
189
177
151
124
99
73
45
31
22
6
-10
-8
10
21
35
63
90
108
131
178
220
254
282
314
334
332
334
334
331
321
311
300
275
232
175
133
97
60
26
-7
-42
-89
-127
-147
-158
-165
-162
-145
-124
-107
-85
-58
-30
6
54
109
155
181
206
232
248
260
275
291
289
274
257
237
211
178
143
101
53
3
-34
-66
-96
-121
-146
-174
-203
-226
-247
-266
-274
-266
-250
-239
-243
-260
-283
-306
-313
-306
-294
-275
-264
-253
-254
-276
-308
-332
-323
-291
-253
-214
-182
-167
-181
-204
-212
-197
-176
-132
-79
-42
-36
-54
-75
-100
-107
-79
-26
24
50
44
10
-17
-30
-20
16
74
116
119
103
84
62
49
73
117
152
172
170
143
103
77
73
81
96
109
104
82
47
9
-18
-23
-12
5
29
41
30
13
8
13
38
81
122
141
149
161
165
162
181
216
247
268
275
263
243
234
239
249
255
257
241
213
186
167
156
160
168
172
164
148
133
125
126
127
133
142
149
152
151
143
127
113
105
99
86
68
48
25
2
-23
-53
-86
-121
-148
-164
-180
-204
-231
-255
-278
-296
-304
-306
-307
-304
-296
-295
-300
-297
-285
-277
-260
-233
-214
-206
-194
-175
-168
-162
-148
-132
-117
-110
-114
-117
-117
-118
-123
-129
-133
-126
-111
-104
-112
-120
-114
-107
-103
-87
-66
-56
-54
-47
-41
-33
-18
1
12
16
18
21
28
36
40
44
47
43
29
19
13
10
13
22
30
27
19
5
1
8
16
16
29
48
55
57
61
67
69
74
95
120
138
148
165
179
180
179
185
202
215
225
238
254
258
250
241
234
237
246
262
277
278
263
240
224
214
214
222
236
231
206
171
140
120
107
106
111
106
83
50
24
3
-7
-7
3
5
-6
-25
-51
-72
-80
-74
-61
-52
-49
-57
-75
-95
-108
-112
-111
-106
-104
-110
-130
-161
-186
-193
-192
-186
-185
-185
-201
-223
-236
-243
-240
-223
-194
-170
-158
-155
-156
-154
-145
-127
-106
-77
-54
-50
-60
-74
-86
-98
-106
-113
-116
-126
-148
-175
-203
-228
-251
-259
-257
-256
-262
-270
-271
-262
-248
-234
-214
-186
-157
-133
-116
-97
-73
-51
-25
11
44
62
71
77
83
82
80
85
99
113
122
117
100
80
64
63
76
97
118
128
135
133
127
126
143
174
206
234
255
256
246
240
248
264
279
291
296
286
261
232
206
182
162
150
141
128
97
58
27
10
0
-5
-2
2
4
7
9
10
12
22
42
68
93
115
129
134
134
135
137
149
164
176
178
168
150
123
96
78
65
57
52
40
14
-17
-47
-67
-82
-87
-83
-78
-77
-81
-83
-88
-99
-105
-98
-84
-70
-60
-59
-67
-80
-90
-99
-104
-107
-115
-129
-147
-164
-181
-201
-219
-229
-237
-252
-263
-270
-280
-291
-293
-283
-267
-255
-245
-232
-218
-207
-193
-167
-139
-111
-82
-60
-47
-39
-32
-24
-8
13
36
49
56
57
52
47
41
41
45
50
59
68
72
67
59
53
52
54
62
73
85
90
93
91
88
87
90
97
109
117
117
105
89
77
74
74
71
71
67
58
45
32
21
17
19
24
33
38
40
43
49
54
62
68
77
91
108
120
127
131
129
124
125
134
141
148
154
151
142
134
131
125
116
113
111
107
100
89
77
65
48
33
21
10
0
-3
-8
-18
-32
-44
-57
-66
-60
-54
-55
-60
-66
-71
-75
-78
-74
-67
-67
-72
-76
-83
-89
-92
-93
-94
-97
-101
-105
-112
-116
-116
-117
-113
-112
-115
-120
-126
-126
-125
-124
-122
-123
-121
-124
-129
-126
-114
-106
-99
-94
-88
-82
-76
-66
-54
-42
-35
-30
-27
-26
-24
-17
-7
-2
1
1
-1
-1
-2
-5
-10
-12
-7
-4
-4
-3
-3
-7
-11
-5
7
22
32
40
46
50
57
67
80
95
108
117
117
113
110
108
112
118
122
118
110
98
80
64
54
48
42
35
28
19
10
1
-10
-15
-13
-7
2
13
23
25
26
30
35
42
53
65
74
78
75
65
49
39
33
34
36
34
21
-3
-28
-46
-55
-57
-51
-45
-45
-50
-60
-65
-63
-53
-36
-14
4
17
24
26
25
30
40
53
62
68
70
62
49
33
17
1
-7
-8
-9
-16
-30
-54
-86
-111
-125
-126
-119
-110
-104
-109
-119
-129
-137
-133
-114
-87
-61
-43
-32
-32
-39
-44
-39
-28
-11
6
17
18
11
-1
-13
-21
-20
-10
1
11
13
7
-1
-6
-7
2
19
40
59
72
77
77
81
90
110
134
157
168
167
164
156
153
157
165
171
167
158
137
112
87
72
63
57
50
36
12
-19
-46
-70
-80
-82
-79
-80
-88
-99
-112
-121
-123
-113
-94
-76
-65
-63
-65
-70
-72
-68
-56
-42
-30
-27
-36
-52
-67
-77
-74
-64
-53
-48
-53
-66
-79
-89
-89
-77
-57
-38
-25
-20
-20
-23
-23
-14
0
21
43
56
61
58
49
42
38
38
43
46
45
39
25
6
-10
-26
-35
-38
-44
-47
-55
-65
-77
-87
-94
-94
-91
-85
-79
-76
-74
-69
-61
-52
-43
-33
-27
-22
-15
-5
7
19
26
33
37
41
45
51
59
70
78
85
91
96
98
103
109
119
131
143
153
159
163
166
171
177
184
192
199
204
203
198
190
182
179
178
174
166
154
139
119
100
84
71
62
47
32
13
-10
-31
-45
-58
-63
-69
-80
-94
-108
-121
-128
-130
-131
-129
-130
-132
-136
-140
-141
-140
-135
-130
-123
-120
-118
-119
-122
-125
-125
-122
-115
-108
-100
-100
-104
-110
-116
-116
-112
-103
-94
-88
-85
-85
-88
-88
-89
-86
-80
-71
-59
-54
-52
-56
-60
-64
-67
-64
-61
-56
-53
-56
-63
-73
-82
-87
-87
-84
-81
-78
-81
-86
-91
-95
-95
-89
-80
-69
-59
-52
-46
-42
-36
-26
-12
6
26
43
53
61
65
75
87
102
117
131
142
149
151
152
154
156
164
174
181
185
186
179
174
170
171
175
182
189
188
181
172
166
163
165
169
172
172
167
157
144
130
123
118
120
120
112
97
76
56
40
34
34
34
29
18
3
-14
-28
-37
-36
-32
-28
-26
-28
-34
-41
-47
-47
-43
-35
-28
-22
-23
-27
-33
-38
-40
-40
-38
-34
-35
-38
-46
-58
-70
-78
-81
-80
-81
-87
-97
-111
-124
-129
-131
-130
-129
-130
-135
-145
-156
-162
-161
-152
-142
-137
-138
-147
-158
-165
-163
-155
-140
-126
-120
-125
-133
-142
-143
-135
-121
-106
-94
-90
-93
-98
-99
-97
-86
-70
-54
-43
-35
-30
-24
-20
-14
-4
11
26
39
50
58
67
75
84
93
102
108
114
121
126
132
140
146
148
147
144
140
141
142
145
148
148
144
140
132
125
122
122
124
125
126
126
125
122
116
112
112
114
117
121
122
119
114
107
101
97
99
100
103
102
94
84
73
64
59
58
56
55
52
47
39
31
26
25
24
22
21
17
13
8
6
3
2
-1
-7
-12
-18
-23
-29
-33
-38
-47
-59
-70
-82
-93
-102
-107
-111
-118
-126
-137
-145
-153
-158
-160
-162
-160
-162
-165
-168
-170
-169
-165
-160
-155
-152
-152
-152
-150
-144
-141
-135
-129
-127
-124
-123
-122
-121
-120
-119
-118
-116
-117
-118
-121
-121
-121
-119
-115
-107
-99
-92
-87
-80
-72
-60
-49
-37
-22
-9
1
9
18
27
37
47
55
65
71
75
77
81
87
91
93
92
93
92
93
96
99
102
102
100
96
98
103
109
114
119
121
124
125
129
134
141
148
153
155
156
157
156
154
155
156
154
150
143
137
129
120
111
106
101
98
92
85
80
75
70
67
64
64
64
61
58
56
53
49
44
38
33
29
22
14
7
-1
-10
-20
-29
-37
-43
-50
-57
-66
-74
-82
-90
-96
-101
-102
-103
-103
-101
-101
-102
-100
-99
-99
-97
-94
-91
-89
-90
-89
-89
-91
-92
-94
-96
-99
-103
-105
-108
-111
-116
-123
-126
-130
-133
-135
-136
-136
-138
-138
-135
-131
-126
-122
-117
-111
-105
-97
-89
-82
-74
-67
-60
-51
-44
-33
-26
-17
-10
-4
1
7
13
19
24
31
37
41
44
47
52
57
61
64
69
73
76
81
86
92
96
100
100
104
107
110
114
116
122
123
124
127
127
125
125
127
127
128
127
129
128
127
126
124
122
119
118
117
115
112
106
102
98
94
91
87
83
79
75
68
63
58
53
47
42
39
35
29
25
19
14
8
3
-2
-7
-10
-15
-18
-22
-26
-30
-35
-40
-44
-47
-49
-53
-55
-57
-61
-64
-68
-72
-74
-78
-82
-86
-90
-92
-98
-100
-105
-106
-107
-108
-109
-111
-114
-114
-114
-114
-113
-113
-113
-113
-112
-111
-109
-106
-104
-100
-96
-93
-90
-85
-82
-78
-73
-68
-66
-62
-57
-54
-51
-46
-43
-40
-38
-33
-28
-23
-18
-14
-8
-5
0
4
8
12
16
20
23
27
32
37
39
42
45
47
50
53
55
56
59
60
59
60
59
60
60
60
58
57
57
56
57
57
58
59
58
58
59
59
59
60
60
60
60
59
59
58
57
56
56
56
58
59
58
58
55
54
52
50
49
50
47
45
43
40
37
34
32
30
28
25
21
18
14
11
6
2
-2
-7
-11
-16
-20
-24
-28
-33
-37
-41
-46
-48
-51
-56
-58
-60
-64
-68
-70
-73
-75
-77
-79
-80
-82
-81
-81
-81
-80
-80
-80
-78
-74
-70
-67
-64
-62
-59
-56
-53
-48
-44
-39
-34
-30
-26
-23
-19
-13
-10
-6
-2
3
5
6
9
10
10
10
11
11
13
14
13
13
12
14
15
15
15
17
18
19
20
22
25
26
28
30
30
31
31
30
31
32
32
33
31
32
31
30
31
33
32
32
32
33
34
34
36
36
36
40
42
44
46
48
50
52
55
57
57
59
60
60
59
59
57
55
52
49
46
42
39
34
30
27
22
16
11
8
4
-1
-4
-8
-13
-17
-21
-23
-26
-29
-32
-35
-38
-40
-43
-49
-50
-52
-54
-57
-60
-63
-65
-67
-69
-70
-70
-70
-69
-69
-69
-68
-66
-65
-62
-57
-54
-51
-49
-47
-43
-40
-34
-27
-25
-22
-19
-16
-13
-8
-6
-3
2
6
7
9
10
12
13
15
19
22
23
25
25
25
25
28
31
33
36
36
35
34
34
36
37
39
42
43
43
43
42
41
42
45
46
47
48
48
48
47
49
51
53
54
56
58
58
58
58
59
61
63
63
66
64
61
62
59
58
54
52
49
46
42
40
36
33
28
23
17
12
9
4
-1
-7
-10
-15
-20
-23
-28
-33
-40
-46
-50
-54
-58
-61
-65
-70
-73
-77
-81
-83
-87
-90
-91
-94
-96
-96
-98
-98
-96
-96
-96
-95
-93
-90
-89
-87
-87
-86
-84
-82
-80
-78
-75
-73
-74
-72
-68
-67
-66
-62
-59
-59
-55
-53
-51
-48
-45
-44
-42
-39
-35
-33
-30
-28
-25
-21
-16
-13
-10
-7
-4
-1
1
4
8
10
13
16
20
24
24
27
29
33
34
38
41
43
46
49
53
57
61
65
71
78
81
84
87
89
91
94
97
98
100
100
103
103
104
103
103
102
101
103
103
102
100
98
95
92
89
84
81
77
75
72
68
65
62
58
53
48
44
40
38
32
24
19
15
9
2
-4
-10
-14
-19
-24
-28
-31
-37
-43
-46
-50
-55
-58
-62
-64
-66
-67
-69
-70
-72
-71
-71
-71
-72
-70
-70
-69
-69
-69
-68
-67
-69
-69
-69
-68
-69
-69
-69
-68
-67
-69
-70
-70
-68
-65
-64
-64
-64
-61
-59
-58
-58
-56
-55
-53
-50
-49
-47
-45
-42
-40
-38
-35
-33
-32
-29
-26
-24
-19
-16
-14
-12
-8
-5
-2
2
6
9
14
17
21
25
28
33
38
42
46
53
58
61
67
73
77
79
82
85
89
92
94
95
96
98
99
100
101
101
102
100
100
97
96
95
93
93
92
91
90
88
87
85
83
81
77
73
71
66
64
59
57
54
49
45
41
38
35
30
26
22
19
15
11
6
2
-1
-7
-10
-13
-18
-20
-24
-27
-29
-32
-36
-40
-42
-44
-47
-48
-49
-52
-56
-60
-63
-67
-68
-70
-74
-78
-82
-86
-88
-90
-91
-91
-93
-95
-95
-96
-95
-96
-95
-94
-95
-93
-93
-91
-91
-90
-89
-87
-87
-88
-85
-84
-80
-78
-76
-74
-72
-70
-68
-65
-63
-59
-55
-53
-49
-47
-43
-39
-34
-30
-27
-22
-20
-17
-12
-7
-3
0
4
6
10
12
17
20
24
25
26
29
30
32
35
37
40
42
44
47
49
51
52
55
56
58
60
62
64
65
68
70
71
71
73
72
74
75
75
75
75
74
75
76
75
74
75
74
73
73
72
73
72
70
69
67
65
64
60
59
59
56
53
52
49
47
42
39
35
32
28
22
17
12
8
3
0
-5
-10
-14
-17
-23
-26
-31
-37
-42
-46
-50
-53
-55
-57
-58
-62
-63
-64
-67
-69
-71
-73
-74
-74
-75
-75
-76
-77
-76
-77
-75
-72
-72
-73
-70
-70
-67
-67
-65
-62
-59
-57
-54
-52
-49
-47
-46
-44
-40
-38
-36
-34
-32
-28
-25
-23
-21
-19
-18
-17
-15
-13
-11
-7
-4
-2
1
3
4
7
8
11
13
14
19
21
23
27
30
31
34
37
39
41
45
48
52
53
57
59
61
64
65
67
70
72
74
77
77
80
81
82
83
84
85
87
87
87
87
88
88
88
88
87
86
85
81
79
78
75
73
70
66
62
59
54
49
46
42
38
34
29
25
20
16
12
7
3
-1
-7
-10
-15
-20
-24
-29
-33
-37
-41
-46
-51
-55
-59
-63
-67
-70
-73
-76
-80
-81
-83
-83
-85
-86
-88
-89
-88
-87
-86
-85
-85
-82
-83
-82
-80
-78
-77
-75
-73
-71
-68
-68
-66
-66
-63
-60
-59
-58
-56
-53
-50
-50
-49
-46
-44
-42
-40
-36
-34
-31
-28
-25
-23
-20
-17
-14
-13
-10
-8
-5
-3
0
3
5
7
9
11
13
15
18
20
21
24
26
27
29
30
34
37
41
43
46
50
54
57
60
61
63
64
65
67
68
68
69
70
70
69
70
69
67
66
65
65
62
61
57
56
54
52
50
48
46
45
43
42
39
36
34
32
29
26
24
21
17
15
13
10
8
5
2
-3
-5
-7
-10
-13
-15
-17
-18
-22
-24
-27
-29
-32
-32
-34
-35
-38
-41
-42
-42
-43
-45
-44
-43
-45
-46
-46
-46
-48
-50
-50
-49
-51
-52
-55
-57
-58
-56
-56
-57
-57
-58
-58
-57
-57
-56
-56
-55
-53
-51
-50
-48
-48
-47
-45
-43
-40
-39
-39
-36
-34
-32
-29
-25
-25
-24
-22
-18
-15
-12
-10
-6
-3
1
4
7
10
11
14
17
21
25
26
29
30
33
34
35
37
38
41
44
46
48
49
50
50
52
54
57
58
58
59
60
61
62
61
61
62
62
61
60
59
58
55
54
54
52
51
50
49
48
47
46
45
41
40
38
36
35
33
30
27
24
24
23
20
17
16
14
14
12
9
7
5
2
0
-4
-7
-11
-13
-15
-16
-18
-22
-23
-27
-28
-29
-28
-29
-30
-31
-33
-33
-32
-33
-36
-38
-39
-39
-39
-38
-38
-39
-39
-41
-40
-42
-43
-44
-44
-43
-43
-43
-44
-45
-44
-45
-45
-45
-45
-43
-41
-38
-37
-37
-36
-34
-33
-29
-25
-23
-20
-17
-16
-14
-12
-9
-9
-8
-8
-7
-6
-4
-2
-3
-2
-2
1
3
5
8
11
13
16
17
20
21
23
25
26
27
28
30
32
34
37
39
41
42
45
47
47
46
47
47
48
49
48
47
45
43
42
41
41
41
42
40
39
38
38
37
37
37
37
36
35
32
31
30
27
24
22
22
19
15
12
10
8
6
2
2
0
-4
-6
-9
-10
-12
-13
-15
-19
-22
-23
-25
-27
-28
-29
-31
-32
-34
-34
-34
-36
-35
-36
-35
-35
-35
-37
-37
-38
-39
-40
-40
-39
-41
-40
-40
-39
-39
-40
-40
-38
-35
-34
-32
-29
-29
-28
-26
-26
-24
-24
-23
-23
-22
-20
-18
-18
-17
-15
-16
-13
-12
-11
-10
-8
-8
-7
-8
-9
-10
-9
-9
-8
-8
-5
-1
0
2
4
5
5
6
7
7
9
10
10
9
7
8
10
11
13
14
16
18
19
20
21
20
19
18
16
15
16
15
16
16
16
15
15
15
15
16
15
16
14
13
12
10
9
9
8
5
4
3
4
2
2
2
1
0
-1
-2
-1
-2
-2
-3
-2
-2
-4
-3
-3
-3
-3
-4
-4
-3
-2
-5
-5
-5
-6
-5
-4
-5
-4
-4
-4
-6
-5
-5
-4
-4
-4
-4
-3
-2
-3
-1
0
0
1
1
3
4
4
5
7
6
5
6
7
7
5
6
6
6
6
7
8
8
8
7
10
11
10
11
14
14
16
17
19
19
21
22
23
24
24
25
25
26
25
25
25
25
24
25
24
24
24
24
24
24
23
23
23
23
24
25
25
25
23
24
23
23
23
23
22
22
19
19
17
15
15
13
10
9
5
3
2
0
-3
-6
-6
-8
-11
-12
-13
-15
-17
-18
-18
-19
-21
-22
-22
-23
-24
-26
-27
-29
-31
-31
-32
-34
-35
-35
-36
-38
-39
-40
-42
-44
-44
-44
-46
-46
-44
-43
-43
-43
-42
-42
-40
-38
-37
-35
-33
-31
-31
-29
-28
-28
-27
-28
-27
-25
-24
-23
-22
-21
-19
-18
-19
-17
-17
-14
-11
-9
-8
-9
-8
-6
-4
-4
-3
0
1
3
5
6
7
7
10
11
11
12
13
13
15
18
21
22
24
27
26
26
29
30
29
31
32
32
34
34
35
36
37
37
37
39
42
42
44
43
41
41
41
40
40
40
40
40
39
39
38
37
35
33
32
30
29
27
25
23
22
21
19
17
15
14
12
11
10
7
5
2
-1
-3
-6
-7
-10
-12
-13
-14
-14
-17
-19
-20
-22
-23
-25
-27
-26
-30
-31
-32
-31
-31
-32
-31
-31
-31
-32
-33
-34
-34
-35
-35
-35
-35
-34
-34
-35
-36
-35
-36
-35
-34
-35
-35
-35
-36
-37
-36
-36
-36
-36
-36
-37
-37
-35
-34
-34
-34
-33
-31
-31
-32
-32
-29
-28
-27
-25
-24
-23
-22
-20
-18
-17
-16
-15
-15
-13
-12
-11
-10
-7
-3
-1
1
4
6
9
10
11
14
16
18
19
21
22
25
26
27
31
32
33
36
39
39
40
43
44
44
46
49
49
51
52
53
54
55
56
56
56
55
54
54
54
54
54
54
54
53
51
51
49
47
45
44
43
40
39
38
36
36
35
33
32
28
24
22
21
18
16
13
10
8
8
8
7
5
3
3
0
-1
-3
-3
-7
-9
-11
-12
-14
-16
-17
-21
-23
-25
-26
-28
-30
-32
-33
-34
-34
-35
-37
-38
-41
-43
-43
-43
-43
-45
-45
-46
-46
-47
-46
-46
-46
-45
-44
-43
-43
-42
-42
-39
-40
-40
-40
-39
-38
-36
-33
-32
-31
-29
-30
-27
-24
-21
-20
-18
-17
-16
-15
-13
-11
-9
-9
-6
-6
-4
-2
0
1
2
3
6
7
8
9
11
13
12
14
15
16
18
21
21
24
25
25
26
29
31
32
34
34
35
35
35
36
37
36
36
36
36
36
36
36
36
36
37
37
38
38
37
37
35
35
33
33
32
31
29
27
26
26
25
23
20
20
19
18
16
14
13
12
10
9
7
8
5
2
1
-2
-4
-6
-6
-8
-9
-11
-12
-13
-15
-16
-19
-19
-21
-23
-25
-25
-26
-28
-30
-31
-32
-32
-34
-35
-35
-37
-36
-37
-37
-37
-37
-37
-36
-35
-34
-35
-35
-35
-34
-34
-34
-36
-35
-36
-35
-36
-36
-36
-35
-35
-34
-33
-33
-33
-33
-33
-30
-29
-29
-27
-28
-27
-26
-24
-23
-22
-20
-18
-17
-16
-14
-12
-12
-10
-7
-7
-5
-3
0
0
2
4
7
9
12
13
14
17
20
22
24
26
27
29
31
32
33
35
35
37
38
38
37
38
39
39
40
40
39
38
36
36
35
34
32
32
30
28
26
24
23
22
21
19
16
16
15
14
12
12
10
8
6
6
4
3
2
-1
-2
-4
-5
-5
-6
-8
-10
-11
-12
-11
-12
-13
-14
-16
-16
-15
-16
-17
-16
-16
-17
-15
-15
-17
-14
-16
-16
-16
-16
-15
-15
-14
-14
-15
-14
-13
-12
-12
-12
-13
-12
-10
-8
-6
-5
-5
-5
-5
-3
-2
-1
1
3
3
3
4
5
5
7
7
9
12
14
14
15
15
16
16
18
18
20
20
21
22
23
22
24
25
25
23
24
24
24
26
26
27
26
26
26
25
26
25
26
26
25
24
23
23
21
22
22
22
22
21
20
18
17
17
16
16
16
16
15
15
17
16
15
15
12
11
11
11
10
9
9
8
7
5
3
3
2
1
-2
-3
-4
-4
-4
-7
-8
-8
-9
-9
-12
-12
-14
-16
-17
-19
-19
-21
-23
-23
-26
-28
-30
-31
-32
-36
-37
-39
-40
-40
-42
-42
-43
-44
-45
-45
-45
-46
-46
-46
-46
-45
-44
-42
-41
-41
-40
-40
-39
-38
-36
-35
-34
-33
-33
-33
-30
-29
-29
-26
-25
-24
-23
-22
-21
-18
-17
-15
-13
-11
-10
-8
-5
-3
-2
0
2
4
4
5
7
9
11
11
13
13
13
16
16
17
19
18
19
20
21
22
22
22
23
24
24
25
26
28
28
28
29
29
30
31
32
31
31
31
30
31
29
29
29
29
28
26
24
24
22
21
21
20
19
18
19
17
16
16
15
15
14
14
12
10
8
8
6
4
3
2
0
-2
-2
-5
-6
-8
-9
-11
-12
-12
-14
-15
-15
-16
-17
-18
-19
-20
-20
-21
-22
-23
-23
-25
-26
-26
-26
-26
-27
-27
-27
-26
-27
-28
-27
-27
-27
-28
-27
-26
-26
-25
-25
-24
-24
-24
-24
-22
-20
-20
-19
-17
-16
-14
-14
-12
-10
-8
-7
-5
-4
-1
0
2
2
4
6
7
7
10
11
13
13
15
17
19
21
22
24
25
26
28
29
30
33
34
35
36
37
37
37
38
38
36
36
37
36
37
36
34
34
34
34
34
34
34
34
32
32
32
31
30
29
28
28
27
25
24
23
22
21
21
21
20
19
16
15
14
15
15
15
13
12
9
8
7
5
5
3
1
-1
-2
-3
-4
-6
-7
-7
-8
-8
-10
-10
-12
-12
-14
-13
-12
-13
-15
-16
-17
-18
-19
-21
-20
-22
-24
-25
-26
-26
-26
-25
-25
-25
-27
-27
-26
-27
-26
-26
-26
-27
-28
-27
-27
-28
-29
-29
-27
-27
-26
-26
-27
-28
-27
-28
-28
-24
-25
-26
-25
-25
-24
-22
-22
-22
-20
-19
-20
-18
-17
-16
-16
-16
-14
-13
-11
-10
-10
-8
-7
-6
-6
-4
-3
-2
-1
0
1
2
2
3
5
5
6
8
9
11
13
15
14
14
15
15
17
17
18
18
19
18
19
20
20
19
18
18
20
20
20
17
15
16
15
14
13
13
12
12
12
11
11
9
8
7
5
4
4
2
2
2
0
-3
-4
-4
-6
-7
-6
-6
-6
-7
-9
-9
-10
-9
-11
-12
-11
-10
-9
-9
-9
-9
-10
-9
-9
-9
-9
-8
-8
-8
-6
-6
-5
-4
-4
-2
-1
-2
-2
0
0
0
1
1
2
3
4
3
4
4
5
4
5
3
3
3
4
5
5
4
4
3
2
2
3
3
3
4
3
2
2
2
2
1
0
1
1
3
2
1
1
1
1
-1
0
1
2
2
3
2
3
4
5
4
4
5
5
5
6
6
8
9
9
8
8
8
8
9
9
10
10
10
9
10
8
9
8
8
8
6
6
7
5
5
4
3
2
2
0
-2
-2
-3
-4
-5
-6
-7
-7
-8
-8
-9
-9
-10
-11
-11
-10
-10
-9
-9
-6
-7
-7
-8
-6
-5
-5
-4
-4
-4
-3
-3
-2
-2
-2
-1
1
0
0
1
1
1
2
1
2
1
1
1
0
2
2
2
2
1
1
2
2
1
0
-1
0
0
1
0
-1
-1
-1
-1
0
-1
0
-1
-1
-1
-1
1
1
0
2
1
2
3
3
3
4
3
4
4
3
2
3
3
3
4
5
6
6
6
7
5
5
5
6
6
4
4
5
4
4
4
5
6
6
6
7
8
9
9
8
8
8
10
10
11
11
11
14
13
14
15
15
14
13
13
13
12
14
13
14
11
9
9
8
7
7
5
6
5
4
2
1
1
0
-1
-3
-3
-4
-5
-5
-6
-7
-9
-10
-12
-13
-15
-17
-19
-19
-19
-20
-22
-23
-24
-25
-25
-26
-25
-25
-26
-28
-28
-31
-31
-30
-31
-31
-31
-32
-30
-30
-30
-29
-29
-29
-28
-28
-30
-30
-28
-29
-28
-28
-27
-27
-25
-23
-24
-22
-21
-20
-19
-18
-16
-13
-13
-13
-10
-8
-7
-5
-4
-3
-2
-1
0
1
2
5
6
7
9
10
10
11
12
15
15
18
19
20
22
20
21
23
23
25
27
27
29
28
29
30
31
32
32
33
32
31
31
30
29
30
30
30
29
29
28
28
27
27
28
27
27
27
24
24
22
22
21
21
21
20
18
17
15
15
12
12
11
11
9
8
6
4
4
3
4
3
2
1
0
-2
-2
-2
-3
-4
-4
-6
-7
-7
-8
-10
-11
-11
-12
-12
-14
-15
-16
-16
-16
-18
-17
-17
-18
-20
-19
-20
-20
-21
-20
-19
-19
-20
-21
-22
-21
-21
-21
-19
-19
-19
-18
-18
-17
-18
-18
-17
-17
-14
-14
-14
-13
-13
-12
-12
-11
-10
-9
-9
-8
-9
-7
-7
-6
-5
-3
-2
-2
-1
1
1
2
4
4
5
6
6
7
7
9
9
10
11
13
13
13
13
14
14
15
16
16
17
17
18
19
19
20
19
19
20
19
20
20
20
21
22
21
20
20
20
19
18
17
18
16
16
16
14
14
12
11
9
10
9
9
9
9
8
8
6
5
3
3
1
1
1
1
-2
-2
-3
-3
-5
-6
-6
-8
-8
-9
-9
-12
-13
-12
-14
-14
-15
-17
-16
-15
-14
-15
-16
-16
-17
-17
-16
-16
-16
-16
-15
-17
-15
-15
-15
-16
-17
-16
-15
-15
-15
-15
-13
-14
-14
-14
-13
-12
-12
-11
-10
-9
-9
-9
-8
-8
-7
-7
-6
-4
-4
-4
-3
-3
-3
-2
-3
-2
-2
-3
-2
-1
-2
-1
-1
1
1
1
1
2
2
3
3
4
4
4
4
5
7
6
6
7
6
6
7
7
6
6
6
5
5
6
4
5
4
4
3
5
3
5
4
3
4
4
5
4
3
2
3
3
2
2
2
2
3
3
2
2
2
3
2
1
0
1
0
-1
0
0
-1
-1
-1
0
0
-1
0
-1
-1
0
0
0
1
0
1
2
2
2
1
3
2
3
3
3
3
2
3
2
1
1
1
1
1
1
2
1
2
1
0
0
0
2
2
3
3
3
2
2
1
2
2
2
1
0
2
1
1
1
1
0
-1
0
-1
-1
-1
-1
-1
-1
-2
-1
-2
-1
-1
0
1
1
2
2
2
1
1
1
1
1
2
3
2
2
1
1
0
1
1
2
1
2
2
2
2
2
2
2
3
2
3
3
