-3
-3
-4
-3
4
7
8
6
6
5
5
2
0
1
0
-2
3
7
8
6
8
9
9
10
8
6
7
5
3
5
4
6
8
8
7
8
10
8
5
7
8
9
11
10
7
8
11
14
12
7
6
7
8
7
5
2
2
1
-1
-1
0
-3
0
0
2
4
5
7
8
9
9
10
8
4
1
-1
0
2
2
0
2
3
3
3
4
2
1
-1
-1
0
-1
-5
-4
-1
2
1
1
4
6
5
1
-2
-4
-1
-3
-5
-5
-4
-4
-3
-6
-5
-4
-2
-4
-5
-7
-10
-8
-5
-3
-3
-3
-5
-4
-5
-6
-7
-5
-5
-6
-10
-11
-10
-8
-8
-6
-5
-7
-8
-8
-9
-10
-9
-11
-13
-13
-14
-13
-9
-9
-11
-12
-9
-9
-8
-5
-3
1
9
22
34
47
58
61
62
60
53
46
38
28
19
14
11
9
7
8
10
9
8
6
4
5
6
4
5
12
21
25
29
34
37
39
36
31
26
23
20
14
7
4
3
1
-3
-7
-10
-8
-5
-5
-7
-10
-10
-10
-6
0
6
7
6
3
0
-6
-17
-27
-36
-42
-39
-34
-36
-42
-44
-43
-45
-53
-59
-52
-43
-47
-59
-73
-80
-82
-86
-101
-109
-101
-94
-100
-121
-147
-140
-75
5
47
53
71
113
143
119
78
70
87
91
77
46
2
-25
-21
-12
-34
-65
-72
-59
-61
-71
-55
-23
-9
5
41
80
96
106
122
121
102
86
78
51
7
-21
-35
-63
-103
-130
-137
-148
-152
-136
-112
-99
-90
-61
-25
5
37
74
90
85
90
94
94
159
257
257
164
99
91
70
13
-52
-51
42
133
145
105
60
59
123
151
88
44
70
86
76
66
54
51
49
35
20
4
-20
-43
-64
-83
-71
-40
-36
-54
-57
-34
-15
-32
-76
-105
-110
-110
-104
-105
-103
-95
-94
-115
-144
-155
-161
-182
-225
-247
-241
-228
-213
-197
-167
-121
-51
46
135
190
233
307
388
395
294
193
177
170
93
8
-3
22
10
-47
-105
-141
-174
-184
-164
-155
-157
-101
5
68
80
129
217
240
190
161
164
135
69
27
3
-51
-110
-130
-154
-218
-268
-257
-244
-272
-269
-199
-126
-89
-28
60
109
109
115
136
123
83
46
-1
-48
-71
-71
-83
-105
-89
-33
-3
9
105
261
365
382
355
315
259
199
130
76
77
132
189
171
88
14
-10
-27
-66
-86
-84
-76
-52
-1
44
71
90
100
92
68
41
12
-28
-67
-61
-28
-12
-21
-28
-36
-77
-141
-198
-227
-231
-207
-163
-125
-78
-17
35
40
0
-33
-38
-54
-119
-195
-242
-249
-241
-256
-295
-307
-231
-92
61
233
422
545
504
371
286
244
169
85
69
115
160
145
60
-63
-174
-238
-280
-354
-421
-398
-292
-187
-98
17
143
213
211
196
199
187
154
116
82
47
33
34
-7
-92
-176
-244
-318
-403
-455
-452
-402
-327
-234
-133
-27
71
146
192
212
235
241
200
134
84
55
14
-30
-50
-47
-45
8
115
176
146
89
95
154
206
225
256
340
431
426
323
192
99
80
79
33
-29
-62
-57
-47
-55
-56
-35
-21
-29
-31
-3
36
52
52
68
99
104
85
64
23
-31
-86
-127
-158
-187
-200
-200
-201
-192
-151
-117
-130
-170
-160
-94
-37
-7
13
48
59
16
-71
-162
-210
-209
-224
-306
-408
-439
-371
-232
-11
277
497
546
471
386
289
150
43
72
226
353
363
271
138
12
-101
-215
-363
-494
-531
-483
-401
-295
-145
1
85
104
106
118
125
115
100
99
120
167
214
208
144
47
-80
-247
-417
-535
-575
-544
-451
-314
-181
-71
7
53
81
105
126
132
143
174
208
201
157
129
137
133
95
99
137
131
69
4
6
56
111
160
220
331
447
463
355
204
136
157
179
166
153
163
167
140
107
74
25
-43
-86
-78
-28
35
74
79
79
100
118
93
29
-30
-67
-84
-92
-93
-80
-60
-49
-74
-119
-161
-190
-232
-266
-242
-165
-58
22
53
58
16
-83
-187
-236
-252
-274
-311
-363
-419
-463
-453
-351
-127
196
456
514
407
287
188
46
-91
-56
202
496
607
495
268
41
-167
-376
-567
-699
-727
-649
-515
-360
-197
-62
-12
-64
-130
-136
-79
-11
59
159
291
416
488
479
380
190
-65
-330
-539
-645
-655
-588
-470
-332
-197
-107
-101
-154
-195
-177
-108
2
161
340
467
505
470
412
349
258
141
41
9
104
284
412
426
343
232
106
-33
-115
-95
24
196
353
465
498
460
395
307
203
101
39
38
67
104
145
157
115
42
-23
-66
-98
-111
-80
-22
40
85
107
110
89
45
-18
-83
-119
-113
-94
-80
-68
-54
-48
-76
-151
-238
-311
-326
-262
-178
-109
-65
-43
-52
-129
-209
-272
-326
-369
-407
-421
-435
-382
-186
121
417
523
422
208
-16
-217
-354
-275
50
475
761
775
564
235
-90
-375
-581
-677
-652
-542
-405
-251
-104
-22
-79
-260
-444
-522
-471
-335
-121
149
420
619
691
656
519
306
34
-234
-396
-423
-366
-291
-219
-166
-165
-255
-416
-589
-688
-643
-461
-187
106
357
520
558
487
364
260
214
224
282
387
547
709
784
714
509
245
-16
-229
-338
-297
-101
174
431
588
593
475
289
110
4
1
112
283
447
560
584
501
299
42
-158
-262
-275
-212
-87
57
154
177
136
33
-95
-214
-276
-253
-167
-49
55
93
92
42
-66
-191
-311
-356
-350
-319
-220
-105
15
67
-2
-118
-256
-350
-404
-436
-387
-322
-295
-358
-486
-525
-355
12
296
316
185
83
19
-107
-166
37
472
868
977
804
439
16
-333
-533
-565
-499
-402
-316
-280
-296
-357
-502
-707
-878
-911
-759
-492
-162
187
466
609
603
504
390
275
184
122
83
75
73
39
-65
-244
-453
-663
-848
-955
-933
-777
-533
-263
-26
139
227
255
227
185
212
353
569
784
1003
1143
1100
887
564
294
100
-35
-33
66
249
432
462
362
160
-47
-165
-180
-37
193
407
575
635
610
510
349
207
101
74
145
257
365
387
291
128
-57
-210
-283
-295
-252
-162
-72
-25
-39
-91
-151
-239
-330
-389
-392
-298
-134
38
125
83
5
-64
-177
-289
-366
-323
-172
-72
-25
-84
-267
-510
-778
-908
-809
-453
35
314
306
137
-14
-156
-310
-271
53
510
844
944
835
547
143
-247
-454
-422
-286
-176
-144
-184
-299
-510
-777
-1007
-1119
-1070
-905
-652
-345
-71
91
109
83
81
122
225
372
529
625
628
557
407
196
-46
-281
-460
-572
-624
-608
-544
-479
-447
-479
-525
-540
-498
-410
-260
-6
319
696
995
1154
1141
968
782
653
632
738
878
1020
1084
983
735
349
-31
-260
-307
-195
-51
71
128
65
-76
-221
-277
-198
-31
193
426
581
625
556
427
305
215
196
265
382
462
441
284
67
-154
-353
-473
-514
-503
-444
-395
-375
-376
-424
-439
-438
-426
-379
-288
-147
-21
55
109
137
140
120
55
-51
-204
-335
-346
-158
149
302
168
-87
-278
-412
-547
-580
-349
80
456
603
479
159
-190
-360
-282
-55
204
373
421
318
73
-225
-514
-734
-805
-686
-446
-256
-227
-337
-528
-746
-912
-919
-728
-397
-26
285
447
419
238
20
-118
-132
-24
141
277
333
250
65
-121
-269
-373
-413
-372
-235
-103
-86
-122
-163
-170
-141
-69
80
263
414
521
612
690
733
725
686
665
674
691
727
762
758
693
561
374
171
8
-80
-83
-31
42
81
52
-33
-130
-185
-200
-181
-113
9
152
255
292
274
219
158
146
193
266
318
325
287
205
74
-58
-158
-183
-127
-65
-77
-176
-281
-350
-397
-457
-486
-424
-312
-205
-151
-153
-215
-322
-415
-412
-238
10
174
176
92
15
-87
-197
-207
-64
135
273
325
272
101
-101
-205
-148
-4
143
228
213
99
-83
-242
-341
-418
-457
-398
-267
-183
-233
-403
-602
-785
-907
-877
-717
-507
-330
-224
-168
-182
-256
-319
-282
-135
34
177
279
317
269
173
109
91
105
154
246
323
304
183
26
-99
-200
-218
-109
67
207
246
232
210
185
169
218
332
477
618
721
763
706
574
444
379
377
416
467
490
442
311
165
40
-63
-121
-116
-61
-32
-44
-56
-41
-41
-88
-113
-87
-25
21
63
131
180
194
171
148
145
152
161
158
158
194
214
180
129
96
78
64
56
21
-16
-12
32
69
64
50
-1
-96
-180
-234
-242
-223
-196
-176
-160
-173
-257
-372
-460
-489
-470
-407
-318
-253
-235
-276
-353
-420
-426
-381
-324
-240
-136
-62
-64
-116
-149
-151
-149
-166
-186
-187
-188
-194
-198
-229
-274
-305
-314
-289
-250
-204
-162
-151
-153
-120
-60
0
28
34
48
71
110
147
168
191
205
207
190
151
105
55
9
-11
-6
7
23
14
-19
-59
-76
-41
43
140
213
255
268
263
270
302
348
391
406
412
428
433
414
366
306
251
205
187
216
265
287
271
232
194
172
163
173
190
193
201
232
255
254
238
220
199
171
159
176
199
209
182
118
45
-13
-46
-62
-58
-40
-29
-24
-20
-22
-50
-102
-145
-162
-170
-161
-123
-82
-71
-91
-130
-174
-230
-298
-345
-367
-364
-345
-334
-321
-310
-321
-349
-396
-448
-490
-519
-516
-465
-381
-294
-242
-240
-247
-235
-216
-190
-161
-138
-129
-140
-152
-152
-157
-170
-176
-166
-140
-109
-90
-96
-123
-156
-167
-146
-111
-66
-16
11
7
-24
-51
-46
-13
39
103
163
207
231
212
168
110
52
19
18
52
111
157
176
159
107
40
-10
-21
11
64
125
203
282
338
353
334
299
271
260
267
286
309
326
330
329
329
336
329
306
281
268
275
302
326
327
311
295
295
299
305
328
359
362
323
287
263
242
213
181
145
107
81
67
66
29
-23
27
38
-56
-85
-64
-98
-144
-147
-157
-173
-155
-161
-186
-174
-188
-244
-262
-271
-312
-337
-344
-363
-359
-330
-306
-309
-329
-355
-388
-425
-421
-417
-373
-348
-382
-301
-262
-255
-214
-206
-230
-211
-181
-199
-213
-204
-199
-188
-148
-131
-122
-111
-122
-132
-110
-89
-66
-52
-34
-5
16
13
-19
-77
-118
-106
-77
-9
63
78
81
53
12
2
-3
-8
-3
18
36
50
49
27
-8
-50
-59
-30
-5
45
99
124
160
180
196
228
244
261
283
292
300
301
299
291
281
285
294
300
294
274
254
239
235
260
298
321
326
320
307
279
270
303
341
364
368
347
326
314
295
265
245
218
182
140
100
88
103
110
92
72
55
28
-16
-80
-144
-178
-191
-179
-143
-116
-98
-120
-160
-212
-263
-281
-297
-312
-302
-261
-215
-189
-206
-246
-288
-333
-373
-396
-384
-351
-317
-298
-290
-282
-289
-307
-327
-314
-288
-274
-268
-277
-270
-263
-258
-241
-215
-190
-181
-174
-161
-128
-84
-41
-22
-33
-50
-72
-78
-85
-100
-94
-79
-72
-53
-19
-1
6
1
-10
-17
-17
-17
-26
-24
-17
-27
-37
-35
-28
-26
-22
-22
-7
34
70
114
147
153
162
187
218
251
280
290
292
299
320
342
357
364
354
334
325
309
300
303
304
286
274
287
277
255
239
226
227
251
289
320
353
338
307
307
304
288
260
224
177
148
136
141
162
188
184
148
102
33
-29
-74
-88
-83
-76
-58
-54
-52
-74
-115
-157
-211
-232
-249
-252
-230
-214
-207
-222
-230
-237
-274
-304
-340
-379
-385
-377
-359
-330
-300
-284
-291
-301
-318
-341
-353
-349
-316
-283
-258
-239
-236
-239
-241
-242
-233
-215
-187
-147
-103
-66
-55
-52
-63
-96
-125
-124
-86
-36
-4
14
34
44
48
52
60
66
65
60
48
12
-25
-31
-33
-43
-45
-38
-32
-45
-86
-101
-108
-99
-51
-2
70
109
109
87
91
112
112
147
188
224
258
267
258
250
240
231
246
256
265
288
301
314
310
345
332
298
302
314
330
345
350
398
426
408
438
406
395
356
326
266
267
291
264
266
278
262
186
166
104
70
12
34
40
2
-1
-65
-64
-64
-104
-113
-142
-108
-122
-183
-184
-221
-220
-258
-245
-202
-233
-253
-280
-309
-353
-400
-382
-382
-378
-316
-321
-342
-353
-377
-390
-440
-436
-401
-380
-337
-322
-326
-325
-331
-346
-361
-334
-295
-239
-162
-121
-107
-111
-119
-115
-131
-134
-108
-79
-25
29
68
93
90
82
80
87
93
98
98
86
76
62
54
51
37
4
-33
-78
-111
-125
-123
-110
-108
-101
-79
-66
-58
-48
-41
-34
-23
37
79
136
177
181
173
156
176
194
257
292
291
309
334
314
307
319
305
333
347
380
408
415
421
433
469
479
486
463
465
471
425
397
403
382
367
365
356
367
310
292
275
207
251
201
138
106
36
18
-42
-17
-43
-104
-86
-106
-174
-239
-258
-268
-249
-228
-293
-224
-209
-324
-354
-378
-336
-359
-317
-296
-311
-257
-306
-359
-350
-349
-383
-403
-320
-305
-335
-275
-313
-330
-329
-383
-406
-413
-402
-359
-303
-251
-210
-183
-184
-231
-243
-244
-237
-192
-113
-61
-50
-31
-33
-35
-25
-37
-22
23
56
67
49
40
29
-4
15
31
31
31
-12
-39
-75
-111
-144
-168
-166
-150
-112
-103
-125
-140
-139
-130
-120
-90
-32
0
9
38
65
73
81
93
138
205
235
263
274
280
261
338
441
473
517
506
508
518
541
558
606
665
707
745
716
643
547
482
519
545
553
559
516
445
366
308
256
274
247
244
248
156
176
58
-33
20
27
86
10
-25
-27
-102
-142
-199
-206
-215
-241
-197
-255
-285
-350
-447
-429
-442
-334
-352
-411
-349
-417
-416
-393
-420
-398
-399
-337
-314
-322
-308
-393
-466
-471
-439
-379
-312
-246
-275
-300
-328
-405
-398
-369
-335
-238
-164
-114
-132
-226
-255
-249
-197
-100
-5
87
134
85
23
-12
-56
-60
15
113
166
169
107
19
-79
-139
-127
-116
-95
-76
-86
-119
-213
-288
-310
-303
-236
-143
-77
-74
-117
-172
-194
-175
-120
-35
62
131
164
174
137
88
82
120
216
337
422
454
425
371
334
337
433
559
642
687
675
649
620
558
560
623
691
745
755
701
568
448
400
451
512
532
505
408
295
192
104
51
90
167
220
212
130
10
-127
-175
-125
-51
6
18
-32
-134
-219
-279
-296
-304
-289
-202
-166
-225
-297
-390
-450
-445
-376
-285
-273
-303
-346
-400
-438
-441
-457
-445
-409
-390
-406
-461
-472
-456
-371
-293
-229
-244
-352
-394
-416
-364
-280
-169
-45
-3
-44
-152
-249
-260
-162
14
200
291
225
78
-63
-178
-207
-114
7
116
150
71
-53
-249
-409
-450
-390
-250
-130
-93
-133
-247
-376
-446
-439
-342
-196
-61
2
-14
-79
-156
-193
-156
-28
154
286
338
300
205
136
97
141
263
386
464
493
448
350
265
255
354
502
628
690
658
551
459
396
425
518
624
739
755
673
518
381
318
368
499
618
668
562
385
196
70
66
137
234
308
288
176
21
-140
-223
-218
-140
-26
37
9
-98
-248
-357
-377
-351
-285
-198
-145
-165
-237
-331
-397
-407
-373
-285
-214
-190
-232
-307
-392
-444
-452
-466
-421
-346
-205
-109
-129
-255
-397
-418
-351
-255
-140
29
153
157
19
-145
-270
-309
-162
97
327
346
178
-59
-277
-400
-410
-279
-106
-8
-44
-197
-419
-630
-738
-699
-527
-338
-243
-293
-420
-557
-643
-634
-516
-317
-135
-27
-13
-84
-182
-251
-233
-100
98
291
385
343
227
125
68
83
159
281
388
429
399
300
188
107
119
226
415
567
616
573
472
414
407
468
586
737
850
885
842
724
612
559
616
732
820
842
754
583
405
303
269
293
335
336
291
178
40
-92
-184
-176
-104
-49
-24
-45
-129
-232
-295
-280
-223
-167
-133
-111
-127
-167
-207
-278
-305
-298
-260
-245
-273
-335
-418
-513
-589
-554
-461
-265
-130
-157
-309
-464
-516
-495
-412
-197
139
392
411
219
-44
-277
-322
-124
232
512
520
307
-22
-326
-525
-557
-397
-171
-22
-64
-295
-615
-886
-975
-844
-561
-306
-223
-308
-490
-670
-759
-723
-545
-289
-55
58
18
-133
-314
-415
-374
-193
59
258
307
213
43
-108
-186
-171
-49
115
246
290
214
80
-53
-139
-99
69
272
451
516
482
404
320
317
424
603
787
913
934
873
751
633
590
641
758
874
914
825
641
427
274
219
252
334
382
335
209
56
-79
-134
-117
-31
66
117
118
64
-15
-58
-45
17
90
137
151
128
69
-9
-81
-101
-75
-74
-130
-226
-350
-480
-526
-508
-352
-197
-152
-228
-423
-524
-520
-456
-290
-15
290
412
281
46
-167
-237
-126
186
525
650
513
157
-203
-453
-543
-429
-215
-44
-41
-232
-550
-869
-1063
-1051
-835
-566
-377
-359
-503
-697
-848
-860
-720
-481
-211
-38
-24
-130
-270
-372
-372
-251
-68
130
203
125
-22
-195
-295
-294
-206
-72
54
100
51
-44
-147
-200
-188
-67
155
350
435
412
328
272
264
330
490
688
843
877
822
687
551
480
509
629
730
750
661
486
294
138
73
108
185
251
266
183
41
-87
-148
-104
9
139
246
274
228
151
108
120
160
228
295
321
281
236
165
83
4
-36
-48
-92
-187
-271
-284
-255
-126
-11
-20
-171
-336
-356
-301
-209
-27
223
455
505
354
128
-75
-114
59
384
649
676
473
123
-185
-372
-399
-272
-100
5
-82
-320
-614
-870
-968
-869
-620
-383
-288
-349
-514
-679
-780
-738
-557
-316
-109
-8
-23
-146
-306
-404
-400
-285
-114
34
78
-12
-183
-363
-475
-501
-444
-315
-184
-116
-157
-285
-408
-464
-392
-225
-21
162
255
252
179
127
171
298
462
620
719
719
643
539
461
420
430
465
496
489
402
279
141
31
-16
-17
2
2
-19
-50
-84
-95
-80
-41
34
117
198
261
287
313
339
374
414
461
480
476
451
410
349
260
202
174
118
31
-92
-232
-263
-246
-123
27
76
16
-164
-274
-271
-180
28
326
650
789
647
374
99
-5
128
469
834
945
772
364
-86
-408
-517
-374
-129
51
29
-223
-600
-967
-1169
-1107
-828
-504
-287
-292
-487
-717
-844
-793
-593
-312
-37
114
95
-38
-205
-333
-363
-275
-114
49
97
1
-182
-399
-547
-596
-569
-472
-357
-281
-292
-414
-544
-643
-609
-401
-119
140
245
234
144
51
44
164
396
650
836
860
702
456
252
173
258
429
577
568
368
80
-206
-377
-402
-308
-158
-55
-49
-133
-266
-377
-377
-243
-21
194
335
376
325
255
230
293
392
490
554
569
520
403
267
158
94
83
74
25
-84
-169
-177
-140
-33
70
124
38
-75
-70
22
171
369
666
911
952
813
582
422
399
548
821
1021
1039
802
415
49
-193
-247
-169
-12
88
-10
-284
-632
-876
-951
-836
-592
-358
-241
-295
-452
-617
-676
-581
-371
-122
81
174
115
-44
-220
-321
-302
-212
-86
-7
-45
-187
-396
-584
-709
-746
-696
-595
-493
-453
-494
-602
-706
-735
-649
-450
-144
146
284
251
119
46
77
205
410
639
826
851
691
398
104
-54
-34
152
346
391
216
-108
-448
-670
-711
-585
-367
-192
-133
-207
-366
-506
-511
-347
-68
218
410
467
406
284
209
224
332
495
614
617
500
316
120
-24
-93
-79
-30
-49
-139
-297
-421
-451
-386
-213
-26
122
117
35
22
79
229
455
791
1110
1198
1075
818
618
570
688
964
1165
1171
919
510
107
-188
-274
-204
-52
44
-21
-250
-572
-816
-901
-788
-537
-273
-99
-82
-180
-305
-348
-271
-109
111
294
385
354
223
61
-77
-123
-107
-51
-29
-83
-226
-445
-638
-784
-846
-849
-780
-660
-577
-581
-673
-762
-758
-613
-365
-49
206
306
269
162
147
228
389
602
783
860
739
486
199
-4
-34
65
230
279
127
-184
-542
-779
-839
-717
-500
-321
-258
-324
-466
-580
-582
-429
-151
127
324
381
303
183
112
156
283
425
506
491
352
149
-33
-168
-242
-243
-204
-214
-309
-476
-604
-632
-588
-429
-191
31
133
70
6
40
172
399
709
1054
1246
1199
977
736
611
634
823
1061
1180
1050
704
301
-47
-227
-228
-86
76
116
-19
-278
-542
-671
-607
-398
-120
118
223
192
88
9
21
106
277
484
633
654
540
344
135
-14
-85
-63
-18
-12
-79
-255
-493
-724
-882
-931
-875
-741
-593
-519
-557
-647
-687
-616
-421
-142
146
345
404
347
269
249
320
463
621
730
707
517
225
-48
-199
-218
-142
-71
-106
-274
-531
-778
-924
-931
-805
-611
-459
-386
-390
-436
-456
-398
-230
-1
207
337
372
320
243
203
207
242
283
274
188
41
-128
-276
-407
-488
-523
-556
-618
-707
-763
-752
-691
-588
-389
-160
-42
-77
-117
-11
198
423
677
965
1147
1101
915
730
632
644
767
944
1018
878
539
145
-158
-309
-300
-192
-78
-45
-154
-352
-542
-602
-509
-310
-49
205
359
372
317
287
332
437
578
736
851
870
770
598
411
245
142
99
91
67
-12
-181
-415
-620
-746
-785
-737
-624
-487
-412
-420
-469
-488
-447
-277
86
434
629
610
493
414
352
395
553
773
934
885
620
203
-164
-366
-334
-135
31
20
-255
-639
-972
-1137
-1077
-834
-509
-279
-232
-343
-485
-553
-464
-219
96
391
516
467
300
136
87
130
219
301
320
211
-11
-263
-447
-553
-618
-622
-595
-601
-710
-872
-984
-969
-830
-660
-439
-194
-8
10
-88
-84
64
276
528
826
1074
1091
872
585
404
365
457
631
757
709
440
63
-285
-496
-506
-379
-212
-108
-134
-280
-476
-584
-518
-292
-4
280
468
507
465
409
425
524
672
831
932
940
836
651
448
293
207
157
125
64
-29
-171
-358
-530
-647
-677
-633
-545
-430
-331
-261
-228
-181
-85
53
209
351
467
556
628
680
700
702
668
588
485
372
263
158
63
-20
-119
-252
-410
-571
-693
-736
-714
-656
-597
-557
-549
-542
-504
-409
-249
-76
78
184
232
248
240
247
278
312
351
375
330
215
53
-130
-289
-395
-416
-420
-462
-539
-646
-791
-947
-1017
-990
-881
-719
-532
-375
-294
-199
-138
-138
-131
-9
250
465
619
717
728
619
428
300
252
283
349
404
370
173
-90
-365
-546
-602
-529
-393
-316
-296
-368
-437
-592
-745
-439
58
406
396
182
387
602
635
660
563
520
566
695
807
738
540
398
270
175
137
32
-72
-131
-212
-302
-351
-411
-462
-440
-337
-195
-64
24
81
89
110
203
327
532
759
874
898
824
750
731
683
613
567
501
350
184
-26
-160
-227
-302
-301
-309
-380
-466
-550
-608
-586
-497
-390
-297
-196
-106
-62
-13
80
190
296
363
363
358
358
338
283
216
145
82
28
-58
-165
-276
-382
-465
-549
-643
-738
-799
-847
-853
-829
-820
-781
-676
-511
-416
-319
-165
-23
-15
-87
-8
168
289
438
599
662
625
454
281
171
82
76
125
129
122
21
-229
-468
-573
-581
-552
-451
-291
-222
-272
-327
-325
-279
-183
5
230
415
486
471
465
440
384
406
549
653
626
538
387
219
64
-48
-72
-60
-83
-100
-116
-245
-433
-507
-459
-383
-273
-101
2
0
15
28
96
294
523
630
662
734
749
658
553
518
560
638
663
575
416
236
60
-29
-40
-73
-119
-164
-206
-289
-367
-389
-382
-333
-221
-48
44
1
-80
-79
56
177
257
350
393
416
397
371
310
199
135
73
18
-22
-96
-164
-262
-415
-524
-531
-506
-534
-595
-656
-725
-768
-703
-666
-715
-690
-516
-342
-255
-157
-85
-106
-181
-159
-47
2
176
410
470
369
201
68
-24
-68
-38
86
175
103
-95
-300
-428
-529
-550
-464
-319
-207
-223
-295
-436
-473
-321
-189
-89
35
148
190
174
198
272
275
291
374
388
361
302
239
167
61
18
5
-9
-56
-92
-71
-119
-221
-245
-172
-113
-65
4
61
114
78
83
181
265
343
400
524
597
637
655
617
647
594
561
621
591
466
433
434
408
321
176
70
-84
-141
-79
-8
29
-45
-108
-120
-150
-137
-92
9
128
208
273
281
202
112
123
223
298
331
324
208
90
-16
-95
-130
-133
-126
-129
-192
-325
-414
-541
-636
-631
-598
-587
-551
-492
-557
-734
-781
-715
-580
-407
-262
-153
-136
-144
-205
-217
-101
99
291
430
524
405
180
66
36
84
119
204
260
152
-30
-256
-438
-518
-478
-393
-299
-284
-343
-481
-636
-620
-541
-399
-214
-39
74
43
-55
-129
-68
77
176
325
444
386
284
127
33
59
55
34
35
27
4
-104
-225
-289
-364
-334
-222
-129
-62
-39
-73
-99
-67
57
221
315
427
582
728
796
724
716
805
785
799
900
931
840
706
589
490
359
262
313
298
250
187
61
-83
-212
-211
-123
-35
84
196
140
46
22
44
151
290
410
456
458
442
347
225
172
202
197
189
205
53
-175
-291
-355
-434
-452
-424
-467
-569
-631
-712
-796
-793
-772
-745
-703
-697
-690
-646
-560
-427
-327
-188
-39
-25
-68
-74
22
162
230
272
338
331
203
78
20
-5
-34
-15
10
-113
-283
-394
-475
-569
-563
-550
-593
-510
-432
-478
-586
-583
-488
-404
-270
-140
-16
80
53
-38
-57
34
126
235
334
348
261
101
12
-69
-124
-97
-60
-1
19
-37
-138
-291
-398
-383
-269
-114
-11
77
98
26
22
125
278
470
675
811
851
824
760
713
699
747
832
946
992
880
705
511
330
236
261
348
323
232
139
-25
-160
-208
-174
-90
54
190
179
108
48
-4
6
123
295
427
487
451
382
253
173
196
216
245
219
93
-27
-116
-267
-369
-388
-346
-326
-382
-443
-490
-538
-588
-598
-550
-434
-371
-403
-445
-480
-435
-290
-172
-142
-97
-46
-65
-86
-103
-105
-36
57
118
90
27
-11
-71
-122
-113
-100
-92
-171
-265
-244
-296
-412
-483
-450
-421
-476
-541
-561
-575
-607
-591
-517
-422
-375
-339
-302
-278
-246
-163
-68
-47
-12
49
99
118
97
66
63
94
128
155
128
106
79
22
-21
-69
-63
-1
46
86
116
123
132
163
190
242
332
427
549
626
629
608
612
670
749
808
848
885
859
789
697
598
518
495
501
451
398
327
230
101
-37
-39
38
74
59
13
-34
-81
-130
-122
-38
74
173
216
207
159
122
112
140
220
241
216
197
138
62
-23
-99
-101
-53
-66
-119
-168
-240
-314
-376
-378
-380
-378
-333
-332
-371
-424
-431
-466
-520
-500
-518
-527
-482
-425
-344
-303
-314
-314
-318
-319
-266
-217
-192
-102
-12
-28
-70
-88
-101
-144
-185
-136
-88
-146
-227
-320
-394
-413
-421
-421
-469
-498
-489
-514
-526
-497
-464
-441
-387
-309
-238
-192
-127
-32
1
41
91
95
154
207
232
259
254
224
212
203
213
228
221
205
153
100
68
50
18
19
76
111
123
152
194
185
218
330
409
479
602
726
733
708
703
689
701
769
836
856
833
722
592
482
389
346
376
421
400
334
169
-22
-124
-118
-27
78
163
159
123
75
9
-16
86
275
378
412
391
307
202
171
206
245
293
320
321
193
-4
-112
-161
-167
-150
-127
-141
-212
-322
-442
-550
-638
-610
-540
-516
-511
-543
-617
-713
-722
-675
-647
-600
-556
-539
-567
-608
-625
-601
-510
-451
-417
-380
-377
-399
-420
-362
-310
-270
-197
-183
-212
-238
-267
-274
-243
-192
-153
-134
-141
-188
-266
-295
-235
-197
-197
-182
-156
-124
-109
-118
-134
-108
-38
10
51
117
189
219
205
226
256
250
256
307
337
310
267
246
227
185
194
220
216
179
123
125
122
108
124
143
192
228
237
259
295
308
322
394
494
536
558
572
559
555
559
579
574
615
655
610
537
457
399
360
376
396
400
374
308
222
125
79
74
100
145
158
136
109
79
41
43
73
133
194
224
236
201
153
106
91
95
82
86
65
10
-73
-186
-289
-348
-351
-346
-361
-385
-433
-525
-604
-644
-667
-681
-661
-634
-625
-631
-635
-636
-644
-605
-551
-542
-530
-528
-560
-566
-526
-489
-451
-443
-464
-467
-455
-424
-395
-392
-402
-370
-331
-315
-281
-236
-177
-162
-164
-153
-143
-116
-60
29
90
137
139
107
75
48
79
125
174
188
163
133
69
10
31
61
71
143
195
186
159
109
95
134
199
250
297
335
329
326
349
367
341
350
371
369
409
434
414
382
381
377
336
336
359
378
372
346
360
391
391
367
383
434
487
506
502
509
497
498
526
520
479
443
452
446
399
360
330
289
243
192
122
65
23
-4
-31
-62
-94
-133
-164
-192
-208
-210
-193
-187
-180
-153
-138
-140
-143
-136
-150
-164
-156
-156
-157
-177
-201
-207
-236
-289
-312
-361
-412
-423
-431
-434
-458
-475
-497
-549
-578
-563
-533
-511
-497
-466
-443
-433
-410
-404
-384
-327
-285
-277
-256
-240
-254
-245
-218
-209
-230
-261
-273
-277
-258
-247
-255
-237
-248
-295
-326
-331
-313
-254
-173
-130
-127
-115
-110
-129
-100
7
121
181
227
251
226
204
220
277
316
346
394
394
349
295
267
272
282
287
295
293
266
255
237
204
199
205
231
258
281
306
309
324
338
350
379
427
467
463
490
523
508
479
475
481
478
462
441
426
399
353
305
262
220
178
167
162
117
69
45
20
-21
-31
-8
0
-8
-23
-24
-17
-19
-2
29
55
65
46
20
10
-2
-20
-37
-44
-60
-112
-163
-210
-238
-251
-288
-321
-363
-401
-411
-436
-466
-454
-442
-458
-472
-491
-476
-434
-409
-385
-352
-321
-309
-322
-335
-310
-269
-238
-213
-201
-219
-248
-277
-293
-269
-252
-242
-242
-262
-305
-349
-344
-316
-304
-268
-242
-250
-249
-256
-256
-245
-231
-179
-101
-46
-16
1
8
16
27
62
117
160
190
201
202
185
145
138
165
209
245
244
238
212
167
157
178
205
229
237
238
242
258
274
285
305
317
345
380
410
423
401
385
392
403
412
428
432
420
400
359
322
293
274
287
285
256
225
206
181
140
112
121
146
132
103
88
74
74
90
94
81
79
75
76
67
59
70
81
70
36
18
17
1
-20
-26
-35
-50
-76
-111
-116
-114
-142
-163
-168
-193
-225
-230
-234
-241
-246
-237
-246
-278
-290
-295
-302
-319
-315
-297
-283
-288
-307
-305
-322
-335
-323
-297
-295
-296
-277
-275
-264
-269
-272
-266
-260
-244
-240
-223
-199
-190
-190
-195
-197
-197
-201
-196
-168
-145
-137
-138
-142
-146
-138
-118
-103
-75
-40
-22
-16
-5
5
28
72
93
114
161
199
190
175
200
224
223
228
259
285
279
263
260
254
250
250
249
251
258
259
264
276
269
256
258
257
275
305
316
318
321
336
340
312
288
294
316
330
314
288
262
232
183
135
126
124
117
86
48
20
-21
-55
-75
-86
-82
-73
-61
-61
-79
-99
-114
-112
-80
-55
-55
-59
-49
-46
-73
-101
-102
-92
-86
-81
-95
-110
-134
-174
-204
-207
-203
-208
-203
-192
-205
-230
-240
-259
-274
-250
-212
-178
-159
-150
-159
-166
-166
-160
-135
-106
-76
-54
-55
-72
-84
-103
-110
-85
-61
-48
-55
-93
-131
-148
-165
-159
-136
-139
-155
-175
-186
-196
-209
-205
-192
-187
-177
-158
-147
-139
-129
-112
-82
-56
-45
-32
-9
23
59
82
100
106
113
119
119
128
154
188
204
209
203
182
169
178
206
243
259
255
251
239
235
258
291
323
343
350
348
332
322
341
365
383
387
364
340
321
310
302
300
292
273
227
172
138
109
77
53
43
14
-29
-72
-107
-126
-146
-155
-150
-152
-176
-197
-195
-182
-182
-188
-184
-171
-160
-154
-155
-151
-149
-164
-180
-182
-178
-180
-191
-203
-210
-229
-259
-270
-265
-263
-268
-266
-259
-252
-256
-256
-241
-221
-200
-164
-130
-108
-84
-71
-63
-56
-42
-20
-6
10
25
34
23
-4
-28
-43
-59
-75
-62
-55
-74
-95
-123
-145
-163
-169
-153
-139
-134
-129
-122
-111
-98
-86
-71
-50
-20
8
25
40
62
77
74
88
123
136
127
123
127
130
129
129
135
154
164
156
152
151
149
157
179
204
225
240
258
258
251
267
298
323
349
375
387
379
366
362
363
372
391
401
392
371
330
288
269
267
255
238
225
204
159
101
67
53
41
28
22
8
-33
-75
-99
-115
-121
-116
-108
-116
-148
-173
-180
-192
-209
-214
-206
-201
-211
-232
-249
-258
-268
-272
-269
-262
-266
-280
-297
-308
-309
-309
-308
-301
-288
-279
-286
-297
-290
-276
-263
-239
-219
-212
-213
-210
-204
-197
-189
-166
-143
-136
-139
-144
-155
-151
-136
-123
-111
-103
-101
-104
-104
-112
-111
-95
-77
-67
-56
-47
-44
-45
-45
-33
-7
18
32
41
54
65
75
88
98
109
124
140
150
150
150
160
179
189
190
192
203
210
217
237
243
236
246
251
251
262
272
284
294
301
299
285
278
283
294
308
320
330
324
306
292
278
270
273
285
291
283
262
234
208
193
182
185
188
172
145
115
78
47
30
25
14
-5
-16
-38
-69
-96
-126
-136
-122
-114
-119
-137
-168
-187
-200
-210
-203
-184
-175
-181
-204
-232
-245
-247
-245
-239
-235
-235
-243
-257
-267
-277
-283
-283
-286
-284
-278
-282
-286
-291
-295
-293
-290
-286
-279
-273
-268
-266
-260
-251
-253
-252
-244
-236
-222
-212
-212
-208
-199
-196
-196
-188
-170
-152
-148
-147
-141
-126
-112
-102
-91
-78
-72
-66
-56
-44
-19
0
7
19
29
32
37
59
92
119
137
147
159
170
186
205
223
245
266
281
285
285
294
307
324
340
350
360
362
352
342
336
340
350
354
356
358
350
328
310
297
291
295
304
312
309
293
271
252
246
240
231
235
240
228
207
188
171
153
126
103
96
90
75
54
34
6
-19
-37
-49
-58
-69
-82
-91
-92
-96
-117
-135
-135
-128
-125
-123
-116
-117
-130
-141
-147
-146
-147
-155
-162
-173
-193
-210
-224
-236
-245
-245
-250
-266
-289
-299
-300
-301
-301
-293
-283
-285
-285
-285
-286
-272
-256
-247
-231
-208
-191
-188
-184
-179
-180
-174
-162
-151
-144
-145
-144
-150
-163
-172
-172
-166
-158
-156
-155
-160
-165
-166
-158
-143
-119
-100
-84
-69
-61
-49
-29
-1
29
54
79
101
110
129
156
170
182
197
215
231
239
251
266
266
263
265
272
280
287
293
299
304
304
309
308
300
302
316
329
336
333
329
327
323
315
317
326
320
313
309
293
272
258
253
247
229
209
192
173
154
131
109
96
82
65
51
31
11
-3
-15
-27
-41
-48
-51
-58
-67
-79
-93
-108
-112
-118
-129
-135
-137
-149
-166
-180
-193
-205
-214
-214
-216
-228
-241
-249
-261
-273
-275
-275
-274
-274
-281
-287
-289
-284
-283
-290
-285
-272
-264
-258
-256
-257
-256
-252
-242
-234
-227
-219
-216
-219
-221
-220
-215
-206
-196
-193
-192
-194
-198
-197
-187
-178
-172
-165
-155
-152
-145
-134
-122
-106
-89
-71
-54
-38
-23
-9
10
28
45
65
83
100
114
124
138
154
169
179
187
192
203
215
222
224
232
240
243
243
248
251
253
260
270
272
272
280
285
287
287
286
290
296
299
300
300
300
298
291
280
273
274
280
276
265
252
244
231
212
200
192
185
176
164
152
139
121
106
98
93
83
72
62
46
30
19
10
-6
-20
-28
-36
-46
-61
-75
-88
-103
-116
-127
-142
-163
-173
-176
-186
-200
-209
-214
-222
-231
-238
-240
-245
-253
-251
-247
-252
-257
-256
-250
-248
-247
-249
-253
-250
-245
-245
-244
-242
-241
-243
-247
-247
-243
-237
-230
-224
-219
-214
-211
-208
-203
-194
-178
-162
-154
-148
-138
-126
-113
-97
-82
-66
-53
-41
-28
-21
-14
2
16
27
37
51
64
69
72
81
96
108
118
127
138
141
142
151
166
179
187
191
193
195
198
203
209
217
226
231
228
221
220
220
218
218
220
220
218
219
218
214
214
213
207
205
204
203
198
192
188
184
179
174
168
164
160
156
152
145
130
122
116
107
99
95
88
75
63
54
44
34
23
12
7
-3
-17
-32
-44
-54
-62
-68
-75
-84
-94
-105
-118
-126
-133
-142
-145
-150
-161
-174
-179
-184
-189
-193
-199
-202
-206
-214
-221
-224
-225
-230
-237
-240
-242
-242
-241
-242
-244
-238
-234
-235
-236
-229
-222
-215
-207
-201
-195
-188
-178
-167
-158
-152
-140
-128
-114
-104
-92
-77
-70
-64
-56
-45
-33
-24
-16
-8
0
4
8
14
20
26
37
48
59
64
69
79
90
101
111
122
136
148
154
160
166
173
184
191
197
200
204
207
207
203
203
206
205
202
196
193
189
185
180
175
176
175
170
165
159
156
152
146
146
142
139
137
135
131
124
119
113
110
105
97
91
83
76
69
59
52
44
33
22
13
5
-4
-12
-23
-31
-42
-53
-62
-67
-76
-85
-95
-105
-114
-123
-128
-136
-145
-154
-162
-169
-176
-183
-187
-192
-198
-201
-205
-209
-211
-211
-211
-208
-206
-202
-198
-197
-197
-196
-190
-183
-178
-174
-172
-168
-163
-156
-149
-139
-132
-129
-125
-119
-110
-102
-93
-87
-80
-70
-62
-51
-41
-31
-22
-13
-4
4
17
27
39
48
57
66
74
87
96
102
109
115
121
124
129
135
143
151
155
157
159
161
164
166
168
172
175
181
185
189
187
187
186
188
190
194
196
196
194
189
188
189
191
188
185
183
176
170
165
161
157
148
141
135
129
121
108
96
89
77
66
57
51
44
34
24
12
2
-9
-18
-24
-33
-42
-51
-56
-62
-72
-81
-94
-105
-111
-118
-126
-137
-148
-153
-158
-162
-169
-177
-183
-190
-193
-196
-198
-202
-203
-203
-204
-198
-192
-189
-189
-189
-187
-183
-180
-178
-174
-172
-171
-169
-163
-157
-153
-150
-147
-142
-138
-133
-130
-130
-126
-121
-112
-99
-88
-81
-76
-69
-62
-53
-43
-34
-22
-14
-6
3
9
14
20
29
37
43
52
60
70
70
70
75
84
92
98
103
110
117
124
128
133
139
148
159
165
172
180
188
192
193
199
205
208
212
214
216
215
213
209
206
203
202
202
198
192
189
185
178
169
161
158
157
153
146
135
127
121
115
106
98
93
87
78
68
55
44
30
20
14
3
-10
-19
-29
-43
-60
-74
-87
-94
-100
-110
-122
-129
-135
-143
-149
-153
-158
-163
-163
-163
-169
-172
-175
-177
-178
-180
-179
-176
-178
-180
-181
-178
-177
-179
-181
-180
-182
-184
-180
-180
-184
-185
-183
-178
-174
-172
-169
-165
-164
-159
-153
-148
-140
-133
-126
-121
-116
-108
-99
-93
-90
-84
-81
-77
-69
-59
-52
-48
-46
-39
-29
-20
-14
-7
-1
5
11
17
28
40
47
55
63
74
88
102
110
116
125
135
145
153
160
169
176
181
189
196
198
201
208
212
216
215
215
220
222
219
219
222
223
224
220
214
211
209
206
202
198
196
192
186
179
174
169
160
152
145
139
131
120
112
102
91
78
70
60
50
39
27
15
3
-7
-18
-29
-39
-47
-58
-69
-80
-91
-98
-105
-114
-120
-128
-133
-141
-148
-154
-159
-163
-168
-173
-178
-181
-184
-189
-191
-192
-194
-196
-199
-202
-200
-199
-199
-200
-199
-197
-192
-191
-189
-185
-183
-180
-175
-170
-165
-161
-158
-151
-144
-141
-138
-134
-127
-122
-115
-110
-106
-101
-93
-91
-86
-79
-73
-66
-59
-51
-45
-40
-33
-24
-16
-10
-2
6
14
22
30
39
49
60
66
73
82
91
98
106
114
123
133
141
149
156
164
169
175
181
188
196
204
209
211
213
213
218
221
222
224
225
227
229
229
223
219
216
213
211
208
205
200
196
188
183
178
175
169
159
149
141
135
131
121
111
99
91
82
73
62
50
40
28
17
9
-1
-12
-24
-34
-46
-59
-69
-78
-87
-99
-111
-122
-129
-134
-143
-153
-162
-167
-172
-175
-178
-184
-187
-191
-195
-198
-196
-195
-198
-197
-197
-195
-195
-193
-189
-187
-183
-181
-176
-170
-166
-163
-159
-153
-148
-145
-142
-135
-129
-124
-120
-116
-108
-104
-101
-96
-92
-85
-76
-69
-65
-60
-53
-46
-39
-33
-27
-23
-19
-13
-4
4
10
10
12
20
26
30
35
39
42
46
53
59
63
64
66
69
75
79
82
86
91
96
100
103
109
115
120
122
127
132
137
140
143
149
154
156
158
159
160
162
163
163
165
165
164
164
163
159
156
154
152
151
145
138
133
128
124
117
107
101
95
89
84
74
66
57
47
37
30
22
14
3
-7
-16
-24
-36
-48
-58
-66
-74
-84
-89
-97
-107
-115
-125
-134
-140
-148
-155
-160
-167
-169
-174
-181
-184
-187
-189
-190
-191
-191
-190
-186
-185
-185
-183
-181
-176
-171
-166
-162
-158
-151
-145
-138
-132
-127
-119
-112
-109
-103
-98
-91
-82
-75
-71
-65
-60
-53
-47
-39
-33
-28
-21
-16
-10
-2
6
12
19
22
27
36
45
50
57
62
66
73
79
84
86
89
95
99
103
106
108
110
115
118
119
120
123
126
129
129
130
132
132
134
136
136
135
138
141
143
142
140
138
138
139
138
138
136
133
130
130
126
124
121
118
117
114
108
102
99
97
94
89
81
74
70
67
61
56
50
44
38
32
24
16
10
5
0
-7
-16
-23
-30
-36
-43
-50
-57
-62
-68
-72
-79
-84
-89
-95
-101
-106
-110
-112
-115
-117
-118
-122
-127
-129
-129
-128
-132
-135
-134
-135
-134
-132
-133
-132
-132
-131
-130
-129
-128
-127
-126
-121
-118
-113
-108
-104
-102
-99
-96
-92
-84
-78
-76
-72
-63
-55
-51
-50
-47
-42
-31
-22
-18
-18
-12
-3
7
14
18
21
25
31
38
44
48
52
57
64
69
72
75
80
83
84
87
91
96
98
101
101
103
106
108
110
110
111
110
108
109
111
110
109
108
106
107
106
101
96
93
89
85
80
79
76
72
68
61
55
49
43
38
33
27
20
16
14
12
8
2
-5
-10
-14
-18
-24
-28
-30
-35
-38
-41
-44
-47
-51
-57
-62
-65
-68
-71
-74
-76
-81
-86
-86
-86
-87
-90
-95
-96
-95
-94
-94
-93
-94
-93
-91
-89
-85
-84
-83
-83
-82
-78
-75
-74
-73
-73
-71
-68
-64
-63
-63
-65
-65
-62
-62
-64
-63
-62
-59
-58
-57
-56
-53
-47
-47
-45
-42
-40
-36
-33
-30
-28
-23
-20
-13
-7
-5
-1
5
10
14
17
22
28
33
38
40
45
49
52
56
59
62
67
71
75
77
80
85
91
96
100
102
107
109
111
114
117
120
125
126
125
127
129
130
131
128
129
129
127
124
121
118
114
111
107
104
99
93
86
80
77
69
61
55
46
41
35
27
20
14
9
2
-6
-14
-20
-26
-32
-39
-45
-53
-59
-63
-69
-74
-76
-82
-87
-91
-92
-93
-95
-96
-98
-97
-96
-96
-95
-93
-88
-85
-80
-77
-73
-71
-69
-64
-58
-54
-48
-47
-46
-43
-40
-35
-31
-30
-26
-24
-25
-27
-24
-21
-18
-15
-15
-15
-17
-16
-12
-9
-9
-11
-11
-11
-10
-8
-6
-4
-4
-5
-6
-7
-8
-7
-7
-7
-6
-8
-8
-10
-10
-7
-7
-6
-5
-6
-7
-7
-4
1
6
7
9
13
19
21
26
28
33
37
39
42
45
50
54
58
60
60
62
65
68
69
72
73
74
74
75
75
74
72
73
75
72
70
68
65
63
60
55
50
46
41
36
31
30
26
19
12
4
-1
-4
-9
-16
-20
-24
-27
-32
-39
-42
-46
-49
-54
-55
-58
-58
-60
-63
-65
-69
-71
-72
-71
-71
-72
-74
-74
-73
-72
-72
-73
-74
-73
-72
-71
-69
-68
-66
-65
-64
-63
-60
-58
-56
-54
-51
-49
-46
-44
-42
-41
-39
-37
-35
-33
-30
-28
-26
-25
-23
-21
-18
-17
-15
-12
-12
-12
-11
-9
-7
-4
-3
-3
1
4
7
9
10
14
16
19
23
26
28
30
32
36
38
40
43
47
48
47
48
51
58
60
60
60
60
61
68
71
72
70
68
69
73
75
75
73
70
71
72
72
71
70
70
69
67
66
65
61
57
52
50
47
43
38
34
32
30
26
25
21
16
13
8
9
7
2
-5
-9
-13
-13
-15
-20
-24
-28
-35
-38
-39
-38
-42
-48
-52
-53
-53
-54
-57
-62
-63
-66
-67
-70
-71
-69
-70
-71
-70
-70
-69
-71
-70
-70
-70
-70
-69
-67
-64
-63
-63
-62
-60
-59
-57
-57
-57
-54
-52
-50
-47
-43
-42
-40
-37
-33
-27
-23
-21
-19
-15
-12
-8
-7
-3
1
7
14
16
18
20
22
28
34
36
38
41
45
50
54
56
56
57
60
62
67
70
71
73
73
76
78
80
81
81
82
84
83
82
81
81
81
82
81
81
81
79
77
76
74
73
73
70
71
70
65
61
56
53
50
50
48
45
42
35
30
26
22
21
18
15
13
10
4
-2
-6
-10
-11
-16
-20
-23
-27
-29
-32
-35
-40
-42
-46
-51
-52
-53
-54
-57
-61
-63
-65
-67
-69
-71
-71
-72
-72
-75
-76
-78
-80
-79
-79
-79
-80
-81
-82
-83
-81
-81
-79
-77
-76
-77
-78
-79
-78
-75
-74
-72
-72
-70
-66
-65
-65
-63
-62
-59
-57
-54
-52
-49
-47
-44
-40
-37
-34
-32
-30
-25
-23
-19
-15
-12
-7
-3
0
4
7
11
15
19
24
29
34
39
39
44
49
55
58
62
67
70
72
75
78
82
86
88
88
88
92
96
100
101
100
100
101
103
102
103
102
103
102
101
99
98
100
96
93
90
89
87
83
79
75
71
67
64
60
55
50
45
40
34
30
25
18
13
9
5
-1
-8
-15
-20
-25
-31
-35
-39
-45
-48
-51
-54
-57
-58
-61
-65
-68
-68
-67
-67
-67
-68
-69
-70
-69
-70
-71
-72
-73
-76
-75
-74
-76
-79
-82
-83
-83
-82
-82
-82
-84
-84
-82
-80
-79
-80
-80
-80
-77
-75
-72
-71
-71
-70
-70
-69
-67
-68
-66
-64
-62
-61
-61
-60
-59
-55
-52
-48
-49
-47
-44
-37
-30
-26
-21
-18
-12
-5
0
4
8
13
20
25
28
32
37
42
47
52
55
57
60
63
69
73
77
79
79
81
86
92
96
96
97
98
102
107
108
105
104
107
108
111
109
106
105
104
103
100
95
91
89
86
83
77
71
67
64
61
55
49
43
38
34
29
22
16
12
7
3
0
-6
-9
-13
-18
-20
-23
-27
-31
-37
-41
-45
-44
-44
-48
-54
-56
-59
-59
-60
-64
-66
-65
-64
-62
-61
-60
-59
-60
-59
-60
-61
-58
-56
-54
-54
-52
-50
-47
-46
-43
-41
-38
-35
-34
-33
-34
-33
-30
-26
-23
-22
-22
-22
-20
-18
-17
-17
-19
-17
-15
-11
-8
-8
-9
-9
-10
-10
-11
-10
-10
-9
-11
-10
-7
-6
-5
-7
-7
-6
-4
-6
-4
-3
-1
1
0
-1
-1
2
6
9
10
12
13
16
20
25
29
30
34
37
39
40
45
50
54
56
59
63
68
71
73
77
78
82
85
88
90
91
93
93
92
93
94
92
89
87
85
84
83
83
80
75
67
62
60
55
48
41
34
30
28
21
14
7
1
-5
-12
-18
-23
-30
-35
-41
-47
-52
-57
-62
-65
-68
-74
-78
-83
-89
-91
-91
-93
-96
-99
-102
-103
-101
-101
-103
-107
-108
-106
-105
-102
-99
-98
-97
-95
-92
-90
-89
-89
-83
-77
-73
-69
-67
-66
-60
-53
-47
-43
-40
-37
-32
-28
-25
-21
-15
-11
-7
-2
0
4
6
11
15
18
21
22
23
26
29
32
32
32
33
33
35
34
34
34
34
33
32
33
33
33
33
33
32
31
30
31
31
34
33
33
32
31
30
31
30
30
29
29
29
28
27
26
23
23
23
24
24
23
22
22
22
21
22
21
22
22
22
24
25
24
25
24
23
25
27
26
25
24
24
24
24
22
21
19
20
20
16
12
10
8
8
7
5
1
-2
-7
-9
-10
-10
-13
-16
-19
-20
-19
-21
-24
-28
-30
-30
-28
-29
-30
-33
-35
-36
-36
-35
-36
-39
-43
-43
-42
-42
-43
-44
-42
-41
-43
-44
-42
-38
-34
-32
-33
-31
-28
-25
-25
-23
-18
-15
-11
-11
-9
-4
-2
0
3
6
9
10
15
17
18
19
21
24
28
31
30
29
31
33
34
36
40
42
43
44
45
48
48
49
49
50
53
53
52
49
47
47
48
48
46
44
43
43
43
40
37
37
36
38
36
32
32
31
31
32
31
29
25
23
24
25
23
20
15
15
14
13
14
13
11
9
5
5
6
7
7
4
3
1
-3
-7
-6
-4
-4
-8
-11
-15
-16
-16
-16
-17
-18
-20
-21
-24
-26
-28
-33
-35
-37
-34
-34
-38
-42
-46
-47
-46
-48
-48
-49
-53
-56
-59
-62
-64
-66
-65
-64
-65
-65
-69
-71
-71
-69
-68
-69
-69
-68
-68
-69
-70
-70
-67
-64
-60
-59
-59
-57
-56
-54
-50
-45
-42
-41
-38
-32
-27
-20
-16
-15
-13
-6
0
6
11
14
17
22
28
31
35
40
46
53
57
61
65
68
70
74
77
80
81
83
84
87
88
89
90
90
88
91
90
87
86
83
84
83
80
78
74
70
68
63
60
56
53
49
45
43
38
32
26
21
18
15
12
7
3
1
-2
-8
-13
-16
-22
-25
-28
-31
-30
-32
-34
-37
-41
-46
-47
-49
-51
-53
-54
-57
-58
-57
-55
-55
-57
-60
-61
-60
-60
-62
-61
-62
-60
-56
-54
-54
-55
-54
-54
-52
-51
-51
-50
-48
-49
-50
-50
-47
-44
-39
-39
-39
-39
-35
-33
-33
-33
-32
-30
-28
-26
-23
-20
-17
-15
-16
-13
-10
-8
-6
-5
-2
-1
1
2
4
7
9
8
9
9
12
14
16
18
20
21
20
21
24
26
27
28
29
32
36
39
40
41
41
42
47
49
50
50
51
53
53
55
56
56
57
58
60
61
63
62
63
63
62
61
60
60
61
61
62
61
60
60
58
58
55
53
52
50
50
48
45
43
39
35
34
31
28
23
19
17
14
10
8
6
4
-1
-5
-7
-9
-12
-16
-19
-21
-23
-25
-27
-30
-31
-32
-33
-36
-37
-37
-38
-40
-42
-45
-45
-46
-47
-47
-48
-47
-47
-47
-49
-50
-51
-50
-51
-51
-50
-49
-49
-49
-50
-50
-50
-48
-51
-51
-52
-51
-48
-48
-48
-48
-48
-45
-44
-43
-42
-42
-42
-41
-40
-39
-36
-33
-32
-31
-31
-29
-28
-27
-26
-24
-22
-20
-17
-14
-10
-8
-5
-5
-2
-1
3
7
9
13
16
19
23
27
31
34
36
38
40
43
46
49
53
55
58
60
63
63
63
63
65
66
68
69
69
68
67
65
65
65
66
64
62
60
57
55
51
50
49
47
44
41
36
33
28
26
23
21
19
16
12
7
2
-1
-4
-6
-8
-11
-15
-17
-22
-25
-28
-30
-31
-32
-35
-38
-40
-41
-42
-42
-41
-41
-39
-42
-43
-43
-43
-44
-42
-40
-36
-36
-38
-39
-41
-39
-37
-37
-36
-36
-34
-32
-32
-32
-31
-31
-30
-27
-26
-26
-27
-26
-25
-23
-21
-20
-20
-20
-19
-19
-20
-19
-19
-18
-15
-15
-14
-15
-14
-13
-12
-9
-9
-10
-10
-7
-4
-3
-4
-4
-2
3
5
6
6
7
9
11
12
13
14
16
19
21
24
23
22
25
28
30
30
32
33
34
36
35
36
36
36
38
38
37
37
35
33
32
32
32
32
29
28
28
28
26
23
24
23
24
22
20
19
18
16
14
13
9
8
8
6
2
2
0
-1
-3
-5
-5
-3
-5
-6
-8
-9
-8
-8
-8
-9
-11
-11
-10
-11
-13
-12
-13
-15
-16
-14
-13
-14
-17
-17
-16
-16
-16
-17
-20
-20
-18
-16
-19
-20
-20
-20
-20
-21
-18
-16
-15
-16
-16
-15
-16
-17
-17
-16
-12
-12
-13
-14
-15
-14
-13
-15
-15
-12
-11
-10
-10
-12
-11
-10
-9
-7
-7
-5
-4
-3
0
0
1
3
3
6
7
8
9
9
7
8
9
12
11
11
12
14
13
12
12
13
15
16
16
18
18
19
19
20
22
23
25
25
26
27
26
26
26
26
26
26
24
22
22
23
22
21
20
18
17
15
16
14
15
14
12
11
10
9
9
10
9
8
6
6
5
3
4
5
4
3
1
-1
-2
-5
-6
-5
-8
-8
-8
-10
-11
-13
-15
-16
-18
-17
-17
-18
-17
-19
-21
-22
-24
-24
-24
-23
-24
-23
-23
-25
-23
-23
-23
-23
-23
-23
-24
-22
-23
-22
-18
-16
-15
-14
-15
-15
-15
-14
-11
-11
-9
-7
-7
-4
-3
-3
-3
-1
-1
0
-1
-1
-1
1
3
3
4
4
2
2
3
4
3
2
3
4
5
6
7
6
5
4
5
5
6
7
8
9
9
9
7
7
8
11
13
12
10
10
10
9
9
7
7
7
7
6
6
4
3
2
2
2
0
-2
-3
-3
-2
-3
-2
-3
-3
-3
-5
-5
-6
-5
-3
-2
0
2
2
1
0
2
3
2
2
1
4
5
6
8
9
9
9
9
10
8
8
7
5
7
7
8
6
6
5
3
3
3
3
3
0
-2
-2
-3
-4
-5
-5
-7
-7
-7
-8
-9
-9
-10
-11
-10
-11
-12
-13
-14
-16
-18
-16
-18
-18
-17
-18
-18
-18
-19
-18
-18
-17
-17
-15
-17
-19
-18
-16
-15
-13
-11
-10
-10
-9
-6
-3
-1
0
1
1
4
7
7
7
8
9
10
12
13
13
13
14
13
14
15
16
15
15
15
15
16
15
16
17
17
15
16
16
17
17
17
18
19
17
18
16
16
17
15
14
13
13
11
10
10
8
8
8
8
6
7
7
5
6
6
5
4
2
1
2
1
-1
-1
-1
-2
-2
-4
-4
-4
-3
-2
-3
-5
-5
-7
-5
-5
-6
-7
-8
-9
-8
-10
-10
-9
-9
-7
-8
-7
-6
-7
-6
-4
-5
-5
-5
-4
-2
-3
-3
-5
-4
-4
-3
-1
-1
0
-1
0
-1
-1
1
0
1
-1
0
1
0
0
0
-1
0
1
0
0
-2
-3
-3
-3
-2
-3
-3
-4
-4
-5
-6
-8
-8
-6
-5
-4
-5
-5
-9
-9
-9
-7
-7
-8
-5
-6
-5
-5
-6
-5
-4
-2
0
1
1
2
3
5
5
6
7
9
9
9
9
9
9
11
13
13
14
13
13
13
13
14
14
16
17
16
15
13
12
10
10
9
8
8
7
4
2
-1
-3
-4
-6
-6
-9
-10
-10
-10
-12
-13
-15
-15
-16
-17
-17
-17
-18
-18
-18
-18
-19
-21
-21
-22
-21
-20
-19
-18
-17
-14
-13
-13
-12
-11
-11
-9
-6
-3
-2
1
4
4
5
6
7
8
9
12
11
13
14
14
16
16
16
15
15
16
14
15
16
16
15
15
14
12
11
10
8
8
7
5
4
4
2
-1
-2
-3
-3
-3
-6
-7
-9
-9
-11
-12
-12
-13
-14
-14
-15
-14
-15
-16
-15
-16
-15
-14
-14
-13
-13
-12
-11
-10
-10
-11
-10
-9
-6
-5
-3
-3
-2
-2
0
2
3
5
6
6
8
9
10
11
10
11
12
12
13
14
15
15
15
16
16
16
14
14
15
16
17
16
14
12
12
12
12
13
12
10
9
7
6
7
6
4
3
0
0
1
-2
-2
-3
-3
-5
-5
-6
-8
-8
-8
-8
-8
-10
-11
-10
-9
-9
-9
-9
-9
-10
-9
-7
-7
-8
-7
-7
-6
-6
-6
-5
-4
-4
-3
-4
-3
-5
-2
0
1
2
1
1
0
1
2
3
3
2
3
5
6
6
6
6
7
9
9
9
9
9
11
13
11
11
10
10
10
11
11
10
8
8
9
10
8
7
6
7
7
6
5
3
2
2
4
2
1
0
-1
-1
-2
-3
-5
-6
-6
-5
-8
-10
-10
-9
-9
-9
-11
-13
-13
-12
-11
-11
-11
-11
-12
-11
-9
-9
-8
-10
-9
-8
-6
-5
-5
-4
-3
-2
-1
-1
1
1
2
4
4
4
4
4
5
5
5
5
6
8
7
7
6
5
6
5
4
3
4
4
5
4
1
-2
-3
-3
-2
-3
-5
-7
-7
-9
-9
-9
-11
-12
-12
-12
-11
-13
-15
-14
-15
-14
-14
-13
-13
-12
-13
-12
-13
-14
-11
-12
-11
-12
-12
-12
-11
-10
-10
-9
-8
-7
-6
-5
-3
-2
-1
0
1
2
5
7
8
8
8
8
8
10
12
12
13
13
16
17
18
17
16
17
18
19
19
20
20
20
22
21
20
19
19
19
20
20
20
19
19
18
18
16
15
14
13
12
11
10
8
6
5
2
-1
-2
-3
-3
-4
-6
-7
-10
-13
-15
-17
-18
-18
-20
-21
-20
-21
-22
-22
-23
-24
-23
-24
-23
-20
-21
-20
-20
-20
-20
-19
-17
-14
-12
-10
-9
-10
-7
-5
-3
-2
-2
-1
2
4
4
6
6
6
5
5
7
8
9
7
6
6
6
4
2
2
2
2
1
1
1
1
1
0
-1
0
-1
-2
-2
-2
-3
-4
-4
-5
-6
-4
-3
-2
-1
0
2
1
-1
1
3
3
4
5
6
7
7
5
6
7
10
10
11
12
12
13
14
14
15
16
14
16
18
18
19
17
17
16
16
16
16
15
16
16
16
15
14
14
14
14
12
12
13
12
10
9
9
7
4
1
1
1
1
-1
-4
-4
-5
-7
-8
-7
-6
-8
-8
-8
-9
-9
-12
-14
-12
-13
-13
-15
-17
-16
-16
-17
-18
-19
-18
-18
-18
-18
-17
-18
-16
-16
-16
-15
-13
-13
-13
-12
-10
-11
-11
-10
-10
-9
-8
-7
-7
-6
-6
-4
-3
-3
-1
0
2
3
3
5
5
6
7
9
9
10
9
8
8
9
10
8
8
10
10
11
9
7
8
7
7
6
6
5
6
6
5
5
6
4
3
3
3
3
2
3
1
2
0
-1
-3
-3
-3
-3
-3
-4
-4
-5
-6
-5
-5
-5
-5
-5
-6
-4
-3
-5
-6
-5
-6
-5
-6
-5
-3
-3
-2
-3
-4
-4
-3
-3
-1
-1
-1
0
0
0
0
1
1
1
1
2
3
3
2
2
3
2
3
3
3
4
5
5
5
3
4
4
4
5
3
2
2
3
3
2
2
2
2
2
1
2
2
2
2
1
0
0
-2
-4
-4
-5
-6
-7
-10
-10
-12
-13
-13
-14
-16
-14
-15
-14
-14
-15
-15
-16
-16
-17
-17
-18
-17
-18
-17
-16
-17
-14
-14
-14
-13
-12
-11
-9
-9
-8
-6
-6
-5
-6
-5
-3
-1
0
0
1
2
5
5
6
6
7
7
7
8
8
10
10
10
10
11
13
14
14
14
14
15
16
18
17
17
16
17
18
17
17
17
16
16
15
14
14
14
13
13
14
16
16
15
14
15
14
14
13
11
13
13
13
12
12
11
11
11
12
11
10
8
8
8
6
7
3
3
1
0
-1
0
-1
0
-1
-2
-1
-2
-3
-5
-5
-6
-8
-8
-9
-8
-8
-9
-10
-10
-9
-9
-10
-9
-10
-10
-11
-11
-12
-11
-10
-11
-12
-10
-9
-9
-9
-9
-8
-10
-11
-10
-9
-8
-7
-8
-7
-5
-6
-4
-5
-4
-3
-3
-4
-3
-2
-2
0
0
-1
1
1
0
1
2
2
3
3
3
3
3
3
3
2
3
4
5
7
7
7
7
7
6
5
5
5
4
5
5
6
7
7
7
5
5
4
4
2
3
2
3
4
3
3
4
4
4
3
3
3
6
4
4
3
3
3
2
3
3
2
0
-1
0
1
1
0
1
2
0
0
-3
-4
-5
-4
-3
-2
-2
-2
-4
-5
-5
-4
-6
-6
-7
-7
-8
-8
-7
-6
-6
-8
-10
-9
-8
-8
-11
-11
-9
-8
-8
-8
-9
-9
-11
-12
-12
-11
-11
-12
-12
-9
-8
-9
-10
-12
-12
-11
-9
-7
-7
-5
-3
-2
-2
-2
-2
-2
-3
-3
-2
-2
-2
1
2
2
2
0
0
-1
0
2
2
2
2
2
3
5
3
2
1
2
5
5
6
6
6
7
6
6
4
4
6
6
7
7
5
6
6
5
4
5
5
7
7
6
3
1
2
3
3
3
3
4
5
6
5
3
2
1
1
1
1
3
4
4
3
4
3
2
1
-1
-1
1
1
1
0
-2
-1
0
0
0
-1
-2
-1
0
0
1
2
0
0
1
1
1
1
0
0
1
3
3
3
4
4
4
4
5
6
7
6
6
6
7
7
7
6
7
7
6
