2
2
2
2
3
3
3
2
2
3
2
3
2
3
2
2
2
3
2
2
2
2
1
1
0
1
1
0
0
0
0
-1
-1
-2
-1
-1
-2
-3
-2
-2
-3
-2
-2
-2
-2
-1
-1
-3
-3
-3
-3
-3
-3
-4
-5
-4
-4
-4
-3
-3
-3
-3
-2
-2
-2
-3
-3
-3
-3
-4
-3
-2
-3
-2
-2
-1
-1
-2
-2
-1
-1
-1
0
0
0
-1
-1
-3
-3
-4
-5
-6
-7
-6
-6
-5
-3
0
1
4
6
6
6
7
7
6
6
6
6
6
6
6
5
4
4
3
2
1
0
0
1
2
3
5
7
8
9
8
9
8
8
9
7
7
8
8
8
7
6
6
4
3
2
3
2
2
2
3
3
5
5
5
6
5
4
3
2
1
-1
-1
0
0
0
1
0
1
0
0
-1
-1
-2
-3
-3
-3
-4
-3
-3
-2
-3
-4
-5
-8
-10
-12
-13
-12
-11
-9
-8
-6
-6
-8
-8
-8
-9
-9
-9
-7
-8
-7
-7
-6
-5
-4
-3
-4
-4
-6
-6
-7
-9
-9
-11
-11
-13
-16
-18
-19
-18
-15
-13
-10
-8
-8
-8
-9
-9
-8
-6
-2
2
4
5
8
9
6
4
4
3
3
2
2
1
3
5
5
5
7
8
9
11
11
12
14
17
19
21
24
27
28
28
28
27
25
24
23
22
22
21
22
21
20
20
19
19
17
18
17
16
13
15
15
15
16
18
19
19
16
14
9
7
6
6
6
5
5
4
6
4
5
6
8
9
7
2
-2
-6
-9
-12
-13
-10
-7
-4
-6
-9
-12
-16
-22
-25
-29
-33
-38
-41
-43
-48
-53
-57
-62
-69
-76
-83
-91
-97
-100
-101
-104
-105
-104
-100
-91
-67
-27
19
66
107
134
135
113
83
56
29
10
3
4
7
4
-2
-13
-28
-42
-57
-71
-80
-81
-73
-59
-42
-16
16
45
63
72
73
70
63
52
41
30
19
10
0
-12
-27
-37
-50
-70
-86
-93
-94
-88
-73
-56
-35
-11
10
30
45
56
59
51
39
28
19
13
8
18
48
85
109
118
121
122
110
91
73
67
78
92
103
110
115
119
118
109
92
76
66
51
36
29
34
47
61
75
79
77
68
54
42
30
27
26
30
32
34
36
32
24
13
1
-13
-27
-41
-49
-58
-60
-57
-53
-45
-34
-23
-19
-21
-29
-43
-65
-85
-102
-109
-114
-115
-111
-107
-114
-132
-154
-179
-204
-220
-223
-217
-205
-192
-188
-192
-207
-227
-252
-276
-263
-177
-35
111
216
276
284
239
155
59
-17
-48
-33
-2
15
14
1
-15
-40
-78
-116
-140
-151
-156
-149
-121
-72
-7
63
119
152
164
157
134
105
84
75
73
68
63
57
50
35
10
-27
-67
-103
-127
-140
-141
-123
-93
-57
-19
28
82
127
155
161
151
132
110
88
70
60
64
81
102
119
135
145
147
149
161
177
181
180
192
208
213
212
209
210
210
206
186
155
128
107
91
82
73
74
80
85
83
80
82
82
73
62
52
46
45
42
38
33
34
36
33
21
6
-9
-27
-51
-75
-92
-101
-107
-115
-116
-112
-107
-105
-103
-105
-115
-129
-147
-166
-181
-195
-209
-218
-222
-220
-218
-218
-220
-229
-253
-284
-307
-318
-312
-291
-259
-232
-223
-230
-259
-293
-331
-357
-337
-239
-65
118
236
266
245
210
137
28
-50
-55
-15
25
38
20
-10
-29
-41
-67
-115
-152
-159
-154
-152
-133
-79
-1
70
121
152
173
181
172
153
132
129
141
143
127
106
83
48
-5
-65
-116
-147
-164
-166
-145
-103
-50
4
52
97
144
189
216
215
196
172
146
125
117
124
147
172
190
191
182
165
139
113
108
149
204
239
262
293
322
328
310
283
262
250
225
179
132
107
107
118
124
124
124
126
119
103
83
63
45
31
25
27
40
57
68
67
53
34
13
-10
-38
-58
-73
-90
-109
-129
-144
-155
-170
-187
-196
-191
-182
-184
-195
-201
-203
-211
-228
-249
-259
-260
-261
-275
-298
-320
-338
-362
-391
-408
-390
-345
-307
-294
-293
-311
-355
-418
-443
-396
-283
-95
151
362
427
367
278
183
59
-53
-73
1
98
159
162
114
46
-16
-83
-164
-233
-251
-225
-186
-134
-54
54
151
212
233
220
191
171
160
150
155
184
218
231
209
162
96
8
-95
-195
-261
-281
-260
-210
-143
-67
11
75
120
149
178
203
204
193
192
205
217
211
202
200
204
201
181
153
123
97
81
69
71
85
112
147
182
214
263
341
418
447
428
392
348
286
214
155
134
148
168
161
127
81
41
12
-13
-30
-25
0
26
42
50
60
74
80
70
45
11
-10
-24
-38
-49
-49
-49
-65
-94
-130
-178
-229
-268
-292
-308
-303
-278
-252
-249
-255
-260
-268
-278
-279
-276
-290
-310
-314
-317
-356
-413
-455
-476
-488
-481
-429
-354
-305
-311
-356
-418
-451
-414
-282
-52
221
429
479
393
260
113
-27
-102
-55
75
193
234
184
74
-41
-116
-161
-214
-258
-260
-225
-177
-112
-22
64
126
154
153
137
150
196
243
269
291
328
354
339
269
160
32
-115
-250
-337
-353
-311
-245
-174
-112
-60
-16
10
22
46
98
163
224
277
334
371
368
327
281
245
214
181
142
107
82
72
75
86
98
101
103
109
121
143
179
237
308
429
573
662
656
565
455
327
185
73
19
39
87
113
99
62
23
-17
-59
-92
-94
-64
-18
32
81
131
181
201
181
132
61
-11
-76
-119
-137
-137
-120
-108
-126
-167
-226
-300
-386
-472
-520
-512
-454
-366
-271
-204
-165
-152
-190
-277
-376
-452
-506
-558
-585
-542
-466
-419
-428
-479
-541
-588
-565
-445
-230
71
361
518
492
383
252
99
-28
-39
97
271
381
385
289
124
-54
-215
-362
-460
-466
-398
-305
-198
-70
47
111
123
98
51
29
49
119
228
367
514
609
606
521
381
207
7
-191
-336
-399
-392
-344
-282
-222
-181
-173
-197
-229
-227
-162
-52
65
188
327
451
518
524
497
442
363
279
212
188
194
214
218
196
163
107
38
-39
-97
-108
-53
100
295
461
550
567
538
461
370
311
304
345
400
413
359
262
158
81
21
-32
-84
-130
-173
-195
-182
-133
-58
12
70
101
108
106
95
68
42
33
38
41
33
3
-54
-151
-264
-371
-456
-520
-554
-542
-508
-468
-434
-404
-387
-381
-358
-347
-336
-308
-270
-276
-341
-402
-426
-442
-499
-573
-638
-624
-503
-261
67
348
516
506
352
102
-153
-257
-166
104
398
614
671
547
313
26
-218
-392
-461
-427
-332
-200
-59
66
127
124
52
-49
-139
-159
-66
90
287
466
606
667
643
556
404
231
46
-88
-169
-173
-117
-65
-51
-118
-234
-385
-490
-530
-490
-366
-210
-29
129
264
332
320
260
189
161
164
238
344
452
517
511
457
337
207
61
-66
-156
-184
-160
-115
-34
36
159
273
310
266
172
140
148
197
290
426
561
636
610
462
259
43
-100
-154
-114
-4
92
133
95
6
-131
-245
-309
-311
-241
-138
1
114
188
222
197
129
26
-65
-122
-128
-113
-108
-127
-195
-280
-390
-498
-584
-653
-676
-655
-625
-576
-478
-361
-277
-290
-344
-387
-431
-449
-462
-449
-402
-328
-239
-161
-9
201
348
297
127
13
-54
-71
-14
167
405
568
593
448
198
-48
-209
-292
-301
-219
-94
17
66
76
21
-79
-165
-197
-170
-114
25
208
368
457
479
481
422
326
214
145
136
156
182
181
157
79
-40
-202
-360
-459
-505
-506
-476
-377
-246
-133
-76
-71
-65
-67
-36
21
114
231
343
422
449
460
442
397
328
270
250
235
226
208
174
116
34
-2
37
71
80
60
50
71
75
110
188
284
391
450
434
393
344
311
293
297
341
360
326
270
196
90
-24
-102
-140
-142
-137
-112
-84
-85
-80
-82
-99
-92
-49
3
39
49
52
42
2
-59
-112
-154
-200
-255
-336
-420
-495
-568
-610
-640
-652
-619
-592
-581
-565
-555
-534
-541
-563
-501
-378
-176
103
344
445
368
233
101
-42
-130
-36
224
471
615
585
384
91
-190
-351
-381
-276
-96
31
21
-40
-123
-256
-373
-415
-330
-198
-54
132
290
378
374
315
220
155
162
228
339
428
485
464
357
211
66
-63
-165
-214
-219
-178
-163
-184
-213
-280
-367
-459
-490
-456
-379
-272
-139
7
113
182
198
195
219
277
365
446
530
586
591
533
433
334
211
148
169
193
207
169
95
-24
-192
-312
-320
-240
-91
65
135
161
135
108
133
169
247
323
368
400
404
365
316
257
184
129
64
38
29
-21
-86
-179
-271
-330
-341
-317
-269
-249
-257
-240
-242
-223
-192
-165
-122
-115
-120
-132
-153
-192
-242
-319
-414
-479
-544
-581
-598
-593
-585
-604
-620
-572
-465
-355
-169
15
151
175
116
98
55
54
129
323
509
579
538
348
126
-109
-172
-72
100
281
321
258
82
-103
-287
-393
-356
-251
-99
-13
103
168
140
74
14
30
29
88
179
301
370
332
272
174
142
127
172
248
297
314
259
192
91
29
-21
-56
-52
-50
-15
-25
-55
-124
-199
-248
-269
-235
-202
-127
-50
42
115
173
242
286
333
345
374
389
405
421
408
413
393
380
327
244
150
51
-33
-120
-154
-174
-163
-152
-151
-144
-156
-150
-138
-94
-41
31
103
138
144
110
92
76
73
74
69
59
32
6
-35
-51
-51
-47
-56
-90
-111
-147
-195
-238
-242
-212
-177
-158
-162
-172
-203
-238
-287
-326
-345
-367
-397
-447
-488
-542
-587
-603
-574
-487
-358
-206
-98
-64
-95
-108
-65
12
128
270
409
475
460
380
271
158
74
80
125
183
225
223
169
59
-52
-124
-120
-66
20
89
118
108
47
-3
-14
40
120
197
272
314
309
235
153
82
28
1
3
43
64
57
30
-25
-84
-130
-122
-80
-34
-12
-15
-12
-21
-24
-26
-13
6
12
12
6
11
9
10
23
51
88
124
172
199
205
195
187
187
190
204
210
218
195
162
121
82
35
-37
-95
-181
-192
-172
-152
-136
-154
-155
-190
-206
-180
-115
-21
61
139
179
179
150
130
95
43
49
51
49
21
4
-20
-77
-115
-147
-160
-179
-185
-170
-148
-134
-113
-82
-60
-38
-11
20
41
55
77
77
67
33
-9
-55
-117
-180
-229
-257
-291
-311
-334
-357
-368
-369
-341
-291
-224
-162
-114
-91
-89
-81
-68
-48
-32
-10
6
10
8
-8
-18
-22
-12
-1
20
49
74
82
74
66
66
83
105
142
194
239
282
310
334
344
345
352
348
344
339
332
307
279
259
235
212
183
159
129
100
78
58
44
33
40
51
59
61
50
24
-18
-50
-64
-62
-56
-55
-61
-74
-86
-96
-96
-93
-78
-47
-7
40
77
96
83
50
14
-6
2
15
16
6
-16
-40
-57
-79
-104
-124
-142
-164
-173
-155
-109
-46
26
96
145
165
164
158
143
129
118
106
97
84
64
34
-9
-66
-134
-201
-255
-287
-300
-302
-300
-304
-315
-321
-316
-299
-273
-235
-190
-141
-100
-74
-70
-80
-100
-117
-126
-133
-146
-181
-232
-282
-322
-345
-345
-322
-298
-272
-249
-228
-200
-171
-135
-98
-51
1
42
70
81
92
103
114
133
163
203
228
235
224
204
182
170
174
188
209
234
262
288
302
314
316
311
306
312
333
344
350
351
343
332
325
317
285
234
176
131
103
93
105
120
116
99
72
46
22
1
-24
-57
-89
-108
-106
-92
-82
-88
-110
-143
-176
-201
-203
-184
-153
-119
-84
-46
-11
9
13
-1
-14
-14
-5
16
44
72
84
75
57
24
-7
-32
-58
-81
-96
-96
-68
-23
11
28
36
27
40
51
12
78
130
117
103
94
110
31
3
-23
-78
-83
-140
-90
-66
-172
-201
-225
-244
-290
-282
-248
-274
-224
-228
-246
-196
-159
-122
-88
-66
-76
-88
-106
-139
-152
-153
-179
-205
-163
-178
-211
-194
-214
-239
-236
-205
-180
-137
-88
-65
-30
-17
-11
7
40
82
93
164
230
242
270
248
200
156
125
142
164
198
253
267
253
245
224
208
226
243
242
265
278
273
279
273
264
262
240
215
200
181
151
116
98
84
60
57
64
63
48
22
3
-26
-61
-76
-75
-72
-76
-71
-63
-70
-96
-130
-156
-172
-170
-146
-114
-86
-73
-47
-44
-93
-100
-68
-66
-57
-8
38
81
121
139
87
24
4
-16
-35
-10
22
13
17
21
-5
-33
-61
-82
-78
-53
-26
7
42
51
45
45
32
2
-12
-16
-34
-47
-61
-73
-72
-74
-89
-110
-138
-167
-182
-196
-205
-221
-235
-225
-215
-197
-174
-151
-134
-136
-146
-151
-138
-125
-119
-117
-119
-136
-154
-166
-179
-186
-198
-200
-190
-166
-138
-116
-99
-97
-103
-96
-70
-32
11
55
110
157
178
186
190
182
161
154
159
171
187
196
208
208
190
185
176
162
165
174
175
175
182
191
213
233
249
250
239
219
199
203
170
148
162
172
172
173
166
117
73
29
-23
-53
-50
-40
-40
-36
-46
-59
-85
-105
-127
-135
-122
-113
-72
-43
-29
-19
-23
-59
-91
-71
-33
-14
19
46
70
89
84
93
91
62
40
34
31
34
44
46
31
3
-28
-41
-67
-47
-5
-51
-63
-9
-30
-45
-3
-3
-37
-11
-34
-50
-23
25
-1
-54
11
-25
-60
-31
-73
-140
-119
-107
-163
-140
-118
-168
-157
-159
-209
-214
-188
-217
-236
-184
-179
-171
-106
-101
-138
-124
-123
-170
-157
-145
-180
-152
-104
-100
-99
-78
-77
-88
-90
-85
-75
-52
-4
51
103
153
177
178
181
175
186
209
228
251
272
283
268
253
227
198
176
169
179
177
170
147
109
96
96
108
109
134
151
151
158
119
101
107
115
125
144
157
160
148
88
38
35
14
-6
34
33
-31
-26
-58
-149
-137
-92
-156
-175
-54
-15
-86
-57
-10
-97
-84
-76
-115
-89
-13
-26
-67
54
11
-9
-2
18
-13
-37
-10
-64
-37
46
13
-123
5
7
-117
-108
-120
-149
-99
-59
-140
-174
-3
-84
-212
-85
-38
-80
-146
-26
-20
-18
21
-83
-52
75
-23
-75
44
97
-2
-47
-11
-31
-2
-36
-103
-67
-19
-103
-173
-171
-163
-189
-175
-157
-102
-103
-167
-138
-102
-142
-150
-130
-99
-34
-58
-23
4
-4
-24
-16
20
15
22
55
91
87
75
106
108
96
140
166
182
198
205
211
207
204
191
182
211
212
175
176
174
141
134
134
102
108
116
66
46
65
55
10
19
92
89
39
57
53
58
67
57
40
9
43
69
37
33
46
26
51
53
-47
-27
-38
-64
-17
-48
-45
8
51
-23
-82
10
5
-50
-68
-26
-19
-35
-6
-22
-26
-27
-50
-69
-34
-81
-61
-88
-102
-27
-44
-90
-97
-84
-74
-123
-123
-58
-30
-93
-159
-63
-49
-85
-153
-141
-84
-64
-34
-63
-127
-28
-17
-108
-106
-57
-13
-63
-27
36
-2
-66
-84
-121
-122
-76
-93
-133
-78
-83
-153
-166
-157
-183
-196
-179
-168
-111
-71
-73
-94
-17
49
16
23
77
93
109
149
173
194
203
180
171
200
205
194
184
177
130
110
124
109
100
120
137
131
127
126
106
76
72
93
116
103
74
65
76
50
24
21
27
38
38
10
-16
-1
9
-25
-25
34
72
93
86
63
62
82
81
109
151
160
192
224
184
141
123
114
115
133
160
141
164
84
-26
-10
-3
-3
-5
10
11
-36
-77
-103
-111
-105
-59
-74
-105
-77
-144
-184
-198
-140
-132
-185
-179
-174
-186
-230
-233
-231
-163
-136
-192
-192
-169
-168
-213
-223
-201
-173
-117
-128
-183
-147
-186
-199
-151
-178
-138
-139
-144
-151
-201
-212
-254
-197
-88
-56
-51
-95
-118
-131
-145
-151
-105
-7
65
131
144
83
27
4
11
93
213
314
351
326
275
203
146
171
207
258
304
294
235
166
97
44
46
82
140
158
113
35
-34
-100
-109
-86
-33
39
35
23
-3
-60
-92
-88
-39
29
71
73
53
29
8
-9
4
27
63
136
185
197
164
117
104
128
175
237
299
332
339
306
244
211
225
242
287
349
353
292
225
164
103
94
114
123
110
59
-13
-83
-133
-150
-151
-118
-88
-98
-132
-178
-233
-251
-227
-231
-194
-147
-170
-244
-310
-291
-311
-317
-258
-276
-278
-273
-311
-353
-341
-294
-312
-323
-283
-288
-323
-349
-355
-353
-351
-361
-346
-264
-232
-217
-213
-193
-160
-198
-234
-209
-82
62
118
167
226
204
131
97
155
265
396
467
482
450
339
231
178
195
273
333
334
301
218
73
-49
-93
-52
21
46
39
3
-68
-148
-220
-215
-125
-53
-17
11
-9
-64
-115
-145
-111
-20
75
143
149
113
76
40
30
64
158
236
257
253
225
186
160
181
242
321
394
413
386
303
259
284
294
343
409
433
428
382
306
261
256
260
309
367
360
277
154
63
21
21
45
57
51
14
-72
-193
-252
-266
-268
-257
-268
-278
-326
-414
-476
-489
-472
-443
-422
-425
-438
-473
-510
-511
-498
-450
-419
-426
-408
-426
-464
-491
-508
-517
-525
-440
-331
-224
-176
-196
-216
-291
-328
-289
-164
16
136
288
383
293
118
8
34
171
405
575
634
550
319
125
20
33
146
257
321
276
149
-53
-232
-290
-229
-116
-36
17
-40
-174
-302
-368
-304
-192
-76
34
76
38
-25
-71
-93
-20
107
217
309
329
281
196
128
137
209
296
337
357
318
245
185
156
183
213
271
362
382
367
305
241
241
264
320
419
487
501
497
455
396
351
338
399
476
516
504
399
273
163
108
81
76
102
88
-7
-147
-242
-309
-358
-368
-350
-331
-332
-381
-459
-501
-511
-477
-442
-412
-386
-403
-446
-468
-462
-444
-446
-424
-394
-397
-491
-620
-609
-520
-345
-160
-118
-221
-394
-455
-406
-360
-211
31
310
419
308
97
-95
-147
-41
280
600
724
606
290
-4
-193
-235
-125
59
234
225
20
-283
-519
-639
-613
-434
-206
-40
-96
-273
-448
-547
-505
-344
-100
95
184
133
14
-52
-91
-24
106
266
431
467
405
253
131
126
174
261
345
399
381
305
206
131
119
130
197
298
412
495
483
412
323
318
373
459
556
650
746
739
666
572
489
442
450
544
630
639
525
328
147
26
-3
6
36
41
-17
-134
-286
-403
-452
-426
-351
-262
-195
-201
-289
-382
-407
-387
-321
-241
-171
-147
-177
-238
-319
-357
-365
-380
-426
-464
-425
-295
-116
-69
-228
-442
-529
-476
-425
-309
-58
221
337
220
25
-189
-332
-277
11
398
627
570
262
-89
-351
-468
-385
-172
72
128
-74
-387
-648
-794
-822
-668
-382
-160
-142
-306
-504
-653
-674
-535
-285
-21
120
107
-10
-134
-202
-182
-61
93
268
366
309
160
-4
-71
-58
6
110
199
221
167
84
18
-9
1
54
183
310
392
482
525
516
470
451
531
641
757
845
875
899
880
793
676
579
549
608
668
663
580
387
178
26
-64
-93
-66
-21
-14
-84
-200
-295
-375
-375
-279
-150
-32
1
-24
-79
-122
-115
-48
45
109
164
108
-7
-94
-160
-190
-245
-280
-332
-369
-309
-129
-9
-130
-360
-492
-458
-430
-390
-171
135
356
355
183
-71
-305
-312
-74
320
611
656
439
74
-260
-473
-483
-313
-30
114
-23
-321
-641
-879
-1002
-933
-669
-395
-301
-417
-599
-781
-870
-799
-586
-301
-86
-27
-126
-263
-372
-395
-306
-144
56
178
176
62
-120
-251
-302
-252
-116
26
77
42
-26
-111
-181
-207
-139
-8
133
267
400
500
499
449
405
443
567
703
849
938
959
920
817
679
568
554
628
733
784
730
521
257
55
-37
-38
-3
86
137
81
-91
-240
-283
-249
-114
40
185
258
214
121
17
0
73
186
285
336
292
136
-26
-109
-117
-131
-183
-227
-223
-140
30
71
-93
-287
-367
-318
-289
-200
57
382
548
498
339
103
-84
-66
210
592
793
728
436
80
-227
-411
-407
-245
-9
42
-138
-449
-735
-945
-1032
-886
-618
-382
-345
-486
-671
-838
-875
-756
-522
-259
-80
-46
-161
-304
-402
-415
-340
-175
16
96
22
-150
-323
-447
-487
-438
-324
-208
-170
-223
-322
-402
-433
-428
-325
-129
60
212
263
258
226
197
243
361
573
786
913
908
793
621
462
405
431
554
661
649
523
295
68
-111
-167
-122
-37
14
0
-57
-191
-298
-329
-246
-76
94
227
255
215
155
112
146
241
370
456
503
466
341
191
88
41
29
20
-27
-66
-125
-37
99
107
7
-143
-153
-171
-166
16
309
637
718
644
455
213
110
204
537
805
928
796
498
166
-138
-276
-268
-67
109
87
-133
-463
-736
-927
-920
-726
-449
-266
-298
-413
-585
-702
-714
-584
-330
-104
43
18
-109
-263
-343
-322
-232
-63
64
68
-73
-269
-426
-531
-557
-509
-407
-342
-321
-363
-450
-537
-600
-522
-354
-130
41
98
108
57
35
82
217
404
571
697
707
605
445
326
274
303
416
480
450
305
85
-146
-294
-321
-273
-217
-211
-232
-292
-362
-409
-415
-347
-200
-45
68
121
115
100
87
113
196
280
336
359
366
317
219
101
11
-22
-84
-108
-78
18
179
213
134
-24
-135
-103
-82
31
291
671
898
854
679
439
270
248
509
897
1119
1078
787
448
137
-61
-93
17
210
286
178
-122
-424
-668
-790
-681
-426
-154
-86
-174
-326
-483
-573
-527
-313
-73
137
234
195
60
-127
-247
-259
-131
57
162
115
-67
-280
-490
-605
-618
-545
-450
-395
-367
-431
-526
-635
-645
-537
-366
-172
-43
42
26
-39
-35
62
232
387
509
550
512
407
300
231
200
229
248
249
179
47
-140
-329
-406
-396
-365
-374
-396
-440
-482
-483
-457
-399
-337
-242
-124
-21
34
54
87
105
135
158
204
254
247
224
170
120
53
-14
-122
-222
-231
-171
49
172
138
-41
-243
-234
-194
-47
174
498
803
865
758
509
355
297
447
805
1091
1201
986
637
276
48
7
94
279
353
298
35
-245
-466
-601
-539
-381
-122
31
35
-74
-225
-309
-315
-167
44
285
418
409
324
181
81
-1
29
159
307
354
236
30
-198
-344
-438
-437
-362
-272
-247
-322
-379
-446
-472
-477
-419
-262
-144
-31
-1
-6
-12
-6
88
196
311
350
333
271
220
186
131
104
35
-23
-92
-160
-238
-350
-426
-489
-521
-569
-585
-591
-605
-574
-522
-442
-409
-382
-328
-249
-141
-33
54
89
99
71
58
48
78
132
122
83
-8
-84
-205
-279
-258
-170
18
90
93
-79
-256
-287
-271
-24
275
628
794
728
569
344
258
276
549
845
1032
1018
743
427
81
-77
-69
90
287
311
158
-169
-429
-614
-623
-449
-228
-26
-36
-92
-189
-253
-255
-188
14
209
397
442
394
309
234
242
271
366
451
485
418
276
129
13
-46
-94
-105
-112
-103
-127
-191
-237
-256
-178
-114
-55
-19
-10
35
50
115
208
295
347
359
356
311
260
219
243
259
242
183
57
-71
-214
-318
-392
-422
-436
-469
-547
-668
-751
-813
-789
-726
-631
-524
-471
-438
-450
-418
-347
-240
-107
-1
66
61
14
-70
-100
-69
-36
-24
-68
-108
-251
-363
-354
-297
-158
-92
-14
-54
-235
-322
-339
-187
21
348
662
735
622
376
233
181
355
668
923
1026
844
544
183
-51
-115
-61
91
210
205
-64
-378
-634
-748
-665
-495
-228
-98
-121
-250
-372
-393
-348
-161
65
303
443
450
360
224
188
217
327
467
575
571
432
250
95
41
14
26
60
76
50
-33
-79
-114
-99
-9
114
228
272
279
268
265
314
406
520
614
658
633
551
474
435
422
420
401
354
276
141
-17
-178
-285
-331
-356
-386
-473
-575
-677
-748
-755
-706
-602
-510
-465
-446
-418
-387
-343
-256
-154
-71
-20
-1
-21
-68
-108
-124
-139
-171
-210
-263
-368
-468
-437
-389
-346
-290
-228
-230
-395
-462
-382
-236
-53
169
457
579
519
367
239
213
311
568
780
865
748
479
180
-51
-95
-68
-2
65
60
-125
-418
-619
-725
-706
-597
-400
-239
-229
-287
-387
-436
-424
-288
-40
195
349
369
328
224
144
152
256
416
530
562
451
265
96
-1
-23
-13
48
75
39
-42
-103
-116
-126
-61
51
163
220
237
273
288
328
406
527
639
708
734
691
619
557
537
530
514
480
396
277
136
-10
-139
-223
-276
-297
-351
-443
-516
-588
-606
-563
-489
-424
-401
-365
-299
-233
-180
-128
-77
-22
33
62
81
63
12
-30
-70
-102
-141
-186
-272
-394
-510
-529
-500
-461
-380
-299
-262
-373
-454
-435
-346
-171
49
326
484
494
387
250
189
233
414
603
726
667
455
184
-63
-179
-234
-194
-139
-131
-252
-479
-670
-816
-845
-783
-583
-377
-283
-280
-387
-451
-434
-286
-58
160
334
389
359
244
170
174
253
382
465
497
405
258
90
-31
-77
-60
7
31
42
-12
-76
-125
-156
-122
-27
130
261
346
374
383
376
391
503
630
753
813
807
753
649
563
504
488
477
441
359
235
86
-80
-213
-317
-370
-378
-394
-423
-467
-492
-497
-495
-458
-358
-234
-116
-38
0
15
24
73
131
195
243
243
170
76
42
9
-28
-88
-163
-254
-384
-487
-519
-523
-509
-445
-303
-194
-239
-353
-371
-282
-149
56
316
539
591
495
369
261
240
309
445
573
610
499
235
-56
-272
-378
-406
-347
-257
-314
-507
-712
-834
-884
-853
-718
-544
-437
-434
-434
-416
-370
-287
-161
6
144
231
253
233
203
196
222
266
314
298
235
140
40
-39
-85
-84
-75
-65
-76
-104
-148
-184
-178
-143
-33
120
246
305
315
323
358
436
544
662
745
796
801
744
651
556
479
430
436
440
387
267
111
-67
-233
-318
-337
-301
-274
-285
-322
-380
-425
-427
-343
-200
-46
72
129
149
139
143
179
229
285
320
309
282
238
183
85
-25
-80
-124
-161
-245
-345
-436
-525
-500
-440
-376
-301
-230
-182
-252
-275
-175
-17
118
256
422
490
453
355
300
295
310
378
445
461
357
140
-92
-271
-359
-405
-414
-401
-400
-489
-645
-756
-815
-813
-747
-587
-416
-335
-327
-355
-353
-305
-200
-62
76
187
225
208
163
115
83
76
102
145
163
131
49
-69
-170
-232
-264
-252
-231
-204
-195
-215
-214
-183
-129
-64
39
161
257
329
382
442
489
546
606
644
668
663
623
569
502
432
378
330
277
196
86
-28
-128
-192
-216
-215
-202
-188
-191
-206
-199
-170
-106
-12
77
153
208
239
257
283
320
363
397
430
428
373
319
248
186
120
61
37
-7
-75
-170
-246
-321
-382
-378
-348
-316
-321
-269
-155
-118
-145
-171
-94
15
88
190
283
334
305
278
250
205
172
132
148
153
124
13
-148
-260
-352
-414
-466
-465
-459
-492
-551
-597
-582
-595
-567
-486
-382
-285
-245
-189
-167
-141
-84
-6
77
111
131
120
115
97
80
64
40
27
0
-25
-95
-178
-241
-287
-295
-296
-271
-250
-241
-250
-243
-213
-167
-102
-22
94
185
251
279
285
304
318
361
400
446
458
434
377
293
230
168
155
160
150
102
31
-29
-105
-145
-132
-74
-23
2
28
24
15
29
76
144
229
316
370
388
385
396
407
401
401
407
398
367
338
304
249
187
139
104
45
-8
-49
-105
-167
-229
-277
-322
-317
-283
-252
-261
-224
-119
-124
-173
-221
-167
-82
-42
62
127
173
151
117
100
54
55
46
94
119
112
22
-133
-204
-274
-301
-319
-271
-238
-308
-372
-409
-403
-429
-396
-316
-242
-194
-192
-149
-148
-140
-130
-92
-6
43
80
60
42
13
-14
-25
-31
-5
-4
-10
-52
-94
-149
-211
-227
-232
-201
-190
-169
-151
-148
-140
-139
-118
-97
-58
-4
69
117
133
149
151
174
203
249
296
325
334
323
308
272
251
241
250
255
245
229
173
110
60
42
40
56
92
104
117
125
146
160
158
189
236
275
318
362
383
377
362
365
374
366
375
364
322
287
239
184
126
64
3
-75
-155
-213
-272
-336
-379
-422
-455
-490
-514
-501
-459
-379
-321
-298
-300
-273
-227
-168
-55
64
167
226
251
234
179
152
161
227
284
299
248
142
19
-106
-183
-229
-238
-236
-259
-308
-386
-462
-536
-549
-495
-415
-344
-315
-306
-317
-309
-270
-198
-108
-32
20
41
58
50
34
23
34
56
51
33
-7
-65
-139
-204
-244
-262
-278
-309
-338
-351
-357
-370
-358
-321
-250
-154
-73
9
82
146
202
256
327
411
504
566
602
614
590
558
516
492
477
451
422
386
335
258
181
118
79
68
70
71
74
72
57
51
67
116
177
233
278
309
322
319
329
340
353
371
380
372
322
263
203
150
87
12
-41
-99
-157
-239
-305
-351
-415
-471
-531
-556
-589
-573
-489
-410
-335
-320
-273
-215
-178
-108
-33
87
200
300
347
343
326
284
281
297
332
333
301
245
148
45
-65
-125
-170
-219
-273
-326
-376
-466
-528
-556
-545
-523
-492
-447
-434
-410
-394
-364
-316
-257
-199
-154
-91
-59
-58
-73
-80
-70
-69
-76
-93
-110
-161
-218
-270
-307
-334
-358
-353
-342
-326
-326
-310
-276
-236
-161
-79
14
100
165
213
256
311
376
455
530
609
667
683
668
631
599
592
602
605
596
557
498
412
314
264
235
218
204
184
161
125
72
26
29
55
83
113
145
157
131
112
117
127
150
166
174
169
150
124
88
45
14
-9
-32
-64
-112
-145
-169
-203
-226
-237
-212
-198
-216
-237
-252
-264
-273
-236
-172
-101
-71
-53
-22
-25
-3
18
62
121
175
216
191
172
149
141
140
152
174
140
101
55
7
-62
-134
-169
-213
-264
-323
-363
-416
-460
-478
-490
-491
-516
-517
-526
-525
-501
-485
-458
-439
-414
-399
-370
-321
-280
-244
-223
-196
-173
-161
-154
-141
-127
-120
-110
-96
-72
-61
-58
-66
-65
-40
-21
7
45
96
134
149
159
180
213
253
322
409
481
518
531
533
528
534
550
582
611
624
610
562
502
434
376
333
316
310
277
219
148
75
5
-33
-48
-59
-55
-54
-67
-83
-77
-75
-64
-29
14
46
58
75
99
121
141
159
173
177
177
168
165
160
143
134
116
89
57
27
-7
-48
-70
-98
-129
-172
-213
-254
-277
-246
-223
-218
-228
-203
-161
-170
-158
-125
-72
-52
-41
5
10
3
-9
19
26
6
3
-31
-64
-119
-165
-226
-279
-304
-358
-409
-455
-482
-543
-584
-561
-543
-536
-533
-488
-467
-466
-443
-394
-332
-288
-213
-151
-106
-76
-39
-1
15
47
68
100
125
134
119
83
65
47
43
24
29
34
32
45
41
48
37
58
98
143
203
251
293
317
346
365
399
432
461
498
512
519
491
458
420
386
361
331
316
291
245
177
116
69
34
28
16
17
13
1
-10
-20
1
31
62
99
147
170
186
205
223
251
268
310
338
344
335
308
287
259
244
233
211
173
136
103
54
1
-56
-103
-135
-162
-191
-215
-242
-277
-303
-326
-350
-380
-401
-396
-383
-352
-327
-319
-320
-338
-360
-365
-341
-309
-262
-200
-167
-183
-219
-247
-274
-297
-273
-197
-131
-120
-150
-196
-240
-256
-246
-208
-168
-154
-175
-205
-226
-240
-246
-229
-189
-161
-149
-139
-135
-121
-95
-58
-15
20
34
42
58
76
90
92
101
104
92
86
99
117
123
116
96
75
49
32
35
45
70
93
99
91
82
82
93
124
168
221
258
275
273
265
268
286
313
333
356
375
367
336
304
303
314
326
340
354
342
297
246
206
194
196
212
231
227
220
203
178
163
163
181
209
232
248
251
226
204
192
190
206
195
172
142
101
63
26
-3
-32
-60
-97
-144
-201
-255
-291
-319
-347
-368
-391
-420
-448
-469
-478
-472
-459
-448
-447
-453
-459
-457
-442
-413
-396
-384
-354
-327
-306
-300
-293
-284
-274
-251
-233
-205
-153
-105
-93
-119
-144
-162
-174
-143
-83
-26
8
26
3
-58
-96
-80
-38
2
46
70
45
-7
-54
-74
-61
-18
20
17
1
-8
-36
-66
-71
-47
-33
-25
-9
-2
-5
-3
7
6
17
49
65
70
84
101
106
120
147
161
158
160
196
227
244
265
273
274
282
297
316
331
356
390
409
415
414
399
385
400
432
455
453
439
414
391
375
374
374
364
345
307
267
235
202
173
145
123
98
66
38
12
-16
-42
-53
-58
-72
-87
-103
-122
-136
-141
-135
-137
-150
-160
-174
-185
-179
-165
-159
-161
-174
-195
-222
-251
-259
-260
-262
-263
-267
-282
-305
-323
-332
-340
-335
-322
-319
-332
-343
-344
-334
-311
-285
-262
-243
-229
-217
-213
-224
-228
-213
-192
-183
-181
-169
-162
-173
-184
-177
-171
-172
-169
-163
-159
-157
-156
-157
-161
-165
-165
-152
-119
-83
-65
-68
-63
-52
-49
-38
-10
26
47
54
62
70
81
98
124
147
163
168
169
165
170
186
204
219
233
237
235
230
231
244
262
280
294
302
301
297
293
294
317
339
351
354
353
352
352
355
358
353
346
347
346
341
328
301
275
257
239
218
197
182
160
127
94
74
56
41
28
22
13
4
3
-3
-8
-6
5
21
25
24
24
22
22
21
16
6
-6
-19
-31
-40
-51
-70
-97
-124
-148
-166
-188
-215
-231
-239
-248
-259
-271
-281
-291
-295
-282
-272
-273
-279
-274
-265
-260
-255
-254
-248
-240
-236
-228
-226
-230
-239
-249
-249
-254
-269
-287
-303
-312
-319
-320
-313
-304
-304
-313
-319
-312
-301
-290
-275
-249
-218
-189
-161
-136
-116
-95
-67
-34
0
31
56
78
93
113
129
139
151
165
174
183
196
205
202
190
188
197
204
209
217
227
238
249
264
272
266
265
270
277
288
293
287
287
290
281
267
255
249
241
233
229
220
213
205
191
180
177
171
164
158
153
143
136
137
140
136
137
138
136
137
133
125
115
109
110
112
114
115
109
90
73
65
67
69
62
51
45
37
26
10
-10
-24
-30
-35
-43
-65
-91
-116
-138
-155
-172
-189
-206
-226
-243
-250
-258
-272
-285
-299
-308
-308
-309
-307
-301
-293
-292
-290
-288
-284
-280
-278
-273
-261
-254
-247
-233
-222
-223
-231
-239
-237
-230
-218
-207
-197
-196
-205
-215
-217
-207
-191
-173
-156
-140
-128
-123
-116
-98
-75
-49
-26
-7
11
28
45
58
72
93
111
122
134
148
161
166
169
175
175
170
165
162
157
157
159
160
157
155
147
138
142
155
177
193
201
210
213
219
231
242
251
264
273
272
267
266
266
256
249
243
230
212
200
190
176
158
140
127
112
98
86
75
72
70
63
52
42
40
46
50
56
61
62
61
58
53
51
57
67
67
48
31
18
4
-11
-28
-36
-46
-64
-90
-116
-139
-152
-157
-165
-168
-176
-184
-186
-190
-183
-174
-165
-154
-143
-136
-131
-123
-113
-99
-85
-82
-78
-78
-78
-85
-99
-108
-108
-116
-131
-146
-164
-178
-189
-195
-203
-219
-234
-249
-252
-251
-250
-246
-225
-209
-204
-199
-199
-188
-164
-132
-105
-78
-59
-53
-47
-42
-28
-4
26
46
51
56
57
53
52
59
65
75
93
107
112
116
122
127
138
156
169
183
206
220
231
241
246
253
266
275
285
297
306
298
289
283
265
242
222
209
197
178
149
120
90
67
40
13
-4
-13
-22
-33
-44
-58
-67
-74
-78
-69
-56
-45
-38
-30
-16
-4
-1
1
-5
-7
1
13
19
13
4
-7
-23
-39
-52
-65
-69
-73
-79
-91
-105
-111
-111
-108
-100
-85
-73
-68
-61
-53
-46
-37
-20
-13
-14
-10
-2
1
-3
-16
-27
-36
-44
-52
-64
-77
-94
-108
-120
-136
-152
-166
-180
-191
-197
-204
-209
-213
-219
-223
-223
-218
-212
-204
-194
-180
-166
-150
-139
-125
-109
-88
-65
-45
-28
-7
6
11
14
25
38
47
60
76
89
101
118
134
142
147
162
180
195
208
218
224
228
238
245
246
246
254
259
259
260
254
248
248
247
241
228
214
196
180
163
157
150
135
114
87
59
31
13
2
-3
-12
-25
-40
-58
-74
-85
-92
-97
-96
-94
-103
-108
-111
-117
-116
-109
-103
-100
-95
-86
-76
-62
-53
-43
-31
-22
-18
-27
-41
-45
-38
-33
-33
-33
-35
-44
-49
-54
-62
-66
-67
-70
-73
-76
-75
-72
-69
-74
-81
-83
-84
-82
-84
-83
-85
-91
-96
-98
-99
-100
-104
-107
-108
-108
-114
-127
-138
-143
-148
-153
-158
-160
-161
-164
-161
-151
-136
-120
-111
-102
-88
-72
-57
-43
-28
-5
16
32
50
66
78
91
107
120
134
143
148
157
163
165
166
173
184
191
193
197
200
205
206
204
208
215
215
213
209
205
207
209
210
212
213
205
191
185
185
184
178
164
152
140
121
105
93
83
70
55
31
8
-6
-19
-32
-40
-41
-46
-56
-68
-78
-84
-81
-72
-67
-63
-60
-60
-64
-62
-61
-56
-54
-54
-54
-60
-69
-76
-80
-85
-90
-97
-107
-114
-124
-131
-131
-132
-133
-134
-137
-139
-145
-153
-157
-157
-154
-150
-152
-163
-166
-170
-171
-164
-158
-152
-151
-153
-155
-161
-165
-159
-150
-143
-138
-137
-140
-138
-134
-130
-122
-114
-105
-99
-98
-91
-76
-61
-43
-30
-22
-16
-7
5
23
39
52
67
84
95
97
101
111
124
138
155
165
168
171
172
175
180
188
196
200
197
195
188
184
185
188
187
183
178
174
172
168
162
158
156
157
158
155
151
147
148
148
143
135
127
125
121
116
112
105
98
91
83
74
66
62
53
41
35
28
20
15
6
1
-3
-8
-9
-8
-14
-21
-31
-38
-39
-43
-43
-45
-47
-50
-59
-71
-83
-92
-95
-96
-102
-109
-124
-143
-155
-160
-166
-175
-183
-189
-197
-205
-210
-213
-216
-216
-214
-213
-211
-211
-211
-205
-199
-189
-180
-172
-161
-156
-153
-144
-134
-128
-122
-116
-111
-102
-94
-94
-95
-95
-93
-90
-86
-79
-76
-72
-71
-68
-63
-56
-50
-43
-31
-14
0
12
19
25
35
47
57
70
81
88
93
103
114
119
122
123
128
136
143
148
149
151
152
154
160
165
165
164
168
171
171
174
179
182
182
181
187
195
201
202
202
206
208
207
205
205
204
200
195
189
180
172
165
154
144
134
126
114
99
91
90
83
72
63
60
55
48
38
30
26
21
15
10
3
-5
-15
-24
-34
-43
-50
-59
-70
-84
-97
-111
-121
-130
-142
-156
-166
-175
-183
-189
-199
-204
-206
-210
-214
-218
-216
-213
-213
-210
-201
-190
-186
-187
-187
-183
-176
-168
-164
-163
-162
-160
-161
-159
-155
-153
-155
-159
-158
-161
-160
-155
-151
-149
-145
-141
-137
-131
-123
-119
-110
-100
-90
-80
-67
-51
-34
-16
1
15
28
41
52
59
64
71
80
87
93
102
108
116
121
122
125
133
140
146
151
154
156
160
164
171
176
179
183
185
189
191
195
201
208
212
216
220
220
220
220
218
214
209
204
197
191
182
175
169
163
156
149
141
134
129
122
112
103
94
88
83
78
72
64
58
51
42
32
24
14
4
-6
-15
-27
-38
-49
-60
-68
-80
-93
-100
-106
-113
-120
-126
-132
-136
-138
-139
-143
-147
-151
-155
-159
-163
-166
-167
-166
-165
-171
-173
-176
-180
-181
-183
-186
-189
-191
-195
-200
-203
-205
-206
-207
-208
-208
-206
-204
-204
-204
-201
-197
-191
-183
-175
-168
-161
-153
-144
-133
-125
-116
-104
-94
-87
-78
-69
-61
-51
-41
-33
-27
-14
-2
8
20
35
47
56
69
79
87
98
109
114
121
131
140
145
151
159
162
167
172
178
182
183
183
182
184
189
192
193
192
190
188
191
192
190
188
190
190
189
187
183
181
181
178
173
171
171
167
160
155
154
149
141
136
131
123
115
109
103
96
95
91
83
76
72
64
53
47
42
36
26
19
15
9
7
3
-5
-14
-22
-29
-36
-45
-56
-69
-78
-84
-90
-95
-105
-115
-124
-134
-142
-146
-151
-159
-170
-178
-183
-188
-192
-195
-198
-199
-199
-201
-207
-214
-216
-216
-214
-213
-212
-210
-209
-204
-200
-194
-189
-184
-176
-166
-161
-156
-150
-144
-135
-128
-119
-103
-90
-79
-73
-64
-52
-40
-31
-23
-16
-10
-3
7
16
24
33
40
47
56
64
71
75
83
89
96
102
105
107
111
115
118
121
124
128
131
134
137
140
141
142
145
149
150
149
147
145
145
145
145
144
144
142
143
142
140
138
136
134
131
126
123
121
119
118
115
113
108
104
102
99
97
97
91
86
83
76
70
64
57
53
45
40
33
25
18
12
6
-2
-9
-17
-26
-34
-42
-49
-56
-66
-71
-77
-84
-93
-102
-109
-116
-121
-125
-128
-132
-135
-139
-146
-152
-156
-156
-155
-155
-156
-158
-161
-160
-159
-157
-154
-154
-155
-156
-151
-146
-141
-140
-137
-132
-126
-121
-117
-111
-104
-97
-91
-87
-80
-76
-70
-65
-60
-55
-48
-43
-36
-27
-19
-14
-12
-7
-1
5
9
11
14
18
25
35
42
46
46
46
50
56
61
67
73
80
83
82
83
87
96
105
111
113
118
123
126
127
128
131
131
130
132
136
137
141
141
138
137
137
133
130
128
127
126
124
121
119
116
112
106
101
96
93
89
85
82
72
62
56
51
42
35
30
26
23
16
6
-6
-13
-19
-25
-33
-37
-40
-48
-56
-62
-69
-74
-77
-82
-86
-89
-92
-97
-100
-99
-101
-105
-107
-107
-107
-109
-110
-112
-112
-111
-108
-108
-107
-108
-108
-108
-106
-107
-108
-111
-111
-109
-107
-107
-106
-101
-94
-87
-85
-85
-86
-84
-81
-80
-72
-69
-66
-61
-58
-54
-51
-48
-48
-42
-34
-29
-24
-21
-18
-13
-9
-5
4
10
16
21
28
35
41
48
52
59
68
74
79
85
92
97
100
104
108
114
119
124
132
134
136
137
140
143
144
143
141
142
144
143
142
140
138
135
133
131
128
123
119
113
108
107
101
93
86
80
72
64
58
50
42
35
27
20
13
7
1
-4
-8
-15
-25
-34
-41
-46
-54
-60
-64
-71
-72
-74
-77
-81
-84
-88
-91
-92
-91
-95
-96
-98
-102
-103
-100
-102
-101
-101
-101
-101
-98
-96
-96
-95
-95
-93
-91
-92
-93
-94
-91
-92
-93
-93
-93
-92
-88
-86
-86
-88
-85
-81
-80
-75
-73
-70
-66
-64
-61
-60
-59
-58
-57
-56
-50
-47
-45
-40
-36
-33
-31
-27
-23
-15
-8
0
7
10
18
24
30
35
45
50
57
64
70
76
83
89
94
99
103
108
114
119
121
125
130
133
134
134
136
139
140
140
139
138
140
140
137
133
132
131
127
121
120
118
115
109
104
98
92
86
82
77
73
66
59
56
50
41
32
26
23
16
7
0
-6
-7
-13
-19
-24
-26
-29
-36
-41
-43
-46
-51
-58
-60
-64
-66
-70
-74
-75
-75
-80
-88
-95
-98
-101
-107
-111
-113
-114
-116
-118
-120
-118
-121
-121
-123
-123
-124
-126
-127
-127
-125
-124
-122
-121
-119
-117
-115
-115
-115
-112
-113
-112
-111
-107
-107
-106
-99
-93
-89
-84
-80
-75
-71
-66
-61
-58
-50
-44
-38
-32
-24
-16
-8
-4
6
16
21
27
34
42
47
50
56
60
66
68
73
80
86
93
95
100
103
107
109
108
111
118
123
126
129
135
140
143
144
145
146
146
147
148
149
149
150
149
150
150
146
142
140
138
134
129
126
122
119
112
106
102
96
92
87
84
81
77
72
67
61
55
51
45
39
35
28
24
18
12
6
-1
-6
-15
-23
-31
-40
-50
-59
-68
-75
-82
-89
-95
-102
-108
-113
-120
-125
-131
-135
-137
-139
-141
-142
-145
-147
-146
-148
-150
-149
-150
-150
-149
-147
-148
-146
-146
-148
-147
-144
-143
-142
-137
-137
-133
-128
-124
-120
-116
-108
-101
-94
-89
-85
-81
-75
-69
-63
-54
-44
-39
-33
-25
-20
-16
-10
-3
1
6
11
15
18
23
27
29
33
37
39
43
48
54
56
57
60
64
70
74
77
81
87
90
89
93
98
102
105
108
110
109
109
109
113
118
124
126
126
128
128
126
127
127
126
125
123
123
122
120
118
117
117
121
120
116
113
109
104
100
96
90
82
77
75
71
66
61
53
45
38
34
25
18
12
3
-5
-13
-19
-24
-31
-39
-48
-54
-60
-69
-78
-84
-87
-91
-97
-106
-111
-111
-114
-119
-122
-122
-125
-128
-128
-129
-132
-133
-133
-131
-130
-128
-126
-125
-124
-127
-124
-120
-119
-117
-117
-115
-113
-109
-105
-102
-98
-94
-89
-85
-82
-79
-75
-69
-65
-61
-57
-52
-48
-44
-41
-35
-31
-27
-20
-13
-8
-2
3
7
10
17
24
31
36
40
45
47
51
55
60
63
66
73
78
83
88
92
97
105
110
114
117
120
123
126
129
128
129
130
131
130
130
131
132
130
128
125
127
128
126
125
124
123
121
116
111
106
101
99
95
91
88
85
78
72
66
63
60
56
49
42
37
31
24
18
12
5
-3
-10
-14
-22
-30
-37
-43
-49
-56
-64
-70
-76
-82
-86
-90
-96
-101
-105
-109
-113
-117
-121
-123
-123
-124
-126
-125
-126
-129
-132
-131
-130
-130
-129
-128
-128
-128
-126
-125
-123
-120
-116
-114
-111
-108
-108
-107
-106
-102
-97
-94
-93
-91
-89
-88
-89
-88
-85
-78
-72
-68
-63
-61
-55
-47
-41
-34
-26
-20
-15
-10
-4
0
6
14
20
25
32
37
41
46
48
51
58
65
72
76
81
84
84
87
91
95
100
104
105
106
108
110
110
109
113
115
116
117
118
119
120
121
121
121
123
123
121
120
118
114
111
108
105
102
97
93
88
87
83
76
73
73
66
59
54
52
48
43
38
32
28
26
20
15
10
5
3
-3
-9
-11
-11
-16
-25
-28
-32
-39
-44
-48
-53
-58
-63
-66
-69
-73
-74
-73
-76
-80
-81
-82
-85
-87
-88
-88
-89
-92
-94
-93
-94
-94
-96
-98
-96
-95
-93
-91
-93
-90
-87
-86
-87
-87
-86
-84
-84
-84
-83
-78
-74
-71
-66
-62
-59
-56
-50
-45
-41
-37
-35
-31
-24
-17
-12
-7
-3
1
8
11
10
14
18
19
23
27
31
36
41
45
48
54
57
60
64
68
72
75
78
80
83
86
84
85
87
86
86
88
90
92
93
94
93
96
96
94
93
93
91
87
85
83
79
76
75
73
71
68
66
63
59
54
52
48
45
42
41
40
36
32
29
24
20
16
14
8
1
-4
-9
-14
-18
-22
-25
-29
-36
-40
-42
-44
-48
-51
-53
-57
-60
-63
-65
-69
-72
-76
-79
-83
-85
-87
-89
-92
-95
-96
-96
-96
-97
-96
-96
-98
-98
-99
-97
-97
-96
-95
-95
-96
-97
-95
-93
-89
-87
-83
-79
-76
-73
-69
-67
-64
-60
-55
-53
-49
-43
-38
-35
-31
-29
-25
-22
-17
-11
-8
-5
-2
1
7
12
18
21
22
23
25
27
31
35
42
46
48
49
50
54
57
60
62
63
64
64
65
69
73
76
78
79
82
83
83
85
87
88
90
92
94
95
96
93
90
87
86
84
85
85
85
83
78
74
68
66
62
57
55
51
46
42
38
36
31
28
23
19
15
9
4
0
-3
-6
-10
-13
-15
-17
-21
-26
-29
-30
-30
-32
-33
-35
-36
-38
-41
-44
-47
-49
-51
-53
-53
-53
-53
-54
-53
-52
-54
-53
-53
-52
-50
-49
-46
-45
-44
-43
-44
-43
-42
-42
-42
-43
-41
-41
-40
-39
-37
-36
-34
-35
-33
-32
-32
-31
-30
-29
-26
-24
-24
-23
-22
-21
-21
-20
-17
-12
-10
-8
-6
-2
1
2
4
5
6
7
9
11
13
18
20
20
22
25
28
29
31
35
38
41
44
44
46
50
51
53
57
59
61
61
62
64
65
66
64
62
61
60
59
58
57
54
51
48
45
42
40
38
36
33
29
27
22
17
12
10
9
4
1
-1
-5
-8
-10
-14
-18
-18
-23
-27
-30
-33
-37
-38
-40
-43
-45
-45
-45
-47
-47
-47
-48
-49
-50
-52
-53
-52
-53
-54
-53
-50
-49
-50
-50
-47
-48
-47
-45
-44
-39
-39
-39
-39
-39
-40
-39
-40
-40
-39
-37
-37
-35
-33
-34
-34
-36
-35
-34
-33
-29
-27
-26
-23
-21
-22
-21
-23
-21
-20
-21
-19
-18
-19
-18
-15
-13
-11
-6
-3
3
6
10
15
20
26
29
31
34
36
38
38
39
40
42
39
42
44
47
53
55
58
61
64
63
62
63
64
65
66
65
65
64
63
61
58
57
55
52
52
50
49
47
44
42
40
37
36
34
34
34
30
29
29
26
23
19
17
13
9
6
3
1
-1
-4
-6
-8
-9
-12
-14
-15
-15
-17
-20
-21
-23
-25
-27
-29
-31
-32
-32
-33
-34
-34
-34
-34
-34
-36
-37
-37
-36
-37
-37
-34
-33
-33
-34
-37
-37
-38
-37
-36
-35
-34
-32
-31
-32
-32
-30
-30
-28
-27
-25
-24
-23
-23
-24
-23
-22
-23
-22
-21
-21
-19
-18
-19
-16
-15
-12
-12
-13
-12
-10
-8
-6
-2
1
1
1
2
4
5
10
13
14
15
17
18
20
23
25
28
28
28
30
31
33
34
35
36
37
37
37
38
38
38
40
39
39
38
39
37
35
35
33
34
32
30
28
25
24
22
22
19
18
17
15
13
12
10
9
7
3
1
0
0
-2
-4
-5
-8
-9
-9
-11
-13
-13
-14
-16
-16
-16
-16
-18
-18
-18
-20
-21
-22
-24
-24
-26
-25
-26
-28
-28
-30
-31
-30
-31
-34
-34
-35
-35
-35
-35
-36
-37
-36
-36
-35
-37
-37
-37
-37
-36
-35
-36
-36
-35
-36
-36
-33
-33
-31
-30
-29
-27
-27
-26
-27
-27
-26
-23
-21
-17
-14
-13
-12
-9
-8
-5
-3
-1
1
4
6
9
11
12
14
17
19
22
23
25
28
30
32
35
37
41
44
45
47
46
46
47
47
48
52
54
55
57
59
60
61
63
64
64
65
65
66
66
64
63
62
62
62
61
59
58
58
56
55
53
52
50
49
47
45
41
37
36
33
29
26
22
19
15
12
9
7
3
1
-3
-5
-9
-13
-16
-19
-22
-26
-27
-30
-34
-39
-41
-43
-44
-47
-50
-51
-52
-53
-57
-61
-63
-64
-68
-69
-71
-72
-74
-75
-75
-78
-79
-79
-78
-79
-78
-77
-77
-75
-75
-75
-74
-71
-70
-68
-66
-65
-61
-58
-55
-53
-51
-45
-42
-40
-37
-34
-30
-26
-22
-21
-18
-14
-10
-8
-6
-1
1
3
6
9
12
15
17
19
23
26
28
30
31
33
36
38
39
41
43
44
46
46
47
48
49
52
53
53
54
57
58
60
60
62
64
64
63
64
63
63
63
63
62
63
63
61
63
62
63
62
63
60
60
60
58
57
54
52
50
46
43
38
32
28
24
19
15
13
8
4
2
-2
-5
-10
-14
-16
-21
-24
-26
-30
-34
-37
-40
-42
-45
-48
-51
-53
-54
-55
-58
-61
-63
-63
-64
-64
-67
-68
-68
-68
-67
-65
-64
-64
-64
-61
-59
-57
-55
-54
-52
-52
-51
-51
-49
-49
-48
-46
-46
-44
-42
-41
-40
-38
-36
-34
-33
-31
-30
-29
-28
-29
-26
-26
-22
-20
-16
-14
-12
-10
-8
-5
-3
0
1
4
7
10
12
16
18
21
24
26
29
30
32
34
36
41
43
44
46
48
51
52
55
58
62
66
68
68
70
72
73
73
75
76
75
76
78
79
79
78
77
76
74
74
72
71
70
70
67
65
63
62
59
57
57
56
54
49
46
46
43
41
37
35
32
30
25
21
18
15
12
9
4
0
-3
-8
-13
-17
-18
-22
-27
-30
-33
-37
-41
-45
-46
-49
-54
-58
-59
-59
-63
-66
-69
-72
-76
-78
-77
-80
-81
-83
-85
-87
-88
-89
-90
-91
-90
-91
-89
-89
-90
-90
-89
-88
-86
-85
-84
-85
-82
-79
-76
-74
-73
-71
-68
-64
-60
-58
-56
-53
-50
-45
-41
-38
-35
-31
-28
-24
-19
-15
-10
-6
-1
4
9
13
15
19
25
28
34
38
41
43
48
53
57
60
61
64
67
69
70
74
76
77
79
80
81
80
80
81
82
82
82
81
81
80
79
77
77
76
75
74
71
70
67
65
63
61
60
57
55
52
49
45
42
40
36
35
34
32
30
25
23
20
17
13
11
9
7
3
1
-3
-8
-11
-13
-16
-19
-20
-22
-26
-29
-32
-35
-37
-38
-41
-43
-44
-46
-50
-53
-56
-57
-57
-57
-57
-58
-60
-61
-64
-65
-65
-66
-65
-65
-64
-63
-63
-64
-64
-63
-60
-60
-58
-54
-55
-54
-51
-51
-50
-48
-45
-43
-39
-38
-36
-35
-31
-26
-25
-20
-16
-13
-10
-9
-6
-2
0
2
7
12
16
19
19
22
22
24
26
28
30
36
36
39
43
42
43
45
47
49
48
49
50
51
52
50
51
51
50
50
51
51
51
50
50
51
50
48
47
46
44
43
42
42
41
39
38
37
36
34
31
30
29
28
28
26
25
23
18
16
14
13
10
8
7
5
3
0
-2
-2
-4
-5
-8
-10
-13
-15
-17
-19
-20
-23
-24
-27
-28
-29
-30
-32
-33
-34
-37
-39
-38
-39
-39
-40
-41
-43
-45
-46
-46
-44
-45
-46
-46
-47
-46
-47
-46
-46
-46
-46
-45
-45
-46
-45
-44
-42
-41
-42
-40
-38
-35
-34
-33
-31
-30
-28
-25
-24
-22
-20
-18
-16
-13
-9
-8
-6
-3
-1
3
5
6
8
10
11
14
14
16
17
20
22
24
26
28
30
30
32
35
36
37
40
42
43
43
44
45
45
45
45
46
47
47
46
47
48
49
49
48
49
50
49
46
43
42
42
42
42
40
39
38
36
36
35
32
29
26
27
27
25
21
20
18
17
15
12
10
6
3
0
-2
-5
-7
-9
-9
-9
-10
-13
-16
-20
-22
-24
-25
-27
-28
-30
-31
-32
-32
-33
-35
-35
-38
-40
-41
-41
-43
-44
-43
-44
-45
-46
-46
-45
-45
-45
-47
-49
-50
-49
-48
-47
-46
-44
-42
-41
-41
-40
-41
-39
-39
-38
-36
-33
-32
-32
-30
-26
-23
-21
-20
-19
-16
-14
-12
-12
-12
-9
-8
-5
-5
-3
-1
2
3
5
7
10
9
9
13
16
18
18
18
21
25
25
25
27
31
34
34
35
37
37
36
36
39
40
41
40
40
42
44
43
42
43
44
44
42
40
41
41
40
38
40
40
39
37
37
37
38
33
33
32
31
30
27
27
25
23
21
19
17
14
13
13
10
7
4
4
3
0
-4
-7
-6
-7
-8
-10
-14
-14
-16
-18
-19
-20
-22
-25
-27
-25
-26
-27
-28
-28
-29
-29
-33
-33
-33
-34
-36
-38
-37
-37
-38
-39
-40
-38
-37
-37
-37
-36
-35
-33
-35
-37
-36
-36
-35
-34
-33
-32
-32
-32
-31
-30
-26
-25
-26
-25
-23
-22
-19
-19
-16
-16
-14
-13
-13
-11
-10
-8
-8
-6
-3
-2
-1
0
2
5
7
9
10
10
11
13
16
18
19
22
25
26
26
26
27
27
29
31
33
34
36
36
37
37
39
39
40
40
43
44
44
43
43
42
43
42
42
42
41
41
40
39
37
38
36
36
35
34
33
31
30
26
25
25
23
22
21
18
15
14
13
11
9
6
5
3
2
0
-3
-3
-5
-8
-10
-11
-12
-13
-15
-17
-18
-19
-21
-23
-24
-26
-28
-29
-31
-32
-33
-34
-35
-36
-36
-38
-38
-39
-40
-40
-38
-39
-40
-40
-39
-38
-38
-37
-36
-37
-37
-36
-34
-34
-34
-33
-32
-31
-29
-29
-28
-27
-26
-23
-22
-21
-18
-18
-16
-16
-15
-13
-13
-11
-10
-8
-8
-8
-7
-5
-4
-1
-2
-1
3
5
4
6
8
9
8
10
12
14
14
15
17
18
19
18
18
19
19
21
22
21
23
23
23
24
24
24
25
26
25
25
24
23
21
21
22
21
19
19
20
20
20
20
19
19
19
16
14
15
14
12
10
10
9
8
8
6
6
6
6
6
5
3
2
1
1
1
0
0
-2
-2
-2
-2
-4
-3
-4
-4
-3
-4
-5
-4
-4
-4
-6
-8
-8
-7
-7
-6
-6
-6
-6
-5
-5
-6
-6
-6
-6
-6
-7
-9
-9
-8
-6
-7
-8
-7
-7
-7
-5
-5
-6
-4
-3
-3
-3
-3
-4
-4
-3
-2
-3
-3
-2
-1
-2
-1
-2
-3
-2
-2
-2
-1
-3
-3
-2
0
1
0
0
0
0
0
1
2
1
2
1
2
1
2
3
5
6
6
6
7
8
10
13
13
14
14
14
14
14
15
18
18
18
19
19
20
21
20
20
19
19
18
18
16
16
15
15
14
12
12
11
11
10
9
8
7
5
4
3
1
0
-2
-6
-8
-10
-12
-13
-13
-16
-17
-17
-18
-19
-20
-21
-22
-22
-23
-24
-27
-26
-27
-29
-29
-30
-30
-30
-30
-29
-30
-30
-30
-28
-29
-28
-28
-27
-28
-27
-27
-27
-27
-27
-26
-26
-25
-24
-23
-23
-19
-20
-18
-17
-17
-15
-15
-13
-14
-14
-12
-11
-11
-10
-8
-6
-4
-3
-1
0
1
4
5
7
9
10
10
12
14
15
16
18
19
19
20
21
21
22
24
25
26
26
27
28
28
29
32
31
31
32
31
32
33
33
33
34
34
33
32
34
33
34
33
33
32
32
32
32
31
30
29
27
26
26
25
23
23
21
18
18
16
15
13
12
10
9
7
4
2
0
-1
-2
-4
-5
-8
-11
-14
-13
-15
-13
-16
-17
-18
-20
-21
-22
-23
-24
-23
-25
-26
-27
-29
-29
-29
-29
-30
-30
-30
-33
-31
-31
-29
-30
-30
-30
-30
-29
-28
-28
-27
-26
-25
-24
-24
-23
-22
-21
-20
-19
-19
-19
-18
-18
-17
-15
-14
-12
-11
-10
-11
-11
-12
-11
-10
-7
-6
-4
-3
-4
-3
-3
1
0
0
1
2
5
7
7
9
11
13
13
12
12
14
16
18
18
20
20
20
18
18
19
20
20
20
22
23
21
20
21
22
23
23
23
22
23
24
25
25
25
25
24
22
21
22
23
23
23
23
22
21
18
18
18
18
18
15
14
14
13
11
11
10
9
8
5
4
4
4
2
1
1
1
0
-2
-4
-4
-6
-8
-9
-10
-11
-12
-13
-13
-14
-15
-15
-15
-16
-18
-18
-20
-21
-21
-22
-23
-23
-22
-24
-24
-24
-22
-24
-24
-22
-22
-23
-24
-24
-24
-23
-22
-24
-23
-23
-24
-24
-22
-19
-19
-19
-20
-20
-18
-18
-18
-17
-17
-18
-17
-15
-12
-9
-8
-6
-6
-4
-4
-3
-3
-1
0
0
1
3
6
6
6
6
8
10
10
11
10
12
13
14
15
18
18
18
18
18
21
22
21
21
21
23
24
23
24
23
25
25
23
23
21
20
20
19
16
15
14
15
16
16
15
14
14
16
15
13
12
11
11
11
10
9
7
5
7
8
6
4
1
2
1
0
-1
-2
-3
-4
-4
-5
-6
-7
-8
-9
-9
-8
-10
-10
-11
-10
-9
-9
-8
-7
-7
-8
-10
-10
-9
-8
-9
-9
-8
-8
-8
-9
-8
-7
-7
-8
-9
-8
-7
-7
-8
-10
-10
-10
-10
-8
-8
-6
-6
-7
-7
-6
-5
-5
-5
-6
-4
-3
-5
-6
-5
-6
-5
-4
-5
-4
-4
-5
-4
-4
-4
-5
-4
-4
-3
-2
-2
-1
0
1
4
4
4
3
2
2
3
5
4
5
4
4
4
5
4
5
5
5
3
3
4
4
3
3
3
3
2
3
3
2
4
4
3
3
4
5
6
4
5
5
4
4
4
4
5
6
5
4
4
2
2
2
2
2
1
1
0
-1
-1
0
1
2
2
2
2
2
1
0
1
0
1
0
1
2
2
2
1
0
0
-1
-1
-2
-1
0
0
-1
0
0
-2
-3
-3
-2
-2
-3
-4
-4
-2
-2
-3
-2
-1
0
-1
-2
-1
-1
-1
-2
-2
-3
-1
-1
-1
0
1
0
0
-1
-1
-1
-2
-3
-2
-2
-2
-2
-1
-1
0
0
-1
-1
0
-1
0
1
0
1
-1
1
1
2
1
2
2
2
1
2
1
0
0
0
0
0
1
1
2
2
2
3
4
3
3
4
4
3
4
3
3
2
2
1
2
2
1
0
0
0
0
1
2
2
2
3
2
1
1
2
