0
1
2
1
2
2
2
1
1
0
1
1
0
0
0
0
1
-1
-1
-1
1
1
0
1
1
2
2
2
3
3
3
4
4
5
4
3
4
4
3
3
2
2
1
0
0
0
-1
-1
-2
-1
-2
0
-1
-1
-1
1
1
1
0
2
1
0
0
2
0
-2
-1
-1
-3
-5
-4
-2
-3
-4
-4
-2
-2
-1
-2
-2
-2
-2
-1
0
-1
-3
-1
0
1
1
2
2
4
5
5
6
7
8
9
9
9
11
11
10
9
8
7
6
5
3
2
2
1
0
1
2
2
4
6
8
9
12
14
15
16
17
18
16
16
13
10
6
3
-1
-7
-8
-9
-9
-9
-8
-7
-6
-4
-3
-1
3
5
6
8
9
9
8
4
2
0
-3
-8
-14
-19
-23
-27
-30
-35
-36
-36
-34
-33
-31
-25
-24
-21
-18
-18
-17
-14
-15
-20
-20
-18
-25
-30
-31
-36
-40
-43
-44
-49
-50
-51
-54
-52
-49
-42
-34
-22
-8
5
17
27
33
36
35
31
26
26
23
19
15
9
6
0
-9
-18
-22
-25
-31
-31
-28
-25
-20
-9
0
10
20
30
36
37
36
32
29
24
20
15
12
12
7
2
-1
-2
-6
-6
-6
-4
5
18
30
39
54
68
78
86
86
88
87
81
68
59
54
46
37
34
33
36
37
36
34
37
37
34
36
38
39
43
47
44
43
42
33
19
8
-1
-14
-25
-34
-39
-44
-47
-46
-47
-50
-52
-49
-45
-47
-43
-35
-27
-21
-16
-13
-11
-12
-13
-15
-24
-24
-28
-38
-51
-49
-45
-50
-56
-54
-53
-59
-62
-65
-53
-31
-8
10
30
56
68
66
52
40
35
29
16
3
0
-1
-7
-17
-23
-33
-44
-51
-54
-56
-53
-48
-41
-30
-17
-3
11
22
26
28
27
26
18
11
5
0
-5
-14
-24
-35
-46
-53
-61
-65
-65
-57
-50
-41
-24
7
39
67
81
95
113
114
98
76
64
57
48
41
32
28
28
30
27
23
17
10
8
13
20
27
35
49
63
77
89
86
77
65
51
34
11
-6
-18
-24
-25
-22
-25
-31
-36
-44
-53
-60
-64
-64
-46
-29
-18
-8
3
14
14
7
-3
-10
-17
-32
-47
-64
-77
-88
-99
-110
-118
-124
-129
-125
-127
-114
-76
-12
52
99
142
187
219
205
161
113
86
70
41
6
-23
-43
-57
-76
-106
-142
-175
-191
-192
-184
-172
-144
-99
-45
3
47
91
121
138
135
124
111
89
55
17
-13
-45
-77
-114
-147
-169
-186
-191
-188
-181
-159
-122
-75
-29
15
59
93
118
135
144
136
114
87
70
71
76
75
66
74
89
89
74
64
59
55
64
78
92
107
122
136
145
152
143
121
95
76
53
28
8
-4
-4
-2
0
5
9
10
0
-14
-18
-20
-13
-10
-5
8
16
26
19
8
-10
-29
-47
-70
-93
-115
-128
-123
-104
-88
-79
-73
-59
-48
-56
-76
-97
-100
-104
-108
-114
-123
-132
-156
-170
-142
-81
-14
46
114
209
256
241
186
130
105
88
90
87
81
73
57
32
-14
-68
-138
-199
-240
-262
-257
-236
-190
-135
-76
-9
49
83
96
98
95
92
86
73
65
54
51
33
-8
-64
-128
-185
-236
-273
-293
-285
-248
-200
-141
-68
5
62
107
142
168
169
155
134
118
105
94
85
92
131
159
154
140
151
152
113
80
77
110
153
191
214
231
254
258
237
207
173
128
89
70
55
38
22
19
19
16
-5
-36
-60
-72
-76
-66
-19
36
74
96
112
126
107
64
11
-34
-65
-92
-132
-168
-179
-191
-195
-197
-204
-218
-240
-255
-282
-298
-294
-299
-285
-247
-220
-218
-196
-153
-94
150
417
480
337
337
473
321
45
-115
-36
53
94
120
35
-32
-92
-133
-239
-317
-382
-462
-417
-291
-147
-103
-7
144
217
225
210
211
160
96
54
46
65
64
34
-30
-71
-105
-188
-301
-399
-424
-418
-392
-333
-249
-145
-39
58
131
203
231
194
152
168
180
104
43
49
85
72
38
23
9
-11
-50
-74
-57
39
120
151
217
346
462
448
389
356
349
323
258
202
176
175
156
130
113
83
8
-77
-115
-109
-105
-103
-66
17
104
179
222
226
211
184
155
121
102
88
63
44
39
30
-27
-136
-219
-245
-261
-335
-379
-321
-256
-240
-227
-159
-147
-173
-174
-173
-220
-279
-227
-215
-252
-298
-273
-263
-170
164
358
299
145
293
372
105
-138
-168
48
180
305
295
177
89
-3
-112
-295
-382
-521
-586
-467
-267
-161
-163
-20
103
95
21
-1
-5
-70
-64
33
168
257
278
245
163
87
-43
-231
-427
-543
-526
-470
-391
-308
-196
-89
-26
-5
9
36
1
-31
-1
117
193
210
259
321
355
301
235
151
68
26
29
60
128
224
278
315
341
343
283
216
199
206
228
283
338
364
384
390
349
243
140
50
-41
-109
-109
-49
7
53
91
120
112
71
4
-65
-87
-59
-6
28
68
115
133
102
36
-25
-121
-230
-300
-315
-320
-355
-348
-286
-254
-284
-304
-325
-359
-366
-337
-318
-351
-313
-254
-199
107
495
626
438
361
529
400
4
-261
-160
83
262
356
279
158
1
-164
-351
-464
-564
-692
-601
-320
-53
7
75
218
219
98
-19
-53
-106
-153
-97
48
225
329
319
188
50
-69
-258
-481
-629
-614
-512
-398
-252
-107
-3
20
-21
-55
-45
-51
-97
-88
60
256
332
318
307
311
264
140
25
-34
-30
43
158
327
495
537
500
454
413
301
136
65
93
175
281
391
430
407
363
290
164
45
-22
-95
-130
-79
36
94
78
69
52
5
-47
-68
-82
-94
-63
23
74
66
43
-17
-111
-204
-225
-233
-269
-267
-187
-116
-173
-233
-240
-268
-375
-446
-390
-346
-335
-312
-227
-199
-262
-343
-276
100
420
450
303
381
577
424
104
-71
75
252
326
322
211
62
-189
-348
-398
-434
-592
-705
-531
-288
-195
-232
-143
-51
-67
-112
-101
16
93
142
180
280
393
334
129
-54
-132
-235
-378
-460
-424
-360
-345
-313
-272
-262
-323
-402
-408
-298
-137
-20
89
226
394
466
405
300
213
157
94
81
133
275
401
442
501
563
549
365
180
123
121
120
157
280
367
391
357
298
235
139
56
32
117
224
284
289
280
256
175
67
-64
-135
-155
-145
-79
36
136
145
108
53
-49
-207
-302
-313
-299
-250
-133
8
43
13
-44
-153
-317
-415
-400
-389
-400
-350
-237
-201
-266
-338
-412
-525
-582
-438
-28
369
529
537
564
612
425
131
3
110
319
509
638
565
317
-30
-295
-461
-610
-764
-841
-649
-371
-216
-203
-161
-131
-237
-339
-334
-187
-34
106
288
497
660
618
394
152
-17
-192
-376
-458
-423
-372
-364
-344
-320
-379
-539
-673
-661
-543
-375
-201
2
200
344
401
355
279
186
126
117
235
445
582
624
602
630
601
426
182
22
59
165
266
340
419
413
278
132
10
-98
-218
-213
-10
257
422
474
480
419
288
118
10
-34
-49
14
140
279
327
244
96
-50
-173
-294
-378
-375
-285
-182
-117
-92
-123
-196
-273
-315
-314
-268
-176
-32
83
104
61
-28
-144
-293
-414
-450
-419
-229
172
527
583
434
320
244
14
-244
-232
82
491
775
876
783
488
42
-338
-508
-562
-574
-505
-254
6
15
-182
-411
-605
-769
-840
-744
-477
-155
127
347
451
418
211
-64
-254
-303
-242
-126
43
182
218
89
-155
-418
-696
-914
-976
-841
-576
-317
-118
19
70
6
-139
-283
-303
-193
-9
213
456
665
750
721
605
485
407
369
360
369
431
508
542
503
396
242
64
-70
-142
-160
-152
-123
-29
87
154
123
54
16
36
99
171
274
358
405
393
340
286
193
91
49
112
175
149
61
-54
-172
-307
-403
-489
-566
-589
-493
-314
-203
-145
-102
-63
-82
-148
-197
-255
-268
-199
-64
50
124
360
601
597
377
154
115
34
-89
-68
167
481
659
694
558
235
-187
-450
-389
-265
-252
-255
-113
53
-57
-376
-621
-714
-770
-744
-536
-230
-15
6
30
88
51
-90
-242
-223
-81
64
152
169
112
-30
-212
-401
-515
-583
-642
-603
-450
-270
-222
-315
-397
-413
-394
-327
-207
-52
120
284
404
438
379
282
208
208
310
448
565
634
720
764
642
474
305
211
199
211
276
365
433
432
317
109
-80
-227
-285
-211
-45
123
206
245
244
154
16
-39
32
150
268
367
436
438
330
160
59
20
26
52
57
70
45
-81
-261
-431
-556
-570
-514
-393
-254
-182
-148
-174
-268
-368
-453
-498
-457
-334
-128
272
660
794
622
355
280
185
2
-9
282
684
952
1025
881
399
-210
-497
-402
-252
-236
-220
-69
29
-184
-616
-951
-1078
-1085
-948
-615
-219
-8
-35
-108
-108
-132
-231
-285
-140
135
353
440
389
189
-94
-311
-379
-394
-420
-390
-285
-195
-211
-343
-525
-655
-681
-577
-364
-165
-53
-3
64
107
60
-6
1
97
224
385
567
648
694
665
629
641
591
581
598
633
673
726
685
602
452
224
94
-16
-34
-12
-40
-74
-125
-159
-257
-342
-341
-259
-99
59
229
294
256
202
170
198
240
336
458
503
508
435
277
49
-136
-221
-237
-216
-212
-142
-122
-244
-378
-489
-554
-603
-613
-515
-447
-433
-449
-393
-329
-296
-77
167
315
249
156
209
229
200
225
495
778
917
888
731
507
184
-7
-6
81
143
78
15
-112
-370
-674
-882
-916
-897
-811
-647
-517
-522
-627
-670
-667
-653
-537
-333
-107
17
47
47
-7
-93
-195
-206
-95
33
152
189
177
68
-87
-182
-247
-257
-232
-119
-1
42
-13
-127
-205
-279
-312
-298
-206
-68
67
174
220
246
224
218
267
366
491
605
711
784
815
776
699
641
584
547
526
506
468
385
275
143
31
-54
-103
-117
-135
-148
-160
-197
-240
-270
-270
-237
-169
-72
13
77
111
95
79
107
167
200
213
276
350
351
311
294
278
210
151
122
76
-4
-83
-141
-203
-276
-322
-361
-415
-439
-437
-424
-382
-291
-219
-224
-250
-228
-181
-110
-14
122
281
397
459
394
243
105
39
38
77
135
181
170
95
-25
-156
-258
-316
-324
-302
-264
-237
-245
-303
-376
-416
-440
-459
-454
-428
-412
-421
-417
-405
-407
-427
-408
-334
-270
-229
-189
-147
-120
-115
-85
-20
21
48
72
105
107
51
0
-23
-19
-16
-2
24
29
42
68
97
103
116
164
230
255
239
254
300
348
392
450
518
550
536
511
493
456
415
413
459
509
542
531
449
340
256
180
130
108
102
123
137
144
109
47
-34
-110
-118
-97
-61
-1
49
74
107
139
117
59
42
91
132
147
158
193
220
169
110
101
89
58
28
40
73
53
11
-33
-93
-157
-194
-180
-174
-195
-208
-196
-195
-225
-278
-327
-390
-444
-439
-372
-322
-299
-279
-272
-191
-255
-353
-312
-286
-291
-232
-140
-143
-149
-160
-225
-295
-350
-416
-431
-354
-327
-309
-272
-297
-352
-392
-393
-383
-366
-321
-247
-167
-99
-51
-15
-19
-28
-13
15
46
76
111
139
149
145
127
101
93
98
122
158
173
171
176
163
137
106
85
111
117
136
187
217
219
213
223
235
253
274
301
344
384
391
380
366
344
322
313
325
347
354
357
363
331
263
195
159
164
181
189
182
172
168
164
143
101
71
79
120
150
157
151
122
86
99
128
132
111
104
128
138
103
66
61
27
-22
16
102
117
64
3
-44
-97
-158
-222
-273
-286
-270
-254
-256
-266
-318
-396
-427
-435
-448
-452
-427
-398
-358
-307
-308
-323
-337
-348
-344
-336
-327
-323
-324
-332
-311
-273
-250
-258
-297
-298
-275
-278
-301
-315
-288
-255
-223
-185
-142
-98
-98
-120
-119
-94
-78
-79
-65
-27
12
18
13
31
47
62
90
132
169
189
185
159
144
135
127
145
188
207
199
193
201
209
193
170
187
229
257
264
254
220
177
162
166
175
198
227
234
204
191
190
175
146
134
169
208
234
251
268
267
262
262
255
252
263
281
286
291
308
310
291
277
280
278
251
221
201
181
132
87
90
106
104
85
101
149
166
138
94
63
44
22
1
-17
-21
-12
-11
-26
-50
-81
-138
-207
-249
-251
-240
-244
-253
-254
-265
-304
-363
-416
-471
-504
-479
-422
-387
-394
-416
-432
-435
-452
-482
-488
-464
-417
-369
-336
-324
-333
-338
-327
-295
-235
-193
-173
-155
-118
-83
-94
-126
-142
-129
-96
-60
-31
-27
-51
-66
-54
-48
-61
-74
-61
-28
1
18
17
15
24
48
81
112
135
154
178
205
242
286
305
303
299
318
323
292
262
252
260
266
254
229
200
166
136
127
121
113
112
138
175
200
212
216
228
235
238
251
282
301
310
333
377
414
407
398
371
330
296
260
241
227
224
231
237
214
191
149
99
109
95
76
91
102
117
86
24
7
-21
-55
-87
-109
-72
-91
-128
-125
-112
-104
-112
-115
-122
-160
-187
-214
-251
-288
-318
-298
-281
-287
-315
-362
-396
-430
-474
-509
-528
-525
-504
-504
-496
-489
-503
-496
-447
-380
-344
-329
-295
-237
-199
-189
-182
-168
-138
-102
-69
-38
-36
-59
-54
-43
-42
-70
-98
-103
-99
-89
-80
-71
-84
-100
-99
-74
-62
-63
-55
-41
16
45
91
143
148
146
159
187
175
173
194
205
224
254
236
210
197
177
159
156
133
128
149
190
192
180
209
177
190
224
232
234
259
292
288
342
348
316
365
374
366
351
348
361
339
331
348
322
344
325
281
276
224
233
211
181
232
202
164
161
92
16
22
-55
-80
-16
-65
-53
-52
-60
-83
-122
-99
-109
-137
-71
-95
-93
-39
-92
-123
-143
-137
-145
-174
-160
-179
-198
-221
-250
-315
-389
-357
-390
-446
-418
-431
-442
-412
-408
-421
-410
-348
-325
-337
-295
-281
-276
-214
-186
-147
-122
-109
-84
-66
-50
-71
-70
-64
-68
-45
-54
-71
-93
-118
-125
-126
-111
-95
-106
-124
-142
-140
-123
-115
-94
-81
-50
-5
20
3
18
61
46
61
124
144
130
142
150
126
138
167
133
165
184
135
173
182
147
130
165
159
204
277
269
310
306
277
292
265
334
349
309
450
436
443
465
347
374
341
366
366
326
462
357
388
475
312
374
289
217
300
165
249
180
51
239
36
30
82
-151
-59
-111
-152
-93
-170
-170
-168
-198
-128
-192
-288
-172
-173
-242
-113
-182
-225
-99
-205
-201
-223
-250
-274
-306
-235
-287
-330
-293
-372
-418
-402
-458
-392
-360
-360
-329
-339
-322
-403
-389
-325
-338
-249
-201
-219
-150
-185
-217
-163
-212
-182
-125
-86
-45
-54
-66
-82
-76
-92
-66
-32
-30
-5
-27
-37
-68
-101
-100
-90
-44
-39
-31
-34
-70
-75
-112
-99
-80
-79
-38
0
39
25
17
3
-11
49
83
102
145
149
161
203
212
223
202
229
265
271
294
275
274
285
314
325
366
361
329
335
328
328
341
376
376
415
441
462
458
381
418
400
433
483
387
408
414
350
340
318
271
255
212
175
181
116
36
-13
-9
-46
-87
-107
-138
-115
-156
-243
-207
-185
-226
-274
-211
-152
-304
-242
-222
-274
-199
-261
-261
-204
-276
-318
-258
-265
-343
-298
-250
-315
-306
-270
-321
-358
-347
-361
-383
-292
-229
-324
-288
-269
-310
-316
-383
-316
-237
-236
-173
-127
-142
-171
-194
-186
-139
-53
3
22
48
12
-33
-33
-37
-26
-10
10
38
26
-12
-87
-122
-107
-105
-60
-39
-53
-67
-101
-148
-146
-109
-124
-99
-42
-21
-9
-24
-30
-13
4
70
117
153
190
151
145
170
180
211
226
249
262
274
298
286
283
298
343
396
430
439
431
460
460
456
504
525
532
545
553
601
587
551
542
522
511
475
469
435
376
375
333
272
242
197
145
120
120
74
13
-22
-37
-90
-141
-170
-184
-145
-129
-180
-248
-306
-311
-330
-408
-360
-297
-305
-308
-333
-365
-418
-468
-476
-499
-418
-333
-404
-391
-417
-510
-584
-573
-461
-388
-341
-328
-333
-396
-436
-493
-474
-321
-192
-79
-10
-25
-121
-219
-242
-87
86
184
236
182
107
-16
-96
-75
-25
67
89
83
30
-147
-286
-361
-334
-193
-95
-65
-113
-250
-368
-452
-459
-348
-254
-126
-37
-91
-147
-262
-330
-266
-139
44
193
238
205
130
47
31
51
152
288
385
497
511
460
374
309
370
457
567
638
660
664
628
575
538
543
588
642
704
770
736
629
515
481
503
480
506
530
472
396
302
243
210
162
169
179
169
136
48
-32
-101
-134
-103
-101
-107
-119
-200
-242
-260
-279
-296
-306
-310
-335
-359
-381
-400
-428
-430
-438
-438
-456
-532
-564
-596
-573
-467
-280
-162
-224
-356
-413
-347
-295
-231
-112
117
271
259
149
-7
-118
-139
55
334
503
413
199
30
-111
-206
-207
-80
46
52
-56
-228
-404
-595
-676
-560
-378
-251
-276
-417
-587
-717
-760
-664
-504
-344
-233
-244
-288
-381
-478
-464
-355
-138
70
173
179
80
-24
-45
9
127
269
373
442
434
350
279
240
277
372
493
577
580
516
434
393
400
455
511
569
615
601
544
487
447
445
493
559
617
610
525
423
343
318
331
357
388
374
319
248
147
56
-11
-35
-13
18
19
-54
-155
-238
-290
-296
-293
-286
-283
-301
-326
-341
-390
-432
-450
-459
-467
-472
-398
-267
-48
69
-9
-176
-247
-192
-133
-4
224
524
656
553
337
122
-39
-27
246
569
691
493
180
-104
-334
-461
-425
-232
-83
-130
-333
-594
-843
-1012
-1015
-823
-548
-389
-419
-566
-736
-850
-845
-666
-385
-139
-32
-51
-150
-295
-364
-294
-100
126
278
322
221
30
-142
-194
-109
12
163
263
239
104
-74
-160
-156
-75
40
187
307
294
206
120
82
129
263
415
555
603
543
469
424
415
456
524
584
616
571
482
367
255
210
212
235
228
157
59
-54
-139
-164
-182
-192
-180
-176
-185
-236
-286
-292
-246
-180
-104
-61
-80
-97
-122
-122
-119
-102
-31
171
483
627
487
246
170
245
300
351
584
886
981
851
592
308
47
-25
259
669
815
572
181
-142
-418
-604
-539
-262
-52
-109
-353
-604
-825
-1008
-1032
-804
-468
-248
-244
-396
-572
-729
-748
-546
-221
57
132
43
-88
-227
-294
-241
-113
64
179
172
39
-172
-357
-435
-405
-282
-133
-62
-125
-311
-431
-459
-401
-282
-140
18
118
131
68
22
28
112
273
442
544
546
464
374
325
298
314
356
401
372
237
79
-97
-229
-244
-210
-154
-142
-204
-315
-440
-512
-522
-481
-394
-304
-202
-192
-246
-301
-321
-221
-88
68
176
171
122
4
-52
29
316
710
858
768
537
412
332
295
503
880
1203
1256
1111
798
413
134
206
560
904
1011
836
478
12
-342
-444
-256
38
184
141
-75
-349
-625
-792
-726
-470
-160
34
35
-117
-337
-510
-481
-268
20
234
295
213
0
-201
-312
-288
-141
-16
93
58
-133
-354
-564
-638
-617
-507
-386
-314
-300
-378
-497
-572
-542
-417
-230
-64
67
126
99
44
37
82
164
288
400
449
405
268
127
40
7
-4
13
29
-35
-178
-368
-537
-606
-590
-517
-436
-413
-448
-518
-585
-631
-606
-502
-355
-213
-143
-145
-207
-242
-213
-114
4
74
108
104
39
-101
-123
95
442
645
568
377
229
139
101
238
587
959
1124
1046
779
426
158
168
494
901
1115
1028
700
294
-64
-215
-69
251
500
509
316
48
-221
-420
-422
-210
103
342
396
265
25
-202
-294
-171
102
381
498
403
187
-33
-190
-231
-119
54
175
176
54
-117
-287
-420
-449
-358
-224
-104
-38
-77
-176
-277
-310
-253
-113
63
196
268
242
189
148
116
114
157
241
307
310
217
74
-68
-172
-223
-219
-188
-191
-265
-412
-582
-704
-725
-664
-560
-478
-479
-508
-550
-610
-633
-590
-482
-342
-237
-194
-235
-344
-446
-426
-329
-249
-241
-262
-290
-412
-488
-419
-136
127
176
53
-78
-134
-163
-47
207
587
859
899
732
477
255
165
328
658
960
998
792
466
134
-100
-154
40
300
400
278
41
-187
-346
-400
-302
-74
172
322
309
192
49
-42
-5
163
417
621
631
501
339
203
129
145
245
339
358
278
143
-26
-155
-210
-227
-207
-143
-26
35
-6
-90
-123
-94
-22
103
252
402
472
476
459
432
421
412
438
501
534
489
370
225
93
-21
-91
-118
-135
-178
-292
-439
-580
-672
-699
-665
-586
-522
-492
-521
-589
-622
-606
-561
-504
-406
-320
-301
-341
-423
-465
-489
-481
-437
-399
-424
-531
-587
-565
-436
-238
-118
-131
-269
-356
-378
-305
-135
131
435
583
554
364
141
-10
24
261
551
733
689
402
31
-236
-322
-222
-13
154
147
-31
-243
-390
-443
-413
-259
-32
163
249
207
100
0
-4
99
311
535
634
579
409
253
163
141
200
250
281
246
156
57
-62
-156
-222
-248
-215
-104
50
141
139
84
53
95
190
340
526
676
748
781
781
747
694
648
670
740
779
758
649
464
269
115
60
61
43
-26
-147
-279
-383
-453
-463
-428
-376
-305
-271
-278
-309
-337
-338
-305
-244
-172
-120
-142
-217
-315
-361
-366
-354
-379
-433
-519
-644
-693
-607
-380
-225
-232
-368
-488
-545
-549
-417
-146
204
442
485
340
83
-158
-229
-39
295
574
637
454
101
-270
-494
-497
-292
-37
75
-16
-212
-435
-600
-649
-537
-288
-40
111
129
51
-74
-156
-134
17
252
447
495
406
242
86
-11
-25
31
106
132
85
-8
-122
-242
-353
-412
-388
-288
-128
1
55
27
-20
-22
35
166
362
580
703
731
716
678
636
595
606
675
736
741
661
523
343
159
60
70
140
156
86
-30
-154
-241
-262
-187
-74
25
89
106
90
54
34
58
134
221
272
247
161
46
-50
-100
-124
-165
-232
-338
-429
-456
-387
-252
-162
-166
-289
-429
-517
-463
-282
-6
300
478
459
259
10
-157
-147
50
332
523
508
281
-72
-408
-579
-542
-359
-161
-111
-236
-464
-674
-781
-760
-604
-378
-160
-41
-32
-114
-215
-249
-190
-25
176
338
370
257
88
-61
-146
-148
-101
-42
-29
-87
-193
-322
-430
-514
-562
-565
-494
-337
-190
-126
-153
-195
-197
-150
-22
173
372
484
511
504
473
439
388
387
433
479
486
413
285
122
-32
-128
-126
-86
-75
-112
-188
-260
-295
-274
-200
-107
-7
92
155
189
214
253
305
353
388
430
447
428
358
274
230
196
138
28
-78
-168
-179
-114
3
110
122
34
-124
-225
-215
-64
186
472
689
736
612
400
215
133
235
463
675
745
605
297
-78
-330
-388
-289
-140
-65
-125
-309
-532
-681
-716
-647
-484
-271
-97
-41
-92
-196
-269
-251
-132
58
231
317
266
120
-14
-114
-153
-147
-109
-77
-102
-186
-296
-405
-518
-605
-626
-580
-481
-364
-275
-245
-273
-294
-255
-156
-15
145
282
360
382
375
350
304
270
263
286
304
264
177
37
-111
-225
-282
-276
-271
-300
-367
-440
-478
-481
-435
-342
-227
-134
-78
-38
0
55
124
205
280
346
366
338
280
230
195
163
171
171
99
-46
-215
-268
-192
-33
101
159
126
21
-80
-105
11
231
502
750
897
867
684
476
373
437
616
811
926
870
614
246
-43
-144
-106
-25
22
-8
-132
-314
-461
-519
-490
-391
-246
-102
5
36
-13
-86
-102
-33
89
241
350
367
279
165
65
0
-25
-37
-41
-79
-118
-161
-253
-405
-552
-634
-618
-508
-384
-292
-276
-305
-339
-339
-266
-132
25
150
241
290
304
280
236
201
184
195
212
204
141
14
-141
-267
-341
-381
-402
-428
-471
-528
-582
-614
-596
-527
-432
-349
-302
-278
-240
-194
-123
-26
64
123
134
106
59
14
-11
5
23
24
-29
-136
-274
-417
-466
-381
-205
-75
-32
-23
-60
-149
-201
-97
141
407
630
784
810
693
523
427
472
621
795
898
849
642
346
92
-9
5
37
44
24
-45
-172
-302
-362
-331
-265
-173
-59
54
114
96
58
65
134
234
334
419
459
437
371
290
224
181
155
154
158
143
62
-80
-233
-344
-376
-343
-284
-242
-220
-234
-265
-272
-228
-126
-7
107
192
251
284
290
291
297
309
320
326
320
287
203
90
-19
-102
-155
-198
-250
-320
-392
-461
-514
-525
-491
-449
-429
-419
-403
-373
-330
-267
-202
-145
-110
-85
-65
-51
-44
-54
-72
-90
-104
-125
-173
-238
-305
-377
-468
-518
-461
-349
-280
-256
-203
-151
-183
-240
-176
-6
165
330
505
616
566
431
354
361
407
472
555
607
541
348
137
3
-63
-94
-93
-45
-14
-59
-153
-230
-273
-290
-248
-146
-11
90
131
124
98
98
134
198
269
338
372
365
336
304
273
234
186
146
132
127
102
55
-14
-93
-161
-184
-161
-121
-82
-43
0
44
88
123
159
190
229
288
353
404
426
424
391
341
302
282
280
270
241
179
85
-10
-90
-143
-163
-166
-170
-187
-221
-262
-303
-319
-296
-250
-211
-189
-186
-192
-201
-190
-173
-153
-140
-143
-143
-157
-169
-199
-258
-321
-359
-380
-405
-438
-490
-510
-486
-405
-311
-234
-191
-190
-225
-252
-191
-51
127
285
384
393
298
178
120
156
242
329
382
371
255
72
-78
-145
-146
-119
-70
-42
-86
-195
-311
-385
-399
-336
-227
-121
-42
-12
-41
-93
-124
-98
-33
57
174
280
319
289
220
144
106
125
194
263
285
247
164
58
-34
-69
-55
-12
37
94
131
124
78
40
46
97
170
244
304
346
365
366
366
372
382
393
406
420
418
400
360
305
257
229
202
158
108
72
42
0
-37
-78
-125
-180
-218
-232
-239
-246
-248
-240
-243
-245
-242
-232
-207
-189
-182
-197
-209
-220
-240
-271
-288
-294
-307
-315
-351
-361
-341
-302
-262
-227
-181
-172
-214
-249
-219
-143
-56
40
128
162
119
38
-21
2
73
141
196
221
187
71
-36
-75
-84
-106
-129
-132
-155
-211
-279
-315
-313
-293
-272
-258
-247
-249
-259
-254
-217
-161
-106
-47
1
33
56
86
122
141
162
184
195
194
199
210
202
171
141
125
113
94
74
73
78
85
84
77
80
90
108
152
226
297
328
342
374
411
439
474
518
558
583
590
578
536
483
439
406
384
368
332
253
150
53
-31
-100
-148
-177
-201
-229
-250
-263
-276
-289
-290
-266
-218
-180
-144
-112
-98
-88
-79
-57
-28
8
29
1
-62
-114
-161
-227
-248
-200
-144
-158
-213
-251
-313
-399
-440
-386
-278
-173
-83
-19
-15
-75
-134
-112
-1
134
233
283
282
193
53
-35
-37
-13
-10
-18
-50
-140
-280
-400
-472
-503
-491
-450
-418
-425
-453
-482
-496
-482
-418
-313
-203
-107
-36
2
13
25
67
127
184
236
275
284
259
212
148
90
48
30
26
26
19
-12
-48
-67
-59
-37
-1
47
106
176
245
319
389
452
507
561
613
663
704
730
739
731
709
665
597
519
448
380
306
233
165
91
-5
-107
-192
-246
-269
-272
-260
-242
-231
-230
-232
-219
-179
-107
-7
83
144
170
174
148
115
111
133
151
124
60
-33
-144
-253
-306
-294
-269
-283
-324
-348
-387
-447
-479
-414
-271
-122
-7
56
64
42
33
84
187
283
334
353
347
280
163
64
5
-52
-121
-176
-224
-304
-417
-526
-611
-664
-684
-679
-667
-647
-620
-600
-583
-539
-458
-368
-277
-187
-98
-42
-20
4
41
72
79
85
100
100
67
16
-35
-86
-127
-158
-177
-187
-196
-194
-183
-155
-111
-57
0
57
118
187
268
353
433
518
596
647
669
681
687
678
656
646
644
624
566
474
378
280
194
129
81
28
-38
-100
-151
-192
-226
-237
-219
-179
-128
-74
-18
25
52
80
129
192
236
250
264
277
277
254
218
172
112
51
-3
-55
-118
-204
-281
-309
-288
-264
-267
-265
-245
-243
-254
-215
-113
3
96
184
270
315
314
318
350
389
402
405
394
340
246
139
55
-10
-81
-175
-267
-344
-428
-520
-589
-608
-611
-619
-609
-574
-544
-534
-513
-458
-380
-314
-263
-212
-161
-123
-91
-57
-27
-8
-4
-3
-7
-26
-54
-76
-94
-113
-126
-129
-133
-150
-161
-157
-142
-121
-92
-48
4
56
106
158
204
237
274
332
413
490
534
546
532
511
491
479
481
480
458
410
339
254
167
93
41
10
-14
-42
-79
-123
-168
-199
-203
-186
-165
-139
-101
-64
-36
-6
33
65
84
112
157
201
214
215
212
203
182
153
125
83
25
-32
-76
-124
-179
-224
-234
-215
-199
-191
-183
-170
-157
-130
-60
35
126
193
245
277
289
302
331
371
393
385
361
327
277
207
130
58
-11
-80
-148
-215
-280
-346
-419
-486
-540
-569
-576
-569
-552
-529
-506
-495
-478
-437
-382
-332
-280
-213
-141
-83
-45
-19
-4
2
12
34
63
87
91
67
24
-25
-67
-99
-116
-122
-119
-108
-100
-103
-115
-120
-94
-43
19
80
144
203
248
281
307
334
361
392
425
449
450
427
384
326
271
224
175
115
50
-10
-70
-129
-180
-219
-251
-273
-279
-271
-253
-234
-216
-194
-154
-94
-25
43
100
135
155
173
194
222
253
273
271
252
220
163
101
55
33
11
-12
-31
-58
-121
-208
-246
-211
-144
-91
-41
5
5
-36
-59
-15
81
205
325
395
396
337
271
246
280
321
332
324
291
204
70
-32
-80
-120
-173
-212
-239
-290
-359
-414
-450
-478
-478
-442
-394
-343
-301
-267
-247
-221
-176
-129
-86
-37
20
64
87
89
72
57
56
59
58
53
40
1
-54
-102
-130
-147
-147
-134
-112
-107
-104
-98
-80
-51
-15
29
70
113
151
181
206
223
235
243
258
261
248
226
208
191
169
143
102
57
9
-20
-33
-40
-50
-71
-100
-130
-141
-132
-115
-94
-76
-48
-17
9
18
29
46
73
101
130
153
154
149
142
146
160
168
164
147
125
94
65
57
67
59
22
-22
-59
-90
-122
-115
-70
-24
-19
-39
-57
-82
-98
-79
-20
49
104
142
149
130
102
93
119
171
213
216
193
154
104
44
11
17
19
-2
-32
-57
-98
-151
-193
-222
-240
-245
-227
-199
-179
-178
-196
-217
-223
-201
-165
-117
-77
-61
-66
-75
-79
-84
-70
-40
-6
18
29
20
-16
-56
-85
-93
-87
-77
-84
-111
-136
-155
-176
-193
-189
-172
-169
-164
-140
-102
-75
-62
-39
-16
6
28
56
99
145
181
199
209
208
192
163
142
141
140
137
120
94
52
7
-19
-27
-22
-20
-22
-28
-37
-42
-38
-20
9
50
85
104
124
144
164
179
207
240
258
257
242
221
182
133
102
89
62
16
-32
-80
-142
-198
-228
-259
-291
-288
-255
-226
-217
-193
-166
-153
-134
-77
2
78
157
224
266
267
266
276
299
343
375
382
356
311
246
173
129
105
81
39
-9
-68
-136
-195
-238
-256
-270
-273
-266
-257
-249
-248
-228
-206
-180
-145
-100
-57
-39
-23
-14
-9
-11
-9
1
-8
-27
-58
-87
-130
-177
-217
-253
-269
-280
-292
-310
-312
-302
-299
-280
-238
-188
-148
-103
-50
-4
41
91
154
198
229
252
268
291
310
327
329
319
294
254
217
183
157
123
92
68
43
17
-12
-22
-23
-15
3
25
47
58
66
77
102
130
154
181
198
199
187
180
172
152
142
130
110
68
23
-16
-56
-92
-116
-118
-127
-151
-172
-185
-190
-200
-187
-157
-124
-106
-104
-95
-66
-19
21
66
115
147
147
141
164
200
228
250
267
259
214
176
154
142
126
118
107
73
23
-29
-66
-90
-109
-127
-151
-170
-191
-215
-234
-229
-216
-217
-218
-209
-197
-195
-185
-166
-161
-164
-168
-162
-158
-152
-148
-159
-182
-206
-225
-243
-249
-246
-250
-254
-256
-255
-256
-252
-229
-190
-131
-71
-30
-8
8
27
51
92
144
193
229
252
259
262
263
266
277
291
301
301
295
283
257
231
213
204
193
179
174
165
150
131
117
105
91
89
93
96
98
96
89
78
66
59
56
55
62
68
57
36
13
-9
-26
-32
-26
-26
-38
-51
-62
-73
-72
-65
-52
-35
-14
0
10
15
13
14
21
40
57
58
46
25
-1
-24
-27
-14
-3
-8
-26
-41
-55
-65
-69
-57
-40
-30
-27
-26
-34
-55
-71
-67
-53
-39
-36
-50
-77
-104
-129
-145
-141
-130
-147
-175
-194
-211
-233
-251
-256
-260
-260
-257
-253
-250
-248
-238
-234
-221
-197
-174
-152
-129
-104
-95
-88
-77
-61
-43
-23
-2
12
22
28
30
24
22
25
34
57
84
107
115
116
115
121
143
179
222
251
267
272
273
271
275
292
307
317
317
314
295
269
242
219
207
196
190
177
153
120
87
64
50
45
39
31
26
17
10
2
3
6
15
29
43
56
66
72
69
68
71
78
86
89
101
105
99
77
53
43
35
30
31
35
21
-8
-44
-71
-88
-97
-91
-88
-91
-110
-140
-166
-184
-186
-180
-174
-173
-183
-192
-193
-184
-176
-174
-170
-169
-167
-158
-137
-127
-138
-155
-171
-186
-194
-181
-161
-160
-166
-179
-201
-226
-233
-221
-205
-187
-173
-176
-186
-190
-186
-178
-155
-116
-88
-78
-70
-63
-62
-49
-21
3
15
27
39
40
35
39
40
36
35
43
51
56
67
70
68
78
95
108
125
154
175
180
187
203
219
232
255
273
281
283
281
275
263
253
241
233
229
229
216
189
168
144
127
122
127
131
127
124
120
118
111
114
122
135
151
163
172
168
159
147
142
148
156
159
153
141
115
88
70
51
29
8
-4
-14
-33
-66
-92
-104
-118
-136
-148
-139
-127
-122
-128
-139
-152
-171
-176
-172
-161
-156
-161
-171
-191
-220
-253
-281
-284
-272
-267
-274
-289
-303
-335
-360
-357
-336
-308
-280
-252
-250
-255
-253
-241
-209
-169
-121
-93
-70
-54
-66
-84
-81
-42
-10
20
45
44
23
-4
-2
-2
6
22
31
32
18
16
4
6
19
33
45
51
71
74
79
88
95
104
106
115
114
122
127
125
129
128
128
116
116
115
104
100
100
111
115
126
129
123
122
128
144
157
183
202
208
209
214
223
229
247
260
267
263
256
249
237
237
229
225
215
208
197
176
158
140
128
114
108
104
94
82
67
56
39
27
14
-1
-11
-21
-30
-54
-78
-105
-130
-157
-176
-180
-195
-213
-234
-250
-273
-290
-285
-277
-268
-264
-257
-262
-269
-266
-259
-238
-219
-196
-193
-193
-195
-199
-196
-193
-172
-164
-158
-161
-166
-170
-178
-171
-165
-151
-144
-135
-123
-108
-93
-91
-76
-65
-44
-24
2
28
38
46
44
51
50
45
46
40
42
39
43
28
6
-15
-35
-43
-47
-31
-24
-22
-30
-38
-33
-32
-12
9
35
57
70
89
105
132
149
167
184
203
220
226
232
230
232
228
223
221
207
200
187
180
173
166
160
154
153
149
152
155
167
180
191
201
205
214
216
226
233
235
235
227
221
206
188
165
135
101
69
45
19
-6
-38
-69
-102
-126
-143
-162
-169
-168
-167
-169
-171
-174
-177
-170
-149
-120
-103
-99
-101
-109
-111
-104
-86
-75
-76
-79
-92
-109
-125
-142
-158
-167
-160
-155
-156
-157
-167
-182
-201
-198
-181
-153
-124
-102
-96
-105
-116
-123
-118
-99
-71
-49
-39
-44
-65
-87
-106
-107
-108
-93
-81
-81
-103
-132
-150
-165
-167
-160
-144
-133
-133
-136
-143
-141
-133
-114
-90
-59
-30
-12
4
15
30
40
62
89
111
134
147
156
154
157
166
179
195
202
206
207
209
209
211
215
222
225
226
230
237
240
234
235
236
236
240
240
240
235
229
221
214
203
189
177
163
141
118
101
86
68
50
30
11
-3
-19
-31
-42
-54
-64
-71
-73
-70
-65
-63
-63
-60
-56
-54
-49
-40
-34
-31
-29
-24
-27
-28
-22
-19
-24
-35
-43
-51
-56
-54
-53
-61
-73
-86
-100
-108
-105
-93
-90
-97
-105
-118
-130
-135
-131
-126
-119
-114
-118
-130
-144
-157
-163
-160
-151
-147
-151
-169
-187
-194
-193
-181
-169
-160
-169
-180
-190
-188
-173
-154
-130
-120
-115
-121
-125
-122
-111
-80
-52
-32
-30
-34
-44
-52
-46
-21
13
36
50
43
27
11
12
31
61
97
124
127
115
100
86
88
114
155
188
209
215
205
185
173
180
201
223
241
247
237
217
190
171
161
167
177
184
185
179
164
143
127
116
119
130
142
148
141
123
97
77
68
78
95
106
108
96
80
60
45
45
53
64
69
64
48
22
-6
-20
-25
-21
-13
-12
-23
-42
-61
-74
-79
-76
-67
-63
-63
-68
-75
-82
-89
-95
-99
-100
-96
-94
-95
-101
-111
-123
-138
-138
-132
-129
-128
-129
-136
-150
-167
-175
-172
-166
-157
-155
-156
-160
-168
-172
-176
-171
-164
-149
-130
-114
-107
-111
-112
-120
-121
-114
-95
-75
-69
-69
-75
-84
-95
-94
-80
-66
-57
-54
-57
-60
-64
-61
-54
-43
-30
-17
-13
-7
-1
5
13
23
36
46
58
68
78
83
89
96
100
105
106
110
115
121
128
128
126
121
120
120
128
140
148
156
158
155
155
155
162
170
180
192
200
199
196
192
190
187
185
189
192
189
178
162
144
127
115
106
100
91
79
61
41
27
14
1
-5
-7
-8
-11
-16
-23
-29
-36
-37
-34
-32
-29
-27
-31
-40
-51
-60
-64
-64
-61
-59
-66
-79
-92
-101
-104
-105
-102
-99
-99
-103
-106
-107
-109
-109
-106
-96
-85
-80
-77
-76
-75
-74
-68
-63
-57
-57
-58
-64
-71
-74
-74
-72
-76
-85
-99
-112
-125
-130
-124
-116
-112
-117
-129
-142
-149
-148
-142
-128
-110
-95
-89
-92
-101
-111
-114
-103
-79
-51
-29
-22
-33
-48
-62
-62
-44
-12
21
46
51
40
19
7
16
44
87
125
147
147
131
114
109
124
153
186
213
225
219
202
182
171
173
187
205
218
222
210
187
161
144
139
141
150
155
150
138
113
87
65
54
53
53
54
50
42
26
6
-14
-31
-40
-38
-29
-21
-21
-29
-49
-72
-85
-86
-73
-58
-45
-42
-49
-64
-79
-87
-83
-71
-57
-44
-36
-38
-49
-65
-76
-78
-69
-54
-37
-29
-32
-48
-67
-79
-81
-71
-52
-37
-32
-41
-56
-71
-82
-87
-81
-69
-59
-55
-64
-80
-101
-121
-130
-129
-118
-108
-106
-116
-134
-155
-170
-172
-161
-142
-126
-117
-117
-124
-130
-130
-117
-93
-63
-39
-24
-18
-18
-17
-9
10
34
56
73
82
84
81
78
82
93
109
122
136
145
143
137
129
130
137
152
172
190
195
192
183
173
170
176
189
204
214
214
205
189
170
156
149
149
149
149
138
120
94
67
44
27
19
18
17
15
3
-19
-40
-55
-62
-60
-51
-43
-41
-46
-58
-75
-85
-88
-80
-64
-51
-48
-55
-66
-78
-87
-86
-77
-63
-53
-49
-55
-67
-80
-88
-83
-68
-50
-39
-35
-38
-48
-61
-68
-65
-56
-43
-35
-35
-47
-65
-84
-94
-96
-92
-85
-80
-81
-89
-102
-117
-125
-126
-119
-107
-94
-89
-91
-97
-100
-103
-100
-89
-73
-58
-47
-45
-47
-50
-50
-45
-34
-19
-5
3
6
6
5
7
14
26
42
57
69
77
78
79
84
95
110
126
140
149
153
150
151
155
162
173
180
183
183
181
175
170
166
164
163
163
162
156
146
134
121
110
106
104
101
94
85
71
55
42
31
25
22
20
14
3
-8
-21
-34
-44
-47
-46
-43
-42
-47
-57
-67
-75
-81
-78
-75
-68
-61
-60
-64
-76
-85
-89
-88
-80
-70
-60
-61
-68
-81
-90
-96
-97
-92
-82
-76
-76
-83
-95
-106
-113
-115
-110
-100
-91
-90
-92
-99
-111
-114
-111
-106
-98
-88
-83
-86
-92
-96
-102
-100
-94
-84
-78
-74
-76
-81
-82
-82
-79
-75
-66
-57
-52
-49
-49
-49
-47
-42
-30
-18
-8
-3
2
1
1
6
16
26
38
48
53
54
54
56
57
64
77
91
102
111
115
115
117
121
130
140
152
163
167
169
166
163
160
162
167
170
172
172
166
158
147
139
133
127
123
119
113
104
98
90
82
75
72
70
68
69
67
62
56
48
39
33
31
31
28
21
13
0
-11
-19
-21
-23
-24
-28
-36
-46
-55
-61
-66
-67
-68
-68
-69
-73
-77
-81
-83
-84
-81
-78
-75
-73
-75
-79
-83
-86
-90
-92
-92
-93
-97
-103
-111
-119
-126
-128
-129
-128
-128
-128
-132
-134
-136
-135
-131
-126
-119
-113
-107
-103
-99
-98
-94
-91
-87
-79
-73
-67
-65
-67
-71
-73
-75
-72
-67
-62
-56
-55
-53
-52
-49
-42
-34
-24
-14
-2
7
18
26
35
43
52
64
78
91
103
111
114
118
121
123
128
135
142
144
146
142
136
131
127
127
129
135
138
136
135
133
130
132
134
139
144
145
144
140
134
127
122
121
125
130
131
127
119
105
95
87
84
83
81
74
64
50
39
28
21
19
20
22
20
17
7
-1
-5
-7
-4
-2
-2
-5
-14
-25
-37
-47
-52
-56
-59
-65
-75
-84
-96
-106
-113
-116
-116
-118
-122
-128
-134
-137
-140
-140
-138
-135
-135
-134
-133
-134
-134
-131
-128
-124
-119
-114
-111
-111
-112
-113
-113
-111
-111
-112
-114
-117
-120
-119
-118
-113
-109
-106
-103
-100
-96
-90
-82
-75
-67
-57
-50
-43
-38
-32
-28
-22
-13
-4
4
10
14
15
17
21
28
35
42
47
51
53
54
57
60
65
70
75
80
85
90
92
95
101
106
111
114
119
122
126
125
127
129
130
130
129
129
129
129
129
127
127
125
122
118
116
114
113
112
109
106
102
96
92
88
85
84
82
79
74
69
62
55
50
46
42
39
35
29
21
12
3
-4
-9
-13
-18
-24
-31
-37
-44
-51
-57
-61
-64
-66
-70
-73
-79
-85
-90
-96
-100
-102
-104
-103
-106
-110
-113
-116
-120
-122
-123
-123
-122
-122
-122
-124
-125
-127
-130
-129
-129
-127
-125
-124
-122
-121
-118
-115
-115
-111
-108
-105
-100
-95
-91
-86
-84
-82
-77
-73
-67
-60
-54
-48
-42
-37
-29
-22
-20
-17
-13
-6
3
11
20
26
30
34
37
41
46
53
61
69
74
80
82
84
85
89
95
105
112
118
120
119
118
117
120
122
126
131
133
133
132
132
132
131
132
133
135
137
136
132
128
124
121
121
120
119
118
114
109
105
99
97
95
90
86
82
76
71
65
59
56
53
50
44
37
29
22
18
14
13
11
5
-1
-9
-15
-20
-24
-27
-30
-31
-37
-43
-50
-56
-61
-65
-69
-71
-74
-80
-88
-94
-99
-103
-106
-107
-110
-112
-116
-121
-126
-131
-133
-133
-134
-135
-136
-138
-142
-145
-145
-143
-141
-139
-137
-137
-136
-135
-134
-131
-125
-118
-112
-107
-102
-99
-97
-92
-85
-76
-66
-57
-51
-46
-42
-38
-32
-24
-16
-6
3
8
16
18
21
25
31
37
46
54
59
63
68
69
72
77
83
87
92
97
99
99
100
101
102
104
105
108
108
109
109
106
105
105
104
103
103
102
101
98
96
93
91
89
87
86
84
82
80
78
75
74
72
69
67
64
62
59
56
53
49
44
41
37
32
28
24
20
12
7
2
-3
-9
-15
-21
-26
-32
-38
-44
-50
-56
-62
-68
-71
-76
-80
-86
-91
-95
-98
-102
-104
-108
-111
-114
-117
-117
-118
-117
-117
-116
-117
-116
-115
-114
-112
-109
-107
-105
-103
-100
-99
-97
-97
-95
-92
-89
-86
-83
-78
-76
-71
-68
-64
-61
-55
-49
-43
-39
-36
-30
-27
-22
-16
-12
-7
-1
5
10
15
18
22
26
31
38
43
47
52
54
58
62
67
70
73
76
78
82
85
86
88
88
89
93
94
97
100
101
106
109
110
112
113
115
119
122
125
125
125
128
129
131
130
131
130
129
128
129
128
126
122
118
112
107
101
95
89
84
79
70
62
54
46
40
33
25
18
11
4
-4
-12
-19
-27
-34
-38
-44
-49
-55
-60
-63
-68
-74
-78
-83
-85
-88
-90
-91
-93
-95
-98
-100
-102
-100
-101
-101
-102
-101
-101
-102
-102
-102
-100
-98
-96
-97
-96
-94
-93
-90
-88
-85
-86
-85
-84
-83
-81
-79
-77
-74
-73
-72
-70
-67
-66
-63
-60
-55
-54
-52
-50
-48
-45
-43
-42
-40
-37
-33
-30
-27
-23
-20
-20
-17
-14
-10
-5
0
6
9
12
15
18
23
28
33
39
46
50
56
60
64
69
73
80
85
91
96
100
104
106
108
109
112
116
118
118
119
118
116
115
113
113
111
109
108
104
99
95
90
86
83
79
76
72
65
61
55
48
44
40
36
32
28
22
17
10
3
-3
-8
-12
-18
-23
-30
-34
-40
-45
-49
-53
-56
-61
-62
-65
-66
-69
-73
-74
-76
-79
-81
-80
-81
-84
-85
-85
-88
-88
-87
-88
-88
-88
-90
-89
-90
-88
-88
-88
-88
-86
-86
-87
-88
-85
-84
-83
-82
-82
-81
-78
-75
-73
-70
-67
-63
-60
-54
-52
-49
-45
-43
-39
-35
-31
-27
-24
-21
-18
-15
-11
-7
-1
3
6
11
15
19
23
26
31
38
43
49
53
57
60
66
68
72
77
79
82
86
90
92
92
95
99
102
105
105
106
105
105
106
106
106
107
106
107
107
107
106
104
103
103
102
100
98
93
91
86
82
80
77
74
70
66
62
56
51
46
38
34
30
25
20
15
10
3
-2
-7
-10
-16
-19
-24
-29
-34
-37
-43
-47
-50
-54
-58
-61
-66
-71
-76
-82
-87
-89
-94
-98
-102
-105
-106
-108
-109
-111
-113
-114
-114
-114
-114
-115
-114
-113
-113
-112
-109
-107
-104
-102
-100
-96
-93
-91
-88
-84
-81
-76
-72
-67
-64
-58
-55
-52
-48
-44
-39
-34
-28
-23
-18
-14
-10
-4
2
8
15
19
23
28
32
37
41
45
50
57
61
65
68
69
72
75
77
82
86
88
92
95
95
95
96
94
96
98
98
99
99
99
99
97
97
97
97
97
96
94
92
89
85
83
81
79
76
73
70
67
64
61
57
52
48
47
43
41
39
36
32
28
23
19
14
10
6
4
1
-1
-4
-8
-13
-17
-21
-26
-29
-32
-34
-37
-41
-46
-50
-53
-58
-59
-61
-66
-69
-72
-76
-79
-82
-83
-84
-86
-87
-87
-89
-92
-94
-95
-95
-96
-95
-96
-96
-96
-96
-94
-94
-91
-89
-87
-85
-84
-83
-81
-78
-76
-72
-67
-64
-61
-58
-53
-52
-48
-44
-40
-36
-32
-28
-24
-20
-16
-12
-6
-2
2
4
7
10
14
17
19
23
26
30
32
35
37
42
44
46
49
51
53
55
55
58
60
61
63
65
67
68
69
70
71
73
74
74
75
77
78
78
78
79
79
79
77
76
77
76
75
73
73
72
71
68
68
67
66
63
60
57
54
52
49
45
43
40
36
32
29
26
22
16
15
12
7
2
-2
-5
-9
-12
-17
-21
-25
-30
-34
-38
-40
-45
-49
-54
-56
-58
-61
-65
-68
-70
-72
-75
-78
-77
-80
-82
-82
-85
-84
-85
-86
-88
-86
-86
-84
-85
-85
-84
-83
-81
-81
-78
-76
-75
-74
-71
-69
-68
-65
-63
-60
-58
-57
-54
-51
-49
-45
-43
-39
-36
-33
-32
-28
-25
-21
-18
-15
-12
-9
-7
-3
2
5
9
13
16
21
24
27
31
35
39
43
46
49
52
54
59
62
66
68
71
74
76
80
83
84
87
88
89
91
94
96
98
98
99
100
100
101
102
101
100
101
101
101
100
98
96
96
92
93
89
87
84
80
77
73
70
66
62
57
53
48
43
39
35
32
27
22
16
12
7
2
-4
-7
-12
-16
-22
-27
-32
-36
-40
-43
-46
-49
-51
-57
-62
-66
-69
-72
-73
-78
-80
-81
-83
-85
-87
-88
-88
-90
-90
-91
-92
-92
-92
-93
-93
-90
-90
-89
-90
-89
-88
-87
-86
-84
-83
-80
-79
-77
-76
-74
-72
-69
-65
-63
-62
-59
-55
-53
-51
-48
-46
-42
-38
-35
-32
-28
-25
-22
-19
-16
-11
-8
-4
0
1
5
8
11
14
17
20
24
27
30
33
36
39
41
43
47
50
52
55
58
60
61
63
65
67
70
71
71
72
72
73
75
75
75
75
75
75
75
75
75
74
73
72
71
69
69
67
64
63
60
59
57
55
53
51
46
45
42
38
35
32
30
26
22
19
15
11
7
4
0
-2
-6
-11
-15
-20
-22
-24
-28
-31
-35
-38
-41
-43
-45
-47
-51
-54
-56
-58
-58
-60
-62
-64
-64
-64
-65
-66
-67
-68
-69
-69
-69
-68
-67
-67
-67
-68
-68
-67
-65
-64
-64
-64
-62
-60
-59
-57
-58
-56
-55
-52
-49
-48
-46
-43
-41
-40
-36
-33
-30
-27
-23
-20
-16
-14
-11
-9
-6
-3
1
4
7
10
12
15
17
20
22
24
25
29
31
33
36
37
40
42
45
47
49
51
53
54
56
57
59
61
63
64
65
67
67
67
68
68
67
66
66
66
66
66
65
65
63
60
59
56
56
54
53
51
48
45
43
42
40
39
34
32
31
29
27
23
21
18
16
14
12
8
5
3
1
-2
-6
-10
-12
-14
-16
-17
-18
-20
-22
-25
-26
-28
-31
-32
-32
-35
-36
-36
-38
-41
-42
-42
-43
-45
-46
-46
-47
-47
-48
-49
-49
-48
-48
-49
-48
-47
-47
-46
-45
-45
-46
-45
-45
-43
-41
-40
-37
-36
-35
-33
-33
-30
-30
-29
-28
-25
-23
-22
-20
-18
-16
-14
-13
-10
-9
-6
-4
-2
-1
-1
3
5
8
10
13
14
17
20
22
23
25
27
29
32
35
35
37
38
41
44
44
45
45
46
48
49
49
49
51
51
52
52
52
54
55
55
54
54
54
54
53
52
49
48
48
45
41
39
37
33
31
28
24
22
21
19
16
12
8
7
5
2
-1
-3
-5
-8
-12
-16
-20
-22
-24
-28
-32
-34
-37
-38
-40
-42
-44
-46
-47
-49
-52
-53
-54
-56
-58
-60
-61
-64
-63
-61
-63
-64
-63
-62
-63
-61
-60
-59
-55
-55
-54
-52
-51
-51
-49
-48
-46
-44
-42
-40
-39
-37
-36
-35
-32
-30
-27
-25
-23
-21
-19
-16
-15
-13
-10
-8
-7
-5
-3
-2
0
4
5
7
10
12
14
17
18
20
24
25
25
27
27
30
32
34
34
35
36
36
38
41
41
43
45
44
47
48
48
49
51
52
51
53
52
52
52
51
50
50
50
50
48
46
45
44
43
41
40
39
37
34
32
30
29
25
23
21
18
18
16
13
10
7
4
3
0
-2
-4
-6
-9
-13
-16
-18
-20
-22
-24
-27
-29
-30
-32
-33
-36
-38
-38
-39
-40
-39
-39
-40
-42
-41
-40
-39
-39
-39
-39
-39
-39
-37
-38
-38
-37
-36
-35
-33
-32
-32
-30
-29
-28
-27
-24
-22
-22
-19
-18
-18
-18
-17
-17
-16
-14
-12
-10
-8
-6
-5
-4
-1
-1
2
4
4
6
8
9
10
11
12
13
13
15
15
16
15
17
20
21
23
26
28
31
31
33
34
37
39
39
40
42
42
45
45
44
45
45
48
48
47
49
50
50
50
49
50
49
48
49
47
46
44
43
40
39
37
36
34
31
30
27
25
22
20
19
18
16
12
10
7
5
2
-1
-3
-6
-9
-11
-14
-16
-18
-21
-23
-25
-26
-27
-29
-30
-32
-32
-35
-36
-37
-40
-39
-39
-40
-42
-43
-43
-43
-43
-43
-44
-45
-46
-45
-46
-46
-46
-45
-44
-45
-46
-46
-45
-44
-44
-43
-42
-41
-41
-41
-40
-38
-36
-37
-36
-35
-35
-33
-30
-30
-30
-29
-28
-25
-24
-23
-22
-21
-19
-19
-17
-16
-15
-12
-12
-11
-10
-8
-6
-4
-3
0
1
2
4
5
9
11
13
15
16
18
21
22
24
25
28
29
31
34
35
35
36
37
38
40
42
43
43
44
44
44
45
46
46
47
45
45
45
45
45
43
43
42
40
38
38
36
34
33
31
30
28
26
23
21
19
19
16
13
11
9
7
5
2
1
-2
-4
-7
-7
-8
-10
-15
-17
-18
-18
-19
-21
-22
-22
-24
-25
-26
-26
-26
-28
-30
-29
-29
-29
-28
-29
-28
-28
-27
-28
-28
-27
-26
-25
-26
-26
-25
-25
-24
-23
-23
-21
-21
-19
-21
-20
-19
-18
-18
-18
-17
-16
-14
-13
-12
-12
-10
-9
-9
-8
-6
-6
-6
-5
-4
-2
-1
-1
0
0
2
3
4
5
6
7
8
9
10
11
14
15
14
15
17
18
19
20
22
23
24
24
26
26
28
28
28
28
28
28
29
29
29
29
28
27
28
27
26
25
25
23
23
24
24
23
23
22
22
21
19
19
18
16
16
14
12
14
12
10
8
7
7
4
3
2
1
-1
-4
-5
-7
-8
-8
-8
-10
-11
-12
-12
-12
-12
-13
-13
-14
-15
-16
-15
-15
-17
-17
-17
-18
-17
-19
-19
-19
-19
-20
-20
-21
-21
-21
-21
-21
-21
-21
-21
-20
-18
-19
-18
-18
-17
-18
-15
-15
-16
-14
-14
-14
-14
-11
-10
-9
-8
-9
-9
-7
-8
-8
-8
-7
-7
-5
-5
-4
-4
-3
-1
0
0
0
0
1
1
3
3
4
7
7
7
8
7
7
8
9
9
9
9
10
11
12
13
15
15
16
15
16
16
16
16
15
14
14
14
15
16
18
18
19
20
19
19
18
17
16
14
12
11
11
11
10
11
10
10
9
7
8
7
7
4
3
1
-1
-1
-4
-5
-5
-6
-6
-7
-9
-9
-10
-10
-12
-14
-14
-16
-16
-17
-19
-19
-20
-22
-21
-23
-23
-24
-25
-26
-26
-27
-27
-27
-27
-27
-29
-29
-29
-30
-30
-29
-30
-31
-31
-30
-30
-29
-30
-29
-29
-28
-27
-26
-26
-24
-24
-24
-23
-22
-22
-20
-18
-18
-16
-16
-14
-14
-10
-9
-8
-4
-3
-2
-1
1
2
3
6
6
8
9
11
14
15
18
19
20
23
25
27
30
31
33
34
35
35
36
38
39
40
41
44
44
44
45
46
47
46
46
46
45
44
45
45
44
44
44
42
41
40
39
38
38
36
35
35
34
33
32
30
29
27
25
23
22
22
20
18
17
15
13
12
9
8
8
5
2
-1
-2
-4
-6
-9
-12
-13
-16
-17
-19
-21
-22
-23
-26
-27
-28
-28
-30
-31
-33
-34
-36
-36
-38
-38
-38
-38
-39
-39
-39
-41
-42
-40
-40
-40
-40
-41
-40
-41
-41
-40
-39
-40
-39
-39
-39
-39
-36
-35
-36
-34
-32
-32
-30
-28
-26
-24
-23
-21
-20
-19
-18
-17
-14
-12
-10
-7
-5
-4
-1
0
2
4
5
7
9
11
13
14
14
18
20
21
23
24
25
26
27
28
31
33
34
36
37
36
36
36
36
38
38
41
41
40
39
40
39
40
39
39
39
38
38
37
37
36
36
35
34
32
32
29
28
28
28
26
24
24
22
19
18
17
15
12
11
10
9
6
5
4
1
-1
-4
-7
-10
-12
-13
-14
-14
-15
-18
-18
-21
-23
-25
-27
-28
-29
-29
-31
-31
-34
-35
-36
-37
-40
-41
-42
-42
-41
-41
-43
-44
-43
-43
-42
-42
-42
-42
-41
-41
-40
-40
-40
-40
-38
-36
-36
-34
-33
-32
-31
-30
-30
-30
-28
-28
-26
-22
-22
-21
-19
-18
-16
-14
-13
-12
-11
-9
-6
-5
-3
-3
-2
-1
1
3
6
6
7
8
11
12
13
15
15
17
20
21
22
24
25
25
24
25
26
27
27
30
34
35
35
36
37
39
40
42
40
40
41
42
40
41
41
42
41
41
41
41
39
38
39
40
41
40
37
38
36
35
32
31
31
29
28
26
24
24
21
20
19
18
15
12
9
6
6
4
1
-1
-3
-5
-6
-8
-9
-13
-13
-14
-16
-17
-19
-20
-21
-22
-23
-22
-23
-24
-24
-26
-27
-27
-28
-29
-29
-30
-30
-31
-32
-32
-32
-32
-32
-32
-32
-32
-30
-30
-29
-28
-29
-30
-29
-28
-26
-25
-24
-23
-22
-21
-20
-20
-18
-17
-16
-15
-13
-13
-13
-12
-13
-11
-11
-11
-10
-9
-9
-7
-7
-6
-5
-3
-2
0
0
3
3
4
5
6
7
9
9
11
12
12
13
13
13
14
14
16
17
17
17
17
16
16
17
17
16
16
18
18
16
16
18
18
18
19
18
18
17
17
17
17
16
16
16
15
13
12
12
10
10
8
8
7
5
3
1
1
1
0
0
-2
-4
-4
-4
-5
-6
-8
-7
-8
-8
-8
-9
-9
-10
-11
-10
-11
-10
-9
-10
-11
-12
-11
-9
-9
-8
-8
-8
-7
-7
-8
-7
-7
-6
-4
-4
-4
-3
-3
-2
-1
-3
-2
-2
-1
-2
-2
-1
0
1
0
-1
-1
-1
-2
-2
-4
-3
-2
-2
-1
-1
-2
-2
-2
-1
-1
-1
-1
-2
0
-1
0
2
1
2
2
3
4
4
4
3
2
5
6
8
8
9
10
12
11
11
11
12
13
14
14
15
16
17
18
18
19
19
20
20
20
19
18
19
18
17
16
16
14
14
15
14
12
11
10
8
6
5
5
5
5
4
3
1
1
0
-1
-2
-4
-5
-5
-7
-6
-7
-10
-10
-10
-12
-13
-13
-11
-13
-14
-14
-15
-17
-17
-18
-19
-18
-19
-18
-18
-19
-20
-20
-19
-20
-18
-18
-19
-18
-20
-20
-20
-20
-19
-20
-21
-19
-20
-21
-21
-22
-21
-21
-21
-20
-21
-20
-20
-19
-17
-18
-17
-16
-17
-16
-14
-15
-14
-13
-12
-11
-11
-10
-11
-10
-10
-8
-7
-6
-6
-5
-3
-3
-1
0
1
3
3
4
5
5
6
7
7
9
9
11
12
13
13
14
15
17
17
18
17
18
19
19
19
20
20
22
23
21
23
22
21
21
22
23
23
24
23
23
22
22
22
23
24
25
24
23
22
21
20
19
20
20
20
18
17
17
15
13
12
12
11
11
9
9
9
8
5
4
4
4
2
2
2
1
1
-1
-1
-2
-3
-4
-4
-4
-5
-6
-7
-8
-8
-9
-9
-9
-10
-10
-11
-11
-12
-13
-12
-14
-14
-14
-14
-14
-13
-13
-14
-14
-15
-15
-14
-13
-14
-14
-13
-13
-12
-12
-11
-11
-10
-10
-10
-11
-10
-10
-9
-8
-8
-7
-6
-6
-5
-5
-4
-3
-3
-2
-2
-2
-1
0
0
0
0
2
1
0
1
2
1
1
2
2
3
4
3
2
4
4
5
5
4
5
6
5
7
6
8
8
7
6
8
8
8
8
9
9
8
8
7
9
10
11
9
8
9
9
10
9
9
11
10
10
9
9
10
11
11
10
10
9
9
10
7
8
7
8
7
7
7
8
7
6
4
3
2
1
1
0
0
-2
-3
-3
-4
-4
-5
-6
-6
-7
-8
-9
-9
-9
-9
-10
-13
-14
-15
-15
-15
-15
-17
-17
-16
-18
-18
-19
-18
-17
-17
-17
-17
-18
-18
-19
-19
-20
-19
-19
-19
-19
-18
-18
-18
-18
-17
-16
-17
-18
-17
-16
-16
-15
-13
-14
-14
-14
-13
-13
-11
-11
-9
-8
-7
-6
-5
-4
-3
-2
-3
0
1
0
2
3
4
3
4
4
4
6
6
7
8
8
8
9
9
11
10
9
10
11
12
12
11
14
13
13
13
14
14
14
13
15
17
16
15
15
17
16
16
16
15
15
14
14
14
15
14
13
12
12
12
12
10
9
9
8
7
6
7
6
6
4
3
3
3
0
0
0
1
0
0
1
0
0
-2
-1
-2
-2
-1
-1
-1
0
-1
0
-1
-1
0
-1
0
-2
-1
0
1
0
0
0
0
-1
0
-1
-1
0
0
0
-1
-1
-1
-2
-2
-2
-2
-3
-2
-3
-4
-4
-4
-5
-4
-3
-4
-5
-6
-5
-4
-5
-5
-4
-6
-5
-5
-4
-4
-4
-3
-5
-4
-2
-2
-2
-2
-2
-1
1
2
2
3
4
5
4
6
6
5
5
6
6
7
7
8
8
7
7
7
7
6
4
7
7
6
6
4
4
4
2
2
2
1
1
0
0
-1
-2
-2
-4
-4
-4
-3
-3
-3
-5
-5
-6
-7
-6
-6
-7
-6
-6
-6
-6
-5
-6
-6
-5
-4
-4
-4
-5
-3
-4
-2
-1
-2
-1
-1
-1
-1
0
0
-1
-1
-1
-1
1
0
0
0
0
0
-1
-1
-1
-2
-2
-3
-3
-4
-3
-4
-4
-5
-4
-4
-5
-6
-6
-6
-7
-6
-7
-7
-6
-7
-8
-8
-8
-9
-8
-8
-7
-6
-7
-6
-5
-5
-5
-3
-2
-1
-1
-1
0
0
0
0
2
3
3
3
4
5
5
6
5
7
8
8
8
8
9
9
10
10
10
9
10
9
10
10
11
10
11
10
10
10
10
9
9
8
8
7
6
6
6
4
3
2
2
2
1
1
2
2
1
1
1
1
0
-1
-1
-1
-2
-2
-2
-4
-5
-5
-5
-5
-3
-3
-4
-5
-6
-5
-7
-5
-5
-6
-6
-5
-6
-6
-5
-6
-6
-5
-4
-4
-2
-4
-4
-3
-3
-3
-3
-3
-1
-1
-3
-2
-2
-4
-3
-5
-2
-2
-3
-3
-2
-2
-2
-3
-2
-2
-2
-1
-1
0
-1
-2
-2
-1
-2
1
0
0
0
-1
0
0
0
2
0
0
0
1
0
0
0
-1
1
2
3
2
1
2
1
3
3
4
6
5
6
6
5
5
6
6
5
5
7
5
5
6
5
5
5
5
4
4
3
4
3
5
4
3
5
4
5
5
4
5
3
4
4
4
3
3
3
2
1
2
0
1
0
-1
0
0
-1
-1
-1
-3
-2
-3
-2
-3
-4
-3
-3
