8
7
6
7
6
5
4
3
2
2
1
1
1
1
1
3
2
2
2
3
5
4
3
5
3
5
6
4
3
4
2
2
1
0
1
-2
-2
0
0
0
0
-1
-1
1
2
1
0
-2
-1
0
1
-1
1
-1
-2
-1
-3
-1
-2
-3
-3
-2
-2
-3
-6
-6
-5
-5
-4
-6
-7
-9
-9
-6
-8
-10
-12
-12
-12
-11
-11
-11
-10
-7
-4
0
3
3
3
4
5
5
3
0
2
-1
-2
-2
-4
-6
-8
-10
-11
-10
-11
-11
-11
-9
-5
-4
-3
0
3
5
9
11
12
12
13
12
12
9
7
7
3
1
-1
-4
-6
-7
-8
-6
-3
-2
2
5
8
14
18
21
26
25
25
26
25
24
21
19
16
15
13
13
9
8
8
9
8
9
8
9
12
15
17
20
22
24
23
23
22
18
13
8
3
1
0
-3
-6
-5
-6
-4
-5
-7
-6
-3
-2
-2
0
3
5
6
6
7
4
4
1
-1
-4
-8
-11
-14
-18
-21
-20
-20
-20
-20
-20
-19
-19
-19
-18
-17
-20
-22
-21
-22
-22
-26
-34
-39
-41
-41
-46
-51
-47
-41
-32
-26
-21
-11
-2
3
3
4
5
3
2
2
1
-2
-5
-8
-10
-11
-19
-27
-33
-35
-39
-36
-31
-30
-23
-14
-1
9
16
19
24
25
28
27
25
22
18
13
7
5
-2
-12
-15
-21
-27
-27
-24
-22
-17
-6
0
4
15
22
24
29
32
32
32
31
28
22
21
23
20
16
15
17
21
19
33
67
74
59
58
93
103
78
63
71
93
95
88
65
50
53
47
28
21
28
17
9
12
18
10
4
10
16
24
25
31
27
29
31
26
27
29
25
10
7
-5
-15
-24
-43
-60
-62
-49
-53
-61
-59
-47
-46
-50
-42
-40
-45
-50
-55
-57
-64
-76
-86
-87
-98
-115
-126
-138
-160
-167
-169
-180
-193
-207
-212
-213
-192
-125
-29
62
114
165
226
230
162
89
74
73
44
28
45
50
23
-12
-45
-90
-147
-197
-230
-239
-222
-186
-124
-54
22
93
146
186
205
204
197
186
170
160
148
130
116
91
45
-8
-57
-121
-178
-206
-216
-215
-188
-125
-61
-8
61
132
173
186
198
202
185
153
130
121
105
86
74
67
49
19
-7
-36
-63
-81
-78
-72
-50
-5
48
92
128
167
186
183
173
158
120
119
172
196
151
91
88
77
-1
-84
-122
-115
-85
-58
-59
-62
-37
-3
17
37
59
55
50
60
79
72
58
61
52
32
17
0
-33
-67
-84
-101
-113
-113
-99
-94
-97
-94
-74
-52
-63
-84
-73
-49
-48
-54
-43
-38
-54
-60
-50
-58
-86
-99
-105
-126
-151
-160
-163
-160
-139
-115
-95
-95
-95
-91
-106
-120
-133
-139
-152
-178
-200
-213
-207
-192
-115
-9
62
98
132
188
180
109
46
71
131
141
142
158
182
148
70
-2
-69
-146
-221
-228
-202
-176
-144
-84
0
47
70
86
108
107
98
109
134
165
196
233
233
206
169
120
32
-82
-162
-212
-231
-239
-219
-164
-100
-47
-8
48
94
114
108
118
153
170
172
184
213
213
197
186
164
115
55
22
-13
-39
-38
-25
3
25
113
252
318
309
276
284
273
204
146
119
140
200
237
201
127
75
8
-79
-132
-146
-167
-177
-121
-39
9
31
55
65
55
33
6
-19
-23
-15
-8
14
39
42
6
-56
-137
-199
-242
-279
-298
-280
-219
-159
-119
-93
-86
-100
-124
-141
-160
-164
-162
-166
-164
-159
-170
-235
-277
-277
-300
-342
-408
-407
-389
-348
-263
-187
-62
89
242
295
257
195
140
103
61
62
81
131
167
157
122
36
-74
-210
-299
-354
-382
-368
-290
-155
-44
52
130
202
224
200
169
150
165
183
216
254
287
290
248
183
77
-48
-177
-250
-287
-299
-257
-187
-94
-32
26
71
81
77
97
139
151
169
215
277
296
293
288
242
172
87
26
-29
-59
-58
-40
9
60
110
125
119
110
98
96
100
136
176
238
301
374
489
519
476
357
231
139
4
-83
-122
-99
5
96
127
100
38
-33
-89
-117
-90
-54
-3
92
181
229
233
208
163
90
-12
-109
-154
-152
-148
-159
-138
-100
-98
-168
-244
-320
-408
-448
-451
-417
-366
-295
-205
-160
-153
-169
-230
-343
-423
-452
-477
-486
-480
-437
-421
-413
-290
-103
67
192
293
367
326
223
120
49
59
176
337
419
412
320
161
-26
-201
-351
-483
-538
-487
-392
-283
-161
-64
-17
11
41
59
69
109
178
267
377
475
512
485
410
277
89
-94
-231
-325
-375
-380
-348
-293
-242
-223
-248
-263
-244
-210
-147
-47
89
238
361
446
469
450
396
314
241
188
149
109
91
94
99
81
41
-5
-52
-79
-83
-54
-6
57
136
224
317
373
394
391
361
376
413
412
399
326
278
214
106
46
-45
-90
-63
-29
11
17
2
-8
-16
5
56
68
85
140
180
196
195
178
149
93
21
-17
-44
-89
-126
-147
-168
-215
-260
-269
-269
-317
-352
-347
-366
-365
-349
-328
-306
-315
-265
-218
-255
-295
-345
-370
-375
-390
-383
-417
-424
-378
-309
-171
-32
147
279
336
342
242
154
63
46
120
231
355
377
308
143
-52
-234
-383
-465
-492
-435
-335
-197
-89
-34
-41
-73
-76
-87
-72
-20
97
237
353
450
488
452
343
196
31
-103
-185
-236
-250
-230
-192
-184
-205
-262
-335
-389
-400
-336
-237
-88
66
212
333
393
395
330
259
208
200
224
279
350
405
416
358
285
169
27
-85
-152
-130
-72
26
140
225
340
405
379
330
289
294
259
230
310
385
431
448
402
302
168
27
-51
-77
-70
-31
-2
69
122
78
-2
-69
-112
-125
-113
-63
37
130
184
184
146
106
35
-92
-183
-202
-200
-194
-213
-226
-229
-257
-325
-406
-496
-561
-581
-572
-495
-431
-378
-301
-266
-246
-280
-329
-378
-414
-376
-267
-78
90
216
354
448
412
189
-36
-134
-198
-210
-119
84
263
304
230
66
-143
-348
-499
-528
-404
-217
-64
70
190
203
74
-69
-129
-169
-191
-124
43
241
367
409
369
279
174
22
-112
-157
-112
-35
38
120
137
69
-72
-231
-349
-414
-402
-334
-181
26
180
250
245
208
135
44
5
47
155
288
400
480
532
508
390
243
145
112
95
95
220
399
472
429
273
145
21
-132
-156
-79
107
328
458
481
383
185
-17
-140
-127
15
148
280
413
433
333
163
-19
-166
-233
-198
-71
58
148
184
119
7
-89
-198
-300
-323
-267
-153
-45
4
26
-9
-100
-208
-303
-342
-342
-360
-331
-257
-254
-278
-334
-405
-481
-587
-629
-638
-623
-552
-443
-298
-145
-19
22
61
145
180
181
169
235
334
363
381
362
298
198
54
-103
-235
-323
-375
-375
-315
-244
-229
-275
-304
-324
-358
-344
-249
-104
48
194
335
460
497
477
434
381
356
320
284
270
238
171
76
-14
-102
-205
-303
-338
-320
-290
-246
-208
-166
-119
-90
-76
-46
16
105
184
249
322
373
381
365
333
304
266
231
234
281
416
520
518
481
373
241
88
-51
-66
-27
70
202
263
224
95
-95
-236
-259
-184
-49
58
167
273
273
179
76
-4
-37
-9
82
233
325
319
266
167
51
-63
-165
-224
-229
-219
-201
-217
-285
-320
-375
-409
-355
-296
-231
-189
-209
-190
-197
-265
-275
-281
-247
-187
-209
-208
-257
-370
-439
-462
-436
-388
-325
-212
-68
0
-1
-47
-91
-42
32
113
237
363
414
389
326
213
60
-109
-167
-144
-131
-117
-160
-243
-349
-480
-587
-608
-534
-428
-321
-197
-35
70
77
93
117
163
257
374
494
579
596
568
496
380
259
128
22
-24
-52
-71
-85
-129
-193
-251
-296
-300
-269
-215
-124
-26
71
168
243
296
349
417
477
525
555
572
644
693
674
614
489
381
285
161
125
129
130
158
129
55
-58
-212
-270
-231
-147
-17
60
76
50
-37
-136
-182
-179
-122
-14
100
216
257
183
101
14
-39
-8
39
134
224
241
186
59
-80
-206
-313
-379
-373
-353
-361
-388
-438
-486
-530
-553
-538
-487
-433
-406
-373
-389
-425
-398
-308
-137
21
126
238
286
246
141
8
-44
-4
83
200
289
288
215
70
-77
-178
-261
-261
-190
-107
-51
-58
-102
-188
-285
-361
-392
-353
-290
-215
-168
-161
-177
-198
-183
-131
-60
22
131
219
249
245
212
181
157
171
241
315
380
416
394
313
203
109
31
-8
-11
20
71
93
69
24
-31
-81
-99
-57
42
165
274
376
516
631
685
696
660
635
623
610
628
660
665
633
542
375
186
-26
-196
-238
-199
-119
-89
-137
-208
-331
-471
-532
-501
-373
-205
-58
43
49
-14
-85
-129
-135
-72
46
153
205
169
85
-35
-183
-281
-305
-253
-169
-103
-91
-135
-221
-331
-393
-428
-405
-345
-337
-364
-441
-558
-664
-704
-653
-522
-393
-290
-197
-164
-202
-268
-311
-254
-95
111
315
454
501
465
365
260
193
178
217
294
360
339
216
18
-181
-353
-479
-517
-486
-429
-393
-376
-375
-401
-433
-437
-388
-294
-184
-67
22
50
49
50
59
87
134
192
241
262
267
253
219
171
153
182
220
238
243
248
248
233
217
218
239
256
282
325
350
370
359
327
312
327
357
392
403
400
419
417
409
400
386
400
438
472
471
419
338
268
185
108
55
11
-4
-31
-82
-156
-251
-339
-390
-405
-378
-328
-284
-228
-206
-216
-217
-200
-185
-170
-119
-58
-11
10
13
36
19
4
15
7
12
6
-39
-78
-114
-157
-172
-181
-170
-156
-167
-173
-190
-247
-298
-331
-371
-386
-375
-359
-325
-314
-325
-349
-390
-428
-439
-432
-384
-298
-230
-146
-80
-69
-76
-92
-101
-89
-49
14
89
131
143
128
70
12
-45
-90
-101
-88
-65
-48
-49
-65
-91
-112
-109
-83
-45
5
69
139
191
212
223
235
249
267
280
299
318
318
306
283
251
219
186
170
174
176
167
150
138
145
158
168
191
213
236
264
291
314
334
344
348
351
354
369
383
376
359
344
331
313
285
259
246
245
252
264
259
243
229
206
179
144
106
77
48
26
17
-6
-49
-93
-143
-183
-203
-220
-232
-246
-255
-262
-269
-270
-255
-240
-235
-214
-179
-149
-134
-131
-139
-148
-155
-163
-165
-175
-199
-222
-259
-298
-339
-381
-407
-423
-430
-424
-407
-401
-400
-393
-374
-355
-342
-324
-315
-317
-315
-311
-299
-295
-302
-298
-278
-256
-238
-238
-246
-249
-241
-213
-174
-142
-117
-94
-77
-69
-62
-55
-50
-43
-26
-6
7
8
-1
-19
-35
-32
-13
13
41
69
92
111
138
173
209
243
280
322
364
398
413
416
413
420
436
444
436
415
389
360
330
298
272
260
261
282
294
303
309
300
286
273
268
276
284
288
300
303
300
301
304
312
314
311
306
288
255
230
214
206
204
201
200
190
158
111
55
1
-40
-66
-76
-77
-88
-107
-127
-161
-204
-236
-250
-242
-220
-200
-181
-171
-168
-170
-182
-182
-171
-158
-144
-130
-128
-140
-169
-199
-221
-238
-260
-286
-314
-337
-363
-396
-418
-427
-425
-416
-409
-408
-419
-435
-449
-446
-426
-394
-351
-307
-272
-251
-241
-241
-244
-239
-216
-174
-138
-112
-91
-86
-97
-118
-131
-123
-104
-78
-52
-26
-13
-15
-29
-36
-29
-21
1
38
78
109
118
113
113
116
122
136
156
186
213
234
252
273
287
304
325
340
357
363
366
369
373
375
382
389
395
399
395
391
384
366
350
340
331
325
320
309
299
292
282
274
271
271
276
273
268
272
268
269
274
279
282
278
267
248
221
193
173
145
117
94
75
51
18
-21
-66
-111
-151
-179
-192
-204
-220
-230
-232
-230
-236
-252
-262
-259
-249
-243
-236
-223
-204
-197
-208
-215
-225
-239
-254
-266
-268
-273
-278
-278
-280
-289
-314
-350
-379
-394
-404
-398
-409
-423
-402
-392
-408
-424
-428
-415
-383
-381
-385
-309
-251
-239
-223
-194
-183
-156
-118
-155
-154
-99
-75
-104
-82
-54
-85
-75
-78
-70
-78
-83
-82
-86
-44
-22
-29
1
41
-2
-16
38
83
69
62
134
193
230
225
246
296
311
288
283
328
346
346
344
383
382
375
383
351
347
333
328
358
367
347
348
388
383
342
340
360
347
341
346
354
370
360
342
319
300
282
267
268
258
251
250
250
217
174
152
131
126
106
105
104
86
66
27
-3
-32
-72
-99
-108
-132
-180
-207
-222
-253
-269
-281
-257
-267
-249
-237
-280
-255
-270
-270
-256
-242
-194
-194
-182
-193
-239
-267
-295
-307
-316
-318
-298
-294
-319
-343
-383
-415
-434
-451
-436
-395
-380
-369
-361
-353
-337
-351
-335
-297
-265
-220
-171
-151
-155
-157
-158
-139
-124
-112
-75
-52
-36
-40
-42
-26
-29
-36
-36
-10
19
20
26
40
59
69
73
85
95
96
101
108
128
132
140
168
188
209
212
232
249
228
245
302
298
310
314
318
363
321
337
356
334
356
309
312
297
256
276
264
292
310
325
330
312
333
296
320
363
389
470
450
506
507
427
414
410
379
356
382
341
304
277
207
120
58
21
2
-48
-59
-61
-136
-150
-198
-238
-223
-236
-242
-217
-227
-227
-235
-288
-266
-296
-274
-260
-321
-293
-278
-330
-355
-328
-356
-367
-349
-359
-386
-347
-353
-393
-348
-361
-359
-378
-376
-364
-409
-407
-397
-368
-342
-336
-335
-350
-373
-365
-354
-358
-278
-217
-228
-165
-127
-137
-140
-120
-67
-27
17
41
46
22
11
-2
-31
-9
18
47
38
25
11
-34
-58
-56
-22
33
71
78
94
98
74
74
99
100
143
209
225
229
224
207
180
182
229
235
230
283
312
281
272
290
266
302
360
371
376
366
340
308
325
336
344
416
424
419
454
412
376
367
371
411
442
464
434
432
424
327
335
398
355
334
315
290
239
177
117
71
25
20
24
-71
-129
-169
-230
-272
-280
-304
-321
-323
-332
-370
-375
-361
-421
-390
-327
-369
-333
-342
-369
-360
-354
-347
-361
-306
-289
-346
-367
-332
-369
-394
-408
-397
-381
-410
-404
-384
-422
-436
-378
-353
-363
-344
-359
-356
-321
-304
-280
-248
-196
-183
-154
-142
-156
-162
-103
-29
15
64
68
62
23
6
44
65
105
117
130
121
77
36
-11
6
38
78
102
109
92
44
-7
-19
18
37
90
148
158
157
142
120
120
133
181
232
272
293
280
266
238
230
264
286
295
350
387
380
353
336
348
353
408
487
509
517
525
515
473
458
496
532
564
582
571
514
460
412
358
386
405
344
324
293
210
150
124
115
103
67
25
-16
-56
-127
-247
-175
-136
-194
-240
-299
-326
-422
-448
-415
-404
-395
-402
-453
-463
-499
-592
-587
-507
-430
-394
-423
-399
-464
-550
-539
-537
-488
-463
-459
-410
-408
-448
-418
-416
-442
-476
-423
-370
-396
-392
-333
-266
-198
-160
-184
-210
-197
-193
-131
-10
66
69
35
41
19
4
-12
24
106
141
137
92
16
-69
-112
-86
-5
61
55
44
6
-56
-122
-163
-124
-73
-6
43
55
29
-31
-64
-26
44
110
188
232
252
236
243
265
278
321
390
490
542
561
527
488
512
565
594
640
720
722
702
683
672
643
598
653
715
730
698
623
571
494
433
436
461
445
397
350
277
196
129
81
88
92
86
58
5
-78
-162
-196
-203
-194
-194
-183
-216
-286
-333
-364
-393
-432
-419
-377
-387
-420
-492
-550
-545
-567
-583
-575
-528
-564
-648
-693
-714
-711
-666
-521
-440
-415
-479
-543
-552
-567
-538
-408
-194
-26
35
-27
-147
-229
-221
-89
95
252
296
208
84
-44
-149
-184
-87
50
133
100
-24
-200
-376
-429
-375
-266
-154
-121
-165
-290
-417
-491
-487
-411
-293
-164
-104
-133
-233
-324
-333
-253
-118
23
123
142
110
52
30
67
152
281
403
491
541
546
522
505
517
608
715
783
806
812
813
801
781
761
766
766
762
784
771
736
662
596
575
546
522
504
477
441
391
350
308
253
217
195
204
211
194
142
78
38
1
-30
-49
-84
-105
-141
-192
-236
-295
-332
-365
-394
-398
-430
-470
-531
-552
-584
-626
-675
-716
-729
-666
-444
-328
-349
-487
-539
-494
-491
-440
-277
-4
205
272
189
23
-166
-239
-39
262
470
451
286
112
-95
-274
-315
-201
-64
2
-86
-271
-495
-743
-849
-762
-568
-410
-401
-491
-634
-806
-900
-833
-673
-488
-340
-273
-302
-450
-572
-569
-429
-217
-21
94
92
10
-95
-106
-57
30
164
303
371
368
352
305
289
285
371
507
565
559
529
510
507
546
581
594
568
567
615
652
686
650
601
592
584
578
588
590
574
580
558
540
482
380
346
347
355
369
348
263
149
78
40
30
24
18
-5
-53
-107
-182
-245
-255
-240
-205
-211
-251
-302
-400
-476
-476
-259
43
178
60
-135
-169
-151
-192
-117
188
579
790
712
485
179
-80
-23
333
705
815
649
366
71
-196
-401
-404
-191
28
7
-246
-568
-899
-1156
-1191
-958
-663
-555
-660
-831
-1025
-1189
-1192
-1035
-775
-534
-399
-374
-475
-635
-713
-613
-396
-158
21
65
-20
-167
-263
-263
-195
-98
12
108
83
14
-50
-122
-136
-82
43
152
166
125
71
60
130
234
293
323
352
386
424
435
452
474
486
528
561
563
532
487
453
440
424
406
379
330
284
218
168
115
54
-8
-53
-47
-47
-87
-143
-192
-227
-220
-208
-162
-128
-128
-128
-180
-227
-257
-222
73
473
669
529
263
194
245
282
408
748
1186
1403
1275
963
597
338
371
714
1169
1361
1135
679
268
-38
-265
-250
28
306
253
-98
-486
-832
-1096
-1137
-860
-494
-344
-449
-663
-888
-1052
-1067
-880
-546
-268
-148
-195
-368
-550
-641
-541
-276
-9
134
106
-75
-310
-464
-456
-364
-273
-207
-174
-222
-385
-526
-569
-519
-427
-334
-229
-196
-270
-352
-342
-207
-25
75
121
141
125
122
166
267
344
355
347
347
320
241
174
134
109
80
49
9
-64
-179
-266
-295
-314
-328
-384
-410
-422
-440
-421
-408
-403
-414
-416
-367
-318
-281
-263
-226
-206
-233
-15
409
740
680
395
366
473
469
504
852
1388
1645
1508
1217
869
555
509
868
1367
1552
1344
936
546
193
-94
-100
225
582
573
251
-129
-463
-729
-752
-421
-32
139
68
-109
-332
-536
-551
-337
-3
291
444
391
138
-135
-278
-213
6
256
447
420
169
-161
-378
-418
-364
-269
-172
-152
-240
-381
-511
-596
-616
-533
-378
-254
-225
-252
-285
-280
-225
-133
-40
13
34
63
113
158
147
102
51
4
-40
-67
-80
-125
-213
-328
-432
-518
-590
-645
-678
-709
-701
-681
-702
-789
-875
-877
-811
-739
-681
-619
-574
-568
-588
-563
-544
-556
-546
-413
-62
316
494
364
119
67
120
148
285
691
1228
1450
1225
834
459
216
302
780
1316
1459
1149
701
332
-15
-250
-154
261
639
631
310
-76
-412
-625
-558
-172
287
503
434
251
64
-88
-111
82
428
750
879
818
626
367
170
182
375
593
709
668
482
181
-75
-169
-165
-111
-13
69
34
-135
-295
-362
-372
-266
-66
119
188
127
74
90
145
217
300
399
504
522
454
359
245
143
94
129
165
94
-68
-255
-432
-585
-678
-717
-754
-807
-837
-882
-935
-1000
-1044
-1018
-955
-872
-789
-774
-806
-794
-743
-659
-611
-611
-628
-663
-681
-532
-174
183
265
28
-201
-236
-222
-213
-35
458
971
1053
704
227
-131
-244
6
574
1069
1078
645
186
-138
-424
-560
-306
233
534
342
-83
-439
-685
-768
-520
-61
311
396
258
54
-156
-237
-91
236
609
840
863
696
450
250
199
336
545
729
775
641
384
97
-41
-47
-22
39
114
167
133
9
-106
-158
-110
35
226
366
425
441
464
513
552
578
619
700
767
796
792
733
621
489
394
340
272
185
93
-9
-132
-259
-378
-486
-590
-631
-616
-595
-597
-637
-693
-716
-708
-639
-549
-522
-506
-492
-458
-441
-462
-499
-573
-643
-545
-217
122
204
2
-248
-369
-430
-443
-276
129
597
774
528
37
-426
-597
-385
130
634
756
450
-32
-429
-731
-880
-692
-210
169
132
-211
-604
-923
-1070
-893
-433
5
188
102
-126
-348
-482
-405
-108
292
624
728
593
317
72
-16
82
301
531
675
617
379
85
-105
-165
-165
-68
86
190
160
15
-87
-130
-129
-68
70
265
430
497
470
454
456
458
475
544
685
787
767
670
558
463
375
316
298
288
226
115
-3
-127
-215
-253
-262
-268
-309
-328
-311
-294
-256
-241
-262
-262
-195
-106
-67
-78
-83
-64
-52
-87
-177
-253
-101
271
537
480
228
75
-28
-156
-115
207
640
899
868
564
61
-393
-479
-129
391
713
623
202
-288
-696
-933
-911
-618
-275
-188
-371
-644
-934
-1179
-1206
-912
-490
-199
-152
-281
-453
-576
-544
-374
-114
181
367
385
264
103
-5
-23
63
212
340
354
245
59
-123
-209
-229
-257
-262
-201
-114
-121
-207
-247
-198
-141
-116
-32
122
239
281
315
420
532
549
495
456
484
551
583
554
482
378
258
157
111
83
-30
-197
-288
-287
-292
-352
-413
-455
-487
-507
-449
-345
-278
-247
-213
-159
-93
-38
-20
-4
50
158
231
180
66
23
212
573
832
832
623
429
292
202
295
625
1070
1345
1268
894
386
16
-27
300
782
1061
937
501
19
-399
-655
-619
-291
45
50
-205
-525
-815
-1028
-1031
-749
-389
-144
-116
-276
-490
-630
-587
-393
-135
107
235
216
80
-76
-188
-177
-65
54
150
154
49
-143
-315
-378
-402
-445
-457
-399
-341
-335
-371
-370
-338
-344
-327
-251
-118
5
70
145
258
342
336
254
179
172
254
368
414
331
160
-7
-107
-157
-195
-244
-317
-404
-482
-545
-593
-644
-677
-674
-649
-607
-550
-479
-431
-414
-353
-268
-215
-185
-158
-90
5
56
66
15
-68
-26
212
577
807
737
502
319
240
261
449
843
1274
1431
1215
809
410
208
317
715
1164
1312
1074
637
215
-120
-270
-122
209
418
309
14
-259
-508
-663
-597
-304
15
141
54
-131
-299
-362
-267
-71
147
311
348
278
144
18
-10
36
114
201
275
260
116
-82
-200
-221
-281
-337
-303
-236
-242
-310
-327
-305
-288
-269
-217
-109
-29
18
37
75
209
324
321
245
193
205
229
243
244
179
70
-7
-73
-179
-308
-427
-503
-542
-557
-567
-636
-750
-822
-840
-813
-752
-669
-614
-604
-585
-534
-484
-463
-447
-397
-326
-249
-216
-255
-323
-385
-384
-240
101
423
467
224
-5
-24
-3
69
337
765
1097
1063
789
466
188
132
387
841
1163
1140
820
414
90
-114
-109
101
383
491
304
-9
-290
-442
-442
-260
12
195
220
125
-2
-96
-87
54
233
383
472
484
420
317
256
250
278
341
418
453
364
216
92
8
-61
-101
-85
-89
-142
-205
-200
-126
-113
-147
-138
-53
61
106
131
207
312
371
364
360
377
383
360
362
400
375
276
154
75
-3
-130
-243
-296
-323
-369
-444
-544
-653
-738
-764
-717
-650
-617
-630
-651
-628
-576
-544
-543
-509
-457
-411
-353
-330
-354
-444
-506
-482
-493
-498
-384
-119
124
116
-44
-215
-320
-331
-212
79
412
663
694
491
172
-79
-59
194
562
842
860
593
171
-163
-309
-227
12
242
284
102
-149
-398
-559
-550
-363
-95
78
124
56
-68
-155
-138
-15
125
274
392
435
404
315
249
230
255
338
419
443
361
215
93
38
18
-12
-50
-66
-74
-98
-115
-101
-44
-13
14
95
224
365
410
386
366
410
536
651
710
729
697
624
551
511
478
398
315
301
281
179
36
-112
-257
-387
-421
-361
-322
-372
-462
-502
-540
-566
-562
-521
-423
-327
-262
-250
-293
-359
-387
-376
-337
-274
-226
-223
-284
-431
-555
-555
-414
-133
17
-38
-219
-420
-483
-482
-379
-96
249
513
516
276
-37
-221
-146
148
497
673
618
368
62
-164
-275
-218
-42
129
141
-39
-285
-475
-533
-490
-310
-99
-1
-48
-181
-262
-273
-198
-52
91
190
216
189
121
72
75
106
161
195
212
179
68
-31
-64
-51
-67
-130
-172
-164
-159
-151
-97
-31
23
38
48
92
151
250
355
436
500
539
584
639
686
688
643
615
630
645
627
588
551
482
357
218
111
54
39
64
62
-15
-129
-217
-239
-218
-191
-148
-115
-89
-69
-73
-114
-148
-142
-95
-20
20
6
-34
-130
-194
-255
-310
-320
-377
-377
-338
-218
-137
-226
-320
-367
-358
-369
-344
-106
178
378
374
208
-9
-178
-108
146
430
558
492
303
51
-142
-245
-194
-55
61
68
-104
-315
-519
-597
-541
-416
-279
-236
-245
-303
-363
-369
-338
-250
-172
-104
-65
-81
-98
-100
-71
-71
-88
-84
-72
-53
-73
-86
-106
-157
-209
-255
-253
-239
-227
-217
-199
-181
-175
-144
-107
-55
19
95
199
257
293
344
396
466
521
577
627
640
607
543
506
507
532
529
493
418
284
161
89
86
112
136
139
92
1
-100
-147
-136
-75
30
92
106
71
28
14
19
59
105
135
132
80
5
-81
-131
-155
-175
-198
-250
-251
-217
-129
-37
-31
-94
-224
-304
-295
-202
19
290
515
523
337
108
-40
22
257
568
757
723
494
162
-105
-220
-143
34
189
204
7
-289
-531
-601
-559
-446
-302
-237
-294
-448
-562
-593
-576
-507
-409
-327
-315
-333
-328
-311
-281
-256
-233
-234
-244
-226
-210
-204
-228
-264
-291
-329
-359
-387
-405
-374
-330
-278
-247
-229
-195
-161
-96
-9
61
117
149
200
281
373
466
521
513
482
466
472
486
516
560
572
521
435
336
237
180
201
267
280
220
119
10
-77
-108
-65
23
108
138
92
-3
-61
-29
38
116
164
184
168
108
64
28
28
68
75
59
-7
-118
-183
-180
-73
80
136
103
0
-115
-144
-98
58
274
485
617
587
434
215
85
172
430
695
776
685
472
228
66
33
107
185
192
84
-88
-258
-365
-412
-426
-388
-357
-373
-425
-503
-556
-573
-527
-441
-368
-341
-344
-349
-346
-308
-278
-264
-242
-233
-220
-233
-241
-244
-287
-330
-357
-349
-324
-321
-341
-361
-359
-367
-382
-382
-367
-295
-180
-73
-28
-64
-82
-28
65
190
310
387
422
430
427
409
385
400
466
546
596
547
400
257
171
163
202
205
152
51
-47
-107
-146
-168
-146
-85
-36
-14
-27
-49
-46
-13
36
111
186
222
233
209
190
197
172
172
177
157
130
55
-27
-87
-106
-77
-1
36
19
-58
-152
-170
-161
-96
80
293
470
512
448
349
267
298
448
641
755
758
636
434
265
169
172
205
206
154
24
-142
-316
-441
-498
-481
-456
-466
-490
-550
-594
-603
-581
-510
-443
-383
-332
-299
-256
-208
-187
-176
-126
-76
-46
-52
-76
-76
-95
-112
-141
-227
-334
-403
-400
-355
-324
-345
-402
-471
-507
-480
-436
-362
-242
-125
-41
-3
14
53
121
232
383
509
583
594
548
495
469
490
517
517
488
406
277
147
48
-30
-78
-90
-105
-158
-248
-337
-388
-400
-351
-243
-146
-91
-82
-84
-50
24
121
203
272
325
354
355
330
302
269
235
190
130
80
23
-61
-171
-269
-289
-282
-268
-212
-134
-100
-180
-267
-241
-138
30
226
418
536
532
476
419
419
499
615
713
754
701
531
351
237
178
127
67
28
-60
-209
-323
-375
-416
-475
-512
-511
-478
-439
-418
-410
-403
-361
-304
-246
-185
-141
-116
-86
-38
-10
-12
-17
-19
-21
-44
-66
-86
-124
-152
-173
-206
-256
-293
-306
-306
-300
-281
-252
-241
-221
-176
-120
-62
0
71
130
201
284
343
383
401
412
432
459
499
527
503
444
367
279
204
149
104
62
11
-40
-106
-180
-239
-271
-277
-264
-246
-232
-210
-182
-160
-144
-119
-64
1
67
126
168
181
169
166
165
177
201
215
181
102
40
-9
-82
-166
-186
-176
-228
-317
-388
-377
-349
-340
-279
-195
-121
-131
-185
-148
-52
48
163
314
450
495
466
441
439
418
426
488
574
627
562
415
267
163
88
35
22
15
-51
-181
-289
-363
-428
-447
-429
-403
-387
-375
-364
-371
-368
-344
-298
-244
-175
-90
-37
8
54
86
98
84
84
121
171
196
171
120
75
17
-54
-82
-75
-70
-83
-108
-122
-155
-190
-184
-146
-91
-35
5
37
64
95
123
145
192
257
311
341
350
356
336
305
284
262
223
181
142
106
57
-6
-65
-131
-204
-258
-289
-300
-290
-282
-284
-292
-298
-287
-278
-255
-195
-118
-39
17
36
18
12
47
114
175
208
231
221
174
126
83
39
-10
-37
-59
-102
-176
-262
-343
-425
-430
-394
-367
-358
-321
-222
-183
-211
-229
-181
-65
57
225
366
446
456
402
381
388
438
483
522
566
533
416
250
134
49
-24
-44
-41
-63
-179
-296
-374
-428
-432
-412
-362
-324
-268
-223
-234
-234
-197
-98
-20
45
115
145
165
177
220
262
272
287
282
278
249
206
167
112
57
-17
-67
-90
-111
-144
-199
-226
-243
-253
-247
-229
-183
-147
-112
-70
-22
12
42
97
165
233
284
325
348
340
327
309
288
266
254
241
204
137
51
-31
-90
-124
-150
-188
-234
-278
-317
-349
-357
-343
-318
-273
-214
-159
-125
-101
-58
9
91
170
230
260
266
261
264
276
281
266
243
219
163
89
24
-34
-106
-185
-225
-252
-296
-368
-438
-507
-549
-519
-469
-410
-362
-318
-284
-262
-189
-112
-39
81
228
335
363
386
426
465
509
565
599
569
535
486
407
321
257
197
96
2
-75
-163
-250
-315
-346
-384
-406
-411
-412
-394
-353
-289
-227
-161
-101
-57
3
85
173
238
277
304
299
298
307
302
271
220
177
130
69
9
-59
-132
-195
-240
-285
-319
-340
-365
-378
-362
-323
-282
-250
-210
-147
-58
32
103
161
224
294
343
384
422
443
438
425
422
408
362
302
250
194
139
89
35
-30
-103
-169
-227
-273
-301
-298
-284
-270
-246
-222
-213
-202
-161
-79
1
61
107
139
151
163
184
214
235
235
230
208
179
128
69
20
-13
-44
-94
-143
-197
-254
-313
-365
-376
-383
-398
-421
-441
-446
-437
-388
-331
-287
-256
-196
-120
-61
8
73
143
202
253
303
314
330
365
410
424
402
357
288
238
210
193
159
109
66
-13
-105
-173
-216
-243
-259
-250
-258
-286
-314
-315
-301
-284
-236
-198
-162
-127
-90
-57
-36
0
43
86
105
113
127
133
137
124
102
71
23
-18
-46
-72
-100
-134
-163
-174
-191
-204
-202
-193
-158
-106
-55
-9
39
92
158
231
309
382
423
466
520
559
583
587
579
558
525
491
451
395
318
238
149
74
6
-75
-146
-215
-274
-321
-354
-359
-353
-344
-332
-313
-290
-251
-189
-122
-50
19
83
137
165
191
224
257
283
307
324
322
284
220
167
112
43
-5
-37
-72
-133
-212
-282
-351
-403
-426
-419
-393
-365
-343
-342
-353
-364
-356
-301
-195
-94
-38
-25
-17
12
28
37
80
129
174
185
168
150
110
80
72
64
45
6
-47
-95
-134
-173
-210
-242
-267
-293
-334
-353
-349
-343
-335
-304
-260
-241
-227
-199
-152
-106
-58
6
47
63
71
87
107
139
183
210
209
193
181
173
153
144
138
142
149
135
111
77
52
39
39
70
109
126
113
98
109
137
167
206
247
273
274
272
292
321
339
344
345
332
303
271
248
229
211
188
153
112
63
3
-54
-76
-75
-76
-89
-95
-101
-120
-133
-116
-62
-5
29
56
77
102
134
170
200
220
236
254
266
265
259
251
227
181
137
107
74
32
-7
-50
-107
-176
-235
-268
-296
-334
-361
-384
-412
-432
-446
-454
-451
-438
-415
-406
-407
-406
-410
-404
-368
-327
-311
-311
-302
-276
-254
-247
-230
-229
-233
-211
-177
-144
-118
-95
-75
-79
-93
-95
-78
-43
8
38
45
44
31
16
4
22
48
71
97
111
93
68
73
86
105
139
163
169
155
142
139
136
159
193
207
203
187
157
132
128
128
125
115
101
76
44
27
26
28
27
18
7
13
26
29
35
60
95
122
144
171
197
223
266
312
344
359
369
371
378
400
412
409
402
396
375
337
304
278
252
224
195
163
132
100
64
41
24
9
-10
-40
-55
-59
-55
-44
-39
-37
-42
-54
-68
-76
-72
-62
-65
-81
-94
-114
-139
-163
-190
-210
-220
-238
-269
-308
-347
-374
-388
-383
-364
-366
-388
-410
-413
-398
-372
-348
-323
-297
-268
-247
-241
-232
-201
-165
-133
-104
-86
-78
-72
-73
-75
-71
-72
-71
-70
-78
-94
-115
-129
-136
-146
-156
-156
-154
-148
-143
-149
-137
-111
-93
-80
-49
-10
11
34
61
75
76
88
107
130
162
172
155
140
134
127
118
128
145
139
124
118
101
78
87
110
124
138
152
156
150
155
179
199
214
236
248
259
268
263
262
267
279
281
270
264
264
252
236
224
205
183
168
165
163
146
126
102
81
68
66
55
46
47
47
41
33
36
34
23
13
12
16
24
37
39
33
24
14
9
9
15
12
-5
-21
-32
-46
-59
-69
-83
-103
-123
-138
-156
-176
-192
-205
-214
-226
-242
-256
-264
-269
-269
-253
-234
-224
-222
-219
-208
-187
-160
-137
-123
-108
-90
-80
-73
-63
-51
-45
-41
-46
-65
-74
-74
-78
-89
-110
-127
-152
-185
-199
-197
-193
-188
-185
-189
-202
-206
-200
-176
-143
-101
-57
-26
-9
-7
-7
1
31
80
130
170
182
160
127
105
98
108
131
152
153
126
84
47
24
24
38
57
70
74
69
61
64
84
118
155
189
213
230
245
256
274
295
312
313
313
310
297
277
257
240
217
190
156
124
95
67
42
23
10
-3
-25
-52
-74
-81
-67
-46
-29
-20
-20
-22
-27
-17
2
25
45
59
66
68
62
56
53
56
57
57
50
36
17
0
-11
-23
-28
-37
-56
-74
-90
-102
-108
-99
-92
-96
-98
-93
-86
-80
-71
-59
-44
-28
-19
-17
-18
-21
-21
-14
-5
-12
-31
-40
-50
-68
-89
-102
-121
-143
-158
-174
-193
-215
-240
-271
-291
-290
-286
-285
-279
-273
-268
-265
-256
-245
-228
-201
-174
-151
-134
-115
-95
-76
-56
-34
-6
18
26
26
36
57
80
103
111
107
97
97
105
116
125
129
135
141
149
150
146
142
148
155
158
159
153
142
131
138
150
149
140
126
113
104
102
97
78
56
40
31
22
12
-8
-33
-52
-65
-79
-93
-99
-100
-98
-92
-88
-89
-97
-100
-92
-73
-45
-17
5
14
21
28
45
67
88
111
137
155
156
149
149
151
156
168
177
173
153
130
107
93
86
80
70
57
38
19
1
-14
-24
-29
-27
-23
-27
-34
-38
-39
-39
-36
-28
-21
-21
-24
-24
-28
-33
-38
-46
-50
-53
-59
-69
-81
-92
-108
-122
-133
-141
-146
-143
-136
-133
-136
-146
-154
-149
-137
-121
-102
-78
-58
-45
-37
-28
-15
4
25
44
62
73
77
76
74
76
84
90
89
82
70
55
42
35
34
38
40
35
28
18
3
-7
-7
3
19
28
36
39
34
28
29
44
63
77
82
81
78
73
67
58
51
46
40
30
15
-2
-18
-33
-45
-51
-55
-63
-73
-83
-87
-82
-74
-66
-56
-49
-40
-32
-26
-13
11
33
49
57
60
64
67
74
81
80
69
49
31
18
10
1
-8
-23
-41
-59
-79
-94
-100
-94
-81
-68
-60
-61
-65
-65
-54
-28
4
33
52
62
67
69
68
75
89
105
114
111
95
74
55
41
32
21
9
-7
-26
-46
-67
-81
-87
-88
-90
-89
-84
-78
-73
-69
-67
-63
-57
-46
-28
-8
8
20
20
13
8
8
11
12
14
17
14
4
-7
-16
-21
-27
-34
-37
-38
-33
-25
-18
-13
-10
0
11
22
36
53
72
88
102
113
122
128
134
139
148
158
163
155
143
132
118
99
80
69
56
35
8
-15
-31
-53
-72
-85
-103
-125
-146
-157
-160
-162
-166
-172
-179
-184
-180
-172
-158
-145
-136
-128
-122
-119
-113
-104
-95
-85
-73
-60
-53
-56
-59
-57
-58
-56
-49
-42
-38
-38
-42
-43
-42
-41
-35
-26
-15
-5
3
7
15
23
31
36
46
59
68
73
76
82
85
89
92
86
81
74
66
62
58
52
42
27
12
-1
-13
-23
-30
-37
-40
-44
-51
-60
-66
-67
-60
-48
-34
-24
-18
-12
-3
8
22
33
47
60
74
88
96
104
106
110
114
122
129
134
139
139
137
134
129
124
126
133
142
143
138
133
127
128
135
145
152
154
148
138
131
128
128
130
130
127
117
100
79
62
51
46
42
27
7
-17
-38
-54
-64
-75
-87
-101
-111
-122
-129
-134
-140
-145
-146
-144
-142
-141
-138
-133
-126
-119
-119
-123
-125
-124
-118
-110
-101
-95
-96
-101
-105
-107
-106
-100
-94
-86
-80
-79
-85
-93
-95
-90
-81
-71
-64
-64
-67
-68
-65
-56
-45
-41
-45
-48
-48
-47
-47
-48
-49
-49
-53
-54
-57
-62
-66
-66
-64
-61
-62
-66
-68
-68
-65
-61
-60
-58
-58
-52
-41
-27
-18
-10
-1
13
28
43
57
71
86
99
113
124
135
143
151
162
173
179
183
183
188
194
196
199
197
195
194
192
188
183
178
176
176
172
168
164
161
156
150
148
148
152
155
154
148
138
127
119
113
106
100
92
80
67
51
35
17
-1
-16
-26
-34
-47
-60
-77
-93
-102
-107
-112
-115
-117
-120
-120
-120
-120
-119
-115
-111
-107
-99
-95
-92
-86
-83
-83
-87
-95
-100
-103
-103
-104
-111
-121
-137
-151
-159
-166
-170
-177
-186
-193
-199
-202
-205
-205
-202
-196
-190
-183
-181
-176
-169
-161
-150
-138
-128
-121
-118
-117
-110
-103
-95
-90
-89
-91
-95
-95
-95
-94
-91
-90
-89
-89
-89
-85
-84
-81
-72
-59
-48
-36
-24
-11
3
20
38
56
74
94
110
123
137
151
165
179
190
200
204
207
213
221
226
228
227
225
224
222
216
211
209
209
210
208
204
197
190
186
184
185
187
188
185
179
173
169
168
169
168
167
163
157
150
144
136
128
120
113
103
90
77
67
58
47
39
27
18
9
0
-7
-12
-17
-22
-28
-33
-38
-44
-49
-53
-52
-50
-49
-53
-59
-64
-69
-74
-78
-81
-86
-93
-102
-113
-124
-137
-149
-156
-163
-169
-178
-192
-205
-211
-215
-216
-217
-221
-226
-228
-228
-224
-218
-211
-206
-201
-195
-186
-179
-172
-164
-155
-145
-138
-133
-130
-126
-121
-115
-111
-108
-107
-106
-102
-97
-94
-89
-85
-78
-69
-60
-51
-41
-27
-10
5
19
32
45
57
72
92
110
120
126
132
140
149
159
168
173
176
173
172
170
169
167
165
161
157
154
152
148
144
142
140
138
139
143
146
146
145
145
146
149
154
157
160
159
157
154
154
156
156
153
150
145
140
135
130
125
120
113
108
101
93
85
78
72
67
64
59
52
44
34
27
19
9
2
-5
-14
-23
-34
-43
-55
-67
-78
-86
-95
-104
-115
-127
-136
-141
-146
-150
-152
-158
-162
-165
-168
-168
-166
-164
-162
-160
-160
-158
-155
-152
-149
-143
-141
-140
-140
-139
-134
-132
-132
-131
-131
-131
-132
-133
-133
-132
-128
-126
-125
-122
-123
-122
-118
-110
-101
-94
-89
-84
-80
-71
-64
-57
-49
-39
-28
-22
-21
-17
-10
-2
3
7
13
18
21
21
24
28
30
33
37
38
40
44
43
42
47
56
57
56
58
63
67
72
76
79
80
85
89
94
99
103
110
114
117
121
127
129
129
133
138
136
137
137
136
134
130
127
123
121
118
112
107
102
97
89
83
79
74
68
61
58
53
49
48
43
40
38
35
29
26
25
21
16
11
9
8
5
-1
-5
-10
-12
-16
-18
-19
-24
-26
-28
-31
-34
-36
-39
-44
-46
-47
-52
-58
-61
-65
-67
-67
-71
-75
-82
-85
-87
-89
-90
-93
-94
-95
-94
-93
-95
-96
-95
-93
-91
-88
-86
-86
-87
-87
-83
-78
-76
-74
-74
-73
-68
-64
-61
-61
-61
-58
-54
-53
-49
-48
-46
-45
-41
-36
-34
-33
-30
-25
-18
-12
-7
-2
1
7
13
20
24
29
34
40
44
47
49
49
53
57
60
62
62
63
65
67
69
69
68
69
69
71
73
75
74
75
74
75
76
75
78
80
81
81
81
82
82
81
80
80
78
75
71
68
68
66
64
61
59
56
53
51
46
44
42
39
37
33
29
26
23
23
21
19
15
12
9
6
6
4
0
-4
-7
-9
-12
-15
-18
-21
-23
-24
-28
-32
-37
-41
-45
-48
-51
-52
-56
-60
-61
-64
-66
-69
-71
-74
-76
-76
-76
-77
-78
-78
-76
-75
-74
-73
-72
-71
-69
-65
-60
-58
-55
-52
-50
-49
-46
-40
-36
-29
-25
-24
-23
-21
-21
-20
-18
-16
-14
-12
-12
-11
-12
-12
-13
-14
-12
-11
-10
-8
-6
-3
0
1
5
8
11
13
19
24
29
36
38
41
42
44
47
49
52
54
56
55
54
52
50
49
45
43
41
36
35
32
29
27
22
20
19
18
17
16
16
14
14
15
14
15
14
14
14
13
13
12
11
8
6
1
-4
-6
-8
-9
-10
-15
-21
-26
-30
-33
-33
-35
-36
-38
-41
-42
-44
-43
-44
-45
-47
-46
-46
-47
-48
-48
-49
-51
-52
-52
-51
-51
-51
-50
-50
-50
-50
-51
-50
-49
-48
-47
-47
-45
-44
-43
-42
-41
-40
-36
-35
-31
-27
-26
-24
-21
-16
-9
-5
-2
3
7
9
12
16
21
25
28
30
33
35
36
39
41
45
52
54
55
59
62
65
66
69
73
76
77
80
81
82
82
81
82
85
85
86
86
84
85
85
89
90
92
92
91
91
91
91
90
91
91
91
88
84
82
82
80
78
75
71
68
64
60
56
52
47
41
35
30
22
17
9
1
-8
-15
-19
-25
-31
-40
-48
-55
-61
-63
-68
-73
-79
-85
-88
-92
-94
-95
-100
-103
-108
-110
-113
-114
-115
-115
-116
-117
-120
-120
-120
-118
-116
-114
-113
-113
-113
-112
-111
-108
-105
-101
-99
-94
-94
-93
-89
-85
-79
-72
-68
-64
-61
-57
-51
-46
-39
-32
-26
-22
-17
-12
-6
-1
4
9
12
17
22
24
28
30
32
35
38
40
41
41
43
45
44
46
47
47
47
49
50
52
55
58
61
62
61
63
66
71
75
81
84
85
86
87
91
95
99
102
103
104
103
105
105
106
106
107
106
106
106
105
102
99
97
95
92
88
84
80
75
71
66
61
56
51
44
39
33
27
22
16
7
-1
-10
-15
-21
-29
-36
-44
-51
-58
-64
-71
-77
-82
-87
-94
-98
-103
-105
-106
-109
-112
-115
-117
-119
-120
-119
-120
-119
-117
-115
-114
-111
-109
-107
-104
-101
-98
-95
-91
-90
-86
-85
-83
-77
-73
-71
-69
-66
-65
-61
-57
-53
-51
-50
-47
-46
-44
-42
-37
-34
-31
-29
-27
-24
-20
-18
-15
-11
-7
-4
0
5
7
10
14
16
20
23
26
28
31
34
36
39
43
46
49
53
56
59
63
66
68
72
75
78
83
86
88
90
94
97
100
104
108
111
113
116
117
119
121
122
123
122
119
118
117
115
113
110
107
102
99
95
91
85
78
74
68
62
57
51
45
40
33
28
23
18
14
8
2
-3
-7
-12
-18
-23
-27
-31
-33
-36
-42
-45
-49
-51
-53
-58
-61
-65
-68
-71
-75
-78
-81
-82
-86
-88
-91
-93
-95
-98
-101
-103
-104
-105
-105
-104
-106
-106
-106
-107
-106
-105
-102
-101
-100
-100
-98
-97
-95
-92
-89
-87
-84
-82
-78
-77
-76
-75
-74
-71
-66
-63
-60
-58
-55
-49
-46
-42
-38
-33
-28
-23
-19
-14
-9
-5
1
7
13
21
25
29
33
38
43
48
53
57
62
65
71
73
75
77
81
84
88
90
90
91
91
93
94
95
96
96
97
96
95
93
93
94
94
93
93
92
92
90
89
90
88
87
85
83
81
81
78
77
76
76
76
75
75
72
70
70
70
68
66
63
60
58
53
50
45
41
37
33
27
22
16
10
6
1
-3
-10
-15
-21
-28
-34
-39
-45
-52
-57
-62
-66
-70
-75
-78
-83
-86
-88
-91
-92
-95
-99
-100
-100
-101
-104
-106
-107
-106
-107
-107
-109
-107
-108
-105
-105
-104
-101
-101
-99
-97
-95
-94
-93
-90
-87
-86
-82
-78
-76
-71
-68
-64
-59
-53
-50
-46
-42
-40
-36
-33
-29
-24
-21
-15
-11
-8
-5
-1
1
5
8
12
14
16
19
22
25
27
30
33
36
40
41
44
47
50
52
56
58
60
64
65
68
69
73
77
79
83
86
87
90
90
92
93
94
94
95
97
98
97
95
94
94
94
94
94
92
90
88
85
82
80
76
73
68
67
64
59
55
52
48
42
39
31
26
20
14
8
2
-5
-9
-15
-20
-26
-34
-39
-45
-51
-56
-62
-67
-72
-77
-81
-85
-90
-93
-95
-98
-100
-100
-102
-104
-103
-104
-105
-104
-103
-103
-103
-101
-98
-97
-94
-92
-90
-89
-88
-84
-83
-81
-79
-76
-73
-69
-67
-64
-62
-60
-58
-55
-53
-51
-48
-45
-41
-38
-35
-31
-30
-28
-24
-20
-17
-14
-10
-7
-5
-2
2
5
8
12
16
20
24
27
30
34
37
39
43
47
49
52
55
58
61
64
67
70
73
76
79
82
85
90
91
94
97
99
102
105
107
108
109
110
110
112
111
113
111
111
111
108
107
105
101
99
96
92
89
83
78
73
68
63
60
55
50
45
40
34
30
26
23
18
13
9
4
-1
-4
-9
-15
-19
-23
-27
-29
-33
-37
-40
-44
-47
-48
-52
-54
-55
-57
-59
-60
-61
-60
-62
-62
-62
-62
-63
-63
-61
-60
-60
-60
-61
-62
-62
-60
-62
-61
-62
-63
-63
-63
-65
-65
-67
-66
-68
-67
-65
-66
-67
-67
-66
-65
-63
-63
-60
-58
-57
-55
-54
-51
-50
-48
-45
-42
-39
-38
-37
-33
-29
-27
-23
-20
-17
-15
-12
-10
-10
-7
-4
-1
3
6
9
12
13
17
21
25
27
31
33
35
38
41
45
46
49
50
51
53
54
57
61
60
61
60
60
61
59
59
59
58
58
57
56
54
53
49
48
48
45
43
41
39
37
36
33
31
29
27
26
25
21
18
16
13
12
10
8
7
5
1
0
-3
-4
-7
-10
-11
-14
-15
-16
-16
-18
-20
-21
-23
-26
-27
-27
-29
-30
-31
-30
-29
-30
-31
-32
-32
-32
-32
-33
-33
-32
-32
-33
-34
-35
-35
-34
-34
-33
-33
-32
-33
-34
-34
-34
-33
-34
-35
-35
-36
-35
-35
-36
-35
-34
-33
-31
-29
-29
-27
-26
-23
-20
-17
-16
-14
-12
-11
-8
-8
-5
-5
-3
-1
1
2
4
6
8
10
12
14
17
20
21
22
24
27
29
30
31
34
36
37
38
39
40
41
41
42
42
43
44
44
45
45
45
46
45
42
42
39
37
37
35
34
33
32
31
30
27
24
21
18
16
15
14
12
10
8
7
5
5
3
2
0
-3
-4
-7
-7
-7
-8
-9
-9
-9
-9
-10
-10
-12
-12
-13
-12
-13
-14
-13
-13
-12
-11
-10
-9
-11
-11
-11
-10
-10
-11
-10
-9
-7
-8
-8
-9
-9
-10
-10
-10
-10
-10
-10
-10
-8
-8
-9
-9
-9
-9
-9
-8
-10
-9
-10
-9
-9
-8
-8
-10
-9
-10
-10
-9
-8
-8
-8
-6
-5
-3
-4
-4
-4
-2
-2
-1
-1
-1
-1
1
0
1
3
3
3
3
4
4
6
7
6
6
6
6
7
7
7
6
6
6
7
6
5
6
6
5
6
6
7
5
5
5
5
4
4
3
1
2
1
0
1
0
0
0
1
0
-1
-2
-2
-2
-3
-3
-3
-3
-2
-3
-3
-3
-4
-4
-4
-4
-4
-4
-6
-6
-7
-8
-9
-8
-8
-9
-11
-13
-14
-13
-12
-12
-12
-12
-12
-14
-13
-12
-10
-10
-10
-10
-9
-9
-9
-10
-10
-9
-7
-7
-8
-7
-7
-9
-7
-6
-4
-4
-3
-4
-4
-4
-3
-3
-3
-2
-1
1
1
0
1
0
2
3
4
5
7
8
8
8
8
9
11
12
13
14
14
13
13
13
15
16
17
18
16
15
15
16
16
16
17
17
18
17
17
17
15
17
16
17
17
17
15
14
14
15
16
15
13
12
11
9
9
8
8
8
7
7
3
3
2
0
-1
0
-1
-1
-3
-4
-5
-8
-9
-8
-9
-9
-10
-11
-12
-15
-15
-15
-13
-13
-14
-15
-16
-18
-20
-20
-21
-19
-18
-19
-18
-20
-20
-20
-19
-19
-17
-17
-18
-16
-18
-18
-16
-14
-13
-12
-11
-11
-12
-10
-8
-8
-7
-6
-6
-4
-4
-3
-3
-2
-2
-1
0
1
0
0
1
0
1
2
2
2
2
1
2
2
3
4
4
3
4
5
6
5
4
5
5
7
7
8
7
8
7
7
8
8
8
10
10
11
11
12
13
14
15
16
17
18
20
18
19
21
21
22
23
24
26
25
25
25
25
24
23
24
24
24
24
23
22
20
19
20
17
18
17
15
13
11
10
9
7
5
4
2
1
-1
-4
-5
-6
-8
-10
-11
-13
-14
-17
-19
-19
-20
-20
-22
-22
-23
-24
-25
-25
-25
-25
-26
-26
-25
-24
-24
-25
-25
-24
-22
-20
-21
-20
-20
-20
-18
-16
-16
-16
-15
-15
-14
-12
-13
-14
-13
-13
-13
-13
-11
-12
-12
-11
-10
-11
-12
-11
-11
-11
-10
-10
-10
-10
-11
-11
-11
-10
-10
-10
-11
-9
-8
-8
-8
-8
-7
-7
-6
-5
-3
-3
-3
-2
0
1
3
4
6
7
9
11
12
13
14
16
18
20
22
22
23
26
26
28
30
31
33
35
34
36
38
38
40
39
39
40
40
40
41
40
41
42
40
41
40
39
38
36
35
35
34
33
31
30
28
25
23
21
20
18
15
14
11
10
8
5
3
0
-2
-5
-8
-9
-12
-14
-18
-20
-22
-24
-27
-29
-30
-33
-35
-37
-38
-40
-41
-43
-45
-45
-47
-47
-47
-51
-51
-51
-51
-52
-53
-52
-52
-52
-52
-50
-49
-49
-49
-47
-46
-44
-42
-42
-41
-38
-36
-34
-33
-31
-28
-28
-26
-25
-22
-21
-19
-18
-16
-14
-13
-11
-9
-5
-5
-3
-1
0
2
3
4
6
7
8
9
11
11
13
15
15
16
18
18
18
19
19
21
22
23
23
24
26
27
28
29
29
30
31
34
34
35
36
37
38
38
39
39
40
40
41
41
42
43
44
45
45
45
44
45
45
44
44
42
40
39
39
36
37
36
35
32
30
29
27
26
24
22
20
18
17
15
14
11
9
6
4
2
1
-1
-3
-5
-5
-7
-9
-10
-11
-12
-14
-17
-18
-20
-21
-22
-23
-26
-25
-26
-27
-28
-29
-28
-30
-32
-33
-31
-31
-32
-33
-35
-35
-35
-35
-37
-35
-34
-34
-35
-35
-34
-34
-33
-34
-32
-31
-31
-31
-32
-31
-31
-30
-29
-27
-26
-24
-22
-21
-21
-20
-18
-16
-14
-12
-11
-9
-9
-8
-8
-7
-5
-4
-2
1
2
3
3
4
6
9
10
11
14
16
17
19
20
20
22
22
23
23
25
26
25
26
27
27
28
28
29
30
30
30
30
30
32
30
31
31
31
31
30
30
29
27
27
27
26
24
23
23
21
21
19
20
18
16
15
12
11
11
9
7
6
5
3
1
0
-1
-3
-4
-6
-7
-9
-10
-11
-12
-15
-17
-18
-19
-20
-21
-23
-23
-24
-25
-25
-26
-26
-27
-28
-29
-28
-30
-30
-30
-31
-30
-30
-31
-31
-31
-29
-31
-30
-29
-29
-28
-29
-27
-28
-26
-27
-26
-25
-25
-24
-23
-22
-21
-21
-19
-19
-17
-16
-14
-12
-11
-11
-10
-8
-7
-6
-5
-4
-2
-1
0
1
2
4
4
6
8
9
10
10
12
11
13
13
14
15
17
18
20
19
20
22
23
24
25
26
26
27
27
26
28
29
29
28
28
28
28
27
26
28
28
28
27
26
26
25
24
24
23
23
23
22
22
22
21
19
19
18
16
16
15
14
13
12
11
11
8
8
6
4
3
1
1
-2
-2
-4
-4
-5
-7
-7
-7
-8
-8
-9
-9
-10
-12
-12
-13
-13
-13
-13
-15
-15
-16
-15
-16
-17
-18
-21
-19
-19
-20
-20
-19
-18
-18
-18
-17
-18
-17
-18
-18
-18
-17
-16
-16
-14
-13
-14
-13
-12
-12
-11
-10
-8
-9
-8
-9
-7
-6
-5
-5
-5
-5
-4
-3
-2
-1
-1
0
1
1
2
4
6
8
9
11
10
12
12
12
15
15
16
16
16
15
15
15
17
18
17
18
17
18
16
17
17
17
16
16
16
16
16
16
16
16
14
14
14
14
14
14
14
13
11
11
9
8
9
8
9
8
6
5
3
3
1
0
0
-1
-2
-3
-5
-6
-5
-6
-6
-7
-8
-8
-9
-9
-10
-10
-11
-11
-12
-11
-10
-11
-11
-13
-14
-15
-15
-14
-15
-14
-14
-14
-16
-15
-16
-17
-18
-17
-18
-18
-18
-19
-20
-19
-18
-19
-20
-20
-20
-21
-20
-19
-19
-19
-19
-19
-19
-18
-16
-16
-15
-13
-13
-13
-12
-12
-10
-10
-9
-7
-6
-6
-5
-4
-2
-2
-1
-1
-1
0
2
3
3
4
5
4
6
6
7
7
8
9
9
10
10
10
10
12
11
12
12
13
13
12
12
12
12
13
11
12
11
11
12
10
10
10
10
10
10
10
10
9
8
8
9
8
8
7
7
7
7
6
5
5
6
5
5
6
5
6
6
6
5
5
4
4
3
4
3
3
3
3
2
2
