3
-17
-22
-16
-18
-28
-34
-29
-20
-12
-9
-8
-4
6
18
21
14
9
15
22
18
5
-4
-4
-4
-8
-17
-27
-32
-30
-28
-29
-31
-27
-19
-13
-6
0
7
10
12
13
15
15
10
5
0
-3
-1
-3
-7
-11
-7
1
4
6
10
16
23
29
31
34
34
34
32
32
29
25
19
14
10
8
5
1
0
1
6
10
10
8
9
13
14
11
5
3
7
13
13
8
6
7
6
1
-4
-7
-9
-12
-13
-16
-19
-18
-13
-10
-13
-14
-11
-8
-6
-3
-2
-3
-9
-18
-24
-26
-23
-22
-20
-20
-22
-28
-37
-41
-43
-44
-45
-47
-55
-59
-42
-14
7
20
39
66
76
64
51
53
57
48
21
-2
-14
-15
-20
-33
-45
-44
-32
-17
-9
-11
-5
14
31
35
26
22
26
29
24
12
0
-4
-6
-11
-17
-24
-31
-33
-40
-44
-46
-45
-40
-36
-31
-23
-11
-1
3
6
13
20
20
14
5
2
2
-2
-12
-18
-16
-11
-7
-4
0
7
17
25
32
36
42
46
46
44
44
46
44
37
36
38
34
28
19
14
15
19
24
23
23
28
40
55
70
79
86
87
82
64
40
20
9
10
7
-8
-19
-17
-10
-1
3
1
5
17
24
15
3
-9
-12
-5
-4
-17
-31
-35
-36
-37
-49
-69
-74
-70
-68
-69
-70
-74
-79
-87
-95
-99
-102
-105
-106
-97
-88
-86
-89
-93
-96
-95
-89
-95
-115
-130
-132
-118
-83
-40
-13
5
51
111
131
102
85
122
150
108
40
7
-3
-21
-47
-77
-109
-120
-83
-37
-29
-43
-16
57
105
99
79
82
100
103
86
52
25
15
14
9
-16
-41
-47
-35
-39
-60
-68
-61
-53
-51
-42
-20
5
21
34
52
74
94
94
80
63
58
52
30
3
-12
-10
4
16
21
29
45
70
89
95
94
97
108
113
108
104
104
106
99
93
86
72
58
47
47
39
28
27
32
31
29
39
61
86
117
143
153
150
143
126
93
46
15
8
-1
-23
-39
-39
-31
-9
5
-5
-20
-12
-3
-14
-36
-55
-51
-30
-18
-25
-30
-27
-30
-33
-46
-70
-99
-127
-151
-161
-168
-177
-177
-169
-169
-168
-165
-167
-171
-162
-145
-131
-140
-168
-188
-192
-200
-222
-240
-264
-298
-300
-222
-96
23
145
289
378
350
297
301
283
177
103
128
88
-108
-260
-225
-177
-250
-308
-241
-137
-75
-1
95
142
161
251
358
329
185
109
143
141
47
-54
-91
-83
-68
-58
-76
-120
-141
-120
-96
-122
-158
-143
-84
-30
2
38
85
132
164
186
200
194
165
111
49
8
-14
-51
-106
-123
-75
-8
33
49
75
122
175
219
233
214
197
211
228
204
163
142
140
124
87
51
8
-42
-77
-87
-91
-101
-80
-8
64
92
116
189
258
254
209
202
227
205
124
53
18
-2
-14
-50
-122
-166
-124
-46
-30
-75
-108
-71
-13
-4
-31
-69
-68
-14
38
12
-44
-47
-9
24
-10
-98
-165
-170
-177
-223
-265
-296
-292
-265
-227
-190
-162
-155
-164
-144
-135
-148
-160
-175
-198
-215
-226
-271
-352
-425
-446
-430
-390
-292
-132
31
202
403
522
473
400
452
504
387
200
147
148
0
-211
-275
-246
-290
-323
-255
-174
-147
-83
66
173
195
229
333
386
298
208
200
214
146
62
14
-8
-24
-47
-69
-142
-219
-251
-231
-231
-274
-264
-186
-76
-22
15
82
161
223
245
249
227
201
162
104
34
-21
-51
-78
-94
-92
-46
0
23
43
76
134
189
235
248
254
275
309
319
282
246
223
198
133
54
-16
-68
-77
-72
-86
-106
-64
22
90
127
170
248
316
314
248
200
191
180
128
21
-66
-67
-37
-71
-135
-161
-128
-62
-39
-87
-137
-107
-51
-41
-72
-102
-79
-19
25
15
-20
-49
-54
-44
-79
-163
-243
-257
-252
-292
-359
-388
-379
-384
-391
-389
-379
-364
-361
-382
-429
-479
-519
-480
-328
-63
256
473
526
548
646
678
545
389
372
406
259
-61
-315
-353
-334
-390
-469
-476
-376
-182
18
87
90
204
471
662
584
393
321
402
412
245
18
-113
-103
-75
-110
-240
-358
-358
-282
-259
-337
-366
-289
-165
-97
-77
-26
41
90
100
126
171
212
215
149
73
35
26
-52
-181
-258
-233
-160
-138
-154
-139
-40
102
227
290
302
337
409
454
413
330
272
256
228
159
81
17
-30
-46
-11
18
-11
-44
0
87
130
140
162
206
246
259
249
223
204
198
204
172
97
56
55
35
-10
-32
-28
-12
-7
-34
-78
-79
-47
-32
-43
-71
-80
-63
-53
-84
-112
-113
-99
-95
-117
-155
-192
-206
-236
-298
-379
-443
-478
-502
-515
-540
-555
-531
-483
-458
-452
-441
-435
-343
-125
98
207
270
404
532
513
358
284
348
373
248
62
-101
-229
-241
-248
-355
-473
-424
-222
-91
-53
-39
100
318
492
523
403
347
366
408
298
118
8
-9
26
-44
-105
-166
-156
-119
-131
-200
-303
-283
-265
-272
-313
-318
-237
-161
-82
-37
89
233
342
367
306
282
245
183
24
-127
-208
-225
-200
-213
-200
-141
5
155
232
270
335
449
463
413
364
332
267
203
198
188
167
147
190
231
197
159
192
225
154
82
42
13
3
22
52
101
188
257
306
308
297
311
325
256
132
53
-4
-49
-92
-125
-155
-155
-112
-95
-117
-161
-170
-156
-151
-184
-232
-220
-182
-157
-160
-163
-178
-211
-253
-342
-466
-615
-759
-875
-959
-1043
-1089
-989
-703
-268
125
327
448
686
936
924
711
599
677
665
371
-33
-293
-365
-358
-399
-565
-695
-564
-262
-139
-254
-302
-100
211
366
312
185
219
482
730
689
448
401
578
659
444
123
-68
-134
-186
-350
-595
-755
-699
-554
-526
-583
-541
-345
-175
-122
-82
45
217
325
337
295
306
378
393
272
113
57
72
36
-97
-232
-265
-197
-110
-91
-126
-100
39
175
203
162
171
254
335
339
270
205
214
301
370
350
299
324
378
349
232
130
96
83
47
-21
-75
-99
-48
29
66
81
148
261
297
277
249
248
259
245
187
79
2
-35
-52
-102
-185
-237
-214
-159
-176
-224
-242
-219
-220
-278
-348
-378
-390
-432
-485
-556
-626
-674
-698
-744
-823
-866
-766
-462
-109
67
71
165
432
600
491
359
500
721
685
415
152
4
-42
-41
-148
-397
-533
-388
-217
-290
-456
-419
-164
73
122
-14
-126
3
295
425
275
156
319
593
678
550
380
310
337
311
75
-280
-467
-430
-408
-569
-734
-701
-540
-405
-316
-215
-89
56
177
219
173
144
200
261
235
179
228
356
432
391
318
308
336
314
192
26
-92
-107
-84
-110
-176
-175
-46
125
243
272
254
287
389
441
349
205
171
237
271
229
186
199
229
264
252
163
74
65
59
-40
-128
-152
-131
-80
-7
49
88
176
269
270
176
89
71
59
-17
-122
-184
-184
-158
-142
-152
-181
-180
-158
-167
-251
-376
-485
-557
-640
-769
-879
-926
-911
-825
-637
-369
-171
-90
-17
118
237
236
253
368
485
498
426
388
311
245
242
261
174
-10
-86
-146
-244
-378
-422
-405
-390
-340
-339
-339
-290
-115
45
58
24
75
220
298
277
197
131
125
161
155
51
-35
-16
32
4
-92
-142
-121
-82
-67
-86
-82
-43
12
19
-16
-37
-33
-15
-26
-42
-52
-22
47
104
110
94
166
304
388
374
325
312
326
349
341
262
161
133
199
237
179
102
95
141
131
91
46
6
-9
-21
-50
-122
-147
-97
-44
-27
6
98
145
135
134
163
184
180
179
140
91
116
194
226
180
164
219
290
313
278
212
131
61
-16
-126
-249
-344
-396
-423
-441
-454
-433
-375
-294
-242
-237
-254
-281
-332
-396
-378
-293
-289
-407
-504
-464
-437
-499
-533
-472
-402
-397
-361
-320
-334
-333
-243
-99
8
124
208
183
155
238
336
288
207
202
152
24
-17
95
140
82
111
258
378
424
481
491
397
308
307
290
172
60
35
32
-6
-30
-4
29
38
52
104
131
83
-2
-62
-92
-146
-224
-278
-279
-263
-250
-208
-144
-98
-94
-64
11
54
59
71
98
87
61
102
174
216
210
211
236
264
307
293
258
247
295
382
448
494
514
548
585
580
546
506
458
374
274
190
101
22
-17
-27
-58
-84
-38
7
-16
-62
-41
11
13
-31
-93
-125
-127
-116
-133
-201
-285
-324
-314
-344
-448
-586
-672
-721
-790
-857
-893
-875
-810
-694
-498
-325
-244
-250
-235
-167
-183
-250
-271
-209
-177
-216
-174
-113
-97
-78
41
219
272
269
228
146
71
77
165
155
113
121
160
207
272
387
413
380
369
387
388
314
215
105
38
13
-29
-86
-122
-116
-113
-116
-132
-148
-166
-174
-155
-132
-99
-73
-59
-63
-76
-55
-27
-32
-92
-150
-169
-165
-130
-101
-95
-108
-60
51
129
134
105
112
127
144
178
200
215
263
355
426
432
455
523
571
584
598
609
570
513
491
477
455
457
458
399
326
318
342
324
265
215
173
128
97
47
-37
-121
-148
-154
-206
-290
-348
-347
-324
-320
-340
-358
-363
-361
-362
-363
-352
-360
-387
-424
-465
-506
-559
-604
-643
-654
-583
-493
-474
-553
-607
-547
-503
-502
-488
-388
-269
-211
-141
-87
-61
-26
81
245
344
370
344
286
276
306
351
320
265
227
158
113
111
135
95
60
101
158
189
187
178
145
119
130
123
63
-2
-24
-21
-49
-112
-163
-200
-228
-258
-265
-239
-230
-250
-277
-283
-249
-212
-194
-199
-201
-169
-123
-82
-49
-20
14
65
143
219
269
296
321
374
432
481
507
504
504
508
524
539
535
545
580
627
664
687
697
672
638
625
629
604
513
428
375
344
314
278
249
197
142
89
27
-35
-96
-142
-200
-261
-295
-321
-355
-404
-431
-439
-470
-509
-550
-586
-629
-667
-698
-735
-766
-783
-794
-809
-783
-701
-540
-400
-368
-409
-440
-369
-331
-343
-350
-312
-220
-157
-82
-60
-86
-53
26
146
207
229
210
114
105
174
265
255
213
236
233
254
302
373
360
289
301
343
345
256
140
41
-36
-75
-109
-167
-216
-220
-196
-213
-268
-312
-345
-376
-401
-413
-425
-436
-424
-393
-374
-348
-312
-277
-243
-203
-151
-129
-101
-67
-35
-8
37
127
191
219
235
277
361
433
493
528
556
604
643
697
740
782
839
894
934
924
907
920
923
902
839
765
670
570
503
446
403
356
321
272
215
181
149
112
47
-25
-111
-182
-235
-302
-401
-494
-526
-543
-577
-614
-615
-607
-633
-665
-688
-699
-724
-758
-799
-828
-819
-719
-574
-503
-516
-576
-558
-490
-435
-377
-316
-207
-129
-72
-34
-50
-21
63
211
309
317
308
254
255
309
394
429
382
364
322
285
272
305
325
238
161
149
172
146
65
-12
-84
-137
-168
-189
-215
-249
-266
-281
-323
-374
-402
-416
-434
-457
-468
-459
-448
-440
-446
-454
-446
-435
-417
-408
-390
-379
-354
-293
-238
-194
-165
-95
8
108
207
283
353
397
442
503
564
619
654
699
763
836
896
923
938
943
944
952
962
944
863
760
667
607
579
558
544
511
474
453
420
374
312
267
232
183
113
16
-84
-181
-257
-324
-398
-454
-498
-523
-544
-554
-571
-618
-668
-715
-744
-772
-803
-794
-713
-623
-608
-673
-720
-675
-621
-556
-461
-342
-232
-182
-118
-83
-67
-11
75
199
250
255
220
170
191
239
316
333
324
304
244
225
245
300
275
189
139
123
130
87
35
-23
-74
-85
-87
-95
-126
-148
-168
-207
-262
-338
-401
-450
-481
-503
-521
-514
-509
-510
-512
-488
-455
-439
-410
-373
-329
-299
-266
-223
-210
-183
-112
5
92
119
143
169
202
237
295
373
454
556
632
656
641
644
688
728
760
763
723
662
627
628
611
592
591
583
544
500
489
468
421
364
316
268
214
171
120
50
-14
-37
-55
-111
-180
-232
-260
-286
-323
-388
-480
-541
-568
-576
-575
-512
-372
-290
-312
-391
-413
-380
-375
-335
-276
-184
-99
-64
-44
-81
-70
2
108
222
241
204
109
49
85
134
192
213
236
224
161
154
202
272
262
190
144
108
102
91
43
-48
-151
-200
-233
-272
-294
-306
-336
-397
-463
-503
-524
-529
-541
-561
-567
-557
-533
-515
-504
-493
-489
-470
-433
-387
-342
-308
-260
-197
-138
-89
-37
14
60
85
111
161
221
302
408
520
591
618
652
680
696
720
747
737
659
571
527
512
512
515
500
451
398
372
360
350
328
279
186
94
45
11
-47
-119
-167
-202
-231
-237
-228
-245
-285
-323
-367
-431
-495
-531
-559
-580
-532
-390
-248
-196
-217
-220
-194
-172
-133
-56
61
148
174
167
140
152
222
334
460
529
533
467
402
415
473
545
578
575
532
434
371
383
436
423
335
239
143
59
1
-36
-97
-209
-313
-390
-442
-446
-410
-400
-476
-585
-640
-641
-646
-679
-703
-697
-683
-678
-673
-661
-645
-638
-628
-619
-605
-578
-542
-497
-445
-375
-293
-213
-132
-67
-17
36
113
196
256
305
371
453
525
568
596
620
635
656
668
651
601
557
539
521
502
478
462
438
384
328
288
265
236
185
110
18
-60
-112
-158
-207
-258
-290
-309
-331
-352
-380
-426
-475
-506
-536
-592
-604
-492
-334
-260
-295
-327
-305
-298
-284
-191
-35
116
187
202
198
211
291
400
503
569
603
599
546
519
552
618
689
720
706
621
531
539
620
672
625
539
469
412
361
308
241
139
39
-51
-136
-196
-203
-188
-233
-334
-437
-502
-533
-556
-593
-630
-652
-671
-677
-665
-640
-617
-618
-633
-640
-631
-587
-498
-426
-403
-414
-400
-325
-238
-138
-53
16
89
156
234
275
301
328
339
364
384
397
378
348
351
362
369
381
396
358
265
182
149
135
89
37
-16
-65
-100
-125
-145
-199
-259
-327
-398
-456
-497
-510
-541
-575
-612
-646
-654
-634
-536
-406
-312
-280
-334
-379
-401
-409
-368
-271
-94
66
131
161
188
277
401
526
653
728
745
687
613
613
673
753
802
827
825
757
694
709
784
806
731
639
570
499
422
361
319
265
194
115
32
-18
-15
-17
-87
-211
-312
-360
-382
-399
-419
-438
-466
-493
-505
-491
-462
-451
-461
-485
-489
-460
-384
-273
-188
-157
-180
-173
-104
-28
38
67
88
101
116
171
218
263
295
319
352
368
392
392
357
300
233
198
192
184
132
46
-27
-54
-65
-94
-128
-182
-246
-309
-367
-429
-522
-601
-646
-693
-753
-791
-787
-774
-790
-826
-865
-878
-794
-644
-530
-521
-578
-588
-581
-586
-537
-399
-176
-24
18
20
29
136
287
457
603
672
703
657
625
657
728
826
873
881
822
721
686
744
833
828
736
646
599
565
525
470
395
321
245
166
78
44
74
78
-8
-150
-251
-297
-314
-327
-359
-395
-433
-454
-447
-426
-372
-303
-255
-256
-273
-221
-90
64
150
146
107
104
176
291
394
461
502
522
519
505
524
581
630
623
553
471
422
416
428
387
302
232
192
150
51
-66
-145
-191
-245
-324
-395
-433
-443
-460
-518
-624
-732
-825
-922
-1022
-1107
-1161
-1206
-1258
-1260
-1117
-856
-636
-566
-605
-626
-601
-563
-439
-198
99
278
257
174
148
258
412
522
569
541
507
456
411
423
464
525
548
496
367
203
149
213
276
227
128
112
158
178
157
142
160
154
74
-33
-96
-75
-16
-27
-124
-229
-256
-228
-208
-193
-184
-175
-190
-226
-256
-263
-233
-202
-198
-205
-148
11
192
299
316
291
280
305
348
405
470
550
623
631
590
587
664
734
717
627
523
451
394
341
289
247
245
254
204
77
-48
-110
-147
-196
-249
-267
-265
-271
-294
-331
-374
-410
-449
-524
-640
-723
-738
-728
-762
-804
-668
-327
1
92
-23
-126
-137
-185
-249
-108
294
688
739
490
211
132
232
312
280
134
19
-13
-68
-124
-113
4
122
65
-215
-601
-778
-629
-395
-358
-467
-414
-184
2
-8
-99
-100
-49
-63
-204
-314
-200
111
368
334
134
32
59
34
-133
-296
-293
-159
-49
-49
-77
-15
100
118
-21
-175
-135
79
282
353
369
462
599
652
551
454
478
563
556
387
246
265
400
458
357
200
73
-6
-139
-316
-411
-379
-270
-231
-292
-364
-381
-363
-408
-484
-516
-437
-306
-238
-219
-203
-151
-109
-149
-249
-341
-357
-337
-335
-354
-230
162
606
752
522
250
211
288
255
342
836
1497
1731
1263
562
185
271
472
497
416
388
472
449
214
-38
-161
-155
-206
-411
-668
-754
-497
-163
-90
-329
-541
-487
-397
-477
-635
-605
-353
-147
-149
-269
-277
-152
-96
-276
-572
-684
-569
-439
-441
-462
-367
-211
-175
-316
-460
-430
-242
-88
-44
79
366
645
687
552
449
466
542
615
731
889
1030
1040
838
535
343
343
375
341
263
202
121
-44
-234
-386
-458
-473
-500
-563
-638
-625
-563
-565
-614
-647
-617
-622
-691
-764
-771
-711
-628
-583
-627
-691
-742
-780
-840
-678
-154
422
566
154
-227
-223
46
220
481
1129
1798
1853
1059
203
50
569
1108
1234
1148
1084
1025
802
410
171
184
345
439
324
166
115
268
355
181
-78
-142
63
186
76
-76
-58
98
118
-24
-178
-204
-176
-270
-444
-541
-443
-332
-430
-682
-852
-787
-636
-597
-680
-726
-621
-474
-415
-394
-192
188
450
410
240
232
380
516
589
726
932
1036
891
554
296
312
512
607
502
324
192
65
-127
-293
-318
-239
-226
-335
-473
-517
-464
-444
-529
-625
-633
-574
-560
-616
-663
-685
-713
-759
-808
-836
-873
-922
-980
-1050
-911
-447
72
152
-325
-746
-710
-363
-116
202
914
1528
1360
338
-500
-386
395
1068
1227
1127
903
580
218
-5
120
414
614
588
374
165
42
108
213
231
199
232
422
506
395
217
141
205
261
290
300
282
201
19
-139
-196
-120
-47
-143
-364
-573
-627
-560
-476
-406
-364
-310
-294
-308
-213
32
341
489
456
406
398
440
484
638
856
960
874
596
393
380
543
704
675
505
253
50
-86
-156
-135
-124
-135
-210
-340
-454
-507
-470
-453
-485
-504
-495
-469
-500
-528
-546
-560
-569
-636
-767
-922
-1022
-1047
-1048
-930
-538
-68
55
-327
-763
-808
-524
-226
67
648
1216
1125
251
-651
-664
83
863
1140
1026
766
365
-55
-287
-143
263
544
532
281
-27
-235
-281
-158
1
165
273
315
267
146
60
84
199
300
332
309
226
88
-100
-242
-261
-160
-32
-31
-206
-462
-653
-693
-635
-528
-403
-273
-201
-199
-158
-45
134
280
382
439
489
545
640
772
855
866
755
590
486
526
631
670
615
451
266
107
17
-4
-26
-70
-126
-194
-291
-374
-348
-259
-194
-201
-277
-329
-384
-375
-304
-232
-228
-350
-524
-713
-835
-828
-720
-454
-82
172
77
-343
-635
-582
-328
-85
238
788
1132
864
80
-548
-462
126
734
971
841
471
3
-318
-367
-118
217
385
349
111
-229
-523
-600
-406
-110
149
285
274
95
-159
-285
-183
81
325
439
384
195
-33
-190
-204
-143
-79
-81
-167
-287
-421
-522
-560
-545
-485
-423
-353
-226
-102
-26
-12
23
124
239
365
489
654
757
729
651
548
510
504
539
578
550
439
249
116
74
45
-25
-143
-217
-286
-428
-596
-687
-604
-474
-391
-406
-486
-533
-533
-490
-444
-402
-330
-349
-512
-739
-852
-724
-455
-43
299
365
75
-300
-330
-119
220
557
977
1251
979
291
-290
-180
413
1005
1239
1100
745
277
-99
-178
66
418
605
586
412
122
-222
-443
-354
-64
274
452
403
183
-103
-270
-233
-13
256
419
384
146
-145
-324
-323
-218
-135
-114
-182
-327
-513
-633
-646
-592
-527
-481
-410
-338
-293
-304
-295
-169
30
215
329
433
522
553
543
561
625
687
697
690
652
550
384
222
159
175
189
122
-30
-202
-325
-388
-453
-529
-578
-600
-624
-694
-750
-748
-696
-656
-674
-699
-713
-734
-784
-873
-896
-777
-509
-191
-47
-147
-402
-488
-360
-155
95
442
899
1008
575
-109
-414
-106
473
954
1102
934
503
22
-187
-18
360
666
757
666
403
72
-169
-112
167
431
579
601
548
387
196
121
254
500
655
647
499
317
147
15
-12
54
140
108
-77
-277
-408
-439
-446
-452
-411
-322
-229
-264
-385
-444
-328
-106
38
90
116
171
225
229
277
410
575
636
586
534
520
527
472
409
385
349
272
119
-48
-199
-301
-325
-322
-344
-431
-538
-640
-751
-828
-834
-718
-572
-536
-640
-827
-948
-1024
-961
-716
-294
97
110
-173
-523
-607
-447
-165
227
620
896
673
48
-555
-666
-232
311
653
648
371
-76
-508
-646
-434
-25
279
327
193
-68
-335
-524
-480
-213
126
378
449
360
154
-45
-102
68
429
762
871
693
380
139
72
189
382
555
578
389
98
-141
-183
-82
46
150
165
110
-19
-135
-149
-29
192
406
551
521
380
221
153
255
463
668
735
685
531
370
269
241
302
367
380
307
134
-93
-310
-436
-434
-359
-320
-391
-548
-743
-907
-967
-892
-704
-535
-502
-633
-819
-935
-854
-562
-193
127
181
37
-192
-273
-127
173
546
824
986
862
543
173
-7
116
386
661
748
618
272
-135
-400
-450
-306
-98
36
19
-194
-501
-748
-800
-639
-371
-145
-63
-149
-351
-517
-549
-394
-128
111
211
148
1
-159
-236
-196
-81
54
104
79
-18
-142
-222
-252
-245
-203
-115
6
40
-37
-128
-110
38
194
347
476
562
582
536
520
562
671
780
827
800
717
632
553
528
553
575
547
430
248
47
-114
-177
-161
-156
-244
-405
-604
-779
-881
-848
-754
-679
-696
-803
-893
-1000
-954
-740
-372
-39
40
-67
-251
-235
-86
202
542
840
1030
897
583
242
189
412
744
978
933
738
406
142
13
21
192
339
402
270
4
-293
-507
-529
-379
-105
89
137
-1
-225
-394
-414
-258
-21
200
275
186
11
-155
-202
-150
-51
24
36
-11
-99
-195
-292
-337
-338
-290
-234
-236
-273
-347
-426
-464
-429
-326
-196
-77
13
81
109
119
160
242
332
399
455
479
459
385
313
318
378
424
383
257
124
1
-99
-169
-201
-210
-274
-425
-611
-737
-760
-733
-692
-725
-805
-876
-922
-816
-640
-395
-217
-166
-205
-279
-204
-57
211
487
735
909
857
659
407
348
496
768
956
939
773
475
238
105
130
254
378
456
386
185
-99
-304
-368
-303
-161
-35
49
14
-119
-293
-371
-293
-115
74
177
207
176
93
11
-26
27
143
220
227
208
185
150
63
-67
-119
-59
48
125
101
30
-73
-174
-232
-209
-88
29
90
65
18
8
63
141
220
280
317
356
341
301
262
235
235
221
194
144
70
-30
-138
-236
-321
-382
-456
-547
-633
-684
-677
-702
-742
-827
-921
-982
-1018
-903
-712
-484
-350
-343
-384
-422
-360
-233
3
271
528
682
648
506
333
349
527
785
947
927
794
592
449
361
347
399
449
471
396
248
61
-112
-219
-247
-168
-58
5
-80
-264
-435
-514
-459
-316
-140
-31
-36
-134
-250
-292
-242
-147
-54
-4
22
51
64
44
-28
-100
-124
-50
100
211
232
160
69
-1
-2
72
196
310
340
315
256
216
206
230
282
334
391
415
400
351
299
276
266
264
264
234
150
34
-50
-85
-110
-168
-244
-306
-382
-474
-554
-572
-547
-538
-578
-637
-658
-669
-675
-710
-681
-575
-454
-341
-279
-219
-203
-224
-240
-167
19
184
321
373
380
352
306
302
351
449
522
571
566
532
479
381
294
246
265
334
358
320
243
168
95
23
-33
-51
-20
13
20
-19
-93
-165
-206
-181
-123
-63
-49
-87
-156
-231
-244
-217
-196
-207
-250
-270
-259
-234
-230
-262
-298
-312
-268
-197
-131
-88
-87
-109
-122
-88
-9
84
163
200
224
227
225
213
216
273
351
412
403
347
274
216
182
167
164
151
131
103
54
16
-28
-53
-55
-66
-84
-107
-111
-120
-123
-113
-123
-123
-136
-150
-144
-120
-71
-42
-32
-40
-22
3
-6
-22
-25
15
64
88
78
36
-7
-21
1
42
77
94
81
53
29
15
27
38
43
42
31
19
9
9
25
60
87
76
53
40
58
76
90
105
114
104
71
58
67
81
69
14
-30
-45
-44
-51
-81
-111
-140
-169
-190
-192
-170
-165
-187
-215
-220
-204
-206
-223
-235
-214
-160
-116
-102
-126
-146
-132
-106
-67
-40
-32
-46
-72
-79
-63
-35
-5
5
-4
-26
-36
-28
-15
-4
6
25
55
82
87
61
33
32
57
92
120
139
142
145
150
167
195
216
226
229
236
246
251
235
201
169
152
163
187
204
191
144
89
45
19
11
9
3
-11
-27
-51
-83
-111
-119
-115
-112
-112
-91
-45
-16
-27
-44
-27
29
81
100
104
115
133
144
143
149
166
162
132
98
92
94
64
10
-23
-23
-23
-54
-100
-125
-107
-73
-67
-97
-138
-168
-183
-194
-194
-175
-158
-166
-198
-218
-217
-207
-210
-230
-250
-247
-234
-243
-276
-301
-291
-265
-251
-253
-261
-269
-271
-258
-225
-183
-147
-123
-110
-105
-96
-76
-53
-32
-19
-3
30
79
121
129
117
125
166
222
266
294
308
300
276
252
252
275
300
313
310
297
286
273
252
215
181
162
158
155
128
89
59
39
16
-8
-6
19
39
27
4
9
39
59
50
25
17
31
53
67
76
82
71
42
5
-5
14
26
6
-25
-34
-22
-25
-51
-67
-52
-19
0
-1
-1
9
13
-4
-22
-17
4
12
1
-10
-8
3
10
6
-6
-20
-38
-58
-61
-53
-49
-63
-86
-102
-110
-125
-143
-150
-140
-137
-148
-159
-161
-160
-168
-180
-186
-185
-179
-175
-170
-163
-148
-128
-110
-97
-91
-95
-97
-78
-40
-4
16
22
23
24
24
41
74
111
127
122
107
89
74
60
59
79
106
126
124
112
103
101
104
105
109
122
147
177
192
181
150
122
115
128
147
159
149
123
89
69
66
69
67
52
30
-1
-30
-49
-62
-65
-68
-69
-69
-77
-96
-123
-139
-138
-118
-86
-68
-72
-101
-141
-167
-153
-109
-66
-52
-62
-81
-96
-106
-100
-69
-25
17
35
23
-3
-25
-18
6
43
72
87
84
59
41
39
56
76
83
83
78
73
61
41
28
36
65
95
107
91
58
25
8
20
44
67
72
57
32
9
-11
-22
-27
-28
-23
-25
-29
-38
-48
-58
-71
-83
-86
-69
-47
-37
-32
-32
-28
-31
-36
-24
0
23
23
13
9
19
35
49
49
34
4
-19
-19
-1
22
28
13
-17
-50
-63
-61
-50
-44
-39
-34
-39
-60
-87
-103
-104
-95
-82
-73
-73
-96
-130
-150
-147
-131
-118
-115
-113
-117
-125
-135
-136
-123
-115
-113
-108
-90
-63
-39
-21
-8
2
17
34
54
75
97
118
132
144
161
185
202
203
194
191
206
227
234
223
208
199
194
189
184
175
161
139
118
113
118
110
83
45
21
12
12
12
8
6
7
9
4
-9
-21
-28
-31
-25
-10
13
28
28
13
-4
-10
-6
-4
-1
9
27
33
18
-11
-39
-50
-42
-31
-26
-34
-46
-54
-61
-59
-54
-56
-71
-88
-93
-88
-87
-97
-108
-112
-118
-138
-159
-165
-159
-158
-166
-174
-180
-191
-209
-225
-228
-218
-203
-197
-198
-206
-220
-227
-219
-194
-168
-148
-135
-126
-119
-103
-79
-51
-21
8
41
75
100
110
117
140
178
221
256
281
289
278
265
270
296
323
328
313
292
270
245
222
213
217
219
203
176
141
109
85
80
93
110
115
103
84
66
59
55
51
41
35
43
53
49
17
-21
-39
-36
-24
-17
-11
-16
-43
-79
-96
-87
-72
-72
-89
-100
-98
-96
-101
-106
-99
-81
-72
-74
-76
-71
-66
-69
-75
-72
-65
-63
-69
-80
-80
-77
-77
-86
-94
-94
-90
-91
-103
-121
-131
-135
-136
-136
-138
-134
-134
-140
-153
-159
-149
-140
-141
-140
-126
-103
-85
-74
-60
-44
-31
-27
-10
27
70
100
112
113
114
114
117
126
138
144
140
133
121
110
101
93
89
91
95
94
83
70
62
60
54
50
51
57
66
72
70
67
66
70
81
95
101
96
83
70
64
64
70
73
66
54
40
23
11
7
11
12
4
-8
-19
-26
-31
-39
-46
-45
-39
-38
-43
-49
-56
-67
-80
-82
-72
-55
-48
-60
-80
-95
-96
-85
-73
-69
-83
-106
-120
-116
-96
-77
-70
-80
-94
-103
-98
-79
-59
-45
-35
-29
-29
-32
-35
-25
-5
21
42
55
58
54
55
67
91
121
147
160
164
161
156
152
152
150
146
141
134
123
99
65
38
29
40
53
44
12
-29
-52
-51
-31
-9
0
-7
-28
-52
-62
-60
-48
-30
-15
-4
-3
-13
-30
-45
-42
-24
-2
9
3
-11
-25
-33
-37
-33
-26
-18
-15
-21
-30
-34
-41
-55
-68
-67
-47
-25
-21
-34
-54
-67
-70
-61
-46
-37
-39
-48
-60
-67
-71
-73
-78
-88
-99
-103
-100
-97
-105
-124
-141
-143
-134
-127
-119
-112
-109
-114
-117
-109
-87
-62
-44
-34
-28
-18
-4
15
37
62
84
103
122
143
165
182
195
203
214
234
259
276
275
258
236
219
214
214
213
208
200
188
166
139
117
106
109
116
116
103
80
58
42
27
17
8
-2
-13
-24
-32
-40
-55
-74
-91
-92
-83
-81
-90
-103
-110
-114
-122
-128
-124
-115
-110
-113
-116
-117
-113
-111
-112
-111
-101
-86
-74
-68
-68
-70
-64
-47
-33
-28
-26
-20
-11
-6
-7
-11
-17
-20
-17
-9
-1
-3
-22
-47
-60
-58
-53
-52
-61
-67
-73
-85
-99
-101
-87
-78
-84
-95
-93
-74
-59
-57
-62
-65
-63
-53
-35
-10
12
19
13
5
6
20
45
67
79
78
76
81
86
86
83
92
108
122
125
123
124
126
125
128
136
149
155
152
144
141
143
142
134
125
121
115
104
91
82
75
62
45
35
27
20
11
-2
-12
-21
-33
-41
-44
-42
-42
-49
-65
-84
-93
-90
-82
-74
-69
-77
-90
-98
-98
-94
-86
-78
-70
-64
-63
-65
-69
-77
-79
-70
-53
-40
-39
-45
-50
-57
-57
-51
-43
-36
-36
-43
-48
-49
-42
-37
-38
-36
-34
-28
-17
-8
2
8
10
12
10
14
22
32
40
44
46
43
40
40
40
41
41
40
38
34
25
12
2
1
8
16
21
27
28
24
23
28
44
58
64
63
61
61
63
63
64
63
61
57
53
50
44
32
17
6
4
15
20
15
-1
-16
-27
-29
-21
-9
2
5
-4
-21
-34
-36
-30
-22
-18
-18
-22
-29
-39
-49
-56
-56
-47
-34
-25
-25
-35
-47
-54
-53
-43
-28
-18
-21
-34
-48
-56
-56
-52
-46
-41
-43
-51
-60
-65
-65
-63
-60
-54
-46
-37
-34
-33
-30
-25
-10
7
22
33
39
46
54
59
65
65
62
58
55
53
53
56
54
43
26
15
13
19
21
17
10
3
0
-2
0
12
28
36
35
31
30
32
33
33
39
50
56
51
42
31
21
11
4
6
13
19
13
-3
-19
-29
-33
-29
-21
-13
-9
-9
-15
-21
-26
-23
-14
-8
-4
2
9
8
0
-12
-19
-15
-6
4
9
7
-4
-21
-32
-31
-15
2
9
2
-11
-27
-39
-41
-35
-22
-16
-17
-29
-43
-52
-55
-53
-48
-42
-36
-33
-33
-38
-40
-34
-19
-5
4
11
20
29
34
41
50
57
62
60
60
66
73
79
79
72
66
58
57
59
62
62
59
57
55
52
47
44
49
59
70
75
73
65
55
51
52
57
61
60
53
41
25
10
0
-3
-3
-7
-18
-32
-50
-67
-79
-80
-76
-72
-74
-83
-95
-110
-118
-116
-104
-88
-81
-81
-87
-93
-96
-93
-83
-72
-60
-49
-45
-46
-51
-50
-43
-33
-21
-12
-6
-6
-15
-20
-20
-11
-1
5
5
-4
-11
-21
-24
-20
-14
-5
-3
-5
-9
-12
-11
-8
-1
7
11
15
17
21
23
21
25
30
39
44
43
41
37
36
38
37
39
41
44
41
35
30
30
33
34
35
38
41
43
45
49
53
53
50
49
53
63
72
77
74
66
59
54
54
56
57
56
53
48
42
32
21
10
-1
-8
-8
-5
-4
-15
-32
-50
-61
-65
-65
-60
-53
-54
-65
-79
-88
-90
-84
-76
-70
-69
-74
-79
-83
-84
-76
-68
-60
-58
-60
-62
-63
-64
-61
-58
-53
-46
-41
-41
-48
-52
-49
-44
-37
-28
-21
-17
-16
-18
-15
-11
-2
6
13
19
25
28
25
23
24
34
43
48
47
44
40
39
41
44
45
43
42
40
38
34
31
31
31
31
28
27
28
29
28
26
24
23
22
21
21
24
27
26
24
21
21
21
19
19
22
23
22
