-7
-1
5
10
12
9
7
11
13
12
6
-3
-5
-1
2
-2
-9
-11
-8
-6
-8
-12
-16
-10
-5
-4
-2
3
7
8
11
13
12
9
5
0
-4
-2
-5
-9
-10
-9
-6
-4
-5
-7
-4
-1
-2
-3
-4
-5
-2
4
6
8
10
13
13
13
10
8
3
0
-2
-5
-7
-8
-10
-11
-9
-5
-3
-1
-1
0
3
4
2
2
4
4
4
6
7
5
3
0
-1
-4
-4
-7
-11
-11
-10
-8
-3
-2
0
3
4
3
3
4
3
1
1
2
4
3
3
1
2
-1
-3
-4
-8
-10
-9
-9
-10
-6
-2
3
6
6
11
15
14
8
7
8
8
4
-4
-6
-4
-2
-3
-4
-4
-1
3
3
-1
-4
-2
1
0
0
0
1
5
8
9
11
9
5
3
1
-1
-4
-9
-11
-9
-6
-4
-5
-1
2
4
5
3
2
4
3
3
6
8
10
6
0
-3
-4
-8
-13
-15
-15
-10
-11
-12
-12
-10
-8
-4
-3
-4
-3
1
3
0
-2
-3
-1
-1
-3
-4
-4
-2
0
0
-2
0
2
2
1
1
2
1
2
0
0
2
5
8
10
14
17
20
19
17
14
16
18
24
28
25
24
22
15
7
-3
-11
-12
-12
-19
-24
-25
-24
-21
-17
-19
-23
-21
-20
-21
-19
-25
-34
-31
-30
-35
-44
-56
-67
-70
-72
-70
-48
-7
32
56
77
101
114
99
69
55
57
49
22
-3
-15
-18
-17
-14
-19
-32
-26
-8
4
1
0
15
38
56
68
73
73
73
77
72
49
23
10
-3
-20
-30
-38
-48
-54
-52
-51
-53
-52
-46
-42
-35
-26
-14
-4
0
9
24
33
38
36
34
23
11
-4
-21
-36
-46
-48
-47
-41
-29
-17
-5
8
22
34
41
41
39
42
42
42
40
35
28
20
17
7
-10
-28
-31
13
65
67
37
43
62
38
-2
-26
-16
16
21
-20
-51
-45
-35
-11
-10
-46
-54
-10
24
32
48
40
40
66
63
21
-24
-45
-48
-34
-43
-68
-59
-31
-9
4
13
-10
-33
-40
-46
-57
-70
-80
-82
-62
-44
-43
-54
-71
-70
-54
-46
-66
-82
-79
-66
-69
-89
-96
-83
-58
-55
-59
-54
-51
-51
-55
-63
-71
-42
12
56
61
51
68
95
86
26
-11
-3
30
50
24
-18
-29
25
63
35
-13
1
57
67
32
-1
9
27
44
63
63
45
47
83
86
48
27
37
34
3
-7
-3
-7
-26
-31
-17
-11
-6
3
16
6
3
20
29
21
14
29
46
60
61
59
61
58
60
50
34
17
22
35
35
40
54
86
199
326
326
241
232
261
191
78
-10
11
87
79
-38
-92
-42
7
73
65
-26
-59
32
84
42
5
-24
30
106
108
34
-25
-39
-49
-47
-109
-169
-173
-145
-119
-118
-107
-114
-109
-121
-128
-128
-140
-143
-154
-142
-129
-111
-136
-168
-174
-163
-103
-57
-78
-143
-156
-164
-199
-232
-268
-254
-200
-181
-231
-269
-216
-58
151
274
288
295
328
304
184
53
17
72
75
-38
-162
-207
-179
-143
-134
-163
-183
-141
-47
37
43
29
86
193
253
231
192
175
172
150
103
53
-4
-48
-65
-69
-73
-79
-69
-76
-88
-84
-58
-35
-33
-28
8
71
110
117
118
138
177
209
202
156
102
62
32
-13
-66
-83
-59
-26
-10
14
45
81
116
144
172
191
201
200
196
205
289
413
413
291
223
231
166
28
-101
-111
-25
10
-63
-116
-61
28
143
180
117
78
137
179
131
72
14
12
49
52
-1
-59
-79
-82
-72
-102
-140
-147
-144
-146
-139
-102
-84
-75
-66
-45
-41
-68
-79
-104
-148
-193
-216
-248
-300
-343
-368
-357
-352
-360
-368
-367
-378
-395
-398
-454
-554
-610
-483
-154
192
378
462
604
702
603
347
169
167
176
54
-162
-322
-410
-398
-303
-273
-356
-426
-308
-121
-41
-75
-35
165
358
446
445
458
453
412
358
269
148
-10
-113
-177
-231
-272
-280
-256
-279
-278
-209
-93
-29
-51
-40
40
146
171
149
138
169
245
294
297
230
164
120
60
-34
-129
-159
-165
-159
-136
-72
9
77
158
246
349
425
451
429
384
365
357
327
249
221
265
271
200
142
129
77
-15
-101
-102
-28
37
41
33
80
158
254
265
188
134
160
181
117
27
-45
-41
19
61
39
-8
-15
-13
-29
-103
-190
-231
-235
-228
-210
-158
-121
-99
-82
-67
-62
-68
-97
-169
-246
-317
-355
-367
-383
-416
-429
-412
-424
-463
-510
-532
-521
-516
-561
-624
-641
-592
-339
129
535
615
536
624
777
630
165
-94
62
199
-69
-488
-619
-490
-340
-293
-324
-399
-393
-179
89
149
22
77
407
676
645
495
495
547
489
316
149
1
-150
-255
-312
-338
-369
-340
-270
-227
-200
-119
29
94
66
64
147
216
172
97
81
161
254
282
239
166
129
96
25
-87
-158
-160
-144
-120
-74
18
141
300
457
546
578
592
582
520
454
404
348
293
253
211
159
104
90
112
110
39
-8
30
72
82
84
91
121
211
284
264
201
165
178
183
116
7
-51
-42
-26
-27
-61
-99
-112
-103
-119
-193
-286
-346
-336
-303
-299
-322
-314
-267
-225
-186
-149
-162
-267
-395
-479
-537
-602
-665
-694
-674
-644
-592
-483
-386
-368
-264
84
409
401
209
254
471
472
175
-52
12
86
-18
-223
-371
-471
-472
-348
-311
-409
-453
-245
3
68
43
94
248
339
361
328
285
267
274
278
195
116
86
77
10
-95
-152
-228
-317
-404
-409
-358
-300
-216
-119
14
152
302
391
380
344
363
424
353
155
-14
-50
-43
-93
-132
-117
-39
42
115
155
140
140
174
215
206
208
267
336
361
380
466
530
484
438
515
560
424
222
97
4
-103
-194
-186
-50
82
133
134
171
232
334
368
260
154
160
216
180
116
74
121
216
242
173
32
-71
-133
-168
-255
-358
-389
-340
-235
-165
-114
-94
-103
-136
-164
-175
-216
-274
-376
-471
-544
-604
-677
-779
-873
-906
-833
-792
-894
-914
-477
260
649
507
410
699
852
440
-54
29
427
431
-43
-441
-467
-306
-179
-247
-534
-770
-591
-215
-174
-455
-530
-141
280
389
296
274
403
559
643
519
302
181
172
120
-48
-169
-227
-270
-369
-443
-402
-326
-280
-316
-318
-236
-72
61
72
78
205
480
675
656
518
451
468
374
154
-67
-164
-199
-226
-217
-183
-102
6
143
256
334
417
466
428
324
326
427
475
424
384
499
655
699
590
443
318
159
-10
-190
-276
-268
-184
-111
-63
29
136
262
283
264
248
244
207
112
73
68
155
224
264
253
217
209
142
13
-208
-360
-424
-442
-447
-434
-352
-289
-235
-204
-160
-160
-225
-282
-359
-466
-603
-694
-767
-808
-792
-760
-759
-852
-886
-583
73
533
457
280
457
700
462
-59
-167
261
544
239
-249
-395
-250
-89
-115
-395
-710
-673
-321
-180
-408
-597
-347
109
303
210
90
167
359
518
465
280
245
353
400
242
99
39
-53
-231
-451
-569
-606
-585
-594
-615
-515
-238
89
192
161
261
579
829
747
488
336
383
368
191
-10
-53
65
173
178
80
34
70
99
43
-48
-7
105
167
181
315
565
715
729
725
783
805
718
525
269
57
-101
-159
-178
-168
-113
-3
119
152
185
175
122
25
-54
-104
-157
-162
-158
-72
47
196
304
327
288
221
202
118
-28
-226
-369
-402
-348
-261
-249
-231
-225
-213
-226
-284
-373
-512
-632
-742
-786
-812
-824
-801
-743
-657
-645
-561
-235
295
607
524
419
506
553
221
-139
-59
348
500
171
-217
-350
-207
-72
-154
-492
-769
-660
-360
-233
-401
-458
-174
241
402
249
104
149
306
318
193
101
128
177
136
100
101
104
29
-133
-323
-448
-415
-367
-453
-604
-575
-351
-161
-86
-26
133
343
520
605
580
526
489
444
318
183
153
214
244
200
178
212
244
226
185
159
160
175
173
157
176
284
478
661
742
736
722
733
693
557
336
115
-30
-102
-108
-94
-69
-44
29
103
106
57
1
-5
-40
-77
-120
-141
-141
-108
-20
45
112
143
138
70
0
-33
-85
-157
-248
-292
-318
-294
-246
-245
-310
-377
-376
-400
-513
-662
-764
-846
-931
-946
-877
-824
-856
-815
-469
109
538
617
586
699
760
528
147
51
266
372
141
-228
-345
-239
-81
-102
-311
-482
-456
-266
-266
-436
-552
-387
-93
8
-40
-118
-8
169
286
266
194
257
354
396
291
199
173
147
38
-218
-429
-523
-503
-550
-684
-733
-626
-425
-330
-267
-124
152
435
569
606
637
724
725
605
449
355
357
362
356
309
300
340
380
368
314
303
284
213
89
32
85
221
413
577
702
766
814
819
750
595
418
294
202
98
-18
-56
-12
112
175
176
156
127
50
-115
-238
-345
-429
-531
-524
-411
-286
-160
-46
96
154
180
142
36
-84
-147
-158
-248
-360
-423
-387
-343
-318
-317
-366
-442
-556
-712
-937
-1162
-1283
-1327
-1338
-1274
-1022
-555
-22
384
593
739
852
822
605
381
348
361
263
29
-121
-135
-29
102
100
-23
-218
-249
-310
-483
-705
-793
-660
-549
-426
-373
-255
-72
150
340
342
362
388
443
377
266
231
199
184
82
4
-70
-103
-125
-230
-390
-585
-656
-659
-637
-594
-490
-280
-77
125
298
475
591
618
611
579
575
549
540
509
490
538
622
700
693
687
676
658
583
443
298
185
176
226
306
366
436
534
607
623
568
500
413
316
203
100
52
62
121
184
257
347
421
407
311
178
26
-160
-350
-485
-561
-584
-552
-458
-356
-277
-201
-116
-80
-120
-166
-198
-250
-334
-398
-402
-373
-340
-315
-274
-232
-220
-294
-463
-687
-899
-1041
-1120
-1128
-1015
-771
-504
-319
-188
-39
109
164
177
226
271
219
78
-14
-41
14
127
227
256
218
241
227
101
-112
-276
-320
-361
-418
-516
-559
-496
-357
-238
-222
-178
-83
12
24
-15
-18
-3
41
40
4
-17
26
104
86
-4
-95
-138
-194
-273
-301
-266
-180
-102
-24
61
173
296
375
400
389
387
379
354
309
262
277
358
435
440
446
531
645
684
634
599
607
631
641
615
572
560
611
663
644
597
577
572
515
409
311
224
154
103
94
96
107
152
202
229
216
211
196
123
-1
-114
-157
-168
-179
-208
-232
-217
-158
-80
-48
-61
-85
-83
-87
-141
-246
-343
-357
-338
-355
-399
-395
-355
-364
-440
-538
-619
-695
-779
-879
-966
-949
-806
-678
-673
-706
-632
-502
-447
-421
-360
-302
-322
-364
-355
-333
-296
-238
-154
-66
22
101
101
39
-15
-8
8
-10
-33
-75
-104
-74
20
116
187
261
307
307
291
307
318
269
190
108
56
40
63
84
45
-28
-94
-122
-133
-155
-194
-231
-239
-203
-142
-88
-37
11
39
51
73
112
126
82
20
-7
33
91
113
113
127
198
285
347
380
400
469
565
635
644
640
688
742
783
806
845
884
886
875
835
787
750
733
706
647
604
598
590
527
431
374
361
330
238
114
23
-28
-75
-136
-200
-244
-273
-287
-293
-321
-374
-428
-456
-490
-546
-590
-602
-609
-640
-652
-628
-616
-663
-743
-793
-810
-815
-832
-863
-855
-784
-701
-686
-730
-735
-694
-632
-577
-509
-413
-348
-303
-253
-178
-72
14
85
121
156
195
184
145
97
103
150
195
179
72
-6
8
91
129
91
54
53
100
131
133
104
68
71
84
97
104
120
115
54
-27
-92
-137
-203
-286
-353
-380
-365
-346
-338
-313
-232
-121
-45
-9
29
95
156
184
180
164
158
182
226
252
267
296
348
400
440
486
541
587
601
599
616
664
728
777
813
862
926
966
951
899
859
844
853
837
772
675
594
567
561
532
458
378
317
258
176
76
-1
-47
-86
-130
-175
-227
-280
-314
-343
-410
-487
-522
-536
-580
-670
-723
-710
-698
-732
-795
-815
-784
-740
-724
-743
-699
-571
-463
-480
-611
-676
-648
-604
-575
-551
-460
-388
-344
-329
-343
-312
-263
-173
-116
-95
-59
-42
-28
-19
59
200
310
333
254
179
172
215
236
177
86
-2
-52
-61
-56
-60
-114
-184
-243
-255
-216
-175
-155
-175
-184
-172
-148
-127
-140
-189
-249
-265
-247
-237
-257
-284
-301
-308
-285
-235
-174
-127
-89
-40
10
76
157
224
247
264
324
408
469
503
559
617
657
687
729
802
860
902
919
912
907
901
898
863
813
788
780
772
739
705
671
636
625
627
603
520
409
314
242
187
125
55
-29
-95
-132
-155
-179
-231
-310
-396
-445
-453
-459
-492
-557
-632
-688
-694
-692
-718
-788
-851
-864
-825
-724
-645
-631
-693
-743
-711
-653
-567
-466
-355
-276
-239
-168
-107
-61
-2
92
200
208
170
109
42
7
-3
35
45
36
19
-22
-43
-19
65
118
87
27
-11
0
19
23
-7
-68
-129
-187
-223
-228
-207
-203
-277
-382
-471
-488
-459
-458
-491
-539
-526
-466
-413
-375
-336
-289
-263
-260
-257
-237
-208
-184
-181
-193
-168
-79
50
183
309
426
525
591
631
665
686
706
721
729
769
827
889
936
973
1019
1040
1051
1046
1024
983
917
849
758
679
648
657
651
606
558
513
469
418
350
266
181
108
29
-67
-152
-203
-232
-270
-313
-358
-402
-428
-449
-483
-553
-645
-718
-757
-761
-735
-695
-623
-543
-492
-487
-524
-540
-550
-552
-518
-471
-404
-367
-325
-269
-227
-139
-32
89
158
159
157
144
132
111
124
189
249
268
228
179
173
209
234
186
96
3
-73
-137
-181
-199
-232
-281
-332
-363
-361
-340
-309
-321
-384
-462
-535
-567
-584
-578
-567
-572
-581
-586
-555
-510
-479
-476
-483
-457
-428
-398
-362
-294
-201
-116
-22
85
197
273
302
310
314
346
406
478
519
540
598
692
779
814
843
892
915
897
861
845
831
806
782
758
739
731
734
712
654
594
559
526
464
374
289
224
174
119
70
16
-34
-78
-111
-146
-198
-242
-285
-337
-399
-460
-493
-506
-486
-411
-324
-289
-316
-370
-400
-428
-447
-403
-323
-233
-191
-171
-137
-106
-37
43
116
161
137
102
48
19
38
74
130
157
165
147
116
115
124
125
87
15
-66
-138
-166
-161
-167
-202
-248
-276
-295
-304
-299
-307
-366
-471
-565
-625
-651
-651
-656
-672
-690
-680
-644
-609
-575
-554
-561
-574
-563
-509
-440
-388
-343
-291
-231
-159
-79
9
77
114
132
139
152
195
271
355
411
466
535
604
659
706
752
763
719
646
588
563
558
555
528
485
453
445
448
445
431
387
315
247
199
169
126
72
29
-4
-11
3
17
19
20
17
-14
-91
-173
-220
-247
-260
-274
-240
-147
-48
25
25
2
-19
-34
4
61
134
164
141
140
146
201
308
446
584
622
594
538
483
465
447
458
460
419
345
246
183
185
218
215
133
24
-87
-180
-239
-278
-323
-405
-487
-531
-551
-532
-484
-431
-443
-539
-639
-694
-696
-708
-745
-786
-815
-816
-795
-748
-680
-627
-600
-599
-595
-578
-543
-484
-443
-441
-439
-379
-257
-153
-70
24
121
205
263
318
379
417
437
434
420
413
425
459
478
490
508
504
482
446
412
383
346
311
257
200
159
138
136
121
86
27
-37
-82
-112
-139
-178
-233
-294
-340
-361
-355
-350
-365
-385
-410
-427
-386
-263
-143
-96
-104
-112
-101
-114
-91
29
197
340
385
397
419
463
564
670
767
820
829
845
820
802
809
828
870
870
849
774
662
611
619
663
648
579
500
393
302
245
212
149
35
-75
-183
-268
-298
-276
-263
-325
-438
-551
-635
-679
-700
-729
-788
-864
-904
-905
-888
-873
-853
-825
-790
-740
-691
-632
-558
-501
-483
-482
-439
-347
-238
-137
-54
13
55
88
134
189
232
255
262
241
198
178
195
233
247
249
259
260
247
216
184
149
111
74
15
-56
-127
-170
-190
-216
-250
-296
-350
-404
-453
-492
-528
-555
-589
-636
-686
-708
-680
-584
-449
-346
-300
-316
-345
-357
-368
-339
-255
-123
20
93
144
197
272
405
530
658
733
749
761
736
754
787
846
952
1020
1056
1009
909
868
885
933
908
813
720
623
558
528
519
507
450
381
291
191
137
123
113
27
-110
-225
-284
-298
-282
-265
-282
-334
-382
-407
-420
-437
-442
-436
-442
-455
-439
-370
-274
-197
-158
-154
-131
-72
3
54
45
8
-24
-8
46
99
146
187
211
201
167
155
151
139
112
56
-6
-68
-96
-79
-72
-71
-87
-123
-191
-272
-323
-366
-427
-527
-641
-730
-783
-790
-768
-747
-747
-779
-811
-847
-847
-777
-680
-615
-632
-668
-655
-626
-597
-538
-412
-232
-111
-71
-57
-39
29
130
257
409
508
567
579
576
622
673
774
861
869
802
664
588
594
652
712
684
630
568
509
484
471
471
426
322
204
93
46
71
119
136
67
-45
-138
-182
-164
-131
-135
-188
-281
-342
-343
-283
-168
-50
40
76
67
69
130
226
302
321
309
315
375
494
597
658
683
689
701
683
647
599
544
492
394
292
245
260
321
318
236
122
43
18
-23
-85
-175
-281
-379
-477
-569
-651
-693
-709
-751
-845
-965
-1042
-1060
-1080
-1169
-1275
-1253
-1070
-843
-739
-756
-777
-749
-722
-691
-517
-183
181
330
206
-39
-199
-109
146
405
529
512
502
513
548
568
579
637
612
422
104
-129
-60
191
365
302
90
-43
-45
2
-9
-93
-172
-212
-236
-267
-294
-221
-56
32
-77
-316
-458
-387
-211
-84
-81
-144
-188
-209
-208
-228
-226
-145
-13
89
115
140
241
374
416
354
275
315
479
643
721
691
672
711
763
776
733
710
701
657
564
458
443
497
518
427
236
88
50
79
90
30
-41
-97
-153
-226
-312
-353
-350
-354
-419
-537
-634
-660
-667
-715
-853
-910
-680
-235
112
53
-211
-381
-355
-312
-232
164
767
1196
992
337
-222
-319
69
540
810
779
576
447
308
98
-148
-257
-122
-55
-168
-369
-401
-161
-23
-259
-756
-1060
-864
-444
-176
-197
-335
-408
-461
-556
-629
-556
-277
14
69
-113
-310
-290
-158
-167
-310
-386
-219
62
204
143
-29
-122
-104
-52
19
151
351
494
420
170
-2
76
363
620
667
577
469
437
424
380
348
337
349
300
191
123
113
140
70
-147
-364
-471
-406
-293
-280
-359
-475
-549
-594
-635
-619
-524
-408
-358
-441
-535
-565
-506
-488
-522
-587
-539
-159
361
742
600
226
12
165
409
571
1044
1706
2081
1583
517
-116
157
1014
1735
1944
1687
1098
499
46
-105
80
445
795
785
345
-210
-532
-515
-410
-471
-550
-387
-44
91
-216
-750
-1063
-1013
-732
-419
-136
43
-70
-440
-865
-1037
-813
-422
-145
-183
-406
-547
-586
-575
-592
-537
-352
-136
13
51
36
36
21
-14
6
148
464
766
863
746
530
380
352
448
631
820
892
748
437
143
-4
24
112
144
107
-56
-333
-632
-822
-797
-651
-566
-637
-819
-1008
-1109
-1104
-1041
-996
-1007
-1074
-1164
-1265
-1298
-1291
-1104
-656
-165
66
-242
-554
-537
-174
61
160
700
1395
1637
903
-89
-266
472
1443
1970
1978
1616
987
394
161
443
1006
1426
1489
1130
509
-45
-239
-16
401
661
713
652
464
132
-253
-401
-147
264
595
648
445
79
-350
-558
-467
-162
123
160
-30
-381
-676
-757
-671
-498
-360
-258
-205
-258
-387
-470
-458
-313
-133
52
213
251
239
183
203
348
535
695
697
603
515
466
478
512
570
598
486
299
138
69
63
-45
-202
-318
-367
-397
-547
-753
-883
-891
-835
-824
-866
-885
-936
-1042
-1186
-1294
-1222
-1178
-1148
-967
-611
-299
-506
-915
-965
-523
-79
-21
166
648
889
356
-541
-720
17
880
1240
1155
862
381
-142
-246
242
866
1060
813
458
135
-185
-368
-214
231
576
554
373
206
26
-199
-310
-49
442
789
767
438
90
-132
-131
126
491
739
641
235
-199
-404
-288
-34
123
127
37
-88
-252
-374
-286
-15
249
325
234
145
97
76
170
410
704
879
790
540
316
290
465
685
824
817
684
441
144
-16
52
224
276
116
-104
-288
-453
-616
-711
-652
-515
-482
-613
-820
-946
-963
-953
-952
-916
-843
-903
-993
-870
-508
-247
-452
-736
-638
-203
40
61
342
760
767
90
-539
-369
334
865
951
805
509
10
-362
-187
385
739
553
206
25
-146
-459
-665
-470
-33
180
70
-81
-177
-342
-573
-550
-165
255
380
156
-153
-367
-464
-342
2
363
480
231
-145
-374
-360
-201
-57
41
57
-19
-193
-363
-364
-167
113
271
265
171
103
61
71
220
478
742
771
583
385
372
567
778
888
873
795
677
495
311
225
302
434
425
242
2
-188
-348
-490
-516
-363
-214
-274
-552
-836
-960
-944
-840
-721
-591
-599
-725
-722
-507
-243
-255
-439
-429
-125
148
192
356
753
989
691
158
40
430
859
1044
1091
975
549
49
-32
376
744
717
523
404
192
-281
-610
-432
15
216
48
-172
-309
-486
-688
-617
-203
148
131
-115
-301
-375
-439
-434
-216
78
144
-87
-323
-369
-306
-272
-255
-160
-67
-98
-242
-355
-387
-347
-205
0
154
118
-52
-188
-134
39
229
441
547
483
279
133
218
460
657
703
675
613
469
258
76
64
212
317
229
-20
-273
-458
-574
-610
-517
-359
-355
-598
-921
-1065
-993
-905
-908
-941
-928
-877
-780
-562
-333
-286
-427
-539
-353
-49
217
462
739
861
619
289
234
596
1006
1257
1344
1223
851
446
407
718
975
932
788
764
636
248
-96
-64
203
292
229
208
181
-88
-504
-606
-241
181
281
152
33
-115
-351
-474
-250
150
305
114
-175
-338
-402
-418
-319
-114
10
-76
-250
-344
-401
-446
-387
-140
143
146
-103
-319
-292
-142
2
180
335
343
165
7
74
274
369
331
337
426
451
342
192
105
106
132
105
19
-128
-275
-408
-535
-587
-531
-441
-495
-746
-984
-1052
-956
-909
-994
-1084
-1127
-1053
-934
-756
-625
-624
-709
-743
-606
-389
-119
190
430
415
148
-84
-9
326
687
937
1023
840
480
256
352
589
697
721
768
722
417
44
-30
157
295
304
350
432
280
-118
-368
-218
135
334
363
361
290
78
-128
-45
270
496
490
385
291
165
20
-4
151
306
312
235
177
108
-23
-94
32
266
384
306
157
79
57
78
166
321
426
356
207
148
222
310
307
268
282
330
329
231
124
85
129
184
152
26
-115
-218
-301
-375
-371
-286
-247
-393
-641
-753
-682
-597
-613
-715
-782
-836
-899
-889
-757
-527
-480
-596
-740
-706
-504
-368
-254
-113
122
234
112
-53
-77
85
282
468
639
670
457
117
-67
24
231
368
396
328
155
-92
-289
-297
-161
-4
75
36
-85
-263
-390
-409
-359
-255
-112
30
61
-79
-241
-287
-198
-68
28
86
75
13
-61
-87
-44
2
42
66
94
144
218
316
338
284
224
275
413
509
512
473
480
498
510
540
588
622
606
561
521
502
504
495
469
419
385
383
346
242
113
41
30
-6
-73
-117
-129
-184
-315
-396
-341
-266
-277
-351
-388
-354
-407
-502
-526
-458
-393
-455
-488
-465
-356
-258
-296
-316
-317
-246
-182
-130
-28
88
215
236
187
136
140
198
303
380
406
359
257
165
117
120
143
153
132
82
26
-19
-77
-128
-183
-205
-202
-196
-192
-221
-271
-344
-401
-386
-325
-252
-239
-287
-343
-385
-388
-395
-427
-445
-454
-443
-445
-434
-374
-320
-299
-330
-339
-275
-170
-80
-25
1
20
38
40
57
112
229
350
404
391
329
311
320
336
369
424
522
588
546
406
297
306
364
382
371
393
412
319
154
79
141
213
204
162
164
159
85
-5
-24
27
53
51
50
39
-9
-71
-79
-35
-1
-1
-6
-6
-27
-68
-75
-35
11
22
5
0
-2
-9
-19
-10
23
35
29
42
74
72
21
-15
1
29
29
23
48
75
48
-6
-27
0
22
1
-31
-34
-8
5
-19
-59
-81
-85
-92
-115
-135
-145
-169
-213
-277
-325
-333
-305
-275
-286
-333
-375
-366
-332
-328
-357
-364
-312
-256
-258
-301
-297
-213
-133
-135
-170
-143
-70
-42
-72
-71
5
76
72
37
44
85
106
108
126
166
178
155
143
181
252
278
251
220
217
225
214
219
260
296
280
225
186
165
149
144
145
152
152
149
154
145
111
78
62
69
86
101
108
93
57
7
-33
-37
5
54
67
33
-5
-18
-16
-12
-3
18
33
29
23
27
51
82
102
101
76
60
77
128
173
180
149
108
75
69
90
122
131
96
51
23
15
-6
-40
-51
-40
-54
-105
-152
-153
-136
-154
-195
-210
-193
-194
-236
-269
-257
-224
-211
-222
-215
-197
-203
-221
-205
-146
-101
-118
-158
-173
-161
-149
-137
-113
-89
-90
-109
-114
-89
-54
-27
-3
13
16
7
1
2
11
49
110
149
138
84
45
38
49
64
79
87
79
63
55
49
34
18
31
62
73
60
58
78
83
50
14
25
61
75
52
35
51
70
69
43
17
1
-15
-12
14
50
66
35
-16
-53
-48
-16
11
31
49
52
22
-23
-30
3
27
16
3
15
28
2
-48
-60
-14
32
34
4
-6
-10
-32
-58
-45
8
35
7
-26
-21
-2
-13
-41
-32
19
60
64
62
75
89
73
60
82
121
130
105
88
92
95
89
89
105
107
78
61
84
116
99
36
-15
-18
15
46
55
32
-14
-63
-98
-102
-74
-54
-70
-122
-166
-166
-140
-129
-150
-176
-176
-161
-157
-174
-192
-189
-173
-164
-158
-141
-123
-119
-120
-95
-49
-25
-30
-37
-27
-21
-26
-16
11
27
7
-33
-38
1
36
23
-7
-4
32
53
36
27
51
65
37
-7
-6
31
46
16
-20
-22
-6
-9
-37
-61
-61
-61
-71
-83
-83
-86
-106
-119
-104
-85
-91
-107
-90
-59
-55
-72
-59
-1
48
50
35
49
85
107
104
108
147
193
211
211
216
225
226
230
259
303
326
303
260
234
229
242
262
277
269
234
189
154
145
152
154
131
97
80
76
61
32
15
23
31
16
-11
-19
-14
-28
-59
-80
-74
-65
-71
-78
-75
-72
-86
-100
-88
-60
-57
-90
-122
-123
-113
-114
-123
-125
-118
-112
-122
-137
-137
-122
-118
-138
-160
-154
-130
-129
-154
-176
-184
-185
-182
-174
-162
-157
-166
-182
-190
-193
-208
-227
-221
-186
-167
-184
-209
-208
-186
-181
-190
-178
-143
-132
-160
-173
-137
-79
-44
-38
-30
0
36
59
71
83
112
141
167
197
223
229
234
251
280
314
349
373
375
355
331
329
346
362
359
336
303
281
279
281
260
225
198
185
165
124
84
76
84
68
23
-8
-1
8
-11
-39
-43
-35
-45
-64
-64
-51
-57
-86
-93
-65
-46
-62
-77
-68
-56
-69
-93
-90
-61
-45
-53
-57
-42
-31
-40
-52
-47
-29
-14
-1
3
-12
-44
-67
-65
-49
-40
-43
-54
-67
-84
-102
-119
-133
-149
-158
-159
-153
-154
-170
-198
-223
-236
-232
-211
-192
-197
-236
-272
-278
-258
-236
-219
-197
-178
-183
-205
-211
-180
-134
-97
-72
-53
-44
-45
-40
-18
22
67
106
126
131
133
140
158
180
200
220
237
244
238
233
239
255
266
269
267
263
247
226
217
222
223
206
183
171
165
154
142
135
124
106
94
92
84
53
15
-3
-6
-11
-20
-20
-15
-26
-56
-81
-91
-94
-96
-95
-87
-82
-94
-115
-130
-138
-138
-120
-81
-49
-51
-86
-109
-99
-74
-59
-45
-20
4
0
-25
-41
-35
-26
-25
-21
0
24
22
-2
-21
-23
-12
9
29
26
-1
-23
-19
-8
-9
-10
2
12
-2
-29
-44
-39
-33
-31
-27
-23
-34
-58
-75
-72
-58
-48
-41
-36
-35
-43
-52
-50
-37
-28
-21
-15
-12
-20
-30
-19
7
29
35
34
40
40
34
39
56
62
52
46
64
84
80
60
51
57
67
77
87
84
63
33
20
27
33
26
13
6
4
-6
-22
-36
-42
-42
-40
-43
-54
-66
-67
-71
-90
-113
-111
-85
-72
-92
-117
-114
-95
-97
-116
-116
-86
-62
-63
-72
-68
-55
-52
-43
-9
27
37
23
15
25
41
59
88
117
125
112
111
134
162
177
183
199
212
205
188
188
204
211
200
189
185
177
161
151
154
158
143
114
91
83
81
75
67
55
35
10
-9
-21
-32
-35
-33
-31
-34
-43
-54
-70
-89
-99
-88
-68
-63
-81
-97
-98
-99
-109
-112
-90
-60
-54
-63
-68
-68
-72
-82
-77
-60
-49
-59
-71
-68
-55
-54
-73
-95
-98
-82
-62
-55
-64
-85
-111
-134
-142
-121
-79
-60
-90
-143
-175
-169
-144
-130
-130
-132
-136
-151
-171
-175
-162
-151
-141
-133
-122
-116
-119
-123
-120
-107
-88
-63
-40
-28
-23
-21
-12
8
34
63
93
121
137
138
129
136
163
194
217
224
216
204
199
207
225
244
253
246
228
210
204
210
220
219
202
185
174
164
159
160
165
158
143
136
135
125
103
93
96
92
70
50
49
48
29
5
2
10
6
-15
-27
-18
-14
-31
-51
-50
-40
-39
-51
-54
-54
-62
-79
-91
-91
-84
-79
-82
-96
-111
-121
-123
-127
-132
-134
-132
-134
-148
-168
-176
-170
-164
-168
-173
-173
-172
-175
-183
-191
-196
-192
-177
-151
-138
-151
-175
-184
-170
-148
-128
-111
-100
-103
-112
-112
-91
-59
-36
-25
-11
9
25
26
20
19
30
50
67
75
75
71
65
63
68
82
96
99
86
71
68
73
77
82
90
93
80
64
60
66
66
64
76
90
87
63
43
55
82
94
85
76
74
73
65
60
69
75
66
57
61
70
70
62
59
59
55
53
61
72
73
64
58
59
62
66
75
84
86
80
69
59
56
53
57
61
55
36
13
-1
-3
-2
0
-5
-20
-43
-58
-53
-42
-47
-62
-69
-62
-54
-59
-67
-73
-79
-87
-84
-61
-42
-41
-58
-74
-69
-52
-37
-24
-8
2
-4
-15
-12
4
13
10
5
9
12
5
-6
-8
1
8
0
-16
-26
-19
-10
-15
-28
-31
-24
-23
-32
-38
-32
-24
-30
-38
-37
-27
-25
-34
-41
-32
-16
-9
-13
-15
-11
-6
1
10
19
27
27
27
29
30
31
36
42
38
29
28
38
43
35
23
21
28
32
32
33
36
37
32
29
26
19
9
2
4
9
5
-9
-26
-41
-51
-56
-57
-58
-62
-71
-81
-92
-99
-93
-75
-64
-69
-75
-68
-60
-57
-58
-45
-25
-10
-3
0
10
20
29
38
50
68
86
99
102
102
103
108
114
125
135
140
136
126
116
111
113
109
98
92
91
82
58
36
32
37
28
8
-10
-19
-30
-48
-60
-64
-68
-79
-88
-92
-90
-96
-112
-124
-125
-113
-105
-99
-101
-104
-110
-115
-109
-95
-79
-73
-74
-78
-80
-71
-54
-37
-29
-27
-25
-19
-11
-5
2
15
29
39
41
40
40
44
44
46
53
62
61
50
37
31
28
25
21
14
6
-1
-9
-18
-30
-41
-47
-47
-44
-45
-52
-64
-78
-85
-79
-68
-57
-52
-53
-53
-54
-56
-53
-35
-7
9
7
-2
0
11
22
28
40
53
60
59
61
72
82
81
78
88
110
123
113
97
93
106
112
112
106
100
89
73
67
74
77
63
42
32
34
35
26
17
11
5
1
-1
-2
-6
-17
-31
-38
-36
-36
-38
-45
-53
-64
-72
-74
-72
-71
-73
-71
-69
-69
-73
-74
-69
-55
-43
-36
-33
-33
-33
-30
-23
-13
-4
1
2
2
5
12
19
16
12
8
13
21
24
23
18
12
13
17
22
24
26
22
12
6
12
24
28
18
8
4
4
1
-2
0
4
1
-7
-13
-13
-12
-17
-18
-11
-5
-9
-22
-23
-16
-8
-6
-4
2
5
-1
-5
1
13
25
28
24
21
19
19
22
28
35
36
33
31
30
31
32
31
29
25
27
36
40
34
25
23
26
25
23
22
26
28
22
10
4
9
12
7
-1
-9
-10
-11
-11
-13
-19
-28
-30
-26
-23
-26
-30
-33
-36
-38
-41
-41
-35
-31
-32
-37
-41
-41
-42
-41
-38
-32
-28
-29
-34
-38
-36
-29
-19
-10
-5
-12
-19
-18
-7
7
13
9
3
4
8
14
20
25
25
20
14
12
15
20
23
21
20
16
8
3
-1
0
4
7
5
0
-5
-12
-17
-21
-19
-16
-14
-17
-23
-29
-35
-36
-35
-31
-27
-29
-36
-45
-50
-45
-35
-27
-24
-26
-31
-33
-27
-18
-10
-2
1
-1
2
7
17
22
21
24
24
28
34
41
46
44
41
39
41
47
48
47
45
47
46
40
38
37
38
37
36
34
29
23
24
25
23
20
16
14
