3
4
4
6
6
6
5
6
6
5
4
5
3
3
3
4
3
2
0
-1
-2
-2
-2
-2
-2
-2
-1
0
0
-2
-1
-1
-1
-1
-1
-2
-4
-5
-3
-2
-2
-5
-5
-5
-7
-6
-3
-4
-6
-6
-5
-6
-9
-11
-11
-15
-15
-14
-14
18
73
80
31
8
28
10
-41
-75
-62
-25
-13
-31
-27
6
24
48
58
21
2
35
39
4
-5
-7
-10
13
27
-10
-42
-31
-10
-1
-10
-31
-21
8
22
32
33
13
7
21
24
6
-11
-13
1
19
20
7
3
0
2
16
18
-2
-30
-35
-24
-20
-31
-50
-56
-49
-35
-31
-34
-41
-45
-43
-37
-50
-86
-106
-97
-82
-87
-110
-129
-130
-130
-133
-119
-98
-91
-69
12
136
233
236
185
202
277
246
83
-19
47
111
20
-128
-158
-90
-72
-94
-87
-57
-35
26
106
113
65
78
170
222
169
80
65
106
107
55
1
-20
-23
-28
-39
-70
-101
-117
-114
-109
-115
-116
-95
-59
-20
9
33
57
71
76
80
92
92
63
14
-20
-12
-6
-43
-85
-75
-30
-1
0
6
27
48
67
94
108
95
83
96
109
91
62
49
48
31
6
-3
-15
-43
9
123
154
75
40
102
136
95
17
36
118
124
32
-41
-36
2
62
32
-52
-51
26
50
3
-35
-53
5
84
73
-30
-92
-53
21
28
-61
-128
-95
-25
-14
-58
-114
-120
-81
-65
-105
-165
-197
-196
-172
-180
-209
-239
-237
-208
-207
-254
-316
-347
-367
-382
-381
-357
-288
-181
-57
98
307
480
512
448
409
430
391
224
66
57
69
-76
-268
-307
-246
-241
-271
-230
-126
-40
12
82
179
238
262
301
341
304
210
164
182
163
54
-41
-58
-49
-91
-162
-191
-190
-200
-215
-208
-199
-195
-152
-69
-11
5
32
80
133
161
169
180
179
142
81
33
-7
-46
-89
-125
-119
-74
-28
-7
26
101
184
225
243
269
283
270
251
241
211
156
119
118
101
49
10
-2
55
172
232
196
155
159
127
61
-26
-53
42
133
117
55
49
56
117
135
45
5
71
95
32
-5
-50
-40
43
73
-4
-106
-151
-145
-122
-175
-264
-268
-183
-98
-60
-66
-78
-37
-1
-53
-150
-207
-241
-274
-321
-387
-455
-508
-533
-520
-484
-467
-461
-471
-531
-600
-593
-467
-179
216
498
560
573
703
752
542
245
241
449
384
-50
-415
-405
-310
-361
-509
-568
-434
-173
58
91
36
97
371
641
658
443
261
327
463
415
134
-105
-106
7
21
-119
-246
-275
-234
-213
-253
-315
-344
-279
-155
-49
-6
0
23
79
157
239
300
292
213
134
121
127
41
-119
-217
-164
-55
-38
-90
-96
2
141
255
314
324
340
384
436
422
346
267
229
224
209
191
158
125
111
141
197
227
179
97
92
142
147
70
-2
24
130
201
183
145
146
174
193
163
90
30
14
14
4
-22
-60
-73
-57
-68
-121
-181
-224
-245
-254
-259
-254
-227
-193
-154
-100
-60
-74
-119
-168
-235
-320
-411
-477
-529
-601
-669
-639
-553
-561
-628
-619
-540
-560
-650
-601
-282
148
377
412
448
574
609
478
309
250
333
324
114
-179
-326
-323
-317
-385
-518
-532
-387
-184
-89
-92
2
263
561
632
521
422
445
509
439
242
9
-83
-56
-27
-74
-188
-233
-192
-118
-139
-220
-251
-213
-145
-125
-104
-75
-51
-34
38
180
282
289
245
253
273
244
130
-9
-90
-101
-57
-54
-89
-106
-34
100
222
310
348
371
376
389
391
350
271
194
182
210
222
170
122
209
371
444
377
291
240
206
150
67
46
72
91
87
109
136
175
236
227
178
164
176
144
85
30
-2
37
93
89
3
-90
-122
-117
-159
-270
-346
-328
-257
-212
-211
-210
-174
-115
-102
-166
-264
-347
-391
-437
-525
-654
-765
-798
-814
-858
-905
-910
-893
-864
-709
-357
98
416
534
616
738
753
554
356
322
370
271
-7
-281
-418
-418
-436
-511
-596
-572
-403
-237
-177
-210
-119
136
405
518
453
397
470
649
693
526
321
233
242
166
-16
-225
-328
-343
-360
-413
-481
-456
-337
-176
-83
-47
16
101
174
196
219
252
266
224
162
154
179
172
92
31
35
70
60
-14
-63
-53
9
75
142
214
303
407
485
529
530
512
496
458
425
415
376
277
175
144
139
97
-1
-54
15
121
171
151
133
139
209
250
217
191
221
294
320
273
152
78
94
116
75
-41
-131
-160
-167
-219
-301
-337
-303
-220
-164
-150
-154
-132
-113
-128
-167
-219
-259
-315
-368
-420
-475
-582
-727
-808
-827
-837
-932
-1029
-1078
-1069
-935
-631
-200
141
393
640
847
848
627
475
457
456
269
-38
-310
-482
-518
-549
-605
-689
-626
-400
-214
-186
-265
-179
54
281
337
252
234
332
531
610
537
430
406
441
376
236
42
-118
-246
-365
-474
-582
-603
-536
-374
-189
-14
110
183
280
392
495
505
436
329
235
167
80
10
-44
-35
31
115
162
154
136
105
94
84
71
61
79
151
270
420
527
622
772
949
1013
901
706
480
246
-4
-216
-332
-328
-264
-226
-182
-111
40
201
293
297
292
330
321
251
142
86
110
193
276
270
205
142
144
136
24
-163
-321
-352
-341
-375
-458
-505
-456
-346
-246
-205
-183
-143
-101
-106
-174
-274
-387
-505
-637
-743
-790
-838
-953
-1080
-1050
-840
-560
-323
-122
104
327
474
476
418
376
427
530
524
328
45
-115
-198
-321
-535
-714
-765
-721
-624
-587
-548
-447
-214
46
186
247
291
418
527
577
521
427
389
354
315
194
74
-32
-143
-257
-384
-441
-470
-468
-460
-385
-232
-67
62
136
262
425
596
660
607
528
483
469
377
221
73
17
39
58
34
-12
7
90
190
229
209
194
201
241
297
375
470
613
772
866
876
819
715
561
384
221
88
-28
-142
-242
-293
-302
-245
-133
-45
-10
54
182
248
207
117
71
87
118
113
49
13
51
135
179
143
74
30
14
-47
-163
-303
-425
-506
-551
-581
-603
-581
-553
-511
-440
-358
-294
-275
-303
-392
-490
-585
-707
-883
-1026
-981
-759
-503
-267
50
375
521
500
454
411
286
138
78
66
-51
-234
-311
-297
-269
-267
-270
-325
-390
-364
-333
-374
-456
-428
-317
-195
-90
-25
70
201
394
532
536
465
413
423
351
183
-25
-183
-287
-368
-422
-477
-474
-423
-324
-213
-106
11
126
260
377
490
570
617
609
552
510
480
443
368
304
275
259
234
187
151
127
128
161
224
269
277
292
369
483
561
605
626
652
661
646
575
457
342
251
199
141
85
23
4
3
-40
-82
-100
-95
-113
-116
-120
-120
-109
-103
-101
-91
-26
31
54
33
21
45
69
55
-2
-52
-109
-152
-206
-279
-363
-410
-416
-430
-480
-566
-640
-680
-710
-754
-781
-783
-774
-756
-728
-726
-713
-622
-475
-280
53
464
635
474
288
352
467
331
93
122
327
302
-2
-286
-401
-396
-309
-342
-553
-669
-479
-235
-224
-308
-276
-69
153
236
95
-72
12
274
408
227
54
130
329
375
219
49
-69
-114
-171
-295
-457
-519
-439
-372
-383
-392
-251
-23
148
234
335
520
670
667
524
426
460
522
491
393
376
456
555
564
478
378
355
405
391
256
115
110
197
268
338
472
638
751
798
799
757
645
501
353
216
116
73
70
38
29
49
88
84
56
10
-65
-118
-182
-246
-323
-355
-345
-290
-195
-114
-60
-37
1
42
81
68
-9
-116
-183
-205
-244
-311
-380
-392
-391
-432
-512
-592
-668
-761
-843
-914
-983
-1040
-1060
-1046
-1041
-991
-835
-586
-288
30
343
533
547
476
456
442
373
340
392
407
247
66
-35
-72
-119
-186
-267
-381
-413
-424
-465
-543
-544
-428
-316
-222
-211
-197
-124
67
268
303
257
253
380
450
389
262
172
122
46
-41
-159
-239
-269
-258
-271
-332
-346
-295
-191
-113
-49
33
146
263
302
274
251
309
388
427
454
521
642
746
802
797
762
762
793
779
652
505
426
405
368
324
332
384
429
419
387
350
322
272
189
127
99
119
155
191
215
221
247
267
247
166
72
-8
-81
-156
-272
-359
-369
-291
-226
-220
-214
-180
-128
-111
-122
-157
-185
-194
-200
-228
-269
-264
-216
-164
-158
-174
-179
-193
-260
-417
-583
-702
-771
-806
-819
-802
-779
-746
-689
-605
-518
-443
-350
-258
-235
-323
-443
-464
-420
-376
-321
-207
-62
19
53
69
70
67
73
84
34
-46
-108
-152
-177
-161
-86
-2
72
128
146
133
132
168
153
72
8
-7
7
18
34
29
-4
-3
45
85
83
73
80
98
103
99
112
163
251
329
377
402
392
334
248
180
123
52
13
45
112
163
220
329
445
518
552
571
571
542
509
477
467
496
527
547
550
578
596
571
553
519
465
400
356
328
290
304
341
357
364
364
339
260
189
121
18
-92
-156
-190
-263
-309
-279
-223
-182
-140
-82
-61
-62
-59
-75
-142
-244
-323
-355
-356
-342
-318
-293
-273
-273
-298
-366
-486
-615
-717
-791
-838
-890
-909
-878
-822
-761
-693
-583
-476
-404
-377
-395
-486
-608
-664
-667
-637
-592
-479
-338
-262
-218
-182
-135
-90
-47
15
44
18
-36
-71
-59
-23
34
111
192
241
263
307
386
443
437
404
373
341
303
266
231
169
104
87
106
122
130
154
179
166
135
127
134
142
158
187
210
210
213
216
177
119
69
40
24
9
4
3
30
91
153
195
226
273
336
403
444
451
459
492
552
596
643
697
734
754
744
722
663
603
576
542
534
565
610
610
556
512
481
460
424
349
222
81
-20
-91
-155
-210
-237
-250
-255
-243
-248
-288
-352
-388
-413
-467
-537
-585
-596
-611
-629
-618
-589
-581
-617
-655
-688
-736
-807
-899
-991
-1079
-1124
-1081
-978
-863
-731
-604
-486
-445
-453
-448
-446
-404
-360
-305
-252
-252
-232
-210
-158
-87
-17
90
156
174
139
80
58
68
134
186
185
140
114
171
258
332
353
348
342
332
323
287
215
106
-5
-54
-64
-75
-92
-98
-82
-62
-34
-13
-22
-44
-43
-22
-1
-8
-28
-24
-4
37
76
108
144
179
244
292
322
332
340
377
413
461
511
551
567
569
580
591
625
689
763
821
845
864
855
826
802
778
774
767
774
747
681
638
620
626
622
623
596
516
424
333
247
148
55
-36
-145
-258
-346
-398
-447
-503
-561
-612
-651
-678
-690
-706
-734
-758
-759
-748
-746
-750
-737
-705
-685
-674
-675
-681
-712
-782
-800
-775
-719
-686
-712
-739
-798
-795
-751
-696
-595
-509
-367
-270
-222
-177
-159
-97
-41
59
173
214
214
156
121
131
179
238
222
176
109
68
53
51
59
31
8
1
18
46
55
62
47
24
-3
-25
-43
-77
-121
-178
-218
-257
-279
-287
-293
-280
-263
-205
-143
-88
-53
-46
-20
1
55
106
139
161
169
209
271
355
452
524
556
570
610
648
685
726
776
848
911
978
1013
1025
1038
1048
1079
1087
1075
1037
977
917
859
801
740
686
624
544
456
384
322
259
200
138
85
38
5
-26
-89
-182
-261
-302
-337
-408
-491
-561
-627
-690
-759
-813
-861
-910
-947
-981
-1008
-1030
-1035
-1040
-1045
-1045
-984
-875
-719
-554
-470
-450
-504
-519
-478
-451
-390
-345
-271
-234
-260
-255
-253
-176
-86
3
97
115
123
94
69
83
115
182
190
144
81
52
83
122
136
106
55
13
-8
-7
-27
-93
-189
-261
-301
-301
-262
-217
-179
-181
-200
-234
-264
-272
-292
-325
-377
-396
-390
-368
-332
-321
-299
-274
-220
-138
-70
7
70
136
222
308
392
450
509
579
622
651
674
717
771
839
911
955
984
1011
1053
1092
1120
1135
1108
1047
987
954
939
925
915
886
826
770
741
733
708
656
579
469
353
266
193
107
-1
-116
-215
-300
-342
-361
-388
-444
-533
-602
-634
-640
-662
-720
-785
-841
-882
-911
-928
-971
-983
-934
-824
-712
-721
-765
-836
-839
-799
-775
-680
-591
-450
-322
-252
-179
-161
-82
12
90
170
172
149
62
-34
-48
-6
86
139
141
111
60
78
141
171
138
61
-2
-57
-110
-121
-130
-158
-205
-252
-269
-278
-257
-241
-273
-360
-481
-552
-568
-561
-561
-567
-531
-473
-397
-316
-263
-225
-209
-190
-174
-179
-181
-175
-145
-90
-39
29
110
203
297
380
487
579
633
678
727
777
796
824
883
935
979
1026
1078
1110
1113
1116
1116
1101
1072
1022
936
825
736
675
622
578
553
529
482
429
385
335
275
207
154
101
47
-3
-70
-140
-206
-255
-301
-360
-408
-464
-521
-582
-638
-703
-771
-778
-729
-633
-560
-566
-616
-705
-716
-693
-670
-600
-525
-403
-355
-342
-304
-290
-228
-174
-89
-3
2
-9
-76
-107
-61
19
135
183
178
132
75
105
151
160
101
-2
-94
-179
-234
-258
-297
-345
-387
-402
-398
-388
-341
-303
-324
-408
-497
-536
-563
-579
-596
-608
-604
-592
-546
-502
-480
-469
-474
-467
-458
-450
-430
-396
-317
-221
-130
-36
53
169
262
328
390
440
520
578
602
600
595
649
723
781
817
843
883
893
894
912
920
927
919
890
823
738
691
671
655
628
603
586
560
533
504
462
417
367
312
248
190
131
62
-17
-106
-171
-211
-226
-242
-278
-319
-371
-421
-446
-389
-248
-153
-175
-274
-350
-351
-353
-314
-212
-82
14
13
19
30
61
115
142
182
194
192
159
78
47
53
90
146
167
151
43
-57
-64
-31
-24
-96
-177
-237
-284
-294
-307
-338
-391
-438
-449
-453
-449
-443
-459
-518
-621
-716
-770
-774
-761
-772
-799
-822
-814
-774
-718
-682
-691
-719
-714
-659
-591
-530
-487
-416
-326
-248
-164
-77
16
76
97
117
150
221
309
381
405
394
427
519
614
667
690
715
723
717
713
711
710
700
675
608
520
467
463
471
466
443
406
361
331
317
278
213
157
99
30
-39
-69
-62
-68
-98
-135
-160
-161
-141
-130
-176
-253
-235
-105
24
43
-39
-80
-93
-101
-56
60
258
377
387
351
303
338
418
527
617
626
585
495
448
482
535
592
615
617
572
446
343
322
353
336
224
93
-11
-64
-76
-93
-142
-235
-343
-434
-505
-537
-543
-569
-641
-752
-855
-920
-934
-910
-886
-900
-955
-999
-980
-905
-836
-822
-851
-862
-825
-757
-700
-660
-606
-547
-493
-437
-361
-264
-172
-97
-42
15
96
201
307
375
391
392
407
445
479
498
494
478
476
482
502
530
556
550
495
425
368
329
297
283
262
204
123
63
28
-7
-44
-84
-119
-167
-233
-294
-353
-394
-414
-430
-451
-499
-535
-488
-321
-132
-61
-108
-169
-152
-131
-135
-93
33
207
296
324
341
378
490
616
742
841
888
891
822
779
804
853
917
959
984
929
798
735
768
832
819
725
625
505
412
373
353
303
202
100
1
-66
-73
-56
-82
-186
-325
-452
-534
-573
-592
-617
-668
-720
-768
-790
-781
-772
-784
-815
-827
-819
-810
-767
-688
-610
-576
-572
-537
-482
-419
-349
-281
-224
-169
-106
-42
-5
27
96
157
197
197
184
182
167
183
197
202
217
222
214
164
120
104
76
42
5
-30
-88
-165
-212
-253
-308
-362
-405
-433
-456
-469
-479
-511
-567
-609
-635
-644
-634
-577
-455
-340
-296
-338
-391
-361
-303
-278
-245
-144
29
136
163
193
248
343
433
545
671
743
778
760
743
776
840
956
1046
1065
1006
870
811
847
906
909
823
759
698
628
591
576
575
517
419
321
228
181
167
145
73
-48
-150
-222
-249
-235
-210
-225
-290
-357
-387
-387
-388
-390
-407
-437
-446
-418
-350
-274
-208
-170
-174
-171
-129
-62
-9
17
32
26
15
33
84
134
169
206
235
225
174
136
122
115
100
64
16
-51
-115
-168
-207
-221
-226
-244
-308
-385
-443
-490
-547
-628
-699
-754
-805
-838
-859
-879
-904
-912
-913
-940
-973
-915
-771
-653
-622
-661
-674
-652
-637
-592
-489
-316
-156
-84
-59
-54
8
131
270
416
505
544
545
529
577
653
741
840
908
917
840
745
748
816
868
833
739
675
621
587
561
527
490
418
355
307
253
243
240
210
117
-16
-103
-142
-134
-109
-118
-164
-229
-247
-207
-146
-98
-78
-75
-69
-46
-11
42
111
170
184
179
222
322
445
526
551
549
539
555
586
618
651
660
637
579
529
525
551
582
583
533
435
315
226
178
136
67
-34
-154
-274
-370
-423
-454
-505
-600
-727
-847
-925
-962
-992
-1055
-1157
-1265
-1330
-1308
-1188
-1063
-1030
-1083
-1144
-1143
-1100
-1019
-883
-713
-570
-536
-550
-513
-383
-187
-20
106
202
263
311
339
385
453
514
580
637
644
583
510
521
571
569
494
410
390
382
365
343
315
297
254
190
108
20
-9
8
6
-68
-189
-272
-297
-292
-295
-322
-347
-368
-379
-395
-418
-407
-346
-245
-153
-98
-54
10
93
164
213
265
357
462
521
522
515
561
651
724
756
757
758
769
768
739
695
672
664
649
612
556
513
491
463
407
341
294
271
233
141
23
-66
-103
-138
-214
-338
-472
-594
-715
-833
-909
-824
-590
-356
-294
-396
-496
-515
-494
-473
-352
-77
211
305
160
-31
-64
80
247
292
211
110
88
124
151
146
134
163
160
9
-280
-521
-517
-356
-274
-375
-496
-430
-252
-173
-280
-449
-531
-528
-527
-553
-540
-405
-200
-79
-134
-273
-321
-243
-181
-235
-344
-354
-217
-59
-10
-67
-111
-87
-59
-71
-95
-39
94
207
226
178
190
314
475
537
457
348
308
342
386
415
464
524
541
453
289
151
103
104
57
-61
-144
-130
-70
-72
-167
-283
-356
-372
-370
-376
-351
-297
-266
-312
-396
-410
-339
-261
-275
-364
-473
-538
-432
-62
468
834
827
583
390
354
356
456
840
1422
1817
1676
1147
706
632
807
911
855
721
660
709
695
556
326
103
-69
-273
-510
-671
-578
-254
-44
-168
-500
-675
-582
-483
-543
-670
-635
-416
-223
-182
-238
-260
-241
-300
-450
-575
-529
-366
-301
-388
-484
-446
-320
-286
-404
-551
-582
-460
-292
-141
7
182
313
292
161
73
147
342
520
615
667
720
737
656
495
361
327
356
362
324
265
179
43
-161
-374
-516
-572
-589
-610
-650
-695
-742
-796
-840
-862
-857
-836
-809
-804
-828
-848
-814
-739
-690
-703
-740
-749
-750
-671
-380
116
503
467
117
-118
-27
194
395
758
1349
1787
1631
955
406
414
819
1156
1222
1158
1123
1100
958
678
403
273
297
373
409
441
500
551
434
93
-253
-300
-45
202
222
133
131
205
186
21
-142
-202
-185
-179
-186
-146
-79
-124
-377
-704
-843
-712
-474
-367
-408
-467
-487
-493
-518
-460
-257
17
189
190
144
168
281
380
451
551
695
796
743
601
487
493
540
501
386
286
235
143
-34
-203
-292
-339
-422
-531
-566
-527
-508
-596
-752
-851
-843
-783
-774
-820
-852
-852
-852
-883
-892
-895
-939
-1064
-1142
-987
-551
-54
78
-231
-665
-772
-552
-257
62
555
1126
1227
671
-121
-391
4
586
907
924
849
751
578
335
145
131
262
386
436
418
396
377
307
150
-18
-17
228
531
666
585
446
357
291
219
176
217
272
253
183
135
119
50
-130
-339
-451
-403
-249
-114
-83
-186
-362
-477
-470
-311
-41
271
514
565
463
304
228
278
448
712
936
1019
894
673
514
509
634
753
768
654
460
273
114
-4
-85
-139
-178
-243
-325
-377
-391
-405
-490
-608
-685
-675
-623
-605
-631
-670
-692
-736
-818
-923
-980
-1002
-927
-720
-381
-99
-141
-451
-783
-833
-668
-361
57
545
875
680
49
-555
-613
-169
371
680
726
609
338
-15
-281
-299
-96
160
294
278
164
5
-145
-247
-273
-191
-17
168
266
265
224
196
174
149
125
144
208
250
218
123
27
-57
-149
-250
-314
-300
-235
-207
-275
-404
-489
-469
-368
-267
-162
-14
148
225
200
173
229
352
475
602
769
907
916
763
532
409
477
667
824
842
709
493
269
109
54
83
116
93
18
-76
-160
-226
-287
-331
-340
-327
-312
-309
-284
-246
-252
-341
-505
-629
-672
-658
-536
-302
67
266
148
-201
-440
-373
-213
22
320
738
966
707
153
-271
-220
114
448
652
643
464
131
-171
-274
-222
-75
43
115
93
-58
-278
-460
-492
-401
-244
-63
55
35
-106
-252
-272
-160
-12
107
163
141
58
-65
-137
-163
-193
-248
-316
-321
-283
-270
-331
-473
-583
-618
-573
-460
-349
-194
-62
-18
-62
-120
-42
105
257
379
486
607
609
514
373
299
362
460
525
495
413
310
191
63
-57
-114
-142
-213
-326
-425
-463
-467
-495
-552
-584
-559
-512
-465
-447
-427
-391
-376
-425
-487
-514
-481
-332
-87
244
412
332
102
9
114
303
569
888
1209
1227
868
393
195
384
740
1041
1156
1065
798
428
167
115
211
349
437
468
375
136
-171
-348
-293
-124
39
119
124
45
-117
-253
-281
-185
-40
60
90
59
6
-55
-110
-169
-208
-223
-230
-258
-296
-329
-384
-485
-579
-579
-491
-411
-386
-353
-304
-247
-209
-145
-48
27
92
188
352
509
556
497
416
412
451
465
447
415
380
301
162
17
-74
-107
-157
-262
-405
-555
-671
-758
-827
-884
-908
-902
-912
-945
-940
-888
-824
-857
-937
-994
-969
-804
-559
-247
-99
-155
-347
-440
-323
-104
221
563
881
923
619
211
31
217
554
869
1033
997
780
460
247
218
322
473
583
615
526
367
195
76
52
117
275
448
553
535
410
273
203
241
362
511
613
607
517
393
303
241
184
154
133
114
76
30
-28
-143
-284
-366
-342
-264
-211
-163
-116
-110
-172
-256
-245
-132
34
183
313
420
427
355
272
294
415
545
614
581
489
366
251
160
92
67
61
23
-95
-272
-417
-513
-594
-696
-788
-815
-808
-806
-828
-864
-910
-1009
-1124
-1183
-1070
-778
-481
-295
-327
-456
-593
-635
-557
-343
24
365
562
474
192
-97
-245
-171
91
421
615
558
313
1
-218
-297
-212
2
202
280
155
-89
-339
-479
-455
-289
-48
147
205
127
-11
-68
-10
112
251
382
489
530
495
431
397
392
377
354
365
430
468
425
303
163
49
-17
-23
9
81
148
193
208
145
34
-71
-68
52
242
431
525
521
426
340
335
418
537
622
658
645
591
494
370
265
212
198
190
154
77
-47
-205
-364
-476
-509
-496
-479
-509
-573
-628
-645
-665
-735
-831
-880
-755
-528
-291
-176
-185
-280
-404
-462
-377
-58
376
696
732
486
175
-8
19
220
488
667
639
439
155
-78
-219
-262
-201
-78
25
2
-177
-446
-699
-836
-815
-653
-434
-283
-289
-441
-621
-705
-657
-515
-333
-177
-99
-98
-144
-183
-194
-161
-93
-7
77
125
135
105
52
-9
-39
-12
52
125
178
236
293
315
282
195
147
170
275
403
508
576
559
487
404
396
483
610
698
701
651
571
491
420
380
374
379
352
252
101
-40
-140
-204
-258
-288
-295
-317
-392
-494
-560
-556
-524
-526
-554
-592
-581
-482
-347
-209
-164
-178
-229
-240
-178
-57
166
392
590
644
567
432
343
393
563
790
939
935
787
561
375
273
279
373
464
505
416
228
-9
-200
-283
-268
-200
-139
-132
-203
-334
-480
-578
-599
-536
-439
-369
-351
-378
-441
-520
-585
-600
-559
-498
-443
-426
-431
-463
-518
-583
-627
-585
-455
-302
-191
-143
-129
-121
-128
-117
-61
56
180
251
285
300
335
358
350
350
369
422
465
494
498
485
461
393
331
296
300
305
260
189
112
49
-7
-59
-84
-112
-140
-175
-203
-218
-250
-291
-332
-364
-359
-331
-313
-344
-428
-459
-419
-311
-217
-167
-148
-189
-243
-255
-144
55
230
350
390
383
320
247
262
366
511
612
675
700
645
519
397
373
436
504
540
544
512
425
298
196
163
191
233
237
199
142
87
23
-44
-80
-73
-39
-28
-63
-116
-173
-239
-321
-395
-417
-394
-379
-398
-433
-452
-458
-467
-475
-472
-439
-386
-318
-251
-208
-207
-232
-242
-188
-65
60
128
132
104
74
56
68
127
218
302
341
311
222
115
43
28
47
84
114
117
67
-24
-108
-138
-125
-102
-88
-82
-87
-117
-160
-201
-224
-226
-222
-203
-197
-207
-224
-234
-243
-282
-315
-331
-312
-270
-244
-215
-201
-191
-191
-195
-184
-163
-106
-35
17
43
41
52
58
82
131
190
244
269
296
320
339
339
331
350
368
378
387
390
380
343
314
309
316
316
291
263
234
198
161
133
123
98
46
-20
-58
-57
-55
-78
-124
-159
-170
-165
-157
-150
-149
-152
-150
-142
-137
-128
-117
-93
-51
-16
-4
-3
-6
-14
-26
-18
37
117
173
178
147
112
88
72
72
104
144
166
164
153
154
147
122
91
81
103
126
130
115
93
80
57
35
15
16
4
-18
-50
-73
-68
-71
-88
-135
-174
-201
-208
-207
-188
-166
-162
-187
-233
-265
-285
-279
-273
-274
-276
-273
-250
-234
-231
-251
-266
-259
-243
-214
-183
-144
-119
-119
-130
-139
-127
-87
-43
-7
24
45
52
34
11
6
24
45
50
54
62
67
64
53
53
56
57
52
38
31
40
61
77
69
53
49
55
71
85
106
130
145
144
127
106
103
125
163
193
196
182
164
156
154
156
154
143
131
122
115
115
115
128
135
134
131
126
121
105
91
96
119
140
151
150
138
117
99
93
100
113
124
132
136
129
101
58
24
23
43
68
84
100
101
75
27
-14
-25
-13
11
24
27
25
15
-13
-56
-90
-103
-101
-92
-77
-70
-98
-160
-225
-253
-242
-217
-197
-181
-182
-200
-235
-271
-290
-290
-280
-282
-286
-280
-272
-275
-298
-324
-331
-328
-313
-290
-275
-278
-295
-307
-299
-275
-236
-188
-145
-122
-125
-125
-104
-59
-16
13
36
68
103
120
120
121
131
149
171
195
218
236
232
216
204
209
229
248
265
274
267
244
219
200
194
200
214
235
237
211
163
117
94
98
110
111
102
93
85
68
40
10
0
15
32
33
27
38
58
60
37
24
42
76
98
109
123
134
126
102
92
111
141
151
146
144
144
126
98
78
76
75
62
49
49
62
58
31
-5
-32
-50
-74
-96
-110
-116
-129
-160
-195
-218
-229
-250
-271
-285
-293
-304
-324
-350
-379
-403
-415
-412
-398
-382
-367
-361
-363
-359
-345
-312
-265
-210
-164
-137
-120
-105
-88
-67
-44
-4
50
98
121
118
111
121
152
190
233
266
276
262
233
218
225
240
255
267
269
261
239
215
192
166
140
120
111
110
100
78
49
25
7
-8
-18
-17
-8
-5
-21
-42
-50
-45
-40
-41
-37
-27
-10
0
2
0
1
7
12
17
29
51
64
52
40
45
67
86
91
97
117
145
161
161
164
173
176
158
143
141
149
148
138
128
124
121
113
95
70
44
27
22
18
3
-28
-61
-84
-96
-112
-140
-165
-180
-192
-208
-218
-215
-209
-219
-233
-234
-221
-206
-201
-199
-190
-170
-146
-126
-110
-93
-79
-72
-56
-27
11
35
34
25
22
35
52
68
77
76
75
73
74
67
49
31
19
22
26
27
25
24
19
4
-13
-23
-21
-18
-22
-25
-21
-13
-13
-26
-40
-51
-57
-57
-51
-39
-29
-29
-42
-59
-76
-87
-97
-103
-98
-84
-70
-63
-66
-74
-83
-89
-85
-71
-52
-32
-17
-6
5
13
12
12
22
42
69
84
90
89
84
75
65
65
83
112
136
138
125
108
91
77
72
85
104
106
88
73
75
88
92
84
71
67
71
76
78
74
71
72
77
85
91
90
83
82
96
114
125
124
117
111
109
109
117
126
124
113
99
91
90
84
69
47
26
11
3
-1
-3
-4
-11
-24
-43
-63
-77
-85
-92
-101
-109
-114
-117
-123
-135
-150
-168
-184
-194
-194
-187
-175
-170
-182
-212
-243
-264
-267
-260
-248
-238
-231
-232
-240
-251
-258
-261
-251
-226
-195
-167
-154
-162
-178
-185
-176
-153
-118
-79
-47
-34
-38
-48
-55
-52
-39
-9
29
60
72
62
47
45
55
74
94
113
129
137
135
128
121
122
132
145
155
160
160
162
165
168
167
166
165
168
175
182
183
178
174
173
181
189
197
195
186
184
187
197
203
202
196
197
200
203
195
186
178
175
173
173
173
172
169
165
157
150
138
128
118
114
117
115
102
80
58
40
29
18
1
-15
-26
-38
-51
-66
-84
-109
-137
-162
-171
-170
-169
-181
-207
-237
-263
-281
-285
-280
-275
-281
-293
-305
-318
-326
-332
-329
-317
-303
-292
-288
-290
-295
-291
-272
-243
-217
-198
-187
-179
-171
-158
-137
-111
-89
-70
-52
-32
-11
7
19
33
49
65
76
85
98
109
113
115
116
118
121
124
129
134
136
130
120
112
109
113
112
106
98
93
91
90
89
89
90
92
92
92
88
82
76
72
75
82
88
87
81
78
80
82
86
89
92
101
109
116
119
120
116
112
110
115
124
133
135
131
122
109
96
87
90
99
104
99
88
70
52
37
28
23
21
16
5
-11
-26
-40
-50
-61
-73
-80
-86
-92
-103
-116
-129
-140
-148
-150
-152
-154
-160
-171
-179
-176
-166
-155
-146
-141
-145
-146
-143
-131
-112
-91
-74
-66
-66
-67
-66
-60
-48
-37
-30
-29
-30
-27
-23
-19
-17
-15
-13
-11
-9
-4
3
6
1
-10
-17
-14
-7
-1
4
7
7
3
0
3
13
22
21
16
14
13
12
12
13
15
16
16
13
7
3
3
9
16
20
20
17
13
9
7
9
18
31
36
34
26
22
19
20
25
33
39
37
28
16
9
10
14
15
11
4
0
0
6
13
20
23
23
19
19
26
36
45
53
57
53
46
41
37
39
46
57
69
76
76
72
67
67
74
87
103
118
127
123
109
93
80
79
87
94
92
79
60
42
28
23
24
22
17
5
-8
-18
-22
-24
-27
-35
-42
-49
-56
-62
-66
-71
-72
-71
-69
-68
-70
-74
-75
-76
-77
-79
-81
-80
-80
-84
-88
-90
-87
-83
-82
-81
-82
-81
-80
-80
-81
-79
-74
-63
-53
-50
-58
-69
-75
-71
-60
-49
-42
-47
-55
-63
-67
-63
-58
-55
-57
-62
-66
-67
-71
-75
-81
-84
-80
-78
-75
-71
-70
-68
-66
-60
-41
-20
-4
5
4
4
14
31
59
85
103
110
109
113
123
141
159
176
188
198
207
212
215
209
202
197
199
204
206
199
187
174
162
150
136
126
118
110
99
87
76
67
60
50
37
27
20
15
8
2
1
-2
-9
-19
-25
-26
-27
-32
-39
-42
-40
-41
-44
-50
-55
-59
-62
-65
-64
-58
-57
-62
-73
-79
-80
-73
-65
-62
-64
-68
-70
-69
-67
-63
-58
-51
-48
-51
-55
-59
-62
-64
-64
-65
-70
-74
-84
-97
-111
-125
-132
-137
-144
-151
-156
-164
-174
-180
-182
-181
-179
-175
-170
-163
-158
-156
-152
-148
-137
-121
-104
-87
-75
-64
-54
-40
-23
-4
17
34
48
58
67
77
86
95
105
116
126
134
141
147
151
149
147
147
153
160
162
163
163
164
160
154
148
144
142
144
143
143
138
130
120
110
102
96
95
95
95
92
84
76
69
64
62
62
60
58
52
45
38
30
26
23
22
24
27
27
22
17
15
19
26
33
39
42
39
31
24
24
27
29
30
30
25
14
1
-9
-18
-25
-32
-39
-46
-56
-66
-79
-94
-105
-111
-114
-114
-116
-119
-123
-132
-141
-146
-147
-141
-136
-131
-130
-133
-139
-138
-133
-124
-115
-105
-99
-101
-105
-106
-102
-95
-91
-83
-71
-61
-58
-61
-62
-55
-44
-37
-33
-26
-15
-5
-4
-8
-11
-11
-8
-2
9
22
29
24
12
7
16
29
35
30
28
30
36
40
40
41
42
42
41
42
47
47
43
36
27
24
25
26
30
28
25
20
16
17
21
31
40
42
42
42
44
46
49
56
62
68
73
75
83
88
91
89
87
86
91
98
101
99
94
88
85
81
76
79
84
89
88
77
65
59
64
68
65
60
55
48
40
30
26
24
22
17
9
1
-7
-16
-26
-35
-44
-51
-56
-62
-65
-68
-74
-86
-95
-97
-94
-92
-94
-98
-101
-102
-106
-112
-115
-117
-117
-117
-116
-119
-119
-118
-115
-114
-112
-110
-106
-100
-97
-92
-87
-79
-73
-67
-60
-54
-49
-46
-39
-33
-30
-27
-21
-15
-12
-16
-17
-13
-5
0
4
8
9
11
14
20
26
31
33
36
37
38
41
44
48
54
59
61
61
60
65
68
67
68
72
75
73
71
72
77
83
90
93
92
94
96
98
102
105
109
112
113
114
116
115
114
116
115
114
111
109
103
97
92
92
89
86
77
66
57
52
50
49
45
39
28
14
2
-6
-9
-12
-20
-29
-37
-47
-55
-63
-71
-77
-83
-88
-93
-97
-102
-106
-108
-114
-120
-121
-118
-115
-114
-114
-113
-111
-111
-110
-105
-100
-94
-91
-92
-90
-88
-84
-80
-77
-70
-64
-60
-56
-56
-52
-50
-47
-43
-37
-33
-30
-29
-26
-24
-24
-24
-24
-20
-14
-9
-6
-6
-6
-5
-3
-3
0
3
5
8
11
15
19
20
18
14
15
20
29
39
43
44
41
40
41
47
57
66
71
71
69
68
72
78
84
91
95
96
94
90
88
88
89
93
96
98
97
90
84
77
73
71
71
70
64
58
52
43
34
27
21
16
8
2
-5
-9
-15
-26
-36
-44
-50
-54
-58
-61
-63
-67
-72
-76
-78
-79
-81
-82
-83
-83
-83
-85
-86
-85
-84
-81
-81
-81
-82
-84
-84
-82
-80
-76
-73
-70
-69
-69
-69
-68
-64
-60
-57
-55
-54
-51
-48
-46
-43
-40
-35
-34
-30
-25
-21
-17
-16
-14
-11
-6
-2
0
4
6
7
9
11
16
20
22
22
24
28
33
35
39
41
45
47
50
57
59
61
60
60
61
62
64
65
69
70
67
63
59
59
59
58
55
52
52
50
46
42
40
37
32
30
27
26
23
18
14
15
15
16
16
15
12
11
9
9
10
13
16
17
16
15
13
12
13
16
19
23
25
28
30
31
28
25
27
32
35
35
32
31
29
27
25
23
24
24
24
24
24
24
22
20
16
13
12
11
11
11
9
7
4
0
-1
-1
-2
-6
-8
-11
-14
-16
-17
-18
-19
-23
-24
-25
-26
-32
-35
-36
-35
-35
-37
-37
-38
-40
-45
-49
-49
-47
-43
-44
-46
-48
-50
-51
-50
-50
-49
-50
-53
-54
-54
-55
-58
-57
-60
-62
-63
-65
-65
-63
-61
-60
-62
-62
-62
-59
-58
-58
-55
-50
-43
-39
-35
-31
-24
-18
-13
-10
-7
-1
4
12
19
25
32
37
37
40
42
44
48
52
54
56
56
53
52
50
50
49
47
45
45
42
41
39
37
35
33
32
28
28
30
32
33
32
34
35
37
38
39
42
44
47
49
50
53
54
57
59
60
61
63
63
64
65
68
68
67
65
63
62
60
58
56
55
53
50
44
37
32
24
18
12
6
0
-6
-13
-21
-29
-38
-47
-56
-64
-72
-80
-91
-101
-110
-118
-125
-131
-137
-144
-147
-149
-151
-154
-154
-153
-153
-151
-149
-145
-139
-134
-128
-123
-115
-108
-98
-88
-79
-70
-61
-50
-41
-32
-24
-18
-8
0
6
11
18
23
26
29
32
36
38
39
40
39
40
40
39
39
39
38
38
37
36
35
36
34
32
31
30
30
29
28
28
27
31
35
36
37
41
46
51
54
56
61
67
70
75
78
82
84
85
89
94
98
103
108
109
110
111
112
113
117
116
114
112
110
108
104
99
93
86
82
76
69
62
55
47
39
29
19
10
2
-8
-18
-29
-39
-46
-55
-63
-72
-80
-83
-85
-90
-97
-101
-106
-108
-110
-112
-112
-112
-112
-111
-107
-102
-97
-93
-90
-83
-75
-70
-64
-56
-49
-42
-37
-32
-27
-20
-14
-11
-7
-3
2
6
8
9
10
15
17
17
16
13
11
11
9
6
4
3
1
-5
-9
-11
-14
-15
-16
-19
-22
-25
-26
