-2
0
0
-1
-1
-1
-3
-2
-2
-2
-2
-3
-3
-3
-3
-4
-5
-3
-5
-5
-5
-4
-4
-4
-4
-5
-7
-6
-7
-7
-11
-13
-12
-12
-13
-12
-10
-8
-6
-3
-1
0
1
0
-2
-4
-3
-3
-3
-3
-3
-1
0
1
3
5
7
7
6
7
7
7
7
8
7
5
5
5
6
8
12
13
17
30
63
101
118
115
109
100
75
38
12
2
-1
-15
-37
-51
-47
-21
19
36
35
50
79
89
78
62
54
63
67
46
9
-22
-31
-26
-34
-56
-58
-40
-18
3
12
12
16
25
17
-3
-24
-35
-36
-41
-59
-70
-65
-59
-56
-53
-53
-44
-37
-48
-64
-70
-71
-69
-68
-72
-71
-60
-50
-50
-51
-56
-55
-48
-56
-75
-83
-76
-67
-65
-67
-62
-47
-39
-26
22
80
98
90
105
125
99
48
36
63
56
-7
-57
-57
-54
-73
-85
-79
-70
-51
-3
44
53
48
82
138
149
108
73
68
60
29
-12
-45
-70
-79
-67
-53
-56
-62
-43
-15
-9
-15
-7
13
20
14
20
36
49
47
42
45
50
54
44
29
16
9
5
-6
-18
-16
0
17
34
52
70
83
96
111
116
136
200
253
223
168
170
173
122
56
26
40
50
9
-43
-53
-43
-9
41
36
6
46
107
112
91
69
53
68
71
24
-37
-74
-91
-86
-95
-133
-139
-106
-77
-68
-73
-87
-102
-112
-140
-168
-174
-168
-173
-208
-242
-230
-207
-224
-250
-232
-188
-159
-179
-222
-221
-159
-53
96
258
342
339
329
328
275
140
29
48
80
-52
-261
-316
-235
-198
-229
-214
-130
-36
52
130
171
152
156
239
294
217
87
52
91
75
-19
-102
-124
-133
-146
-143
-141
-162
-183
-164
-136
-131
-124
-78
-12
13
14
53
102
96
44
22
35
43
19
-29
-68
-82
-74
-64
-68
-71
-40
26
78
93
106
145
181
204
219
233
225
198
174
142
106
74
46
7
-42
-69
-66
-55
-59
-56
-20
25
63
99
137
155
164
171
205
274
302
246
172
163
147
90
21
-15
13
33
-11
-78
-86
-51
19
76
54
33
89
161
167
137
101
98
139
126
45
-45
-80
-78
-86
-134
-199
-205
-185
-158
-141
-149
-166
-164
-138
-152
-186
-209
-192
-179
-229
-280
-291
-309
-370
-416
-408
-363
-307
-283
-270
-234
-158
-49
79
207
336
454
456
364
282
222
115
-20
-92
-121
-178
-288
-342
-298
-240
-193
-124
-31
31
94
165
216
221
201
226
261
232
149
101
99
74
21
-54
-112
-148
-166
-169
-173
-199
-228
-197
-139
-111
-95
-33
63
117
126
136
165
165
124
82
59
34
-3
-34
-55
-63
-54
-21
4
15
52
116
165
177
182
209
242
273
288
286
273
248
225
192
150
103
56
5
-50
-92
-108
-111
-98
-22
100
194
250
342
433
443
401
345
303
257
163
45
-23
-61
-99
-100
-128
-172
-129
-35
2
15
31
36
80
128
109
57
20
-5
-25
-55
-122
-153
-143
-140
-143
-168
-197
-211
-224
-277
-330
-363
-379
-373
-378
-396
-410
-405
-393
-402
-445
-491
-481
-452
-405
-307
-179
-50
97
293
442
468
415
416
457
352
123
-41
-74
-121
-264
-416
-470
-411
-332
-249
-174
-103
14
197
355
379
341
352
430
452
342
203
130
113
65
-29
-132
-204
-227
-235
-253
-298
-326
-289
-222
-177
-148
-62
55
138
175
199
229
237
208
146
84
36
6
-26
-92
-152
-160
-117
-91
-90
-68
-8
74
129
173
222
276
325
364
385
366
341
322
281
210
138
92
46
-13
-57
-21
80
152
162
174
226
267
263
242
243
274
278
225
148
97
97
127
113
53
43
84
99
69
36
35
62
100
99
46
-29
-65
-55
-70
-135
-193
-192
-163
-146
-151
-165
-168
-179
-207
-240
-283
-309
-306
-319
-369
-417
-440
-479
-563
-659
-692
-650
-615
-621
-592
-429
-116
218
397
437
524
642
614
413
224
177
159
33
-188
-375
-475
-460
-394
-423
-476
-388
-143
28
65
98
223
412
508
495
407
386
475
499
346
97
-11
-31
-80
-191
-286
-290
-302
-321
-370
-403
-358
-208
-45
-15
24
152
292
303
220
178
182
194
124
-7
-125
-140
-70
-48
-113
-168
-97
24
81
52
22
50
121
196
227
279
368
454
481
446
408
368
320
227
136
108
128
129
83
59
86
152
174
163
202
274
330
340
300
212
169
181
158
96
42
56
92
95
55
47
100
142
128
58
-3
-50
-96
-157
-234
-272
-247
-175
-135
-124
-115
-105
-86
-104
-165
-242
-302
-362
-424
-512
-631
-714
-744
-753
-797
-859
-880
-824
-699
-457
-44
322
454
478
601
733
667
497
441
491
356
11
-305
-490
-598
-682
-728
-783
-760
-546
-274
-129
-89
53
306
505
539
436
346
384
486
476
334
204
187
232
199
64
-90
-216
-310
-408
-529
-642
-651
-539
-405
-293
-150
68
283
385
412
480
569
555
393
186
45
-47
-148
-268
-341
-322
-215
-80
0
14
42
155
296
352
312
290
342
398
409
414
452
488
474
403
304
205
143
104
16
-89
-121
-83
-60
-54
-16
81
241
387
435
385
331
352
372
293
145
55
35
49
58
34
16
50
129
172
135
47
-33
-106
-176
-227
-267
-275
-228
-147
-84
-32
31
80
57
-42
-135
-207
-317
-490
-666
-778
-837
-866
-868
-830
-801
-806
-795
-673
-351
97
430
495
498
624
717
586
360
370
520
498
181
-191
-416
-506
-504
-631
-814
-879
-656
-380
-333
-337
-212
149
433
541
449
332
444
612
648
382
175
194
301
255
4
-167
-253
-248
-348
-549
-715
-710
-529
-418
-369
-300
-57
223
365
421
489
641
697
605
396
229
170
91
-41
-224
-277
-203
-89
-47
-84
-65
26
165
207
175
160
233
340
356
345
363
452
528
559
529
456
409
361
287
137
-1
-64
-83
-146
-239
-227
-125
7
65
76
88
141
215
210
176
134
153
198
214
187
149
202
280
310
225
101
-10
-95
-165
-263
-355
-427
-419
-381
-348
-338
-301
-207
-147
-152
-193
-199
-239
-347
-483
-572
-602
-640
-700
-792
-875
-954
-895
-562
-74
222
208
256
516
693
483
261
414
696
667
309
7
-189
-207
-201
-361
-700
-860
-598
-448
-561
-766
-629
-270
12
114
3
32
276
701
802
567
440
582
786
646
354
63
-49
-107
-290
-584
-861
-853
-697
-585
-605
-510
-212
77
209
218
352
578
719
639
479
442
484
491
354
204
160
247
323
234
57
-66
-7
63
20
-104
-141
-25
109
187
200
283
427
601
727
777
777
736
683
543
365
194
102
43
-47
-160
-254
-249
-235
-220
-247
-222
-141
-65
-41
-87
-60
-2
99
160
181
187
224
303
306
265
167
79
-17
-96
-174
-254
-333
-419
-477
-555
-599
-604
-563
-556
-588
-597
-546
-481
-505
-543
-529
-469
-454
-506
-599
-619
-387
57
386
386
287
360
480
366
127
102
277
363
217
-13
-208
-246
-152
-139
-304
-457
-330
-139
-142
-311
-376
-241
-65
9
-130
-281
-213
91
289
219
130
248
513
636
543
350
246
245
189
-46
-340
-448
-392
-389
-523
-605
-476
-247
-121
-140
-110
104
374
484
400
326
403
543
565
459
394
474
626
663
528
356
316
381
390
262
115
82
110
112
95
125
178
240
326
403
439
466
513
499
398
304
313
332
295
239
173
112
47
33
-21
-116
-169
-163
-165
-250
-320
-358
-339
-313
-272
-234
-209
-154
-70
46
124
146
105
80
77
65
10
-80
-187
-326
-430
-496
-542
-623
-714
-770
-826
-899
-953
-927
-869
-832
-811
-744
-603
-366
-93
80
129
142
225
275
242
204
277
409
453
370
231
120
97
136
114
-12
-142
-156
-148
-185
-266
-308
-284
-231
-220
-337
-437
-396
-243
-180
-213
-180
-42
121
198
229
232
247
266
229
115
6
1
45
20
-88
-158
-132
-60
-13
-10
-7
22
76
121
123
74
17
13
45
72
98
180
324
452
530
575
612
645
684
685
615
518
470
460
438
431
459
491
482
456
421
358
295
253
204
102
29
37
89
138
170
200
216
234
228
166
92
68
63
7
-85
-141
-147
-112
-52
-9
-12
-15
24
60
47
24
36
53
33
-26
-62
-52
-29
-62
-151
-233
-272
-299
-385
-530
-676
-773
-824
-852
-867
-867
-822
-729
-654
-612
-531
-376
-266
-312
-429
-515
-569
-651
-692
-633
-544
-430
-303
-200
-212
-248
-155
-20
63
41
-9
-87
-159
-91
32
121
154
244
326
310
332
434
510
420
307
304
335
321
248
193
142
108
106
114
96
61
75
115
98
40
20
52
69
66
88
143
164
124
65
26
11
-28
-100
-183
-209
-152
-63
4
13
18
75
187
275
285
270
277
298
314
344
438
558
643
687
685
683
674
681
681
631
590
586
618
616
611
656
678
678
676
671
603
483
401
314
199
81
7
-45
-107
-148
-177
-188
-176
-175
-203
-253
-267
-262
-303
-379
-458
-492
-492
-484
-482
-500
-487
-459
-472
-568
-697
-809
-913
-1007
-1065
-1081
-1100
-1087
-990
-780
-532
-367
-321
-394
-435
-446
-471
-504
-525
-444
-352
-263
-180
-137
-49
74
238
345
352
320
196
98
56
83
109
69
39
7
53
167
315
388
353
334
346
364
315
213
89
-26
-61
-81
-106
-113
-99
-61
-64
-87
-115
-135
-153
-181
-213
-209
-136
-67
-31
-1
61
121
132
109
64
21
-2
16
36
23
16
47
125
214
295
375
422
447
450
472
526
572
623
641
670
726
782
843
870
876
860
821
800
758
714
671
641
644
612
574
505
462
433
379
290
152
43
-61
-144
-226
-291
-310
-317
-299
-285
-264
-248
-260
-291
-345
-415
-492
-555
-608
-666
-704
-684
-622
-576
-578
-593
-586
-595
-652
-746
-853
-919
-946
-892
-773
-679
-629
-618
-547
-456
-405
-354
-294
-207
-157
-154
-159
-213
-225
-146
-8
127
185
258
258
215
225
281
323
248
185
120
30
-16
31
126
118
102
139
186
191
151
123
54
-44
-142
-203
-208
-190
-165
-156
-150
-143
-134
-118
-121
-163
-214
-227
-228
-263
-316
-316
-258
-197
-150
-100
-27
52
140
240
310
330
328
349
396
442
512
570
612
635
664
744
804
835
823
803
839
878
900
884
858
842
812
819
838
840
803
736
701
651
598
533
487
463
433
386
293
183
65
-34
-107
-177
-265
-358
-433
-487
-537
-581
-619
-659
-688
-691
-669
-663
-681
-712
-745
-768
-768
-759
-753
-749
-723
-716
-730
-731
-679
-535
-446
-431
-517
-607
-596
-608
-592
-542
-402
-227
-169
-104
-83
-59
6
88
213
223
226
202
120
79
104
237
287
270
234
183
181
207
263
216
106
45
29
29
-11
-46
-101
-153
-156
-159
-161
-179
-190
-236
-332
-419
-475
-492
-522
-554
-556
-505
-426
-362
-298
-241
-179
-136
-95
-74
-67
-33
14
71
88
89
127
204
331
442
546
609
631
665
691
756
814
863
928
980
1050
1105
1144
1161
1137
1133
1124
1097
1055
992
918
802
702
634
599
568
517
454
357
270
190
122
44
-41
-97
-142
-193
-263
-317
-348
-380
-433
-508
-577
-642
-707
-753
-798
-862
-948
-1004
-1000
-996
-993
-1021
-1019
-969
-865
-670
-551
-508
-553
-595
-557
-549
-491
-402
-270
-127
-87
-26
-5
16
72
106
204
224
216
154
59
93
181
336
381
354
326
259
255
259
269
179
39
-37
-82
-105
-146
-178
-209
-260
-300
-346
-370
-357
-327
-324
-385
-471
-515
-499
-462
-445
-453
-436
-422
-421
-426
-425
-403
-417
-430
-433
-427
-369
-294
-181
-110
-32
99
220
370
464
561
614
609
651
667
740
831
937
1036
1041
1069
1083
1114
1170
1179
1179
1082
999
932
868
846
814
805
739
699
682
669
663
614
574
479
383
293
195
92
-20
-89
-164
-252
-340
-403
-436
-473
-519
-579
-644
-714
-758
-789
-819
-874
-939
-935
-878
-738
-634
-611
-651
-735
-718
-713
-689
-618
-527
-382
-329
-257
-189
-157
-68
24
207
329
365
351
265
271
313
408
444
390
320
182
119
113
167
159
63
14
-12
2
1
-11
-55
-141
-175
-210
-239
-264
-268
-268
-367
-469
-546
-575
-605
-678
-729
-757
-723
-679
-647
-638
-644
-620
-576
-483
-399
-339
-296
-229
-143
-87
-39
9
57
87
115
162
225
311
412
509
595
671
758
830
871
890
910
928
930
894
849
840
868
902
883
835
788
751
731
686
634
559
483
426
363
306
264
245
209
133
49
-9
-24
-46
-90
-160
-251
-317
-362
-396
-439
-495
-537
-577
-616
-586
-442
-297
-275
-380
-489
-497
-501
-468
-365
-229
-107
-89
-53
-28
-27
39
120
216
223
187
172
130
146
174
231
274
278
271
186
123
107
141
154
83
25
-24
-37
-29
-24
-45
-118
-186
-260
-312
-346
-381
-412
-505
-622
-738
-775
-741
-725
-730
-760
-751
-731
-687
-630
-619
-636
-673
-638
-572
-521
-469
-401
-297
-243
-213
-155
-72
4
22
54
96
144
219
317
440
526
614
699
755
790
801
826
818
776
705
631
614
641
670
645
588
541
506
489
478
449
379
285
194
119
55
20
15
0
-32
-74
-82
-67
-47
-40
-89
-158
-253
-327
-394
-464
-483
-484
-382
-258
-181
-150
-188
-146
-134
-140
-72
31
215
275
256
231
206
323
447
595
692
690
691
601
559
545
561
627
610
574
440
312
300
336
387
298
172
86
30
8
-72
-155
-257
-353
-428
-535
-583
-585
-562
-596
-721
-832
-895
-874
-837
-845
-866
-882
-864
-840
-815
-776
-754
-748
-740
-717
-685
-637
-559
-459
-409
-411
-389
-299
-171
-78
-15
41
96
168
264
388
488
544
577
598
621
632
654
681
662
594
509
480
495
512
496
438
370
309
283
276
255
211
131
46
-32
-103
-157
-194
-230
-287
-337
-360
-358
-347
-357
-385
-434
-481
-516
-547
-574
-529
-382
-240
-178
-194
-192
-148
-121
-59
61
234
395
454
476
464
486
589
723
872
941
964
954
911
896
900
941
981
981
933
794
669
645
706
746
685
596
505
429
389
338
243
96
-36
-144
-261
-333
-335
-319
-371
-498
-635
-735
-771
-773
-792
-861
-952
-984
-963
-922
-893
-885
-869
-844
-789
-715
-637
-542
-453
-404
-427
-442
-362
-239
-128
-77
-53
2
79
194
269
307
325
334
354
318
278
263
295
351
352
345
325
302
252
148
66
6
-23
-74
-164
-243
-306
-315
-316
-341
-397
-477
-524
-572
-628
-700
-769
-802
-838
-884
-952
-990
-857
-549
-220
-95
-159
-219
-182
-121
-106
10
269
557
685
585
445
443
653
909
1023
1004
925
939
969
925
851
768
817
901
865
657
412
435
604
651
474
270
314
451
514
390
181
116
156
204
89
-94
-99
33
124
-5
-198
-229
-137
-44
-120
-250
-274
-178
-55
-94
-194
-226
-130
23
88
88
76
138
221
180
58
31
218
461
547
450
316
252
233
204
138
77
73
91
54
-59
-128
-102
-93
-210
-444
-629
-679
-632
-620
-694
-759
-755
-694
-701
-786
-854
-894
-931
-1018
-1103
-1141
-1108
-1056
-1073
-1161
-1225
-1233
-1297
-1235
-853
-204
233
201
-29
-99
-58
-154
-53
459
1201
1586
1300
739
360
430
719
864
754
550
571
718
727
572
267
111
143
67
-217
-547
-390
115
386
187
-171
-137
115
224
34
-204
-103
229
490
448
251
238
414
419
123
-200
-204
24
128
3
-156
-90
93
106
-125
-375
-360
-125
65
136
260
553
874
932
709
445
407
636
890
1047
1115
1204
1250
1081
767
516
530
672
705
587
416
334
278
127
-115
-338
-392
-305
-238
-285
-391
-433
-436
-510
-627
-701
-639
-561
-581
-682
-738
-692
-657
-713
-827
-913
-920
-926
-965
-1111
-1380
-1362
-874
-180
28
-371
-770
-750
-547
-613
-355
565
1568
1581
380
-812
-1000
-239
520
800
737
584
453
201
-189
-437
-388
-70
261
273
23
-218
-186
-89
-294
-637
-608
-86
384
378
103
6
168
264
142
2
61
247
384
268
33
-76
-53
-53
-224
-365
-272
-43
32
-163
-381
-371
-235
-135
-118
-8
240
406
418
279
242
354
533
744
849
916
866
741
575
479
544
683
765
676
481
309
214
132
73
71
138
175
83
-76
-179
-199
-168
-151
-104
-66
-81
-174
-262
-256
-161
-76
-77
-229
-412
-573
-653
-671
-783
-542
87
754
622
-255
-812
-556
50
30
230
1195
2114
1635
-255
-1526
-1076
384
1244
1234
835
351
-222
-830
-1045
-669
-4
380
319
-124
-716
-1095
-1140
-846
-499
-268
-6
139
-34
-541
-921
-767
-263
150
270
218
88
-221
-522
-620
-411
-28
187
96
-205
-486
-541
-469
-419
-364
-222
17
62
-44
-109
35
307
448
502
510
547
530
512
603
754
897
817
579
357
374
516
588
469
205
7
-93
-125
-195
-281
-351
-397
-484
-648
-713
-622
-497
-486
-569
-588
-544
-523
-536
-538
-500
-493
-507
-524
-487
-461
-403
-537
-590
-82
693
1154
522
-287
-453
183
655
731
1435
2332
2452
929
-768
-834
761
2260
2495
1900
1092
407
-233
-376
106
896
1268
990
407
-313
-897
-1067
-712
-8
386
367
109
-304
-706
-1020
-870
-302
247
371
6
-511
-915
-1046
-864
-525
-193
-30
-184
-606
-1093
-1335
-1139
-744
-377
-190
-182
-351
-571
-662
-443
13
461
683
605
420
265
332
548
816
1035
1007
787
528
477
619
748
754
658
558
378
95
-173
-249
-171
-108
-214
-442
-634
-762
-831
-901
-931
-824
-717
-721
-907
-1055
-1077
-1030
-1049
-1110
-1171
-1238
-1369
-1458
-914
-86
456
-35
-926
-1113
-551
86
162
683
1634
1993
948
-612
-841
408
1758
2097
1754
1182
606
67
19
626
1322
1566
1249
807
373
-134
-363
-84
649
1191
1099
726
295
-44
-262
-166
436
1132
1303
816
41
-424
-465
-213
176
435
446
74
-503
-896
-957
-656
-358
-309
-446
-635
-765
-810
-761
-467
-40
256
296
81
-106
-160
85
547
921
1022
794
475
271
250
420
652
761
699
507
315
92
-188
-280
-146
40
-50
-445
-774
-866
-798
-736
-659
-473
-410
-619
-960
-1182
-1053
-813
-654
-684
-901
-1115
-1443
-1330
-652
169
333
-491
-1136
-1037
-385
-114
151
970
1547
957
-704
-1501
-639
934
1667
1461
872
148
-512
-781
-181
727
1219
932
342
-74
-451
-707
-579
63
760
830
421
-53
-329
-393
-276
194
780
990
639
14
-345
-268
91
538
792
749
407
-96
-468
-551
-266
148
344
187
-182
-440
-489
-401
-197
186
566
647
384
50
18
275
607
919
1115
1091
776
460
434
749
1059
1065
872
682
553
359
121
-7
102
281
194
-190
-642
-856
-827
-790
-779
-686
-536
-606
-944
-1281
-1282
-1007
-808
-864
-991
-1126
-1039
-569
-72
102
-374
-814
-701
-167
153
193
703
1219
1009
-165
-1025
-506
733
1385
1171
689
170
-409
-785
-386
453
919
677
176
-161
-509
-918
-837
-144
638
672
65
-458
-729
-724
-543
-23
720
992
511
-340
-809
-586
-94
344
582
545
190
-460
-919
-826
-304
233
363
122
-266
-599
-762
-720
-454
50
501
593
255
-269
-464
-213
322
849
1141
1106
731
301
128
369
879
1217
1177
864
503
272
134
114
233
394
434
230
-132
-497
-722
-719
-566
-417
-403
-518
-712
-907
-1082
-1076
-888
-659
-678
-845
-625
-94
294
-52
-585
-509
112
536
465
677
1245
1427
625
-351
-281
749
1582
1554
1137
666
188
-277
-218
435
988
904
335
-128
-338
-505
-548
-275
182
356
22
-401
-627
-612
-472
-253
75
325
286
-24
-362
-454
-246
45
261
296
148
-130
-477
-664
-525
-185
68
-13
-304
-537
-661
-642
-550
-299
12
97
-59
-312
-361
-181
8
193
360
471
450
280
188
310
548
724
742
679
543
333
196
199
341
408
222
-58
-270
-334
-406
-574
-674
-691
-693
-821
-1009
-1124
-1122
-1083
-1097
-1157
-1218
-987
-513
-147
-297
-806
-955
-581
16
302
514
916
1097
736
59
-70
529
1234
1482
1349
1045
588
125
73
586
1063
1015
658
415
290
-48
-352
-179
331
640
396
-18
-246
-338
-374
-232
201
621
621
252
-97
-191
-28
241
522
715
650
320
-62
-222
-44
283
512
517
281
-31
-355
-479
-288
10
197
76
-163
-327
-419
-385
-194
147
399
310
42
-122
-74
55
139
268
426
471
297
39
-22
131
264
274
138
-54
-236
-354
-352
-369
-447
-567
-672
-822
-1036
-1162
-1125
-1043
-1115
-1254
-1376
-1399
-1279
-945
-519
-441
-657
-903
-774
-402
-45
359
751
923
535
-51
-230
237
941
1348
1311
909
385
22
93
483
792
816
555
316
101
-333
-586
-377
-85
-22
-20
-120
-362
-578
-745
-666
-179
199
115
7
-62
-243
-305
-74
306
598
666
410
146
144
241
373
635
828
737
543
308
178
286
507
630
580
483
328
208
166
200
385
602
713
600
376
234
244
407
634
768
678
439
186
106
204
311
374
351
234
-12
-289
-405
-373
-313
-354
-514
-715
-878
-992
-1062
-1053
-1041
-1060
-1150
-1228
-1261
-1147
-910
-746
-648
-761
-806
-668
-389
-47
173
399
522
475
269
169
395
813
1111
1133
928
568
324
323
576
830
824
672
439
159
-134
-380
-318
-113
-26
-109
-380
-642
-872
-989
-884
-667
-425
-342
-513
-768
-938
-857
-566
-267
-98
-105
-249
-441
-555
-392
-16
266
305
89
-68
-23
69
173
227
335
436
393
292
206
250
305
335
420
546
631
566
432
420
547
669
706
679
663
631
575
571
584
579
527
472
465
369
199
60
30
14
-88
-188
-213
-250
-381
-585
-728
-757
-797
-810
-816
-791
-767
-746
-582
-468
-450
-557
-587
-433
-221
36
281
530
534
328
122
180
502
827
1005
974
827
609
481
527
673
808
819
705
555
372
213
92
95
191
262
215
1
-249
-450
-508
-432
-288
-175
-212
-395
-603
-694
-616
-475
-389
-386
-414
-429
-434
-483
-560
-605
-582
-499
-376
-251
-214
-307
-483
-547
-393
-124
47
15
-121
-197
-138
-41
32
118
196
242
211
176
200
287
375
410
430
416
349
251
167
130
146
230
297
226
37
-142
-179
-97
-30
-29
-54
-122
-242
-368
-387
-315
-254
-251
-322
-377
-396
-456
-471
-408
-274
-121
-125
-168
-241
-270
-251
-201
61
335
550
561
372
239
171
272
494
723
886
858
687
515
420
429
487
573
686
710
614
443
279
213
153
154
296
410
379
165
-17
-4
50
59
25
22
28
-47
-98
-82
-74
-141
-285
-349
-293
-213
-190
-267
-355
-420
-450
-431
-390
-362
-335
-318
-334
-363
-396
-332
-236
-210
-258
-295
-206
-122
-123
-180
-204
-124
-79
-100
-110
-95
-50
-36
-59
-68
-91
-91
-68
-27
3
-42
-79
-79
-73
-79
-101
-122
-126
-85
-54
-51
-76
-106
-157
-165
-80
-3
59
80
60
21
-13
0
38
61
70
75
109
141
120
73
74
115
161
169
156
143
112
90
80
107
119
95
73
53
38
5
-19
33
125
141
30
-81
-47
83
183
184
154
149
116
93
150
289
378
316
192
117
131
171
199
248
270
207
94
29
55
108
128
109
118
132
84
5
-44
-21
34
64
90
98
51
-37
-92
-68
-4
33
14
-32
-78
-124
-168
-186
-134
-74
-87
-160
-226
-247
-255
-254
-233
-173
-100
-97
-162
-248
-253
-188
-135
-129
-149
-135
-124
-149
-153
-90
2
11
-52
-53
38
128
122
59
30
59
96
99
101
132
151
116
47
35
96
134
77
-21
-36
28
67
10
-77
-93
-83
-102
-123
-71
15
-4
-92
-117
-39
30
12
-29
-29
-9
-11
0
50
84
59
17
1
28
55
39
-17
-53
-27
20
7
-59
-105
-70
3
26
18
21
14
-49
-128
-111
3
80
35
-80
-119
-70
-12
0
-9
-4
-3
-19
-47
-47
-29
-6
16
51
66
43
7
-20
-4
30
52
72
75
50
7
-18
21
87
116
92
32
-10
-9
49
139
174
125
63
65
112
143
159
166
154
118
72
90
145
159
132
118
145
166
120
55
24
24
26
23
40
49
2
-82
-131
-106
-54
-50
-74
-77
-57
-56
-95
-102
-61
-20
-30
-61
-49
-11
-17
-51
-54
-19
-11
-44
-72
-61
-49
-90
-148
-156
-119
-115
-165
-205
-195
-168
-169
-184
-183
-169
-158
-167
-195
-218
-239
-237
-204
-180
-177
-178
-158
-146
-172
-206
-183
-102
-22
0
-32
-67
-90
-93
-87
-52
26
99
114
41
-33
-19
66
135
137
123
146
165
150
123
123
163
182
182
212
251
253
189
136
184
259
299
285
262
244
178
118
133
219
270
213
138
107
102
79
50
74
124
127
78
17
9
49
80
80
61
51
44
47
80
136
176
140
54
13
59
146
193
172
123
78
60
71
102
123
102
55
9
-23
-39
-36
-27
-24
-40
-69
-92
-120
-157
-210
-242
-205
-140
-132
-211
-319
-381
-395
-378
-335
-291
-293
-352
-407
-412
-390
-395
-417
-393
-313
-266
-316
-385
-380
-316
-272
-255
-222
-175
-167
-208
-215
-139
-48
-6
-8
3
44
55
42
51
108
193
220
204
195
216
239
228
230
270
306
299
260
251
268
271
265
246
234
224
213
215
212
208
210
213
185
127
98
127
162
165
143
136
138
122
107
120
158
166
116
77
102
151
162
121
70
47
41
44
69
107
116
83
35
20
38
48
33
7
0
24
48
31
-10
-31
-29
-31
-38
-40
-19
-9
-45
-97
-126
-123
-115
-127
-136
-122
-118
-154
-210
-233
-204
-185
-220
-266
-260
-214
-200
-231
-254
-236
-208
-202
-195
-172
-153
-157
-169
-158
-133
-122
-114
-91
-52
-17
-11
-9
5
18
17
19
45
75
75
52
29
14
12
30
68
91
66
13
-27
-23
-1
17
40
59
56
19
-15
-4
27
46
50
52
64
68
59
49
50
58
59
59
63
76
91
101
95
75
57
53
55
55
48
30
14
2
9
32
45
44
16
-20
-25
11
54
54
16
-9
-5
-3
-23
-34
-1
39
43
15
3
23
43
33
9
-3
12
33
35
17
-12
-24
-16
7
21
17
1
-22
-33
-30
-5
30
54
54
47
49
57
62
64
89
129
158
155
134
123
118
115
120
147
171
160
120
92
85
78
52
28
35
51
39
-2
-46
-68
-70
-61
-42
-26
-31
-60
-105
-132
-121
-85
-48
-50
-84
-114
-104
-68
-56
-85
-116
-111
-84
-80
-101
-105
-94
-104
-133
-137
-103
-91
-125
-159
-151
-115
-111
-140
-165
-170
-169
-167
-161
-154
-156
-156
-150
-137
-135
-147
-168
-188
-189
-164
-122
-95
-111
-163
-190
-162
-106
-71
-73
-80
-89
-114
-126
-90
-22
6
-17
-32
-14
10
17
24
60
100
118
125
139
153
148
146
187
256
305
322
329
345
351
342
345
369
401
405
385
362
340
317
293
300
324
336
316
270
213
170
166
204
235
210
143
84
65
63
64
81
103
99
63
31
32
36
16
-18
-29
-8
6
-8
-46
-77
-95
-107
-104
-97
-98
-119
-143
-157
-162
-165
-168
-185
-208
-215
-203
-189
-197
-227
-250
-250
-239
-237
-238
-234
-227
-229
-243
-251
-247
-231
-231
-253
-263
-262
-257
-259
-256
-246
-240
-244
-249
-242
-228
-211
-205
-203
-189
-167
-145
-128
-119
-120
-111
-82
-35
-1
16
36
59
70
71
100
160
203
200
183
208
252
265
248
245
265
269
249
230
239
241
217
195
204
215
192
147
128
140
151
149
141
134
118
91
79
84
92
90
89
102
122
123
101
92
107
139
158
157
138
116
108
118
135
137
125
111
102
93
85
94
113
104
59
22
27
48
55
33
11
2
-8
-23
-34
-36
-37
-46
-59
-65
-67
-79
-110
-155
-175
-164
-152
-167
-203
-238
-265
-273
-262
-250
-252
-270
-290
-299
-296
-284
-271
-262
-260
-254
-234
-206
-190
-188
-175
-146
-123
-116
-105
-73
-29
-4
1
6
26
48
71
113
157
170
141
108
110
128
142
146
150
154
151
133
104
76
75
106
142
144
99
54
44
52
50
38
40
47
33
3
-11
-1
13
8
-9
-16
-14
-17
-28
-33
-21
-5
-4
-9
-8
-8
-8
-7
5
17
14
-5
-24
-27
-17
-5
14
26
19
-3
-8
16
45
57
51
50
68
77
57
36
45
75
90
86
79
73
53
27
24
52
75
64
28
5
6
11
14
14
10
3
-9
-16
-6
11
26
31
22
2
-20
-16
17
47
49
35
28
22
6
4
29
59
57
22
-3
-2
-4
-29
-43
-21
7
0
-32
-55
-56
-51
-49
-37
-24
-24
-46
-70
-75
-61
-42
-34
-41
-48
-54
-62
-71
-77
-79
-76
-69
-60
-59
-71
-86
-95
-95
-83
-68
-59
-63
-74
-74
-64
-65
-80
-85
-69
-50
-48
-56
-58
-60
-62
-58
-47
-39
-40
-40
-30
-14
-7
-17
-34
-39
-24
-3
14
15
3
-18
-36
-37
-23
-5
3
-7
-27
-46
-48
-37
-18
-5
-3
-2
0
-1
6
33
69
93
97
88
87
107
135
158
172
181
183
176
167
173
191
203
205
200
199
197
181
161
158
176
194
189
165
144
137
136
136
139
147
153
140
110
86
77
82
86
85
73
49
22
-4
-21
-24
-27
-39
-53
-67
-84
-106
-123
-130
-134
-138
-144
-144
-142
-150
-165
-175
-177
-173
-168
-158
-152
-155
-160
-158
-150
-145
-142
-138
-125
-114
-111
-105
-96
-95
-104
-110
-98
-75
-61
-59
-64
-72
-83
-91
-85
-64
-48
-57
-82
-99
-102
-101
-95
-88
-74
-72
-83
-95
-98
-87
-71
-56
-43
-34
-28
-25
-18
-2
21
42
55
60
60
62
67
78
94
111
118
108
90
84
99
124
137
138
132
129
125
117
123
149
178
188
183
173
164
157
159
180
213
227
208
174
148
138
136
138
150
156
143
104
66
48
49
53
53
48
39
20
-6
-25
-36
-35
-26
-16
-24
-56
-87
-92
-75
-64
-79
-98
-106
-107
-113
-115
-104
-99
-108
-121
-122
-109
-100
-95
-92
-92
-101
-114
-115
-103
-87
-87
-101
-117
-122
-119
-123
-129
-129
-122
-120
-126
-127
-121
-116
-119
-119
-103
-83
-74
-79
-77
-64
-44
-31
-21
-15
-17
-23
-24
-10
8
18
14
2
-7
-10
-4
6
15
13
7
7
14
18
10
7
20
41
54
46
32
30
44
66
77
77
74
74
75
76
83
97
103
98
92
94
98
88
77
75
83
89
87
80
67
54
43
45
56
67
68
60
43
31
30
40
48
49
40
31
34
45
47
34
24
29
39
41
38
35
32
27
19
21
30
36
29
16
8
7
8
6
2
1
5
2
-11
-23
-21
-9
-5
-14
-17
-14
-14
-26
-38
-30
-13
-7
-17
-24
-20
-17
-16
-12
-4
-1
-10
-22
-28
-26
-15
-11
-13
-22
-35
-42
-44
-36
-31
-31
-34
-38
-42
-47
-56
-63
-61
-47
-35
-33
-40
-48
-54
-55
-47
-30
-19
-25
-39
-49
-43
-33
-29
-30
-33
-38
-45
-46
-32
-18
-23
-39
-51
-52
-49
-43
-32
-23
-28
-42
-46
-36
-29
-27
-18
3
12
-5
-23
-16
10
21
20
25
36
35
21
19
37
50
46
38
43
52
45
31
33
51
61
54
52
58
61
57
57
68
81
82
78
77
80
81
85
88
87
81
78
82
86
83
72
70
78
80
70
56
52
60
67
58
48
45
46
40
26
23
32
39
26
5
-9
-7
1
-4
-16
-26
-31
-41
-51
-50
-45
-49
-63
-79
-86
-80
-77
-87
-97
-98
-95
-105
-121
-126
-109
-96
-105
-128
-139
-132
-124
-126
-125
-113
-106
-118
-136
-135
-122
-112
-109
-101
-88
-86
-96
-105
-101
-85
-71
-61
-52
-43
-41
-49
-56
-52
-34
-14
-3
-5
-16
-25
-22
-9
7
18
19
19
17
15
23
42
58
63
59
56
63
77
90
96
97
99
101
104
113
124
129
123
118
121
129
128
124
129
138
135
126
121
128
133
126
119
125
135
134
123
111
109
108
107
112
114
108
91
74
67
72
76
72
58
38
24
16
14
14
13
2
-17
-34
-39
-35
-32
-36
-45
-56
-66
-74
-80
-78
-75
-79
-89
-96
-100
-102
-103
-107
-105
-98
-94
-99
-108
-115
-119
-115
-107
-99
-94
-93
-98
-108
-114
-109
-95
-81
-77
-82
-89
-93
-98
-96
-81
-60
-51
-60
-72
-72
-57
-45
-34
-24
-17
-22
-35
-35
-16
6
13
10
9
17
21
17
17
31
44
47
45
47
49
49
47
54
70
81
78
63
55
62
76
84
87
86
79
71
67
66
74
82
85
82
74
66
56
50
49
53
56
54
50
41
33
28
23
21
21
22
22
17
11
5
-2
-5
-2
6
10
6
-3
-8
-6
0
7
6
2
-1
-1
2
5
6
4
-1
-3
-3
5
6
-3
-16
-22
-18
-14
-13
-18
-26
-33
-37
-41
-44
-42
-39
-37
-43
-54
-54
-49
-47
-52
-53
-40
-30
-33
-44
-47
-41
-36
-33
-24
-14
-17
-33
-44
-37
-20
-10
-8
-6
-4
-12
-21
-16
0
14
18
17
15
11
8
9
20
32
41
41
37
28
20
18
23
31
38
38
28
12
-1
-6
-1
2
-1
-8
-15
-26
-42
-53
-52
-42
-36
-39
-49
-58
-66
-70
-64
-51
-42
-44
-53
-55
-53
-48
-42
-33
-25
-19
-14
-8
1
6
9
11
18
31
42
47
47
44
42
45
54
62
67
64
62
63
66
65
65
64
63
61
60
63
63
57
47
42
47
54
58
54
47
39
34
35
42
51
59
54
40
31
33
40
42
41
41
44
43
35
27
21
21
26
32
36
38
27
13
8
13
22
27
24
17
11
5
-1
-3
-3
-1
-5
-10
-17
-24
-36
-42
-41
-35
-37
-52
-69
-81
-85
-87
-87
-87
-92
-106
-120
-125
-123
-120
-124
-130
-128
-127
-129
-128
-125
-122
-122
-119
-114
-105
-98
-96
-98
-95
-85
-75
-65
-56
-53
-53
-49
-41
-33
-26
-23
-17
-12
-8
-6
-4
2
8
10
7
4
7
15
21
23
20
15
18
28
36
44
41
36
36
42
48
53
56
61
65
64
68
72
73
71
72
79
88
90
86
85
89
87
92
102
101
105
104
94
99
103
105
108
116
153
154
117
113
111
84
65
79
93
129
158
116
76
45
13
18
48
59
56
53
30
18
-12
-43
-35
-34
-16
-11
-36
-54
-77
-82
-86
-89
-100
-95
-44
-45
-73
-100
-104
-115
-129
-108
-106
-75
-60
-47
-82
-142
-120
-132
-120
-98
-87
-69
-44
-30
-83
-85
-100
-106
-41
-13
-9
2
-3
-20
-15
-16
-51
-33
-3
32
63
45
28
-13
-29
-13
-10
12
42
56
35
15
4
-4
1
12
5
32
58
37
28
7
1
9
16
7
1
3
0
8
-9
-11
1
-5
5
11
-5
-3
10
19
28
36
27
33
35
23
35
34
22
38
42
30
48
55
30
27
34
27
30
30
38
49
59
66
54
52
48
41
44
30
30
41
58
73
66
30
-11
-26
-32
-20
-12
2
17
8
-4
-30
-67
-74
-49
-30
-18
6
0
-20
-17
-50
-82
-49
-41
-39
13
5
-23
-24
-50
-88
-71
-49
-53
-13
-6
-26
-27
-47
-63
-45
