-1
1
1
0
1
5
7
9
10
11
9
9
8
7
5
5
5
6
4
4
1
-3
-3
0
2
2
6
5
4
3
0
0
0
0
1
1
0
-1
-2
-3
-7
-7
-5
-5
-5
-5
-5
-6
-3
3
7
7
5
1
-7
-16
-21
-22
-19
-16
-18
-20
-23
-29
-38
-46
-51
-50
-54
-61
-59
-51
-49
-52
-54
-66
-83
-90
-89
-87
-77
-66
-38
30
124
183
181
163
166
147
74
18
36
58
13
-61
-92
-95
-105
-111
-97
-87
-80
-38
23
58
70
104
154
169
145
125
113
77
23
-2
-10
-38
-70
-76
-71
-80
-80
-65
-68
-93
-96
-70
-48
-40
-19
7
20
28
49
63
56
43
44
35
0
-26
-24
-23
-35
-41
-17
31
73
94
104
121
138
142
140
145
154
158
145
117
98
99
97
82
60
44
36
23
1
-14
-11
-3
3
13
27
39
48
49
44
43
36
12
-13
-32
-47
-55
-60
-70
-82
-84
-81
-81
-83
-86
-104
-126
-144
-159
-173
-181
-182
-186
-194
-216
-264
-307
-319
-319
-319
-319
-288
-183
-1
193
340
421
438
415
342
231
156
164
165
56
-103
-212
-249
-255
-278
-293
-270
-213
-126
-17
76
141
216
301
353
349
312
262
190
110
49
10
-31
-90
-134
-152
-155
-160
-164
-165
-175
-174
-144
-85
-35
2
42
79
104
117
126
119
92
65
34
0
-43
-82
-102
-125
-139
-123
-79
-34
-4
33
74
106
129
162
199
213
215
218
226
235
237
230
211
188
148
90
26
-24
-47
-51
-41
-16
38
104
141
152
167
192
201
182
142
100
78
55
29
22
21
21
34
44
34
19
8
-18
-41
-51
-68
-88
-100
-98
-80
-54
-39
-24
-12
-16
-28
-32
-36
-59
-103
-160
-216
-258
-296
-319
-334
-364
-413
-476
-529
-535
-504
-463
-426
-365
-238
-22
246
456
556
569
536
428
244
108
98
114
-16
-246
-387
-397
-382
-399
-396
-357
-295
-196
-70
41
107
193
316
406
421
391
358
289
194
102
34
-39
-146
-230
-270
-287
-291
-274
-253
-272
-280
-225
-119
-27
23
69
113
146
165
188
198
158
111
74
25
-34
-67
-72
-109
-150
-145
-92
-35
-5
36
79
121
176
254
328
370
427
477
462
410
380
363
299
208
129
76
25
-41
-79
-74
-34
25
88
137
165
215
256
252
230
202
155
97
56
16
-13
-26
-39
-44
-27
-7
0
9
15
3
-11
-32
-57
-85
-108
-114
-100
-78
-70
-75
-88
-116
-158
-203
-231
-250
-283
-326
-385
-454
-525
-557
-543
-537
-540
-524
-456
-309
-25
352
596
616
569
574
491
260
114
172
204
-30
-347
-464
-433
-451
-530
-533
-483
-412
-275
-90
49
111
209
356
445
409
340
314
263
152
62
52
33
-62
-141
-155
-157
-198
-238
-273
-348
-406
-368
-253
-166
-117
-30
88
179
239
314
362
323
261
222
160
45
-54
-111
-185
-263
-267
-171
-76
-23
59
168
240
290
402
497
493
462
466
468
432
407
404
368
285
183
96
13
-51
-64
-58
-64
-45
26
101
164
234
284
298
299
278
206
134
96
64
28
2
-12
-29
-37
-37
-35
-35
-50
-77
-115
-147
-153
-145
-128
-100
-60
-29
-20
-19
-26
-47
-101
-171
-237
-306
-389
-474
-515
-534
-542
-526
-502
-491
-537
-570
-403
40
501
661
608
607
629
426
96
30
236
264
-89
-451
-523
-457
-486
-559
-562
-532
-450
-272
-75
16
69
230
411
451
361
295
274
179
31
-46
-26
-43
-137
-189
-177
-164
-191
-229
-298
-413
-477
-427
-314
-237
-180
-71
55
149
222
303
354
330
283
247
184
85
1
-76
-189
-266
-224
-102
-25
10
79
159
226
296
382
429
445
484
500
465
429
448
462
385
273
192
134
54
-7
-31
-51
-37
29
113
147
191
276
327
312
252
184
99
25
-17
-32
-33
-41
-48
-56
-47
-43
-53
-76
-130
-175
-186
-170
-162
-158
-118
-42
21
36
28
28
18
-46
-144
-234
-321
-428
-540
-606
-631
-626
-579
-531
-566
-708
-759
-508
-59
350
620
848
942
748
389
136
156
230
206
24
-245
-447
-519
-460
-494
-583
-614
-503
-350
-272
-144
22
241
376
428
445
398
327
165
44
-52
-124
-171
-232
-226
-215
-144
-99
-118
-181
-291
-346
-403
-394
-339
-267
-169
-101
22
125
224
315
376
408
354
334
311
251
113
-51
-113
-132
-95
-42
52
135
172
263
375
477
501
521
563
569
570
562
584
580
552
513
426
314
196
136
64
-34
-96
-97
-35
10
56
113
208
310
332
285
202
158
123
82
46
0
-42
-111
-160
-185
-197
-224
-271
-298
-312
-295
-277
-278
-269
-226
-156
-108
-71
-43
-30
-33
-62
-119
-215
-335
-467
-606
-757
-922
-1074
-1146
-1031
-636
-49
446
658
690
730
726
570
400
433
584
516
168
-201
-329
-334
-423
-607
-779
-797
-698
-537
-463
-415
-247
31
293
369
386
392
429
404
261
101
-13
-8
-47
-126
-153
-108
-80
-235
-447
-607
-622
-564
-536
-517
-496
-357
-165
-5
82
158
313
448
508
467
401
359
326
270
158
97
110
127
64
-49
-94
-89
-52
4
98
222
353
514
666
797
886
932
899
773
644
530
423
283
172
107
60
49
65
128
152
142
110
79
63
56
78
90
126
200
294
335
310
279
237
167
38
-104
-222
-292
-314
-318
-309
-316
-330
-329
-315
-311
-327
-325
-301
-279
-273
-255
-214
-222
-311
-403
-443
-477
-587
-754
-968
-1167
-1166
-795
-173
271
415
461
548
520
317
267
502
778
680
285
-89
-255
-251
-317
-477
-701
-742
-603
-483
-478
-501
-306
-31
148
125
69
103
160
195
138
122
169
247
262
200
184
173
117
-91
-382
-612
-713
-709
-751
-794
-740
-564
-400
-326
-229
-75
112
239
305
333
358
431
473
425
317
318
422
464
378
241
162
91
2
-73
-75
-7
61
122
196
341
552
745
854
900
952
979
921
752
557
434
377
314
227
194
235
267
214
113
55
36
6
-45
-66
-4
123
239
271
260
274
316
310
202
68
-40
-104
-165
-244
-320
-355
-330
-299
-305
-342
-370
-376
-381
-406
-429
-419
-419
-477
-586
-658
-664
-657
-722
-856
-894
-663
-179
237
330
231
225
296
216
82
172
502
680
522
202
-6
-12
15
-87
-361
-544
-507
-411
-469
-612
-576
-361
-122
-65
-169
-286
-247
-75
-2
-51
-56
124
313
355
332
339
384
328
130
-166
-393
-444
-441
-532
-711
-786
-715
-613
-575
-583
-517
-354
-159
-74
-65
38
264
453
451
418
514
702
803
730
588
490
486
468
352
187
104
134
140
98
81
177
320
408
446
491
582
650
622
529
469
479
501
482
452
428
429
442
419
346
247
192
163
115
57
17
10
-9
-34
-53
-44
-3
31
43
35
38
38
10
-55
-113
-126
-109
-85
-84
-96
-123
-157
-193
-223
-256
-286
-313
-341
-373
-425
-469
-499
-536
-594
-659
-668
-565
-419
-323
-327
-360
-359
-364
-362
-322
-224
-131
-109
-117
-144
-156
-112
-24
46
45
28
1
-65
-135
-157
-137
-134
-142
-171
-241
-296
-253
-129
-66
-75
-89
-52
10
71
139
165
146
95
37
-3
-8
20
22
-29
-113
-202
-284
-315
-303
-295
-306
-293
-209
-97
9
89
118
133
169
231
268
253
241
240
230
196
151
124
117
132
147
151
185
249
316
362
418
503
574
597
603
631
682
743
785
780
735
689
654
612
543
474
425
375
323
290
310
349
360
320
227
146
91
54
-1
-62
-80
-74
-37
6
26
20
14
25
-6
-99
-204
-283
-356
-450
-517
-539
-542
-545
-546
-530
-533
-549
-594
-682
-781
-860
-869
-802
-672
-570
-547
-532
-483
-435
-435
-429
-372
-300
-267
-279
-303
-293
-217
-91
23
102
170
197
138
46
28
65
87
69
25
-37
-59
29
162
205
156
135
171
195
190
200
201
132
33
-15
-1
20
23
-2
-41
-93
-146
-183
-231
-306
-403
-446
-407
-337
-293
-265
-214
-164
-115
-54
5
28
29
46
65
68
81
112
130
132
142
181
235
286
320
337
360
416
486
549
600
669
774
889
1002
1075
1096
1076
1023
950
848
758
685
609
535
470
454
474
503
496
427
340
273
212
115
4
-74
-95
-93
-97
-86
-66
-62
-90
-136
-184
-241
-315
-410
-523
-628
-693
-709
-701
-704
-711
-689
-643
-622
-664
-751
-804
-764
-656
-565
-541
-559
-552
-513
-472
-414
-316
-200
-127
-132
-177
-213
-204
-151
-87
-23
32
77
77
46
51
101
168
207
181
73
-49
-62
20
76
46
3
-5
-10
-3
22
38
-14
-107
-186
-230
-218
-161
-100
-106
-175
-243
-260
-251
-278
-356
-436
-456
-424
-389
-358
-321
-290
-276
-249
-175
-91
-38
-8
16
32
67
154
263
340
381
434
483
489
466
438
448
450
457
498
560
642
699
753
806
859
932
975
987
954
893
836
767
714
660
628
615
600
574
545
521
443
323
222
164
97
2
-79
-130
-157
-169
-164
-178
-223
-260
-266
-262
-296
-354
-422
-484
-534
-566
-567
-571
-599
-655
-713
-724
-700
-620
-524
-487
-513
-566
-538
-487
-459
-413
-333
-230
-186
-168
-131
-103
-84
-64
-34
-4
6
16
-20
-58
-47
12
91
119
123
92
64
90
139
143
77
19
-16
-43
-67
-85
-126
-197
-258
-308
-337
-333
-309
-317
-381
-439
-448
-439
-437
-439
-440
-433
-422
-385
-335
-299
-278
-276
-288
-281
-247
-200
-164
-148
-136
-121
-70
9
104
216
340
445
508
538
575
614
634
646
659
687
728
782
830
848
868
903
930
939
928
912
863
799
746
702
676
660
641
596
540
486
425
339
249
174
99
20
-63
-131
-180
-208
-214
-235
-266
-287
-286
-281
-305
-344
-392
-445
-487
-537
-572
-601
-618
-622
-598
-514
-425
-390
-421
-482
-522
-558
-561
-501
-405
-291
-187
-82
5
54
131
216
292
332
321
284
189
119
117
164
210
204
167
84
11
11
58
62
-8
-97
-164
-187
-166
-129
-126
-174
-239
-295
-331
-342
-346
-387
-466
-567
-638
-660
-627
-573
-557
-570
-568
-530
-475
-443
-433
-452
-479
-474
-438
-388
-348
-290
-219
-154
-79
7
119
205
254
300
344
409
473
537
600
651
714
785
845
869
856
838
811
784
767
762
759
746
733
729
722
708
661
591
521
470
432
388
351
307
249
191
161
147
120
76
24
-31
-103
-185
-260
-316
-353
-373
-399
-431
-471
-490
-502
-536
-567
-549
-448
-344
-302
-312
-323
-297
-274
-246
-178
-75
21
50
40
13
-7
19
71
135
178
194
198
161
141
169
247
325
334
291
205
149
160
183
175
128
80
23
-48
-108
-152
-204
-282
-369
-443
-498
-499
-457
-421
-422
-468
-517
-548
-558
-562
-597
-644
-685
-703
-693
-660
-604
-562
-544
-519
-467
-395
-318
-241
-198
-201
-198
-140
-49
25
89
154
218
272
337
422
486
530
559
577
585
598
627
644
638
630
633
649
672
693
672
595
514
448
389
343
311
287
245
196
170
159
157
144
111
51
-13
-45
-54
-77
-125
-168
-199
-215
-212
-221
-252
-300
-350
-379
-376
-306
-195
-115
-97
-125
-146
-155
-142
-76
23
121
173
183
196
218
288
389
486
558
574
550
480
406
388
394
394
353
289
226
157
147
181
201
156
60
-21
-89
-131
-138
-158
-215
-311
-388
-404
-368
-310
-281
-322
-427
-551
-647
-703
-732
-758
-780
-804
-818
-796
-739
-645
-559
-517
-517
-525
-503
-460
-405
-349
-317
-313
-295
-204
-49
111
235
304
317
291
293
350
421
454
441
402
362
368
433
508
537
518
468
405
366
365
367
311
212
127
74
56
75
123
138
91
2
-88
-149
-189
-217
-274
-359
-441
-481
-464
-422
-376
-349
-356
-391
-428
-437
-397
-287
-162
-101
-114
-133
-93
-20
60
163
296
416
469
458
433
432
484
567
657
738
793
820
810
796
812
848
873
849
791
700
601
579
612
624
573
489
425
353
269
186
89
-18
-137
-251
-353
-416
-422
-412
-433
-504
-597
-669
-710
-720
-732
-753
-768
-769
-750
-733
-716
-692
-660
-627
-601
-569
-530
-475
-416
-372
-337
-292
-219
-133
-48
23
85
142
175
198
225
265
301
330
343
324
315
347
401
438
444
444
427
398
363
325
275
208
141
68
-3
-58
-85
-100
-153
-240
-328
-405
-468
-519
-558
-595
-635
-654
-640
-621
-593
-580
-580
-595
-584
-493
-388
-339
-384
-453
-463
-443
-372
-244
-71
109
196
219
224
268
381
491
587
648
689
737
765
810
878
959
1051
1073
1037
930
809
772
775
781
732
663
621
563
523
501
486
459
373
254
114
8
-17
-14
-27
-101
-206
-291
-346
-345
-339
-364
-429
-518
-564
-586
-580
-572
-577
-585
-598
-573
-505
-411
-317
-272
-267
-280
-259
-179
-91
-33
-30
-31
-1
41
99
155
209
249
265
285
292
305
329
330
310
257
234
240
252
244
170
84
5
-55
-121
-208
-296
-379
-442
-488
-522
-539
-539
-540
-571
-625
-682
-713
-718
-741
-794
-856
-899
-902
-816
-617
-403
-300
-329
-404
-432
-420
-370
-210
47
275
316
208
123
164
368
607
779
819
727
624
555
546
591
647
742
780
716
579
456
481
555
559
422
230
156
165
212
227
193
163
117
66
7
-52
-50
-30
-61
-177
-315
-332
-238
-113
-69
-126
-157
-121
-45
-15
-48
-68
-60
-12
48
148
322
482
552
483
357
304
385
555
677
703
645
554
459
356
289
297
347
362
318
255
243
293
307
202
3
-187
-281
-299
-319
-364
-403
-419
-442
-501
-573
-615
-632
-700
-819
-911
-919
-837
-770
-796
-926
-1075
-1165
-1193
-1240
-1274
-1028
-511
-37
5
-274
-491
-482
-430
-407
-15
791
1545
1607
955
222
-42
197
529
755
846
909
964
800
401
2
-149
-53
9
-130
-274
-137
225
326
-67
-621
-824
-553
-218
-22
102
266
412
276
-82
-353
-307
-39
143
140
79
115
198
83
-255
-559
-563
-277
-34
10
-18
-9
-10
-164
-380
-418
-174
177
379
447
511
627
692
581
408
404
628
940
1166
1245
1226
1096
820
479
294
404
679
898
876
666
416
165
-51
-196
-185
-33
103
87
-96
-340
-550
-672
-683
-574
-351
-99
14
-88
-336
-542
-581
-529
-483
-453
-403
-415
-563
-862
-1081
-1201
-1155
-794
-259
152
-46
-512
-869
-841
-701
-503
232
1097
1448
692
-440
-916
-475
279
698
855
792
531
104
-307
-463
-285
14
279
353
223
38
-164
-341
-550
-653
-459
8
458
484
173
-184
-400
-392
-208
110
442
511
285
-47
-297
-359
-345
-262
-151
-43
60
53
-50
-288
-557
-658
-586
-336
-115
-3
79
32
-87
-251
-300
-141
125
409
574
674
652
471
251
103
180
471
768
928
873
624
321
87
66
229
422
473
350
193
53
-53
-159
-235
-157
29
209
259
168
14
-153
-274
-238
-30
247
357
217
-111
-389
-505
-491
-449
-532
-373
47
433
235
-374
-691
-466
-40
10
344
1128
1631
992
-516
-1306
-729
490
1099
1057
758
270
-358
-869
-813
-255
279
436
326
14
-416
-845
-1038
-850
-461
-63
247
339
52
-491
-874
-807
-361
175
488
523
286
-126
-412
-474
-265
32
235
291
126
-122
-311
-375
-321
-290
-176
1
110
28
-261
-331
-138
132
270
228
213
172
72
-8
120
423
569
443
180
22
84
224
304
330
243
66
-154
-301
-287
-228
-188
-190
-182
-172
-294
-536
-766
-757
-477
-161
1
-24
-158
-304
-444
-410
-170
153
323
208
15
-99
-178
-280
-435
-377
189
818
1017
486
-88
-222
50
303
515
1342
2111
1972
668
-600
-548
536
1512
1734
1513
1006
197
-549
-676
-121
495
654
528
324
-87
-713
-1202
-1099
-515
-25
173
153
-43
-486
-1055
-1235
-831
-124
368
382
138
-228
-500
-563
-412
-45
264
379
260
-62
-327
-441
-382
-206
-45
124
172
31
-204
-325
-125
205
424
424
254
122
21
62
313
588
747
574
282
169
239
354
340
316
306
217
7
-273
-383
-374
-396
-424
-433
-403
-493
-788
-1100
-1222
-1075
-810
-647
-654
-804
-1001
-1135
-1132
-900
-551
-294
-321
-543
-674
-666
-613
-684
-509
144
745
686
-64
-558
-341
207
440
718
1525
2103
1634
257
-535
7
1114
1724
1766
1617
1155
360
-247
-69
586
929
814
692
659
332
-331
-778
-576
-36
271
323
268
83
-408
-955
-983
-444
184
388
184
-141
-419
-579
-572
-334
14
214
189
-8
-222
-305
-317
-237
-78
137
333
275
25
-197
-216
24
323
540
548
358
130
34
256
571
799
831
597
352
235
319
509
591
579
546
520
383
120
-53
-103
-88
-78
-76
-72
-254
-643
-989
-1058
-844
-619
-559
-654
-903
-1175
-1355
-1292
-984
-695
-600
-777
-1020
-1185
-1175
-1117
-934
-400
153
342
-125
-663
-749
-405
-155
88
872
1606
1528
385
-650
-508
439
1233
1544
1596
1250
397
-389
-364
338
841
770
594
546
311
-247
-635
-429
22
206
207
255
225
-182
-769
-886
-399
212
476
380
125
-228
-569
-637
-307
183
391
271
24
-179
-219
-169
-15
165
234
288
309
281
212
113
198
402
582
595
477
361
263
325
490
675
742
556
315
224
320
494
574
553
472
359
245
129
128
209
243
169
34
5
2
-133
-352
-483
-415
-308
-354
-486
-594
-692
-860
-1026
-1008
-792
-601
-621
-839
-1052
-1129
-1146
-887
-406
30
6
-493
-805
-676
-299
-124
175
812
1216
923
81
-339
39
637
1000
1201
1285
1006
376
-32
118
485
614
577
650
594
137
-407
-553
-295
-102
-104
-9
91
-116
-645
-1006
-837
-474
-259
-177
-121
-202
-558
-866
-800
-479
-242
-227
-205
-183
-324
-520
-549
-312
-109
-100
-48
99
199
104
28
210
467
570
505
474
525
501
484
607
794
818
602
411
414
520
580
571
579
558
450
313
184
141
194
298
358
263
94
-25
-76
-120
-165
-116
-11
-31
-173
-345
-433
-453
-530
-563
-522
-424
-401
-532
-695
-860
-901
-911
-803
-472
-118
-13
-296
-659
-718
-474
-235
-56
315
799
902
471
-103
-207
200
639
929
1145
1207
940
448
150
208
416
578
682
778
631
181
-213
-307
-181
-92
-25
117
184
-27
-439
-688
-636
-515
-415
-314
-187
-161
-366
-622
-778
-764
-645
-498
-344
-271
-305
-405
-540
-630
-606
-412
-152
-17
-21
-66
-56
-56
-100
-47
131
374
512
483
411
314
198
157
270
466
582
502
296
175
169
165
155
160
204
281
276
160
45
-12
-37
-51
-27
53
128
103
-37
-158
-172
-135
-113
-82
-55
-63
-131
-219
-240
-188
-131
-131
-150
-169
-207
-235
-257
-232
-139
-24
58
72
34
-17
-37
11
97
207
334
456
544
514
380
236
220
335
507
649
713
631
459
296
203
197
226
314
403
378
211
23
-60
-99
-164
-179
-98
17
14
-99
-191
-240
-311
-402
-408
-266
-117
-94
-195
-290
-322
-365
-434
-442
-339
-191
-108
-90
-111
-184
-308
-435
-427
-279
-96
35
58
-4
-123
-249
-293
-210
-33
92
107
24
-107
-202
-242
-234
-185
-108
-6
80
70
-51
-176
-213
-175
-96
11
129
150
29
-132
-185
-112
-23
12
51
101
95
11
-68
-69
-33
6
48
109
148
110
39
26
98
183
228
228
202
192
206
230
275
328
359
323
230
187
264
411
467
384
274
220
226
222
208
220
252
257
197
117
67
49
34
12
11
52
87
55
-58
-180
-231
-200
-115
-39
0
-22
-108
-194
-235
-215
-135
-14
93
110
29
-73
-123
-95
-24
68
152
172
125
17
-82
-98
-28
90
176
191
155
87
13
-29
-3
36
25
-15
-21
3
-21
-124
-209
-215
-191
-197
-213
-200
-222
-302
-392
-400
-355
-338
-356
-382
-394
-428
-464
-458
-438
-441
-453
-413
-348
-332
-370
-378
-307
-223
-168
-122
-93
-106
-139
-91
58
159
137
62
70
153
215
256
309
368
350
262
216
274
389
449
412
325
251
251
305
348
343
296
264
259
263
240
197
162
128
95
71
71
87
67
-16
-103
-120
-79
-48
-63
-112
-159
-188
-199
-183
-152
-101
-31
22
18
-17
-16
42
103
118
141
201
230
175
102
111
189
234
226
228
237
191
111
101
188
278
263
186
139
121
99
65
64
84
82
54
38
33
-14
-82
-116
-92
-55
-62
-95
-128
-167
-221
-270
-288
-283
-299
-346
-380
-383
-384
-412
-451
-446
-397
-363
-374
-400
-392
-365
-342
-291
-206
-154
-200
-266
-233
-113
-29
-43
-61
-7
60
66
45
82
155
185
151
136
179
227
231
202
186
197
219
243
257
248
221
204
217
245
266
259
230
170
86
25
21
65
95
75
32
-10
-53
-117
-161
-134
-57
-7
-35
-92
-107
-74
-31
-10
5
44
97
125
104
76
77
104
121
137
172
209
193
127
86
127
206
241
219
174
139
109
103
128
153
135
97
99
140
152
114
81
84
89
73
68
95
89
13
-75
-92
-50
-28
-51
-78
-102
-155
-224
-237
-179
-144
-184
-252
-271
-249
-240
-244
-233
-218
-230
-263
-256
-209
-171
-180
-211
-217
-196
-168
-148
-133
-121
-105
-86
-79
-88
-101
-91
-62
-28
3
29
31
4
-21
-13
36
88
117
112
77
54
61
90
103
86
66
64
70
71
71
66
44
11
2
29
60
57
29
5
3
28
67
98
105
90
85
102
122
121
119
125
139
147
153
159
149
116
87
95
123
134
109
60
19
4
20
47
51
19
-22
-42
-30
-18
-14
-19
-40
-70
-87
-61
-13
2
-33
-82
-99
-84
-70
-69
-73
-88
-119
-140
-104
-32
-2
-47
-109
-115
-77
-50
-35
-5
24
8
-34
-48
-17
17
17
9
23
53
65
45
15
-7
-20
-22
-17
-8
-7
-9
-15
-24
-32
-34
-38
-57
-75
-65
-34
-20
-33
-55
-65
-75
-84
-67
-31
-22
-67
-112
-98
-50
-33
-60
-87
-89
-88
-95
-97
-73
-53
-57
-65
-51
-29
-28
-43
-39
-5
46
82
96
94
87
85
102
127
142
149
165
189
197
182
163
146
122
102
122
173
190
141
75
45
46
48
57
84
97
54
-12
-25
13
24
-24
-64
-49
-25
-50
-90
-79
-50
-75
-146
-156
-81
-23
-58
-123
-132
-106
-107
-129
-109
-58
-45
-82
-105
-76
-43
-42
-45
-10
36
39
11
1
21
41
44
46
52
43
18
12
45
79
77
47
20
12
14
29
55
70
53
22
14
21
10
-11
-12
16
28
15
8
21
20
-15
-42
-21
18
26
2
-13
-18
-24
-31
-22
-14
-25
-33
-14
23
36
20
4
2
1
5
31
71
82
61
39
46
73
93
92
70
42
36
67
103
95
47
9
7
20
31
49
62
37
-16
-49
-27
8
1
-36
-70
-88
-96
-98
-80
-60
-66
-98
-128
-128
-103
-79
-78
-91
-91
-78
-71
-69
-55
-44
-56
-73
-59
-16
9
-13
-35
-25
-6
-10
-24
-13
9
13
8
17
29
13
-23
-32
2
38
44
38
43
50
43
37
59
93
107
94
76
75
78
74
65
66
70
62
49
42
47
50
48
47
51
48
34
23
22
24
31
32
18
-5
-24
-27
-22
-21
-19
-12
-9
-16
-16
7
34
35
21
25
56
79
77
60
44
34
42
78
112
100
47
11
27
61
75
69
51
22
-12
-30
-15
3
-6
-37
-63
-80
-104
-133
-144
-135
-135
-147
-144
-134
-149
-191
-221
-211
-179
-151
-137
-132
-144
-175
-207
-209
-182
-146
-115
-100
-104
-121
-130
-127
-117
-105
-83
-61
-51
-55
-64
-71
-76
-67
-36
-8
5
4
8
21
32
46
68
92
105
105
107
120
135
141
146
160
173
179
176
169
163
165
177
187
180
167
164
171
171
160
148
137
120
92
71
70
78
70
43
13
-1
-6
-14
-16
-11
-4
-11
-20
-20
-12
-10
-12
-10
4
24
41
42
22
-3
-8
17
52
68
63
49
32
15
14
32
54
59
46
35
24
-1
-30
-39
-23
-9
-15
-30
-43
-63
-100
-131
-124
-88
-61
-69
-97
-117
-128
-134
-131
-115
-98
-90
-93
-101
-110
-121
-129
-131
-126
-116
-99
-82
-84
-108
-130
-130
-110
-90
-81
-71
-55
-45
-52
-62
-59
-35
-10
8
14
18
26
35
42
48
56
64
71
81
95
115
133
135
121
107
115
138
156
159
157
156
149
126
106
108
124
127
112
95
79
61
39
28
29
29
22
19
22
16
-9
-35
-41
-23
-2
11
10
-8
-34
-52
-47
-23
3
13
10
3
-11
-24
-24
-8
5
11
20
32
28
1
-23
-17
7
18
7
-3
-3
-14
-36
-47
-36
-23
-29
-44
-52
-50
-43
-40
-37
-42
-54
-54
-41
-38
-55
-65
-46
-18
-16
-41
-56
-51
-49
-60
-60
-37
-16
-33
-71
-79
-56
-38
-40
-45
-36
-28
-31
-39
-44
-45
-39
-19
9
23
9
-14
-16
2
19
31
44
46
32
12
13
35
54
56
54
58
60
53
41
36
32
30
39
60
67
49
23
9
9
9
11
21
30
25
5
-13
-13
-6
0
6
11
13
12
11
8
1
-4
3
14
9
-1
-5
1
9
12
13
13
4
-8
-11
1
20
27
16
-5
-20
-21
-16
-9
-6
-10
-18
-30
-42
-47
-43
-37
-30
-24
-26
-35
-36
-18
-3
-3
-13
-9
8
15
6
-5
-6
-1
7
11
8
5
3
6
10
12
15
18
18
11
11
20
28
24
17
21
34
42
42
36
30
24
19
25
38
45
39
20
4
-1
5
14
17
4
-14
-29
-36
-36
-35
-38
-43
-51
-61
-68
-68
-64
-64
-68
-69
-64
-64
-69
-75
-72
-62
-56
-46
-32
-24
-34
-50
-44
-21
0
7
9
13
18
16
16
31
52
64
66
70
76
77
71
76
95
112
109
98
100
102
90
78
80
90
85
71
57
49
36
18
5
3
1
-8
-18
-24
-33
-49
-66
-72
-71
-69
-65
-62
-71
-93
-106
-101
-87
-87
-98
-100
-90
-83
-92
-101
-95
-79
-68
-55
-41
-32
-34
-33
-17
8
30
43
53
59
61
64
74
92
109
113
111
111
114
113
110
110
115
114
106
100
101
104
100
89
71
58
52
52
47
32
18
7
-7
-19
-30
-38
-50
-63
-75
-85
-91
-93
-95
-102
-110
-117
-121
-120
-118
-111
-103
-98
-99
-99
-99
-97
-90
-78
-58
-45
-41
-40
-33
-25
-18
-12
4
23
33
35
37
42
45
45
51
67
81
83
79
68
57
53
62
75
80
70
53
39
32
32
35
41
35
13
-4
-6
-2
-3
-10
-15
-16
-22
-28
-32
-35
-37
-39
-38
-32
-28
-33
-42
-45
-39
-32
-28
-20
-13
-11
-16
-22
-17
-7
1
2
2
7
15
17
16
16
20
20
19
25
41
49
40
26
25
36
43
43
42
42
40
36
34
42
43
30
17
19
30
36
33
24
17
7
2
6
18
25
19
8
3
3
1
-1
4
11
11
3
-5
-7
-12
-17
-16
-7
-2
-8
-17
-18
-18
-26
-36
-32
-21
-12
-16
-24
-27
-32
-42
-45
-32
-13
-11
-24
-40
-49
-51
-48
-39
-29
-29
-40
-46
-45
-42
-45
-45
-35
-27
-26
-29
-25
-22
-27
-31
-23
-7
6
6
2
0
2
7
17
26
31
27
26
30
36
37
35
35
38
36
35
39
48
49
38
24
16
17
22
28
26
18
8
-2
-3
-3
-2
-5
-10
-13
-11
-9
-16
-34
-49
-55
-49
-37
-26
-24
-32
-49
-65
-65
-47
-27
-16
-14
-20
-29
-35
-28
-15
-1
10
20
31
35
30
24
26
38
53
65
72
73
65
56
55
66
81
90
90
86
78
66
54
52
59
61
53
39
24
9
-1
-10
-11
-10
-17
-35
-52
-65
-69
-72
-74
-72
-72
-81
-94
-100
-96
-88
-80
-76
-74
-76
-76
-72
-65
-56
-40
-27
-19
-17
-14
-10
-2
11
22
34
43
46
46
46
53
65
76
82
85
79
70
67
74
83
87
83
77
70
60
51
51
51
48
42
35
22
8
-10
-23
-29
-27
-25
-31
-44
-65
-81
-89
-87
-80
-74
-72
-77
-90
-102
-104
-94
-82
-69
-59
-52
-51
-57
-59
-51
-35
-16
4
17
21
16
15
22
40
59
74
81
82
81
81
82
87
92
97
101
101
97
87
71
60
59
62
63
50
30
13
1
-6
-10
-12
-15
-25
-39
-52
-55
-56
-56
-58
-61
-67
-70
-69
-64
-60
-62
-66
-63
-55
-48
-46
-47
-44
-39
-31
-28
-20
-17
-16
-14
-8
5
16
18
12
6
6
16
31
44
49
44
34
26
29
39
50
52
53
53
50
42
33
27
27
29
35
41
42
28
5
-13
-16
-5
4
6
2
-10
-32
-46
-47
-38
-27
-22
-23
-27
-38
-49
-54
-47
-33
-22
-14
-8
-10
-21
-28
-25
-8
11
22
26
27
23
18
14
17
26
38
45
43
35
24
14
11
15
21
22
14
6
1
-6
-13
-16
-14
-15
-21
-28
-30
-25
-25
-29
-34
-33
-30
-28
-24
-20
-18
-17
-10
-6
-3
0
0
5
12
15
18
21
20
21
23
22
22
26
30
29
23
14
9
14
16
18
17
6
-6
-13
-13
-9
-7
-10
-12
-14
-17
-22
-28
-32
-32
-28
-24
-20
-20
-26
-37
-45
-48
-41
-24
-21
-5
-5
-42
-54
-42
-35
-33
-19
-11
0
7
-26
-40
-27
-17
-1
26
26
9
9
15
25
31
37
47
63
66
50
42
50
62
71
78
66
53
47
44
44
45
45
37
30
14
-3
-1
1
3
1
-9
-26
-45
-44
-37
-50
-49
-27
-24
-47
-76
-81
-59
-40
-42
-46
-43
-46
-45
-26
-25
-18
-9
1
14
11
12
13
25
40
42
47
57
51
54
48
41
43
58
72
56
48
39
28
34
46
43
40
42
26
19
19
23
15
28
27
11
21
12
3
-1
-13
-15
2
6
-15
-16
-20
-45
-40
-40
-42
-40
-41
-41
-63
-53
-57
-64
-56
-48
-40
-55
-34
-39
-54
-39
-36
-22
-11
7
-2
12
24
5
20
34
29
14
33
24
34
59
43
39
20
-1
-14
10
28
26
34
21
-1
-30
-38
-29
-2
9
4
1
-18
-22
-42
-43
-31
-26
-37
-17
-9
-39
-27
-30
-35
-38
-29
-40
-28
25
-3
-7
2
0
14
4
13
29
43
36
31
42
35
47
53
33
29
40
46
58
69
53
43
34
34
30
24
46
48
42
34
33
32
20
28
1
9
27
10
8
9
7
-20
-8
-11
-21
5
-9
-18
-6
-19
-30
-20
-28
-31
-22
-27
-11
-8
-13
-33
-33
-31
-41
-13
-4
11
-5
-32
-20
-49
-42
8
-4
-19
-1
-3
-28
-19
-31
-56
-8
-6
-36
-7
-9
-37
-37
-41
-43
-28
-8
-40
-29
-17
-58
-41
-27
-45
-55
-33
-23
-29
-17
-36
-53
-40
-41
-40
-19
-14
-23
-9
-12
-10
-11
-15
16
21
-4
9
27
19
38
36
11
26
47
15
14
43
18
18
34
29
20
11
12
12
9
5
19
24
17
10
-3
12
24
13
12
12
18
27
26
-2
-10
21
32
24
28
15
11
26
5
-6
22
25
8
11
11
4
5
9
4
4
0
-13
6
9
-5
0
3
-4
-2
11
13
15
3
-7
12
18
0
-6
16
17
-3
7
8
-10
-6
-8
-6
6
-6
-16
-6
-3
-34
-39
-5
-2
-17
-9
-15
-27
-23
-26
-24
-10
-7
-7
0
-4
-22
-19
6
0
-13
-5
23
33
10
-8
-8
13
23
24
33
43
25
11
30
38
42
44
35
35
29
26
23
34
42
23
25
32
21
12
6
9
23
20
10
17
17
6
7
-3
-13
9
12
-9
1
5
-20
-12
0
-13
6
17
-9
-23
-20
-23
-10
10
13
14
-4
-40
-50
-31
-7
10
16
10
-4
-19
-38
-39
-18
7
27
23
7
-13
-35
-36
-23
-1
23
30
17
-3
-21
-39
-37
-19
3
24
31
19
-3
-29
-43
-35
-19
-1
11
18
17
2
-29
-47
-36
-28
-20
0
5
0
-4
-23
-33
-29
-19
-9
-8
2
6
-3
-7
-3
-5
2
6
8
8
5
10
3
-6
-10
2
7
11
8
-1
-7
-12
-13
-11
-1
9
13
8
7
6
-6
-14
-10
3
16
26
21
17
13
-11
-19
-16
-4
19
26
23
23
9
-23
-41
-26
-8
6
18
29
22
-2
-31
-39
-23
-16
-6
10
20
16
-1
-13
-22
-23
-20
-8
11
19
12
9
6
-3
-8
-4
-1
-1
7
6
11
11
-6
-11
-2
-2
-12
-9
-3
3
1
-7
-10
-10
-5
-11
-12
-4
-9
-12
-12
-6
2
5
