26
26
24
24
23
21
19
20
18
15
12
7
6
4
2
0
-3
-4
-4
-4
-4
-4
-6
-7
-7
-7
-10
-13
-16
-17
-16
-21
-26
-27
-27
-29
-29
-33
-35
-32
-32
-39
-41
-36
-37
-36
-32
-31
-29
-22
-22
-22
-17
-16
-17
-17
-22
-28
-26
-28
-34
-34
-32
-29
-18
-13
-15
-2
19
24
17
15
20
23
15
-3
-13
-8
-4
-12
-26
-33
-27
-15
-9
-16
-22
-10
9
18
10
6
13
27
30
21
7
4
7
8
-2
-12
-14
-9
-5
-6
-7
-2
5
8
12
17
23
26
26
29
35
39
40
40
37
40
45
48
39
26
23
27
31
28
20
19
28
39
42
41
37
43
52
52
42
32
25
22
19
11
2
-4
-7
-4
-2
-9
-19
-21
-21
-25
-23
-20
-17
-14
-4
9
14
9
-1
-4
-5
-19
-32
-38
-45
-55
-59
-57
-57
-56
-62
-70
-70
-69
-74
-83
-95
-99
-99
-105
-104
-66
-11
36
88
144
176
183
174
161
141
100
52
14
-22
-72
-110
-128
-143
-148
-129
-99
-66
-34
1
44
84
113
130
138
138
124
103
75
41
7
-23
-45
-58
-72
-84
-86
-81
-76
-74
-72
-64
-49
-35
-22
-6
9
22
38
50
60
62
54
45
34
15
-12
-38
-60
-77
-85
-77
-65
-49
-25
6
39
67
89
103
112
114
111
102
83
62
45
32
15
-4
-23
-37
-45
-49
-46
-38
-31
-18
19
80
122
129
154
223
256
208
149
133
121
74
0
-51
-57
-50
-59
-74
-85
-64
10
73
65
54
89
127
127
93
48
22
33
30
-14
-59
-79
-63
-40
-49
-82
-92
-84
-82
-90
-111
-139
-152
-139
-128
-119
-115
-118
-111
-99
-100
-120
-138
-132
-128
-145
-168
-192
-227
-265
-285
-272
-226
-153
-85
-36
21
111
207
248
218
204
241
243
152
35
-23
-43
-65
-110
-178
-233
-218
-151
-116
-128
-135
-66
46
115
124
116
140
181
202
172
103
53
44
40
1
-57
-98
-103
-102
-117
-133
-138
-127
-107
-91
-64
-29
10
38
56
87
125
153
144
114
93
91
84
43
-11
-42
-37
-24
-26
-38
-31
6
53
88
105
122
150
185
223
242
254
316
406
409
320
263
248
187
71
-32
-46
0
-3
-73
-104
-75
0
98
120
74
105
217
268
229
165
125
144
169
110
-6
-96
-120
-94
-94
-151
-187
-154
-104
-82
-92
-121
-137
-123
-106
-107
-112
-111
-98
-76
-62
-69
-99
-146
-202
-261
-317
-368
-415
-443
-426
-402
-425
-464
-492
-451
-318
-155
19
259
488
505
412
386
422
377
213
83
76
64
-112
-276
-341
-376
-378
-309
-275
-324
-269
-82
87
150
177
283
403
443
395
314
248
202
198
121
-7
-80
-66
-58
-120
-180
-210
-209
-230
-250
-240
-210
-144
-66
-2
32
99
192
248
249
230
248
255
181
49
-46
-83
-111
-153
-189
-169
-100
-25
34
73
121
187
250
275
259
253
260
258
234
211
202
194
171
136
117
114
108
115
144
159
123
83
82
86
83
82
112
173
227
211
161
137
116
113
95
22
-48
-34
-2
-10
-22
-17
17
70
84
34
-48
-112
-128
-113
-129
-179
-179
-125
-68
-50
-66
-89
-110
-150
-226
-316
-422
-507
-551
-573
-591
-603
-607
-601
-560
-534
-535
-545
-540
-505
-362
-20
400
602
510
507
725
771
434
117
203
380
202
-241
-511
-531
-464
-414
-488
-655
-617
-224
111
79
-47
126
513
727
657
460
355
416
516
439
128
-95
-57
45
-39
-233
-331
-331
-313
-329
-343
-354
-314
-196
-68
13
84
208
290
275
245
300
369
297
108
-27
-13
15
-62
-198
-249
-163
-32
34
-3
-37
35
184
288
271
240
290
373
394
365
350
344
328
290
265
269
274
221
117
37
10
-4
-69
-127
-72
79
186
189
169
183
245
300
285
203
147
136
123
83
35
20
45
95
118
84
29
-18
-55
-125
-201
-235
-238
-245
-251
-210
-149
-117
-129
-136
-122
-136
-202
-304
-396
-467
-535
-613
-679
-718
-740
-745
-769
-831
-838
-615
-154
267
419
448
620
828
753
429
243
356
465
263
-145
-417
-424
-332
-354
-560
-735
-622
-295
-128
-245
-328
-120
245
461
435
320
333
539
711
629
383
265
328
340
171
-68
-219
-294
-372
-471
-553
-581
-530
-411
-296
-179
-11
160
226
208
268
442
543
431
230
161
210
194
47
-107
-141
-58
35
20
-79
-122
-36
78
93
57
86
189
283
344
419
493
526
551
611
653
615
514
375
209
44
-57
-121
-194
-235
-188
-85
-22
28
105
188
229
251
284
260
189
140
142
155
150
151
131
102
78
57
19
-60
-163
-270
-325
-335
-337
-373
-401
-359
-277
-230
-244
-260
-254
-257
-301
-369
-429
-489
-573
-669
-755
-841
-931
-977
-874
-529
-71
226
257
275
473
624
484
229
264
482
473
149
-177
-259
-213
-164
-295
-546
-662
-459
-197
-269
-459
-416
-83
162
159
62
31
210
420
538
433
326
404
520
500
301
166
62
-54
-226
-409
-514
-564
-540
-552
-535
-427
-230
-49
21
107
268
492
615
591
505
456
485
443
303
129
71
100
96
39
-50
-72
-36
38
78
69
81
131
186
195
255
398
559
634
658
723
781
754
603
425
258
128
17
-96
-208
-281
-252
-179
-127
-130
-91
8
93
121
112
98
54
37
55
85
101
119
144
133
134
139
119
34
-75
-159
-231
-315
-404
-449
-471
-488
-490
-475
-475
-513
-549
-564
-581
-622
-672
-695
-708
-711
-621
-303
166
458
444
421
594
681
417
79
73
315
331
2
-347
-423
-299
-185
-246
-494
-602
-377
-95
-160
-395
-377
-87
160
155
11
-94
-9
185
263
125
-8
115
303
317
182
124
135
87
-55
-253
-395
-472
-497
-561
-632
-596
-442
-290
-252
-202
-2
299
486
476
420
488
619
609
437
284
273
338
349
279
213
223
281
297
237
155
135
148
104
44
95
288
466
556
633
744
820
776
657
534
446
358
256
106
-33
-80
-43
21
39
71
114
153
133
67
4
-61
-91
-146
-219
-268
-224
-144
-110
-79
-17
78
99
36
-57
-100
-90
-121
-216
-328
-364
-341
-343
-416
-511
-563
-595
-667
-790
-923
-1038
-1134
-1170
-1034
-628
-100
233
328
480
797
963
784
544
571
704
607
239
-138
-324
-305
-206
-297
-527
-614
-427
-307
-461
-654
-658
-458
-282
-230
-333
-360
-120
214
337
220
228
407
539
464
303
190
119
62
-72
-285
-462
-479
-445
-526
-657
-674
-565
-513
-564
-569
-396
-112
76
96
101
277
552
695
636
545
587
706
740
636
497
441
480
537
504
397
337
368
401
380
348
356
368
356
350
385
435
460
483
519
561
559
515
426
312
231
175
137
70
15
1
42
111
145
155
117
61
-19
-127
-272
-423
-512
-536
-509
-455
-382
-312
-274
-223
-140
-76
-107
-199
-259
-274
-310
-396
-473
-505
-514
-529
-542
-557
-601
-622
-533
-349
-243
-276
-315
-284
-248
-237
-165
15
227
401
521
543
519
467
447
383
255
156
85
73
-7
-85
-133
-115
-40
-19
-80
-256
-374
-398
-414
-493
-586
-551
-431
-298
-212
-135
-27
86
168
178
144
113
85
24
-97
-208
-262
-281
-314
-364
-382
-341
-257
-208
-211
-226
-211
-169
-119
-36
53
124
208
353
498
547
544
572
611
603
547
494
433
373
357
385
423
443
476
502
503
521
569
593
518
419
388
415
439
415
360
309
323
380
372
284
194
164
173
175
156
106
64
71
104
97
51
18
-1
-52
-121
-160
-184
-233
-289
-311
-282
-214
-148
-117
-153
-170
-135
-107
-181
-338
-467
-527
-546
-592
-670
-731
-707
-599
-483
-457
-513
-568
-579
-603
-685
-724
-660
-543
-454
-380
-262
-144
-64
11
86
163
195
192
144
56
25
53
124
165
192
207
183
179
197
209
152
82
57
49
43
32
43
51
64
92
126
161
159
120
67
24
-16
-89
-178
-252
-295
-309
-316
-317
-351
-398
-413
-386
-364
-370
-359
-329
-289
-224
-109
10
69
83
121
198
271
327
318
278
252
291
352
357
401
498
614
702
754
799
806
826
863
870
867
871
890
868
830
836
842
821
756
677
583
493
434
347
223
114
50
0
-63
-108
-127
-157
-207
-276
-339
-398
-446
-490
-548
-587
-622
-663
-690
-683
-658
-671
-715
-759
-764
-726
-672
-611
-590
-610
-641
-642
-622
-644
-646
-580
-466
-376
-341
-282
-217
-147
-49
23
81
99
145
183
156
161
208
295
337
368
390
357
340
351
368
311
229
182
128
54
-17
-51
-78
-125
-167
-185
-168
-140
-128
-151
-188
-191
-183
-205
-265
-314
-330
-319
-303
-304
-316
-324
-317
-329
-354
-377
-382
-370
-352
-310
-253
-202
-149
-58
87
239
336
378
393
423
468
502
531
559
599
653
700
743
786
836
891
913
903
871
830
784
727
687
667
670
686
697
683
648
620
594
537
434
323
235
158
75
-17
-89
-137
-167
-200
-251
-292
-319
-370
-451
-532
-586
-620
-656
-693
-731
-760
-758
-733
-691
-609
-530
-514
-566
-616
-593
-573
-581
-563
-486
-367
-276
-209
-156
-120
-50
36
112
165
191
215
168
104
95
129
182
210
226
198
163
172
189
164
94
47
27
1
-27
-36
-26
-40
-72
-103
-116
-107
-124
-184
-289
-383
-433
-476
-517
-572
-606
-613
-595
-561
-551
-560
-559
-525
-472
-417
-368
-333
-299
-241
-154
-94
-84
-63
21
104
141
175
221
258
265
307
409
507
596
677
738
779
814
883
927
951
997
1037
1019
934
876
844
801
777
755
692
599
566
577
556
491
428
381
316
247
175
90
2
-65
-124
-204
-270
-287
-299
-327
-369
-390
-414
-482
-563
-633
-674
-696
-690
-681
-625
-524
-455
-446
-504
-501
-467
-438
-379
-310
-209
-166
-128
-61
-34
8
62
160
247
257
255
196
158
172
215
275
302
338
316
266
265
314
362
340
284
220
149
81
34
-25
-133
-257
-344
-389
-414
-423
-430
-469
-537
-584
-595
-595
-611
-633
-645
-645
-635
-613
-595
-585
-562
-544
-519
-512
-519
-524
-523
-485
-447
-376
-279
-177
-69
-1
67
134
217
320
409
501
574
651
717
741
757
751
760
795
817
819
779
753
739
717
719
752
791
760
681
610
557
527
482
412
326
261
226
175
101
39
7
-18
-71
-128
-181
-247
-313
-382
-449
-502
-535
-547
-593
-654
-662
-590
-412
-282
-267
-339
-409
-364
-331
-315
-285
-225
-120
-67
4
67
108
195
278
376
438
479
503
447
418
437
496
544
542
540
473
399
364
368
358
272
200
136
72
10
-42
-85
-163
-234
-278
-301
-303
-302
-318
-386
-478
-538
-575
-603
-640
-691
-746
-788
-790
-768
-754
-774
-805
-826
-803
-743
-681
-636
-596
-538
-468
-387
-289
-185
-119
-87
-50
2
80
187
329
456
528
570
610
672
728
746
742
712
689
666
638
633
632
638
626
602
595
576
535
464
388
326
262
187
102
34
16
18
-5
-75
-166
-221
-244
-260
-308
-378
-437
-485
-523
-568
-604
-606
-534
-395
-297
-282
-311
-309
-281
-292
-276
-185
-36
96
138
167
192
258
370
468
583
662
713
693
608
595
639
719
778
798
775
678
622
647
684
657
560
476
395
302
229
174
129
51
-66
-197
-302
-332
-319
-345
-450
-576
-646
-661
-669
-700
-748
-795
-821
-833
-855
-880
-876
-861
-865
-873
-850
-784
-698
-614
-533
-477
-418
-314
-210
-140
-116
-83
-31
11
78
168
268
345
397
441
465
500
551
591
605
596
582
567
563
578
581
558
531
508
455
367
290
222
144
48
-36
-111
-192
-248
-283
-319
-348
-356
-355
-396
-459
-493
-513
-544
-603
-676
-763
-821
-745
-575
-435
-402
-437
-425
-395
-371
-299
-183
-20
91
137
169
201
299
406
518
648
754
845
844
818
855
908
972
1008
1038
1015
904
828
822
864
857
780
708
618
536
466
420
375
291
181
61
-27
-52
-32
-20
-96
-231
-358
-433
-459
-501
-572
-678
-769
-818
-849
-857
-859
-850
-857
-872
-849
-785
-688
-612
-562
-529
-495
-423
-328
-236
-171
-120
-52
31
110
189
267
326
362
369
372
387
408
431
446
459
454
445
457
451
420
364
312
258
164
65
-9
-49
-85
-132
-166
-203
-230
-253
-290
-335
-387
-444
-515
-607
-684
-736
-782
-816
-846
-872
-850
-726
-556
-478
-537
-603
-580
-546
-531
-466
-304
-104
8
86
151
231
349
450
561
630
670
681
620
602
648
736
829
900
978
959
876
857
905
963
913
818
749
660
591
554
561
555
479
384
282
215
201
193
138
-4
-172
-290
-339
-329
-321
-348
-416
-474
-479
-466
-465
-487
-519
-547
-561
-521
-456
-381
-306
-248
-191
-146
-92
-21
27
54
57
77
123
173
249
308
349
379
403
453
470
452
419
382
367
336
295
258
209
177
141
106
77
26
-35
-114
-178
-233
-300
-384
-469
-532
-589
-643
-685
-715
-757
-817
-862
-906
-965
-1060
-1120
-1043
-891
-767
-747
-785
-756
-699
-631
-525
-398
-221
-124
-111
-114
-108
8
137
272
415
507
575
544
528
609
693
784
814
832
812
712
700
762
844
854
770
731
670
599
519
436
404
336
260
164
75
74
90
82
-17
-163
-256
-310
-326
-364
-407
-453
-504
-522
-518
-471
-417
-393
-390
-405
-376
-315
-230
-150
-120
-101
-80
-13
92
186
286
360
420
469
510
565
629
711
766
758
725
710
754
795
797
767
694
618
554
501
447
362
276
193
103
27
-20
-37
-65
-141
-264
-391
-475
-538
-621
-738
-873
-984
-1068
-1121
-1146
-1172
-1176
-1117
-1010
-933
-934
-949
-907
-862
-880
-886
-784
-549
-335
-255
-249
-258
-180
-48
94
251
358
413
370
299
358
496
668
801
840
812
705
663
759
877
915
814
701
625
551
501
449
415
365
235
103
16
14
64
44
-67
-254
-405
-456
-470
-469
-511
-583
-641
-708
-748
-757
-698
-597
-553
-569
-611
-568
-402
-199
-38
7
2
29
113
234
332
416
482
521
537
561
641
757
857
875
794
700
666
705
724
677
599
533
502
481
460
430
390
353
296
217
148
135
146
87
-51
-189
-277
-323
-395
-515
-663
-821
-962
-1088
-1088
-885
-576
-398
-473
-637
-692
-637
-571
-421
-125
225
396
292
116
51
175
348
406
360
277
254
257
239
270
341
431
467
343
115
-135
-201
-83
-43
-163
-334
-307
-133
-31
-49
-124
-134
-115
-198
-337
-419
-329
-137
-93
-204
-326
-287
-143
-81
-101
-146
-152
-138
-178
-233
-269
-232
-145
-115
-134
-120
-9
150
222
203
138
123
193
276
328
324
373
478
521
478
417
448
509
482
352
200
137
143
139
78
-24
-77
-87
-134
-250
-376
-427
-438
-461
-503
-508
-433
-338
-301
-354
-449
-481
-447
-404
-417
-435
-432
-416
-494
-593
-435
30
563
667
430
190
217
298
240
450
1033
1733
1865
1326
705
482
670
822
736
583
542
628
560
306
140
97
119
-33
-427
-836
-997
-697
-268
-184
-424
-616
-487
-358
-493
-713
-712
-437
-243
-339
-472
-360
-31
169
-32
-344
-451
-326
-241
-351
-383
-239
-24
30
-150
-294
-290
-144
-36
-102
-143
3
294
469
437
405
478
567
565
469
479
631
811
913
831
701
609
525
382
176
78
83
69
-39
-212
-309
-354
-419
-510
-635
-713
-731
-752
-820
-909
-908
-829
-773
-753
-744
-691
-650
-641
-641
-615
-563
-503
-507
-583
-706
-810
-595
-87
524
737
485
183
116
237
219
469
1244
2107
2275
1440
482
190
549
959
1103
1152
1254
1268
969
437
55
13
105
182
82
-39
-60
45
178
17
-357
-627
-532
-251
-125
-119
-62
89
93
-205
-536
-574
-358
-151
-184
-300
-285
-255
-377
-654
-779
-618
-389
-263
-312
-336
-266
-222
-223
-289
-203
59
340
499
529
585
666
670
591
580
717
904
998
959
850
727
644
521
400
321
282
255
134
-29
-183
-302
-415
-534
-619
-664
-695
-738
-777
-791
-793
-856
-961
-1060
-1052
-956
-878
-857
-883
-934
-1014
-1137
-1202
-1219
-1120
-668
-41
397
95
-476
-681
-419
-161
-153
397
1436
2118
1569
244
-469
-118
629
1024
1175
1388
1471
1023
214
-337
-196
259
526
669
720
690
389
-27
-213
-230
-97
88
357
575
521
290
23
-128
-190
-192
-51
169
278
234
12
-221
-431
-658
-765
-696
-393
-85
0
-140
-428
-609
-623
-513
-279
36
385
587
533
392
264
253
324
453
781
1123
1334
1243
887
555
383
427
549
655
753
739
571
225
-152
-325
-306
-219
-185
-236
-269
-326
-482
-707
-862
-817
-658
-552
-536
-629
-707
-838
-1013
-1112
-1092
-946
-887
-1030
-1222
-952
-253
298
33
-721
-1082
-759
-266
-142
281
1190
1793
1165
-405
-1240
-633
617
1307
1358
1246
979
351
-444
-749
-258
493
836
788
526
171
-296
-656
-591
-228
169
418
559
551
239
-218
-514
-385
-30
259
414
450
315
-18
-423
-608
-486
-269
-173
-237
-310
-370
-474
-621
-747
-698
-512
-301
-78
103
258
294
227
159
190
380
625
869
1065
1133
1050
799
540
481
643
890
1043
1030
863
546
209
10
31
188
277
241
82
-157
-412
-612
-652
-525
-337
-228
-288
-433
-543
-616
-674
-744
-779
-762
-829
-936
-1094
-971
-429
210
387
-179
-765
-826
-412
-124
74
719
1484
1523
466
-698
-845
-34
824
1210
1262
1079
553
-164
-572
-371
188
595
723
645
297
-294
-805
-805
-340
104
335
424
396
119
-359
-600
-342
171
502
501
394
227
-43
-358
-549
-429
-172
-33
-85
-250
-412
-614
-835
-953
-876
-595
-335
-181
-121
-149
-193
-257
-225
-80
143
409
649
813
802
664
489
357
353
510
701
796
696
472
255
69
-77
-134
-62
27
-28
-265
-547
-697
-688
-603
-508
-429
-404
-450
-580
-707
-688
-570
-417
-405
-513
-634
-766
-783
-494
150
644
484
-144
-547
-354
31
287
735
1441
1753
1107
-67
-606
-88
811
1348
1432
1254
773
72
-415
-314
234
692
816
731
463
-34
-623
-834
-466
87
412
445
346
137
-249
-605
-605
-178
345
583
519
275
-11
-251
-388
-306
-66
154
160
-94
-400
-593
-627
-595
-576
-494
-355
-236
-244
-356
-363
-231
-39
74
126
237
386
519
588
635
677
664
634
653
675
634
533
460
423
355
232
75
-55
-141
-233
-346
-520
-730
-886
-970
-997
-1010
-975
-921
-928
-1002
-1045
-984
-895
-900
-1002
-1094
-1091
-901
-497
-24
170
-93
-519
-638
-350
27
396
929
1427
1345
525
-359
-466
162
920
1383
1522
1279
581
-157
-383
27
607
949
1046
917
477
-186
-614
-395
199
605
671
604
515
244
-176
-340
-23
506
783
711
517
286
3
-262
-263
36
326
358
144
-119
-316
-473
-537
-481
-370
-309
-352
-413
-446
-424
-325
-176
-21
50
40
65
188
407
593
663
654
607
607
646
707
768
778
727
603
472
368
275
181
80
24
-7
-106
-304
-537
-693
-792
-892
-964
-918
-810
-823
-1002
-1170
-1194
-1161
-1202
-1270
-1095
-585
-70
-6
-428
-846
-855
-574
-341
-64
521
1135
1060
173
-693
-726
-92
523
876
1059
925
264
-547
-805
-369
181
424
482
515
309
-266
-818
-821
-298
232
473
538
510
243
-230
-499
-199
467
981
1057
826
498
161
-64
5
382
762
813
543
208
-23
-164
-226
-146
35
131
25
-186
-350
-389
-350
-225
-14
181
227
68
-108
-96
147
454
593
579
512
510
538
546
585
654
736
748
665
517
330
169
64
39
56
21
-99
-310
-535
-716
-787
-735
-619
-552
-629
-816
-983
-1051
-1037
-936
-682
-309
-67
-135
-385
-504
-366
-165
42
360
803
1068
807
232
-173
-100
277
656
919
945
640
65
-413
-485
-242
27
188
199
18
-364
-752
-911
-820
-587
-328
-139
-119
-327
-643
-821
-737
-442
-128
117
234
173
-27
-229
-250
-72
174
366
426
378
264
118
23
-7
51
178
289
298
156
-21
-113
-85
21
143
257
330
317
251
213
253
363
438
459
468
513
569
541
480
468
519
558
503
416
330
253
192
144
125
69
-85
-314
-556
-708
-742
-705
-695
-742
-808
-899
-1019
-1149
-1110
-838
-457
-207
-236
-385
-509
-473
-333
-86
295
673
890
772
510
325
337
516
773
1065
1206
1082
780
510
416
417
450
519
585
538
274
-78
-314
-348
-267
-186
-114
-96
-209
-463
-698
-744
-594
-390
-250
-210
-270
-370
-472
-504
-455
-347
-222
-146
-133
-172
-213
-228
-248
-263
-235
-152
-64
-61
-130
-178
-143
-84
-55
-16
98
212
219
129
114
235
369
420
422
444
455
393
330
350
436
489
484
485
467
360
189
109
192
271
199
22
-120
-184
-260
-352
-410
-426
-472
-590
-681
-719
-728
-768
-837
-806
-715
-547
-414
-376
-400
-473
-454
-369
-199
31
247
428
442
340
204
138
220
406
649
842
878
741
517
357
312
373
503
637
701
566
286
38
-37
28
111
170
213
208
98
-69
-178
-160
-68
14
54
62
40
-56
-185
-262
-216
-80
4
-23
-99
-137
-134
-169
-233
-244
-193
-162
-238
-333
-343
-284
-255
-291
-294
-208
-94
-43
-53
-59
-26
34
83
117
139
177
221
250
257
262
284
303
274
186
115
125
175
189
121
50
63
66
16
-83
-134
-117
-117
-135
-154
-112
-112
-187
-231
-211
-146
-133
-168
-179
-147
-128
-158
-174
-153
-117
-83
-57
-18
0
-45
-112
-133
-77
0
62
93
79
34
-35
-67
-31
35
80
80
62
48
10
-60
-115
-93
-13
33
42
49
64
56
3
-13
63
165
220
216
189
165
142
148
174
188
157
109
131
205
235
166
60
9
13
21
25
49
59
4
-103
-180
-189
-155
-126
-117
-102
-86
-84
-122
-175
-197
-176
-101
-7
55
24
-78
-142
-118
-48
-14
-19
2
31
9
-65
-97
-35
58
85
37
-12
-1
27
4
-44
-32
56
122
101
58
64
96
106
103
137
191
188
126
91
147
235
245
164
65
4
-12
4
60
130
134
43
-94
-177
-176
-144
-120
-96
-66
-68
-133
-225
-283
-291
-270
-232
-183
-136
-137
-182
-216
-205
-166
-134
-107
-77
-43
-6
39
78
78
36
-14
-21
19
70
115
137
126
76
0
-26
9
61
69
43
41
65
74
21
-57
-92
-54
24
73
60
24
-1
-12
-25
-34
-10
36
51
21
-14
-12
-2
-14
-26
0
51
64
38
20
25
16
-16
-20
26
78
80
53
40
48
45
39
63
104
135
150
183
221
200
117
45
47
116
206
262
274
223
132
60
53
115
185
210
164
92
38
9
-11
-41
-41
0
36
12
-57
-94
-81
-69
-99
-141
-139
-102
-89
-116
-129
-88
-56
-93
-161
-171
-104
-42
-53
-97
-119
-129
-163
-202
-195
-146
-118
-142
-167
-154
-123
-133
-183
-210
-171
-112
-98
-123
-145
-145
-155
-180
-174
-120
-80
-97
-136
-132
-94
-81
-97
-86
-37
-1
-10
-29
-26
-15
-26
-29
8
60
70
45
39
74
106
107
80
61
65
82
104
126
143
139
111
85
92
133
185
214
220
202
170
144
146
176
197
188
166
147
135
120
112
127
149
158
134
96
70
72
92
106
97
84
82
72
36
3
20
86
129
106
57
52
81
91
77
85
126
138
101
69
93
131
113
57
29
45
56
33
2
-9
-23
-59
-103
-114
-84
-58
-68
-107
-148
-181
-215
-237
-234
-215
-218
-244
-272
-285
-297
-316
-330
-330
-319
-308
-302
-308
-335
-360
-355
-317
-268
-230
-209
-208
-227
-242
-218
-156
-87
-43
-29
-24
-21
-13
9
38
62
68
65
73
99
131
154
168
181
192
204
219
227
222
211
215
227
228
208
194
205
219
211
179
155
139
106
53
12
18
44
47
31
19
12
-20
-64
-63
-11
29
12
-20
-7
35
53
44
43
69
93
97
109
144
179
168
118
88
105
138
149
138
137
147
143
111
79
79
103
119
111
103
116
123
93
35
8
36
71
66
27
-8
-27
-50
-77
-89
-80
-75
-105
-143
-150
-131
-129
-168
-212
-219
-209
-222
-244
-236
-204
-191
-207
-218
-202
-184
-176
-158
-118
-72
-59
-80
-105
-105
-68
-16
39
74
71
41
16
25
67
107
126
130
122
94
59
44
67
104
119
116
104
80
41
4
-8
15
38
30
0
-32
-53
-63
-68
-69
-70
-68
-62
-52
-41
-48
-73
-94
-94
-75
-56
-44
-35
-22
-12
-21
-40
-55
-54
-57
-68
-63
-36
-19
-29
-56
-60
-30
0
5
-8
-13
-9
-11
-5
25
69
83
46
1
-8
23
58
81
96
97
73
27
-17
-27
-6
25
57
80
72
16
-57
-90
-60
-6
28
28
-1
-36
-63
-70
-51
-18
15
37
42
28
5
-8
8
53
107
150
160
143
109
90
103
141
183
204
192
164
143
142
147
144
143
146
144
124
94
86
96
99
79
53
54
67
66
50
36
33
23
-4
-23
-15
11
13
-24
-63
-74
-69
-80
-97
-107
-117
-133
-152
-154
-146
-150
-166
-187
-202
-211
-221
-229
-229
-215
-194
-185
-192
-209
-221
-228
-230
-205
-148
-97
-93
-131
-165
-161
-130
-98
-74
-46
-25
-28
-60
-88
-84
-52
-20
4
21
30
16
-20
-48
-36
8
51
66
60
47
38
33
34
55
88
118
125
109
89
86
109
143
165
162
142
125
120
127
144
163
171
165
154
149
150
152
156
155
148
139
140
146
143
139
145
165
170
147
120
114
126
133
135
135
135
125
114
107
105
98
83
73
80
96
100
80
47
18
6
4
-2
-18
-43
-66
-77
-79
-80
-96
-135
-175
-190
-174
-149
-144
-163
-188
-208
-230
-249
-243
-210
-182
-192
-222
-238
-224
-212
-209
-203
-185
-166
-165
-178
-178
-162
-145
-143
-140
-126
-108
-100
-96
-87
-69
-52
-37
-25
-12
2
17
34
47
47
46
61
89
112
123
133
139
130
108
95
98
113
121
125
118
96
59
28
29
53
77
79
61
34
7
-9
0
32
63
69
57
40
32
39
57
74
79
80
88
93
83
59
48
63
82
88
93
110
118
93
58
57
87
107
90
61
59
68
59
30
17
34
46
25
-7
-8
14
12
-22
-53
-56
-48
-58
-77
-81
-76
-81
-102
-122
-126
-122
-120
-127
-141
-157
-170
-172
-169
-164
-153
-135
-126
-138
-150
-146
-124
-112
-113
-105
-82
-61
-60
-60
-37
-1
16
16
29
61
86
92
103
125
140
130
116
123
140
143
126
112
112
107
85
62
61
70
67
44
22
14
10
-3
-19
-16
-6
-5
-17
-27
-28
-23
-14
-4
10
12
9
4
1
-1
-7
-7
2
9
9
7
3
-5
-12
-11
1
18
28
16
-4
-18
-22
-25
-20
-2
15
11
-6
-18
-16
-14
-13
-5
16
29
22
-1
-21
-32
-33
-23
-5
1
-15
-39
-46
-37
-24
-21
-32
-46
-58
-56
-41
-23
-22
-32
-32
-23
-18
-21
-16
-1
11
13
20
39
56
59
51
54
77
98
110
122
142
156
146
118
96
95
105
110
102
90
68
33
2
2
27
50
43
8
-32
-46
-34
-16
-8
-10
-19
-38
-59
-72
-71
-57
-41
-32
-26
-26
-33
-38
-37
-29
-22
-13
-7
-5
-10
-15
-17
-22
-23
-17
-10
-7
-9
-13
-15
-23
-37
-43
-32
-14
-11
-19
-31
-40
-50
-54
-46
-35
-40
-54
-61
-59
-57
-63
-73
-80
-88
-94
-97
-90
-85
-100
-124
-136
-130
-117
-112
-108
-99
-91
-94
-99
-91
-76
-57
-40
-27
-16
-8
1
17
38
58
74
88
101
116
132
143
154
163
173
188
201
207
204
194
184
176
173
164
152
147
149
147
123
84
55
50
60
67
58
39
21
11
-1
-15
-23
-22
-21
-28
-37
-38
-35
-40
-58
-73
-72
-62
-54
-54
-56
-53
-57
-71
-75
-58
-39
-31
-43
-49
-40
-33
-38
-48
-49
-35
-21
-16
-10
-4
-3
-6
-9
-11
-8
0
14
25
19
0
-17
-24
-25
-23
-19
-16
-21
-45
-74
-92
-98
-102
-106
-105
-99
-105
-122
-138
-136
-129
-134
-143
-136
-107
-81
-81
-94
-96
-86
-72
-58
-28
8
26
21
9
11
29
54
83
103
107
104
107
114
112
98
90
107
134
149
141
126
114
99
89
98
127
146
132
103
86
90
91
79
71
76
84
81
68
54
44
29
14
13
24
35
27
7
-11
-21
-24
-28
-31
-27
-21
-21
-31
-41
-52
-53
-47
-37
-25
-16
-14
-13
-15
-17
-12
-5
9
27
43
47
37
25
17
19
29
41
49
45
32
14
-3
-13
-15
-19
-29
-43
-52
-57
-66
-74
-83
-94
-109
-123
-124
-110
-95
-93
-104
-114
-120
-119
-113
-101
-87
-74
-68
-67
-71
-76
-76
-68
-53
-39
-26
-12
-7
-17
-36
-42
-23
6
25
33
36
34
21
13
24
55
80
86
82
80
85
84
74
72
84
104
110
103
95
85
68
52
50
65
83
86
70
47
32
23
21
26
33
41
39
30
9
-10
-24
-24
-15
-2
6
1
-14
-33
-43
-45
-37
-23
-6
6
8
3
-10
-14
-5
12
30
42
46
41
29
16
15
29
42
44
33
20
10
4
-4
-5
-3
0
1
-4
-15
-25
-29
-21
-10
-3
-1
-8
-19
-24
-18
-6
-1
-6
-13
-19
-23
-31
-35
-27
-16
-16
-33
-54
-62
-59
-53
-48
-43
-41
-47
-61
-66
-55
-42
-38
-37
-34
-29
-33
-44
-44
-28
-8
-6
-15
-25
-22
-25
-30
-30
-17
-4
-7
-19
-27
-25
-24
-29
-34
-28
-16
-7
-8
-15
-19
-26
-35
-40
-32
-12
6
9
-2
-19
-30
-35
-31
-17
5
26
31
17
-5
-15
-9
10
31
51
61
55
36
16
13
27
45
58
62
57
41
25
16
18
27
37
48
52
49
33
21
23
35
46
47
50
61
68
65
60
67
79
82
73
68
73
80
80
76
75
68
53
40
36
43
51
52
48
39
25
8
-3
1
15
26
24
15
1
-14
-24
-24
-14
0
4
-1
-15
-35
-50
-57
-53
-41
-33
-36
-46
-57
-65
-70
-70
-70
-68
-63
-58
-58
-67
-80
-88
-85
-79
-73
-66
-57
-55
-64
-80
-89
-84
-72
-62
-56
-54
-54
-62
-69
-68
-61
-49
-38
-31
-32
-37
-45
-47
-42
-34
-25
-20
-23
-28
-26
-19
-10
-7
-8
-8
-5
-1
1
5
14
21
22
19
19
28
35
37
39
50
63
68
62
58
61
67
77
86
96
101
96
85
76
80
92
102
105
104
97
84
74
72
82
94
99
93
84
77
73
71
71
71
72
70
61
53
46
39
34
31
32
33
26
13
1
-8
-13
-12
-9
-7
-10
-21
-36
-49
-52
-47
-40
-38
-40
-43
-49
-52
-55
-55
-54
-52
-47
-45
-48
-53
-56
-55
-52
-52
-49
-46
-45
-45
-50
-55
-58
-58
-50
-43
-41
-46
-53
-56
-54
-50
-44
-37
-35
-36
-39
-41
-40
-37
-34
-29
-25
-27
-33
-37
-30
-21
-17
-16
-16
-16
-20
-26
-26
-15
-8
-8
-15
-17
-12
-8
-8
-8
-3
7
11
10
5
4
7
10
13
17
19
17
12
10
11
14
17
20
26
27
20
15
15
19
22
22
23
24
24
19
10
6
10
14
13
11
12
13
8
0
-3
2
10
9
5
6
11
10
3
1
9
20
20
12
7
10
14
14
13
19
26
26
17
10
11
16
17
16
17
17
14
11
8
10
12
16
20
20
19
18
17
17
18
21
28
34
33
27
21
19
22
26
29
28
24
19
12
8
7
9
11
13
12
9
3
-4
-7
-5
3
6
4
0
-5
-9
-11
-11
-8
-2
1
-3
-12
-17
-20
-22
-20
-15
-12
-15
-24
-34
-41
-41
-37
-34
-33
-36
-42
-53
-60
-58
-53
-45
-41
-43
-49
-55
-58
-56
-52
-47
-41
-38
-41
-43
-44
-42
-39
-35
-27
-20
-20
-22
-25
-28
-23
-15
-6
-2
0
-3
-8
-10
-7
1
10
16
11
2
-1
2
8
15
19
19
18
18
20
22
29
35
38
39
43
48
53
54
55
55
58
66
72
78
79
77
75
73
77
84
88
92
92
87
81
78
81
85
88
90
87
81
76
72
72
73
72
70
62
57
50
43
38
33
28
23
15
5
-6
-17
-23
-28
-35
-43
-53
-63
-73
-79
-84
-88
-90
-95
-103
-106
-108
-108
-108
-109
-107
-104
-101
-99
-96
-93
-90
-85
-77
-68
-59
-55
-54
-49
-45
-38
-30
-22
-16
-12
-11
-10
-7
-3
-1
1
1
2
1
0
-1
-1
-2
-3
-6
-7
-11
-14
-14
-11
-9
-16
-23
-25
-22
-21
-22
-22
-19
-16
-20
-25
-24
-18
-14
-11
-9
-4
1
2
4
10
14
19
25
33
38
41
44
48
53
58
64
70
73
74
73
76
80
84
86
87
88
86
82
79
75
74
73
69
65
58
49
42
36
29
21
14
10
3
-7
-18
-26
-31
-38
-45
-48
-51
-57
-64
-69
-72
-74
-76
-76
-73
-72
-72
-72
-72
-69
-63
-58
-53
-49
-46
-44
-41
-38
-30
-23
-17
-14
-12
-9
-7
-6
-4
1
7
14
15
13
9
8
12
16
20
22
22
18
10
6
9
15
20
20
16
12
6
2
1
3
7
10
9
2
-3
-7
-7
-6
-5
0
3
1
-7
-11
-7
-2
3
7
12
15
14
9
7
9
18
26
30
31
31
28
28
29
34
40
44
43
40
38
38
38
39
39
36
36
36
35
33
28
22
20
20
19
18
18
14
8
2
-1
3
7
6
0
-8
-12
-12
-9
-8
-8
-10
-14
-17
-21
-22
-22
-19
-19
-20
-21
-23
-25
-29
-31
-31
-28
-23
-21
-23
-29
-34
-34
-31
-24
-19
-16
-16
-20
-27
-28
-24
-17
-12
-10
-10
-11
-13
-15
-16
-14
-9
-4
-1
-2
-5
-9
-11
-10
-7
-3
0
0
-3
-5
-7
-7
-7
-6
-6
-5
-6
-6
-7
-7
-6
-6
-6
-6
-4
-3
-2
-2
0
-1
-2
-2
0
1
3
4
7
9
8
7
7
10
12
12
14
17
18
17
14
16
20
19
18
21
23
26
24
21
19
19
19
19
19
21
22
22
17
14
13
12
14
13
15
13
11
8
5
5
9
9
6
5
6
9
7
3
2
6
10
9
7
7
9
11
10
9
11
13
11
6
4
6
9
7
3
0
-1
-1
-4
-6
-6
-6
-9
-12
-17
-19
-20
-20
-23
-26
-28
-29
-29
-30
-33
-34
-34
-33
-36
-36
-35
-37
-39
-41
-40
-36
-35
-38
-40
-39
-36
-33
-33
-33
-32
-29
-27
-26
-25
-22
-18
-18
-22
-19
-14
-12
-11
-15
-12
-9
-6
-4
-4
-2
0
0
0
3
8
8
5
3
6
10
11
9
8
10
13
13
13
14
17
19
18
17
17
21
22
21
21
21
24
26
26
25
27
28
31
32
34
36
38
39
37
36
38
39
39
38
38
37
39
37
35
34
32
32
33
32
30
30
30
25
23
23
24
24
19
18
18
20
19
