-8
-8
-7
-7
-7
-6
-5
-7
-5
-6
-6
-6
-6
-6
-6
-5
-6
-6
-6
-6
-7
-7
-8
-7
-8
-8
-9
-10
-10
-10
-11
-12
-12
-13
-13
-12
-13
-14
-13
-13
-13
-12
-11
-11
-8
-7
-6
-4
-2
0
3
6
7
10
13
16
18
20
22
26
28
29
31
34
35
37
38
39
40
40
41
42
41
41
41
41
41
43
41
40
39
38
36
37
34
33
31
29
26
24
23
20
17
13
11
10
5
2
-1
-2
-4
-7
-8
-10
-11
-11
-13
-14
-14
-13
-13
-13
-11
-11
-9
-8
-7
-5
-4
-3
-2
-2
-1
1
0
-1
1
-1
-1
-2
-3
-4
-7
-8
-11
-11
-13
-17
-20
-22
-23
-26
-30
-33
-36
-38
-40
-46
-50
-53
-51
-55
-59
-70
-68
-51
-66
-79
-74
-67
-68
-72
-79
-81
-63
-60
-70
-72
-68
-54
-50
-51
-49
-47
-38
-24
-22
-25
-18
-7
1
5
5
7
20
23
25
28
28
39
41
40
42
46
51
53
53
51
55
60
58
56
54
56
58
56
57
55
49
52
53
51
48
47
47
47
47
45
42
38
41
41
39
35
35
36
34
34
35
34
34
37
36
35
36
38
39
38
36
38
41
41
40
39
40
41
39
40
38
36
36
36
34
31
29
26
25
21
17
14
11
10
5
1
-3
-5
-8
-15
-17
-16
-21
-27
-29
-33
-38
-40
-44
-50
-52
-53
-59
-64
-67
-69
-75
-77
-81
-84
-87
-92
-95
-100
-101
-102
-108
-111
-113
-111
-110
-111
-113
-114
-114
-114
-113
-110
-109
-105
-100
-96
-91
-88
-85
-79
-72
-66
-58
-52
-48
-45
-39
-36
-30
-23
-15
-8
-3
2
6
10
14
19
27
33
39
44
50
53
57
60
64
71
75
78
82
86
86
86
86
87
90
90
91
91
92
92
90
88
88
88
88
88
87
87
86
84
81
81
81
79
79
79
80
81
78
76
77
78
79
80
79
79
80
80
79
78
76
77
79
78
77
77
76
73
70
68
67
65
65
62
59
57
52
46
42
37
33
29
22
19
14
6
1
-6
-11
-15
-21
-26
-32
-39
-45
-52
-58
-64
-70
-76
-83
-90
-96
-103
-109
-117
-123
-128
-133
-139
-143
-148
-152
-157
-159
-160
-164
-165
-168
-170
-170
-171
-172
-173
-171
-171
-171
-170
-168
-166
-161
-158
-151
-144
-137
-129
-124
-118
-110
-103
-94
-84
-74
-66
-57
-51
-43
-35
-28
-20
-9
2
10
18
25
31
38
46
53
61
70
79
86
92
97
102
106
110
116
121
126
130
132
135
134
135
136
137
137
138
137
136
134
132
131
127
126
125
125
122
119
116
114
112
110
108
106
104
101
99
96
93
92
91
90
89
89
88
87
87
84
83
82
82
81
81
78
75
73
70
67
64
61
61
57
54
48
42
37
32
28
22
16
13
6
-1
-11
-19
-26
-32
-38
-45
-52
-60
-66
-76
-84
-92
-99
-104
-111
-115
-122
-130
-136
-142
-148
-155
-161
-165
-168
-173
-178
-183
-187
-190
-193
-196
-197
-197
-196
-197
-199
-199
-198
-195
-195
-193
-190
-186
-184
-181
-177
-172
-165
-159
-150
-140
-132
-125
-116
-106
-97
-87
-76
-64
-51
-40
-32
-23
-14
-2
7
17
28
41
49
58
66
74
84
92
101
111
121
129
135
141
147
150
155
160
162
166
168
169
169
169
166
166
166
166
167
165
165
163
161
160
158
156
155
154
150
149
144
140
136
132
130
127
124
120
119
116
113
111
109
110
110
109
109
109
107
103
102
101
100
98
96
94
91
88
84
78
74
70
66
60
55
49
42
36
28
20
12
5
-2
-11
-19
-29
-39
-46
-55
-63
-72
-80
-87
-94
-103
-109
-117
-123
-128
-135
-140
-147
-152
-160
-165
-170
-175
-180
-184
-188
-191
-196
-200
-202
-203
-205
-205
-205
-205
-207
-207
-208
-207
-206
-205
-204
-201
-200
-201
-200
-197
-196
-192
-186
-178
-168
-159
-149
-140
-131
-118
-106
-93
-76
-63
-50
-38
-28
-19
-10
-1
10
21
31
42
50
60
68
76
87
97
108
120
131
142
150
155
160
165
170
174
177
179
178
179
177
172
168
166
165
164
161
159
156
153
150
146
141
139
137
133
128
124
119
115
109
103
98
95
92
90
86
84
81
79
76
76
74
75
75
72
67
71
74
73
70
69
71
72
69
66
64
67
64
59
55
50
48
43
36
29
24
21
18
12
3
-4
-6
-10
-16
-24
-28
-32
-38
-45
-53
-59
-67
-76
-85
-92
-98
-105
-114
-122
-129
-135
-140
-146
-151
-155
-159
-166
-171
-175
-178
-181
-187
-190
-192
-192
-193
-197
-198
-197
-195
-195
-197
-195
-192
-190
-190
-189
-187
-183
-178
-175
-169
-163
-153
-143
-133
-125
-114
-101
-86
-75
-63
-49
-36
-24
-14
-4
7
19
28
38
50
63
75
84
94
106
117
127
137
146
157
164
170
176
182
187
190
191
192
192
191
187
183
182
178
172
168
162
158
151
144
139
134
126
119
113
108
101
94
89
84
78
71
65
62
58
54
51
47
47
46
45
45
46
49
51
53
54
57
60
63
65
67
71
73
74
76
78
78
78
78
77
76
75
71
69
66
62
58
54
48
42
36
30
24
18
8
1
-7
-14
-22
-29
-36
-45
-54
-65
-72
-80
-89
-98
-107
-118
-125
-133
-141
-148
-156
-162
-169
-176
-181
-187
-190
-194
-198
-202
-206
-207
-210
-214
-215
-216
-216
-216
-217
-215
-215
-211
-208
-203
-199
-194
-185
-178
-171
-162
-152
-141
-131
-121
-112
-102
-91
-79
-68
-57
-45
-34
-25
-15
-5
5
17
27
36
48
57
68
77
87
94
102
108
116
124
131
136
140
143
145
147
148
149
150
150
148
146
146
142
139
133
129
126
120
115
110
105
101
97
92
86
82
77
73
70
67
62
61
57
52
49
45
44
46
49
52
54
54
52
53
55
61
69
75
79
83
85
85
85
87
90
97
100
99
100
98
99
98
99
98
98
95
94
93
92
87
82
74
68
62
56
50
43
33
24
15
6
-3
-12
-24
-36
-44
-53
-61
-73
-85
-97
-109
-119
-127
-135
-143
-152
-159
-168
-177
-183
-186
-189
-195
-201
-205
-208
-211
-214
-217
-218
-219
-217
-215
-210
-207
-213
-217
-214
-206
-194
-179
-162
-147
-136
-130
-124
-114
-98
-82
-66
-47
-25
-9
7
28
41
39
42
50
73
109
137
146
144
160
195
215
206
190
189
198
211
230
224
195
179
157
116
70
36
35
67
84
41
-37
-120
-180
-189
-158
-122
-97
-105
-138
-164
-192
-219
-207
-152
-66
10
49
45
22
18
36
91
176
252
299
314
305
288
289
308
352
399
430
438
417
373
323
292
281
299
319
303
251
194
134
81
59
75
102
111
83
24
-28
-58
-60
-52
-30
-2
-3
-37
-92
-145
-173
-168
-145
-120
-119
-154
-210
-263
-296
-323
-318
-310
-315
-328
-384
-430
-482
-492
-490
-510
-517
-552
-621
-687
-694
-559
-268
-59
-52
-269
-525
-555
-373
-49
242
496
647
589
320
-23
-103
160
645
1024
1088
840
428
69
-78
38
324
574
603
416
45
-332
-576
-628
-454
-186
20
23
-216
-581
-875
-920
-692
-327
-31
49
-83
-331
-547
-612
-481
-164
192
428
460
259
-19
-208
-176
105
451
693
718
525
247
20
-51
84
341
567
620
476
210
-47
-189
-136
91
386
596
549
315
-17
-193
-72
201
530
695
669
519
292
109
74
218
486
725
760
571
244
-50
-151
-39
198
356
320
83
-257
-523
-613
-511
-310
-148
-128
-286
-506
-670
-684
-551
-336
-155
-51
-74
-205
-328
-375
-268
-50
136
184
101
-101
-235
-305
-278
-150
-111
-110
-329
-626
-806
-770
-305
95
234
-110
-696
-854
-696
-241
147
444
758
800
406
-264
-569
-201
648
1306
1384
962
277
-228
-407
-111
391
729
734
359
-159
-658
-950
-870
-469
-26
169
23
-415
-906
-1195
-1087
-563
-10
266
129
-225
-533
-697
-615
-293
168
540
637
457
110
-206
-341
-126
364
773
847
541
127
-144
-191
-45
232
506
590
425
110
-148
-225
-141
158
534
761
736
357
24
-41
144
554
883
1017
901
563
220
117
267
553
800
813
587
207
-128
-253
-161
40
152
98
-108
-445
-722
-780
-657
-402
-204
-189
-296
-499
-660
-624
-366
-60
183
180
-3
-157
-261
-144
22
181
266
195
67
-109
-313
-387
-368
-258
-146
-297
-564
-914
-1093
-1038
-605
-136
114
-46
-716
-1030
-997
-467
178
586
966
976
606
-105
-508
-187
715
1498
1667
1304
555
-51
-421
-241
328
755
882
485
-156
-782
-1215
-1190
-739
-191
54
-66
-539
-1042
-1367
-1341
-792
-126
296
284
-81
-431
-619
-570
-196
325
785
922
721
353
24
-115
52
483
881
993
684
228
-119
-238
-117
150
427
537
358
-1
-285
-296
-50
249
522
544
429
238
113
219
451
767
930
919
679
398
316
406
656
815
775
542
215
-63
-171
-68
49
106
-17
-293
-584
-797
-847
-711
-485
-349
-340
-475
-693
-788
-719
-464
-143
38
71
-72
-246
-332
-246
7
254
304
210
13
-185
-288
-367
-297
-146
-141
-274
-639
-921
-1006
-829
-332
-6
86
-366
-918
-1049
-788
-190
314
721
918
715
69
-532
-488
188
1088
1477
1319
741
40
-392
-411
78
583
779
569
47
-552
-1046
-1222
-930
-366
4
39
-291
-820
-1201
-1304
-877
-205
242
320
49
-233
-408
-434
-211
212
669
912
823
542
191
-37
35
394
843
1027
808
365
-22
-170
-82
164
430
564
460
193
-87
-206
-9
279
659
796
624
412
141
175
424
774
1139
1222
979
541
220
215
515
830
969
826
439
60
-237
-247
-93
69
190
42
-249
-566
-806
-797
-593
-377
-180
-142
-320
-549
-691
-619
-336
-43
95
120
-62
-242
-312
-274
-76
41
42
-43
-200
-396
-486
-549
-483
-451
-622
-756
-925
-968
-841
-604
-285
-75
-338
-752
-967
-851
-285
178
629
939
784
270
-429
-577
55
879
1380
1296
723
89
-448
-645
-251
222
562
513
18
-546
-1135
-1418
-1175
-639
-177
-32
-272
-685
-1044
-1223
-943
-356
162
441
359
121
-143
-345
-223
197
726
1055
1010
714
306
-6
-31
268
672
873
720
325
-35
-249
-278
-113
138
357
401
202
44
-27
33
272
418
647
774
710
624
520
654
960
1179
1173
1015
790
726
770
799
856
737
586
380
174
80
-38
-72
-95
-157
-221
-360
-507
-595
-646
-583
-424
-346
-321
-354
-425
-382
-334
-237
-89
-8
-3
-86
-193
-234
-183
-130
-115
-155
-255
-360
-474
-558
-612
-709
-819
-940
-920
-827
-562
-292
-205
-368
-815
-958
-771
-253
218
469
710
644
304
-270
-501
-50
697
1173
1073
629
42
-370
-544
-300
127
322
219
-193
-642
-1040
-1267
-1108
-701
-368
-320
-515
-793
-1020
-1116
-906
-412
13
191
81
-105
-206
-241
-112
150
474
693
712
580
330
105
21
160
416
583
530
295
16
-191
-233
-165
46
265
409
414
234
112
90
243
522
755
975
1050
961
802
684
776
1028
1263
1333
1236
1006
818
687
668
715
698
612
422
226
74
-48
-146
-186
-207
-183
-173
-222
-257
-331
-379
-356
-284
-125
-22
2
-6
-38
-21
-24
-2
32
14
56
-2
-76
-189
-401
-391
-426
-392
-433
-708
-885
-1103
-1127
-970
-611
-170
41
-247
-874
-1184
-1006
-284
293
655
916
803
362
-466
-830
-287
671
1345
1257
617
-148
-731
-953
-580
-27
339
326
-201
-801
-1396
-1656
-1303
-749
-297
-259
-523
-832
-1145
-1285
-1033
-455
71
271
140
-83
-267
-406
-325
14
468
764
725
500
155
-122
-209
6
412
645
561
191
-170
-338
-340
-157
86
310
421
290
133
35
89
312
533
790
965
985
877
699
639
759
970
1129
1159
1011
821
681
594
607
594
566
479
276
101
-33
-48
1
-29
-83
-143
-182
-157
-147
-94
12
68
135
108
52
61
106
254
334
336
268
132
30
-77
-75
-4
-23
-149
-352
-495
-549
-677
-849
-932
-902
-734
-440
-187
-31
-321
-839
-1013
-722
-47
411
660
870
820
371
-333
-610
-115
699
1192
1115
537
-229
-852
-1037
-653
-184
40
-69
-506
-1020
-1529
-1699
-1366
-918
-617
-576
-669
-816
-1059
-1234
-1064
-584
-73
221
209
48
-217
-413
-376
-58
409
665
620
360
50
-152
-215
-107
134
304
309
143
-98
-309
-455
-408
-145
194
385
311
126
-20
-10
209
538
876
1050
1020
900
788
750
855
1027
1171
1212
1063
854
638
485
480
535
557
465
249
34
-154
-273
-262
-168
-68
-68
-183
-275
-296
-228
-90
50
201
263
245
208
238
328
385
383
338
322
296
243
143
39
-32
-82
-141
-254
-415
-614
-680
-700
-534
-204
74
149
-301
-717
-761
-382
115
431
802
1102
1013
319
-384
-447
243
1095
1443
1260
579
-194
-737
-805
-408
2
200
21
-471
-1139
-1670
-1759
-1440
-985
-691
-568
-685
-1032
-1446
-1616
-1295
-741
-228
14
-41
-252
-543
-701
-625
-305
131
446
521
311
-46
-388
-544
-391
-7
355
447
211
-193
-507
-614
-453
-72
283
427
301
67
-76
-64
101
385
708
907
950
834
686
613
656
867
1078
1162
1087
882
682
511
420
443
482
452
317
110
-76
-211
-285
-256
-201
-165
-163
-203
-240
-257
-231
-100
42
149
220
241
260
249
255
345
423
419
317
234
248
224
172
43
-41
-140
-319
-404
-448
-255
31
290
352
-60
-493
-654
-330
146
495
860
1151
1100
388
-407
-578
131
1101
1551
1400
708
-46
-593
-685
-289
178
461
326
-177
-861
-1413
-1555
-1283
-877
-628
-544
-672
-938
-1282
-1513
-1387
-1036
-607
-311
-220
-288
-531
-799
-938
-771
-323
161
408
287
-83
-473
-651
-541
-208
141
312
246
33
-193
-351
-372
-229
40
281
378
309
151
-2
-46
92
339
592
704
650
518
379
377
497
656
757
737
678
601
529
450
380
299
225
175
155
143
39
-90
-184
-214
-211
-216
-206
-159
-125
-125
-122
-114
-95
-79
-25
93
195
236
261
247
200
113
34
96
190
239
188
-19
-187
-295
-121
339
743
829
351
-198
-426
-218
234
660
1126
1459
1376
640
-232
-580
-95
829
1449
1560
1075
315
-419
-805
-595
-34
586
788
412
-357
-1083
-1330
-1119
-694
-350
-129
-155
-460
-919
-1288
-1262
-983
-616
-328
-216
-216
-420
-760
-1079
-1149
-819
-266
159
200
-160
-674
-1004
-997
-654
-210
90
165
-15
-287
-494
-485
-221
94
291
322
258
192
147
147
221
342
489
610
629
542
367
248
258
339
459
502
460
337
180
88
65
98
127
132
75
-22
-97
-117
-136
-181
-194
-159
-112
-124
-188
-196
-195
-159
-100
-59
2
-16
-56
-62
-29
56
88
36
-4
-10
16
2
-153
-286
-341
-259
126
525
830
636
103
-256
-307
59
508
1086
1627
1757
1197
225
-413
-265
603
1467
1921
1703
896
20
-615
-614
-159
454
920
867
302
-521
-1072
-1101
-759
-378
-76
125
130
-103
-561
-908
-991
-786
-379
-24
244
246
-52
-580
-1089
-1186
-781
-133
341
377
-5
-582
-1074
-1195
-932
-476
-51
115
-9
-380
-776
-888
-699
-338
30
287
385
232
-121
-353
-313
9
406
654
751
660
464
208
-18
-57
143
445
628
563
322
56
-198
-344
-314
-139
47
91
-22
-194
-379
-491
-478
-363
-193
-49
26
-11
-141
-245
-233
-139
-60
-2
83
161
165
65
-77
-167
-184
-77
50
97
-30
-256
-392
-402
-97
265
567
474
94
-166
-266
-106
120
613
1229
1585
1306
511
-140
-249
319
1067
1632
1707
1224
567
-98
-377
-294
123
664
882
691
124
-393
-694
-761
-659
-391
14
295
324
8
-379
-623
-690
-528
-276
120
474
534
176
-447
-918
-951
-522
78
526
544
139
-439
-889
-962
-677
-171
246
301
58
-255
-388
-390
-362
-292
-109
126
265
235
118
15
-55
-68
-21
111
279
379
368
237
72
-44
-109
-104
-52
54
126
63
-122
-343
-484
-518
-451
-343
-246
-233
-312
-410
-481
-486
-418
-332
-243
-215
-205
-165
-139
-125
-179
-242
-238
-157
-30
59
31
-37
-100
-184
-262
-399
-465
-383
-267
12
261
430
323
-95
-387
-419
-117
248
640
1040
1325
1225
665
51
-260
82
747
1359
1634
1363
840
181
-278
-356
-71
418
714
647
260
-144
-461
-590
-609
-508
-240
11
214
199
7
-182
-344
-356
-285
-105
205
508
586
320
-139
-465
-425
-129
239
453
462
296
-14
-300
-431
-307
-23
175
245
206
197
190
99
-35
-123
-51
137
324
434
463
410
291
102
-34
3
197
411
454
327
154
-23
-172
-287
-300
-175
-43
-38
-185
-428
-623
-706
-679
-566
-480
-446
-466
-530
-588
-593
-560
-505
-463
-415
-300
-206
-169
-224
-331
-366
-308
-163
-51
-50
-123
-221
-300
-384
-432
-418
-363
-384
-412
-249
19
249
106
-223
-472
-507
-264
73
559
998
1188
930
359
-120
-178
240
777
1201
1287
1062
645
126
-178
-242
-13
313
455
332
-2
-279
-396
-415
-483
-512
-431
-238
-39
-6
-33
-107
-184
-256
-325
-214
64
374
455
232
-69
-153
-3
212
329
316
286
213
125
86
135
291
386
351
278
293
433
540
511
403
353
374
407
417
476
596
686
658
511
368
325
386
449
460
409
345
245
86
-46
-87
-37
-22
-133
-300
-443
-503
-511
-511
-512
-552
-603
-654
-658
-620
-579
-558
-568
-581
-545
-441
-328
-267
-310
-377
-390
-325
-228
-168
-163
-165
-203
-296
-422
-484
-422
-314
-294
-347
-313
-181
8
-23
-193
-381
-444
-355
-202
129
547
871
779
317
-183
-344
-81
339
709
838
759
514
150
-162
-342
-235
34
198
104
-165
-325
-335
-349
-468
-561
-509
-370
-283
-271
-187
-87
-85
-265
-474
-463
-243
38
124
14
-130
-154
-38
93
149
139
97
46
-1
27
174
393
522
507
428
396
449
499
554
627
734
782
739
667
674
779
881
881
785
695
690
740
763
706
609
517
411
309
240
269
323
287
101
-144
-321
-374
-340
-290
-278
-316
-401
-509
-575
-576
-512
-462
-462
-481
-462
-381
-282
-236
-268
-342
-370
-302
-164
-56
-13
-26
-93
-200
-303
-315
-217
-95
-116
-270
-469
-535
-389
-147
93
143
32
-231
-520
-652
-475
12
496
718
523
119
-273
-457
-345
-53
318
510
458
207
-92
-244
-275
-229
-213
-216
-228
-236
-238
-256
-259
-331
-437
-561
-607
-489
-308
-141
-103
-199
-365
-506
-559
-496
-340
-208
-137
-190
-264
-285
-249
-159
-112
-96
-111
-132
-105
7
201
390
476
424
327
275
323
446
600
757
848
857
793
731
729
779
845
880
882
869
857
835
766
651
539
491
499
516
503
448
348
179
-5
-138
-147
-61
15
-3
-125
-283
-375
-384
-339
-285
-242
-206
-212
-261
-311
-303
-247
-179
-144
-117
-96
-86
-107
-130
-109
-59
-31
-60
-110
-144
-163
-193
-257
-309
-331
-260
-89
66
145
16
-187
-368
-442
-385
-208
68
291
339
122
-165
-390
-427
-297
-133
60
159
149
22
-192
-324
-364
-301
-231
-203
-207
-232
-273
-314
-312
-302
-288
-351
-450
-508
-492
-369
-245
-204
-270
-412
-509
-529
-482
-412
-360
-341
-333
-323
-298
-259
-260
-286
-299
-241
-97
49
156
184
155
116
95
173
330
513
637
667
637
612
613
659
735
822
926
973
944
837
712
666
701
758
781
741
666
563
437
317
251
241
257
230
170
114
65
13
-83
-150
-155
-98
-34
-18
-59
-129
-217
-264
-220
-111
18
62
28
-43
-113
-135
-114
-25
94
164
129
5
-104
-159
-138
-95
-47
-34
-106
-124
-83
50
106
-1
-145
-293
-350
-381
-292
-62
206
308
121
-198
-483
-537
-415
-180
66
191
207
49
-162
-348
-396
-277
-146
-88
-143
-168
-151
-151
-252
-409
-484
-498
-452
-433
-377
-284
-254
-322
-523
-695
-742
-644
-485
-403
-405
-466
-517
-561
-563
-500
-386
-264
-244
-276
-318
-281
-154
-50
31
62
101
167
227
302
379
447
475
465
480
588
734
826
806
700
617
602
651
737
794
806
742
605
455
367
377
454
492
444
336
217
150
99
86
97
114
115
61
-16
-68
-72
-45
-32
-61
-97
-101
-65
-16
14
24
29
19
8
-13
0
44
81
93
96
129
145
88
-57
-201
-275
-215
-19
211
351
230
-55
-363
-526
-524
-365
-23
333
518
317
-102
-507
-653
-472
-106
299
509
462
210
-110
-324
-377
-212
59
253
238
41
-139
-234
-245
-279
-288
-274
-259
-280
-353
-368
-370
-392
-492
-614
-659
-608
-502
-461
-514
-630
-706
-698
-634
-554
-509
-470
-477
-518
-554
-530
-391
-226
-105
-91
-109
-90
-13
74
130
203
291
385
416
420
474
574
648
607
523
489
566
684
756
747
670
586
481
421
423
484
546
510
392
250
193
219
255
233
156
82
42
57
79
100
84
13
-89
-186
-185
-72
88
191
170
62
-59
-129
-123
-38
116
270
321
225
38
-91
-130
-111
-91
-70
62
226
330
211
-70
-304
-396
-327
-213
15
319
565
475
34
-420
-584
-331
68
426
646
630
395
-13
-308
-322
-65
287
501
477
218
-58
-224
-208
-132
-77
-22
-32
-96
-243
-357
-350
-330
-371
-491
-567
-540
-472
-450
-504
-585
-665
-698
-731
-714
-649
-555
-482
-527
-639
-710
-644
-468
-289
-180
-140
-147
-177
-178
-131
-13
107
184
243
309
403
456
429
342
272
286
395
547
661
689
606
452
291
194
235
368
490
510
406
276
167
96
57
53
96
147
164
144
91
18
-61
-136
-173
-142
-41
91
170
141
15
-101
-128
-89
-25
48
154
229
196
60
-86
-134
-128
-88
-57
71
261
381
313
15
-231
-344
-260
-120
82
392
669
699
309
-203
-508
-371
46
473
771
796
602
212
-162
-303
-162
202
507
593
400
108
-90
-148
-120
-101
-38
1
-6
-111
-216
-213
-197
-256
-440
-585
-572
-442
-318
-310
-393
-541
-680
-768
-750
-626
-495
-411
-461
-577
-688
-698
-579
-422
-271
-183
-126
-123
-154
-205
-214
-128
1
148
250
344
404
383
278
139
104
203
394
550
609
564
432
275
135
106
195
360
475
444
302
126
21
-20
-19
18
78
143
133
56
-51
-128
-175
-206
-200
-125
-2
74
65
-25
-122
-173
-169
-94
7
106
156
132
24
-114
-214
-216
-130
-35
162
357
510
382
23
-261
-333
-157
39
314
648
914
806
293
-247
-459
-162
330
782
999
883
549
70
-247
-272
15
467
754
711
343
-41
-241
-199
-92
6
118
172
145
-47
-232
-286
-265
-266
-369
-432
-364
-232
-187
-313
-530
-701
-734
-673
-546
-422
-340
-337
-490
-704
-860
-799
-548
-286
-129
-102
-126
-189
-273
-334
-280
-127
61
203
266
303
282
230
151
103
152
281
436
514
491
392
283
186
130
147
228
338
365
289
147
4
-63
-73
-20
51
99
88
3
-114
-203
-228
-202
-157
-131
-113
-98
-94
-99
-139
-179
-185
-178
-139
-101
-34
35
25
-74
-223
-313
-294
-214
-87
154
388
497
282
-114
-358
-336
-88
186
501
833
999
739
159
-325
-347
132
708
1112
1159
859
380
-129
-348
-178
313
842
1027
771
218
-243
-395
-250
-27
194
372
405
258
-90
-357
-409
-307
-209
-208
-183
-89
-34
-156
-422
-663
-721
-599
-415
-255
-184
-207
-321
-548
-762
-836
-655
-314
-60
-3
-98
-209
-289
-360
-361
-206
36
214
212
115
76
104
144
147
155
223
322
384
380
325
241
166
101
94
157
258
348
315
151
-63
-220
-214
-100
35
106
75
-32
-179
-305
-343
-278
-169
-94
-111
-180
-237
-252
-228
-221
-227
-230
-227
-213
-196
-146
-85
-71
-179
-308
-370
-320
-235
-201
-43
178
392
307
-37
-300
-336
-100
121
393
710
973
882
343
-217
-401
8
612
1085
1231
995
532
-64
-416
-339
143
763
1093
952
373
-229
-539
-444
-144
171
444
520
372
-55
-430
-500
-318
-85
-15
3
11
-26
-187
-420
-560
-545
-391
-236
-130
-97
-150
-251
-443
-617
-680
-515
-180
86
152
-4
-198
-338
-372
-294
-89
189
379
377
190
14
-32
77
224
327
396
425
438
390
295
198
140
148
192
258
322
356
297
121
-129
-312
-298
-134
61
130
51
-113
-306
-433
-450
-334
-170
-69
-99
-221
-340
-387
-349
-294
-243
-215
-213
-234
-273
-272
-221
-182
-196
-276
-306
-286
-260
-292
-361
-243
6
292
297
51
-194
-294
-193
-80
189
598
1018
1043
522
-146
-484
-173
456
1033
1285
1115
641
-18
-473
-458
52
749
1149
1015
388
-298
-666
-538
-121
284
533
513
256
-178
-524
-531
-244
67
148
34
-101
-174
-239
-340
-415
-414
-302
-170
-83
-59
-115
-210
-377
-550
-599
-418
-42
280
327
68
-285
-480
-417
-164
162
466
605
497
176
-131
-156
99
457
675
677
564
409
276
180
171
269
400
469
432
344
256
179
67
-71
-141
-93
42
121
70
-75
-242
-363
-416
-357
-211
-60
-31
-170
-379
-526
-500
-369
-220
-154
-176
-255
-375
-466
-469
-348
-198
-136
-206
-338
-420
-464
-457
-460
-406
-214
35
246
123
-183
-451
-458
-258
-57
250
641
972
790
106
-563
-651
-55
692
1194
1204
778
135
-465
-628
-312
347
970
1147
725
-120
-772
-822
-314
241
515
517
310
-36
-475
-653
-411
37
299
173
-76
-219
-209
-203
-271
-335
-305
-163
-20
46
-9
-146
-285
-413
-445
-335
-41
299
412
200
-212
-485
-436
-119
261
561
676
563
251
-90
-186
49
479
811
874
702
439
209
100
150
340
584
706
622
403
171
54
11
30
103
180
225
158
16
-149
-275
-322
-277
-165
-51
3
-51
-184
-363
-491
-475
-337
-154
-72
-115
-217
-350
-446
-483
-399
-210
-70
-97
-266
-434
-485
-430
-380
-342
-365
-336
-201
-7
125
-33
-317
-515
-455
-245
-21
276
597
738
369
-316
-791
-600
135
824
1113
861
276
-339
-690
-526
-3
614
972
844
255
-512
-907
-664
3
522
601
343
-6
-309
-548
-550
-266
143
353
203
-102
-325
-375
-333
-301
-257
-154
9
125
81
-144
-387
-460
-343
-126
50
200
289
213
-47
-351
-409
-141
292
617
668
514
293
139
101
196
416
680
857
808
587
367
326
435
540
552
511
513
564
561
437
223
70
66
157
235
246
240
184
19
-235
-396
-308
-43
157
125
-80
-298
-420
-426
-321
-169
-51
-34
-123
-266
-397
-442
-356
-214
-128
-184
-295
-344
-310
-268
-295
-360
-431
-467
-537
-466
-230
111
237
-97
-587
-893
-711
-300
93
393
557
484
-31
-720
-1075
-671
269
1076
1248
659
-204
-827
-867
-365
270
808
989
725
36
-755
-1053
-625
204
764
736
286
-203
-537
-670
-524
-161
239
386
196
-156
-473
-588
-509
-336
-171
-70
4
19
-105
-391
-645
-640
-345
6
188
195
76
-125
-348
-425
-199
227
572
644
477
260
106
86
249
545
824
912
793
592
444
421
501
620
724
767
745
657
529
388
302
303
364
425
433
396
293
129
-44
-135
-79
57
162
155
34
-145
-310
-371
-289
-114
45
84
-14
-191
-332
-366
-281
-160
-77
-37
-49
-94
-213
-318
-326
-214
-93
-101
-199
-326
-395
-476
-472
-318
-3
209
-9
-491
-897
-808
-415
-24
199
265
208
-135
-628
-937
-677
32
700
877
414
-333
-875
-813
-215
415
712
575
216
-211
-587
-681
-342
264
657
534
34
-421
-609
-518
-244
71
275
219
-46
-335
-537
-605
-549
-361
-102
44
-20
-263
-548
-749
-769
-557
-187
121
171
-30
-338
-548
-559
-350
24
374
528
417
153
-43
-48
154
453
703
820
785
653
509
417
441
611
822
945
893
721
579
518
539
603
648
647
566
436
332
274
261
248
222
190
136
43
-46
-92
-70
0
35
19
-64
-143
-156
-125
-77
-46
-28
-21
-66
-127
-131
-42
46
38
-57
-113
-94
-56
-31
-48
-85
-175
-303
-389
-385
-325
-207
-98
2
-111
-454
-798
-867
-546
-147
105
92
-61
-301
-549
-693
-620
-294
117
449
491
139
-422
-807
-638
-52
490
653
439
98
-241
-483
-506
-224
198
486
477
228
-101
-421
-563
-436
-107
197
263
114
-152
-455
-712
-798
-608
-260
25
84
-101
-444
-813
-981
-799
-348
52
159
-14
-308
-549
-640
-503
-165
182
346
278
114
-20
-64
17
230
518
707
713
575
450
437
529
693
860
961
940
810
676
621
658
745
820
832
745
592
437
352
347
393
446
450
375
223
70
-11
3
72
131
159
127
50
-55
-135
-152
-97
19
105
108
-3
-139
-187
-134
-49
-25
-45
-54
-34
-37
-94
-160
-184
-158
-128
-137
-161
-179
-178
-197
-254
-314
-359
-357
-311
-226
-136
-145
-280
-488
-601
-530
-333
-145
-69
-106
-238
-404
-528
-516
-359
-133
56
87
-66
-322
-500
-472
-286
-87
-6
-45
-151
-268
-350
-371
-335
-298
-262
-203
-129
-103
-187
-329
-415
-377
-268
-159
-89
-62
-95
-198
-295
-304
-197
-46
39
25
-70
-170
-197
-142
-41
30
52
48
22
-14
-37
2
100
202
229
178
129
125
170
215
270
343
391
403
357
299
283
322
419
518
586
591
547
479
426
429
506
637
728
725
634
518
453
430
442
492
567
628
579
428
267
188
209
262
307
324
298
192
34
-82
-72
29
98
73
-15
-92
-135
-165
-184
-178
-149
-107
-84
-102
-163
-234
-260
-216
-145
-92
-88
-125
-174
-217
-217
-180
-142
-148
-196
-241
-253
-251
-251
-246
-234
-237
-289
-371
-424
-400
-333
-284
-305
-384
-472
-521
-511
-472
-442
-445
-460
-473
-492
-522
-546
-540
-498
-443
-415
-412
-437
-458
-449
-401
-316
-248
-216
-227
-248
-236
-178
-90
-19
25
28
9
-4
31
121
218
257
233
189
186
232
291
332
335
310
265
233
233
266
305
324
316
285
243
217
232
284
332
339
312
271
255
264
305
359
396
398
370
348
358
389
418
426
410
385
367
370
396
420
397
343
292
286
313
337
330
284
222
166
143
168
212
231
202
137
73
39
56
121
182
180
111
29
10
45
89
126
155
162
112
20
-42
-28
28
61
40
-9
-66
-126
-175
-198
-195
-184
-183
-213
-286
-390
-468
-479
-445
-431
-474
-533
-583
-624
-663
-677
-646
-603
-602
-650
-698
-698
-661
-633
-628
-628
-613
-572
-524
-498
-506
-533
-530
-459
-345
-252
-231
-266
-304
-302
-237
-135
-32
30
27
-17
-47
-21
60
164
243
272
246
192
157
168
231
307
350
339
296
260
249
253
259
272
304
342
348
304
244
217
243
287
311
309
293
285
285
273
255
244
265
307
328
311
268
243
252
279
300
304
288
252
218
206
240
291
317
288
226
190
194
229
270
297
311
304
267
220
198
222
284
336
351
330
288
264
261
283
314
331
329
302
259
219
192
183
182
175
159
120
60
-10
-66
-89
-87
-87
-109
-160
-234
-315
-388
-421
-416
-389
-388
-430
-501
-565
-600
-619
-632
-635
-620
-600
-596
-620
-657
-684
-691
-675
-636
-576
-523
-508
-532
-568
-567
-522
-453
-394
-368
-371
-382
-365
-313
-247
-216
-218
-229
-215
-171
-117
-67
-31
-15
-30
-57
-54
1
79
127
122
94
85
109
145
174
185
187
185
187
203
228
252
260
256
248
242
242
248
267
296
312
300
261
240
250
285
310
309
296
290
297
304
308
306
305
298
289
286
301
333
359
358
329
296
282
287
312
346
377
383
355
315
295
308
331
343
342
336
325
302
277
257
244
235
220
201
183
170
156
133
89
37
2
-2
15
19
-15
-73
-132
-167
-176
-164
-144
-139
-168
-234
-304
-335
-314
-270
-244
-257
-296
-337
-372
-394
-395
-367
-325
-310
-339
-385
-409
-399
-382
-384
-401
-406
-392
-369
-359
-362
-374
-398
-430
-443
-414
-349
-286
-270
-309
-375
-415
-401
-333
-250
-196
-183
-211
-251
-278
-267
-218
-148
-92
-69
-81
-108
-125
-119
-83
-33
8
24
20
18
29
50
66
72
81
105
142
177
193
189
176
169
187
233
288
327
333
311
282
277
303
353
400
425
421
400
381
381
401
432
461
477
472
455
444
445
452
460
459
449
434
413
398
387
375
359
332
304
281
261
240
206
165
131
108
91
75
50
15
-27
-72
-105
-110
-93
-80
-93
-135
-183
-211
-210
-189
-160
-141
-136
-153
-176
-188
-180
-158
-135
-118
-110
-108
-110
-112
-116
-117
-109
-95
-85
-86
-90
-93
-95
-108
-127
-138
-130
-111
-102
-116
-149
-187
-207
-205
-186
-173
-182
-207
-239
-265
-284
-286
-274
-259
-266
-299
-343
-371
-372
-353
-331
-320
-333
-368
-406
-417
-395
-358
-324
-309
-311
-337
-367
-373
-332
-263
-206
-189
-208
-228
-221
-181
-116
-53
-10
8
16
29
53
86
125
166
201
228
254
279
305
322
335
355
385
421
452
477
488
484
467
454
467
506
551
563
534
481
439
430
447
469
478
459
407
334
267
238
254
287
290
242
154
71
27
29
51
62
44
-3
-62
-106
-123
-115
-104
-106
-121
-138
-144
-142
-146
-156
-169
-173
-166
-155
-143
-135
-127
-125
-131
-139
-138
-117
-84
-59
-55
-61
-68
-65
-58
-50
-38
-22
-10
-8
-9
-12
-15
-19
-23
-19
-5
12
16
-1
-32
-60
-73
-71
-64
-57
-55
-64
-90
-128
-165
-179
-169
-141
-125
-142
-187
-241
-273
-268
-239
-209
-204
-229
-274
-311
-316
-286
-240
-207
-200
-220
-252
-272
-263
-223
-173
-138
-130
-140
-149
-142
-117
-79
-44
-20
-10
0
21
46
69
90
108
121
130
144
172
205
230
238
232
229
239
260
287
304
306
292
279
279
288
301
309
312
306
288
265
253
258
273
280
268
245
220
204
201
207
209
200
179
153
127
114
107
103
94
78
61
40
21
-2
-24
-37
-41
-43
-56
-73
-86
-100
-116
-135
-150
-146
-133
-124
-130
-147
-170
-191
-194
-169
-134
-116
-125
-155
-173
-174
-159
-135
-113
-94
-94
-112
-132
-140
-128
-97
-62
-42
-48
-73
-93
-100
-83
-55
-30
-16
-24
-46
-63
-56
-35
-18
-14
-20
-31
-33
-30
-23
-19
-20
-27
-29
-26
-22
-28
-43
-53
-51
-41
-34
-36
-44
-50
-50
-48
-46
-40
-33
-29
-28
-25
-20
-12
-9
-11
-12
-5
11
25
29
22
9
5
8
19
33
45
50
44
34
29
30
43
58
73
82
87
88
82
78
87
108
131
144
140
130
123
129
143
161
175
176
165
146
128
126
137
152
159
147
117
85
64
61
67
69
60
37
10
-14
-33
-39
-38
-41
-52
-73
-98
-113
-116
-114
-110
-115
-128
-144
-157
-157
-144
-129
-125
-132
-151
-171
-176
-163
-138
-112
-104
-122
-154
-178
-175
-142
-97
-71
-74
-95
-118
-127
-115
-89
-58
-34
-29
-42
-59
-68
-61
-42
-25
-11
0
10
15
11
0
-5
3
28
50
67
71
60
48
42
44
59
79
94
101
103
97
88
84
88
98
109
117
120
115
105
93
89
98
107
106
99
93
94
96
94
91
86
81
74
69
76
86
90
85
76
71
72
72
73
74
79
85
92
96
90
75
63
62
74
90
99
101
90
75
60
54
63
75
80
73
54
38
27
23
24
18
10
1
-8
-18
-35
-54
-69
-73
-73
-80
-94
-110
-127
-144
-161
-173
-168
-159
-163
-180
-203
-218
-222
-218
-212
-206
-204
-210
-218
-222
-221
-213
-204
-196
-186
-176
-169
-166
-166
-161
-150
-134
-118
-107
-103
-100
-93
-76
-62
-57
-58
-54
-45
-33
-23
-18
-15
-19
-26
-27
-19
-5
8
9
-1
-19
-29
-26
-11
6
8
-2
-13
-13
-2
8
12
16
23
31
40
50
58
68
80
93
108
122
134
149
164
176
187
200
221
245
258
259
260
270
287
307
317
321
322
322
323
324
322
321
322
324
318
307
294
284
276
264
251
241
232
220
203
181
165
148
132
113
95
82
69
54
32
6
-12
-25
-34
-41
-54
-71
-89
-103
-112
-120
-133
-146
-157
-163
-167
-172
-181
-193
-206
-218
-222
-222
-219
-220
-225
-235
-248
-259
-263
-262
-256
-251
-253
-260
-269
-274
-273
-270
-264
-259
-255
-255
-255
-256
-254
-253
-252
-247
-240
-232
-229
-229
-233
-236
-236
-227
-215
-205
-198
-199
-204
-206
-205
-201
-194
-185
-172
-164
-164
-166
-168
-162
-152
-137
-120
-105
-95
-86
-76
-62
-45
-28
-8
14
35
54
71
87
105
124
143
164
186
204
223
239
254
271
289
305
322
340
355
366
372
382
396
408
412
412
414
418
423
425
421
414
407
405
402
398
393
388
379
364
350
335
323
312
301
289
272
253
235
217
198
177
159
141
127
113
96
80
62
43
30
17
1
-16
-26
-29
-38
-55
-76
-92
-100
-104
-114
-127
-136
-139
-143
-157
-173
-182
-179
-173
-170
-178
-194
-207
-214
-213
-209
-209
-214
-227
-245
-259
-267
-268
-263
-261
-270
-292
-312
-321
-317
-307
-310
-321
-334
-342
-346
-348
-352
-353
-347
-342
-347
-359
-366
-359
-344
-331
-325
-322
-314
-303
-293
-283
-267
-248
-226
-208
-190
-175
-162
-149
-135
-113
-88
-63
-42
-28
-12
2
16
36
59
86
109
126
138
150
162
176
192
214
236
253
264
268
271
276
286
302
323
340
346
342
333
333
345
361
374
376
373
366
361
358
358
361
361
356
346
337
330
323
312
301
290
280
269
260
252
238
224
209
194
182
173
161
150
138
125
112
103
95
86
77
64
53
50
48
44
36
24
13
10
10
10
5
-3
-12
-23
-33
-39
-40
-43
-56
-73
-93
-109
-116
-126
-134
-148
-170
-197
-224
-240
-247
-253
-264
-286
-311
-333
-345
-352
-357
-363
-371
-378
-384
-392
-400
-404
-399
-389
-378
-371
-366
-365
-365
-356
-340
-319
-298
-282
-272
-266
-261
-251
-228
-203
-177
-162
-156
-157
-152
-136
-114
-89
-70
-60
-56
-55
-52
-43
-21
1
19
27
27
31
39
54
69
87
103
116
126
131
134
141
156
178
195
209
215
217
218
227
239
256
272
284
286
280
274
274
282
296
309
311
304
292
282
281
288
297
300
297
286
273
264
260
261
261
257
252
242
236
231
228
226
222
216
210
203
197
189
180
167
155
143
130
121
112
102
88
71
52
36
24
14
4
-11
-32
-56
-77
-96
-110
-121
-132
-148
-165
-183
-201
-214
-221
-226
-229
-236
-246
-260
-270
-272
-273
-272
-275
-277
-276
-276
-274
-272
-270
-265
-260
-255
-248
-244
-241
-240
-235
-228
-224
-222
-218
-215
-211
-207
-201
-194
-188
-185
-183
-177
-167
-157
-148
-141
-138
-135
-130
-117
-105
-97
-92
-89
-85
-78
-66
-50
-31
-19
-17
-16
-8
7
26
45
62
68
73
76
80
89
101
115
125
135
142
143
145
149
155
162
174
182
188
193
193
189
190
195
200
207
215
219
215
212
211
211
217
222
225
224
222
217
212
212
211
207
202
196
191
186
179
176
173
167
159
150
142
135
128
118
105
95
85
74
64
52
41
27
13
0
-11
-16
-27
-38
-49
-61
-70
-77
-83
-89
-99
-107
-117
-122
-127
-130
-133
-135
-137
-139
-142
-144
-148
-153
-155
-157
-157
-156
-154
-157
-160
-162
-162
-160
-156
-153
-153
-159
-163
-166
-163
-155
-149
-145
-145
-147
-149
-150
-146
-141
-132
-123
-116
-111
-109
-106
-100
-89
-76
-62
-52
-45
-41
-38
-34
-23
-7
9
22
28
33
34
37
42
52
61
67
68
67
67
68
70
75
82
87
89
82
75
72
74
81
85
85
82
77
77
82
88
93
96
98
97
94
91
95
106
117
123
123
118
113
110
108
109
116
121
124
119
108
98
95
100
106
103
92
80
69
54
36
28
37
53
57
44
21
-1
-16
-17
-10
-2
-2
-9
-18
-33
-47
-55
-53
-41
-35
-39
-49
-59
-68
-73
-73
-63
-53
-49
-57
-70
-81
-89
-93
-92
-87
-80
-78
-83
-91
-102
-107
-105
-101
-97
-98
-96
-95
-98
-105
-113
-114
-104
-96
-92
-92
-90
-88
-87
-85
-81
-70
-57
-47
-46
-50
-53
-54
-51
-42
-29
-11
2
1
-9
-20
-20
-6
16
31
35
33
28
25
28
31
40
58
72
76
73
62
56
57
64
79
94
108
111
104
95
85
86
97
112
125
126
120
107
92
86
88
96
109
112
107
99
87
78
74
75
79
83
82
78
69
56
45
42
44
45
44
41
33
24
14
9
6
5
2
-2
-9
-17
-26
-36
-42
-46
-49
-53
-57
-64
-71
-76
-80
-83
-91
-98
-102
-104
-105
-108
-111
-115
-120
-124
-126
-125
-124
-123
-123
-124
-124
-123
-121
-112
-105
-102
-99
-98
-94
-93
-91
-91
-85
-74
-66
-64
-67
-72
-74
-70
-63
-53
-44
-39
-34
-34
-35
-33
-24
-13
-5
-1
1
7
11
14
17
22
30
36
40
44
49
53
56
60
65
71
78
83
88
91
91
91
92
97
106
115
121
123
122
121
125
131
136
140
142
146
148
148
148
151
152
152
152
155
162
163
157
152
147
150
152
151
147
141
132
122
114
110
104
97
90
84
79
74
66
59
55
53
49
43
37
28
19
11
6
1
-6
-15
-26
-39
-51
-61
-69
-79
-92
-103
-113
-124
-135
-146
-156
-166
-176
-185
-192
-198
-202
-211
-219
-225
-229
-229
-230
-230
-231
-234
-236
-238
-235
-230
-223
-215
-211
-209
-204
-199
-189
-176
-164
-151
-143
-136
-129
-121
-110
-98
-84
-73
-65
-57
-51
-46
-38
-32
-24
-13
-6
0
7
11
16
22
27
32
40
45
47
51
55
59
62
66
68
72
75
76
77
80
82
85
89
91
94
98
103
108
113
116
120
125
132
138
142
148
153
158
164
167
170
174
178
179
182
182
184
184
184
184
182
179
177
174
172
167
163
157
149
144
141
134
129
121
112
104
97
92
84
76
67
58
51
43
35
29
21
12
4
-4
-11
-17
-23
-32
-39
-45
-52
-61
-67
-76
-83
-90
-98
-105
-111
-116
-123
-128
-137
-143
-149
-158
-163
-166
-169
-172
-178
-182
-186
-192
-195
-196
-195
-194
-197
-199
-203
-204
-200
-196
-193
-189
-187
-187
-184
-181
-173
-166
-160
-153
-148
-143
-139
-130
-119
-109
-101
-94
-88
-81
-72
-64
-54
-46
-36
-28
-18
-8
-1
5
14
21
29
37
47
55
63
71
76
82
88
95
105
114
120
124
127
131
136
144
150
154
161
165
168
172
173
176
180
182
185
187
189
189
190
191
191
192
192
192
190
186
183
179
176
173
171
169
164
157
151
143
137
129
123
118
113
106
99
91
83
77
69
61
54
50
44
37
27
19
14
8
3
-3
-7
-15
-24
-32
-38
-43
-47
-54
-60
-65
-69
-77
-87
-95
-101
-104
-110
-116
-121
-124
-130
-139
-145
-149
-150
-154
-162
-168
-173
-176
-180
-184
-186
-187
-190
-196
-202
-205
-206
-207
-207
-209
-209
-210
-210
-210
-209
-205
-200
-194
-189
-185
-179
-171
-164
-155
-145
-132
-121
-110
-101
-92
-80
-66
-53
-42
-28
-17
-6
4
15
28
38
47
54
63
75
85
91
97
103
109
114
120
125
131
135
137
139
143
145
149
152
153
152
152
154
156
158
158
157
154
154
156
159
159
158
156
153
148
149
152
154
156
153
146
142
142
141
140
139
136
132
128
121
118
114
111
104
98
92
87
80
75
67
58
50
41
35
27
21
12
4
-6
-17
-24
-30
-36
-44
-54
-64
-72
-78
-84
-88
-94
-98
-104
-111
-116
-121
-125
-128
-132
-134
-138
-141
-144
-149
-150
-152
-154
-154
-155
-156
-156
-156
-157
-158
-155
-155
-154
-152
-150
-150
-148
-145
-143
-137
-131
-127
-122
-117
-114
-109
-105
-101
-94
-87
-82
-76
-71
-65
-58
-53
-44
-36
-27
-21
-15
-8
0
7
14
20
28
36
43
49
54
60
66
72
78
82
88
92
96
100
104
107
111
114
117
120
124
125
125
125
127
127
132
135
136
138
138
138
139
138
138
139
139
138
136
136
134
133
132
131
130
127
124
119
116
113
110
106
101
98
93
88
82
75
70
65
58
53
44
37
31
24
17
12
5
-2
-10
-18
-25
-31
-37
-46
-54
-61
-66
-73
-79
-86
-95
-101
-108
-111
-116
-121
-125
-129
-133
-136
-141
-144
-144
-145
-146
-148
-149
-149
-149
-149
-148
-147
-142
-140
-139
-137
-133
-128
-125
-121
-116
-113
-111
-108
-102
-97
-93
-88
-84
-78
-75
-71
-66
-62
-56
-51
-47
-42
-37
-33
-28
-24
-19
-16
-11
-8
-5
-2
3
6
12
15
17
20
25
29
32
36
41
43
46
49
53
57
60
64
70
74
77
81
83
85
90
94
96
101
105
108
112
114
117
119
122
125
126
127
128
129
130
132
133
132
131
130
129
125
125
127
127
125
123
119
113
108
104
101
98
92
86
80
74
66
60
53
48
41
34
29
22
15
8
-2
-11
-19
-26
-33
-42
-52
-60
-69
-75
-80
-85
-94
-101
-108
-114
-118
-121
-123
-125
-128
-130
-134
-134
-131
-126
-122
-120
-118
-114
-110
-106
-100
-94
-90
-85
-82
-81
-77
-73
-67
-61
-57
-54
-52
-50
-47
-45
-43
-42
-39
-37
-37
-37
-39
-39
-38
-38
-35
-33
-32
-33
-32
-35
-34
-32
-31
-29
-29
-32
-33
-32
-31
-27
-23
-17
-12
-9
-7
-4
0
4
13
19
24
28
29
31
35
40
46
53
60
64
67
69
72
75
79
83
86
88
89
88
91
92
92
95
96
100
100
100
96
92
90
88
88
87
84
80
76
72
69
66
64
62
60
57
55
53
48
44
40
35
31
28
22
18
14
5
1
-4
-9
-14
-19
-23
-29
-35
-39
-45
-49
-52
-56
-60
-63
-66
-70
-73
-75
-78
-77
-77
-76
-75
-74
-77
-77
-75
-71
-67
-65
-63
-62
-61
-57
-54
-48
-43
-38
-35
-34
-31
-30
-28
-24
-23
-18
-14
-13
-11
-12
-11
-11
-10
-10
-8
-5
-7
-8
-11
-11
-12
-12
-11
-10
-9
-10
-11
-12
-11
-9
-7
-6
-5
-3
0
0
2
3
4
5
6
9
12
15
17
19
23
26
30
31
32
34
36
38
40
42
45
48
48
49
51
53
56
55
55
56
55
56
56
56
56
57
56
55
53
52
50
46
45
43
40
37
34
29
27
24
20
17
15
11
7
2
-3
-4
-7
-11
-14
-18
-20
-23
-27
-32
-34
-34
-36
-37
-36
-36
-35
-37
-39
-37
-37
-37
-37
-38
-38
-36
-36
-36
-35
-33
-31
-30
-30
-30
-28
-26
-27
-27
-25
-26
-26
-27
-30
-28
-29
-30
-30
-30
-29
-25
-25
-26
-25
-24
-22
-21
-21
-20
-20
-19
-18
-16
-14
-11
-9
-8
-7
-4
0
2
5
9
13
16
17
19
22
25
27
28
30
31
34
35
35
36
39
38
40
39
39
41
40
39
40
41
40
39
37
36
36
36
37
36
36
35
35
35
35
34
35
34
34
34
32
33
31
31
32
30
28
28
27
24
24
21
21
17
13
12
9
5
-1
-4
-7
-11
-14
-19
-23
-27
-31
-36
-41
-47
-51
-52
-56
-61
-64
-66
-69
-73
-75
-77
-81
-81
-82
-82
-83
-83
-82
-81
-79
-79
-77
-75
-72
-70
-66
-63
-60
-57
-52
-50
-46
-42
-40
-38
-36
-34
-29
-25
-23
-21
-17
-14
-11
-6
-7
-3
-1
1
3
4
5
9
11
12
12
12
11
11
13
13
13
16
17
17
18
19
21
23
24
26
29
33
34
37
41
43
45
50
53
56
60
63
66
69
71
72
76
77
79
82
83
85
88
90
92
97
97
100
100
101
102
103
101
100
98
94
92
88
83
80
76
70
63
58
51
46
41
35
30
25
20
15
9
2
-3
-8
-13
-18
-23
-26
-31
-36
-41
-44
-48
-51
-55
-59
-62
-66
-69
-72
-74
-75
-77
-79
-83
-83
-85
-86
-86
-87
-90
-90
-91
-92
-93
-95
-97
-97
-96
-97
-98
-96
-95
-93
-90
-89
-87
-83
-79
-75
-69
-66
-62
-57
-52
-48
-43
-40
-34
-30
-25
-20
-17
-14
-9
-5
-3
0
3
6
10
12
12
13
14
15
17
18
17
17
17
17
17
14
15
18
19
19
20
21
24
25
28
30
32
37
41
45
50
52
56
60
64
69
73
76
80
82
85
88
90
93
97
98
100
100
102
105
105
106
107
107
107
105
104
102
99
98
95
91
86
79
73
70
66
61
54
47
41
36
30
25
22
17
13
8
3
-4
-11
-14
-18
-21
-26
-33
-38
-44
-51
-55
-57
-62
-64
-70
-76
-80
-84
-85
-87
-86
-87
-88
-90
-95
-94
-93
-93
-94
-95
-97
-97
-100
-102
-103
-104
-104
-104
-105
-107
-108
-108
-105
-101
-97
-92
-89
-88
-85
-82
-79
-73
-68
-65
-61
-59
-57
-54
-50
-47
-43
-41
-39
-37
-35
-34
-29
-24
-17
-14
-11
-5
-1
5
11
20
25
29
33
36
39
44
47
48
50
51
53
55
54
54
55
57
60
65
68
67
69
70
70
73
75
75
77
75
76
77
79
80
81
80
79
80
78
76
76
75
75
73
74
75
77
77
77
80
81
82
81
80
80
79
76
74
70
68
66
61
58
54
51
46
44
40
38
34
29
25
24
20
14
11
6
1
-4
-9
-15
-20
-25
-30
-34
-41
-48
-53
-59
-64
-69
-73
-78
-81
-84
-87
-89
-91
-93
-94
-95
-98
-98
-100
-101
-102
-103
-104
-105
-105
-103
-103
-104
-103
-103
-101
-100
-97
-93
-90
-87
-84
-81
-77
-74
-71
-66
-62
-59
-54
-53
-48
-46
-43
-41
-37
-34
-30
-25
-20
-17
-12
-7
-2
3
9
14
19
22
28
32
37
41
44
48
51
55
57
59
61
63
65
69
70
72
75
78
81
84
87
89
91
93
93
94
95
96
96
96
96
95
94
92
89
84
84
83
80
79
76
76
72
70
68
66
66
63
61
58
56
53
50
47
43
40
37
35
31
26
22
16
13
8
5
2
-2
-4
-8
-11
-14
-18
-20
-22
-27
-30
-34
-37
-39
-41
-47
-50
-53
-55
-61
-67
-70
-72
-74
-77
-80
-81
-83
-83
-85
-86
-86
-85
-86
-85
-86
-88
-88
-88
-87
-86
-86
-87
-86
-84
-83
-84
-83
-82
-79
-74
-71
-67
-63
-60
-57
-53
-49
-46
-41
-36
-33
-30
-25
-22
-17
-14
-11
-8
-3
-1
2
6
10
13
15
19
22
27
30
33
35
38
41
44
45
48
52
54
56
57
59
61
63
65
66
68
69
72
73
75
76
77
79
82
83
84
84
84
84
83
83
85
83
81
80
78
74
71
69
66
63
59
55
52
50
46
41
37
32
30
25
21
18
13
9
5
1
-3
-7
-9
-12
-14
-17
-19
-21
-24
-25
-28
-29
-30
-31
-31
-32
-33
-34
-34
-35
-36
-34
-34
-36
-37
-38
-39
-39
-43
-45
-48
-50
-51
-54
-57
-58
-61
-63
-64
-66
-67
-71
-75
-76
-79
-81
-83
-85
-85
-87
-88
-90
-90
-90
-89
-88
-87
-84
-83
-79
-77
-73
-68
-64
-59
-54
-47
-41
-34
-29
-20
-13
-8
-2
4
9
15
21
26
31
36
41
45
49
54
57
61
64
66
68
68
70
71
72
69
69
68
68
67
67
67
66
66
64
64
64
63
62
62
62
62
61
61
61
63
63
65
65
66
67
67
68
68
68
67
67
66
65
63
61
60
59
55
52
48
44
42
37
34
28
21
17
12
6
0
-6
-11
-16
-21
-25
-28
-33
-38
-43
-48
-50
-53
-56
-59
-60
-61
-62
-63
-65
-64
-61
-62
-59
-57
-55
-52
-51
-49
-47
-45
-43
-41
-41
-39
-39
-38
-36
-34
-33
-32
-31
-33
-32
-33
-34
-36
-40
-41
-43
-44
-47
-47
-49
-50
-52
-53
-52
-51
-52
-53
-52
-52
-51
-50
-49
-45
-43
-41
-38
-34
-29
-24
-20
-15
-8
-3
1
6
12
16
22
26
28
33
39
42
47
50
53
55
58
61
63
63
65
66
66
66
66
65
65
64
64
63
61
61
58
55
54
52
49
47
45
43
43
40
39
36
35
33
32
32
32
30
29
27
26
25
24
24
24
23
23
22
21
22
20
20
18
16
15
13
10
9
6
1
-1
-3
-5
-9
-13
-16
-20
-24
-27
-30
-33
-37
-41
-44
-46
-48
-51
-54
-56
-56
-58
-59
-59
-59
-59
-59
-58
-56
-55
-53
-53
-51
-49
-47
-47
-45
-43
-40
-39
-35
-33
-30
-29
-27
-25
-22
-20
-19
-18
-19
-18
-18
-17
-17
-17
-19
-21
-21
-22
-22
-20
-21
-21
-20
-20
-19
-16
-14
-12
-11
-10
-7
-5
-2
1
4
7
10
14
16
18
20
21
24
25
28
30
32
35
38
41
44
48
49
52
54
55
56
55
55
53
53
52
51
50
49
46
45
43
40
39
38
35
35
33
30
26
26
24
22
22
20
20
18
19
18
19
19
19
16
14
13
11
8
8
5
2
1
-1
-3
-3
-3
-4
-6
-7
-8
-12
-12
-14
-15
-18
-20
-23
-26
-30
-33
-36
-36
-40
-43
-44
-44
-46
-45
-45
-45
-44
-45
-45
-44
-43
-42
-41
-37
-35
-33
-31
-28
-25
-21
-17
-14
-10
-6
-3
-2
1
5
7
9
12
13
15
16
17
19
19
19
19
20
20
21
21
20
19
16
14
10
7
6
5
1
-1
-2
-5
-6
-8
-8
-9
-8
-10
-9
-10
-10
-10
-10
-9
-10
-9
-8
-7
-4
-2
0
3
6
10
12
16
19
23
26
28
30
31
33
32
34
35
38
38
39
39
39
39
38
37
37
37
35
32
29
28
26
21
16
13
11
9
6
3
2
-2
-6
-8
-12
-13
-16
-20
-22
-23
-25
-28
-31
-32
-33
-34
-36
-35
-36
-36
-38
-38
-36
-34
-33
-34
-34
-35
-34
-33
-34
-34
-33
-34
-34
-37
-34
-33
-32
-30
-28
-26
-26
-24
-23
-21
-20
-18
-16
-13
-11
-10
-8
-7
-5
-2
-1
-1
2
5
7
9
12
15
17
18
19
21
23
24
24
25
24
25
24
24
23
24
22
22
23
21
21
19
16
16
14
14
13
13
12
11
11
11
13
12
13
13
15
17
19
21
23
23
24
25
27
28
28
28
29
31
32
32
33
35
35
35
35
34
37
36
35
33
33
33
32
31
30
29
27
24
23
20
18
15
12
10
8
6
3
-2
-4
-6
-10
-13
-16
-19
-21
-24
-28
-29
-31
-34
-37
-38
-40
-42
-43
-45
-47
-47
-48
-48
-49
-49
-49
-49
-47
-47
-47
-46
-45
-45
-43
-41
-40
-39
-37
-37
-37
-35
-36
-35
-36
-34
-32
-30
-32
-32
-31
-32
-33
-32
-30
-31
-30
-29
-28
-27
-26
-24
-23
-21
-19
-17
-16
-14
-12
-8
-5
-1
1
4
6
7
10
14
17
20
23
23
26
29
29
29
31
32
33
34
35
36
37
37
37
36
37
39
38
40
39
39
40
39
38
38
40
41
41
41
39
41
40
40
41
41
42
43
44
44
45
45
44
44
44
42
43
42
40
37
36
34
34
31
27
24
21
19
15
12
8
3
-1
-3
-7
-11
-14
-18
-21
-24
-26
-28
-29
-30
-31
-32
-33
-34
-33
-33
-33
-34
-34
-34
-34
-35
-34
-33
-33
-32
-30
-31
-30
-30
-30
-30
-28
-28
-29
-29
-29
-32
-31
-33
-34
-36
-37
-38
-38
-38
-42
-43
-43
-41
-40
-42
-41
-41
-40
-39
-37
-36
-35
-33
-32
-28
-26
-24
-21
-18
-14
-11
-9
-7
-4
-2
0
2
3
5
7
8
9
11
13
13
16
18
19
20
23
24
26
28
29
30
30
31
33
35
37
38
38
40
43
44
45
46
47
47
48
48
48
48
48
50
50
50
49
49
48
47
45
45
44
42
40
37
35
33
31
31
29
28
26
23
22
21
20
17
16
13
12
9
6
5
4
2
1
0
-2
-3
-4
-6
-7
-7
-10
-12
-14
-15
-17
-18
-21
-22
-23
-25
-24
-26
-28
-29
-30
-30
-30
-31
-33
-35
-35
-36
-38
-38
-38
-37
-38
-39
-37
-37
-36
-36
-37
-36
-34
-34
-34
-34
-34
-34
-33
-32
-34
-31
-30
-29
-28
-28
-27
-24
-22
-22
-21
-20
-19
-17
-15
-14
-13
-12
-10
-8
-9
-7
-4
-3
-1
-1
-1
-1
2
5
4
3
5
6
7
9
9
10
12
12
14
14
16
17
17
18
18
18
20
20
19
21
21
21
22
21
21
22
22
22
20
20
20
20
20
19
19
19
19
17
17
17
15
15
13
13
12
12
11
9
9
9
8
8
6
8
8
7
6
6
6
4
3
2
0
0
1
-2
-2
-4
-4
-4
-4
-4
-5
-4
-5
-5
-4
-4
-4
-2
-3
-2
-1
-2
-3
-3
-3
-3
-3
-4
-5
-5
-6
-6
-5
-4
-4
-4
-4
-2
-1
0
-2
0
1
2
1
1
1
2
1
0
-2
-1
-2
-2
-3
-3
-4
-4
-3
-2
-2
-1
0
-1
0
1
2
3
3
4
5
6
5
4
5
6
5
5
6
6
5
4
4
4
4
3
3
3
3
4
4
4
4
5
4
3
3
5
5
2
1
2
2
1
0
0
-1
-3
-6
-6
-4
-4
-6
-7
-7
-5
-3
-4
-5
-3
-2
-3
-4
-5
-4
-3
-4
-6
-5
