-2
-1
-2
-1
-2
-1
-1
-1
-1
-1
-2
-1
-2
-2
-1
-1
0
0
0
0
0
0
0
1
1
2
2
1
1
2
2
2
2
2
2
2
3
3
3
2
3
2
2
3
4
4
4
4
4
5
5
6
7
7
7
8
9
8
8
8
9
10
10
9
10
10
11
11
12
11
11
10
11
10
10
10
9
9
8
7
6
7
7
7
6
6
5
5
4
3
2
1
-1
-1
-2
-2
-3
-3
-4
-5
-6
-6
-7
-7
-8
-10
-11
-11
-11
-12
-12
-13
-13
-13
-12
-13
-13
-14
-13
-14
-15
-14
-14
-15
-15
-14
-14
-15
-15
-15
-14
-14
-14
-15
-14
-13
-14
-13
-13
-13
-11
-11
-9
-8
-8
-6
-4
-4
-2
-1
-1
1
2
2
4
5
6
7
9
10
11
12
13
14
15
14
15
14
14
13
12
14
14
14
14
13
12
13
11
10
10
10
10
9
8
7
7
5
5
5
5
4
4
5
4
3
2
4
3
3
4
4
3
2
2
2
2
1
1
1
0
0
0
0
-1
-2
-1
-2
-3
-4
-6
-7
-9
-8
-9
-10
-11
-12
-14
-17
-17
-20
-22
-24
-27
-30
-32
-34
-36
-36
-36
-36
-34
-32
-31
-29
-28
-24
-19
-15
-10
-6
-2
3
8
14
21
26
33
38
42
44
47
49
49
49
48
47
47
42
40
38
35
32
31
29
27
25
22
19
15
12
8
3
-2
-8
-12
-17
-23
-29
-35
-38
-42
-46
-49
-52
-54
-55
-55
-56
-56
-55
-55
-53
-52
-49
-44
-41
-37
-32
-26
-20
-13
-8
-2
4
10
14
18
23
27
30
31
34
37
41
44
46
49
51
52
52
52
55
56
55
55
54
52
50
47
44
42
41
39
36
35
33
31
28
25
23
22
20
18
16
15
13
11
8
4
4
2
1
-2
-2
-4
-5
-7
-10
-12
-14
-14
-17
-18
-20
-22
-23
-26
-27
-29
-30
-31
-32
-32
-33
-34
-36
-36
-37
-37
-38
-37
-37
-37
-38
-38
-37
-36
-37
-37
-35
-36
-35
-35
-36
-38
-39
-40
-42
-44
-46
-48
-51
-52
-54
-56
-57
-58
-59
-59
-59
-58
-56
-54
-51
-48
-46
-41
-35
-31
-27
-22
-16
-10
-6
0
6
12
17
22
26
31
37
42
47
52
57
60
64
69
71
73
76
79
80
83
85
85
84
82
82
80
77
73
72
69
66
62
58
55
52
49
46
44
42
41
41
39
37
37
37
36
36
35
37
39
40
40
40
41
41
41
43
43
43
43
44
45
44
43
44
43
42
41
40
38
35
32
30
25
21
16
11
6
-1
-7
-13
-22
-29
-37
-44
-49
-55
-62
-68
-76
-80
-85
-89
-93
-98
-103
-105
-105
-108
-108
-112
-113
-114
-115
-117
-118
-119
-119
-119
-121
-122
-123
-123
-124
-123
-122
-120
-116
-113
-110
-106
-100
-95
-88
-81
-73
-65
-55
-45
-35
-25
-19
-9
0
9
19
27
33
40
46
54
59
64
67
70
73
76
77
79
81
82
82
83
84
83
84
84
84
82
82
80
77
74
71
66
60
56
51
46
41
36
31
26
21
17
12
8
6
3
0
-1
-1
-2
-1
-1
1
1
5
9
12
16
20
25
31
37
43
50
56
62
71
76
82
88
95
100
105
109
113
114
116
118
116
115
113
109
105
98
91
84
76
66
58
49
37
28
17
6
-6
-16
-28
-39
-51
-60
-70
-80
-88
-97
-104
-109
-115
-119
-123
-125
-128
-130
-132
-134
-135
-135
-134
-131
-128
-127
-124
-123
-119
-115
-111
-106
-103
-98
-94
-91
-86
-81
-77
-74
-70
-66
-63
-61
-60
-57
-56
-54
-53
-52
-50
-48
-48
-46
-45
-42
-41
-39
-35
-31
-26
-23
-22
-17
-14
-10
-7
-3
0
3
4
6
9
11
17
20
25
31
38
41
44
50
56
62
66
71
76
81
87
91
95
99
102
104
106
108
111
111
110
108
107
105
102
99
97
93
90
88
84
82
80
78
77
75
75
75
71
69
69
68
67
64
63
61
59
57
54
55
54
53
54
52
52
50
47
46
44
43
41
37
33
29
27
24
21
17
13
10
6
1
-2
-6
-11
-15
-18
-22
-25
-30
-35
-40
-45
-49
-53
-57
-60
-65
-68
-73
-76
-80
-85
-88
-92
-96
-99
-104
-108
-113
-117
-120
-124
-125
-126
-127
-130
-132
-133
-134
-135
-135
-135
-134
-132
-131
-131
-128
-125
-122
-118
-114
-112
-108
-103
-98
-91
-84
-76
-67
-58
-52
-43
-36
-27
-18
-9
1
10
17
23
29
35
41
46
53
58
63
66
70
72
73
76
79
81
83
85
87
88
89
89
90
90
90
91
90
90
89
88
88
86
88
86
86
84
81
78
76
73
71
70
68
67
67
65
65
64
62
60
59
58
57
56
54
54
54
52
51
50
49
47
47
45
44
45
47
48
52
54
57
61
61
64
65
66
66
66
65
64
61
57
56
53
48
45
40
35
30
24
18
12
5
-1
-8
-14
-22
-30
-38
-47
-55
-63
-71
-78
-87
-94
-101
-107
-116
-121
-128
-134
-137
-142
-144
-148
-153
-156
-157
-158
-160
-158
-157
-155
-153
-151
-148
-145
-142
-138
-135
-131
-127
-123
-120
-119
-114
-111
-107
-104
-100
-95
-90
-85
-77
-71
-63
-56
-48
-41
-33
-27
-19
-11
-5
2
8
14
18
23
27
31
34
36
40
42
44
47
50
53
57
61
66
68
72
75
76
79
83
87
89
92
92
93
91
90
89
89
88
89
87
87
85
82
81
78
78
78
78
79
78
76
76
76
74
73
73
72
71
70
68
67
67
67
65
65
65
65
66
68
69
71
73
75
78
81
82
84
86
89
89
90
90
92
91
88
86
84
80
77
74
71
68
63
59
53
47
41
35
27
21
15
9
1
-6
-14
-24
-34
-43
-51
-60
-69
-78
-87
-96
-104
-113
-121
-129
-136
-144
-149
-155
-161
-165
-168
-171
-173
-174
-175
-175
-176
-176
-175
-173
-171
-170
-165
-162
-158
-154
-151
-144
-139
-133
-125
-119
-113
-106
-99
-91
-84
-76
-67
-60
-52
-43
-34
-28
-19
-13
-5
3
9
17
24
29
34
39
45
49
54
58
62
65
67
72
75
76
79
80
82
84
84
86
85
85
86
87
87
87
88
86
84
84
81
80
79
77
74
72
70
68
65
63
59
57
54
52
49
47
44
42
41
40
39
38
38
37
38
37
36
36
36
39
41
42
44
47
49
51
52
54
57
60
61
63
65
67
69
69
69
70
69
67
64
62
60
55
49
46
43
39
35
28
23
18
11
5
-3
-12
-20
-26
-33
-40
-47
-53
-59
-66
-71
-76
-81
-84
-87
-91
-94
-97
-100
-102
-104
-105
-108
-110
-109
-109
-110
-109
-110
-109
-107
-105
-104
-102
-101
-98
-96
-95
-94
-93
-91
-90
-88
-87
-84
-81
-80
-79
-76
-74
-72
-68
-67
-64
-59
-55
-52
-50
-45
-42
-39
-36
-33
-29
-26
-23
-20
-16
-12
-9
-7
-2
0
5
9
10
13
16
19
22
24
27
31
35
37
39
41
46
48
49
52
55
57
60
62
64
65
66
67
67
69
70
72
72
74
74
75
74
74
76
78
80
80
79
80
80
81
81
83
83
84
85
86
88
90
92
92
93
94
96
99
99
99
101
104
107
110
110
108
110
109
107
106
107
106
104
102
98
95
92
88
81
76
71
65
59
53
46
38
30
21
14
6
-3
-11
-21
-32
-42
-51
-62
-70
-78
-87
-96
-103
-112
-119
-127
-133
-138
-144
-149
-155
-161
-165
-167
-171
-172
-173
-174
-173
-172
-171
-170
-169
-167
-164
-160
-156
-151
-146
-141
-136
-130
-125
-118
-111
-105
-99
-92
-86
-81
-77
-70
-63
-57
-50
-44
-38
-33
-28
-23
-19
-13
-8
-4
0
4
8
11
15
18
21
24
26
28
31
35
37
37
39
39
42
43
46
47
50
51
52
52
53
54
55
56
57
58
58
59
60
62
63
64
66
67
69
70
71
72
74
73
75
76
78
81
82
83
83
83
85
86
87
89
91
90
92
91
92
93
93
94
94
95
95
95
93
93
92
90
89
89
87
85
84
80
77
76
73
70
66
63
60
55
53
48
42
38
32
27
22
17
11
5
-1
-8
-15
-24
-30
-36
-41
-47
-52
-58
-62
-68
-73
-79
-85
-90
-94
-98
-101
-105
-108
-112
-116
-117
-121
-121
-126
-126
-127
-128
-128
-129
-131
-130
-130
-131
-131
-131
-130
-129
-129
-129
-130
-129
-129
-128
-127
-124
-123
-121
-119
-117
-115
-112
-111
-109
-105
-102
-98
-94
-89
-84
-81
-77
-70
-64
-56
-50
-44
-39
-34
-28
-23
-17
-10
-5
0
7
12
19
23
28
35
42
48
56
65
72
78
81
85
90
94
97
101
107
109
113
117
118
120
122
124
125
127
131
134
136
136
137
137
137
137
136
136
136
136
136
135
135
134
132
131
130
129
128
128
127
125
125
121
120
119
116
114
112
111
110
107
104
100
98
92
89
85
81
77
72
67
61
55
50
43
36
29
21
13
7
1
-8
-15
-24
-32
-40
-49
-56
-64
-72
-79
-86
-94
-100
-108
-115
-121
-127
-133
-138
-140
-143
-147
-152
-157
-159
-160
-161
-161
-163
-161
-160
-163
-165
-164
-160
-156
-154
-154
-152
-148
-145
-143
-139
-136
-133
-129
-125
-122
-118
-114
-111
-107
-105
-101
-96
-93
-93
-92
-90
-86
-84
-77
-69
-63
-55
-49
-45
-40
-35
-29
-21
-13
-8
-4
-2
1
4
7
11
17
22
27
30
34
40
44
52
59
63
66
72
78
83
88
96
101
105
110
111
114
116
121
127
132
134
137
137
137
139
140
141
142
143
143
142
138
135
136
136
135
136
135
133
129
126
124
123
122
120
116
112
110
109
108
109
108
110
109
104
98
92
114
146
169
187
182
144
100
73
84
138
179
172
129
83
52
21
-25
-31
40
121
122
35
-79
-137
-114
-64
-45
-65
-78
-91
-123
-185
-240
-245
-204
-154
-137
-158
-195
-230
-266
-294
-294
-264
-230
-230
-264
-301
-340
-376
-407
-409
-367
-316
-312
-358
-413
-478
-515
-483
-357
-182
-62
-106
-283
-406
-388
-250
-77
100
256
339
280
86
-95
-93
118
384
577
589
435
202
1
-75
12
185
308
336
223
14
-209
-351
-365
-250
-81
42
43
-106
-316
-478
-469
-307
-91
73
118
55
-67
-175
-200
-93
92
281
398
404
304
153
56
92
253
424
527
512
399
239
114
99
198
345
428
411
310
180
81
48
124
293
445
501
415
265
159
140
241
410
551
593
541
401
253
192
216
330
448
467
371
197
28
-62
-66
-22
35
46
-35
-193
-340
-422
-407
-327
-239
-195
-206
-288
-385
-403
-354
-247
-157
-109
-98
-120
-168
-213
-199
-149
-78
-46
-62
-115
-213
-279
-321
-323
-305
-342
-416
-512
-615
-673
-668
-607
-514
-485
-461
-446
-384
-358
-423
-391
-236
32
199
207
158
167
242
237
238
313
465
582
538
379
207
97
77
126
160
130
-14
-171
-297
-391
-428
-423
-356
-309
-338
-411
-457
-467
-439
-364
-229
-92
-37
-69
-113
-75
14
116
209
296
344
320
279
261
281
299
300
334
372
349
246
138
105
127
142
150
146
128
77
9
-20
19
83
141
181
205
197
192
201
287
433
519
595
565
511
519
521
602
678
701
697
626
487
352
277
281
348
366
281
113
-72
-193
-231
-179
-115
-110
-148
-253
-343
-357
-316
-210
-94
-21
13
5
-43
-34
40
158
275
301
250
157
56
13
32
52
49
-63
-229
-349
-456
-504
-528
-564
-576
-662
-803
-904
-996
-986
-922
-890
-821
-843
-935
-954
-928
-701
-450
-230
-25
41
29
-159
-195
17
423
757
812
735
589
486
280
197
334
588
783
654
297
-128
-405
-461
-279
-77
-58
-225
-538
-790
-953
-945
-730
-439
-236
-269
-408
-500
-509
-388
-124
205
454
479
323
194
191
287
453
626
716
678
490
291
192
180
224
258
282
221
45
-164
-295
-275
-156
-55
-15
-33
-107
-167
-156
-62
108
254
364
429
450
461
487
681
871
1031
1044
859
791
719
732
816
878
897
799
541
193
27
-19
87
223
186
4
-267
-510
-634
-517
-346
-190
-74
-149
-286
-381
-363
-176
142
369
441
436
293
197
225
312
500
627
544
327
90
-103
-164
-156
-175
-220
-380
-592
-805
-951
-998
-993
-949
-974
-1056
-1185
-1259
-1240
-1153
-1030
-945
-863
-856
-829
-714
-409
-48
199
222
4
-88
26
312
620
808
896
889
701
315
31
78
424
768
783
442
-55
-457
-632
-512
-261
-112
-147
-373
-677
-917
-1008
-870
-533
-228
-83
-86
-219
-349
-352
-143
250
614
746
653
482
338
315
401
568
713
728
596
383
178
24
-30
21
112
139
27
-202
-411
-484
-415
-271
-122
-51
-57
-102
-139
-78
64
238
412
530
576
565
542
581
672
867
1038
1075
1009
716
549
542
603
723
670
538
385
147
-124
-243
-203
-33
112
2
-234
-467
-564
-477
-261
-46
47
52
-50
-145
-116
11
205
429
548
537
481
333
243
321
426
520
464
220
-19
-194
-297
-327
-368
-468
-613
-800
-942
-1014
-1028
-1001
-1029
-1051
-1087
-1143
-1141
-1118
-1083
-948
-851
-775
-632
-554
-386
-123
104
313
274
50
-1
179
549
820
881
828
676
407
86
-56
138
497
646
483
27
-450
-668
-658
-408
-180
-175
-290
-528
-789
-927
-858
-543
-170
17
30
-48
-150
-161
-29
290
660
837
835
687
514
454
466
564
671
679
616
473
239
37
-69
-73
4
38
-18
-158
-375
-525
-524
-393
-220
-114
-68
-69
-96
-86
-23
126
334
502
595
602
562
539
663
822
950
966
747
609
493
454
498
480
475
385
155
-184
-409
-430
-247
-42
-39
-228
-520
-683
-674
-448
-172
-9
76
-2
-119
-145
-41
179
446
602
619
574
419
297
285
347
504
540
394
130
-150
-303
-374
-352
-375
-475
-657
-895
-1037
-1081
-1045
-990
-926
-907
-970
-1065
-1140
-1123
-1008
-872
-652
-413
-266
-115
-7
138
149
40
106
365
747
943
928
847
709
457
203
143
345
652
700
469
47
-389
-613
-604
-385
-183
-148
-284
-562
-828
-971
-860
-531
-177
-8
9
-47
-155
-151
-29
271
644
840
852
725
565
484
503
579
661
683
608
428
192
-18
-139
-161
-138
-99
-106
-232
-431
-573
-595
-516
-385
-252
-140
-90
-103
-83
22
186
369
553
682
765
759
788
935
1009
1069
917
763
718
630
631
543
449
380
201
-111
-407
-542
-457
-246
-216
-333
-561
-750
-795
-688
-438
-216
-22
24
-56
-132
-151
-16
254
536
708
749
611
410
299
251
330
445
448
312
28
-280
-459
-531
-589
-626
-685
-801
-931
-1085
-1200
-1216
-1198
-1097
-1020
-997
-1036
-1086
-1029
-901
-712
-485
-137
212
442
292
-42
-78
196
720
1045
1154
1215
1073
692
168
-76
143
626
921
814
343
-315
-786
-938
-687
-349
-151
-123
-401
-798
-1145
-1197
-841
-333
48
236
218
34
-128
-125
175
647
998
1135
1047
832
641
536
579
698
797
815
667
420
124
-144
-293
-283
-172
-79
-122
-334
-538
-668
-675
-539
-337
-110
21
19
-42
-67
24
218
477
715
858
889
945
949
950
892
801
821
782
711
587
471
376
245
-6
-301
-479
-524
-439
-402
-472
-641
-810
-876
-825
-671
-507
-335
-208
-161
-161
-109
1
166
358
518
674
735
664
559
470
406
404
423
410
282
29
-256
-450
-577
-653
-714
-790
-880
-1018
-1134
-1279
-1332
-1292
-1184
-1047
-1048
-1089
-1119
-1031
-819
-387
72
372
302
-14
-116
16
398
780
1166
1458
1409
952
297
-59
83
570
971
1021
652
-14
-649
-1040
-984
-651
-297
-131
-319
-727
-1163
-1341
-1150
-735
-283
54
221
169
3
-96
36
388
774
1109
1273
1241
1026
765
612
617
783
958
1008
839
479
101
-197
-328
-271
-126
-43
-111
-296
-513
-706
-775
-612
-295
15
162
146
75
-4
36
262
605
917
1111
1161
1081
889
644
628
713
833
876
793
680
399
25
-364
-566
-517
-313
-166
-247
-534
-915
-1132
-1162
-953
-639
-384
-226
-298
-414
-470
-390
-142
179
494
694
736
615
469
372
370
440
532
617
559
320
-43
-349
-497
-531
-535
-548
-620
-793
-1029
-1300
-1403
-1342
-1210
-1091
-1128
-1229
-1259
-1185
-913
-472
-55
245
131
-124
-209
-57
336
711
1128
1442
1391
887
227
-129
37
517
909
1043
724
107
-577
-1043
-1040
-757
-337
-131
-303
-730
-1179
-1363
-1223
-885
-489
-88
173
240
155
31
57
219
530
956
1313
1477
1332
990
674
533
651
933
1157
1169
880
418
-4
-257
-267
-110
54
123
31
-201
-500
-714
-691
-434
-71
232
364
362
274
224
358
603
915
1141
1209
1157
1037
907
841
838
761
657
553
447
321
145
-97
-365
-553
-662
-699
-711
-726
-783
-908
-1031
-1088
-1014
-820
-601
-450
-367
-299
-249
-154
18
235
420
508
512
481
466
458
431
369
303
219
106
-14
-149
-291
-451
-611
-739
-853
-976
-1075
-1168
-1209
-1252
-1305
-1329
-1326
-1253
-1073
-713
-315
-27
-105
-316
-391
-229
173
561
1012
1342
1380
1016
450
139
245
653
1013
1145
927
434
-183
-678
-823
-717
-423
-212
-249
-545
-995
-1303
-1372
-1195
-850
-434
-113
-19
-99
-202
-183
-33
228
563
908
1143
1165
1023
792
632
639
771
955
1066
1024
802
421
64
-115
-122
-36
59
119
81
-109
-340
-473
-452
-301
-79
170
376
470
519
524
513
615
828
1099
1246
1238
1193
1143
1036
861
735
698
694
624
477
286
52
-193
-397
-522
-610
-672
-731
-799
-881
-959
-1012
-1036
-1004
-891
-678
-477
-360
-302
-254
-173
-52
74
203
314
366
389
360
301
233
164
106
21
-60
-142
-246
-373
-541
-727
-890
-1005
-1071
-1107
-1180
-1260
-1334
-1384
-1373
-1159
-754
-332
-187
-420
-625
-648
-385
-7
451
967
1238
1133
639
199
92
374
825
1155
1239
985
533
-32
-418
-553
-457
-193
-73
-142
-451
-824
-1095
-1223
-1168
-966
-656
-399
-270
-256
-274
-250
-235
-145
63
420
784
987
984
795
616
535
613
817
1032
1149
1056
763
433
209
131
162
234
300
299
185
35
-103
-185
-136
18
242
426
526
602
627
613
612
710
912
1121
1262
1281
1182
1005
868
828
842
828
776
697
518
279
35
-136
-227
-314
-369
-426
-528
-679
-821
-896
-903
-865
-782
-659
-555
-494
-466
-428
-401
-367
-288
-167
-24
63
93
26
-34
-58
-60
-70
-134
-143
-167
-218
-371
-535
-669
-792
-876
-965
-1021
-1134
-1185
-1190
-1036
-818
-666
-597
-744
-833
-826
-628
-360
-78
288
565
655
397
56
-123
-3
352
695
940
890
644
224
-176
-371
-365
-147
-9
-39
-231
-460
-646
-809
-912
-929
-770
-553
-363
-263
-284
-325
-399
-402
-297
-63
242
474
564
514
426
365
381
462
597
734
766
723
624
520
444
373
342
342
358
368
369
345
313
278
287
317
360
430
511
622
694
745
785
844
922
972
999
990
973
948
947
947
918
858
745
628
479
363
286
217
136
18
-105
-223
-335
-458
-524
-526
-511
-486
-490
-478
-467
-468
-471
-472
-430
-350
-227
-126
-98
-143
-232
-310
-329
-284
-208
-154
-160
-233
-346
-492
-645
-748
-789
-798
-799
-821
-791
-643
-513
-454
-592
-773
-833
-790
-658
-471
-159
203
410
317
14
-283
-371
-218
76
400
568
527
314
5
-211
-322
-285
-199
-168
-206
-294
-339
-392
-482
-642
-760
-740
-623
-453
-332
-251
-236
-263
-314
-344
-293
-180
-13
114
209
267
295
283
251
246
279
335
381
419
431
401
362
353
322
252
189
202
279
347
381
412
422
373
305
332
486
679
824
845
804
750
751
825
909
999
1088
1157
1122
993
862
776
714
633
585
600
606
530
383
215
58
-63
-160
-215
-237
-238
-232
-250
-293
-329
-326
-322
-320
-294
-229
-145
-106
-121
-160
-202
-229
-211
-178
-183
-231
-304
-353
-382
-419
-475
-586
-707
-835
-925
-961
-915
-725
-524
-412
-520
-717
-855
-923
-894
-772
-440
-7
336
405
188
-137
-382
-369
-147
178
442
549
499
268
-14
-280
-377
-342
-269
-227
-270
-299
-352
-445
-602
-756
-820
-809
-726
-634
-502
-386
-330
-361
-436
-439
-349
-181
-46
51
110
159
237
310
392
446
464
457
421
398
369
404
465
481
446
387
378
361
307
256
253
306
368
407
463
517
531
474
360
288
351
554
770
875
855
797
728
674
672
730
831
860
812
720
626
564
510
460
385
295
238
214
163
79
-7
-64
-110
-172
-199
-161
-118
-115
-161
-203
-195
-144
-90
-83
-125
-155
-154
-125
-93
-83
-72
-88
-161
-262
-355
-420
-447
-463
-522
-631
-795
-893
-839
-694
-503
-453
-505
-647
-835
-967
-989
-779
-405
-12
185
120
-120
-358
-438
-373
-164
56
238
327
271
158
-37
-151
-191
-198
-231
-325
-358
-334
-295
-349
-450
-541
-602
-637
-664
-614
-535
-459
-446
-476
-451
-358
-189
-103
-113
-183
-202
-117
20
187
339
445
451
386
302
273
325
413
493
507
495
486
484
504
510
520
495
431
367
355
410
511
599
638
618
550
525
543
582
614
635
696
756
785
775
735
677
609
545
507
523
545
574
534
437
333
242
195
130
74
27
-10
-20
-22
1
15
-5
-71
-143
-192
-184
-114
-47
-16
-39
-50
-52
-58
-72
-83
-67
-66
-91
-156
-219
-260
-309
-383
-490
-564
-605
-653
-749
-825
-794
-677
-610
-668
-755
-829
-876
-928
-934
-802
-566
-350
-266
-307
-387
-393
-315
-222
-153
-111
-58
-20
-8
-19
-20
8
8
-58
-194
-326
-370
-353
-331
-323
-319
-314
-328
-402
-487
-522
-496
-427
-389
-377
-350
-267
-159
-96
-91
-113
-126
-116
-54
43
169
278
323
292
213
178
233
340
420
442
445
450
437
418
451
520
572
560
511
502
535
604
677
726
749
753
756
767
784
810
844
863
838
802
788
806
830
831
796
731
646
559
500
465
439
403
339
242
143
86
86
98
76
8
-62
-97
-112
-98
-78
-84
-105
-137
-150
-131
-80
-27
-2
-27
-72
-81
-62
-57
-83
-147
-229
-294
-337
-371
-417
-474
-557
-668
-819
-965
-1011
-954
-850
-787
-807
-864
-924
-995
-1052
-1041
-934
-739
-543
-428
-398
-419
-428
-403
-338
-235
-139
-70
-56
-69
-90
-103
-82
-52
-51
-120
-218
-282
-298
-297
-306
-313
-311
-313
-329
-338
-323
-297
-280
-275
-272
-264
-232
-173
-105
-59
-41
-14
21
47
63
83
145
206
240
234
220
241
274
299
307
312
311
314
323
358
410
443
463
483
524
581
637
680
696
720
767
833
906
943
946
917
889
894
926
971
999
1000
965
903
830
747
655
571
500
456
446
419
362
271
161
68
23
14
8
-11
-55
-118
-172
-180
-149
-100
-76
-95
-127
-138
-105
-58
-35
-49
-87
-117
-130
-127
-131
-159
-201
-284
-408
-526
-608
-627
-647
-723
-840
-955
-1006
-992
-915
-855
-858
-886
-913
-933
-970
-970
-894
-752
-620
-548
-497
-461
-405
-342
-278
-222
-208
-203
-207
-193
-177
-148
-93
-51
-63
-151
-254
-323
-315
-278
-262
-266
-273
-249
-228
-224
-227
-227
-230
-254
-278
-261
-169
-51
32
43
12
2
22
65
110
155
200
215
197
156
125
139
194
256
288
293
284
293
298
322
387
478
567
609
628
650
688
730
762
798
860
934
999
1040
1044
1031
1007
991
995
1009
1015
988
926
835
748
683
633
595
554
496
423
346
278
228
196
163
133
89
29
-30
-63
-55
-33
-18
-16
-15
-37
-77
-107
-110
-78
-45
-38
-69
-115
-168
-212
-245
-286
-332
-387
-452
-522
-582
-622
-674
-748
-843
-933
-995
-1030
-996
-920
-824
-787
-821
-885
-951
-994
-1024
-976
-830
-624
-460
-398
-403
-435
-432
-414
-383
-335
-292
-240
-216
-197
-188
-162
-128
-128
-176
-283
-356
-374
-333
-288
-257
-211
-191
-194
-229
-256
-228
-191
-151
-143
-140
-116
-61
5
43
48
23
7
-8
-3
21
59
120
163
181
168
149
168
209
249
262
275
312
375
436
513
600
661
668
634
628
675
773
875
939
965
974
992
1007
1002
979
970
979
972
949
927
919
894
836
758
673
610
568
542
508
465
415
352
278
196
148
148
159
149
112
84
66
37
-5
-44
-63
-53
-44
-52
-72
-94
-121
-164
-231
-300
-339
-341
-333
-340
-376
-431
-499
-579
-659
-729
-744
-736
-746
-805
-914
-948
-902
-777
-691
-717
-763
-820
-857
-942
-973
-866
-630
-400
-334
-372
-479
-526
-532
-501
-422
-373
-292
-255
-240
-260
-290
-243
-212
-238
-375
-486
-490
-385
-263
-202
-170
-194
-238
-309
-356
-305
-212
-88
-41
-66
-106
-124
-97
-91
-101
-130
-110
-75
-29
11
41
112
151
144
85
35
69
157
266
353
425
484
513
511
500
548
635
743
798
819
850
887
948
980
1003
1020
1027
1008
972
953
972
1022
1048
1032
977
912
858
804
766
713
673
637
600
558
507
457
386
319
248
209
191
191
195
160
105
48
3
-28
-61
-87
-106
-126
-170
-210
-230
-222
-214
-246
-310
-392
-445
-449
-430
-427
-474
-549
-627
-697
-760
-790
-789
-814
-800
-768
-652
-574
-614
-681
-786
-835
-896
-862
-682
-408
-181
-159
-292
-521
-665
-666
-525
-298
-145
-55
-108
-230
-387
-496
-456
-366
-295
-366
-474
-524
-463
-366
-342
-351
-436
-525
-608
-643
-532
-365
-193
-155
-251
-379
-457
-435
-391
-332
-299
-233
-179
-125
-74
-56
-19
-27
-47
-70
-54
83
272
427
470
444
411
404
444
527
689
819
895
888
850
848
867
948
1027
1080
1079
1044
1013
985
979
999
1043
1038
987
923
877
872
833
785
719
651
594
562
561
549
520
466
409
326
254
222
232
242
207
160
112
69
30
-10
-38
-75
-127
-203
-255
-258
-226
-190
-214
-280
-375
-439
-488
-521
-556
-594
-634
-693
-764
-815
-709
-515
-318
-352
-571
-775
-866
-804
-702
-484
-159
159
225
-33
-408
-667
-631
-398
-99
162
270
256
52
-238
-519
-631
-491
-287
-176
-257
-399
-507
-573
-694
-833
-855
-795
-686
-644
-638
-582
-563
-614
-776
-911
-878
-693
-461
-332
-327
-389
-423
-438
-422
-362
-241
-58
34
25
-33
-38
76
183
210
177
179
271
404
516
604
666
665
589
497
494
632
838
1001
1040
962
854
759
737
784
877
1009
1092
1057
941
820
770
766
760
766
784
801
779
711
603
492
407
380
385
411
459
487
467
347
175
71
56
95
128
145
143
107
9
-117
-187
-182
-120
-93
-117
-183
-244
-297
-367
-446
-530
-578
-629
-531
-327
-55
19
-275
-630
-899
-859
-670
-363
57
419
485
47
-555
-964
-842
-303
299
711
672
336
-207
-660
-844
-716
-233
219
382
91
-419
-808
-963
-949
-895
-701
-516
-441
-572
-851
-1009
-1082
-1068
-1040
-961
-756
-538
-408
-515
-780
-1014
-1021
-777
-436
-125
36
76
-60
-305
-463
-412
-66
342
560
522
314
141
87
169
340
553
716
725
602
434
391
467
598
683
673
647
603
596
621
647
684
705
690
654
642
676
740
746
664
567
515
551
611
656
669
616
528
422
359
392
450
507
487
386
253
176
190
252
315
309
271
180
64
-23
-23
57
83
22
-66
-116
-112
-135
-209
-285
-412
-388
-196
81
221
-26
-336
-560
-548
-467
-279
124
547
681
191
-499
-960
-809
-204
408
805
697
261
-359
-821
-881
-558
52
504
527
-4
-705
-1117
-1104
-787
-506
-256
-176
-356
-761
-1191
-1252
-1032
-741
-619
-657
-716
-795
-881
-1016
-1081
-1033
-812
-522
-354
-323
-452
-584
-674
-716
-595
-292
131
420
366
36
-282
-335
-107
249
573
776
777
538
200
-11
107
453
772
891
745
505
293
186
234
394
607
736
689
507
323
253
288
368
445
506
541
529
463
348
267
246
305
418
498
542
508
437
329
241
231
308
435
485
463
358
270
203
168
186
262
373
375
264
99
-16
-33
-20
-24
-49
-118
-46
112
314
297
-45
-296
-363
-146
-9
125
399
685
656
81
-484
-635
-171
438
801
846
491
-11
-529
-710
-475
-4
508
643
305
-434
-1046
-1150
-799
-333
-89
17
-150
-574
-1099
-1387
-1115
-629
-274
-283
-522
-756
-935
-1018
-1045
-938
-732
-488
-360
-439
-611
-783
-793
-707
-569
-358
-151
24
7
-197
-426
-478
-254
95
375
465
404
236
30
-73
21
339
655
763
642
375
161
73
150
336
500
567
475
280
76
-14
61
215
340
353
295
186
62
-21
-26
74
194
297
333
297
220
126
125
195
328
438
487
472
394
336
319
368
419
436
448
453
454
398
334
285
280
274
232
173
95
7
-22
135
353
490
261
-87
-250
-156
65
189
377
576
667
363
-137
-406
-204
370
812
936
659
169
-260
-466
-309
52
463
650
416
-180
-825
-1038
-785
-321
-50
-38
-213
-611
-1062
-1368
-1208
-714
-313
-258
-531
-854
-1064
-1127
-1048
-857
-623
-441
-368
-455
-644
-797
-802
-615
-411
-246
-128
-55
-51
-188
-372
-417
-235
70
312
367
262
102
-46
-99
-14
191
443
538
443
212
16
-15
78
227
349
400
346
187
-6
-95
-36
86
174
155
69
-14
-85
-103
-97
-54
19
73
71
0
-61
-49
23
91
155
204
228
235
204
211
269
351
437
451
421
408
426
455
440
413
423
453
420
344
246
221
169
151
279
469
642
420
60
-180
-103
162
340
520
672
774
476
-11
-311
-112
490
917
1022
734
298
-69
-249
-59
310
686
797
507
-78
-661
-820
-516
9
265
183
-150
-644
-1043
-1232
-962
-456
-159
-238
-625
-985
-1173
-1186
-1019
-755
-520
-427
-481
-648
-799
-871
-793
-518
-287
-121
-69
-96
-140
-281
-335
-232
30
322
459
436
282
104
-25
-24
114
326
512
506
365
111
-78
-100
-40
133
256
281
175
-43
-208
-237
-141
-32
28
2
-61
-164
-256
-263
-209
-108
-44
-59
-89
-153
-169
-133
-78
12
65
86
63
33
15
58
111
166
208
211
210
215
260
303
296
264
251
268
291
246
189
174
145
120
241
463
709
591
191
-84
-62
218
380
538
780
999
792
198
-268
-179
430
980
1209
1025
571
89
-226
-128
262
688
946
791
248
-446
-796
-539
29
386
300
-10
-422
-782
-1002
-864
-392
-42
-78
-473
-868
-1033
-1004
-841
-643
-487
-448
-533
-677
-807
-834
-729
-464
-251
-193
-229
-288
-268
-291
-308
-204
10
245
327
274
182
105
81
80
153
285
437
483
383
187
-8
-49
-3
114
218
245
185
4
-172
-261
-236
-152
-77
-54
-112
-219
-330
-370
-343
-286
-210
-168
-141
-187
-254
-271
-235
-146
-82
-41
-32
-47
-52
-45
-12
24
63
93
86
72
81
133
151
128
102
116
155
138
92
37
9
-57
-66
121
421
647
426
-6
-260
-138
221
477
705
926
1028
684
54
-311
-12
769
1377
1466
1070
501
66
-92
128
568
991
1177
872
211
-469
-656
-255
300
514
321
16
-331
-650
-883
-726
-245
73
-44
-490
-814
-883
-826
-715
-579
-434
-373
-442
-566
-668
-685
-588
-392
-260
-220
-228
-202
-145
-189
-233
-165
23
186
225
205
199
184
115
82
143
317
469
472
346
162
38
30
101
208
276
269
200
60
-90
-166
-138
-41
16
-30
-127
-220
-275
-293
-293
-262
-216
-188
-211
-284
-340
-315
-222
-124
-99
-141
-178
-182
-173
-172
-143
-47
39
19
-91
-152
-80
26
26
-52
-72
-12
25
-33
-112
-121
-103
-95
-172
-190
-19
258
413
150
-255
-375
-39
368
481
460
567
742
533
62
-133
292
975
1288
1143
803
487
255
183
388
769
1045
1054
754
264
-211
-336
-19
433
573
327
3
-266
-477
-643
-548
-202
40
-88
-466
-748
-796
-716
-611
-484
-396
-397
-467
-532
-569
-586
-538
-348
-146
-81
-138
-191
-127
-88
-108
-84
83
295
348
258
137
128
170
236
340
451
504
412
243
95
58
145
282
373
320
160
6
-73
-78
-67
-6
42
23
-118
-283
-320
-260
-183
-182
-212
-257
-326
-382
-371
-271
-186
-180
-244
-311
-329
-304
-226
-137
-103
-134
-210
-256
-249
-199
-108
-43
-54
-149
-246
-254
-195
-120
-67
-51
-102
-210
-317
-307
-261
-180
-39
168
312
117
-228
-397
-130
233
416
449
549
723
572
168
-117
124
718
1162
1223
927
518
187
118
353
694
953
1002
817
360
-209
-450
-163
415
673
442
34
-306
-529
-698
-612
-243
98
63
-316
-680
-829
-790
-657
-449
-245
-201
-298
-446
-536
-573
-547
-331
-54
114
46
-90
-111
-71
-59
-31
150
389
476
356
211
198
263
333
410
500
557
480
353
257
252
318
396
455
390
219
51
20
107
196
202
107
-3
-105
-163
-166
-135
-87
-84
-144
-246
-326
-322
-276
-238
-255
-293
-325
-333
-312
-294
-271
-279
-306
-336
-338
-309
-280
-274
-271
-264
-271
-313
-363
-352
-278
-203
-186
-210
-232
-246
-270
-302
-278
-212
-169
-101
-16
164
206
56
-161
-225
18
275
460
491
569
619
451
145
-54
202
692
1103
1111
745
315
15
80
354
659
817
773
578
201
-208
-386
-140
309
524
350
-29
-322
-468
-517
-399
-168
44
-2
-277
-543
-678
-613
-462
-261
-132
-191
-345
-463
-437
-374
-326
-217
-48
66
-19
-177
-237
-137
10
106
223
336
367
266
128
125
248
439
602
668
597
401
242
232
385
564
663
639
486
268
87
97
257
411
441
316
112
-97
-213
-149
18
125
63
-114
-277
-367
-390
-354
-271
-222
-249
-356
-452
-487
-480
-447
-408
-369
-359
-388
-434
-483
-526
-511
-408
-265
-196
-255
-371
-420
-380
-299
-212
-140
-84
-103
-193
-260
-263
-165
-91
-61
-18
72
194
138
-39
-226
-176
53
268
366
313
319
270
192
28
-46
141
461
756
714
383
-17
-177
32
378
614
570
373
146
-51
-155
-143
70
320
421
277
-49
-299
-372
-220
12
160
142
-40
-221
-327
-321
-270
-195
-84
-25
-61
-198
-309
-310
-276
-208
-133
-31
16
-62
-149
-165
-80
3
70
168
272
317
249
170
164
235
346
454
562
601
553
444
357
363
442
562
640
630
521
369
273
248
284
325
346
325
232
88
-57
-116
-102
-69
-78
-138
-220
-309
-394
-448
-448
-410
-386
-421
-498
-563
-566
-522
-480
-473
-483
-467
-437
-414
-410
-371
-283
-207
-204
-243
-216
-109
-4
10
-39
-52
-11
53
92
123
134
102
51
7
-4
-23
-34
9
106
167
73
-116
-274
-301
-225
-101
39
131
94
-105
-332
-424
-316
-96
102
213
183
15
-210
-331
-234
17
255
344
279
126
-23
-82
-28
111
258
353
368
294
173
66
53
123
238
322
332
264
148
56
16
45
91
123
121
107
89
52
-11
-84
-97
-35
49
91
69
29
-1
-26
-33
-21
43
117
161
165
138
116
106
119
150
204
271
319
320
272
215
179
193
248
299
323
303
249
195
152
123
99
76
74
90
85
37
-58
-157
-224
-234
-178
-122
-119
-182
-280
-355
-385
-365
-310
-237
-203
-219
-273
-320
-319
-295
-220
-131
-92
-103
-134
-151
-131
-93
-40
5
31
11
-35
-41
-16
10
5
-2
-10
-8
-27
-59
-70
-96
-112
-124
-108
-82
-104
-180
-268
-307
-276
-224
-198
-200
-219
-249
-297
-338
-340
-280
-209
-185
-214
-240
-219
-178
-159
-154
-123
-65
-1
13
-11
-7
33
74
92
121
163
210
215
186
162
163
208
263
309
312
278
255
279
312
332
316
298
298
294
284
264
268
288
308
294
260
216
189
181
187
204
224
230
204
155
110
107
122
138
126
110
96
88
81
65
44
28
35
29
20
-5
-19
-22
-33
-49
-75
-67
-47
-48
-64
-90
-92
-80
-68
-65
-66
-61
-71
-67
-60
-42
-26
-24
-15
-26
-30
-30
-16
11
43
25
-11
-15
-29
-6
2
-24
-33
-28
-31
-63
-102
-132
-118
-120
-141
-158
-142
-129
-178
-239
-270
-232
-187
-184
-237
-279
-291
-288
-260
-254
-240
-250
-278
-280
-280
-271
-247
-232
-222
-231
-263
-256
-205
-152
-139
-171
-187
-149
-101
-53
-35
-32
-13
-5
1
23
67
110
133
137
153
172
186
194
198
207
228
264
299
308
282
249
243
254
277
314
342
343
286
225
212
244
284
279
268
261
244
214
179
160
170
175
182
184
167
137
102
63
37
46
75
110
80
15
-40
-60
-46
-54
-45
-23
-2
-17
-84
-140
-148
-106
-50
-29
-43
-82
-145
-189
-176
-117
-42
0
-17
-87
-155
-172
-130
-64
-12
1
-3
-27
-73
-105
-111
-64
-2
28
22
-23
-72
-85
-74
-68
-60
-50
-15
11
-22
-79
-115
-108
-61
-30
-7
-2
-29
-70
-101
-88
-45
-19
-30
-57
-101
-108
-93
-80
-56
-68
-95
-126
-156
-157
-128
-106
-109
-149
-188
-193
-175
-137
-136
-143
-150
-163
-153
-127
-102
-82
-79
-100
-104
-101
-75
-36
0
33
42
35
12
7
29
66
107
138
158
151
95
57
74
153
250
279
255
175
84
63
139
255
318
291
214
160
139
139
175
237
281
261
199
139
126
154
171
185
174
163
158
129
113
113
125
130
118
84
73
87
92
87
48
29
33
33
29
15
6
-6
-13
-41
-70
-74
-70
-60
-86
-135
-168
-165
-130
-123
-153
-191
-201
-189
-177
-174
-183
-182
-182
-190
-180
-155
-124
-101
-109
-130
-121
-93
-52
-15
-5
-1
-14
-38
-37
-16
40
85
91
61
23
11
24
58
80
90
70
36
17
14
30
30
8
2
12
14
11
-17
-44
-57
-63
-49
-28
-21
-32
-48
-71
-82
-84
-86
-74
-53
-48
-51
-52
-55
-52
-65
-80
-76
-51
-21
-13
-20
-32
-43
-57
-70
-56
-18
14
6
-22
-40
-36
-15
0
10
6
-16
-32
-18
12
37
38
31
34
35
33
47
70
95
100
92
99
113
127
132
130
133
151
173
194
198
184
162
143
144
159
183
193
180
137
96
76
76
76
63
51
38
21
-8
-44
-72
-79
-85
-101
-116
-132
-153
-172
-192
-195
-189
-189
-203
-227
-231
-219
-201
-193
-193
-180
-166
-164
-176
-186
-167
-124
-78
-63
-67
-74
-66
-53
-45
-21
18
58
71
49
28
35
55
82
106
119
112
86
63
70
103
136
137
119
92
74
74
84
109
117
110
84
61
53
55
78
94
96
80
52
38
38
37
52
60
61
49
28
18
16
7
-14
-28
-24
0
16
8
-27
-67
-99
-102
-80
-48
-26
-35
-60
-93
-108
-104
-84
-53
-26
-18
-35
-52
-58
-38
-14
3
19
33
39
29
17
31
62
89
100
94
92
88
82
83
97
113
122
114
99
94
90
84
76
77
74
67
46
21
9
0
-4
-13
-25
-36
-52
-73
-84
-91
-96
-109
-129
-141
-137
-125
-125
-138
-158
-171
-171
-161
-152
-149
-143
-150
-165
-178
-178
-149
-116
-109
-124
-140
-142
-121
-90
-61
-42
-44
-65
-82
-71
-28
15
41
40
24
1
-5
18
61
110
129
117
89
67
72
102
146
180
187
181
161
147
146
159
189
213
213
183
150
135
141
162
180
180
155
117
90
84
89
91
80
70
56
37
16
-4
-9
-4
-2
-12
-29
-39
-38
-34
-33
-39
-43
-33
-14
-5
-12
-25
-29
-18
2
21
30
32
32
32
29
30
47
67
82
74
55
39
33
48
69
90
89
61
26
5
16
38
48
37
14
-4
-19
-28
-31
-30
-33
-43
-51
-58
-70
-85
-98
-110
-123
-128
-126
-114
-116
-142
-181
-213
-218
-198
-170
-160
-180
-224
-261
-269
-250
-221
-206
-206
-222
-238
-248
-242
-224
-202
-183
-170
-164
-163
-157
-141
-118
-88
-64
-49
-34
-18
-1
19
41
59
73
86
106
126
143
155
159
159
159
161
179
200
212
196
163
142
143
162
174
170
146
108
81
73
80
89
87
70
38
6
-13
-8
14
29
21
-5
-24
-32
-25
-12
10
34
41
30
17
17
38
69
92
105
112
115
115
118
127
144
165
175
174
167
163
163
168
164
159
157
158
155
142
124
109
102
99
91
83
78
72
57
33
11
2
12
25
18
-6
-35
-50
-48
-39
-35
-45
-60
-80
-93
-96
-89
-84
-98
-122
-144
-149
-143
-146
-158
-168
-174
-185
-205
-225
-231
-215
-200
-205
-224
-248
-260
-256
-239
-220
-213
-216
-219
-217
-213
-209
-198
-177
-153
-133
-119
-108
-108
-110
-101
-79
-45
-15
-2
-2
-10
-18
-12
9
36
55
62
61
57
49
40
40
54
73
79
73
57
42
34
33
33
30
48
72
82
62
27
17
36
66
78
83
84
83
77
68
72
88
118
149
158
144
126
138
183
214
205
177
178
205
226
233
237
244
234
207
195
212
241
251
248
237
222
202
188
190
193
191
187
195
197
175
135
111
109
113
118
125
138
133
100
57
23
14
19
38
61
59
18
-43
-89
-105
-106
-98
-90
-82
-100
-147
-196
-225
-235
-238
-229
-203
-189
-206
-255
-295
-304
-292
-270
-250
-233
-232
-251
-275
-287
-288
-275
-243
-202
-178
-189
-220
-235
-220
-192
-160
-135
-122
-126
-140
-142
-127
-111
-102
-97
-89
-84
-86
-90
-90
-84
-74
-56
-32
-14
-23
-55
-85
-85
-60
-23
11
32
21
-20
-69
-93
-77
-25
31
56
27
-36
-85
-92
-68
-44
-24
-9
-5
-20
-47
-62
-63
-56
-39
-9
30
56
60
51
37
28
38
83
143
192
212
201
185
174
177
206
257
305
321
313
298
284
280
279
290
319
350
367
364
339
298
259
249
271
305
327
324
301
261
206
156
144
178
225
243
217
158
95
51
35
45
64
78
69
30
-19
-63
-84
-89
-90
-92
-89
-84
-90
-118
-164
-208
-224
-209
-173
-134
-115
-124
-163
-202
-219
-199
-152
-93
-56
-56
-78
-111
-127
-121
-88
-49
-26
-24
-49
-78
-109
-130
-140
-138
-128
-133
-154
-200
-245
-277
-295
-300
-311
-324
-339
-353
-361
-366
-366
-379
-393
-392
-361
-302
-258
-236
-234
-234
-224
-205
-161
-105
-42
-4
4
1
-6
8
36
69
89
87
82
81
87
71
40
17
13
22
27
30
23
14
4
-8
-9
5
40
82
116
129
121
114
127
169
219
265
296
309
308
308
318
333
350
369
375
363
346
334
334
329
315
296
274
260
252
257
261
259
246
221
201
188
189
195
212
223
216
205
182
167
158
153
157
162
168
156
123
82
50
37
28
19
6
-3
-20
-43
-74
-107
-123
-124
-114
-105
-101
-101
-109
-114
-117
-115
-100
-79
-61
-47
-40
-40
-42
-48
-58
-70
-70
-66
-69
-89
-118
-146
-178
-209
-241
-264
-282
-305
-327
-354
-375
-398
-422
-432
-437
-436
-432
-426
-414
-400
-383
-368
-350
-331
-309
-283
-254
-219
-187
-166
-155
-149
-135
-114
-98
-85
-74
-63
-56
-59
-63
-69
-62
-50
-35
-21
-21
-26
-34
-25
-2
29
56
65
75
80
89
106
134
169
194
204
201
200
207
223
241
250
248
237
231
223
219
216
206
194
175
165
160
158
154
139
128
118
111
107
102
107
118
127
129
126
129
133
138
146
161
182
201
210
200
186
183
193
213
229
240
240
233
219
203
199
199
206
208
208
207
197
181
163
148
143
146
148
146
138
119
96
72
53
46
42
41
25
1
-26
-57
-80
-101
-117
-130
-142
-156
-180
-203
-224
-233
-246
-264
-280
-289
-289
-288
-287
-288
-298
-311
-322
-322
-309
-292
-278
-271
-273
-281
-285
-278
-263
-245
-235
-226
-218
-212
-209
-209
-203
-194
-179
-167
-154
-141
-134
-133
-140
-133
-118
-95
-71
-66
-62
-64
-64
-54
-36
-12
6
19
24
21
14
17
36
59
76
76
75
73
67
63
62
67
79
89
92
87
77
65
55
49
53
61
69
74
72
65
52
45
44
51
63
78
92
94
89
81
75
80
92
115
138
160
170
165
155
150
156
172
196
217
230
232
223
217
216
219
229
235
239
237
235
226
209
197
190
189
187
184
176
164
149
135
123
112
101
89
81
75
66
55
43
35
26
12
-2
-14
-20
-27
-35
-46
-59
-75
-91
-101
-108
-113
-120
-135
-150
-162
-171
-176
-181
-189
-200
-211
-217
-218
-213
-209
-209
-210
-213
-213
-214
-209
-200
-190
-183
-184
-183
-178
-170
-159
-150
-142
-140
-138
-139
-140
-127
-112
-98
-98
-105
-105
-98
-84
-73
-62
-57
-52
-45
-41
-34
-29
-21
-15
-14
-9
0
11
20
23
14
6
2
6
16
26
34
30
21
10
7
12
19
29
37
39
35
31
32
37
50
61
62
59
67
79
85
88
92
93
92
95
102
109
111
111
112
110
106
106
109
109
109
114
115
111
106
105
104
96
93
96
105
113
114
103
85
69
67
76
87
97
101
96
79
59
45
45
58
77
79
70
60
48
36
27
26
31
36
37
33
27
18
8
-5
-15
-18
-13
-9
-7
-11
-16
-26
-40
-48
-49
-44
-40
-37
-36
-41
-51
-60
-65
-66
-62
-58
-60
-61
-64
-69
-73
-75
-78
-79
-82
-85
-86
-85
-82
-78
-78
-82
-92
-98
-98
-96
-87
-80
-78
-74
-75
-84
-92
-91
-82
-76
-63
-56
-48
-45
-56
-59
-62
-56
-35
-20
-8
1
4
-4
-22
-29
-23
-6
12
21
27
21
13
-2
-7
-3
7
25
36
35
27
26
19
14
12
6
8
12
19
21
18
18
9
-3
-14
-15
-10
-4
4
5
3
-8
-23
-37
-41
-27
-10
-3
-2
-10
-16
-18
-22
-15
-10
1
8
10
11
7
5
7
7
13
22
32
46
51
54
48
45
48
49
59
68
75
81
81
76
73
75
80
87
91
91
87
79
77
74
76
79
73
65
60
56
59
64
59
56
49
43
36
30
25
21
24
27
20
18
11
7
0
-11
-11
-13
-10
-10
-18
-22
-31
-39
-42
-42
-41
-44
-43
-47
-53
-58
-63
-54
-51
-46
-49
-47
-46
-46
-41
-41
-35
-36
-45
-38
-35
-32
-19
-22
-17
-25
-35
-29
-25
-16
-9
-10
-11
-7
-13
-17
-17
-19
-14
-13
-6
-3
-6
-1
-8
-6
-3
-6
-5
-1
-6
-6
-11
-18
-14
-29
-21
-20
-34
-28
-38
-49
-38
-51
-50
-45
-58
-47
-62
-74
-74
-85
-71
-61
-61
-47
-56
-58
-56
-62
-53
-45
-38
-30
-30
-24
-18
-17
-12
-14
-7
4
4
14
18
15
24
23
26
36
37
46
43
43
51
54
64
70
66
63
58
62
62
68
81
85
91
90
84
82
84
83
81
87
90
92
99
90
83
78
69
69
67
76
75
69
65
54
54
51
48
45
41
40
36
34
38
43
47
45
40
37
37
39
41
46
44
48
57
53
54
47
43
41
38
43
40
39
32
22
14
7
11
6
2
-3
-11
-7
-15
-17
-17
-27
-25
-33
-39
-37
-49
-44
-44
-48
-43
-51
-58
-61
-70
-69
-69
-73
-73
-82
-87
-101
-113
-117
-127
-125
-126
-132
-132
-130
-130
-126
-130
-131
-129
-133
-130
-127
-123
-115
-107
-107
-102
-102
-103
-94
-96
-90
-83
-81
-77
-76
-76
-74
-74
-77
-77
-75
-76
-72
-70
-67
-68
-67
-69
-67
-59
-51
-45
-45
-49
-47
-41
-33
-13
-2
7
13
9
17
27
34
49
57
62
70
66
72
79
88
103
108
112
114
115
116
117
123
126
136
141
139
143
140
141
141
141
144
145
146
148
145
143
139
134
133
133
133
127
126
120
112
113
106
100
97
89
83
79
74
68
61
51
43
37
31
28
23
22
21
14
9
3
-6
-4
-6
-8
-3
-10
-14
-17
-26
-24
-25
-25
-20
-26
-25
-29
-37
-39
-46
-48
-49
-50
-53
-54
-54
-62
-65
-72
-77
-74
-79
-78
-79
-84
-86
-92
-99
-99
-102
-103
-104
-108
-109
-111
-115
-117
-122
-125
-123
-125
-126
-126
-126
-128
-126
-127
-129
-122
-123
-119
-116
-117
-107
-107
-105
-97
-97
-85
-74
-68
-59
-54
-51
-41
-33
-22
-9
0
12
19
20
29
37
45
60
65
73
81
86
94
98
105
109
114
124
125
130
131
131
134
131
131
133
135
138
136
135
129
126
122
122
124
122
125
123
123
121
116
116
111
109
106
101
97
93
93
90
88
83
76
74
70
71
71
69
68
63
58
54
50
46
44
40
36
31
24
20
19
17
16
11
7
4
1
-2
-6
-11
-15
-21
-25
-32
-38
-41
-45
-51
-55
-60
-67
-73
-78
-83
-88
-96
-104
-112
-116
-119
-120
-123
-129
-135
-141
-147
-149
-152
-152
-156
-160
-162
-164
-162
-161
-162
-163
-161
-162
-162
-160
-159
-155
-151
-148
-148
-146
-140
-134
-126
-118
-110
-103
-100
-97
-90
-82
-74
-65
-56
-49
-40
-34
-27
-22
-16
-9
-1
6
15
23
30
36
42
50
54
61
67
73
80
84
87
87
87
91
94
97
101
101
102
104
106
110
114
113
111
110
109
112
114
117
118
116
114
111
107
109
110
114
113
111
113
110
111
111
114
115
114
114
113
112
114
114
112
110
106
105
105
103
101
99
93
88
81
80
78
73
70
64
59
56
50
45
41
34
25
15
8
3
-3
-9
-18
-28
-36
-45
-54
-59
-66
-70
-77
-84
-88
-94
-99
-103
-108
-109
-113
-118
-118
-121
-122
-123
-126
-127
-127
-123
-121
-121
-118
-116
-114
-109
-105
-101
-96
-95
-92
-89
-88
-83
-81
-77
-73
-69
-67
-66
-64
-60
-56
-54
-52
-49
-48
-45
-44
-42
-41
-39
-38
-37
-35
-34
-32
-29
-28
-27
-25
-22
-21
-18
-16
-14
-12
-8
-5
-3
-2
-1
-1
2
5
7
11
12
14
18
19
22
22
27
30
31
34
36
39
43
45
50
53
56
60
63
64
68
72
77
83
84
89
93
96
100
101
102
105
107
110
110
114
117
115
113
112
110
111
108
107
103
97
93
89
84
78
69
64
61
55
50
41
34
27
17
10
2
-3
-10
-17
-22
-29
-36
-42
-47
-52
-57
-62
-65
-68
-70
-71
-72
-73
-73
-75
-77
-76
-74
-72
-71
-64
-61
-60
-56
-53
-50
-46
-43
-39
-34
-29
-24
-19
-15
-14
-13
-9
-7
-3
-2
-1
1
3
3
1
1
0
-2
0
-1
-3
-5
-10
-14
-16
-19
-21
-25
-27
-31
-30
-32
-34
-35
-38
-40
-41
-40
-39
-38
-40
-41
-42
-41
-38
-38
-36
-34
-35
-36
-34
-33
-32
-31
-28
-23
-22
-19
-17
-15
-12
-9
-7
-5
-1
2
3
8
11
13
18
18
24
29
30
34
36
38
44
45
48
52
55
55
54
53
56
57
56
55
54
52
49
46
44
41
40
39
36
36
32
29
25
20
17
13
10
7
3
1
-4
-10
-15
-18
-20
-23
-26
-26
-29
-31
-35
-37
-36
-35
-33
-34
-34
-32
-31
-31
-31
-29
-24
-20
-16
-14
-12
-11
-6
-1
3
6
11
14
17
19
19
20
22
26
26
27
28
27
26
27
28
26
27
28
27
25
23
22
20
20
18
16
13
13
10
4
0
-1
-4
-5
-6
-9
-12
-15
-16
-19
-20
-19
-20
-22
-22
-25
-25
-24
-25
-25
-25
-23
-22
-21
-21
-20
-18
-16
-13
-13
-10
-8
-5
-2
0
1
3
5
7
9
9
11
13
15
15
16
16
17
18
17
16
16
16
15
15
15
13
11
12
11
9
7
4
2
0
-1
-4
-5
-7
-6
-9
-12
-13
-13
-14
-13
-14
-15
-17
-19
-19
-18
-16
-14
-14
-14
-14
-14
-13
-11
-10
-7
-5
-3
-3
-1
-2
0
1
3
6
7
9
9
11
12
12
12
13
16
16
17
16
16
15
16
16
15
15
15
16
15
13
13
14
14
13
12
11
10
8
5
5
5
6
3
3
1
-1
0
0
-1
1
0
1
0
-1
-1
-2
-1
0
0
-1
0
2
1
1
3
2
3
4
6
8
9
10
11
10
12
12
12
13
12
14
14
15
12
12
10
9
8
7
8
9
7
5
2
-2
-4
-6
-9
-11
-12
-13
-18
-23
-27
-29
-30
-32
-35
-37
-39
-41
-48
-50
-49
-49
-50
-53
-57
-57
-59
-60
-59
-58
-54
-54
-54
-55
-54
-52
-50
-47
-42
-37
-34
-33
-34
-28
-24
-19
-15
-13
-9
-5
-3
-1
3
9
15
19
21
22
23
27
26
27
31
34
35
34
32
32
32
30
30
30
30
29
26
23
22
20
18
17
14
12
11
9
7
6
5
6
5
4
3
5
5
6
5
7
11
13
13
16
16
19
23
25
28
33
34
38
38
40
43
45
46
47
50
52
55
55
56
60
60
60
60
59
61
62
61
59
59
59
59
59
56
53
53
50
47
44
41
38
33
27
24
19
14
9
4
-1
-7
-12
-18
-23
-27
-32
-36
-41
-45
-49
-54
-58
-60
-63
-66
-70
-73
-74
-74
-74
-76
-76
-77
-75
-73
-75
-71
-71
-69
-65
-63
-59
-56
-55
-51
-51
-46
-42
-39
-35
-33
-29
-27
-25
-23
-20
-15
-12
-10
-9
-7
-5
-5
-1
2
3
5
4
4
7
8
10
11
10
11
9
9
8
8
8
6
5
4
1
0
-3
-3
-4
-3
-4
-6
-8
-10
-11
-11
-9
-7
-7
-8
-7
-6
-5
-3
0
2
3
5
7
11
13
15
18
21
23
26
29
31
34
35
38
41
43
46
49
50
52
55
58
61
64
63
63
64
65
65
66
67
66
65
62
61
60
57
54
51
48
44
39
36
31
27
21
18
13
7
2
-4
-9
-14
-17
-21
-27
-32
-35
-38
-42
-44
-49
-53
-56
-58
-59
-62
-63
-64
-68
-69
-69
-70
-71
-72
-71
-71
-70
-68
-65
-63
-63
-60
-59
-56
-53
-51
-48
-47
-45
-42
-39
-37
-35
-33
-33
-30
-27
-25
-23
-21
-18
-14
-12
-10
-7
-7
-3
-1
1
2
2
3
6
6
7
8
8
9
11
11
12
14
16
16
16
18
19
21
23
23
23
24
26
28
28
28
29
31
31
32
34
34
34
36
40
41
41
42
43
47
48
49
49
50
53
53
54
55
55
55
56
58
59
59
61
60
58
58
58
57
56
54
51
51
48
48
46
43
39
36
35
34
31
29
25
21
18
17
14
12
9
3
-1
-4
-9
-10
-13
-17
-21
-26
-29
-31
-33
-35
-35
-41
-45
-47
-49
-49
-51
-54
-55
-58
-60
-60
-61
-62
-63
-65
-67
-67
-67
-67
-67
-66
-66
-66
-65
-64
-63
-62
-62
-62
-61
-60
-58
-57
-57
-54
-51
-50
-50
-48
-46
-43
-42
-41
-37
-36
-35
-31
-30
-27
-26
-24
-22
-20
-17
-15
-13
-11
-8
-5
-4
0
3
3
6
7
8
12
14
14
15
18
20
22
24
26
28
27
29
30
33
32
34
35
35
37
38
39
41
41
42
42
43
43
43
43
43
45
45
46
45
46
46
47
47
47
48
48
48
47
48
48
46
47
47
46
45
44
45
45
45
43
42
42
41
39
38
38
37
33
32
28
27
27
24
21
20
17
16
13
11
9
7
4
-1
-3
-5
-9
-11
-14
-16
-19
-21
-24
-26
-29
-32
-33
-35
-37
-39
-41
-43
-46
-47
-49
-50
-51
-52
-53
-53
-52
-52
-52
-52
-53
-52
-50
-50
-48
-48
-47
-44
-44
-42
-41
-38
-36
-35
-33
-30
-28
-24
-23
-20
-18
-16
-13
-10
-8
-6
-4
-3
0
1
3
5
7
8
10
12
12
14
16
18
19
19
19
20
21
21
22
20
20
21
21
21
20
19
20
20
21
21
20
20
21
21
20
21
22
23
22
22
20
21
21
20
21
22
23
22
24
23
25
26
27
29
29
30
31
31
31
32
32
31
32
31
31
31
35
34
32
33
32
30
30
30
29
27
26
23
22
20
20
16
11
7
4
1
-2
-5
-8
-10
-14
-18
-21
-23
-24
-29
-32
-35
-39
-42
-46
-49
-52
-54
-57
-61
-63
-65
-65
-68
-69
-71
-72
-74
-74
-74
-73
-71
-72
-72
-71
-70
-70
-69
-67
-66
-65
-62
-59
-58
-53
-48
-47
-45
-41
-39
-37
-33
-29
-25
-23
-19
-17
-13
-9
-8
-5
-3
-1
1
4
6
8
11
13
16
19
19
21
22
25
26
27
28
30
32
32
34
35
36
38
39
41
41
41
41
42
41
42
43
42
44
44
45
45
46
45
46
46
47
48
48
48
49
48
49
48
48
48
49
47
46
45
44
44
44
43
43
41
39
38
38
36
34
32
30
28
26
25
23
23
21
19
16
15
14
11
10
8
5
4
3
1
-1
-3
-4
-5
-7
-9
-10
-13
-15
-16
-18
-18
-18
-20
-21
-21
-23
-24
-25
-26
-27
-27
-28
-29
-30
-30
-28
-27
-29
-30
-31
-32
-32
-33
-34
-34
-32
-31
-31
-30
-30
-30
-28
-28
-28
-28
-28
-26
-26
-26
-24
-23
-22
-21
-21
-20
-19
-19
-18
-16
-14
-13
-12
-12
-10
-8
-6
-6
-4
-2
-2
-2
1
2
4
4
7
8
9
10
12
13
14
16
16
16
18
18
20
20
20
22
23
23
24
24
23
24
23
22
21
22
22
21
21
20
21
21
19
18
16
15
14
12
12
10
9
8
7
5
4
2
2
0
-1
-2
-3
-4
-4
-5
-6
-7
-7
-8
-9
-10
-9
-9
-10
-8
-9
-8
-7
-8
-7
-7
-6
-6
-5
-4
-3
-3
-1
-1
0
0
0
0
1
1
3
2
2
2
2
0
-1
-1
-2
-2
-3
-4
-5
-5
-7
-8
-9
-11
-13
-14
-16
-16
-18
-20
-21
-22
-24
-25
-28
-29
-30
-31
-31
-33
-33
-33
-34
-36
-36
-36
-34
-34
-33
-32
-29
-29
-28
-26
-24
-22
-19
-18
-15
-12
-9
-7
-5
-1
1
4
7
8
11
14
16
18
21
24
26
26
29
30
31
32
35
36
36
37
37
37
37
36
35
34
34
34
35
33
32
29
26
25
22
21
19
16
14
13
9
8
7
3
1
-2
-3
-6
-6
-7
-8
-10
-12
-13
-15
-13
-14
-14
-15
-15
-14
-14
-14
-13
-12
-11
-10
-10
-9
-7
-5
-5
-4
-3
-2
0
1
2
4
6
8
8
10
12
14
14
14
15
16
16
16
17
19
18
17
17
17
18
17
16
14
14
12
10
8
9
8
5
3
1
-1
-2
-6
-7
-8
-9
-11
-11
-13
-13
-15
-17
-18
-18
-19
-19
-20
-21
-22
-21
-21
-21
-21
-20
-18
-19
-17
-17
-15
-15
-13
-12
-10
-7
-5
-3
-2
0
1
3
5
7
10
11
12
13
14
15
16
17
19
20
21
21
21
20
20
18
17
17
16
16
14
13
12
10
7
6
3
3
2
-2
-4
-5
-7
-7
-9
-10
-11
-12
-14
-15
-15
-16
-17
-20
-19
-20
-18
-19
-19
-18
-16
-15
-15
-15
-14
-13
-11
-11
-9
-7
-6
-5
-3
-1
2
3
3
4
6
8
9
9
10
11
10
12
13
13
14
14
15
13
14
13
13
13
12
12
12
10
9
9
8
6
5
3
2
2
0
-1
-2
-2
-4
-4
-4
-5
-5
-5
-7
-6
-8
-10
-9
-11
-11
-10
-11
-11
-11
-10
-9
-9
-7
-6
-5
-5
-4
-4
-4
-2
-3
-3
-2
-2
-1
1
-1
-1
0
1
1
2
3
2
4
4
4
4
4
5
5
5
5
5
5
4
3
3
3
4
4
4
3
2
2
2
0
1
0
-1
0
-1
-2
-3
-2
-3
-4
-5
-5
-6
-5
-6
-7
-7
-6
-6
-6
-6
-5
-5
-5
-5
-5
-5
-4
-3
-4
-4
-5
-6
-5
-5
-4
-4
-4
-3
-3
-4
-5
-6
-5
-4
-4
-5
-5
-5
-4
-4
-5
-5
-3
-2
-2
-2
-2
-1
0
-1
-1
-1
0
1
1
0
1
2
3
2
3
4
5
5
5
5
6
5
6
6
8
7
7
9
10
11
12
12
12
14
15
14
14
15
16
17
18
17
18
18
19
17
17
18
19
18
18
17
16
18
16
16
16
14
13
12
12
11
10
9
8
7
6
5
5
3
0
-2
-3
-3
-4
-7
-7
-7
-8
-10
-10
-11
-13
-15
-16
-16
-15
-15
-16
-17
-17
-17
-17
-18
-17
-15
-15
-14
-14
-16
-14
-13
-12
-11
-10
-8
-9
-8
-6
-5
-4
-3
-3
-3
-2
-1
1
1
1
1
2
3
4
6
4
4
2
3
4
4
4
3
2
3
2
2
1
1
-1
-3
-2
-3
-4
-4
-5
-7
-7
-7
-6
-8
-9
-9
-10
-10
-10
-10
-10
-11
-11
-9
-9
-9
-10
-9
-9
-8
-7
-6
-5
-6
-4
-3
-4
-3
-2
-1
0
1
1
2
4
7
7
8
9
10
11
12
14
13
14
15
15
17
19
19
19
19
19
19
19
18
17
18
17
16
15
13
12
11
9
7
6
6
4
3
2
0
-1
-4
-4
-3
-5
-5
-6
-7
-7
-10
-10
-12
-11
-9
-11
-11
-10
-10
-11
-10
-10
-11
-9
-9
-8
-8
-7
-7
-7
-6
-5
-4
-3
-2
-1
0
2
2
2
1
2
3
3
4
4
5
5
5
6
5
4
5
6
7
7
7
7
6
7
7
5
5
4
2
1
1
0
-1
-3
-3
-5
-4
-4
-4
-2
-4
-4
-3
-4
-4
-3
-4
-3
-4
-4
-4
-3
-2
-5
-6
-8
-7
-7
-7
-7
-7
-6
-6
-7
-7
-6
-4
-3
-3
-2
-2
-1
-1
0
0
2
2
2
3
3
4
4
4
4
4
4
5
4
3
5
6
5
4
2
3
3
3
2
1
-1
0
0
-1
-1
-1
-1
-3
-3
-2
-1
-1
-2
-3
-3
-2
-3
-4
-4
-4
-5
-5
-5
-4
-4
-4
-5
-5
-5
-6
-6
-5
-5
-4
-4
-4
-4
-3
-4
-4
-5
-4
-4
-4
-4
-2
-1
-2
-2
0
-1
-1
0
1
1
