0
0
-1
-1
-1
0
0
0
0
-1
-2
-1
-1
0
-1
0
-1
0
-1
0
0
-1
-1
0
-1
0
-1
0
0
0
0
0
1
1
1
1
2
1
1
1
2
2
2
3
2
3
3
2
3
3
3
4
3
3
3
3
3
4
4
4
4
3
3
3
3
3
2
2
2
2
1
1
0
0
-2
-2
-2
-2
-3
-4
-4
-5
-6
-7
-7
-8
-7
-7
-8
-8
-8
-9
-10
-10
-10
-9
-9
-8
-8
-9
-9
-9
-8
-8
-8
-7
-7
-7
-7
-7
-7
-7
-6
-5
-6
-7
-7
-7
-7
-7
-7
-8
-7
-6
-8
-8
-8
-8
-9
-7
-6
-5
-3
-3
-1
0
2
3
5
7
10
12
15
17
19
22
25
26
28
29
31
32
33
34
35
36
35
35
34
33
33
33
32
31
29
28
27
25
24
23
21
21
20
18
16
14
12
11
9
9
8
8
7
6
6
4
3
3
1
1
0
-2
-2
-3
-4
-4
-4
-4
-6
-6
-6
-6
-6
-7
-7
-6
-7
-6
-7
-9
-9
-9
-9
-9
-9
-10
-11
-12
-12
-14
-14
-16
-18
-18
-20
-22
-24
-27
-30
-32
-34
-36
-40
-43
-46
-47
-49
-51
-53
-55
-57
-57
-58
-59
-61
-60
-59
-59
-58
-57
-54
-51
-48
-43
-37
-32
-28
-22
-17
-10
-5
1
6
11
16
21
25
28
31
34
36
39
39
39
38
36
36
35
34
32
29
27
25
23
21
20
16
14
12
10
7
3
-1
-3
-6
-9
-13
-16
-18
-21
-22
-23
-24
-25
-24
-23
-22
-21
-19
-18
-16
-15
-12
-8
-4
-1
4
8
14
19
24
30
36
43
50
60
71
78
88
96
101
107
114
122
127
132
135
138
138
136
135
134
133
131
128
122
114
104
95
87
80
70
63
52
41
31
19
9
-2
-11
-18
-24
-29
-37
-44
-52
-58
-63
-68
-73
-79
-85
-90
-94
-95
-97
-99
-100
-103
-103
-105
-109
-113
-116
-118
-122
-123
-128
-135
-139
-144
-147
-152
-158
-163
-167
-170
-167
-160
-151
-143
-136
-134
-129
-125
-117
-104
-89
-75
-60
-48
-37
-29
-21
-9
5
24
41
54
63
67
67
71
76
80
85
89
90
86
81
78
76
73
72
75
77
78
76
76
74
70
70
68
62
53
44
37
30
22
17
14
11
11
8
5
3
2
1
3
4
4
5
6
8
12
16
25
31
36
44
55
63
68
77
89
98
105
113
120
124
128
132
134
134
133
135
135
133
131
128
128
126
125
124
120
114
104
98
93
86
76
65
56
46
36
27
16
5
-1
-9
-16
-24
-34
-42
-53
-62
-71
-78
-84
-91
-97
-102
-107
-109
-109
-109
-110
-111
-115
-117
-115
-113
-110
-111
-113
-115
-120
-121
-120
-121
-120
-121
-119
-119
-120
-120
-120
-119
-119
-118
-115
-116
-114
-117
-124
-128
-132
-135
-140
-141
-144
-149
-155
-158
-159
-154
-146
-142
-135
-131
-124
-117
-106
-92
-76
-60
-46
-33
-17
-1
13
27
42
59
75
91
105
115
123
128
133
138
142
144
146
146
145
143
143
143
144
146
145
144
145
144
144
141
139
131
122
113
104
92
84
74
62
54
45
39
30
22
14
8
3
0
-2
-5
-8
-11
-11
-10
-8
-3
0
3
9
12
20
28
36
51
58
65
73
80
90
96
104
115
124
130
135
143
148
152
155
158
159
157
156
154
148
139
127
117
106
94
80
64
48
28
12
-4
-21
-39
-58
-75
-92
-108
-124
-137
-152
-164
-174
-182
-189
-196
-202
-207
-208
-207
-206
-204
-205
-204
-203
-196
-189
-183
-175
-171
-166
-159
-150
-142
-135
-128
-121
-113
-103
-97
-89
-84
-77
-72
-64
-60
-57
-55
-54
-52
-52
-48
-41
-36
-31
-27
-24
-22
-18
-10
-4
4
10
14
21
26
30
35
41
48
55
61
64
66
70
70
71
72
73
75
75
75
75
76
77
79
82
83
84
83
84
85
86
89
90
90
90
86
82
77
74
69
64
60
54
48
41
34
28
23
19
14
10
7
4
2
0
-2
-2
-2
1
3
8
15
20
25
31
39
47
54
62
70
78
87
94
99
109
115
119
123
128
135
141
142
144
143
142
138
133
129
123
114
102
90
77
64
50
37
24
13
-1
-15
-30
-44
-56
-72
-87
-97
-110
-122
-134
-146
-155
-162
-171
-178
-181
-185
-189
-194
-194
-195
-194
-192
-190
-186
-182
-177
-172
-166
-157
-150
-138
-129
-116
-105
-95
-84
-73
-62
-50
-40
-28
-16
-8
-1
4
10
17
21
26
29
30
28
30
28
25
24
21
17
13
8
3
-2
-6
-5
-6
-7
-10
-10
-13
-16
-18
-19
-17
-16
-17
-19
-19
-20
-19
-17
-14
-12
-9
-6
-4
0
3
7
12
18
23
27
33
39
47
55
63
71
76
82
86
90
92
94
97
99
101
103
104
103
102
100
99
97
98
97
96
93
90
87
83
79
77
74
71
67
64
63
58
53
52
49
48
46
43
42
41
39
40
41
42
43
45
45
45
46
47
47
49
51
51
50
49
46
42
39
37
32
26
20
16
11
4
-5
-13
-20
-27
-34
-44
-52
-60
-67
-76
-84
-92
-98
-105
-112
-117
-121
-127
-133
-135
-134
-134
-136
-137
-133
-129
-128
-128
-128
-126
-122
-119
-116
-113
-110
-105
-102
-100
-97
-93
-92
-88
-86
-83
-81
-78
-73
-69
-66
-66
-66
-65
-63
-61
-57
-53
-48
-42
-36
-33
-31
-29
-28
-25
-18
-11
-8
-6
-3
1
3
4
7
11
15
19
24
27
30
32
38
42
47
52
56
59
61
66
69
72
75
80
85
88
93
94
96
98
99
99
103
104
106
108
107
105
104
101
99
98
98
98
97
95
94
91
89
88
88
87
85
82
79
77
75
73
73
72
73
73
73
72
72
70
70
72
73
75
77
76
75
74
72
71
71
71
69
68
66
62
57
52
47
44
39
36
30
24
18
11
2
-5
-12
-20
-28
-35
-43
-52
-61
-69
-76
-84
-89
-94
-101
-108
-114
-120
-126
-131
-133
-136
-138
-141
-143
-147
-149
-151
-150
-148
-145
-142
-140
-139
-137
-136
-133
-127
-123
-119
-116
-114
-113
-114
-115
-115
-115
-112
-108
-106
-105
-106
-106
-107
-107
-105
-102
-96
-90
-87
-84
-82
-79
-77
-74
-69
-66
-57
-51
-44
-40
-38
-37
-35
-32
-25
-17
-8
0
5
10
17
22
27
36
44
52
59
64
68
73
78
84
91
99
105
109
112
115
117
119
126
132
138
143
147
147
146
146
147
147
148
151
152
154
153
149
144
140
137
135
135
135
134
132
128
125
121
117
113
111
111
111
109
106
103
101
99
97
95
95
95
94
90
86
82
79
77
75
73
71
65
58
52
48
42
36
32
27
22
14
6
-2
-9
-18
-23
-30
-37
-43
-48
-58
-67
-76
-85
-90
-96
-100
-105
-112
-121
-128
-135
-141
-145
-149
-152
-157
-161
-167
-172
-178
-183
-185
-188
-190
-194
-197
-199
-201
-204
-206
-206
-205
-205
-204
-202
-202
-200
-200
-198
-194
-192
-188
-182
-176
-171
-167
-163
-156
-148
-137
-126
-118
-106
-96
-84
-72
-63
-50
-36
-25
-12
0
10
21
32
41
52
65
74
85
94
103
111
118
124
134
143
151
158
163
168
172
177
179
183
185
189
191
192
191
188
185
183
181
179
177
175
174
172
169
168
162
159
156
155
153
149
145
141
138
136
133
130
127
126
124
121
117
113
110
107
104
103
100
98
97
95
94
90
87
83
80
78
76
72
68
66
62
59
53
46
38
33
28
23
16
10
0
-7
-14
-23
-33
-42
-53
-63
-69
-78
-85
-92
-100
-107
-115
-122
-129
-137
-143
-148
-156
-162
-168
-172
-177
-184
-188
-194
-198
-200
-203
-206
-207
-209
-211
-211
-212
-212
-211
-213
-213
-211
-209
-208
-205
-202
-200
-197
-195
-193
-191
-188
-187
-183
-180
-175
-170
-163
-155
-150
-142
-134
-129
-121
-113
-103
-93
-81
-70
-62
-53
-42
-33
-23
-12
-3
8
18
29
40
49
58
67
77
86
94
102
108
117
125
132
139
144
151
157
164
169
174
177
179
183
186
187
190
193
194
195
195
194
194
193
193
191
188
185
185
184
181
180
176
173
171
169
165
162
157
153
150
146
140
134
129
125
123
121
117
112
107
103
99
96
93
91
89
85
81
76
71
68
63
60
55
49
43
39
33
24
16
10
6
2
-5
-11
-17
-23
-30
-38
-43
-51
-59
-67
-76
-85
-94
-101
-109
-115
-119
-126
-131
-137
-142
-145
-150
-155
-157
-160
-163
-167
-170
-170
-172
-175
-179
-184
-185
-186
-189
-191
-194
-195
-194
-195
-194
-194
-194
-192
-191
-187
-184
-182
-181
-180
-177
-174
-172
-168
-164
-159
-152
-145
-137
-127
-119
-116
-112
-105
-95
-85
-75
-62
-51
-37
-17
0
11
20
33
46
64
83
100
115
127
136
139
141
156
177
193
209
212
200
195
193
185
187
193
197
197
192
172
150
132
122
123
129
123
114
97
73
57
43
37
44
48
45
44
34
24
25
34
56
86
121
149
158
149
134
136
165
210
256
296
311
296
259
229
230
260
300
327
332
304
239
175
140
136
157
175
163
128
62
-15
-57
-66
-48
-23
-19
-41
-81
-135
-174
-172
-141
-107
-87
-91
-124
-164
-193
-197
-169
-141
-131
-134
-161
-197
-233
-257
-248
-225
-213
-222
-251
-293
-333
-360
-358
-340
-326
-338
-358
-390
-417
-445
-454
-433
-406
-412
-480
-502
-485
-396
-339
-297
-221
-191
-207
-317
-324
-195
3
162
220
241
178
81
42
120
294
411
472
472
389
243
80
77
194
311
335
251
138
-25
-179
-216
-140
-24
18
-14
-83
-189
-295
-332
-226
-72
35
42
-18
-77
-133
-135
-54
97
232
263
218
170
132
135
166
252
367
420
391
307
246
219
230
278
360
407
366
272
194
178
195
225
270
300
284
230
167
155
169
192
250
289
361
363
338
329
273
312
314
347
401
387
383
325
272
199
151
120
106
143
91
32
-81
-190
-220
-255
-225
-218
-226
-259
-323
-348
-364
-354
-288
-230
-155
-119
-143
-138
-133
-101
-24
33
64
61
5
-35
-73
-88
-86
-95
-130
-206
-276
-363
-417
-473
-518
-534
-599
-659
-745
-792
-830
-857
-817
-753
-656
-633
-553
-459
-345
-330
-381
-264
-81
178
309
379
426
389
354
333
439
565
646
652
588
474
269
136
120
199
218
116
-30
-204
-360
-489
-518
-444
-369
-368
-422
-502
-566
-574
-502
-338
-161
-76
-73
-113
-108
-43
49
189
325
414
413
356
337
353
394
423
473
520
485
381
261
213
222
243
269
284
250
162
66
28
64
117
164
192
206
204
192
221
337
481
565
590
568
570
589
565
624
705
758
743
612
486
390
337
311
325
285
156
9
-141
-208
-250
-310
-317
-330
-365
-423
-490
-498
-458
-384
-300
-225
-168
-165
-141
-96
-16
84
146
186
167
134
95
79
69
32
5
-95
-168
-244
-348
-424
-536
-596
-651
-736
-832
-906
-932
-946
-1002
-1040
-1026
-908
-793
-709
-553
-435
-274
-307
-346
-217
10
327
440
550
600
582
520
417
510
625
728
755
685
539
253
11
-35
63
109
15
-174
-348
-536
-687
-725
-655
-532
-505
-501
-532
-578
-600
-559
-371
-135
32
90
81
57
66
116
236
394
503
516
442
375
332
309
276
285
323
315
219
68
-18
-64
-71
-61
-20
17
-17
-79
-102
-45
28
90
164
279
355
434
546
650
740
704
732
797
862
901
881
909
884
805
649
534
472
405
382
312
227
80
-112
-222
-278
-278
-284
-299
-317
-341
-392
-423
-390
-288
-150
-23
56
74
87
114
202
313
414
446
425
366
288
243
192
141
73
-30
-147
-283
-425
-539
-639
-709
-782
-838
-962
-1075
-1147
-1193
-1125
-1169
-1142
-1121
-1020
-866
-705
-405
-213
-141
-313
-338
-108
248
583
713
841
805
626
395
306
486
697
864
823
600
213
-163
-319
-238
-56
3
-93
-342
-636
-898
-998
-898
-662
-443
-359
-420
-557
-645
-600
-398
-92
208
369
361
246
166
193
300
476
631
692
604
420
270
186
147
161
236
271
171
-63
-275
-359
-341
-269
-182
-121
-142
-229
-289
-261
-145
10
154
294
375
423
436
539
707
864
945
885
878
820
800
784
794
855
779
611
342
159
71
57
108
67
-18
-225
-411
-468
-456
-357
-286
-228
-200
-221
-263
-242
-132
73
269
389
430
391
374
377
439
529
592
601
492
329
180
56
-17
-75
-132
-241
-439
-612
-780
-850
-906
-943
-947
-1034
-1084
-1184
-1215
-1215
-1163
-1035
-895
-768
-612
-334
-113
-37
-214
-245
2
366
671
800
902
861
642
375
274
415
608
740
692
472
84
-317
-472
-416
-253
-204
-263
-420
-674
-922
-1032
-922
-659
-412
-253
-229
-322
-388
-369
-169
133
416
616
653
582
469
423
475
589
709
748
663
498
318
143
35
-36
7
50
-25
-188
-392
-523
-571
-548
-422
-295
-254
-279
-324
-293
-205
-81
112
293
441
546
599
736
820
902
913
885
911
850
839
795
771
730
581
383
130
-25
-107
-94
-66
-122
-245
-456
-597
-623
-546
-411
-287
-181
-147
-176
-198
-140
22
239
448
613
654
600
525
493
538
596
645
635
531
328
105
-89
-199
-246
-278
-350
-530
-742
-959
-1091
-1136
-1097
-1008
-1020
-1107
-1260
-1372
-1353
-1199
-904
-607
-316
-109
-19
-168
-356
-285
114
666
1009
1185
1132
869
473
175
286
621
937
997
769
349
-206
-566
-597
-361
-145
-114
-250
-518
-862
-1157
-1203
-960
-575
-257
-111
-172
-334
-449
-370
-71
326
669
846
818
672
519
471
546
691
846
882
763
526
257
50
-91
-94
-8
51
-20
-246
-480
-650
-711
-640
-470
-268
-186
-232
-316
-329
-239
-63
164
422
633
725
794
797
831
778
740
795
846
915
846
735
566
335
115
-76
-137
-154
-156
-215
-370
-560
-757
-836
-805
-683
-526
-407
-353
-361
-358
-294
-167
32
263
464
599
628
610
578
561
598
649
688
679
567
373
140
-59
-182
-261
-312
-408
-536
-734
-953
-1102
-1183
-1173
-1131
-1111
-1119
-1187
-1217
-1128
-967
-613
-239
81
36
-231
-320
-124
362
744
1104
1305
1212
850
367
257
444
810
1062
1049
784
188
-356
-667
-602
-361
-181
-153
-346
-688
-1048
-1237
-1155
-846
-484
-186
-94
-168
-299
-357
-222
61
456
809
955
907
727
588
536
612
802
972
1000
842
550
249
-6
-110
-41
75
114
-21
-241
-470
-647
-679
-547
-323
-136
-66
-85
-138
-180
-104
94
401
783
1004
1051
829
594
526
598
828
981
1080
994
700
291
-107
-241
-194
-49
24
-65
-306
-683
-991
-1126
-1024
-792
-561
-428
-429
-544
-677
-689
-515
-186
182
467
582
535
401
271
269
427
648
788
750
566
302
25
-163
-234
-204
-196
-253
-412
-683
-949
-1208
-1288
-1228
-1135
-1048
-1109
-1157
-1213
-1155
-841
-420
-32
-56
-230
-295
-103
243
534
941
1241
1284
938
476
336
466
771
970
1033
871
401
-104
-488
-549
-433
-306
-234
-336
-624
-994
-1268
-1282
-1075
-779
-490
-313
-234
-260
-324
-298
-139
176
524
779
935
933
827
659
573
667
837
995
1038
921
668
329
87
7
48
126
151
112
-53
-302
-509
-583
-508
-317
-98
90
165
108
14
-16
103
495
972
1300
1294
1006
743
532
553
732
1005
1212
1096
786
262
-181
-422
-420
-167
2
35
-226
-663
-1059
-1338
-1304
-1043
-666
-360
-307
-481
-757
-931
-818
-464
26
461
646
587
310
71
21
167
446
654
723
563
238
-83
-322
-417
-412
-333
-256
-382
-654
-1004
-1250
-1350
-1387
-1298
-1172
-1040
-1017
-943
-745
-474
-412
-578
-579
-376
27
346
671
997
1094
905
478
300
433
773
1065
1134
1054
683
192
-257
-435
-333
-155
-32
-68
-280
-673
-1059
-1267
-1177
-888
-554
-292
-233
-292
-427
-486
-385
-122
280
625
836
875
778
624
509
536
710
922
1086
1092
924
590
270
108
85
170
263
333
302
97
-172
-367
-403
-287
-103
99
250
371
403
372
298
340
561
830
1063
1155
1190
1107
972
827
725
743
759
786
716
549
327
38
-191
-337
-377
-366
-408
-514
-659
-802
-920
-1012
-977
-832
-679
-565
-529
-482
-435
-405
-327
-201
-17
134
190
194
152
108
79
93
124
113
57
-28
-161
-302
-435
-514
-561
-652
-736
-866
-1029
-1186
-1290
-1234
-1131
-968
-719
-456
-341
-571
-798
-821
-522
-98
312
743
910
764
297
-68
-39
308
795
1070
1131
875
405
-67
-369
-341
-166
34
109
19
-254
-639
-1000
-1148
-1016
-697
-363
-186
-181
-349
-532
-613
-498
-171
198
486
602
576
458
302
256
363
578
788
921
932
791
527
294
188
196
298
408
498
451
250
30
-121
-113
-4
162
398
579
673
605
467
407
461
669
887
1109
1268
1283
1116
809
615
595
713
827
871
824
631
325
3
-195
-243
-180
-111
-101
-186
-382
-604
-805
-885
-809
-632
-423
-298
-266
-323
-413
-477
-457
-325
-154
-10
54
40
-55
-170
-251
-248
-219
-181
-150
-181
-296
-484
-620
-685
-736
-809
-883
-907
-938
-941
-954
-879
-735
-576
-525
-651
-704
-668
-432
-211
13
264
382
357
103
-65
-68
80
312
474
588
486
248
-47
-275
-364
-326
-192
-91
-119
-304
-502
-707
-797
-792
-652
-446
-320
-226
-233
-258
-327
-367
-270
-93
135
303
401
411
352
280
243
255
363
525
636
624
499
400
299
214
189
258
393
439
401
328
251
236
283
414
566
675
716
702
669
667
734
851
1007
1139
1207
1156
1038
931
848
818
828
874
878
773
608
392
183
33
-18
42
80
48
-71
-254
-436
-558
-536
-413
-291
-213
-185
-213
-290
-361
-346
-273
-185
-98
-46
-28
-98
-197
-273
-310
-312
-318
-328
-368
-427
-523
-638
-743
-838
-902
-920
-868
-792
-695
-567
-436
-433
-640
-810
-781
-525
-250
-11
237
378
307
4
-245
-267
-76
189
384
489
411
157
-189
-460
-541
-468
-305
-199
-215
-379
-606
-815
-939
-934
-824
-659
-501
-383
-350
-385
-463
-498
-433
-282
-81
107
234
248
184
134
155
203
255
326
391
421
373
331
307
261
175
84
103
162
212
227
221
232
208
189
209
290
440
594
710
784
808
813
781
755
811
960
1164
1297
1319
1226
1060
875
751
733
803
866
822
681
491
304
116
-24
-68
-46
-19
-38
-83
-163
-271
-376
-428
-374
-228
-65
28
35
-14
-79
-148
-191
-147
-24
66
55
-17
-121
-222
-357
-448
-498
-518
-551
-619
-723
-829
-896
-887
-745
-562
-415
-506
-697
-868
-862
-673
-427
-89
167
284
169
-104
-270
-275
-69
150
331
443
428
307
46
-215
-406
-433
-382
-297
-251
-234
-308
-511
-757
-983
-1035
-965
-795
-593
-468
-410
-504
-639
-740
-722
-553
-338
-123
-1
44
36
26
34
82
152
241
315
362
401
424
424
377
294
228
183
176
201
256
312
345
337
308
269
254
287
343
440
504
580
621
627
633
627
673
711
782
858
891
885
819
792
774
747
702
666
631
568
458
358
295
241
213
162
129
65
-27
-90
-136
-109
-57
19
64
29
-36
-106
-111
-77
-17
56
106
112
58
-22
-93
-141
-161
-167
-199
-245
-318
-401
-523
-644
-734
-717
-570
-386
-293
-402
-579
-748
-814
-804
-659
-334
-1
188
96
-137
-348
-427
-327
-147
73
229
294
251
99
-69
-192
-241
-281
-330
-365
-324
-278
-282
-373
-510
-630
-738
-788
-769
-663
-514
-428
-437
-515
-571
-570
-547
-509
-440
-304
-122
14
82
103
101
88
55
85
193
336
430
448
427
374
314
275
282
326
368
398
397
359
324
313
329
368
411
450
446
412
405
454
537
590
636
684
729
730
701
695
700
699
670
654
650
641
628
578
505
403
313
258
229
204
177
141
85
6
-65
-87
-79
-45
-19
-11
-19
-37
-28
-22
-19
-1
18
46
40
25
20
5
-24
-84
-137
-179
-240
-325
-444
-540
-610
-599
-489
-357
-285
-386
-564
-756
-874
-901
-801
-534
-236
-36
-65
-242
-422
-497
-432
-322
-174
-24
105
164
120
26
-75
-150
-251
-332
-371
-321
-247
-228
-281
-392
-487
-579
-642
-679
-672
-625
-585
-547
-526
-508
-505
-511
-513
-504
-453
-380
-267
-154
-34
59
126
148
142
142
157
215
290
379
448
470
473
463
467
468
478
485
471
460
447
469
490
493
447
366
313
332
426
525
576
585
572
553
529
534
582
644
678
671
640
618
619
624
613
582
549
505
447
376
319
283
231
158
101
91
95
68
11
-52
-105
-125
-107
-67
-38
-40
-57
-70
-68
-46
-6
32
47
45
31
2
-50
-93
-132
-203
-316
-419
-452
-417
-330
-251
-252
-362
-529
-692
-798
-846
-773
-571
-352
-252
-324
-467
-597
-657
-622
-509
-347
-201
-113
-88
-128
-170
-188
-180
-186
-216
-248
-271
-303
-338
-352
-341
-330
-348
-388
-436
-488
-533
-567
-587
-592
-560
-482
-410
-386
-417
-459
-474
-446
-373
-257
-124
-13
54
75
63
66
100
156
215
274
351
434
494
522
532
547
561
560
534
512
520
529
521
498
498
523
533
516
490
500
531
554
567
563
576
598
621
646
662
660
637
616
603
606
626
648
648
617
553
465
380
324
299
300
312
311
278
203
96
3
-52
-46
-12
13
31
39
39
11
-39
-58
-21
33
77
87
68
27
-51
-129
-175
-199
-210
-255
-327
-401
-423
-404
-400
-452
-541
-608
-692
-783
-849
-811
-684
-563
-515
-543
-575
-570
-537
-497
-473
-442
-379
-299
-251
-229
-196
-146
-130
-187
-257
-306
-324
-342
-354
-341
-307
-286
-305
-368
-433
-483
-518
-548
-569
-555
-497
-436
-412
-433
-465
-491
-495
-455
-386
-289
-207
-149
-111
-85
-53
-2
81
173
238
274
308
339
365
384
428
489
538
541
492
457
444
461
481
500
530
560
572
554
542
554
566
562
540
545
592
655
710
738
741
728
708
675
655
655
668
660
620
562
510
478
438
397
350
312
282
254
231
201
155
107
67
34
25
38
64
81
87
83
85
101
122
150
155
133
87
27
-7
-33
-49
-82
-153
-259
-411
-523
-562
-508
-442
-459
-524
-614
-701
-824
-937
-931
-796
-605
-493
-471
-502
-547
-577
-599
-570
-491
-380
-277
-220
-212
-222
-214
-223
-266
-345
-387
-386
-369
-359
-360
-355
-371
-415
-467
-503
-514
-511
-503
-521
-549
-564
-535
-485
-455
-436
-425
-401
-380
-347
-297
-225
-144
-78
-17
12
36
60
97
134
158
201
249
298
318
330
357
387
411
416
427
455
477
493
495
508
544
591
642
667
675
668
644
627
630
681
751
799
811
800
774
737
690
641
611
599
611
614
595
546
486
448
398
343
307
303
318
303
271
230
191
161
147
152
159
171
189
204
213
213
203
188
177
185
193
192
168
121
45
-53
-158
-247
-318
-391
-500
-595
-625
-578
-522
-551
-623
-708
-767
-845
-919
-892
-754
-573
-497
-526
-588
-618
-582
-535
-465
-395
-333
-288
-276
-273
-268
-244
-240
-278
-357
-417
-430
-407
-390
-407
-425
-451
-479
-518
-542
-518
-486
-472
-505
-545
-551
-507
-440
-394
-359
-342
-323
-316
-287
-214
-114
-18
35
42
18
-7
4
52
104
137
167
204
241
250
247
284
344
395
398
404
445
492
525
526
546
596
648
676
669
661
663
679
700
728
772
818
835
796
729
672
649
635
617
605
604
604
564
493
434
402
397
388
368
341
312
276
229
190
185
198
219
229
205
171
150
164
191
215
233
236
228
210
169
118
70
24
-31
-104
-193
-254
-306
-352
-472
-585
-606
-530
-415
-448
-524
-624
-685
-777
-875
-812
-604
-354
-284
-367
-484
-551
-518
-481
-402
-328
-237
-158
-165
-203
-284
-276
-283
-331
-441
-499
-458
-414
-405
-471
-495
-514
-554
-625
-689
-657
-611
-556
-560
-590
-569
-529
-463
-469
-476
-466
-413
-363
-335
-262
-177
-85
-61
-64
-89
-108
-81
-35
40
80
135
202
242
245
208
226
276
328
356
395
466
524
544
538
541
560
610
654
679
678
677
707
735
753
769
800
809
768
718
694
708
707
680
645
612
586
559
535
506
474
436
395
328
274
264
286
309
294
269
240
207
173
143
141
157
187
213
233
223
198
163
114
60
15
-9
-32
-66
-133
-210
-290
-356
-472
-532
-511
-393
-276
-350
-465
-608
-649
-717
-787
-691
-449
-154
-108
-252
-440
-549
-521
-477
-337
-194
-49
28
-24
-131
-296
-316
-302
-292
-379
-440
-396
-336
-325
-411
-436
-479
-557
-679
-761
-690
-596
-508
-509
-562
-591
-593
-539
-550
-564
-556
-481
-407
-369
-302
-220
-131
-159
-219
-263
-257
-163
-54
84
149
169
180
181
169
137
197
292
386
407
421
459
476
468
435
462
510
591
665
688
675
640
648
649
647
668
742
813
775
704
653
675
682
656
644
632
626
584
544
500
467
450
433
393
323
291
303
314
277
222
193
179
151
112
94
93
114
129
117
81
39
32
22
-4
-44
-65
-89
-141
-234
-297
-351
-406
-368
-271
-109
-144
-305
-480
-583
-603
-640
-504
-238
54
120
-69
-309
-494
-500
-417
-257
-52
71
152
80
-31
-196
-286
-267
-248
-244
-302
-276
-243
-250
-350
-451
-506
-589
-664
-714
-635
-519
-487
-524
-652
-730
-771
-743
-695
-659
-604
-562
-506
-505
-487
-449
-387
-356
-359
-331
-272
-173
-85
-17
19
18
25
48
113
188
275
367
413
406
339
331
358
403
427
450
506
558
593
597
588
554
500
474
475
509
563
635
680
643
563
493
488
493
501
519
552
556
503
442
399
386
365
346
341
338
337
331
306
255
183
123
100
91
80
84
106
119
79
19
-27
-48
-57
-78
-93
-117
-145
-186
-207
-312
-341
-242
-5
163
-22
-249
-434
-424
-463
-483
-224
186
500
329
-72
-404
-491
-350
-180
98
304
411
320
25
-246
-428
-318
-138
-3
-30
-82
-93
-185
-368
-609
-649
-593
-530
-526
-519
-410
-395
-501
-709
-873
-875
-792
-644
-570
-534
-538
-554
-596
-665
-630
-538
-393
-341
-335
-288
-231
-155
-129
-100
-81
-79
-44
31
135
224
342
425
429
343
256
303
381
446
459
486
529
532
504
474
461
460
480
511
532
544
557
557
480
370
322
377
463
497
508
508
481
385
304
281
335
389
394
385
363
351
339
319
281
239
213
216
213
198
180
162
126
54
-7
-17
1
20
-7
-56
-118
-203
-271
-367
-326
-149
119
235
47
-205
-402
-412
-395
-279
39
421
574
286
-154
-435
-399
-160
89
348
465
434
218
-86
-296
-357
-181
26
123
29
-91
-167
-276
-447
-596
-536
-424
-360
-410
-456
-431
-507
-646
-799
-841
-744
-611
-485
-475
-538
-647
-714
-744
-728
-606
-444
-291
-307
-391
-440
-421
-323
-253
-155
-89
-71
-77
-85
-29
48
160
231
250
196
152
202
279
366
394
423
428
383
333
295
338
389
433
468
459
438
403
390
340
275
241
284
361
360
334
298
284
222
166
195
276
347
328
278
240
203
194
228
298
329
309
276
237
201
175
211
263
253
175
102
96
92
59
4
-31
-89
-208
-201
-54
218
312
125
-136
-341
-345
-302
-120
221
570
649
285
-200
-467
-344
1
331
582
616
455
108
-222
-363
-284
4
259
362
207
-44
-260
-398
-493
-525
-395
-237
-174
-272
-391
-453
-550
-688
-803
-772
-622
-481
-417
-463
-568
-713
-796
-775
-648
-472
-336
-267
-326
-431
-502
-470
-352
-223
-112
-52
-55
-110
-147
-132
-57
47
145
214
217
191
168
162
160
162
202
264
306
285
241
207
196
215
249
303
327
318
280
227
179
143
164
233
273
257
207
158
129
102
107
161
219
239
227
215
218
210
190
186
189
198
228
280
322
313
277
253
235
211
189
212
266
275
222
151
89
2
-21
88
338
487
349
88
-122
-150
-121
-15
259
599
758
504
43
-308
-333
-70
273
577
671
536
225
-122
-326
-328
-89
218
383
273
1
-239
-377
-441
-460
-350
-195
-126
-225
-394
-485
-538
-617
-692
-673
-544
-415
-390
-473
-602
-730
-789
-755
-628
-442
-298
-252
-334
-487
-577
-531
-345
-124
18
64
-1
-109
-191
-189
-72
92
241
307
259
147
52
44
98
175
241
291
306
236
134
19
-27
-19
30
118
175
201
137
21
-88
-148
-119
-28
83
136
110
34
-44
-106
-133
-79
22
137
176
157
121
82
79
84
113
151
192
237
240
205
151
147
181
215
225
234
258
237
188
113
85
69
52
139
319
547
546
293
12
-105
-15
107
315
610
870
802
344
-130
-284
-12
393
710
826
685
377
-18
-273
-288
-53
319
553
478
109
-273
-464
-469
-416
-303
-109
8
-82
-362
-582
-626
-608
-595
-566
-446
-311
-300
-426
-606
-730
-758
-669
-512
-344
-237
-236
-321
-482
-580
-529
-333
-83
63
91
10
-122
-225
-225
-90
127
315
388
326
180
54
9
68
179
301
384
390
316
176
40
-39
-31
39
126
176
169
98
-37
-190
-290
-275
-152
-18
37
-10
-123
-240
-323
-332
-252
-99
41
88
34
-69
-136
-133
-66
16
106
175
209
182
113
48
37
88
152
206
230
248
236
174
87
21
30
40
86
214
425
561
400
79
-164
-123
79
296
543
793
914
647
134
-233
-150
311
761
999
944
662
278
-81
-212
-80
261
601
707
468
25
-324
-443
-375
-271
-109
59
84
-124
-465
-649
-638
-563
-504
-444
-333
-289
-389
-567
-710
-753
-677
-510
-321
-193
-202
-300
-435
-545
-533
-378
-97
137
182
68
-110
-233
-246
-146
54
285
414
381
198
7
-66
0
159
308
385
379
291
147
6
-59
-7
117
217
230
157
32
-93
-198
-238
-197
-99
10
29
-61
-212
-336
-371
-341
-271
-160
-47
-2
-82
-235
-327
-298
-182
-53
38
87
79
12
-72
-121
-89
24
158
230
206
125
57
33
21
46
93
159
165
57
3
107
354
464
284
10
-105
32
192
306
479
733
815
488
5
-199
87
566
869
912
754
500
178
-54
-60
160
501
721
647
259
-172
-368
-300
-167
-88
14
103
33
-272
-592
-673
-547
-406
-361
-341
-319
-349
-462
-612
-699
-680
-535
-333
-195
-195
-297
-387
-430
-426
-354
-163
87
225
163
-27
-160
-152
-36
125
281
408
443
350
165
22
45
214
399
464
412
311
219
124
27
12
103
235
270
173
23
-85
-131
-173
-194
-162
-66
-1
-66
-217
-349
-384
-352
-296
-225
-144
-102
-149
-268
-376
-387
-294
-159
-55
-38
-89
-165
-213
-227
-201
-115
11
96
67
-45
-135
-134
-72
3
69
124
125
39
-75
-64
137
406
477
282
35
-17
116
256
388
581
798
759
391
-16
-69
276
700
933
902
688
377
85
-39
53
319
600
713
532
103
-297
-410
-253
-56
57
108
93
-77
-397
-645
-642
-448
-270
-229
-269
-332
-427
-553
-658
-681
-591
-412
-227
-148
-226
-374
-462
-440
-351
-230
-56
132
219
111
-94
-198
-107
100
286
404
455
433
315
154
80
171
375
545
576
466
296
165
110
114
155
231
316
311
183
-2
-119
-128
-110
-103
-80
-35
-50
-167
-317
-399
-391
-337
-258
-184
-163
-224
-336
-415
-428
-365
-242
-115
-66
-153
-302
-403
-402
-326
-213
-83
-2
-36
-170
-285
-300
-230
-137
-54
10
8
-69
-161
-214
-180
-60
162
377
394
176
-86
-126
39
250
418
598
777
733
406
29
-36
275
701
981
962
704
338
69
34
185
419
615
701
556
161
-260
-416
-215
92
257
214
50
-165
-413
-580
-563
-379
-176
-92
-141
-290
-480
-628
-646
-537
-399
-300
-232
-187
-229
-377
-507
-462
-245
-36
56
64
41
-19
-124
-179
-78
156
384
492
452
293
103
36
177
445
654
688
575
400
228
142
207
392
560
580
444
237
64
4
56
162
229
195
73
-66
-166
-207
-189
-141
-110
-122
-175
-244
-317
-372
-395
-370
-313
-265
-234
-228
-263
-344
-441
-471
-385
-243
-154
-172
-258
-334
-373
-373
-323
-209
-81
-45
-143
-280
-333
-284
-188
-113
-77
-81
-88
-35
75
148
101
-32
-108
-45
112
300
471
574
528
313
59
-38
115
448
776
893
697
288
-56
-94
145
450
624
610
437
147
-154
-309
-227
29
280
359
200
-123
-431
-533
-395
-154
8
12
-92
-238
-376
-476
-497
-405
-249
-124
-100
-165
-262
-351
-397
-367
-256
-111
-3
30
-5
-70
-139
-155
-68
106
277
346
309
224
156
148
218
346
466
523
501
432
359
317
333
407
490
523
485
399
304
230
199
208
232
236
205
140
57
-31
-101
-132
-111
-77
-86
-164
-283
-382
-409
-373
-328
-314
-325
-347
-382
-434
-468
-443
-362
-285
-276
-322
-354
-332
-286
-254
-244
-203
-125
-62
-55
-94
-117
-106
-75
-38
15
75
96
44
-50
-111
-77
53
211
290
221
36
-138
-183
-82
106
285
368
293
77
-156
-261
-169
66
306
422
338
87
-184
-300
-189
55
253
298
194
5
-168
-249
-198
-53
101
188
172
63
-85
-192
-192
-77
68
152
148
85
0
-90
-155
-154
-82
18
93
114
75
-31
-162
-246
-207
-64
81
147
112
12
-92
-150
-127
-26
101
190
199
129
27
-40
-16
103
253
364
380
305
192
112
118
209
333
421
435
381
291
203
148
148
201
277
322
282
159
2
-108
-132
-92
-34
8
6
-65
-200
-349
-427
-390
-271
-158
-133
-197
-304
-386
-418
-384
-284
-165
-87
-91
-161
-228
-236
-183
-90
8
84
112
86
35
-1
15
77
145
209
246
224
138
52
31
71
127
154
136
87
22
-38
-70
-73
-59
-60
-83
-119
-163
-209
-235
-244
-249
-259
-268
-262
-254
-263
-284
-286
-266
-243
-229
-218
-200
-181
-161
-143
-131
-115
-92
-55
-15
20
44
49
45
51
89
153
204
221
215
211
214
212
220
266
328
356
325
268
231
229
247
268
287
283
251
202
149
111
103
131
172
174
119
43
-1
7
35
57
71
67
42
-1
-39
-43
-21
1
1
-18
-20
-10
-5
-23
-50
-64
-55
-37
-26
-20
-23
-32
-51
-77
-87
-66
-22
16
8
-38
-81
-85
-49
-8
22
34
27
0
-28
-21
22
72
90
66
35
32
64
106
119
109
93
80
60
41
28
36
38
22
-9
-43
-61
-70
-71
-78
-99
-118
-131
-147
-176
-203
-216
-226
-248
-270
-271
-244
-224
-237
-273
-302
-309
-302
-291
-274
-249
-227
-223
-237
-246
-218
-169
-123
-109
-115
-105
-87
-74
-59
-27
23
64
78
80
86
105
124
138
158
188
223
249
252
241
234
230
232
249
280
313
321
299
257
219
216
241
267
274
250
208
161
122
107
122
156
178
148
73
1
-30
-15
14
30
24
0
-46
-98
-130
-130
-106
-89
-89
-100
-113
-128
-142
-158
-162
-147
-115
-87
-77
-84
-89
-91
-102
-113
-96
-42
14
32
8
-26
-25
10
43
60
72
94
120
123
108
97
110
135
139
125
121
122
120
106
84
70
65
66
63
41
14
8
12
8
-7
-11
-1
-17
-67
-120
-128
-101
-81
-98
-142
-177
-186
-194
-200
-197
-188
-186
-203
-234
-260
-261
-237
-216
-210
-215
-214
-202
-197
-201
-201
-183
-151
-129
-122
-121
-120
-110
-86
-55
-23
-5
4
13
26
41
56
76
103
124
134
134
140
143
144
145
154
174
196
202
189
170
156
148
147
162
188
198
189
160
133
122
120
124
130
140
144
127
93
55
34
42
71
94
92
65
31
5
-8
6
33
58
58
34
10
2
10
23
36
46
44
28
9
3
16
37
52
50
27
1
-13
-6
7
18
23
17
0
-28
-49
-50
-38
-21
-7
-4
-20
-49
-69
-71
-58
-45
-35
-20
-5
0
-11
-29
-41
-36
-15
15
36
39
30
18
2
-16
-25
-11
16
28
16
-8
-32
-45
-56
-64
-61
-62
-66
-65
-63
-68
-94
-122
-128
-109
-80
-64
-75
-102
-128
-134
-116
-87
-62
-56
-73
-97
-116
-119
-102
-67
-31
-15
-34
-70
-96
-98
-72
-29
7
19
-6
-46
-68
-58
-25
9
30
35
15
-21
-42
-26
13
41
41
24
6
-5
-14
-9
14
42
54
42
26
25
39
50
54
63
81
102
110
105
106
117
130
135
132
139
163
180
170
142
127
129
141
147
143
133
112
86
63
47
47
52
51
36
-1
-42
-67
-70
-69
-76
-85
-94
-109
-136
-164
-171
-163
-147
-134
-131
-141
-158
-158
-137
-116
-105
-95
-75
-52
-48
-62
-61
-39
-9
19
35
46
43
29
23
35
64
93
105
98
81
71
73
80
86
91
98
97
82
64
56
60
59
50
48
48
40
17
-2
-3
5
15
14
8
-4
-20
-31
-32
-23
-12
-19
-29
-39
-46
-57
-67
-66
-66
-69
-75
-85
-90
-86
-85
-98
-117
-116
-100
-93
-104
-120
-124
-126
-126
-119
-104
-93
-96
-106
-111
-105
-85
-55
-27
-23
-32
-33
-20
6
32
55
69
70
61
60
82
120
153
163
145
116
104
121
157
186
199
186
154
122
107
121
144
160
153
125
89
62
54
61
62
53
33
14
-7
-24
-37
-40
-40
-48
-59
-68
-80
-92
-102
-100
-98
-102
-105
-102
-102
-118
-133
-132
-116
-102
-95
-94
-94
-96
-91
-78
-62
-49
-42
-32
-16
1
16
24
27
28
34
54
78
100
111
112
108
101
100
115
147
177
192
186
167
149
140
152
178
203
213
202
176
145
123
118
127
136
130
110
84
59
41
33
26
4
-24
-45
-51
-52
-60
-73
-92
-118
-149
-174
-174
-149
-124
-125
-154
-192
-212
-201
-171
-141
-122
-122
-137
-156
-159
-139
-101
-69
-54
-54
-57
-52
-36
-18
-3
8
20
29
32
30
36
48
52
43
31
31
49
68
70
56
43
35
31
31
38
44
45
42
33
22
13
11
13
13
8
-2
-11
-14
-21
-31
-39
-52
-67
-80
-84
-81
-81
-94
-113
-125
-128
-130
-131
-126
-116
-114
-126
-145
-160
-155
-132
-104
-84
-86
-102
-115
-113
-97
-71
-39
-6
8
-2
-16
-18
-4
27
63
102
129
130
105
80
82
118
166
203
217
204
176
152
142
152
172
192
201
195
175
150
128
115
109
106
109
109
98
71
39
16
2
2
8
14
8
-14
-42
-65
-71
-65
-52
-41
-40
-51
-69
-80
-76
-60
-43
-32
-30
-28
-28
-24
-15
-10
-8
-7
-1
5
13
20
25
21
13
9
16
27
30
24
18
12
3
-1
8
19
14
-2
-18
-20
-7
9
18
14
-4
-24
-29
-21
-2
15
22
11
-19
-49
-55
-37
-14
0
-5
-26
-59
-88
-96
-82
-59
-54
-67
-88
-115
-138
-146
-139
-127
-120
-122
-130
-136
-149
-159
-157
-143
-128
-117
-112
-108
-108
-106
-105
-96
-74
-54
-35
-20
-12
-10
-10
-5
10
35
63
83
91
84
71
64
73
98
126
141
136
120
103
95
99
111
121
121
110
96
83
75
76
81
81
73
64
58
54
54
54
54
53
49
46
49
58
64
66
66
68
69
71
77
85
95
101
103
102
100
97
98
102
108
114
115
114
109
99
87
82
84
87
89
88
79
65
48
34
29
30
34
37
35
23
4
-17
-25
-19
-7
3
5
-6
-25
-43
-55
-52
-43
-35
-33
-34
-46
-64
-77
-85
-84
-81
-82
-81
-88
-97
-112
-125
-133
-140
-142
-137
-128
-125
-135
-151
-164
-167
-160
-150
-137
-129
-133
-141
-146
-142
-127
-107
-87
-75
-70
-72
-70
-62
-51
-34
-15
2
12
17
16
12
10
16
24
32
39
43
37
24
7
-7
-8
1
9
0
-18
-35
-50
-62
-68
-61
-52
-54
-63
-78
-92
-99
-98
-85
-72
-64
-62
-68
-72
-71
-63
-44
-18
10
26
30
34
38
50
68
87
103
113
120
128
137
141
144
151
158
165
167
166
162
160
157
153
153
150
148
149
143
131
120
118
124
127
122
103
82
73
75
80
88
90
79
57
40
35
42
48
42
32
25
11
-1
-1
-8
-19
-23
-11
24
64
51
-8
-58
-83
-84
-76
-61
-30
2
-13
-84
-161
-189
-158
-88
-34
-30
-57
-102
-146
-153
-133
-96
-45
-15
-23
-58
-98
-112
-88
-52
-15
13
16
6
-8
-19
-25
-30
-28
-21
-16
-16
-23
-21
-34
-60
-92
-113
-100
-70
-51
-52
-66
-77
-101
-138
-156
-148
-122
-100
-97
-102
-119
-141
-150
-152
-150
-143
-122
-87
-59
-55
-75
-91
-88
-82
-79
-62
-21
14
22
13
-1
-11
-2
23
62
98
119
114
106
107
106
110
129
157
179
185
178
173
166
165
170
188
208
216
216
209
197
185
172
173
185
189
178
168
160
143
124
113
113
121
120
113
99
81
61
45
32
27
31
40
38
21
-5
-36
-52
-51
-43
-32
-26
-25
-38
-58
-70
-70
-68
-63
-53
-43
-40
-43
-42
-41
-39
-41
-43
-37
-26
-16
-12
-9
-13
-19
-26
-22
-15
-5
-3
-13
-31
-48
-52
-44
-37
-48
-66
-84
-94
-97
-101
-100
-102
-112
-133
-157
-167
-160
-149
-145
-151
-162
-179
-188
-186
-177
-161
-146
-134
-129
-138
-146
-140
-119
-93
-77
-70
-65
-63
-65
-63
-56
-35
-11
3
8
5
-7
-14
-15
-3
15
29
38
33
19
7
3
20
40
54
55
49
46
46
48
57
72
85
94
100
102
100
99
101
114
132
144
149
146
138
138
141
154
167
172
169
162
155
150
145
144
146
143
136
124
110
99
88
84
86
81
66
48
36
38
44
45
39
30
20
13
11
19
31
41
44
38
30
24
28
35
45
53
60
60
56
49
41
35
30
28
31
32
30
20
4
-7
-12
-16
-24
-30
-38
-47
-59
-71
-84
-96
-107
-119
-131
-139
-147
-151
-156
-163
-168
-170
-172
-177
-185
-191
-190
-185
-179
-173
-170
-170
-173
-175
-170
-161
-147
-136
-123
-116
-118
-122
-128
-122
-106
-86
-71
-67
-72
-80
-85
-81
-67
-51
-40
-37
-39
-41
-40
-35
-32
-30
-25
-22
-18
-15
-12
0
8
11
8
2
1
11
26
40
52
57
57
53
52
60
68
80
88
97
106
106
101
91
86
84
85
93
104
112
110
98
84
71
70
78
92
102
103
97
87
80
78
88
102
114
118
113
112
116
126
132
133
131
128
130
139
152
162
161
149
132
120
118
130
146
155
150
133
113
92
83
85
92
94
86
70
50
33
18
4
-8
-14
-17
-20
-21
-26
-40
-66
-90
-99
-93
-78
-68
-65
-77
-97
-112
-119
-114
-100
-88
-84
-85
-93
-105
-113
-114
-106
-100
-100
-99
-103
-103
-105
-106
-109
-113
-112
-108
-101
-99
-98
-101
-108
-113
-113
-105
-96
-86
-84
-91
-102
-109
-107
-96
-85
-78
-75
-73
-76
-79
-82
-77
-66
-57
-49
-44
-37
-33
-36
-39
-40
-40
-41
-37
-25
-12
-5
-6
-15
-26
-38
-41
-31
-5
18
25
16
-2
-14
-18
-6
15
39
55
58
56
49
44
45
56
72
86
95
99
98
96
95
97
102
109
113
114
117
119
121
123
125
127
126
122
116
110
103
99
101
106
104
102
96
84
67
56
54
58
64
66
61
52
39
25
18
20
25
32
38
36
26
18
15
14
13
13
13
15
16
17
17
9
-1
-13
-18
-15
-6
2
5
-2
-16
-29
-36
-39
-35
-34
-36
-38
-39
-40
-46
-51
-60
-68
-76
-75
-69
-58
-53
-54
-63
-74
-83
-86
-82
-73
-66
-65
-68
-72
-72
-71
-69
-69
-71
-73
-70
-65
-60
-56
-56
-56
-59
-62
-64
-64
-62
-57
-52
-47
-43
-38
-37
-40
-41
-42
-41
-35
-23
-12
-9
-8
-11
-12
-12
-7
0
8
13
15
17
20
23
21
22
22
26
31
31
29
28
26
21
16
16
19
24
28
30
28
22
18
16
14
15
15
16
20
21
24
22
18
12
6
4
7
13
21
27
24
20
16
8
3
5
13
21
24
21
16
11
9
8
13
19
23
25
29
31
32
33
31
28
29
32
35
36
37
34
30
29
31
38
45
46
40
32
23
18
21
33
39
36
28
20
14
11
10
16
21
25
24
22
20
15
12
11
9
6
3
-1
-3
-7
-12
-18
-26
-29
-28
-25
-26
-28
-29
-32
-35
-35
-35
-33
-35
-35
-31
-29
-28
-27
-23
-21
-19
-14
-11
-11
-11
-11
-11
-7
-4
-1
4
6
5
6
6
9
10
14
18
19
19
19
18
18
18
20
22
23
23
20
15
8
2
-3
-4
-1
4
5
4
0
-7
-16
-24
-28
-29
-30
-28
-27
-31
-35
-41
-47
-51
-52
-52
-49
-44
-40
-41
-46
-50
-53
-54
-53
-50
-40
-32
-23
-18
-14
-12
-11
-10
-8
-5
0
5
10
13
17
21
27
33
35
36
35
32
32
36
44
52
56
55
50
43
33
29
32
37
44
48
48
47
40
33
28
24
21
18
15
15
13
13
10
3
-1
-6
-9
-11
-11
-8
-5
-3
-1
-1
-2
-5
-7
-10
-11
-8
-4
2
7
12
14
14
13
14
17
20
21
22
22
23
23
23
24
25
24
22
19
17
16
19
20
19
18
13
10
5
1
-3
-3
-4
-8
-15
-21
-26
-30
-30
-29
-30
-30
-30
-34
-38
-42
-45
-44
-44
-43
-42
-44
-48
-52
-56
-58
-58
-54
-52
-52
-56
-58
-61
-61
-58
-56
-54
-53
-52
-55
-58
-57
-50
-46
-40
-37
-38
-40
-41
-41
-39
-34
-28
-23
-21
-23
-23
-26
-30
-30
-27
-22
-19
-17
-19
-21
-20
-15
-10
-5
-1
1
-2
-5
-3
1
8
13
18
23
23
23
25
27
31
35
44
49
55
57
57
58
59
64
69
74
80
81
82
83
84
86
88
92
93
94
91
90
92
92
93
92
92
88
83
79
78
74
69
66
64
63
61
57
54
50
46
43
40
37
36
32
28
25
22
20
15
13
10
8
4
3
2
1
0
-3
-7
-10
-12
-12
-14
-13
-13
-15
-18
-21
-21
-21
-23
-25
-26
-27
-29
-32
-32
-34
-34
-36
-38
-39
-43
-46
-48
-50
-47
-45
-47
-50
-54
-58
-64
-66
-64
-62
-60
-60
-63
-67
-70
-72
-73
-72
-71
-71
-75
-79
-83
-85
-83
-83
-80
-75
-73
-77
-81
-84
-82
-76
-68
-62
-58
-56
-56
-58
-57
-54
-46
-41
-35
-29
-24
-19
-15
-10
-4
-2
1
6
12
17
24
26
28
32
36
38
42
45
48
50
52
53
55
58
61
62
62
62
63
62
63
64
64
64
64
64
65
65
62
60
59
55
53
55
54
54
52
48
45
40
38
37
39
42
45
45
43
41
39
38
37
37
38
37
36
35
33
31
30
27
23
20
18
17
18
18
19
21
20
18
18
17
15
14
11
9
7
6
6
6
5
2
0
-4
-9
-11
-14
-18
-23
-26
-30
-32
-32
-35
-39
-42
-43
-44
-48
-52
-54
-54
-53
-56
-58
-61
-63
-66
-67
-68
-69
-73
-74
-74
-75
-75
-75
-74
-72
-71
-69
-67
-63
-61
-61
-60
-56
-53
-51
-48
-45
-44
-41
-39
-35
-32
-30
-26
-20
-17
-13
-11
-6
-2
2
7
9
14
18
20
25
29
32
32
34
36
38
40
39
38
40
40
41
41
42
42
40
42
42
43
46
48
51
49
49
51
54
53
50
50
51
51
50
49
49
47
47
50
51
50
47
48
50
50
51
51
51
53
52
49
50
49
49
48
47
47
47
44
43
42
42
40
36
35
35
32
28
25
22
19
15
14
11
7
1
-2
-8
-13
-16
-19
-23
-27
-34
-39
-41
-45
-49
-52
-53
-57
-60
-64
-67
-71
-72
-74
-75
-75
-76
-75
-75
-75
-76
-75
-72
-70
-66
-66
-63
-62
-61
-58
-54
-51
-48
-46
-43
-39
-37
-36
-33
-29
-26
-25
-23
-21
-19
-19
-17
-16
-15
-14
-13
-12
-11
-11
-12
-13
-14
-12
-11
-10
-10
-11
-12
-13
-11
-10
-10
-8
-8
-10
-11
-12
-10
-8
-6
-7
-8
-6
-6
-4
-1
3
6
8
10
14
19
22
25
29
32
37
39
43
47
52
55
56
59
61
65
69
70
71
73
72
74
76
79
79
78
76
73
72
73
72
72
69
65
60
56
53
50
47
44
38
32
26
21
17
12
8
4
-1
-7
-12
-17
-21
-25
-29
-32
-35
-37
-40
-45
-47
-47
-47
-48
-49
-48
-47
-48
-50
-52
-48
-45
-43
-42
-39
-35
-33
-32
-28
-24
-21
-18
-15
-12
-10
-9
-8
-4
-1
1
2
3
6
6
6
5
6
8
9
9
8
6
4
1
0
0
-1
-1
-3
-6
-9
-12
-13
-14
-16
-17
-18
-19
-20
-22
-24
-26
-27
-26
-24
-23
-21
-22
-23
-21
-20
-20
-19
-16
-14
-14
-14
-13
-11
-9
-6
-3
-1
2
6
6
8
12
15
16
18
19
23
27
29
31
32
33
33
36
38
40
41
41
41
41
43
42
42
42
41
40
40
38
36
36
33
31
30
27
23
20
15
11
7
4
1
-3
-6
-11
-16
-20
-25
-29
-32
-33
-34
-36
-37
-39
-40
-42
-43
-44
-44
-44
-44
-44
-42
-40
-38
-36
-34
-30
-29
-27
-26
-24
-22
-19
-14
-10
-6
-2
2
5
6
9
12
15
17
18
19
21
23
22
21
23
23
23
20
18
17
15
13
12
10
10
9
5
2
-1
-2
-5
-8
-9
-10
-12
-15
-18
-22
-24
-25
-26
-26
-26
-27
-25
-25
-24
-24
-24
-22
-20
-19
-20
-19
-17
-15
-11
-10
-7
-4
-2
1
4
7
8
11
13
17
20
22
24
27
29
31
33
33
38
40
43
41
42
44
46
45
43
43
43
41
38
36
36
34
30
27
24
20
18
15
10
6
3
0
-3
-5
-7
-9
-13
-18
-20
-22
-24
-26
-27
-29
-31
-32
-33
-33
-32
-32
-31
-30
-30
-27
-25
-24
-23
-20
-16
-14
-12
-9
-5
-2
-1
1
4
8
9
12
11
11
14
15
16
17
19
21
21
21
20
20
19
18
17
17
14
12
10
8
6
2
0
1
-1
-3
-5
-7
-10
-12
-13
-14
-15
-16
-16
-18
-19
-20
-20
-19
-18
-17
-17
-17
-17
-16
-13
-12
-11
-9
-6
-5
-4
-3
-1
0
2
3
5
7
9
10
11
14
14
15
16
16
16
17
16
16
16
15
16
15
15
14
12
11
10
10
11
10
8
7
5
3
0
0
0
-2
-1
-3
-5
-6
-9
-10
-12
-14
-16
-16
-16
-19
-18
-21
-20
-18
-18
-17
-16
-16
-16
-14
-15
-14
-12
-11
-10
-9
-9
-9
-6
-6
-3
-2
0
2
4
5
7
9
11
13
14
15
15
16
16
15
17
15
15
16
15
14
14
13
12
11
12
10
10
7
6
4
2
1
1
0
0
-2
-3
-5
-6
-6
-7
-8
-10
-11
-13
-17
-17
-17
-17
-18
-17
-18
-18
-16
-16
-16
-14
-13
-11
-11
-10
-10
-8
-6
-5
-4
-2
1
2
2
3
5
7
9
11
12
13
16
15
16
17
17
18
19
20
20
20
22
20
20
18
17
16
14
14
10
8
6
4
3
0
-2
-3
-7
-11
-11
-13
-15
-18
-21
-22
-24
-24
-24
-22
-21
-18
-20
-20
-21
-24
-26
-27
-27
-25
-24
-21
-20
-17
-13
-13
-11
-8
-6
-2
3
3
6
8
9
12
14
15
19
22
22
24
27
24
24
26
25
27
30
28
29
30
28
27
28
26
24
23
18
15
17
15
11
7
4
3
1
-2
-7
-7
-12
-16
-16
-20
-22
-24
-25
-26
-26
-26
-28
-30
-30
-31
-29
-32
-31
-27
-26
-22
-20
-18
-14
-11
-8
-7
-5
-4
-2
2
4
10
13
13
15
17
21
25
28
30
33
34
32
33
35
35
36
33
34
32
31
31
27
27
26
21
21
17
13
11
8
5
1
1
-3
-6
-6
-13
-14
-17
-21
-20
-23
-24
-28
-30
-29
-32
-29
-30
-32
-28
-30
-27
-23
-24
-22
-18
-16
-17
-13
-14
-13
-9
-8
-6
-3
-5
-1
-1
1
6
4
8
10
11
12
14
14
13
14
12
11
13
8
9
10
6
11
7
5
8
5
3
6
4
2
2
1
-1
0
2
0
0
1
0
0
0
-4
-1
-5
-7
-4
-4
-5
-6
-4
-5
-3
-1
-3
-3
0
-4
-2
-3
-2
0
-4
-3
-5
-8
-5
-7
-6
-6
-7
-2
-7
-6
-2
-5
-2
0
-2
2
1
3
4
2
5
4
6
7
3
9
8
9
12
9
12
14
12
15
15
15
17
17
17
15
16
15
13
13
10
9
9
4
4
3
-1
-2
-2
-4
-6
-6
-8
-12
-12
-12
-17
-15
-18
-22
-21
-24
-27
-26
-25
-26
-24
-25
-25
-25
-23
-22
-20
-19
-18
-15
-13
-14
-9
-7
-8
-7
-4
-2
1
1
0
4
6
5
10
10
9
10
11
11
11
12
14
12
11
10
9
11
10
7
7
7
7
7
6
5
5
4
3
2
1
-1
1
-1
-4
-2
-5
-6
-6
-11
-9
-10
-12
-8
-11
-10
-9
-10
-9
-10
-8
-6
-8
-4
-4
-3
0
-1
0
2
4
3
5
7
9
9
10
10
10
12
13
15
14
14
17
18
16
19
17
16
18
17
19
21
22
20
21
20
18
20
18
19
21
17
18
19
15
15
17
15
15
16
14
14
14
13
13
13
9
11
10
7
8
5
4
3
0
-1
0
-2
-2
-4
-3
-4
-7
-5
-8
-9
-7
-13
-11
-11
-13
-12
-14
-16
-16
-18
-19
-21
-18
-23
-23
-18
-23
-20
-21
-24
-20
-24
-23
-20
-23
-23
-22
-22
-25
-22
-23
-26
-23
-26
-24
-22
-24
-19
-19
-17
-14
-16
-14
-10
-10
-10
-5
-8
-4
-2
-4
0
0
0
5
3
5
7
3
6
7
6
10
10
9
13
10
9
11
11
9
10
9
8
11
9
7
8
9
8
6
5
8
4
7
5
3
5
4
4
4
3
4
3
2
4
6
5
7
7
7
9
9
8
10
9
11
10
11
12
12
13
12
13
13
14
15
16
16
16
16
17
17
18
17
15
16
14
14
11
11
11
7
8
5
3
3
1
0
-2
-5
-8
-8
-11
-11
-12
-15
-13
-15
-16
-16
-18
-19
-20
-21
-23
-25
-25
-25
-25
-25
-26
-25
-25
-23
-24
-23
-22
-23
-21
-22
-21
-19
-20
-19
-17
-16
-15
-12
-12
-10
-7
-7
-5
-4
-5
-3
-3
-2
-1
-1
2
3
5
5
7
8
10
13
14
16
17
17
18
19
19
19
19
19
18
18
19
19
20
19
20
21
20
18
18
17
17
16
13
11
11
7
5
3
2
1
0
-2
-2
-4
-4
-6
-7
-8
-7
-7
-10
-10
-11
-12
-12
-12
-12
-12
-10
-10
-11
-9
-9
-8
-4
-5
-3
0
0
2
3
3
5
7
7
8
11
11
13
12
15
16
16
15
16
16
14
14
12
12
12
10
9
8
7
6
4
3
3
2
1
-1
-1
-1
-3
-5
-6
-7
-9
-10
-12
-12
-13
-14
-16
-16
-15
-14
-14
-14
-12
-12
-11
-11
-11
-10
-10
-10
-9
-9
-8
-8
-7
-5
-3
-3
-3
-2
-2
-1
0
0
3
6
5
7
7
8
8
9
9
9
10
10
9
8
7
8
7
6
6
6
5
5
5
5
4
6
6
6
6
7
8
9
9
9
10
9
10
8
8
7
6
7
5
6
4
3
4
2
1
1
-1
0
-1
-2
-3
-4
-6
-7
-8
-9
-8
-9
-12
-13
-13
-14
-14
-15
-17
-15
-16
-17
-16
-17
-15
-14
-14
-13
-12
-10
-8
-7
-4
-3
-2
0
-1
1
2
3
3
4
3
5
4
5
5
8
7
9
9
9
9
10
10
11
11
9
9
9
10
7
6
5
3
5
3
1
1
1
-2
-2
-3
-3
-3
-4
-3
-6
-7
-6
-7
-8
-7
-7
-9
-7
-6
-6
-5
-6
-8
-6
-6
-7
-5
-6
-5
-5
-6
-5
-5
-5
-4
-3
-4
-4
-2
-2
-1
1
2
2
3
6
6
4
6
6
6
6
7
6
7
9
10
11
11
13
14
14
16
17
16
18
17
17
18
18
17
17
16
16
16
15
15
14
15
14
14
10
11
9
7
5
3
1
0
-3
-4
-6
-8
-10
-11
-11
-12
-14
-13
-15
-16
-18
-19
-21
-21
-22
-22
-22
-21
-22
-22
-20
-20
-21
-19
-17
-17
-16
-14
-13
-12
-9
-9
-8
-6
-5
-4
-2
0
2
3
3
5
4
6
6
7
7
8
8
7
7
7
8
8
7
7
5
5
5
5
2
2
2
0
0
-1
-1
-3
-5
-6
-8
-9
-10
-12
-13
-14
-15
-15
-15
-16
-15
-14
-14
-13
-11
-11
-11
-10
-9
-7
-6
-5
-7
-5
-5
-4
-3
-2
-1
0
2
4
4
6
7
10
11
11
12
14
16
15
15
14
14
15
15
14
14
13
14
14
15
14
16
15
14
13
13
13
14
12
12
13
12
10
10
10
11
10
8
8
8
8
7
5
3
4
3
0
-2
-3
-3
-2
-5
-7
-5
-5
-4
-6
-7
-6
-5
-5
-6
-5
-4
-4
-4
-3
-4
-4
-4
-6
-5
-5
-4
-4
-5
-4
-2
-2
-1
-2
0
2
2
2
4
5
6
6
5
5
5
5
5
4
5
4
3
2
3
2
1
0
1
2
1
1
1
1
1
0
-2
-3
-4
-4
-6
-7
-7
-7
-7
-8
-10
-11
-10
-13
-13
-13
-14
-13
-13
-11
-11
-12
-10
-10
-9
-9
-7
-7
-6
-3
-2
-2
0
0
0
2
2
1
3
5
6
6
6
6
6
6
6
6
6
8
9
8
9
10
9
9
9
8
8
8
7
6
6
4
3
2
0
-1
-3
-3
-4
-5
-5
-7
-7
-8
-7
-8
-9
-8
-7
-8
-6
-6
-5
-5
-5
-4
-4
-4
-4
-4
-3
-3
-3
-2
-2
-1
0
0
1
1
3
4
3
6
5
6
8
8
9
8
9
9
8
8
7
6
6
4
4
4
3
3
2
0
0
-3
-3
-2
-2
-3
-2
-3
-4
-4
-5
-4
-5
-5
-6
-6
-7
-8
-9
-9
-10
-9
-9
-9
-6
-6
-5
-3
-3
-3
-2
-1
0
1
2
1
3
4
5
6
6
6
7
7
7
8
7
7
7
8
7
7
6
5
6
6
4
4
4
3
3
2
1
1
0
-1
-1
-1
-2
-3
-5
-6
-6
-7
-7
-7
-6
-6
-5
-5
-5
-5
-4
-4
-5
-4
-4
-4
-2
-2
-2
-2
0
0
0
0
1
1
1
1
3
3
4
5
6
7
7
8
7
8
7
6
5
4
4
3
2
2
1
1
1
2
0
-1
-1
-1
-2
-3
-2
-4
-2
-3
-3
-3
-3
-1
-2
-3
-3
-2
-2
-2
-2
-2
0
-1
-1
-1
1
0
0
0
0
2
2
2
3
2
4
4
4
5
4
6
5
4
5
5
3
2
1
2
1
0
-1
-2
1
1
0
1
2
2
0
0
0
0
-2
-2
-3
-2
-3
-2
-2
-3
-1
-1
-1
0
-1
0
-1
-1
-1
-1
-1
-1
-1
0
0
-1
0
1
1
1
0
2
1
1
1
1
1
0
0
0
-2
-3
-2
-3
-2
-2
-2
-3
-1
0
-1
-1
-1
-1
-1
-1
-2
-1
-1
-2
-3
-2
-2
-1
-1
-2
-2
-1
-1
-1
0
0
0
1
1
1
1
2
2
2
1
1
1
2
1
1
1
2
0
0
-1
0
-1
-2
-2
-1
-2
-3
-3
-3
-3
-2
-3
-4
-3
-3
-3
-3
-4
-3
-4
-4
-3
-3
-2
-3
-2
-1
-2
-1
-1
1
1
2
2
2
4
3
5
4
5
6
6
6
7
6
6
5
5
5
5
5
4
4
4
3
4
2
3
3
2
1
1
0
-1
-1
-2
-2
-3
-5
-4
-5
-6
-6
-6
-5
-6
-5
-5
-5
