0
4
13
2
-3
-3
7
10
0
3
-4
7
11
-3
-1
-3
9
-2
-5
6
-4
3
-7
-5
12
-9
-3
-2
-1
8
-11
-2
0
3
3
-7
4
3
-3
-2
8
-2
-2
2
3
7
-4
-5
5
6
-3
-6
-2
5
-4
-7
-3
-2
4
-5
-12
1
2
-2
-3
-11
-2
6
1
-3
-9
1
3
-2
-3
-7
4
3
-7
0
4
-2
2
-1
2
3
-4
5
4
3
-1
0
10
2
3
2
0
8
7
3
-3
4
3
7
4
-8
6
5
0
-2
-2
6
-6
-5
3
-4
-1
-6
-10
-2
-6
-2
-14
-12
-3
-8
-5
-14
-16
-5
-3
-17
-7
-12
-12
0
-8
-9
-18
2
-3
-9
-9
-16
6
3
-8
-13
3
5
-2
0
-8
5
5
-1
1
5
3
7
7
4
3
5
17
0
6
7
4
16
4
7
6
10
14
11
3
2
13
11
11
-2
5
12
14
7
-3
5
10
9
4
-2
-1
12
1
4
3
-5
4
6
7
-3
2
-4
3
5
2
3
-8
5
3
2
7
-11
2
8
-1
6
-6
2
0
-3
8
0
1
-4
-2
10
7
-7
-5
-3
6
6
-11
-2
-2
5
5
-3
-1
-7
1
-1
5
2
-7
0
2
0
-3
-5
0
3
-2
3
-2
3
-4
-14
6
3
2
0
-9
5
2
-3
-4
-8
-1
0
2
3
-10
-10
-3
-4
2
-9
-15
-2
-2
-4
-3
-17
-12
-3
-9
4
-16
-10
-7
-4
-1
-17
-4
-14
-5
-1
4
-14
-12
-3
-1
3
-19
1
-2
12
-4
-16
11
-2
2
-7
-5
9
8
-4
1
-7
18
12
-12
24
-12
19
15
-9
17
-10
20
6
12
5
-7
19
11
7
1
17
6
13
4
-2
13
7
-3
9
7
-3
18
-11
10
-7
4
19
-14
11
-16
14
7
-11
0
-8
10
4
-12
-5
-2
-3
13
-28
7
3
-6
9
-33
16
-7
-3
-4
-16
12
4
-3
-5
-4
-4
10
-7
-1
-7
6
17
-10
0
-9
4
21
-7
-8
8
6
20
-4
-8
9
9
12
-1
4
8
-1
19
10
-4
8
-16
25
19
-4
10
-19
28
8
-2
7
-23
9
18
9
-1
-14
-15
15
9
6
-24
-24
14
0
4
-34
-19
-7
18
14
-31
-31
-36
7
-1
-11
-27
-23
11
0
-28
-27
-25
-22
10
-2
-6
-37
-16
12
0
-12
-42
8
20
11
-18
-25
17
11
28
-6
-21
33
14
16
16
-15
24
41
21
16
3
12
24
42
34
-2
14
29
24
25
2
12
36
31
-1
-3
31
4
4
-6
19
34
-8
-14
-28
1
20
3
-11
-22
-6
-2
-10
-30
-39
-33
14
23
-25
-57
-54
31
1
-51
-32
-46
26
4
-30
-39
-64
42
3
-16
-30
-76
48
33
-27
-30
-60
49
53
-24
-36
-58
67
37
-23
-20
-39
39
40
7
-24
-14
11
30
16
-33
-47
19
41
42
-20
-60
30
10
21
-71
-30
57
-25
34
-24
-29
22
-47
9
10
-44
25
-13
-16
22
-23
8
-14
-15
16
5
14
-31
-46
25
11
12
42
-60
-24
35
-6
29
-29
-53
14
52
72
-71
-45
17
-11
101
-27
-87
8
22
68
-2
-38
-29
-15
101
19
-52
-30
-21
93
61
4
-79
-28
97
54
3
-82
-4
53
88
45
-67
-41
21
112
50
-25
-70
-5
131
79
-38
-65
-5
96
107
-24
-71
-43
85
94
3
-48
-74
89
97
6
-63
-82
73
75
27
-64
-67
54
73
27
-70
-87
21
75
-17
-37
-67
21
55
3
-33
-88
24
0
7
-1
-63
-20
51
8
-58
-13
-16
28
-1
-50
12
14
-21
-24
-1
32
4
-18
-25
34
16
-43
-13
-11
37
11
-11
21
-15
15
12
-36
-7
-42
29
57
-12
16
-41
30
32
-47
-17
-10
36
-5
20
18
-11
9
-36
3
15
4
-28
-32
51
7
-13
12
-33
0
2
-17
20
-50
-13
53
5
-11
-52
-12
31
-7
-37
-30
-2
47
5
-55
-40
-14
55
13
-40
-17
-23
0
28
-21
-38
3
12
54
-11
-96
-28
34
20
12
-10
-4
6
-7
-4
-57
-8
31
27
57
-1
-65
-31
48
2
-15
6
23
69
6
-8
-45
-55
14
33
65
15
-23
16
26
-7
-45
-41
-14
50
90
26
-29
-42
0
36
-41
-52
-10
40
82
25
-8
-55
-47
9
-11
-6
-49
1
109
63
-25
-94
-52
23
2
-36
-6
44
47
46
-19
-51
-60
-47
30
26
19
-5
20
35
0
-38
-54
-15
5
62
50
35
-25
-39
39
-4
-5
-23
8
74
26
24
-45
-52
44
-16
-6
31
9
26
-15
-5
8
-10
-5
-14
23
32
3
9
14
-7
0
-21
-23
10
-30
21
21
-30
5
-44
18
42
-47
-31
-20
41
27
-42
-10
-6
41
61
-13
-44
-33
-7
17
51
1
-46
9
20
18
-12
-68
-29
15
40
0
-57
9
6
35
26
-43
-5
-17
-32
-38
-7
28
41
15
-33
-52
-46
-15
-42
-51
-14
54
79
27
-52
-76
-76
-44
13
-22
23
34
39
64
-17
-40
-44
-17
25
16
23
29
27
41
-7
-9
44
-7
-32
-25
-42
2
57
61
38
-13
-38
-33
-58
-59
-86
-51
38
57
40
-69
-99
-76
-80
-55
-42
-18
-2
18
10
-23
-27
-43
-55
-29
-11
41
71
30
35
35
64
81
73
77
87
123
155
174
134
130
132
141
172
159
151
126
125
135
125
148
118
88
117
97
93
57
2
29
14
43
61
23
35
-12
-59
-51
-82
-70
-46
-84
-60
-54
-47
-37
-113
-119
-142
-105
-32
-112
-104
-88
-86
-50
-95
-108
-127
-106
-90
-101
-80
-101
-99
-98
-111
-110
-132
-166
-178
-162
-177
-185
-155
-176
-205
-243
-283
-298
-296
-262
-212
-181
-190
-202
-178
-167
-201
-238
-193
-50
59
87
43
72
150
188
196
153
195
261
349
413
359
349
334
329
345
262
247
242
248
284
228
200
156
129
102
38
-10
-41
-29
-54
-83
-110
-115
-110
-136
-166
-206
-225
-198
-188
-175
-117
-68
-7
32
36
26
32
73
107
158
230
308
385
392
362
360
350
381
391
383
400
418
434
386
316
243
218
198
136
123
90
65
36
-16
-16
-63
-104
-141
-205
-189
-201
-204
-202
-217
-208
-242
-235
-239
-263
-274
-307
-279
-232
-212
-235
-290
-281
-289
-332
-367
-433
-420
-406
-398
-416
-464
-466
-512
-507
-507
-486
-426
-388
-308
-240
-177
-133
-130
-92
-2
68
119
187
304
413
479
491
459
469
471
465
444
404
419
441
432
335
229
137
37
-4
-83
-157
-174
-185
-185
-223
-262
-297
-354
-394
-452
-426
-378
-363
-307
-288
-221
-157
-144
-124
-134
-111
-48
12
80
122
147
205
259
286
242
219
228
242
287
281
316
380
452
483
425
397
376
376
360
330
367
450
541
517
450
418
402
424
392
325
330
365
409
401
305
243
249
220
149
87
28
30
15
-29
-29
-80
-95
-138
-210
-247
-318
-339
-385
-400
-388
-399
-382
-385
-373
-395
-436
-460
-476
-467
-457
-421
-392
-393
-372
-414
-486
-527
-568
-533
-483
-400
-323
-265
-136
-46
29
-30
-94
-18
62
172
211
271
459
597
647
549
405
365
332
348
296
204
192
190
191
48
-149
-287
-370
-420
-550
-647
-644
-546
-484
-524
-529
-541
-516
-508
-568
-551
-473
-339
-210
-138
-51
27
94
139
108
89
132
198
234
254
309
366
408
362
267
210
186
167
97
66
76
115
209
238
246
213
233
320
348
352
324
401
550
657
691
721
785
837
831
766
739
743
742
700
643
590
537
463
328
180
50
-46
-141
-243
-363
-446
-435
-409
-432
-488
-514
-497
-468
-457
-459
-431
-358
-269
-186
-118
-60
11
40
48
37
13
9
-12
-33
-51
-106
-173
-246
-360
-440
-526
-596
-597
-604
-533
-446
-402
-332
-308
-306
-292
-286
-196
-36
106
245
348
392
442
459
442
421
335
283
272
238
180
75
6
-35
-110
-244
-399
-509
-559
-592
-633
-654
-635
-598
-578
-561
-564
-559
-526
-472
-424
-377
-294
-175
-55
6
37
75
138
185
167
142
130
179
219
218
211
178
170
154
119
84
29
25
56
87
122
143
195
276
376
480
571
645
669
681
688
718
768
809
903
982
1005
954
831
754
668
576
463
340
276
205
124
17
-105
-192
-262
-337
-416
-479
-487
-439
-381
-333
-271
-177
-82
-43
-24
-4
0
33
51
64
132
194
238
226
137
75
18
-71
-200
-348
-453
-521
-582
-692
-781
-802
-766
-755
-802
-792
-708
-567
-441
-380
-284
-127
37
168
212
267
405
562
677
646
577
559
548
538
413
255
135
32
-50
-211
-399
-540
-623
-692
-818
-930
-974
-930
-897
-896
-855
-777
-657
-580
-530
-461
-354
-204
-99
1
84
163
281
350
374
355
340
343
311
262
190
136
92
44
-14
-73
-99
-140
-178
-205
-207
-141
-76
-24
35
117
234
443
660
809
917
932
972
1018
1019
1036
1062
1123
1188
1154
1024
860
718
600
439
275
100
-43
-117
-236
-337
-404
-438
-429
-463
-511
-493
-448
-392
-302
-204
-60
115
259
354
387
379
386
385
353
321
301
298
259
200
87
-30
-144
-315
-473
-627
-742
-829
-957
-1045
-1088
-1048
-942
-901
-852
-739
-580
-412
-302
-149
67
257
411
478
560
689
781
830
791
725
660
586
499
364
210
60
-79
-255
-440
-614
-773
-860
-964
-1037
-1067
-1050
-986
-913
-817
-717
-570
-432
-331
-205
-65
69
196
292
384
487
557
585
549
491
426
351
245
130
26
-86
-154
-239
-355
-431
-489
-526
-535
-537
-507
-426
-330
-203
-73
53
196
389
611
807
968
1085
1205
1279
1275
1238
1180
1161
1142
1045
931
812
657
502
316
112
-56
-189
-281
-367
-435
-481
-479
-418
-379
-338
-259
-167
-60
31
125
273
408
528
633
686
714
654
553
457
340
208
55
-52
-136
-239
-355
-489
-608
-728
-849
-951
-1023
-1035
-1060
-1054
-1038
-1041
-971
-852
-705
-571
-451
-248
-2
209
334
394
533
652
695
666
618
640
614
523
383
228
124
27
-80
-222
-404
-544
-639
-757
-913
-1038
-1086
-1068
-1073
-1060
-945
-791
-612
-485
-358
-171
0
137
200
248
292
321
365
363
344
325
297
262
151
0
-139
-264
-391
-544
-654
-700
-696
-678
-661
-619
-537
-426
-306
-170
-30
107
245
413
584
744
900
1089
1282
1437
1521
1510
1480
1387
1248
1092
953
888
826
717
572
409
256
151
62
-28
-91
-121
-88
-27
15
62
144
251
348
413
466
522
567
584
579
591
619
600
551
450
326
178
-6
-184
-383
-533
-640
-714
-753
-788
-791
-798
-793
-793
-773
-718
-666
-624
-593
-542
-512
-469
-420
-360
-279
-198
-32
121
222
286
292
344
312
243
202
163
147
44
-65
-146
-206
-229
-279
-319
-364
-405
-424
-477
-558
-666
-709
-731
-765
-778
-731
-606
-508
-398
-275
-140
-13
55
88
74
54
20
-12
-46
-117
-159
-152
-151
-204
-274
-311
-337
-396
-488
-539
-514
-476
-457
-430
-344
-211
-90
18
150
300
439
552
639
715
790
846
896
940
957
1037
1132
1146
1096
989
929
839
690
566
480
481
440
343
267
241
276
295
322
324
336
391
439
463
447
455
476
503
480
427
430
403
332
247
189
179
129
13
-98
-183
-267
-376
-500
-599
-643
-641
-638
-655
-627
-543
-450
-386
-381
-370
-302
-257
-294
-386
-445
-444
-438
-486
-528
-506
-428
-293
-195
-146
-97
-47
28
51
23
14
83
141
96
36
20
54
44
-30
-86
-107
-135
-214
-290
-401
-522
-597
-666
-729
-815
-847
-795
-724
-664
-612
-480
-332
-264
-231
-197
-147
-118
-144
-166
-167
-170
-171
-165
-166
-179
-195
-198
-200
-229
-258
-249
-224
-235
-274
-253
-170
-105
-49
2
97
235
330
426
519
606
683
721
769
842
947
1013
1009
969
933
913
861
782
718
706
692
645
560
478
456
454
437
394
348
361
405
414
388
360
387
431
413
358
306
278
249
203
156
150
162
155
121
48
1
-41
-104
-179
-255
-292
-296
-290
-277
-247
-190
-126
-80
-69
-47
-18
-41
-123
-222
-282
-363
-474
-550
-546
-495
-437
-322
-169
-30
0
9
71
124
134
110
130
137
84
3
-41
-67
-137
-191
-216
-260
-358
-443
-483
-560
-712
-857
-918
-949
-1023
-1079
-1043
-932
-816
-698
-530
-378
-273
-196
-146
-122
-151
-195
-214
-245
-280
-315
-310
-266
-273
-284
-282
-272
-261
-289
-298
-296
-321
-332
-313
-239
-149
-80
24
152
306
454
567
666
736
799
858
916
952
972
982
971
913
856
842
798
757
685
629
630
573
487
390
335
312
298
306
296
306
347
391
417
411
398
412
414
345
264
235
230
222
200
188
225
254
236
188
128
68
2
-64
-132
-184
-204
-209
-180
-139
-100
-34
20
37
17
-20
-67
-152
-297
-447
-545
-626
-670
-680
-614
-470
-322
-189
-123
-20
89
146
170
152
190
208
147
27
-58
-76
-125
-207
-302
-354
-376
-425
-516
-633
-747
-830
-879
-952
-1050
-1096
-1068
-984
-896
-786
-623
-428
-253
-144
-52
15
62
50
-31
-109
-185
-227
-286
-353
-396
-405
-379
-367
-343
-331
-296
-253
-233
-225
-220
-175
-114
-50
15
112
251
394
526
645
741
830
890
937
980
986
957
898
830
741
656
581
548
545
533
522
490
485
473
439
393
331
313
328
370
392
385
400
431
462
471
447
409
362
294
245
220
210
208
202
213
228
232
221
194
139
67
1
-29
-54
-102
-127
-137
-114
-78
-68
-63
-61
-57
-88
-163
-276
-415
-534
-652
-725
-763
-754
-637
-465
-269
-142
-49
86
235
346
346
315
286
230
109
-60
-237
-381
-462
-524
-569
-622
-654
-644
-622
-641
-721
-763
-762
-773
-814
-854
-819
-734
-632
-520
-391
-225
-80
21
62
66
58
2
-84
-217
-357
-460
-535
-591
-665
-701
-665
-566
-467
-376
-272
-153
-41
18
63
102
153
182
186
213
267
347
429
504
575
648
742
850
917
886
796
738
692
594
471
399
433
498
507
496
524
579
628
642
604
552
543
566
548
459
365
341
380
391
345
305
311
324
322
303
281
283
281
280
268
236
205
175
132
71
37
24
3
-37
-97
-127
-121
-122
-135
-158
-156
-133
-138
-174
-255
-353
-456
-560
-615
-593
-536
-457
-340
-197
-76
25
121
220
315
379
410
383
286
115
-42
-147
-294
-474
-612
-660
-658
-655
-661
-650
-606
-561
-519
-507
-545
-608
-626
-600
-588
-576
-528
-433
-320
-224
-138
-72
-42
-50
-86
-154
-255
-369
-480
-575
-670
-728
-737
-701
-635
-545
-399
-250
-118
-11
75
161
219
244
241
246
255
256
257
269
307
344
391
459
536
635
719
772
772
720
667
616
546
470
426
436
460
451
434
447
482
521
548
547
535
531
524
478
393
308
273
280
259
215
187
197
221
239
265
276
284
281
271
240
176
90
2
-65
-129
-171
-201
-224
-218
-185
-129
-91
-78
-65
-30
-9
-36
-102
-200
-322
-459
-558
-578
-514
-435
-355
-215
-41
97
168
232
329
423
467
431
347
213
72
-56
-207
-383
-540
-585
-573
-585
-643
-661
-592
-523
-491
-501
-526
-544
-552
-560
-586
-617
-596
-519
-442
-388
-335
-246
-156
-128
-164
-215
-261
-332
-442
-570
-667
-717
-742
-744
-709
-618
-482
-335
-196
-79
21
115
193
236
234
215
216
239
261
257
260
290
343
427
551
694
778
783
762
749
725
659
561
498
482
468
427
384
369
396
466
537
561
578
626
666
641
537
430
394
396
353
256
176
163
210
253
254
244
257
297
336
328
264
183
129
86
17
-53
-109
-132
-126
-113
-81
-28
22
48
61
89
125
103
-13
-179
-336
-448
-491
-486
-457
-394
-255
-70
53
110
177
306
424
472
456
387
286
153
28
-130
-306
-443
-510
-527
-579
-634
-654
-627
-601
-597
-586
-574
-577
-598
-605
-596
-588
-571
-543
-498
-453
-399
-344
-310
-297
-296
-293
-302
-353
-424
-494
-552
-601
-655
-700
-693
-634
-537
-419
-307
-195
-84
30
128
189
215
219
231
243
262
274
270
269
314
436
566
630
641
667
706
682
600
518
505
507
448
384
338
330
362
417
429
407
450
538
593
559
469
419
428
414
327
246
208
198
182
150
120
124
161
186
198
179
160
166
163
124
63
30
22
-4
-50
-68
-43
-24
-17
-5
25
64
91
105
84
31
-49
-170
-306
-395
-389
-325
-255
-186
-74
64
155
214
297
413
490
503
471
391
254
97
-57
-226
-394
-499
-529
-558
-628
-675
-650
-598
-577
-587
-590
-576
-570
-573
-577
-568
-541
-504
-462
-423
-372
-315
-281
-280
-288
-291
-304
-353
-425
-480
-517
-561
-629
-688
-686
-618
-530
-462
-396
-289
-151
-41
16
54
94
130
152
171
187
192
205
239
290
345
422
546
683
751
733
689
660
605
498
398
367
368
354
314
292
316
378
442
464
452
468
529
541
451
324
268
287
302
257
186
163
198
240
250
234
233
275
321
320
267
206
174
151
108
51
8
-19
-28
-16
13
38
43
57
97
140
155
128
83
24
-68
-185
-277
-315
-298
-230
-111
24
145
238
335
430
483
509
545
563
483
332
189
55
-108
-282
-398
-466
-523
-560
-570
-587
-619
-614
-561
-532
-578
-617
-588
-551
-550
-556
-526
-480
-438
-387
-345
-325
-322
-317
-328
-380
-448
-502
-536
-582
-648
-712
-748
-748
-731
-682
-608
-513
-417
-332
-243
-148
-60
-7
22
49
88
135
174
204
234
291
401
528
607
625
644
675
647
535
405
343
338
288
196
136
146
210
299
348
343
383
473
520
470
372
306
302
301
238
177
175
217
270
282
264
264
302
333
324
281
233
207
185
140
83
49
45
51
51
64
95
114
114
115
138
161
144
103
81
87
48
-66
-206
-276
-230
-128
-47
26
163
331
447
478
478
513
557
571
519
413
273
152
64
-66
-231
-347
-374
-382
-429
-489
-528
-532
-527
-523
-535
-565
-575
-544
-507
-489
-451
-383
-318
-276
-243
-212
-207
-235
-288
-343
-409
-493
-562
-613
-654
-693
-724
-731
-732
-697
-625
-538
-464
-392
-291
-190
-119
-75
-34
5
40
84
121
144
176
239
304
368
464
568
622
605
578
536
421
266
160
140
120
67
31
52
128
244
347
376
375
429
515
511
379
226
153
156
143
94
54
79
170
262
297
274
280
329
359
308
203
113
51
2
-43
-81
-104
-95
-48
10
57
86
99
100
112
141
155
116
40
-15
-33
-95
-225
-316
-256
-87
68
179
315
489
598
623
621
627
592
540
489
355
137
-32
-72
-138
-284
-383
-333
-239
-238
-281
-311
-318
-328
-330
-373
-480
-549
-514
-439
-417
-408
-332
-192
-72
-28
-27
-57
-116
-193
-294
-432
-576
-681
-731
-746
-748
-733
-694
-630
-540
-425
-328
-269
-234
-189
-155
-139
-137
-150
-149
-115
-37
35
86
141
235
342
436
527
588
599
569
536
473
330
149
39
44
66
50
34
76
180
315
425
464
474
508
537
493
359
196
86
35
-2
-45
-61
-19
72
175
244
281
312
347
355
306
204
86
-25
-122
-204
-263
-278
-255
-205
-125
-20
86
149
169
179
183
149
65
-24
-93
-169
-285
-396
-407
-299
-116
91
297
486
632
732
769
743
670
591
527
413
227
42
-64
-141
-238
-280
-246
-184
-139
-97
-82
-116
-161
-185
-229
-340
-450
-489
-489
-489
-462
-383
-277
-163
-59
2
11
-21
-87
-196
-349
-512
-653
-757
-819
-824
-796
-750
-655
-528
-406
-298
-189
-103
-87
-104
-118
-143
-199
-260
-272
-233
-161
-69
43
161
301
483
655
728
696
646
607
509
327
122
-17
-47
-38
-26
-3
49
159
332
481
525
542
584
578
479
325
174
48
-48
-118
-163
-170
-115
-3
103
165
219
290
319
294
239
170
87
-20
-136
-236
-294
-312
-300
-265
-210
-122
-17
65
119
161
189
183
131
54
-27
-102
-198
-329
-423
-387
-224
-24
148
334
556
744
818
800
770
738
671
555
396
193
-3
-115
-182
-259
-297
-235
-122
-38
1
14
4
-29
-85
-173
-297
-415
-477
-490
-490
-465
-387
-273
-153
-54
10
30
-7
-95
-214
-345
-491
-629
-728
-776
-770
-723
-653
-565
-449
-318
-204
-127
-89
-73
-78
-108
-157
-218
-271
-288
-243
-152
-59
34
164
335
498
628
724
769
741
662
553
399
201
25
-56
-49
-6
37
90
192
344
489
561
556
529
514
458
302
86
-89
-187
-236
-255
-243
-191
-90
47
167
232
247
259
265
216
113
-4
-119
-234
-330
-376
-393
-382
-326
-237
-131
-25
69
123
141
152
161
119
-3
-132
-220
-302
-414
-508
-490
-339
-82
181
403
598
767
870
862
784
686
599
511
373
178
-7
-110
-151
-175
-166
-113
-20
92
178
175
88
2
-60
-147
-287
-425
-499
-516
-492
-422
-324
-220
-112
-5
64
57
-26
-144
-272
-414
-564
-690
-766
-784
-735
-643
-546
-454
-351
-234
-136
-86
-87
-130
-185
-228
-262
-311
-350
-327
-238
-117
1
124
259
395
527
649
724
722
658
572
461
310
137
8
-33
-16
15
53
119
217
348
468
517
523
524
490
388
241
78
-59
-152
-207
-238
-239
-180
-65
48
127
185
231
248
223
172
88
-27
-148
-249
-322
-377
-393
-364
-302
-223
-134
-32
66
133
162
161
127
53
-48
-153
-246
-322
-407
-500
-514
-370
-106
179
424
631
800
907
879
748
614
505
423
319
179
13
-76
-63
-44
-52
-29
81
199
236
177
80
-21
-115
-216
-347
-467
-523
-493
-422
-348
-263
-142
-10
72
79
39
-38
-146
-274
-417
-533
-612
-637
-620
-560
-469
-377
-297
-238
-178
-135
-127
-158
-214
-256
-283
-298
-320
-313
-245
-139
-20
91
202
310
426
564
688
733
694
644
608
524
369
199
104
81
80
85
100
140
220
356
448
452
454
486
463
335
184
50
-68
-168
-226
-242
-228
-171
-77
20
85
138
173
165
124
72
3
-92
-195
-285
-344
-371
-369
-339
-284
-208
-122
-46
11
47
63
60
31
-32
-125
-210
-277
-342
-409
-474
-512
-451
-267
-19
227
433
617
727
724
613
484
387
295
222
163
95
14
-6
49
90
84
98
161
188
136
21
-120
-262
-364
-426
-489
-542
-543
-473
-371
-264
-158
-67
0
36
34
-29
-132
-234
-317
-382
-428
-450
-440
-400
-329
-265
-234
-228
-232
-241
-259
-270
-281
-295
-296
-278
-243
-195
-128
-42
46
122
197
286
378
448
507
576
652
697
670
591
498
382
223
68
3
40
96
141
211
314
419
490
509
465
393
327
229
72
-113
-239
-278
-255
-204
-141
-52
66
180
225
194
142
96
32
-69
-173
-253
-310
-337
-334
-319
-279
-195
-96
-34
-14
4
13
-22
-83
-119
-121
-125
-145
-166
-167
-153
-138
-142
-154
-186
-208
-149
-14
145
276
398
492
518
468
376
317
288
280
289
298
284
248
250
263
252
216
189
146
59
-65
-202
-321
-416
-462
-496
-522
-521
-479
-388
-284
-177
-103
-46
10
30
3
-54
-98
-137
-185
-218
-234
-243
-250
-246
-249
-284
-323
-347
-368
-396
-402
-374
-348
-314
-257
-176
-87
-7
75
149
232
308
381
437
471
481
477
515
557
535
426
305
227
155
87
53
116
249
390
489
518
486
436
393
286
136
25
-22
-73
-134
-142
-97
-3
110
197
219
203
179
110
-13
-129
-187
-224
-256
-254
-208
-155
-125
-104
-82
-66
-57
-60
-87
-130
-165
-187
-215
-227
-193
-120
-39
12
33
44
66
63
16
-62
-150
-244
-369
-460
-442
-318
-159
10
228
404
444
354
265
262
272
270
291
359
404
400
372
282
154
34
-41
-156
-315
-436
-497
-539
-595
-601
-563
-521
-482
-436
-374
-321
-249
-157
-63
2
51
97
121
109
66
8
-62
-152
-250
-340
-409
-465
-505
-502
-486
-466
-436
-374
-274
-169
-73
-1
64
145
225
287
322
357
393
405
387
363
343
300
247
251
320
382
394
398
434
478
483
467
472
492
481
409
298
168
77
52
59
71
104
194
280
315
314
289
234
148
64
-31
-143
-224
-240
-212
-179
-129
-60
10
69
104
87
9
-101
-206
-293
-353
-379
-368
-310
-211
-90
24
115
179
219
224
180
98
0
-106
-213
-308
-387
-463
-536
-622
-666
-592
-400
-178
3
168
314
392
355
254
211
266
364
424
426
360
273
191
91
-62
-226
-317
-355
-382
-438
-486
-511
-515
-498
-499
-526
-553
-513
-415
-303
-178
-21
144
278
363
397
362
248
93
-81
-231
-340
-398
-418
-406
-357
-298
-234
-202
-187
-167
-126
-74
-27
28
90
168
234
273
292
304
324
325
300
268
255
268
290
325
379
450
534
613
649
614
533
442
346
238
153
139
188
256
303
315
314
317
318
294
233
165
133
120
79
1
-64
-77
-57
-38
-44
-55
-55
-34
-9
-9
-28
-47
-61
-90
-147
-213
-250
-243
-202
-130
-37
64
159
219
231
192
126
46
-38
-120
-192
-237
-282
-331
-374
-403
-425
-477
-552
-657
-724
-695
-529
-266
2
248
414
473
379
210
74
-5
-13
20
95
125
117
108
82
3
-141
-255
-352
-443
-532
-594
-616
-632
-606
-545
-473
-415
-349
-234
-119
-29
43
109
161
177
164
120
53
-14
-59
-81
-95
-83
-41
4
13
-15
-58
-112
-168
-199
-191
-148
-81
11
106
166
194
218
244
262
260
260
275
323
402
469
501
497
479
445
389
334
299
294
322
361
384
370
342
321
306
285
264
255
246
212
158
124
117
134
158
171
171
155
136
93
31
-36
-74
-76
-72
-60
-46
-31
-20
2
37
55
55
66
101
129
116
75
37
18
16
18
15
0
-19
-42
-70
-109
-147
-173
-210
-262
-331
-396
-454
-502
-516
-515
-510
-524
-556
-570
-539
-431
-280
-142
-68
-68
-104
-170
-217
-207
-126
15
160
257
226
85
-100
-260
-374
-464
-483
-434
-322
-213
-164
-187
-273
-360
-431
-478
-510
-505
-426
-275
-78
117
265
341
349
329
294
226
134
66
60
97
143
172
164
131
84
26
-58
-149
-186
-149
-68
14
88
147
172
172
156
119
72
61
115
205
297
368
412
427
420
405
383
364
389
466
537
553
523
479
420
348
283
234
193
171
176
180
168
157
174
202
203
188
163
122
70
34
34
54
96
152
192
199
179
160
136
108
101
120
144
156
169
178
143
72
8
-20
-21
-3
47
114
151
122
40
-58
-120
-132
-125
-152
-224
-299
-363
-413
-440
-432
-393
-369
-380
-422
-484
-551
-606
-622
-575
-499
-433
-408
-443
-503
-551
-566
-556
-527
-470
-405
-356
-337
-333
-324
-306
-277
-249
-226
-213
-187
-135
-67
5
70
127
166
183
176
146
114
89
94
123
152
174
187
194
180
150
126
109
104
112
128
156
185
219
249
263
261
232
186
131
79
34
3
-9
-9
-16
-22
-11
0
-3
-21
-16
7
32
45
63
93
113
125
141
161
170
172
185
210
242
286
356
422
456
470
482
487
474
467
470
466
453
450
462
463
450
427
386
319
242
183
141
107
85
83
95
104
103
91
70
39
14
5
7
11
12
15
8
-26
-85
-160
-233
-305
-370
-422
-462
-488
-494
-477
-451
-420
-403
-404
-415
-419
-421
-436
-465
-495
-512
-514
-513
-512
-507
-495
-485
-474
-454
-426
-403
-391
-385
-384
-384
-368
-331
-284
-230
-158
-80
-16
29
65
96
112
126
139
153
165
191
220
224
193
141
92
55
34
33
51
76
98
118
133
145
150
155
164
181
194
199
194
179
148
110
71
42
22
12
23
48
81
113
134
137
107
62
12
-33
-61
-65
-42
-2
44
78
87
74
60
60
85
138
203
264
308
349
395
429
440
451
474
492
491
478
454
425
411
426
451
461
454
428
393
347
300
255
223
211
214
227
236
229
206
185
161
121
68
25
3
-18
-65
-135
-216
-287
-335
-368
-396
-416
-405
-365
-329
-314
-316
-326
-348
-378
-406
-428
-445
-447
-434
-421
-418
-420
-424
-426
-429
-436
-465
-507
-545
-571
-585
-585
-561
-515
-455
-400
-355
-316
-280
-247
-212
-165
-112
-60
-6
41
62
49
13
-14
-20
-2
23
43
59
70
71
57
33
12
7
28
59
88
110
131
159
182
189
177
163
162
172
177
167
155
151
161
179
201
209
190
160
135
121
102
77
51
33
24
23
31
43
58
74
88
95
105
119
129
133
133
150
184
220
257
287
318
340
352
351
346
352
375
400
405
391
380
386
401
399
386
365
351
349
353
354
344
330
320
305
262
200
142
100
67
43
29
22
23
27
20
-6
-47
-92
-132
-160
-177
-194
-214
-229
-234
-241
-256
-281
-313
-341
-361
-375
-390
-405
-413
-414
-414
-410
-405
-412
-433
-460
-474
-477
-464
-434
-392
-349
-322
-318
-330
-339
-347
-356
-364
-352
-321
-294
-286
-295
-314
-332
-335
-324
-311
-298
-262
-208
-159
-132
-111
-80
-31
28
82
122
149
172
190
201
209
215
218
223
226
221
208
205
223
251
277
295
306
310
310
305
291
263
234
219
216
222
233
250
273
287
294
289
272
248
221
201
183
174
176
181
184
183
179
176
174
165
143
112
84
68
60
62
72
92
118
142
160
161
152
139
125
106
80
58
47
59
88
124
151
171
184
186
181
166
144
121
111
115
114
102
80
61
51
49
48
35
16
-4
-18
-35
-61
-91
-123
-154
-184
-216
-247
-283
-311
-330
-342
-343
-334
-319
-302
-284
-273
-266
-258
-246
-241
-253
-277
-296
-310
-322
-343
-369
-389
-393
-394
-405
-426
-447
-459
-461
-456
-456
-455
-445
-420
-394
-370
-353
-336
-312
-291
-278
-275
-268
-246
-205
-150
-92
-38
1
27
45
58
70
87
120
163
203
241
270
289
302
323
341
352
365
386
405
409
401
390
384
384
386
392
406
420
431
435
432
422
403
385
374
365
351
333
310
288
278
275
268
245
206
164
116
59
3
-41
-65
-77
-83
-95
-108
-113
-106
-96
-96
-99
-91
-75
-66
-72
-81
-83
-73
-52
-32
-10
17
47
73
78
73
63
66
78
94
114
125
134
140
141
132
111
98
90
86
67
41
22
10
14
26
48
71
85
91
91
80
41
-10
-55
-88
-115
-137
-158
-177
-191
-206
-223
-248
-276
-303
-320
-329
-335
-342
-347
-343
-330
-319
-321
-331
-341
-354
-369
-392
-409
-417
-421
-412
-397
-373
-349
-322
-300
-291
-286
-289
-293
-298
-288
-253
-202
-144
-88
-35
10
37
58
81
115
151
191
232
260
277
293
325
363
405
444
475
492
497
498
493
485
479
483
494
511
531
540
535
521
505
483
452
417
380
337
291
242
193
153
125
100
75
52
31
7
-18
-46
-82
-128
-173
-205
-226
-245
-260
-269
-268
-260
-250
-249
-252
-255
-250
-243
-240
-238
-226
-208
-185
-164
-146
-135
-132
-127
-119
-105
-88
-63
-29
9
46
76
106
129
151
173
193
212
229
242
248
246
236
219
201
181
162
140
113
83
56
35
12
-14
-36
-55
-71
-88
-112
-134
-151
-166
-183
-202
-222
-249
-281
-314
-347
-377
-401
-414
-416
-411
-397
-380
-362
-351
-347
-349
-349
-347
-339
-324
-302
-277
-250
-217
-182
-155
-134
-112
-89
-74
-63
-56
-49
-33
-1
40
85
121
149
167
171
164
152
148
159
184
219
259
294
321
341
365
383
388
385
382
373
354
331
317
315
319
332
353
369
369
353
328
292
244
202
162
122
97
78
65
47
31
12
-18
-42
-64
-82
-100
-111
-115
-120
-129
-146
-173
-199
-220
-238
-246
-247
-242
-237
-233
-228
-234
-242
-247
-242
-234
-227
-210
-192
-171
-146
-120
-96
-88
-83
-76
-76
-83
-87
-76
-59
-36
-4
30
61
88
113
126
132
138
148
162
171
176
174
170
167
164
163
163
162
155
148
140
124
95
64
38
17
0
-10
-12
-20
-24
-33
-49
-67
-83
-92
-101
-105
-102
-99
-97
-99
-102
-109
-119
-121
-120
-118
-118
-112
-97
-79
-55
-35
-14
5
21
34
40
48
53
62
74
89
104
114
124
131
140
148
153
157
162
166
170
172
169
166
166
164
164
163
162
162
157
143
122
101
96
98
104
106
99
85
76
72
63
49
40
37
30
17
-4
-35
-66
-78
-76
-70
-69
-70
-74
-84
-97
-115
-138
-158
-170
-174
-183
-199
-217
-227
-225
-216
-205
-201
-201
-201
-201
-207
-224
-245
-261
-263
-248
-230
-214
-198
-182
-164
-149
-144
-143
-144
-143
-143
-142
-142
-140
-127
-107
-81
-59
-41
-25
-9
7
18
22
29
43
66
97
122
135
144
156
179
195
206
217
230
247
261
266
256
241
235
237
239
237
233
227
223
221
208
189
162
146
141
141
142
131
119
112
106
96
78
59
43
32
21
7
-11
-25
-29
-23
-17
-19
-26
-32
-31
-27
-25
-28
-31
-25
-12
-3
-2
-2
4
13
23
30
27
26
31
39
47
45
40
39
43
50
54
48
40
36
35
26
10
-9
-21
-31
-39
-52
-65
-76
-80
-84
-91
-101
-119
-139
-157
-174
-192
-208
-228
-249
-276
-302
-324
-339
-338
-330
-317
-307
-302
-299
-292
-293
-296
-294
-280
-258
-239
-225
-219
-218
-215
-208
-201
-196
-181
-165
-147
-129
-115
-103
-89
-69
-51
-39
-31
-19
-4
12
24
28
28
35
54
73
87
101
115
133
148
162
173
178
183
189
194
203
209
210
213
225
242
253
259
272
290
299
298
295
296
305
318
325
324
316
312
309
304
297
295
300
314
323
319
304
282
264
250
244
236
231
225
218
211
199
182
166
152
141
130
116
100
86
76
69
58
48
39
33
22
8
-11
-31
-44
-53
-62
-71
-81
-89
-95
-99
-106
-112
-119
-125
-128
-127
-129
-138
-149
-156
-155
-154
-152
-158
-171
-187
-204
-222
-239
-249
-253
-248
-240
-232
-234
-247
-262
-277
-291
-304
-314
-321
-323
-321
-317
-318
-326
-335
-340
-341
-338
-337
-342
-345
-340
-329
-319
-310
-298
-279
-256
-236
-225
-224
-227
-227
-220
-208
-190
-168
-141
-110
-81
-56
-37
-18
3
26
44
60
74
90
107
127
151
178
207
236
260
280
295
304
311
317
320
324
330
337
341
345
349
351
358
366
376
378
373
365
355
343
332
321
314
311
314
317
316
309
299
285
271
256
243
232
222
214
209
203
198
193
189
188
187
181
174
165
151
138
128
116
102
92
86
82
75
66
59
49
39
24
8
-13
-34
-53
-69
-82
-92
-102
-115
-126
-138
-156
-177
-203
-224
-240
-252
-259
-263
-267
-271
-279
-288
-297
-306
-317
-328
-338
-342
-345
-351
-354
-355
-355
-357
-362
-363
-365
-364
-360
-354
-351
-350
-346
-337
-328
-320
-312
-306
-302
-298
-295
-289
-281
-269
-252
-236
-220
-204
-193
-183
-175
-167
-155
-141
-132
-121
-112
-103
-93
-82
-66
-48
-28
-9
8
23
36
51
63
74
86
95
106
120
135
150
165
180
195
213
227
238
245
250
260
273
292
311
328
342
356
367
374
382
387
388
387
385
382
381
385
390
396
401
405
406
403
398
389
377
363
350
336
323
309
295
282
273
265
259
253
244
229
213
195
175
157
140
126
115
101
88
76
63
50
33
15
-8
-29
-49
-68
-83
-96
-103
-111
-116
-117
-122
-133
-148
-162
-176
-186
-195
-206
-217
-227
-234
-240
-246
-250
-251
-251
-252
-253
-258
-268
-280
-295
-307
-318
-327
-333
-334
-332
-329
-323
-318
-312
-309
-308
-309
-312
-316
-317
-316
-311
-307
-300
-290
-276
-260
-247
-236
-225
-215
-203
-191
-177
-163
-150
-137
-124
-107
-89
-71
-58
-47
-35
-23
-13
-1
10
21
33
46
58
67
79
90
102
116
132
149
166
180
193
205
216
227
235
240
244
245
248
251
253
253
255
259
262
263
263
263
260
254
246
241
237
238
240
244
248
250
251
251
246
242
235
230
222
216
213
209
205
204
199
193
183
172
160
149
139
128
115
101
90
76
67
57
47
36
25
17
8
-6
-21
-34
-46
-59
-69
-79
-89
-98
-105
-111
-117
-121
-127
-135
-147
-159
-169
-180
-189
-199
-207
-214
-219
-222
-226
-230
-235
-238
-240
-240
-239
-236
-234
-233
-234
-234
-234
-235
-237
-235
-231
-224
-218
-212
-205
-200
-193
-188
-185
-181
-175
-166
-158
-152
-145
-137
-131
-125
-119
-116
-111
-101
-89
-80
-73
-65
-57
-50
-41
-33
-24
-16
-5
5
14
23
34
43
53
61
69
77
88
98
107
115
121
128
135
144
152
158
163
168
174
179
184
189
193
195
198
200
201
202
202
200
198
196
194
192
187
182
177
172
166
161
155
147
140
132
124
117
112
108
104
100
98
96
94
91
85
78
68
59
49
43
38
33
32
31
31
31
29
26
23
16
8
-1
-10
-18
-25
-30
-33
-38
-40
-42
-42
-45
-50
-57
-66
-75
-82
-89
-95
-100
-103
-104
-104
-103
-105
-110
-115
-120
-120
-123
-125
-128
-134
-134
-131
-128
-125
-126
-124
-122
-119
-118
-118
-120
-122
-120
-117
-110
-102
-91
-79
-67
-57
-52
-48
-47
-43
-40
-36
-29
-20
-7
6
18
27
35
40
45
46
44
42
41
42
48
54
60
65
69
74
79
81
80
76
71
65
61
62
64
70
75
79
83
87
88
85
82
75
70
67
64
62
59
57
56
54
49
43
35
25
16
6
-3
-9
-9
-11
-12
-12
-12
-16
-20
-25
-34
-43
-49
-53
-52
-53
-52
-54
-54
-54
-52
-51
-51
-52
-51
-53
-54
-55
-57
-55
-50
-46
-40
-30
-20
-11
-6
-4
-5
-6
-7
-10
-13
-15
-14
-12
-8
-5
0
5
9
12
16
16
13
9
7
7
10
13
17
20
19
19
14
4
-5
-13
-23
-29
-33
-36
-36
-34
-34
-33
-35
-37
-40
-43
-44
-44
-43
-41
-36
-31
-25
-19
-13
-9
-5
-3
-2
-1
1
2
7
14
22
29
36
45
53
63
73
81
87
92
96
99
101
101
104
105
110
117
122
127
131
132
130
126
120
114
107
102
98
96
95
93
90
86
81
75
66
57
47
39
31
24
18
12
4
-4
-14
-25
-35
-43
-49
-56
-62
-67
-74
-81
-89
-100
-109
-117
-124
-131
-136
-140
-143
-146
-147
-147
-147
-147
-147
-147
-146
-143
-140
-136
-133
-128
-125
-122
-120
-120
-117
-114
-110
-105
-99
-94
-89
-83
-77
-72
-65
-58
-49
-42
-34
-27
-20
-13
-5
3
9
14
17
18
19
20
21
24
27
29
32
35
37
38
41
43
47
49
52
54
56
58
60
62
64
67
66
64
62
57
54
51
49
50
51
54
56
60
62
65
67
69
72
74
75
80
84
90
96
103
109
117
124
130
134
136
138
141
142
142
142
142
140
139
137
135
135
133
135
135
136
134
131
129
123
117
109
100
92
85
77
69
60
54
46
36
26
14
2
-11
-26
-40
-56
-71
-83
-96
-110
-122
-133
-142
-153
-162
-173
-183
-192
-200
-210
-222
-230
-238
-244
-246
-248
-246
-245
-242
-240
-239
-237
-235
-233
-230
-228
-222
-217
-209
-197
-184
-173
-161
-150
-139
-130
-120
-111
-102
-91
-81
-70
-62
-51
-43
-34
-28
-24
-20
-15
-10
-3
4
12
20
29
37
41
46
51
54
56
59
62
66
70
75
83
89
94
98
100
103
106
108
109
110
112
114
116
118
118
120
121
123
125
127
131
134
135
136
137
137
137
136
136
139
140
141
143
146
148
151
152
154
156
158
160
161
162
163
164
167
165
163
162
160
157
153
147
144
140
135
130
125
119
111
101
91
84
74
63
51
38
28
15
4
-10
-21
-32
-42
-55
-66
-78
-89
-98
-111
-123
-134
-145
-157
-168
-178
-185
-191
-199
-205
-211
-218
-223
-230
-236
-241
-244
-246
-248
-246
-244
-240
-237
-234
-233
-230
-228
-226
-223
-217
-209
-200
-191
-180
-169
-159
-149
-140
-131
-124
-116
-107
-97
-86
-73
-61
-48
-37
-26
-16
-9
-2
4
11
18
23
32
40
50
59
68
75
81
85
90
95
98
101
104
107
110
114
118
124
129
132
135
138
137
138
137
137
136
136
136
136
137
139
143
148
153
156
159
159
160
160
157
156
154
155
154
156
157
160
160
161
161
160
158
154
150
147
143
139
135
131
128
123
118
111
107
99
93
86
77
70
63
54
47
38
30
19
9
-1
-11
-21
-32
-41
-50
-57
-68
-76
-86
-95
-103
-114
-126
-135
-145
-152
-161
-168
-175
-180
-185
-190
-194
-199
-206
-213
-219
-222
-224
-223
-224
-225
-225
-225
-226
-225
-222
-218
-215
-213
-210
-207
-205
-199
-195
-188
-181
-173
-167
-160
-155
-148
-141
-136
-128
-117
-106
-95
-87
-80
-72
-61
-52
-45
-39
-32
-25
-18
-13
-7
4
15
26
35
42
50
60
69
75
80
87
94
98
102
105
109
112
117
119
125
133
139
143
147
153
158
164
165
168
169
167
166
166
166
165
166
167
169
172
173
173
172
172
171
167
163
158
154
151
146
142
137
134
132
130
127
125
122
118
112
105
100
94
86
79
73
66
60
53
47
40
35
30
24
18
12
9
4
0
-5
-10
-13
-16
-18
-22
-25
-28
-32
-36
-43
-47
-52
-57
-62
-68
-71
-74
-78
-82
-85
-89
-91
-95
-97
-101
-105
-109
-112
-117
-121
-126
-129
-133
-137
-140
-144
-148
-151
-153
-155
-157
-157
-156
-154
-154
-152
-151
-150
-149
-147
-146
-144
-141
-137
-133
-127
-123
-116
-109
-102
-95
-88
-79
-70
-62
-54
-45
-35
-25
-14
-5
5
17
27
37
45
52
60
69
78
83
90
96
103
109
116
122
127
134
137
142
146
148
151
150
152
152
151
149
147
145
141
137
134
130
125
122
117
112
108
104
100
96
91
85
80
74
66
59
54
48
42
38
33
27
23
20
16
11
8
3
0
-3
-6
-9
-12
-14
-17
-18
-19
-21
-23
-26
-26
-28
-32
-34
-35
-37
-38
-39
-40
-42
-42
-43
-45
-44
-45
-47
-47
-48
-51
-51
-53
-57
-58
-60
-63
-64
-67
-68
-71
-74
-75
-77
-78
-80
-82
-83
-84
-87
-88
-91
-92
-95
-98
-101
-102
-103
-104
-105
-105
-105
-105
-103
-102
-102
-101
-99
-98
-96
-94
-90
-87
-84
-78
-72
-68
-63
-57
-52
-46
-41
-36
-31
-25
-18
-13
-5
2
10
18
25
32
38
45
50
55
63
70
75
82
87
93
101
106
111
113
117
121
124
126
127
127
130
131
129
129
125
120
117
112
108
103
97
95
91
87
82
77
72
67
60
55
48
44
39
33
27
22
16
12
11
6
2
1
-4
-7
-10
-15
-17
-18
-19
-21
-24
-24
-24
-26
-24
-25
-26
-24
-23
-19
-16
-14
-12
-11
-7
-6
-4
-2
0
4
5
6
7
7
9
9
8
9
9
8
10
10
9
8
5
6
5
1
0
-3
-3
-4
-8
-8
-10
-12
-14
-19
-22
-25
-28
-30
-33
-36
-36
-36
-36
-38
-39
-41
-41
-40
-40
-38
-37
-37
-36
-35
-34
-32
-29
-26
-23
-20
-18
-18
-15
-13
-10
-7
-5
-4
0
3
7
10
12
15
19
21
25
26
27
29
32
33
34
34
35
35
33
33
34
32
31
29
28
27
27
27
26
27
25
24
21
18
17
15
14
11
8
5
2
-2
-4
-5
-8
-11
-13
-16
-17
-19
-22
-23
-25
-28
-29
-30
-32
-35
-35
-36
-37
-38
-39
-40
-41
-42
-43
-42
-41
-41
-41
-42
-42
-41
-39
-39
-38
-37
-36
-35
-34
-33
-33
-32
-30
-27
-25
-23
-22
-22
-20
-18
-16
-13
-11
-8
-6
-3
-2
0
1
1
2
4
4
7
8
7
9
10
11
11
14
15
17
17
17
20
22
21
20
20
21
22
22
22
21
21
19
18
17
16
17
17
16
17
18
18
18
17
18
19
18
17
16
15
14
13
12
11
10
10
10
9
9
7
7
7
7
7
7
8
7
8
9
7
8
9
9
8
8
9
8
7
7
8
8
7
9
8
8
8
8
7
7
6
6
6
7
7
7
6
5
5
3
3
2
1
-1
-2
-3
-5
-6
-7
-8
-11
-12
-15
-16
-17
-19
-20
-23
-26
-28
-27
-28
-31
-32
-33
-33
-34
-34
-34
-33
-33
-33
-34
-34
-31
-31
-28
-28
-28
-26
-26
-26
-24
-20
-19
-18
-14
-11
-6
-5
-2
1
6
12
15
17
22
26
29
31
34
38
41
45
48
51
52
54
56
57
59
61
62
62
66
69
70
69
68
68
68
66
66
63
63
61
58
57
55
52
49
47
43
40
38
36
33
30
28
27
24
21
18
17
14
12
9
5
1
-3
-6
-10
-13
-15
-18
-22
-23
-26
-29
-32
-33
-35
-36
-38
-40
-42
-43
-44
-44
-45
-47
-49
-49
-51
-51
-51
-53
-52
-54
-54
-54
-55
-54
-53
-52
-53
-52
-51
-52
-50
-50
-50
-49
-49
-48
-49
-47
-47
-47
-48
-48
-47
-47
-46
-46
-46
-45
-44
-44
-44
-44
-44
-43
-41
-41
-42
-41
-42
-43
-42
-41
-38
-37
-35
-33
-32
-29
-27
-23
-21
-18
-17
-15
-12
-8
-5
-1
2
4
8
12
15
19
23
26
31
35
37
41
45
49
53
57
61
65
69
73
77
81
83
86
87
88
92
92
93
94
96
97
98
98
99
99
98
97
96
94
90
89
88
85
82
79
75
70
66
59
55
52
47
42
37
32
25
20
14
8
2
-3
-8
-12
-17
-23
-26
-30
-34
-38
-42
-46
-50
-53
-56
-59
-63
-67
-68
-70
-70
-73
-73
-73
-74
-73
-74
-76
-76
-75
-75
-74
-73
-73
-73
-71
-71
-71
-71
-69
-69
-67
-66
-64
-63
-61
-58
-57
-54
-52
-51
-50
-49
-47
-47
-46
-43
-43
-43
-41
-40
-37
-34
-31
-30
-29
-27
-25
-23
-21
-19
-14
-11
-7
-5
-2
0
3
7
8
10
13
14
17
18
22
25
29
33
37
42
46
49
52
55
58
59
62
64
65
68
69
71
73
75
78
79
80
82
84
87
89
92
93
94
95
93
95
96
96
97
95
94
93
92
93
92
92
90
87
87
85
82
81
78
75
71
66
63
59
52
46
41
38
33
28
23
16
8
1
-6
-12
-18
-26
-32
-39
-46
-53
-58
-65
-73
-78
-84
-91
-96
-102
-106
-110
-113
-116
-121
-126
-129
-130
-132
-132
-133
-131
-132
-131
-129
-129
-126
-124
-124
-122
-120
-115
-112
-107
-103
-96
-91
-86
-80
-75
-70
-64
-59
-54
-48
-43
-36
-31
-26
-21
-18
-13
-8
-3
1
7
11
13
18
23
26
26
27
29
30
31
33
36
39
42
43
43
42
44
45
45
47
49
49
48
47
48
50
52
53
53
54
54
55
56
59
63
65
65
67
69
69
70
72
72
73
74
76
76
78
81
82
83
83
85
84
84
83
83
81
81
80
82
80
77
74
70
66
64
61
59
56
53
49
44
38
32
27
21
15
11
5
0
-7
-14
-20
-27
-32
-38
-43
-48
-53
-59
-64
-70
-76
-80
-85
-90
-94
-98
-101
-105
-108
-111
-113
-114
-114
-116
-118
-118
-118
-118
-119
-118
-116
-115
-113
-109
-107
-103
-99
-95
-89
-87
-84
-78
-74
-70
-64
-59
-53
-48
-43
-38
-33
-29
-24
-18
-13
-7
-1
2
7
13
18
23
27
31
36
40
41
44
45
47
48
49
51
52
54
55
55
54
57
57
56
54
55
56
56
55
54
57
57
57
57
56
54
52
51
49
48
47
49
49
49
51
52
52
53
54
56
56
56
58
59
61
61
64
66
68
69
70
71
72
74
73
72
71
71
69
68
67
67
67
67
67
66
64
60
55
52
48
43
38
33
28
25
20
15
11
5
-3
-9
-16
-22
-28
-33
-38
-43
-48
-54
-59
-64
-71
-76
-80
-84
-89
-92
-95
-98
-101
-104
-106
-108
-107
-108
-107
-107
-108
-107
-106
-104
-103
-102
-101
-99
-96
-92
-90
-88
-84
-80
-77
-73
-69
-66
-61
-58
-55
-51
-48
-44
-40
-37
-34
-29
-26
-23
-19
-13
-9
-7
-4
1
4
7
8
11
14
18
20
22
25
25
27
28
29
32
35
37
38
40
40
42
43
43
43
44
44
45
45
47
49
50
50
50
49
48
48
47
48
49
49
48
50
49
49
48
48
48
48
47
46
44
43
41
41
42
41
43
44
44
42
39
36
33
33
33
33
33
31
31
28
24
21
19
20
20
17
13
9
7
3
0
-1
-3
-3
-6
-10
-14
-20
-24
-29
-31
-32
-33
-36
-37
-39
-43
-46
-50
-54
-56
-58
-58
-60
-61
-63
-63
-64
-65
-65
-65
-64
-65
-64
-63
-64
-61
-60
-58
-56
-54
-52
-50
-48
-45
-43
-39
-37
-35
-32
-29
-25
-22
-18
-13
-9
-5
-1
1
4
7
12
14
17
19
23
25
28
32
37
39
40
42
45
47
47
48
49
50
50
51
53
54
57
57
57
56
54
53
51
50
49
49
48
46
45
45
44
42
40
35
33
31
29
25
23
23
21
20
18
16
15
12
9
6
2
0
-2
-6
-7
-8
-7
-6
-8
-10
-10
-11
-13
-13
-13
-13
-13
-14
-13
-11
-10
-7
-7
-6
-5
-5
-7
-8
-7
-6
-6
-6
-4
-4
-2
-3
-2
-3
-4
-4
-4
-5
-6
-7
-8
-8
-11
-12
-13
-15
-17
-21
-21
-24
-25
-27
-28
-31
-34
-36
-38
-40
-40
-43
-44
-46
-46
-47
-47
-48
-46
-46
-45
-44
-44
-43
-42
-39
-36
-33
-30
-26
-24
-21
-18
-15
-12
-10
-6
-3
0
4
8
12
17
21
26
30
34
37
41
44
47
50
52
55
56
59
59
62
63
63
63
63
62
62
61
60
59
57
56
56
53
51
48
46
43
41
38
35
30
27
26
21
18
14
10
8
3
0
-4
-8
-13
-16
-19
-21
-24
-29
-32
-36
-37
-39
-41
-43
-42
-44
-46
-46
-47
-48
-49
-51
-51
-52
-51
-51
-50
-50
-51
-51
-50
-48
-45
-42
-41
-40
-39
-36
-33
-32
-30
-27
-24
-25
-23
-19
-18
-16
-14
-13
-12
-10
-9
-7
-5
-3
-2
-2
-3
-2
1
1
2
2
2
2
0
0
2
1
1
-1
0
-1
-1
-2
-2
-3
-3
-3
-4
-4
-6
-4
-5
-6
-6
-4
-5
-6
-4
-3
-2
-1
1
3
5
8
9
11
13
17
20
23
25
28
31
35
37
40
44
47
49
52
55
58
61
63
65
67
68
70
71
73
73
72
71
70
70
71
70
68
65
63
61
58
56
52
50
46
42
39
34
29
24
19
15
10
4
-1
-7
-12
-17
-21
-25
-31
-36
-41
-46
-50
-54
-59
-62
-65
-69
-71
-73
-74
-75
-77
-79
-79
-80
-81
-82
-81
-81
-79
-79
-78
-77
-76
-73
-72
-70
-67
-64
-60
-57
-55
-54
-51
-48
-44
-40
-38
-36
-34
-29
-26
-24
-22
-18
-16
-13
-10
-9
-6
-5
-4
-1
2
2
3
5
7
10
12
12
13
14
16
17
17
17
18
20
22
23
25
25
25
28
28
30
31
32
33
33
36
36
38
39
40
43
45
47
48
49
51
53
54
57
59
60
62
63
63
65
65
67
67
67
68
69
68
70
69
69
69
67
66
64
63
61
60
59
58
55
52
50
47
46
43
40
38
34
31
27
23
19
16
13
10
7
2
-2
-6
-11
-14
-18
-21
-26
-30
-33
-37
-41
-44
-47
-49
-52
-55
-58
-60
-63
-65
-67
-68
-70
-71
-72
-74
-76
-76
-77
-78
-78
-78
-78
-78
-78
-76
-77
-76
-75
-73
-73
-73
-71
-69
-66
-62
-61
-61
-59
-57
-55
-53
-50
-47
-44
-41
-38
-36
-33
-31
-30
-27
-23
-20
-18
-17
-13
-11
-8
-7
-5
-3
-2
-1
3
5
8
9
11
13
15
14
16
18
19
22
22
24
24
26
27
28
30
31
34
34
36
38
40
39
40
42
45
45
46
45
46
48
48
51
52
54
55
55
55
56
55
57
57
59
56
55
54
52
51
51
53
52
51
51
48
46
45
44
43
40
39
38
35
33
30
28
26
23
19
16
14
11
9
6
3
1
-2
-6
-10
-12
-16
-19
-21
-22
-24
-26
-28
-29
-31
-33
-34
-34
-35
-35
-35
-36
-38
-38
-38
-39
-40
-41
-42
-44
-43
-43
-42
-42
-42
-41
-42
-41
-38
-38
-37
-36
-35
-36
-34
-32
-32
-30
-28
-25
-25
-23
-21
-20
-18
-16
-15
-12
-11
-11
-10
-9
-9
-8
-6
-5
-5
-3
-3
-2
-1
0
1
1
1
2
3
3
3
4
6
7
6
8
9
9
9
10
10
12
12
12
13
14
15
16
17
18
18
19
19
21
21
22
23
22
24
23
21
21
21
21
20
18
19
21
20
19
19
18
17
15
14
14
15
13
12
12
11
10
9
10
10
9
9
7
7
6
7
4
4
5
5
5
4
1
1
1
0
0
-1
-2
-2
-3
-2
-3
-3
-5
-6
-7
-7
-9
-9
-8
-9
-9
-10
-10
-10
-9
-10
-11
-12
-11
-12
-12
-11
-11
-13
-14
-13
-13
-12
-11
-13
-11
-11
-11
-10
-10
-10
-9
-8
-7
-6
-5
-4
-3
-3
-2
-1
0
1
2
4
5
6
7
7
8
9
9
9
11
11
9
11
10
11
10
10
10
12
11
10
9
8
8
6
5
2
1
0
-2
-2
-4
-5
-6
-7
-9
-8
-10
-11
-13
-12
-12
-13
-13
-13
-13
-13
-13
-13
-13
-11
-9
-9
-6
-6
-5
-2
-2
1
2
4
6
7
7
8
10
12
14
15
14
15
15
18
19
18
16
17
17
16
14
12
11
11
10
8
7
5
3
-1
-3
-5
-7
-10
-12
-12
-12
-14
-16
-18
-17
-18
-19
-20
-20
-20
-18
-18
-19
-18
-18
-16
-17
-15
-14
-12
-9
-9
-9
-7
-5
-3
-2
-2
-2
0
2
4
4
6
6
5
6
6
7
7
8
6
6
7
8
6
8
8
8
8
5
6
6
5
4
2
2
3
2
0
-1
-1
-2
-3
-2
-3
-1
-1
-3
-2
-1
-1
0
1
0
2
1
2
1
2
4
3
3
2
3
3
2
1
2
3
3
2
1
1
1
1
0
1
1
2
2
1
0
-1
1
1
1
1
0
-1
0
1
0
1
2
2
2
3
5
5
4
5
5
5
5
4
4
5
5
4
3
3
5
3
3
2
3
2
2
1
2
4
4
5
4
4
4
5
5
5
5
5
6
5
5
6
5
4
5
3
3
2
1
1
2
4
4
4
6
6
5
5
5
3
5
3
3
3
2
2
3
2
1
1
-1
-2
-3
-4
-3
-3
-3
-3
-1
-1
-2
-1
-2
-2
-3
-3
-4
-5
-4
-5
-6
-4
-3
-3
-3
-3
-3
-3
-3
-5
-6
-6
-6
-4
-3
-2
-2
-3
-3
-5
-5
-5
-5
-6
-6
-6
-5
-5
-5
-5
-6
-6
-6
-4
-7
-7
-7
-8
-8
-6
-6
-5
-6
-6
-6
-6
-7
-8
-8
-7
-7
-5
-5
-6
-7
-8
-8
-8
-9
-9
-8
-7
-8
-9
-8
-8
-8
-7
-6
-6
-6
-5
-6
-6
-5
-5
-5
-5
-4
-2
-2
-3
-4
-4
-4
-4
-5
-3
-4
-3
-2
-2
-2
-2
-2
-2
-1
0
0
1
0
1
3
5
3
3
5
6
8
7
8
11
12
14
13
14
15
15
15
16
18
18
18
19
20
19
18
15
17
18
18
18
17
18
18
18
15
14
12
12
11
10
9
8
7
5
5
4
2
3
2
3
2
2
1
1
1
0
-1
0
-1
-1
0
-1
-2
-2
-2
-3
-2
-3
-3
-2
-2
-2
-2
-2
-4
-5
-7
-7
-7
-7
-7
-9
-10
-9
-9
-10
-10
-11
-12
-13
-14
-15
-14
-15
-15
-13
-14
-15
-15
-16
-14
-15
-15
-14
-13
-12
-11
-10
-8
-8
-7
-6
-6
-5
-5
-5
-2
-2
0
0
0
0
2
3
4
3
4
5
4
5
5
6
8
8
9
10
9
8
9
6
7
6
6
9
10
12
12
11
12
12
10
11
10
9
10
10
11
11
12
13
14
15
17
16
16
15
15
16
17
18
20
20
19
19
18
19
19
19
20
20
22
23
23
22
22
22
22
21
22
21
21
20
18
17
17
17
15
15
14
13
12
9
7
6
4
2
1
-1
-2
-3
-6
-8
-10
-12
-14
-16
-18
-21
-23
-24
-25
-26
-29
-30
-33
-35
-37
-39
-41
-44
-45
-46
-46
-48
-50
-50
-50
-51
-51
-51
-52
-52
-52
-52
-51
-51
-50
-49
-48
-47
-45
-44
-45
-44
-42
-42
-41
-40
-38
-35
-34
-31
-30
-30
-27
-25
-25
-24
-22
-21
-19
-17
-16
-14
-13
-10
-9
-7
-5
-3
-1
1
3
4
6
8
10
12
15
17
16
18
19
23
23
25
27
29
30
32
33
34
35
36
38
39
42
42
42
43
44
44
44
45
46
48
48
47
48
48
50
50
50
50
50
49
49
50
50
49
49
50
49
49
47
46
46
46
44
43
41
41
39
36
34
32
30
28
26
25
22
20
16
13
13
10
7
6
4
2
1
-1
-3
-5
-5
-7
-10
-12
-12
-14
-15
-18
-20
-22
-23
-26
-27
-27
-30
-33
-32
-31
-31
-35
-37
-34
-33
-34
-36
-37
-35
-33
-36
-38
-39
-39
-39
-40
-42
-41
-40
-39
-39
-38
-35
-35
-37
-36
-31
-30
-32
-33
-30
-27
-25
-26
-26
-23
-21
-20
-20
-18
-17
-15
-11
-11
-10
-9
-7
-7
-5
-4
-2
-2
-1
3
5
6
9
9
11
14
15
17
19
19
20
21
24
24
25
26
27
27
27
29
29
29
31
32
33
36
36
35
34
36
36
35
34
34
35
37
35
35
34
34
33
34
34
35
34
34
33
34
33
31
29
27
28
25
21
19
18
18
15
12
10
9
7
5
3
0
-1
-3
-4
-6
-8
-11
-13
-15
-17
-20
-22
-25
-27
-28
-29
-30
-32
-33
-34
-34
-36
-36
-36
-36
-36
-36
-38
-37
-38
-39
-39
-40
-40
-41
-40
-40
-42
-40
-40
-39
-39
-39
-37
-36
-36
-36
-35
-34
-34
-34
-32
-31
-32
-32
-32
-29
-29
-27
-25
-24
-24
-23
-21
-21
-21
-19
-17
-16
-14
-14
-13
-11
-12
-9
-9
-8
-6
-5
-5
-4
-2
0
-1
0
1
4
6
8
9
10
12
12
13
13
14
16
17
19
20
23
24
24
25
27
28
28
29
30
32
32
34
33
35
36
36
35
36
35
36
37
38
39
38
37
35
34
34
34
33
34
33
32
31
32
32
29
29
28
27
24
25
23
23
21
20
18
15
13
12
11
9
8
6
4
4
4
3
1
1
0
-2
-1
-3
-5
-6
-7
-9
-11
-11
-12
-12
-12
-13
-13
-12
-12
-11
-11
-12
-13
-14
-13
-12
-12
-13
-14
-14
-13
-13
-12
-12
-12
-12
-12
-12
-12
-12
-10
-10
-10
-9
-9
-8
-9
-9
-9
-8
-8
-7
-7
-7
-7
-6
-5
-4
-3
-3
-3
-3
-2
-2
-3
-2
0
-2
-2
-2
-1
-1
-1
-1
0
-1
-1
-2
-2
-1
-1
-1
-1
-1
-1
0
0
-1
0
1
1
0
-1
-1
0
-1
-1
-1
0
1
1
-1
1
2
0
0
1
1
2
1
-1
0
0
-1
-1
-1
0
2
2
1
2
2
4
3
3
3
4
4
3
3
4
4
4
4
6
6
5
6
6
7
7
6
7
5
4
4
5
4
2
2
3
1
-1
-1
-2
-2
-4
-4
-5
-6
-6
-7
-8
-8
-9
-9
-8
-8
-10
-10
-9
-11
-11
-11
-10
-11
-13
-12
-13
-12
-12
-12
-12
-11
-12
-11
-11
-12
-12
-13
-14
-14
-15
-14
-14
-16
-18
-19
-17
-17
-17
-16
-17
-17
-16
-16
-15
-13
-13
-13
-10
-9
-8
-7
-7
-5
-4
-3
-1
0
0
2
3
4
7
9
11
11
10
11
12
12
14
14
15
14
13
13
13
13
13
14
12
11
13
11
12
11
11
11
9
8
8
8
9
8
9
7
7
7
8
9
9
9
8
9
8
9
9
10
9
8
9
10
10
11
10
10
11
11
11
10
11
11
11
10
10
11
11
10
10
10
11
12
11
11
11
11
12
10
10
10
8
7
6
6
6
6
5
3
3
0
0
-1
0
-2
-4
-5
-6
-7
-7
-9
-10
-12
-13
-14
-15
-16
-15
-15
-15
-17
-16
-16
-17
-16
-16
-15
-15
-14
-13
-12
-12
-11
-10
-9
-8
-6
-6
-4
-4
-2
0
2
3
4
5
7
8
9
10
10
12
13
12
12
13
12
12
12
12
11
12
12
10
10
11
9
9
6
6
6
4
2
0
-1
-3
-3
-4
-6
-7
-8
-9
-11
-12
-13
-14
-15
-13
-14
-15
-16
-15
-16
-16
-16
-16
-16
-15
-14
-13
-13
-11
-11
-10
-8
-6
-6
-5
-3
-3
-1
-1
-1
-1
2
3
3
5
5
8
7
9
9
11
10
11
10
9
8
7
9
8
8
8
8
8
8
8
7
6
5
5
5
4
4
2
1
2
0
-2
-2
-2
-4
-4
-4
-3
-4
-4
-3
-3
-3
-2
-2
-2
-4
-5
-4
-3
-5
-4
-3
-4
-3
-2
-1
0
-1
-2
-1
-2
0
0
-1
0
0
0
0
-1
-1
0
0
0
0
-1
1
0
0
0
1
2
2
2
1
1
2
3
3
3
2
4
2
4
3
5
5
5
4
4
5
5
6
7
8
8
7
6
6
7
6
5
4
4
3
2
2
1
1
1
-1
-2
-3
-3
-5
-4
-5
-6
-6
-8
-7
-8
-10
-11
-10
-11
-11
-12
-13
-14
-13
-13
-12
-12
-11
-11
-12
-11
-11
-9
-9
-7
-7
-5
-6
-4
-3
-2
0
0
0
2
2
4
4
5
6
8
9
9
9
10
11
11
10
11
11
13
13
13
14
14
13
12
13
14
15
13
12
12
10
10
10
10
10
10
10
10
8
7
8
7
7
6
5
5
5
3
4
4
4
3
3
2
2
1
1
0
0
0
-1
-1
-1
-1
-2
-2
-1
-3
-3
-3
-3
-3
-3
-4
-5
-4
-4
-5
-4
-4
-3
-4
-3
-4
-3
-4
-4
-4
-4
-4
-3
-2
-4
-3
-3
-4
-3
-4
-4
-4
-4
-4
-5
-5
-4
-5
-5
-5
-5
-7
-8
-9
-10
-10
-10
-10
-11
-12
-14
-12
-11
-12
-12
-12
-11
-11
-12
-12
-13
-12
-12
-12
-12
-12
-11
-11
-9
-9
-9
-8
-7
-7
-7
-4
-4
-4
-3
-4
-3
-2
-2
-1
-1
0
1
1
2
2
2
3
4
4
4
6
6
7
6
7
7
9
8
8
9
8
8
9
9
9
9
10
11
10
10
11
10
11
10
11
10
10
10
9
9
9
8
9
9
8
7
7
8
7
7
7
7
7
6
7
6
5
5
5
5
5
4
5
4
4
2
3
3
3
2
2
1
0
2
0
0
-1
-2
-2
-4
-3
-3
-4
-4
-4
-4
-4
-5
-5
-5
-7
-7
-8
-7
-7
-8
-7
-7
-7
-8
-7
-7
-7
-7
-6
-7
-6
-5
-5
-6
-6
-6
-6
-6
-6
-6
-7
-6
-7
-6
-6
-6
-7
-7
-6
-6
-6
-5
-3
-3
-4
-4
-3
-3
-3
-3
-3
-3
-3
-2
-1
1
1
2
3
4
4
5
6
5
6
7
7
8
7
8
8
8
9
8
9
9
9
9
9
9
10
10
11
10
11
12
11
11
11
10
10
9
10
11
10
9
9
10
10
10
10
10
10
9
10
10
10
10
9
9
9
9
8
7
7
8
6
6
6
5
4
4
4
4
3
2
1
0
0
0
-1
-2
-3
-3
-4
-4
-5
-4
-5
-5
-6
-8
-8
-8
-8
-9
-10
-10
-10
-9
-10
-10
-11
-13
-11
-11
-13
-12
-11
-12
-12
-13
-13
-15
-14
-13
-14
-15
-14
-15
-15
-14
-15
-15
-14
-15
-15
-15
-14
-14
-15
-15
-14
-14
-14
-13
-13
-13
-13
-12
-11
-12
-11
-12
-11
-10
-10
-8
-8
-8
-7
-7
-6
-5
-4
-4
-3
-2
-2
-1
0
1
0
1
2
2
3
4
4
5
5
7
6
8
8
8
10
9
9
10
9
9
9
8
10
9
9
10
10
11
11
11
9
9
9
10
9
10
10
10
9
8
8
8
8
8
9
9
10
10
9
9
10
9
8
9
8
8
9
9
8
8
9
9
7
6
7
8
7
7
6
6
5
4
4
4
3
4
3
3
3
2
4
3
3
3
3
3
2
2
2
2
1
1
1
1
0
1
0
0
0
0
-1
-1
-1
-2
-2
-3
-4
-4
-4
-5
-6
-6
-6
-5
-7
-7
-7
-8
-8
-9
-9
-8
-8
-8
-10
-10
-9
-8
-8
-9
-8
-7
-7
-6
-7
-6
-6
-5
-4
-4
-2
-3
-3
-2
-3
-2
-1
-1
0
0
0
-1
0
1
1
1
1
1
3
3
2
3
3
4
3
3
3
4
4
4
4
4
4
4
5
4
5
4
5
5
5
4
5
5
5
5
5
4
3
3
3
3
3
4
4
3
3
4
4
4
3
3
3
3
3
3
3
4
2
2
2
2
2
2
2
1
2
2
1
1
1
1
0
0
0
0
-2
-2
-2
-2
-4
-4
-5
-3
-3
-4
-5
-5
-5
-4
-4
-3
-3
-3
-4
-5
-4
-3
-3
-3
-3
-3
-2
-2
-4
-3
-2
-1
-2
-1
-2
-1
-1
-1
-1
-1
-2
-3
-2
-2
-3
-3
-4
-4
-4
-5
-5
-5
-6
-6
-6
-7
-6
-7
-6
-6
-6
-6
-7
-7
-6
-6
-5
-6
-5
-6
-5
-4
-5
-5
-3
-2
-2
-2
-1
-2
-2
-2
-2
-1
-1
1
0
0
-1
0
0
1
0
0
1
0
0
-1
1
2
1
1
1
1
1
0
1
1
1
3
2
2
3
3
3
3
3
4
3
4
3
5
5
4
3
3
3
4
3
2
1
1
0
1
1
2
1
0
0
1
0
-1
1
0
1
0
0
0
0
0
1
2
2
2
3
3
4
4
3
4
4
5
4
5
5
6
6
6
6
6
7
7
8
8
8
8
8
8
8
8
9
8
8
8
8
7
8
7
8
8
8
8
8
8
8
7
7
7
8
7
6
5
5
6
5
4
4
3
4
3
3
2
3
1
0
0
1
-1
-2
-2
-3
-2
-3
-4
-4
-4
-5
-5
-5
-5
-5
-6
-7
-7
-7
-7
-7
-8
-10
-9
-9
-11
-10
-10
-12
-10
-11
-11
-12
-12
-12
-12
-12
-12
-13
-13
-13
-13
-14
-14
-13
-12
-12
-11
-11
-10
-11
-10
-10
-9
-9
-8
-8
-7
-6
-7
-6
-6
-5
-5
-6
-5
-3
-3
-4
-2
-2
-1
-1
0
1
1
2
2
2
3
2
3
3
4
3
5
5
5
7
6
6
6
8
8
9
10
10
10
11
10
10
10
11
10
11
11
11
10
10
11
11
11
12
11
11
11
11
9
9
10
8
8
8
6
7
6
6
5
4
4
4
3
3
2
3
2
2
1
1
1
1
1
-1
-1
-2
-2
-2
-2
-2
-3
-4
-4
-5
-4
-5
-6
-5
-7
-7
-9
-8
-8
-10
-9
-10
-11
-10
-11
-10
-11
-11
-12
-12
-11
-12
-12
-13
-13
-12
-12
-12
-12
-12
-12
-12
-11
-12
-12
-11
-12
-11
-11
-12
-10
-10
-10
-9
-8
-7
-7
-7
-6
-5
-5
-4
-3
-3
-3
-3
-2
-2
-3
-3
-2
-1
-2
-2
-1
-1
0
0
2
1
1
3
3
3
5
4
5
5
5
6
7
6
6
7
6
8
7
8
7
7
8
8
9
9
9
8
8
10
8
10
9
10
10
10
10
10
10
11
11
11
12
11
11
11
11
11
10
11
11
11
11
12
12
10
10
11
11
11
11
12
12
10
10
10
10
9
10
9
9
10
9
8
9
8
7
7
6
6
7
7
6
5
5
4
4
3
3
4
3
1
1
1
0
0
0
-1
-1
-3
-4
-5
-5
-5
-6
-7
-7
-7
-8
-9
-8
-8
-10
-10
-11
-9
-10
-11
-12
-12
-11
-11
-12
-13
-13
-12
-12
-12
-12
-12
-12
-12
-12
-11
-11
-11
-11
-11
-11
-10
-10
-10
-9
-10
-10
-10
-8
-7
-7
-7
-7
-6
-5
-5
-4
-4
-4
-3
-2
-1
-1
-2
-1
0
0
1
1
2
4
2
2
3
4
5
5
5
6
6
5
6
6
6
7
7
7
7
8
7
7
7
8
9
9
8
8
8
8
8
7
8
8
8
6
7
7
7
6
5
5
5
5
4
3
3
2
1
1
1
2
0
-1
0
-1
-1
-2
-1
-2
-2
-2
-3
-3
-4
-4
-4
-5
-6
-5
-5
-7
-6
-6
-6
-6
-7
-6
-6
-6
-7
-7
-7
-8
-7
-9
-9
-9
-9
-9
-10
-8
-10
-10
-9
-9
-10
-9
-9
-9
-9
-8
-8
-8
-8
-9
-8
-8
-7
-7
-6
-6
-6
-6
-5
-5
-4
-3
-3
-3
-2
-1
-1
-1
-1
0
1
1
1
3
3
3
3
4
4
4
5
5
6
5
5
6
7
6
6
7
6
7
7
7
8
7
8
8
7
8
7
6
7
7
7
7
8
7
7
7
8
8
7
7
8
7
7
8
7
7
7
8
7
6
7
7
6
6
5
6
6
7
6
6
6
6
5
6
6
6
5
5
4
4
3
3
2
1
2
1
1
1
0
1
1
0
-1
1
0
-1
-1
-2
-1
-1
-1
-2
-1
-2
-1
-3
-2
-1
-1
-2
-2
-2
-2
-2
-3
-3
-4
-3
-3
-3
-3
-3
-3
-3
-3
-3
-2
-2
-3
-2
-3
-2
-2
-1
-1
-1
-1
-1
-1
0
0
0
0
-1
-1
-1
-1
-2
-2
-2
-2
-3
-3
-3
-3
-2
-2
-3
-3
-2
-2
-2
-2
-1
0
0
-1
0
-1
0
0
0
0
0
0
1
0
1
0
1
1
2
1
1
1
1
1
0
0
-1
-1
0
0
-1
-1
0
-1
0
0
0
0
0
1
1
0
-1
0
0
-1
-1
0
0
0
0
0
1
1
0
1
0
1
1
2
1
2
1
2
1
0
1
0
1
1
0
0
-1
-2
-1
-1
-1
-2
-3
-2
-2
-2
-3
-3
-3
-4
-4
-3
-4
-3
-3
-3
-3
-3
-3
-2
-3
-2
-3
-2
-1
-1
-1
0
-1
-1
-1
-2
-2
-2
-2
-2
-1
-2
-1
-2
-2
-2
-2
-2
-2
-2
-2
-4
-3
-2
-3
-3
-4
-2
-2
