2
1
1
3
2
2
2
3
3
4
4
4
4
5
4
4
2
2
2
1
0
0
1
1
1
1
1
0
1
1
0
-1
1
0
0
0
0
0
-1
-1
-2
-2
-2
-2
-3
-3
-3
-3
-4
-4
-4
-4
-5
-5
-5
-5
-4
-5
-5
-6
-4
-3
-4
-3
-2
-2
-2
-3
-2
-1
-2
-3
-2
-1
-1
-1
1
1
2
3
3
2
4
4
2
3
3
3
3
2
2
3
3
2
3
4
3
3
2
2
2
2
2
2
1
2
1
1
1
0
0
1
1
1
0
1
1
1
2
0
-1
0
-1
-1
-1
-2
-2
-3
-1
0
-1
-1
-1
0
0
0
0
-1
-1
-1
-1
-1
0
0
0
2
3
5
6
6
7
8
7
7
7
8
7
7
8
9
9
10
10
12
12
11
12
12
13
13
13
13
14
13
15
14
14
13
13
11
11
12
11
10
8
7
5
4
3
0
-3
-5
-7
-7
-8
-9
-10
-12
-12
-13
-13
-14
-14
-17
-18
-19
-19
-19
-21
-22
-22
-22
-23
-24
-23
-22
-24
-24
-23
-22
-21
-21
-20
-18
-16
-16
-15
-13
-14
-14
-14
-14
-14
-15
-15
-15
-16
-17
-17
-18
-19
-21
-22
-23
-23
-25
-27
-27
-27
-27
-27
-25
-24
-23
-23
-24
-26
-27
-27
-30
-33
-34
-33
-32
-32
-32
-30
-27
-24
-24
-22
-20
-17
-14
-10
-5
1
6
12
20
26
33
41
48
55
61
65
69
74
79
82
84
87
91
93
94
95
96
97
96
95
94
94
91
89
87
84
82
78
72
67
60
56
50
44
38
33
28
26
23
19
14
9
5
-1
-4
-9
-13
-17
-22
-25
-28
-29
-30
-32
-32
-33
-34
-35
-36
-37
-39
-39
-38
-36
-36
-34
-31
-30
-27
-26
-24
-22
-20
-18
-17
-16
-15
-14
-12
-11
-11
-12
-15
-17
-19
-22
-24
-27
-30
-32
-35
-38
-40
-42
-44
-46
-48
-52
-56
-62
-66
-68
-69
-71
-73
-75
-76
-75
-77
-77
-76
-77
-80
-83
-84
-84
-85
-84
-81
-75
-71
-68
-65
-59
-52
-47
-44
-39
-33
-27
-21
-17
-13
-6
1
9
15
24
30
37
41
45
50
55
59
63
67
71
75
77
80
80
81
82
82
79
77
78
80
78
74
74
74
75
72
70
66
62
60
58
57
56
58
57
55
55
58
59
58
58
56
52
52
63
67
48
37
38
52
56
42
40
50
70
68
48
37
39
47
52
48
40
39
43
47
38
26
25
32
39
36
27
20
14
13
15
10
6
1
-4
-9
-14
-21
-30
-41
-44
-43
-44
-52
-62
-64
-68
-72
-79
-85
-86
-85
-85
-92
-98
-98
-99
-102
-102
-100
-97
-98
-98
-97
-98
-103
-107
-107
-105
-102
-103
-107
-106
-106
-108
-109
-108
-105
-102
-100
-98
-97
-97
-98
-97
-95
-86
-78
-74
-72
-67
-59
-50
-46
-42
-34
-24
-12
-1
9
13
19
25
29
35
39
43
48
55
61
64
68
72
74
78
87
91
86
86
91
97
94
90
93
96
102
105
104
103
104
104
103
102
101
101
94
90
92
92
91
84
76
81
78
72
70
66
67
68
61
63
64
60
60
60
72
64
54
70
64
69
60
49
57
54
64
61
53
68
53
56
65
39
50
43
32
39
12
19
3
-1
14
-27
-5
-4
-34
-14
-49
-50
-45
-66
-51
-78
-73
-59
-84
-82
-70
-88
-80
-92
-100
-70
-97
-103
-112
-110
-83
-109
-117
-106
-113
-86
-98
-126
-103
-117
-100
-105
-129
-107
-119
-103
-97
-123
-104
-103
-103
-92
-109
-101
-95
-102
-101
-104
-95
-90
-90
-85
-79
-70
-57
-62
-64
-53
-55
-41
-42
-40
-24
-26
-10
-6
-4
11
14
25
26
29
42
44
50
53
59
74
76
80
87
97
103
101
105
108
108
109
111
111
112
113
110
111
110
108
104
99
95
94
96
90
83
84
79
75
87
72
71
73
73
74
56
68
53
67
71
45
65
62
69
68
55
78
64
67
76
58
81
68
49
67
72
66
51
44
54
53
47
40
26
30
34
29
19
2
9
12
0
-2
-28
-20
-12
-36
-55
-29
-23
-85
-55
-53
-56
-49
-90
-84
-75
-55
-86
-111
-90
-83
-114
-109
-70
-136
-88
-87
-125
-63
-110
-85
-102
-114
-57
-112
-87
-87
-114
-56
-97
-94
-68
-101
-69
-76
-92
-73
-97
-82
-66
-97
-79
-90
-94
-54
-97
-82
-70
-87
-54
-90
-75
-59
-68
-46
-58
-48
-29
-34
-13
-13
-22
5
5
3
17
19
32
35
33
50
53
63
67
58
71
76
78
75
65
77
82
74
73
79
86
85
80
85
84
85
84
76
81
83
84
85
80
74
82
78
76
89
76
80
62
71
80
62
63
48
64
60
79
60
37
62
49
65
49
36
46
46
53
58
36
47
49
36
79
42
55
47
39
60
41
54
11
44
59
28
22
15
22
37
9
-9
-9
7
13
-58
-17
-33
-22
-20
-68
-41
-51
-35
-83
-55
-71
-77
-61
-84
-71
-96
-52
-77
-103
-69
-92
-74
-49
-109
-110
-70
-69
-88
-117
-96
-84
-59
-97
-97
-83
-92
-73
-99
-61
-93
-101
-70
-98
-72
-65
-99
-93
-73
-66
-65
-88
-78
-97
-44
-43
-96
-66
-82
-48
-42
-60
-56
-53
-28
-25
-25
-29
-27
-20
6
8
5
33
35
27
44
54
50
57
66
77
76
85
86
81
85
84
102
92
76
96
103
92
75
69
87
89
86
71
57
87
91
65
59
52
68
78
45
69
57
62
76
17
79
56
43
70
13
94
58
17
53
35
77
40
48
63
33
70
43
57
45
30
73
60
78
21
39
86
49
56
27
67
55
73
42
4
87
42
6
9
59
28
31
26
-21
29
-9
20
-26
-76
20
-16
-28
17
-119
-77
-15
-56
-27
-132
-67
-30
-67
-55
-126
-124
-44
-53
-101
-82
-102
-62
-67
-105
-119
-87
-43
-86
-130
-73
-47
-110
-70
-121
-84
-36
-89
-79
-102
-59
-71
-100
-91
-86
-81
-67
-74
-94
-74
-92
-82
-69
-93
-83
-60
-59
-74
-71
-74
-62
-48
-53
-41
-39
-34
-13
-30
-32
-12
-4
3
6
11
11
30
29
31
34
33
52
45
55
50
53
53
44
68
48
52
56
48
71
61
56
53
33
60
65
45
49
40
59
64
40
46
44
62
60
31
66
54
43
63
48
77
67
47
74
72
92
92
35
87
93
74
99
74
106
76
85
121
56
105
128
72
94
98
106
100
88
97
26
112
148
7
57
112
60
61
64
41
40
28
54
-5
11
63
-55
14
0
-24
4
-60
-24
-52
-31
-73
-90
-60
-66
-43
-100
-85
-106
-59
-64
-142
-65
-130
-92
-53
-149
-77
-135
-120
-59
-107
-71
-160
-111
-56
-114
-64
-114
-113
-83
-109
-96
-100
-108
-108
-107
-70
-63
-97
-119
-130
-85
-43
-101
-105
-89
-106
-37
-88
-90
-67
-98
-21
-51
-77
-52
-64
-34
-27
-41
1
-13
-29
-5
-11
21
13
13
21
29
53
25
16
30
51
51
37
35
52
68
57
49
27
44
72
48
44
46
35
50
67
53
25
39
58
40
70
66
29
67
57
64
70
32
88
65
82
100
47
114
75
78
99
94
107
101
143
126
126
119
126
135
139
122
148
159
136
143
141
182
144
124
136
158
161
152
88
106
174
74
122
65
109
134
2
86
19
72
51
-24
34
-7
53
-30
-90
-45
-37
0
-71
-107
-103
-81
-53
-107
-137
-152
-92
-70
-138
-152
-156
-134
-132
-118
-163
-181
-100
-147
-151
-164
-120
-105
-159
-113
-187
-124
-106
-187
-102
-124
-145
-108
-115
-125
-148
-151
-142
-137
-123
-126
-131
-129
-140
-139
-137
-130
-148
-153
-143
-139
-102
-117
-128
-112
-94
-111
-113
-78
-111
-89
-63
-75
-28
-18
-54
-47
-10
-12
4
-3
-14
39
36
23
52
43
59
73
68
78
58
91
103
76
116
88
103
108
94
130
90
122
119
112
134
99
108
126
135
130
92
123
132
104
151
97
94
185
147
152
161
106
166
152
150
171
125
220
167
151
221
130
182
171
155
226
178
156
134
126
182
151
121
143
65
125
168
79
33
25
104
95
49
11
-25
35
52
2
-3
-24
-42
-37
-53
-42
-54
-68
-75
-40
-48
-111
-93
-133
-148
-92
-94
-91
-147
-143
-94
-157
-169
-145
-129
-127
-153
-157
-119
-109
-154
-198
-178
-88
-106
-159
-177
-153
-139
-163
-124
-155
-183
-142
-162
-150
-134
-206
-193
-140
-170
-193
-208
-202
-178
-187
-181
-164
-152
-124
-157
-205
-171
-144
-117
-85
-108
-75
-49
-39
-11
-71
-46
-11
12
79
62
68
77
75
91
81
75
98
88
106
136
101
128
119
79
99
93
96
120
112
79
93
111
94
92
97
53
85
134
104
94
70
93
121
100
97
112
133
127
138
155
146
139
133
133
174
191
161
175
197
218
199
161
208
199
216
246
210
239
223
203
233
217
198
185
208
214
188
196
164
133
150
143
111
73
68
70
50
50
9
-19
-4
-17
-85
-90
-46
-65
-89
-134
-95
-64
-101
-152
-208
-164
-100
-120
-201
-188
-159
-131
-141
-232
-226
-194
-186
-167
-168
-204
-196
-203
-215
-217
-250
-230
-220
-198
-224
-242
-227
-264
-264
-278
-279
-238
-257
-291
-262
-287
-268
-241
-269
-233
-264
-257
-233
-225
-210
-197
-147
-114
-78
-87
-107
-102
-66
-34
-1
50
62
99
117
105
88
79
100
118
136
143
152
167
142
119
111
75
63
86
78
73
86
63
67
88
55
22
33
39
33
51
58
72
87
106
89
78
114
103
113
123
142
152
126
160
154
153
173
156
170
172
166
178
189
232
260
247
233
248
265
265
277
269
323
373
360
348
323
302
301
334
310
291
290
269
243
200
182
166
135
91
67
26
20
25
-30
-64
-85
-87
-109
-128
-149
-172
-124
-110
-150
-201
-235
-218
-195
-178
-169
-196
-186
-192
-224
-232
-245
-219
-218
-229
-237
-252
-230
-258
-277
-289
-300
-300
-324
-320
-321
-333
-321
-336
-359
-389
-452
-429
-388
-355
-313
-339
-325
-284
-271
-298
-294
-239
-184
-118
-66
-25
-1
42
65
71
74
97
139
176
220
228
235
239
205
136
116
114
76
40
43
83
59
26
-25
-42
-48
-102
-105
-115
-79
-44
-30
12
2
6
4
1
12
19
45
68
125
174
173
182
189
165
174
175
158
183
208
250
237
209
239
236
231
209
182
227
242
243
262
288
360
370
354
350
373
417
399
382
388
430
474
474
451
426
396
367
347
301
259
243
233
209
174
114
47
-5
-67
-118
-138
-159
-170
-174
-178
-172
-188
-210
-228
-229
-231
-231
-195
-203
-203
-184
-188
-188
-187
-197
-211
-214
-222
-195
-199
-232
-260
-296
-296
-325
-370
-419
-453
-449
-479
-508
-541
-584
-556
-530
-517
-516
-492
-435
-393
-340
-335
-298
-236
-147
-51
-11
61
102
164
213
239
264
257
320
318
297
273
227
216
141
110
46
-29
-68
-130
-156
-196
-213
-229
-252
-259
-268
-238
-228
-204
-189
-159
-84
-53
-17
17
74
142
175
177
196
228
230
248
235
239
279
255
212
174
165
154
109
60
41
66
72
56
61
75
80
100
117
139
197
233
287
383
451
531
566
586
606
581
589
586
575
574
590
597
553
481
379
291
201
132
82
38
-13
-60
-88
-138
-186
-245
-275
-279
-264
-252
-229
-158
-122
-69
-35
-19
10
32
48
31
30
34
36
21
-11
-31
-51
-87
-169
-254
-308
-349
-415
-482
-524
-543
-561
-610
-678
-724
-725
-721
-768
-823
-784
-668
-551
-487
-463
-346
-210
-140
-119
-121
-9
124
190
215
237
311
360
374
349
328
299
252
180
94
64
2
-51
-121
-197
-202
-279
-343
-401
-439
-398
-368
-326
-282
-198
-109
-46
-6
28
105
153
213
260
293
343
374
398
392
356
326
297
237
193
136
85
58
8
-26
-72
-91
-108
-151
-153
-142
-99
-66
-36
18
91
180
253
317
368
447
529
608
665
708
778
823
815
745
680
620
552
463
374
336
298
250
151
62
-19
-67
-95
-152
-184
-210
-176
-137
-136
-143
-113
-49
11
55
73
123
162
202
243
255
249
243
231
183
115
35
-19
-92
-157
-205
-256
-281
-322
-361
-410
-486
-528
-540
-532
-556
-598
-553
-495
-516
-606
-626
-544
-501
-568
-629
-561
-452
-381
-361
-284
-161
-35
14
-16
-34
-50
30
55
65
70
152
272
253
198
127
157
111
33
-51
-103
-71
-144
-165
-220
-241
-244
-272
-283
-322
-270
-218
-127
-97
-53
67
132
185
176
235
280
299
305
280
301
311
332
288
232
186
159
130
38
-20
-74
-84
-105
-161
-172
-157
-128
-121
-91
-64
-21
29
81
168
210
278
349
414
488
517
546
588
633
663
646
578
542
480
388
295
210
199
168
128
76
20
-34
-81
-100
-123
-126
-128
-109
-99
-78
-54
-15
31
48
85
116
152
162
165
183
188
175
150
141
103
43
-13
-68
-126
-183
-241
-271
-290
-307
-309
-320
-330
-362
-390
-406
-426
-461
-477
-470
-468
-486
-518
-535
-565
-574
-614
-624
-578
-533
-462
-399
-285
-193
-108
-9
52
108
130
150
168
207
237
254
279
307
308
257
214
142
59
-33
-123
-190
-271
-339
-387
-392
-374
-361
-322
-271
-207
-131
-48
53
137
214
300
375
440
490
522
534
525
498
474
418
347
286
215
148
81
-3
-81
-137
-174
-198
-221
-221
-210
-165
-113
-77
-3
69
155
215
277
369
424
472
513
543
557
564
556
539
489
428
411
393
365
289
209
149
63
-23
-106
-141
-132
-94
-65
-76
-77
-63
-21
2
11
30
43
75
88
85
68
57
74
66
46
37
30
26
14
-28
-54
-65
-81
-110
-152
-177
-201
-226
-246
-263
-279
-282
-276
-272
-262
-280
-320
-347
-374
-412
-458
-494
-495
-511
-540
-561
-610
-668
-726
-740
-694
-613
-537
-446
-289
-118
47
168
244
302
333
350
336
310
294
302
327
328
285
225
148
95
26
-87
-202
-308
-353
-391
-419
-429
-397
-311
-210
-120
-36
96
220
337
412
473
548
588
613
606
604
583
541
470
385
304
205
126
22
-56
-116
-173
-197
-221
-220
-200
-156
-103
-59
0
78
162
233
286
341
395
440
458
461
469
468
444
415
427
436
406
353
292
245
175
69
-26
-74
-85
-101
-121
-122
-96
-57
-22
-5
2
19
23
11
4
-20
-17
-25
-57
-77
-93
-94
-96
-116
-135
-118
-98
-83
-82
-83
-77
-90
-98
-122
-141
-146
-160
-174
-182
-191
-205
-219
-220
-219
-262
-320
-366
-402
-445
-499
-560
-607
-634
-667
-702
-733
-735
-735
-716
-664
-579
-453
-314
-157
5
171
297
372
434
478
514
493
434
363
291
248
190
122
29
-35
-59
-101
-167
-273
-362
-409
-427
-443
-449
-405
-299
-151
-2
163
328
484
625
714
761
753
722
679
612
528
430
365
324
272
204
155
105
35
-28
-83
-123
-161
-174
-153
-119
-66
9
99
194
270
338
408
456
482
474
455
441
406
366
317
275
237
217
191
149
128
124
168
199
184
143
88
60
30
-3
-37
-37
-1
35
47
20
-34
-75
-85
-111
-158
-208
-242
-245
-248
-264
-284
-263
-211
-181
-156
-128
-80
-22
-10
-14
-2
27
28
-9
-58
-107
-140
-199
-264
-317
-361
-379
-391
-415
-463
-516
-558
-592
-618
-648
-668
-678
-693
-692
-681
-691
-700
-654
-549
-420
-309
-183
2
187
308
365
425
486
503
478
431
373
277
161
83
27
-40
-104
-141
-158
-187
-233
-257
-278
-324
-362
-335
-263
-209
-141
-8
171
339
477
618
758
858
880
851
785
675
548
426
324
218
126
91
93
85
68
62
73
78
66
51
47
53
57
82
140
205
256
329
421
500
538
531
519
495
433
350
275
220
167
119
105
112
132
196
277
336
344
297
247
186
94
-15
-86
-89
-82
-86
-97
-114
-132
-144
-148
-159
-191
-253
-306
-332
-357
-392
-403
-364
-286
-205
-116
-43
10
57
79
77
55
26
1
-43
-102
-177
-237
-270
-318
-374
-422
-443
-443
-463
-497
-537
-580
-610
-638
-656
-661
-654
-642
-637
-621
-621
-633
-626
-552
-433
-348
-265
-133
52
223
290
302
335
417
461
416
333
234
170
124
47
-67
-185
-233
-210
-188
-219
-285
-295
-245
-203
-202
-212
-169
-74
27
128
232
348
477
607
711
759
767
755
720
650
529
388
265
178
114
60
37
44
61
87
124
166
196
217
234
245
247
254
270
285
290
303
346
399
443
459
457
457
438
395
332
262
201
154
123
109
117
163
239
299
316
293
251
203
130
27
-61
-112
-136
-175
-225
-257
-265
-240
-214
-214
-238
-263
-280
-291
-330
-371
-362
-308
-233
-174
-107
-13
76
131
143
132
108
54
-16
-100
-205
-303
-383
-440
-488
-530
-538
-504
-460
-439
-454
-472
-477
-498
-540
-587
-610
-601
-585
-575
-572
-584
-608
-619
-558
-423
-295
-184
-74
47
168
225
228
260
320
352
331
272
177
71
2
-49
-113
-196
-261
-236
-166
-160
-203
-207
-155
-93
-74
-66
-34
11
75
156
257
366
460
575
682
739
752
727
682
590
456
333
236
156
94
60
55
71
110
180
271
337
351
358
391
414
397
343
292
261
248
255
266
294
322
343
382
413
423
394
347
302
238
193
166
151
172
218
275
307
299
269
228
168
68
-31
-96
-164
-237
-291
-316
-316
-306
-284
-251
-216
-199
-211
-215
-222
-249
-269
-271
-259
-224
-170
-112
-53
3
35
55
46
5
-53
-128
-220
-327
-414
-477
-513
-528
-524
-482
-423
-367
-324
-299
-294
-313
-343
-387
-446
-523
-594
-633
-652
-669
-693
-686
-601
-471
-346
-244
-117
24
142
208
226
260
298
308
284
230
157
94
65
10
-82
-169
-200
-173
-150
-165
-182
-155
-109
-73
-35
-15
-8
19
81
158
236
313
397
497
578
631
662
663
613
528
445
344
236
138
62
17
-4
13
63
142
228
304
368
401
420
425
420
384
318
255
221
222
228
228
241
274
314
344
366
380
377
351
327
323
321
315
300
287
275
252
226
194
158
108
48
1
-51
-120
-172
-205
-231
-248
-257
-259
-258
-257
-256
-259
-271
-292
-290
-260
-236
-226
-211
-175
-124
-75
-55
-56
-63
-87
-126
-169
-224
-293
-354
-394
-423
-436
-443
-452
-438
-408
-370
-341
-333
-345
-360
-371
-416
-485
-544
-580
-608
-673
-750
-781
-706
-564
-437
-318
-156
39
211
295
304
322
362
380
342
254
137
30
-15
-46
-118
-188
-191
-133
-89
-101
-131
-127
-98
-91
-95
-95
-92
-56
28
121
186
258
368
498
585
601
596
601
580
499
384
264
165
99
54
16
-10
-5
47
143
238
307
370
437
489
504
476
424
367
309
246
203
186
181
189
221
268
309
347
386
420
425
407
402
404
394
376
351
328
294
248
206
173
119
54
7
-33
-85
-135
-167
-193
-218
-232
-227
-211
-220
-242
-246
-243
-260
-280
-275
-259
-245
-227
-198
-161
-127
-109
-98
-93
-120
-167
-207
-246
-291
-341
-376
-382
-375
-372
-377
-371
-348
-328
-320
-339
-381
-423
-452
-479
-520
-558
-587
-616
-651
-685
-686
-626
-533
-436
-295
-107
60
172
257
333
391
415
405
361
285
177
68
-19
-114
-211
-245
-209
-162
-145
-132
-89
-37
-10
-7
-9
-11
-7
8
52
103
156
240
351
448
492
510
539
555
520
434
329
225
134
64
19
-16
-36
-11
66
172
261
327
394
459
503
505
472
422
358
288
223
174
147
146
165
197
240
284
333
387
433
446
431
402
377
364
358
367
381
366
326
289
245
176
83
6
-29
-51
-103
-163
-211
-250
-255
-224
-204
-219
-230
-220
-209
-226
-283
-333
-336
-319
-304
-284
-277
-266
-220
-157
-126
-134
-159
-177
-188
-226
-291
-351
-397
-424
-420
-400
-389
-376
-354
-339
-346
-381
-437
-494
-534
-570
-620
-682
-743
-782
-757
-665
-541
-402
-222
-18
163
283
331
369
422
455
448
395
298
178
102
47
-58
-184
-260
-242
-189
-181
-200
-179
-113
-57
-8
37
43
36
64
123
159
175
222
309
384
412
438
483
502
468
394
307
211
120
45
-21
-82
-114
-93
-17
77
166
259
367
470
530
539
511
467
417
340
247
172
125
106
110
133
174
233
302
368
425
473
510
536
541
532
512
473
410
328
242
175
121
58
18
6
-13
-43
-77
-126
-167
-171
-172
-197
-237
-270
-284
-285
-293
-332
-353
-347
-329
-295
-286
-291
-278
-245
-205
-191
-207
-234
-246
-250
-281
-336
-386
-414
-418
-411
-406
-388
-356
-326
-305
-311
-343
-387
-425
-462
-518
-593
-672
-741
-790
-804
-752
-636
-471
-265
-34
166
298
386
468
540
557
513
425
307
177
62
-19
-114
-204
-232
-181
-102
-69
-63
-38
20
67
74
71
52
41
60
99
133
163
228
324
414
461
490
514
511
465
384
297
199
103
22
-43
-82
-96
-77
-24
55
139
232
344
451
524
549
537
507
464
399
315
225
138
80
59
69
101
144
200
270
354
432
483
518
543
551
548
538
497
412
316
228
145
76
10
-38
-43
-32
-43
-61
-73
-84
-88
-106
-159
-221
-269
-307
-342
-387
-439
-453
-428
-402
-367
-326
-284
-250
-220
-200
-199
-222
-263
-301
-337
-391
-443
-465
-465
-453
-436
-412
-372
-326
-296
-295
-318
-355
-407
-479
-568
-650
-713
-773
-837
-878
-854
-744
-584
-401
-191
32
215
344
434
502
540
542
509
437
323
182
54
-50
-155
-246
-271
-229
-171
-119
-62
-2
60
119
167
188
180
169
176
187
177
186
252
340
411
458
495
524
539
522
452
341
220
121
40
-43
-112
-125
-80
2
112
226
348
477
577
634
641
613
568
502
415
305
199
122
82
74
82
113
163
231
316
398
464
512
559
593
597
573
526
456
365
265
162
74
1
-53
-64
-58
-56
-56
-54
-59
-66
-71
-104
-163
-231
-297
-360
-422
-490
-539
-544
-526
-497
-446
-384
-324
-272
-229
-208
-222
-256
-294
-334
-389
-455
-510
-542
-553
-537
-496
-444
-398
-360
-329
-329
-371
-439
-504
-571
-664
-771
-858
-917
-941
-911
-820
-690
-501
-237
37
230
340
440
556
611
566
476
391
276
129
3
-111
-235
-310
-301
-251
-223
-195
-122
-22
43
78
124
166
190
211
243
252
254
299
380
432
449
477
520
538
511
462
393
300
209
134
56
-30
-78
-60
-1
69
155
268
395
517
626
693
703
679
646
589
491
379
281
196
125
99
127
172
220
287
366
436
490
537
571
583
577
560
535
499
437
357
263
164
90
60
40
16
9
7
0
-5
-19
-53
-86
-126
-186
-254
-322
-389
-445
-493
-532
-541
-528
-501
-451
-402
-375
-349
-305
-275
-278
-307
-345
-380
-417
-453
-485
-526
-550
-532
-488
-461
-460
-457
-449
-462
-511
-589
-673
-757
-836
-915
-1001
-1053
-1022
-912
-753
-551
-294
-19
196
333
434
530
585
565
491
374
212
42
-97
-228
-353
-420
-398
-330
-275
-219
-135
-50
10
55
105
137
151
172
201
219
253
326
408
468
517
565
591
584
549
484
376
248
140
52
-36
-107
-127
-96
-27
85
225
366
508
647
758
823
829
793
735
654
548
448
357
277
230
226
252
297
361
436
504
563
606
623
622
605
586
588
590
558
497
423
334
247
181
129
98
97
101
91
60
14
-9
5
-3
-58
-120
-171
-222
-287
-384
-488
-544
-551
-537
-522
-517
-505
-459
-400
-367
-368
-379
-388
-394
-416
-468
-521
-554
-573
-576
-560
-535
-505
-473
-456
-468
-515
-583
-657
-738
-830
-936
-1045
-1133
-1159
-1089
-958
-777
-535
-239
32
215
341
449
531
545
503
419
270
76
-103
-236
-360
-465
-487
-435
-358
-292
-220
-134
-65
-19
16
41
40
41
66
96
139
220
329
421
499
573
625
636
602
534
427
280
125
-8
-114
-211
-267
-247
-174
-62
90
276
463
633
779
883
922
896
833
743
632
512
395
293
224
208
242
308
389
482
577
652
703
729
727
705
673
633
568
495
442
411
371
314
273
258
253
245
232
207
174
156
139
90
22
-30
-60
-106
-174
-234
-279
-321
-362
-393
-421
-452
-464
-445
-427
-436
-452
-452
-449
-455
-471
-485
-501
-518
-518
-511
-513
-511
-486
-440
-413
-415
-439
-485
-567
-671
-786
-906
-1019
-1128
-1221
-1267
-1228
-1095
-892
-630
-324
-27
212
381
491
548
546
490
398
249
44
-153
-304
-421
-494
-501
-455
-383
-284
-167
-77
-40
-32
-19
-12
-39
-80
-89
-70
-9
122
282
414
537
664
752
767
723
632
499
319
114
-72
-224
-334
-378
-350
-282
-167
21
244
455
642
805
915
954
931
860
745
601
462
357
272
209
198
242
316
421
545
655
729
780
811
799
741
662
589
522
447
398
403
422
413
388
374
369
366
347
310
267
225
179
134
65
-17
-63
-74
-104
-148
-175
-199
-227
-258
-305
-357
-391
-402
-400
-409
-443
-460
-454
-458
-470
-479
-494
-512
-514
-508
-504
-497
-486
-473
-460
-452
-446
-455
-505
-586
-683
-794
-911
-1015
-1097
-1173
-1242
-1257
-1162
-975
-733
-422
-67
216
374
462
524
528
438
301
184
46
-160
-350
-463
-540
-565
-487
-367
-283
-205
-90
13
16
-61
-117
-132
-149
-160
-139
-100
-2
192
413
574
685
777
828
800
679
503
298
68
-149
-318
-440
-497
-451
-319
-144
61
304
551
753
898
985
987
914
804
674
524
371
263
216
206
224
297
424
560
680
775
835
853
842
806
746
664
584
544
514
480
478
504
504
468
428
388
356
329
294
263
226
171
133
101
45
4
-1
-21
-76
-140
-202
-256
-301
-351
-401
-437
-444
-424
-407
-422
-434
-425
-432
-467
-501
-542
-585
-608
-624
-639
-641
-615
-562
-506
-478
-473
-471
-494
-558
-651
-775
-921
-1052
-1142
-1228
-1308
-1318
-1213
-1021
-787
-492
-124
216
411
479
496
465
355
200
60
-73
-235
-394
-492
-526
-527
-465
-334
-216
-150
-77
1
2
-93
-191
-245
-266
-259
-211
-119
12
204
439
649
779
842
855
798
649
430
189
-47
-253
-397
-476
-477
-386
-210
7
239
478
693
850
940
975
952
852
713
581
455
340
279
288
344
413
488
593
713
813
878
889
852
798
750
700
641
600
589
590
600
644
718
745
690
599
515
434
339
244
175
152
140
133
135
110
83
95
107
49
-41
-122
-200
-274
-352
-431
-492
-499
-464
-416
-394
-393
-377
-372
-400
-444
-492
-561
-620
-648
-667
-677
-664
-619
-555
-517
-502
-488
-499
-575
-671
-776
-914
-1058
-1166
-1218
-1244
-1269
-1246
-1117
-896
-650
-355
-21
254
395
390
320
229
112
-31
-155
-212
-269
-337
-371
-360
-329
-282
-194
-133
-140
-174
-181
-206
-317
-420
-422
-336
-225
-92
71
243
429
619
766
812
755
649
511
323
89
-121
-265
-364
-403
-364
-252
-96
95
302
480
616
711
770
774
723
653
580
503
424
383
382
411
470
541
606
656
710
760
786
774
734
695
673
658
647
655
668
692
753
814
841
809
736
634
511
390
277
229
227
249
271
267
246
233
222
174
101
18
-74
-171
-267
-350
-412
-438
-434
-391
-342
-316
-299
-286
-285
-314
-366
-433
-502
-572
-636
-675
-684
-672
-651
-610
-545
-487
-456
-456
-480
-537
-632
-753
-888
-1019
-1136
-1215
-1229
-1197
-1159
-1110
-1000
-816
-611
-417
-187
93
283
276
159
85
42
-55
-169
-220
-219
-221
-214
-193
-221
-265
-226
-148
-176
-285
-332
-316
-335
-388
-372
-265
-120
52
235
380
472
573
674
676
572
444
328
188
25
-107
-176
-197
-173
-100
-11
92
232
393
503
557
598
630
630
606
589
573
537
501
506
531
539
553
588
611
612
628
677
714
709
689
693
719
730
726
727
718
701
692
703
716
733
743
701
605
495
409
347
299
275
289
320
321
281
210
120
46
-23
-116
-226
-301
-336
-358
-374
-385
-371
-333
-284
-256
-269
-319
-382
-430
-484
-546
-593
-627
-644
-626
-589
-558
-527
-508
-502
-513
-555
-620
-688
-761
-847
-933
-1014
-1073
-1094
-1089
-1063
-1017
-973
-960
-934
-837
-666
-461
-247
-42
91
117
70
6
-60
-126
-150
-110
-61
-74
-119
-151
-188
-252
-296
-313
-338
-359
-346
-316
-318
-304
-201
-48
82
168
256
336
384
420
438
416
352
288
230
162
102
72
80
92
112
146
197
264
334
403
450
477
498
524
539
529
537
549
545
545
570
609
631
650
673
696
712
730
751
746
721
708
707
692
669
662
667
674
685
714
757
790
789
741
655
550
455
384
338
328
349
377
370
309
216
115
21
-71
-173
-270
-329
-337
-328
-328
-327
-304
-266
-251
-276
-329
-389
-444
-480
-499
-522
-535
-528
-515
-512
-524
-543
-563
-580
-611
-654
-691
-718
-746
-789
-828
-850
-869
-912
-970
-1008
-1009
-983
-971
-994
-1011
-961
-840
-694
-522
-285
-28
109
72
-20
-62
-81
-132
-156
-113
-56
-26
-30
-91
-219
-298
-268
-241
-306
-382
-360
-280
-226
-196
-139
-56
38
145
207
206
189
240
314
330
304
288
296
296
296
290
262
228
212
214
206
214
264
344
398
415
440
474
512
547
573
564
539
558
617
665
674
694
740
784
808
817
806
756
701
669
650
624
609
616
627
632
632
639
628
600
568
567
631
717
760
701
582
464
380
297
192
128
115
124
96
4
-169
-317
-341
-309
-291
-329
-341
-312
-259
-271
-356
-419
-447
-432
-425
-445
-499
-524
-492
-439
-400
-401
-422
-450
-475
-529
-618
-739
-864
-940
-961
-951
-945
-914
-859
-822
-848
-914
-970
-990
-981
-990
-1005
-986
-882
-725
-543
-351
-170
-16
46
16
-75
-157
-188
-142
-33
44
61
30
-7
-73
-167
-249
-278
-248
-208
-172
-154
-137
-107
-78
-67
-90
-99
-66
7
99
183
256
342
458
559
590
551
501
465
419
349
266
220
235
308
396
444
450
430
418
413
396
364
344
380
468
569
658
730
795
848
876
862
806
739
695
677
653
616
599
620
667
708
709
664
620
621
654
659
611
556
529
531
517
460
400
367
365
345
272
138
-4
-92
-135
-160
-196
-235
-265
-262
-266
-293
-335
-388
-429
-452
-445
-448
-459
-458
-425
-369
-334
-331
-350
-378
-418
-462
-518
-591
-666
-708
-709
-704
-715
-750
-782
-793
-791
-788
-800
-822
-853
-893
-926
-953
-952
-938
-909
-871
-815
-722
-597
-421
-244
-84
-30
-77
-167
-236
-240
-217
-105
21
136
176
151
93
-11
-75
-114
-95
-96
-116
-152
-199
-214
-233
-234
-268
-266
-202
-77
75
208
339
436
528
600
645
627
548
479
447
464
478
483
497
530
566
553
494
396
304
251
243
276
316
385
482
592
673
694
685
655
640
613
591
582
602
655
715
766
772
749
715
690
665
620
569
531
527
541
549
519
451
364
276
195
135
118
139
186
214
189
96
-44
-180
-265
-281
-266
-249
-257
-273
-291
-309
-331
-361
-394
-430
-448
-446
-440
-430
-399
-347
-297
-279
-312
-379
-454
-518
-589
-661
-714
-716
-678
-642
-631
-638
-636
-638
-652
-676
-695
-697
-685
-659
-630
-626
-654
-692
-722
-761
-810
-825
-768
-655
-535
-429
-333
-266
-241
-249
-256
-249
-218
-121
22
160
239
263
241
161
60
-21
-49
-32
8
43
44
12
-27
-60
-72
-43
32
136
246
333
381
392
385
381
388
429
506
588
643
657
643
613
577
558
557
562
561
557
561
561
553
550
557
577
585
576
549
497
426
359
325
327
370
443
518
583
613
612
585
541
489
434
387
351
341
349
373
396
402
388
355
315
258
184
108
42
-5
-36
-59
-79
-97
-110
-124
-149
-185
-229
-271
-305
-326
-330
-320
-300
-282
-271
-256
-241
-240
-264
-297
-312
-323
-356
-408
-454
-487
-510
-529
-547
-573
-593
-590
-568
-548
-543
-542
-543
-535
-528
-522
-535
-565
-593
-607
-597
-589
-592
-603
-620
-652
-694
-718
-713
-694
-681
-644
-566
-473
-400
-349
-302
-276
-260
-244
-245
-256
-252
-197
-118
-54
-4
30
59
72
93
131
183
242
295
344
392
438
476
505
527
539
547
554
571
592
605
626
653
669
672
676
681
681
673
671
667
653
640
631
624
610
585
548
494
437
384
351
335
331
329
330
337
357
375
372
343
300
255
206
155
117
91
82
96
127
161
187
197
180
138
87
45
14
5
18
31
35
31
28
20
5
-15
-44
-71
-88
-105
-121
-140
-147
-139
-110
-73
-60
-77
-109
-137
-173
-230
-296
-348
-381
-398
-410
-432
-472
-518
-554
-577
-595
-610
-614
-607
-580
-543
-513
-505
-514
-524
-533
-536
-540
-556
-577
-593
-585
-554
-534
-538
-561
-573
-566
-558
-554
-572
-558
-504
-430
-378
-359
-324
-300
-280
-269
-248
-218
-184
-112
-24
45
85
114
149
182
211
244
288
350
427
488
520
526
533
550
570
595
598
592
590
605
624
622
615
614
626
647
666
677
675
683
692
687
656
617
570
523
484
444
404
358
332
328
334
348
351
348
334
309
274
221
157
98
51
25
13
8
9
21
51
78
80
62
32
-6
-48
-86
-127
-156
-163
-144
-119
-93
-72
-62
-69
-96
-129
-167
-179
-164
-139
-112
-93
-83
-89
-104
-122
-135
-144
-150
-161
-183
-214
-247
-275
-301
-320
-337
-347
-344
-344
-365
-404
-435
-456
-472
-472
-453
-433
-422
-417
-421
-447
-479
-499
-502
-498
-486
-467
-442
-420
-401
-389
-381
-371
-358
-344
-337
-345
-366
-390
-402
-416
-441
-459
-447
-394
-332
-278
-242
-212
-194
-181
-165
-145
-115
-66
18
115
182
232
279
332
379
426
477
525
561
587
604
613
614
611
618
650
699
726
725
720
728
738
746
755
757
740
719
696
657
609
581
575
570
556
545
540
528
506
465
403
329
267
234
217
200
177
149
119
89
56
13
-39
-90
-134
-173
-215
-254
-283
-299
-317
-338
-344
-332
-320
-312
-302
-306
-314
-315
-306
-299
-302
-296
-262
-235
-226
-225
-213
-202
-195
-172
-145
-133
-136
-124
-118
-140
-184
-213
-215
-203
-186
-179
-180
-169
-144
-127
-136
-157
-183
-206
-235
-269
-302
-327
-337
-338
-330
-320
-311
-295
-273
-249
-246
-259
-267
-260
-247
-236
-229
-227
-231
-242
-256
-270
-280
-284
-287
-284
-271
-247
-231
-228
-231
-232
-234
-247
-266
-277
-253
-203
-144
-84
-22
38
72
90
109
133
168
213
269
319
354
394
442
489
533
584
641
686
716
736
744
742
737
734
723
710
700
689
683
675
664
652
641
624
598
577
560
538
509
471
427
372
314
272
245
216
187
162
131
88
39
-10
-67
-129
-185
-237
-294
-357
-407
-440
-465
-486
-495
-495
-492
-491
-497
-504
-512
-522
-524
-514
-494
-478
-461
-433
-409
-394
-384
-366
-346
-320
-291
-261
-242
-245
-254
-257
-246
-219
-173
-115
-62
-18
18
37
42
29
5
-20
-36
-41
-52
-70
-80
-70
-56
-49
-46
-43
-43
-49
-66
-91
-116
-136
-143
-128
-103
-87
-81
-81
-83
-88
-100
-116
-131
-138
-135
-130
-127
-131
-136
-124
-108
-99
-102
-101
-97
-91
-77
-53
-31
-12
9
32
41
35
22
14
15
38
84
144
212
274
314
324
321
325
336
358
391
436
477
507
528
539
537
543
564
597
622
637
638
614
589
569
555
549
549
551
536
505
464
411
354
311
286
267
248
230
211
179
136
83
11
-67
-139
-198
-252
-297
-333
-360
-375
-385
-404
-436
-479
-524
-573
-615
-638
-646
-645
-636
-615
-591
-573
-562
-558
-561
-563
-564
-564
-562
-549
-523
-490
-451
-412
-372
-332
-290
-249
-212
-173
-130
-96
-70
-52
-40
-27
-14
18
55
93
128
157
183
206
223
232
230
233
233
231
233
231
226
215
203
188
162
139
123
110
97
82
75
69
71
75
75
71
64
61
59
50
33
14
-5
-18
-19
-16
-15
-16
-14
-6
2
9
12
15
24
41
59
72
81
90
98
110
126
139
144
142
143
141
143
163
194
232
256
256
242
225
236
262
294
332
368
397
409
411
393
372
366
378
400
415
415
398
369
338
303
265
230
206
188
160
114
54
-10
-64
-100
-124
-151
-183
-214
-245
-278
-322
-372
-430
-480
-511
-528
-543
-557
-562
-563
-563
-559
-570
-589
-611
-626
-634
-647
-657
-657
-644
-612
-576
-543
-516
-490
-468
-446
-423
-397
-366
-335
-301
-266
-228
-191
-156
-119
-79
-32
18
72
121
159
188
211
237
266
298
334
360
378
391
399
403
391
376
363
362
373
383
385
381
380
381
373
364
350
333
317
292
262
227
201
193
194
194
185
168
150
138
132
121
99
79
65
67
76
83
86
91
104
114
113
104
96
94
93
86
76
63
56
63
72
80
86
92
101
111
114
106
91
79
74
81
97
113
123
126
117
98
80
79
91
111
126
128
121
109
93
74
52
41
44
58
69
64
37
-12
-63
-106
-144
-178
-212
-243
-270
-296
-321
-348
-365
-364
-357
-355
-367
-390
-416
-442
-466
-495
-527
-552
-569
-571
-567
-560
-553
-547
-535
-517
-498
-481
-471
-463
-458
-448
-432
-414
-394
-369
-335
-295
-258
-223
-191
-160
-126
-90
-54
-24
9
47
87
125
154
179
207
240
279
314
349
381
416
453
488
520
543
562
582
596
601
599
592
585
582
586
591
590
581
571
554
528
497
465
439
418
401
381
363
346
338
333
330
319
298
272
247
220
188
155
123
94
70
53
42
32
23
14
4
-6
-17
-30
-41
-50
-57
-67
-81
-90
-97
-99
-103
-114
-127
-135
-141
-154
-171
-184
-190
-192
-197
-206
-215
-221
-225
-230
-233
-227
-218
-215
-225
-237
-253
-264
-272
-273
-270
-267
-264
-264
-265
-261
-254
-240
-221
-197
-178
-176
-193
-224
-256
-284
-304
-324
-347
-365
-379
-392
-408
-424
-432
-425
-412
-400
-393
-387
-378
-365
-351
-343
-340
-337
-330
-315
-299
-280
-261
-240
-218
-194
-173
-157
-141
-124
-106
-95
-86
-73
-50
-15
23
57
90
130
178
224
262
293
318
341
364
387
413
446
485
523
556
585
612
638
656
662
656
649
644
647
655
660
664
670
676
677
675
667
653
632
607
581
549
508
465
424
390
359
333
311
288
262
224
178
136
104
80
60
35
10
-15
-35
-57
-76
-97
-118
-138
-153
-166
-180
-197
-214
-228
-241
-254
-263
-269
-273
-279
-287
-296
-305
-311
-314
-316
-325
-341
-359
-376
-392
-402
-407
-407
-401
-396
-393
-389
-382
-373
-366
-361
-356
-354
-353
-363
-381
-395
-391
-380
-376
-380
-385
-386
-384
-379
-374
-366
-355
-335
-317
-313
-321
-328
-319
-290
-256
-233
-225
-221
-206
-183
-165
-160
-155
-141
-120
-104
-102
-103
-95
-70
-39
-15
-2
5
23
53
81
103
115
131
151
175
193
203
213
231
265
302
326
342
363
390
414
427
428
424
427
440
456
467
473
480
491
509
527
538
546
555
565
571
568
563
558
561
570
568
556
544
539
537
531
518
497
473
455
440
415
378
334
299
275
257
239
210
177
145
114
75
28
-18
-55
-79
-99
-122
-153
-181
-207
-229
-249
-274
-299
-319
-330
-343
-364
-396
-427
-453
-466
-479
-496
-514
-529
-532
-523
-511
-496
-484
-470
-457
-445
-444
-451
-458
-465
-467
-465
-460
-450
-431
-408
-390
-380
-372
-365
-355
-346
-334
-327
-317
-307
-298
-290
-286
-284
-276
-261
-243
-233
-231
-234
-229
-210
-185
-164
-155
-148
-142
-144
-144
-137
-118
-91
-58
-25
2
14
18
22
38
63
94
119
139
159
179
194
201
208
223
244
265
279
286
294
310
330
346
361
370
379
395
410
424
430
435
443
450
457
458
452
448
450
457
457
451
447
450
454
450
438
419
404
396
389
375
356
345
342
345
342
322
298
281
266
248
227
207
190
171
155
141
122
102
81
66
52
41
28
9
-10
-28
-46
-68
-94
-117
-136
-157
-184
-211
-233
-252
-271
-288
-305
-324
-335
-350
-361
-371
-383
-394
-406
-419
-434
-451
-463
-467
-467
-463
-455
-444
-435
-425
-413
-403
-403
-403
-401
-396
-385
-373
-361
-349
-330
-308
-292
-276
-263
-251
-241
-231
-223
-211
-200
-190
-179
-166
-150
-135
-123
-112
-99
-78
-58
-43
-31
-20
-8
6
12
15
25
34
42
54
67
78
88
97
109
119
125
125
128
132
143
160
175
186
199
213
224
235
245
258
271
284
293
296
303
309
319
333
349
365
377
385
388
387
383
376
372
372
376
377
374
364
353
342
331
321
308
297
285
274
260
241
222
206
189
173
156
137
118
98
76
60
43
27
11
-3
-15
-29
-46
-68
-89
-106
-121
-132
-146
-161
-173
-182
-186
-187
-187
-187
-188
-190
-194
-200
-207
-216
-224
-228
-231
-232
-232
-230
-224
-219
-216
-214
-213
-214
-216
-221
-223
-226
-231
-236
-241
-242
-240
-235
-225
-215
-208
-205
-205
-208
-212
-220
-227
-227
-224
-218
-209
-197
-185
-174
-166
-158
-150
-145
-138
-129
-120
-111
-101
-89
-76
-64
-53
-42
-28
-10
10
29
45
57
67
76
87
98
106
112
122
134
147
156
165
175
187
198
204
208
212
217
222
226
225
225
226
228
226
225
226
228
232
231
226
219
216
215
213
206
194
183
175
172
171
169
164
156
147
142
133
122
112
106
104
98
88
75
67
64
62
54
46
41
39
38
29
14
-3
-19
-32
-42
-50
-56
-62
-68
-72
-72
-73
-78
-84
-88
-92
-100
-113
-128
-140
-151
-158
-162
-160
-154
-148
-141
-133
-129
-124
-124
-127
-128
-129
-132
-136
-140
-144
-145
-141
-132
-124
-112
-102
-94
-86
-82
-82
-83
-86
-82
-81
-80
-76
-71
-64
-58
-52
-48
-44
-40
-38
-33
-29
-27
-28
-29
-26
-23
-21
-19
-17
-17
-16
-15
-12
-6
1
8
13
12
13
14
18
24
30
36
43
53
61
65
68
72
74
78
84
89
95
100
105
107
112
118
124
131
135
138
141
140
141
142
141
139
134
131
131
129
126
122
119
118
114
110
104
100
92
80
63
46
31
17
7
-2
-13
-28
-41
-53
-63
-74
-88
-106
-124
-138
-148
-156
-162
-167
-172
-175
-176
-176
-177
-177
-175
-172
-171
-172
-171
-167
-161
-156
-154
-148
-134
-118
-103
-90
-82
-83
-74
-41
-3
28
32
7
-24
-45
-37
-4
43
93
109
82
33
-19
-32
19
95
156
176
135
62
3
-13
18
82
135
150
121
69
18
-2
17
57
92
104
84
45
11
-3
5
29
55
70
68
50
28
18
21
29
42
54
61
64
64
61
55
50
48
56
75
94
104
106
101
97
94
92
97
104
111
114
116
116
118
118
119
120
117
112
103
96
92
83
75
65
57
50
42
36
30
24
15
0
-11
-15
-16
-17
-26
-45
-68
-84
-83
-74
-73
-91
-123
-154
-172
-174
-163
-148
-136
-146
-185
-241
-281
-280
-233
-173
-136
-151
-207
-269
-304
-296
-254
-199
-167
-170
-201
-244
-273
-271
-232
-175
-128
-117
-135
-164
-175
-157
-117
-68
-33
-25
-38
-52
-53
-39
-15
15
40
53
57
56
62
72
90
104
114
123
133
144
150
149
151
149
152
155
161
166
164
160
155
155
162
167
170
162
152
147
144
147
149
148
143
139
136
132
132
134
135
129
121
111
106
107
113
118
117
112
108
110
117
120
118
113
109
114
120
125
123
120
119
122
129
133
137
140
131
120
107
95
93
99
102
98
88
74
60
53
50
45
37
25
8
-12
-26
-36
-46
-56
-66
-74
-83
-99
-119
-138
-156
-175
-191
-205
-213
-221
-230
-242
-254
-267
-277
-284
-285
-282
-284
-291
-300
-309
-315
-319
-320
-319
-316
-312
-311
-310
-309
-305
-297
-287
-278
-265
-252
-238
-226
-217
-208
-195
-181
-168
-154
-138
-121
-110
-100
-91
-79
-62
-42
-22
-3
13
27
38
51
68
88
109
126
132
134
135
144
161
179
197
207
208
209
213
222
232
240
244
244
242
240
240
245
256
265
268
264
258
251
248
248
249
246
239
230
220
216
217
216
212
205
195
186
176
169
164
159
152
142
135
129
129
131
131
126
116
102
90
86
83
80
77
72
65
57
52
51
50
48
44
34
24
15
8
2
-3
-6
-14
-17
-19
-24
-29
-35
-44
-55
-68
-82
-93
-103
-110
-117
-126
-138
-145
-151
-157
-163
-174
-186
-195
-203
-214
-223
-233
-244
-253
-259
-262
-264
-265
-268
-273
-283
-292
-298
-299
-295
-290
-287
-284
-282
-278
-272
-266
-259
-251
-245
-236
-225
-215
-204
-195
-185
-175
-162
-147
-130
-112
-96
-83
-70
-58
-45
-30
-10
12
33
49
60
66
74
90
110
131
150
163
169
172
173
177
183
198
213
227
236
240
241
243
246
255
265
269
268
261
259
259
264
267
265
260
252
248
246
242
237
230
221
211
203
198
196
195
193
188
177
167
155
143
139
138
140
137
123
104
85
70
63
64
69
70
61
44
22
1
-13
-15
-10
-4
-2
-8
-22
-39
-51
-60
-64
-62
-61
-61
-63
-71
-81
-91
-96
-97
-95
-97
-104
-113
-123
-128
-129
-127
-128
-134
-145
-157
-163
-163
-159
-158
-163
-169
-174
-179
-182
-183
-186
-191
-195
-197
-199
-200
-201
-201
-203
-204
-209
-216
-221
-223
-224
-221
-218
-213
-212
-211
-211
-211
-209
-206
-199
-191
-185
-178
-169
-160
-149
-140
-130
-117
-104
-90
-78
-67
-52
-36
-21
-7
7
18
27
35
49
67
87
103
116
129
142
156
172
184
194
203
211
221
232
240
251
257
261
267
269
270
267
264
260
259
259
259
259
256
252
246
238
231
226
221
213
203
193
183
174
165
154
143
129
119
110
100
90
79
62
48
34
23
12
5
-2
-11
-18
-26
-32
-40
-47
-53
-60
-67
-71
-74
-76
-79
-82
-84
-86
-86
-86
-85
-84
-84
-85
-88
-90
-90
-89
-86
-84
-81
-79
-79
-80
-81
-80
-79
-76
-73
-71
-68
-68
-66
-68
-70
-69
-68
-68
-68
-68
-70
-74
-79
-83
-85
-87
-87
-86
-89
-90
-92
-95
-98
-101
-103
-105
-106
-108
-109
-112
-113
-114
-114
-112
-107
-103
-100
-98
-94
-91
-88
-84
-80
-75
-68
-63
-58
-51
-41
-32
-25
-16
-5
7
17
25
37
47
55
65
76
87
97
106
114
123
131
137
145
152
159
163
166
167
171
176
180
182
187
188
187
184
181
180
178
174
171
166
159
149
139
129
122
114
104
95
84
70
58
45
35
28
19
11
1
-10
-21
-31
-40
-47
-52
-57
-65
-69
-75
-80
-84
-88
-91
-94
-96
-99
-103
-103
-103
-102
-100
-97
-95
-93
-93
-91
-87
-84
-81
-76
-72
-69
-63
-59
-54
-49
-45
-39
-34
-29
-25
-20
-18
-14
-13
-13
-11
-10
-8
-7
-6
-6
-4
-2
1
3
4
3
2
0
-2
-6
-10
-11
-12
-12
-12
-16
-17
-19
-22
-25
-27
-30
-29
-28
-29
-34
-40
-41
-40
-37
-34
-32
-31
-29
-30
-31
-29
-26
-20
-14
-12
-12
-14
-16
-15
-11
-5
4
10
13
13
13
14
17
20
26
31
32
35
35
37
40
43
47
52
57
58
59
61
61
61
62
62
64
63
62
58
53
52
50
47
45
41
38
35
32
29
24
20
18
15
10
0
-7
-12
-15
-16
-18
-19
-22
-27
-32
-37
-39
-40
-42
-46
-50
-55
-59
-59
-56
-54
-52
-52
-53
-54
-55
-54
-52
-50
-47
-44
-41
-37
-36
-34
-31
-25
-18
-10
-3
2
6
9
11
15
19
24
29
35
41
44
46
47
49
50
53
57
60
64
64
62
60
58
58
59
59
56
56
55
53
48
46
42
39
38
34
31
26
22
15
11
10
10
10
11
8
5
3
0
0
-2
-4
-4
-6
-6
-8
-9
-11
-10
-8
-7
-6
-3
-4
-4
-5
-5
-3
-2
-3
-4
-5
-5
-3
-3
-2
0
1
1
0
0
-2
-2
-1
-1
-3
-4
-6
-8
-9
-10
-11
-12
-14
-16
-17
-19
-20
-21
-22
-24
-27
-28
-31
-34
-38
-41
-43
-43
-46
-47
-47
-49
-51
-55
-58
-60
-60
-60
-60
-60
-62
-61
-62
-62
-62
-63
-64
-64
-63
-60
-60
-58
-56
-52
-50
-46
-44
-42
-41
-38
-36
-33
-29
-26
-22
-19
-14
-10
-8
-6
-4
3
9
16
20
25
27
31
32
34
39
44
52
56
58
62
65
70
75
81
85
89
90
92
92
93
94
97
99
99
101
99
97
97
96
97
99
100
98
94
91
89
87
82
80
77
74
71
66
61
56
50
46
41
37
32
24
18
13
8
4
0
-5
-10
-17
-23
-26
-30
-36
-40
-45
-49
-53
-56
-60
-63
-66
-67
-70
-74
-76
-79
-81
-84
-84
-87
-86
-87
-89
-90
-90
-91
-90
-90
-90
-88
-87
-86
-85
-84
-80
-77
-76
-78
-77
-74
-72
-72
-71
-69
-65
-62
-60
-59
-56
-54
-53
-53
-50
-45
-44
-44
-41
-38
-35
-32
-31
-27
-22
-21
-20
-18
-15
-10
-7
-6
-2
2
6
8
11
16
19
22
24
27
30
36
39
42
47
50
55
58
61
63
66
70
73
76
79
82
86
90
93
95
98
101
106
107
110
113
114
114
117
120
123
124
123
123
123
123
121
120
119
118
118
113
110
106
105
104
98
91
87
82
76
70
64
59
56
49
43
36
31
24
16
9
1
-6
-13
-20
-27
-35
-43
-51
-58
-62
-69
-75
-84
-91
-97
-102
-108
-112
-116
-118
-122
-127
-131
-135
-136
-135
-137
-139
-141
-141
-139
-138
-138
-137
-134
-132
-130
-128
-126
-122
-116
-112
-108
-103
-98
-94
-91
-86
-80
-76
-72
-68
-62
-57
-53
-50
-46
-41
-32
-28
-26
-21
-18
-14
-12
-12
-10
-5
-1
2
3
6
8
9
12
14
16
21
24
24
27
28
30
32
34
36
39
41
43
47
48
51
53
57
60
63
67
70
73
76
78
82
85
90
94
98
102
107
109
113
116
118
120
123
125
128
128
128
129
130
131
130
130
128
127
126
123
121
118
113
108
104
99
94
88
82
77
70
62
55
47
41
35
26
19
12
3
-6
-13
-20
-27
-35
-45
-52
-58
-66
-75
-82
-88
-95
-100
-105
-111
-117
-121
-125
-128
-132
-134
-137
-139
-139
-143
-145
-146
-145
-145
-143
-143
-144
-142
-140
-140
-137
-132
-128
-125
-123
-119
-115
-111
-107
-105
-101
-97
-92
-87
-84
-78
-72
-67
-59
-53
-48
-42
-37
-31
-24
-18
-13
-8
-3
2
8
12
16
20
25
29
33
38
43
47
51
54
59
61
64
65
68
71
73
74
76
77
79
81
81
85
85
86
86
87
88
91
91
91
94
96
95
94
95
96
97
98
97
97
95
95
96
97
99
99
99
100
100
98
97
97
97
96
95
92
90
89
87
85
82
82
80
76
73
69
65
61
57
52
47
41
35
29
23
16
10
4
-4
-10
-17
-26
-33
-39
-47
-54
-62
-71
-76
-84
-90
-97
-102
-108
-115
-120
-125
-130
-133
-139
-142
-145
-146
-149
-153
-154
-156
-157
-158
-159
-158
-157
-158
-158
-155
-153
-151
-148
-143
-136
-133
-129
-125
-119
-112
-105
-99
-92
-84
-77
-71
-64
-57
-50
-42
-37
-30
-22
-13
-7
0
6
13
18
25
34
40
47
51
57
60
66
72
76
82
85
89
91
93
96
99
100
101
102
102
101
102
101
101
100
99
100
98
98
95
93
92
90
87
83
81
80
78
76
73
71
71
67
62
60
59
57
53
52
50
48
45
44
43
44
42
42
41
39
39
39
38
39
38
38
36
36
34
33
33
33
32
29
28
26
23
22
20
17
16
15
12
9
6
2
-1
-5
-9
-13
-17
-22
-26
-30
-35
-41
-46
-52
-54
-59
-65
-69
-74
-78
-83
-88
-92
-95
-98
-101
-105
-107
-108
-109
-112
-114
-115
-115
-114
-116
-114
-113
-113
-110
-108
-106
-103
-100
-95
-90
-86
-82
-77
-72
-65
-59
-54
-47
-43
-36
-30
-24
-18
-11
-4
2
8
14
20
27
33
38
43
47
52
55
59
63
65
70
72
76
79
81
83
85
86
87
86
87
87
87
86
86
84
83
81
78
78
77
75
73
70
68
66
63
58
54
52
50
46
42
41
39
36
34
31
28
26
24
22
21
19
16
15
14
12
11
9
7
7
5
3
3
6
6
3
3
2
2
1
-2
-2
-1
-1
-4
-4
-5
-5
-6
-9
-9
-9
-11
-14
-15
-17
-18
-20
-22
-24
-25
-26
-32
-34
-35
-38
-41
-45
-50
-53
-56
-58
-63
-66
-70
-71
-75
-78
-80
-82
-85
-86
-87
-89
-92
-92
-93
-93
-92
-93
-93
-91
-89
-88
-86
-84
-81
-78
-74
-71
-67
-63
-58
-54
-51
-45
-40
-34
-29
-22
-15
-8
-2
5
12
17
23
30
37
43
49
54
60
66
71
76
79
84
90
91
94
97
101
103
104
106
107
106
106
105
105
105
103
101
98
94
90
87
82
78
74
69
63
59
55
49
43
39
33
28
22
17
13
8
4
0
-5
-8
-11
-15
-18
-19
-24
-26
-29
-29
-30
-32
-32
-32
-32
-32
-30
-31
-30
-30
-27
-26
-25
-22
-20
-19
-17
-15
-14
-13
-9
-7
-6
-5
-4
-1
0
0
1
1
2
1
1
0
-2
-1
-3
-6
-7
-7
-9
-11
-14
-16
-18
-22
-24
-27
-31
-34
-37
-41
-43
-47
-50
-51
-53
-55
-57
-59
-59
-59
-59
-59
-60
-59
-58
-58
-56
-53
-51
-48
-46
-42
-38
-33
-29
-25
-22
-16
-11
-7
-3
3
8
12
17
23
28
33
39
43
49
55
57
61
67
71
73
76
78
83
85
86
87
88
89
89
87
86
85
82
79
77
74
71
66
60
57
53
48
42
35
30
25
18
13
8
3
-4
-7
-13
-17
-22
-26
-31
-35
-39
-43
-47
-50
-53
-55
-59
-62
-65
-67
-68
-69
-69
-70
-69
-69
-67
-65
-63
-60
-59
-54
-51
-47
-45
-43
-39
-34
-29
-25
-22
-17
-13
-10
-7
-3
-2
2
4
7
9
10
13
15
18
19
20
21
21
23
24
22
20
20
19
18
18
16
14
13
10
9
5
3
1
-1
-4
-6
-10
-14
-16
-17
-19
-21
-22
-23
-25
-24
-24
-25
-26
-27
-27
-27
-24
-24
-23
-22
-19
-16
-13
-11
-10
-6
-2
2
5
7
12
17
22
25
28
30
34
37
41
44
47
50
51
54
57
60
61
63
63
63
63
62
61
61
60
59
56
53
49
47
44
43
40
35
30
25
21
17
14
9
3
-1
-4
-9
-15
-19
-24
-26
-30
-34
-39
-43
-46
-48
-51
-55
-58
-59
-60
-60
-61
-62
-62
-61
-61
-60
-60
-57
-57
-57
-55
-54
-50
-47
-46
-44
-40
-38
-35
-31
-29
-25
-23
-19
-17
-13
-9
-5
-3
-1
1
3
6
7
10
12
14
16
17
20
21
23
23
24
25
24
24
23
21
22
21
20
18
18
17
17
17
16
15
14
13
12
9
9
7
6
4
4
2
1
-1
-2
-2
-2
-2
-1
-1
0
0
0
1
1
3
4
4
5
7
8
9
10
13
16
18
19
23
25
28
29
32
34
36
38
41
41
42
43
43
45
46
46
47
49
47
48
47
47
48
47
45
43
40
38
35
31
29
25
21
17
14
12
7
3
-1
-4
-8
-13
-18
-22
-26
-31
-36
-42
-46
-49
-54
-57
-60
-63
-64
-68
-69
-71
-72
-73
-72
-74
-72
-72
-73
-71
-69
-68
-66
-64
-61
-58
-54
-49
-47
-43
-38
-33
-31
-25
-22
-16
-13
-10
-5
1
5
9
12
17
21
25
26
29
33
36
36
37
38
39
39
39
38
40
40
38
37
37
36
34
32
30
29
27
24
22
19
17
14
12
9
8
6
6
3
1
0
-2
-4
-5
-6
-5
-6
-9
-9
-9
-8
-9
-8
-7
-5
-3
-3
-3
0
3
4
6
5
8
9
9
10
11
14
15
14
16
17
19
20
21
21
23
25
23
23
23
24
23
23
21
22
21
18
16
15
15
11
10
9
7
5
2
-2
-3
-3
-6
-9
-13
-15
-18
-20
-23
-25
-27
-28
-32
-34
-36
-37
-40
-41
-41
-45
-45
-44
-46
-48
-48
-48
-48
-48
-46
-46
-46
-44
-43
-44
-42
-38
-36
-33
-32
-29
-27
-24
-23
-22
-17
-13
-11
-9
-5
0
1
4
8
10
15
21
21
24
28
30
31
33
36
37
40
42
44
44
46
47
48
49
49
50
50
51
50
48
48
47
45
43
42
40
40
36
34
31
31
28
26
24
23
20
17
15
13
10
8
4
1
0
-2
-4
-7
-8
-9
-10
-12
-14
-14
-14
-16
-17
-18
-18
-17
-18
-17
-19
-19
-17
-16
-16
-15
-14
-14
-12
-12
-10
-9
-8
-7
-7
-5
-3
-3
-2
0
0
1
3
3
4
4
5
5
4
5
5
6
5
5
5
5
3
2
1
1
-1
-2
-2
-3
-6
-6
-7
-7
-9
-10
-11
-14
-14
-17
-19
-20
-20
-21
-23
-23
-24
-25
-25
-25
-25
-25
-25
-24
-23
-23
-22
-20
-19
-18
-16
-15
-12
-11
-9
-8
-5
-3
0
4
5
8
11
12
16
16
19
22
23
26
28
31
34
35
36
39
39
41
41
43
44
44
43
43
43
43
41
39
37
36
37
33
31
31
30
28
26
24
21
19
15
12
10
7
5
2
0
-2
-5
-7
-10
-12
-14
-17
-19
-21
-23
-25
-27
-28
-29
-30
-31
-33
-34
-34
-34
-34
-35
-34
-34
-34
-34
-35
-33
-33
-33
-31
-31
-30
-29
-28
-27
-26
-23
-23
-22
-20
-18
-16
-16
-13
-10
-9
-8
-5
-4
-3
-2
-1
-2
0
1
0
0
1
0
0
2
1
-1
0
1
1
-1
-1
-1
-2
-3
-4
-8
-8
-7
-9
-12
-12
-12
-11
-13
-14
-13
-13
-12
-13
-13
-12
-11
-11
-12
-12
-11
-9
-9
-10
-7
-5
-2
-1
0
2
5
5
6
8
10
12
12
12
15
17
20
19
19
22
24
24
24
24
26
27
25
26
26
27
27
26
26
26
26
24
22
22
21
18
17
16
15
15
11
9
9
7
5
3
1
0
-1
-4
-5
-5
-6
-8
-9
-10
-9
-10
-12
-13
-11
-11
-11
-13
-13
-12
-11
-11
-11
-11
-9
-9
-9
-7
-6
-7
-6
-5
-3
-2
-3
-2
-2
-1
0
0
0
1
2
3
4
4
4
4
4
3
4
4
3
2
4
4
5
5
4
5
4
3
2
2
1
1
1
0
-1
-2
-1
-2
-2
-2
-1
0
-1
-1
0
-1
-2
-4
-3
-2
-3
-3
-2
-2
-2
-2
-1
-2
-1
1
0
0
0
2
3
2
2
3
3
5
4
4
6
8
9
7
7
8
7
9
9
9
10
10
11
10
9
9
9
8
8
8
9
7
7
6
6
6
4
4
4
5
3
3
2
1
1
0
-2
-3
-4
-4
-4
-5
-5
-6
-7
-7
-8
-8
-9
-9
-11
-11
-11
-12
-11
-12
-12
-13
-13
-13
-14
-14
-13
-13
-14
-13
-12
-13
-12
-12
-12
-12
-12
-12
-12
-13
-12
-10
-10
-11
-10
-10
-8
-8
-7
-7
-6
-6
-6
-6
-5
-5
-5
-5
-5
-3
-3
-2
-1
0
0
1
2
1
2
3
3
3
4
4
5
5
6
7
6
6
7
9
8
9
10
10
10
10
10
11
12
11
12
12
11
12
10
12
12
11
11
11
11
11
10
10
10
10
10
10
9
9
8
7
8
8
8
9
8
7
6
5
5
5
6
5
4
3
3
3
2
2
1
3
2
1
-2
-2
-2
-2
-3
-4
-5
-5
-6
-6
-6
-6
-5
-7
-9
-9
-9
-9
-10
-10
-10
-12
-12
-15
-13
-12
-13
-17
-17
-14
-13
-14
-17
-16
-14
-14
-15
-16
-16
-14
-15
-16
-15
-15
-15
-14
-15
-13
-13
-13
-14
-13
-12
-12
-13
-13
-9
-7
-9
-8
-5
-4
-4
-5
-3
-3
-1
-1
-1
1
3
3
4
8
9
9
9
11
13
15
15
14
14
17
19
18
20
22
22
22
22
25
28
27
27
27
29
30
28
27
28
30
27
27
28
28
29
28
28
29
28
27
26
25
25
24
22
22
23
23
21
21
21
21
20
19
19
20
17
15
14
13
11
10
10
9
8
6
4
3
3
1
-1
-3
-6
-5
-8
-12
-10
-14
-16
-18
-19
-19
-21
-23
-25
-26
-27
-28
-30
-31
-32
-33
-34
-34
-35
-35
-36
-36
-37
-37
-36
-36
-36
-36
-35
-34
-35
-34
-33
-33
-32
-32
-31
-28
-28
-30
-27
-27
-25
-25
-23
-22
-22
-21
-20
-18
-17
-17
-15
-14
-13
-13
-10
-9
-9
-7
-6
-5
-4
-2
-2
-1
1
1
2
3
4
5
5
7
7
9
9
9
9
11
13
12
13
14
14
15
15
16
16
17
19
18
19
21
20
21
22
24
24
25
25
26
27
28
28
29
29
30
29
30
30
31
31
30
31
31
30
31
30
30
30
29
29
27
27
27
26
25
24
22
21
20
18
16
16
15
13
12
9
9
7
5
2
1
0
-3
-4
-6
-8
-9
-12
-11
-13
-14
-15
-18
-18
-20
-20
-21
-23
-23
-24
-26
-26
-26
-26
-25
-27
-27
-27
-28
-28
-28
-28
-28
-27
-26
-26
-26
-25
-24
-24
-23
-21
-20
-20
-20
-18
-17
-16
-16
-14
-15
-14
-13
-12
-12
-11
-11
-11
-11
-10
-9
-8
-8
-8
-7
-8
-7
-7
-5
-4
-4
-4
-4
-2
-1
-1
-1
-1
1
0
2
1
3
4
5
5
5
4
5
5
5
7
7
7
8
10
10
10
11
12
14
15
17
16
15
17
17
17
17
17
17
16
16
16
16
17
17
17
16
15
16
17
15
16
16
15
14
14
14
12
12
11
11
12
11
10
9
9
8
8
6
6
6
4
3
3
2
2
0
0
-1
-1
-1
-2
-2
-4
-4
-6
-6
-6
-7
-9
-9
-10
-9
-10
-11
-12
-12
-12
-12
-13
-13
-13
-13
-13
-13
-13
-13
-13
-12
-13
-13
-13
-13
-12
-11
-11
-11
-10
-10
-9
-8
-8
-8
-7
-6
-6
-5
-5
-4
-3
-2
-1
-1
0
1
2
1
3
2
3
4
5
5
6
7
8
7
8
8
8
10
10
10
10
10
9
10
11
11
12
11
11
10
10
10
10
10
10
11
11
11
10
9
9
9
7
9
8
7
6
5
5
7
5
5
5
6
6
4
4
4
4
2
2
2
3
2
1
1
2
2
1
2
1
1
2
2
1
0
0
1
1
1
2
1
0
0
1
1
0
-1
0
0
-1
-1
-3
-2
-4
-4
-5
-6
-6
-6
-7
-8
-7
-9
-9
-9
-11
-12
-12
-13
-14
-15
-15
-16
-16
-17
-18
-18
-18
-18
-19
-19
-19
-20
-20
-20
-20
-19
-19
-20
-19
-19
-17
-17
-16
-15
-14
-13
-12
-12
-9
-9
-9
-7
-6
-4
-3
-2
-1
1
2
3
3
5
6
7
9
8
10
11
12
13
12
13
13
13
14
15
14
14
16
15
15
15
13
13
13
13
13
11
10
10
9
8
8
7
6
5
6
4
4
3
3
2
1
0
1
0
0
-1
-2
-1
-1
-1
-2
-1
-2
-2
-1
-2
-1
-1
-1
-1
-1
-1
-1
1
2
1
2
2
2
3
4
4
3
4
4
5
6
6
5
6
5
6
4
4
4
4
3
3
2
2
3
2
2
1
1
1
1
1
2
1
0
0
-1
0
-1
-2
-3
-3
-3
-3
-3
-4
-5
-5
-6
-6
-6
-5
-6
-7
-8
-6
-6
-7
-7
-7
-6
-7
-7
-6
-6
-5
-4
-4
-3
-3
-2
-2
-2
-1
0
0
0
1
2
1
2
3
4
5
5
6
7
6
7
8
8
9
9
8
8
9
9
8
8
8
8
8
9
9
9
9
7
7
7
7
7
6
5
6
5
3
2
3
2
1
0
0
-1
-1
-2
-2
-2
-3
-4
-3
-4
-4
-5
-5
-5
-5
-6
-6
-6
-5
-5
-6
-5
-4
-4
-4
-5
-5
-4
-3
-3
-3
-3
-2
-1
-1
-1
-1
0
-1
0
1
1
1
1
1
1
1
1
1
1
2
1
1
1
0
-1
0
-1
-1
-1
-1
-2
-2
-3
-4
-4
-5
-5
-6
-5
-6
-6
-7
-7
-8
-9
-9
-10
-10
-10
-10
-11
-11
-10
-11
-11
-11
-11
-11
-10
-10
-10
-10
-9
-9
-9
-9
-9
-7
-7
-6
-6
-5
-4
-3
-2
-1
-1
2
2
4
4
4
5
6
5
6
7
8
9
10
10
10
11
11
12
11
12
13
12
13
13
12
12
11
11
10
10
10
9
9
8
8
7
6
5
5
4
3
2
2
2
1
1
-1
-1
-1
-2
-2
-3
-4
-3
-4
-4
-2
-3
-3
-2
-2
-2
-3
-2
-2
-1
0
-1
-1
1
2
0
2
2
3
4
3
3
6
6
5
7
6
6
6
4
4
5
6
5
5
4
6
6
5
5
4
4
3
2
3
1
1
1
1
1
-1
-2
-2
-4
-3
-3
-5
-4
-5
-5
-5
-5
-5
-6
-7
-8
-9
-8
-9
-10
-9
-9
-9
-9
-9
-9
-9
-9
-9
-7
-6
-5
-6
-7
-5
-5
-5
-5
-5
-5
-5
-4
-3
-2
0
0
1
2
3
3
3
3
5
6
6
7
5
6
6
7
6
6
7
7
7
7
8
7
7
7
7
6
5
4
5
4
3
2
2
2
0
0
-1
-1
-1
-2
-2
-3
-3
-4
-4
-4
-5
-5
-6
-6
-6
-6
-6
-6
-7
-6
-5
-6
-6
-5
-4
-4
-3
-3
-2
-2
-3
-2
-2
-1
0
0
0
1
0
1
1
2
2
3
3
2
4
4
3
3
4
4
4
4
4
5
4
5
5
6
6
6
6
7
6
6
4
4
4
4
3
2
2
2
1
0
0
0
0
-2
-3
-3
-3
-3
-4
-4
-4
-5
-5
-5
-6
-5
-5
-6
-5
-5
-5
-3
-4
-4
-4
-3
-4
-3
-2
-2
-2
-1
-1
0
-1
1
2
1
1
2
3
4
4
5
6
5
6
5
5
5
7
6
4
5
4
4
3
2
3
3
3
1
1
1
1
0
0
0
-1
-1
-1
-3
-2
-2
-2
-4
-4
-3
-2
-3
-3
-4
-3
-3
-4
-5
-5
-4
-4
-4
-4
-4
-3
-3
-4
-5
-4
-4
-5
-5
-4
-4
-4
-4
-5
-4
-3
-3
-3
-5
-4
-3
-3
-3
-2
0
0
-1
-1
0
0
0
0
2
2
3
3
3
4
4
4
4
4
5
6
6
5
5
5
6
6
6
6
6
6
5
4
5
5
6
5
4
4
4
4
4
3
2
3
4
2
2
1
2
2
2
2
1
1
2
2
1
0
0
1
-1
0
-1
-1
-1
-1
-1
-2
-3
-2
-3
-2
-2
-3
-3
-3
-3
-2
-3
-4
-3
-3
-2
-3
-3
-3
-2
-2
-2
-1
-1
-1
-1
0
0
1
1
1
0
2
2
1
1
