0
0
-1
-1
0
-1
-1
-1
-1
0
0
-1
0
-1
1
0
0
-1
0
0
0
0
1
1
0
1
0
1
0
1
1
0
1
1
1
1
1
1
1
2
1
1
1
1
1
2
2
1
2
2
0
2
1
2
1
1
1
2
1
1
1
2
1
1
1
1
1
1
1
1
1
1
0
0
0
0
0
0
1
1
0
1
0
-1
0
0
0
0
-1
-1
0
-1
-1
-1
0
-1
-1
-1
-1
-2
-3
-3
-3
-4
-5
-5
-6
-6
-6
-6
-7
-8
-8
-8
-8
-9
-9
-10
-10
-10
-10
-10
-10
-11
-11
-12
-11
-12
-11
-11
-12
-11
-12
-11
-11
-11
-12
-11
-10
-11
-12
-13
-11
-11
-10
-11
-11
-11
-10
-11
-12
-12
-11
-10
-12
-11
-11
-11
-11
-12
-12
-11
-12
-11
-12
-11
-9
-8
-8
-8
-7
-5
-3
-3
0
2
4
5
6
9
11
13
15
18
21
24
27
30
33
36
39
42
44
47
48
49
52
56
59
60
62
63
64
65
66
65
66
65
65
63
62
62
60
58
55
54
50
47
44
41
37
33
29
26
22
18
16
11
9
5
0
-4
-7
-11
-13
-17
-19
-21
-24
-28
-29
-30
-31
-33
-34
-35
-35
-35
-34
-35
-34
-34
-33
-34
-33
-30
-28
-29
-28
-26
-25
-24
-24
-23
-23
-22
-22
-22
-23
-22
-23
-24
-26
-26
-26
-30
-32
-32
-33
-35
-38
-39
-40
-41
-43
-47
-48
-47
-48
-51
-53
-54
-55
-56
-58
-59
-59
-60
-60
-58
-58
-58
-57
-58
-56
-53
-49
-48
-45
-40
-38
-34
-31
-26
-21
-16
-12
-7
-2
3
7
12
17
20
23
28
32
35
38
40
41
42
43
44
47
48
49
49
50
51
53
52
51
51
52
53
51
49
50
49
48
47
47
47
45
42
41
41
39
36
35
35
34
34
31
31
33
33
32
32
32
33
33
32
32
34
34
34
35
37
37
36
36
37
37
37
36
35
36
33
31
29
28
27
25
22
18
17
13
10
6
2
-1
-5
-10
-13
-15
-19
-22
-25
-27
-30
-34
-38
-42
-43
-45
-48
-51
-52
-54
-58
-60
-63
-63
-65
-68
-70
-70
-73
-74
-75
-76
-77
-79
-79
-79
-78
-79
-81
-80
-77
-76
-76
-75
-73
-70
-68
-65
-61
-56
-54
-51
-46
-42
-35
-31
-27
-23
-16
-11
-7
-3
2
8
13
18
22
27
30
34
37
40
46
48
50
54
57
58
60
60
63
65
66
67
66
68
67
65
66
65
64
63
62
61
58
57
55
53
52
48
46
46
44
42
39
38
40
39
34
33
36
36
37
35
37
40
40
41
43
43
45
46
47
49
51
52
50
50
52
53
50
48
46
47
45
41
39
38
34
30
25
23
20
15
10
5
2
0
-8
-14
-16
-21
-23
-19
-32
-54
-50
-45
-46
-62
-74
-64
-58
-59
-83
-100
-81
-82
-88
-90
-97
-91
-88
-92
-95
-103
-100
-92
-92
-93
-99
-91
-86
-91
-89
-87
-86
-84
-86
-84
-78
-79
-80
-80
-81
-74
-72
-72
-71
-70
-64
-64
-68
-63
-59
-52
-44
-42
-42
-38
-30
-28
-25
-22
-14
-3
4
7
9
14
13
16
23
31
38
40
41
47
53
51
52
57
65
68
71
75
79
83
84
84
83
86
89
91
91
86
84
87
86
82
80
80
80
80
79
76
73
71
70
70
69
66
65
67
64
62
59
56
56
60
60
60
56
60
62
61
58
56
62
66
67
64
63
66
65
62
61
60
61
60
56
55
53
49
45
43
36
34
31
23
20
14
7
3
-3
-7
-13
-23
-31
-34
-38
-51
-60
-55
-61
-70
-74
-80
-83
-85
-89
-98
-97
-96
-105
-106
-108
-111
-109
-109
-110
-114
-113
-113
-112
-113
-114
-112
-110
-107
-107
-111
-112
-107
-103
-106
-104
-103
-104
-99
-101
-103
-96
-90
-88
-86
-78
-79
-82
-74
-72
-65
-59
-53
-48
-39
-33
-31
-25
-19
-14
-5
6
13
20
20
29
36
40
40
46
57
65
69
72
73
77
77
80
85
90
94
97
98
96
94
94
89
89
92
92
90
86
82
78
75
73
70
69
68
66
62
59
57
53
51
47
47
53
51
46
41
41
44
38
33
36
40
46
40
41
44
42
41
41
43
44
51
58
57
61
59
62
64
55
57
59
72
72
55
58
51
48
44
32
35
31
27
28
21
13
-8
-18
-2
-9
-18
-27
-36
-29
-40
-53
-71
-72
-67
-74
-74
-84
-87
-83
-103
-104
-100
-104
-95
-103
-108
-99
-87
-99
-126
-111
-96
-99
-103
-106
-104
-89
-96
-111
-101
-98
-97
-98
-90
-86
-89
-86
-95
-95
-85
-86
-87
-89
-82
-70
-67
-72
-75
-75
-62
-52
-52
-49
-36
-19
-14
-20
-19
-7
6
17
23
35
46
51
57
55
58
65
78
88
88
93
104
103
91
87
98
104
97
95
101
104
98
90
80
75
74
71
70
66
59
50
46
43
37
30
28
27
31
30
26
31
24
11
21
25
33
35
24
37
37
29
28
23
37
44
51
62
50
52
62
49
63
71
74
103
101
102
102
84
95
98
98
109
102
100
101
99
88
41
45
88
56
68
58
24
27
25
38
-39
-14
-20
-13
37
-56
-75
-108
-45
-59
-129
-85
-128
-94
-75
-122
-146
-162
-141
-113
-111
-129
-150
-146
-100
-124
-165
-157
-133
-123
-114
-108
-134
-114
-127
-142
-124
-114
-92
-121
-108
-90
-102
-93
-127
-132
-94
-76
-96
-100
-96
-94
-90
-101
-92
-89
-75
-48
-78
-71
-52
-65
-45
-31
-23
-15
-14
1
11
14
12
13
44
60
54
62
60
66
75
72
72
81
95
95
94
89
92
94
85
84
85
89
85
82
78
65
56
50
51
51
55
44
30
40
47
43
27
28
36
36
43
50
53
41
30
53
63
57
46
40
85
95
86
63
55
96
114
125
104
87
131
139
142
120
118
156
153
179
131
138
163
114
159
132
134
156
100
127
104
91
91
56
105
67
27
65
31
9
19
-10
-18
11
-59
-37
-36
-83
-31
-126
-65
-95
-113
-55
-176
-92
-115
-131
-71
-143
-163
-127
-97
-89
-129
-157
-136
-127
-48
-109
-192
-140
-122
-43
-106
-197
-155
-95
-77
-126
-167
-153
-130
-105
-101
-182
-136
-118
-154
-120
-179
-142
-110
-122
-108
-141
-103
-117
-131
-98
-111
-60
-34
-70
-52
-30
-29
-32
-22
-5
30
61
51
36
31
63
73
57
54
65
103
110
93
79
57
70
88
78
72
62
73
68
45
40
25
21
8
17
37
28
15
-7
-5
6
-1
-12
-4
17
20
27
13
16
23
24
33
43
68
87
81
74
95
100
124
107
110
154
134
160
162
176
198
144
183
187
190
216
168
194
188
200
211
163
146
158
181
144
122
122
135
99
116
75
31
86
36
20
-8
17
-1
-28
-9
-103
-74
-50
-101
-98
-122
-96
-87
-128
-163
-163
-123
-113
-167
-156
-122
-139
-126
-184
-197
-141
-114
-139
-156
-159
-129
-142
-195
-138
-146
-176
-154
-153
-129
-173
-180
-178
-234
-180
-158
-156
-184
-255
-183
-156
-187
-213
-238
-144
-120
-139
-167
-172
-103
-100
-114
-102
-50
-10
-19
-29
-16
19
35
48
61
61
100
127
106
80
79
130
135
116
123
117
141
122
90
77
85
107
82
57
53
74
68
23
-6
-10
4
23
16
-9
-12
-3
1
-5
-17
-17
-4
17
47
46
45
56
51
76
94
109
135
150
202
233
214
207
198
214
252
295
361
375
368
348
293
264
244
289
360
385
387
343
297
243
172
140
129
191
235
223
204
135
65
5
-13
-8
-8
18
16
-8
-15
-41
-114
-151
-160
-146
-109
-131
-165
-182
-135
-121
-210
-230
-219
-183
-147
-201
-201
-187
-182
-197
-227
-212
-219
-178
-127
-163
-215
-224
-226
-217
-228
-222
-186
-166
-177
-216
-247
-282
-310
-311
-291
-264
-243
-221
-259
-284
-302
-290
-260
-293
-257
-221
-153
-101
-144
-133
-110
-68
-36
-46
-8
40
73
105
113
123
138
125
140
150
132
148
140
143
135
111
121
94
99
76
26
32
25
10
-9
-34
-31
-26
-44
-56
-67
-75
-75
-75
-55
-56
-50
-35
-36
-20
-8
8
31
41
53
86
97
109
123
135
182
195
214
241
239
301
327
343
366
326
366
378
377
381
361
423
420
419
398
342
338
319
323
321
293
277
271
236
198
130
75
69
53
57
46
32
12
-44
-74
-81
-101
-130
-130
-95
-57
-98
-129
-158
-214
-209
-204
-168
-161
-127
-118
-170
-182
-252
-235
-172
-170
-161
-163
-154
-186
-245
-247
-257
-245
-200
-231
-216
-230
-296
-298
-327
-328
-309
-314
-361
-405
-378
-323
-320
-360
-338
-282
-215
-250
-315
-284
-226
-129
-73
-73
-30
23
61
68
64
80
119
176
212
233
236
239
225
182
154
128
134
138
117
114
95
80
47
-11
-41
-64
-72
-70
-72
-78
-93
-106
-105
-107
-109
-107
-107
-94
-93
-73
-38
-30
-23
-4
42
58
55
69
91
112
132
166
196
235
233
235
267
280
291
281
294
323
370
437
476
454
408
410
422
414
368
375
436
486
484
428
389
339
305
289
284
274
267
277
250
188
109
61
21
-14
-39
-37
-17
-44
-70
-105
-126
-150
-183
-178
-191
-184
-189
-172
-167
-203
-187
-195
-193
-201
-222
-218
-213
-195
-189
-180
-175
-210
-254
-290
-311
-328
-354
-356
-358
-363
-388
-429
-484
-557
-621
-597
-533
-476
-462
-462
-409
-369
-361
-400
-394
-330
-212
-100
-10
57
76
135
185
208
204
205
250
311
336
339
338
329
286
192
145
109
69
9
-25
-16
-28
-51
-108
-147
-190
-219
-220
-240
-232
-216
-189
-156
-139
-118
-89
-70
-77
-61
-24
30
58
74
104
142
174
176
166
156
144
144
178
207
213
210
201
207
206
197
204
212
248
298
322
352
370
376
383
390
406
441
476
480
491
509
518
532
516
475
427
397
393
379
320
244
205
188
153
72
0
-53
-94
-127
-165
-175
-187
-198
-195
-194
-195
-203
-225
-242
-235
-201
-153
-103
-88
-79
-70
-95
-110
-118
-118
-125
-135
-116
-149
-206
-277
-352
-396
-455
-490
-515
-553
-624
-703
-720
-715
-698
-701
-661
-568
-490
-444
-466
-433
-367
-244
-117
-43
45
113
238
295
293
296
319
378
374
367
346
326
278
195
126
71
9
-69
-143
-203
-213
-235
-263
-277
-303
-288
-264
-259
-267
-246
-199
-130
-87
-55
16
83
144
173
215
250
273
289
275
271
277
300
292
255
231
202
159
99
50
40
42
28
22
23
24
17
13
30
65
128
206
297
404
491
544
553
552
573
599
609
615
658
703
723
669
564
475
391
305
251
178
98
50
-18
-74
-162
-225
-255
-300
-312
-328
-308
-274
-239
-184
-107
-31
13
45
55
56
64
80
116
151
177
193
167
128
64
-16
-101
-194
-265
-321
-386
-468
-546
-613
-664
-722
-803
-859
-915
-935
-926
-872
-789
-708
-576
-451
-320
-259
-223
-136
-23
91
150
232
335
431
495
507
478
438
391
334
252
139
54
12
-28
-120
-212
-285
-359
-450
-537
-554
-538
-518
-477
-399
-314
-238
-165
-85
-13
41
111
180
237
288
362
446
485
497
488
474
429
355
285
222
168
115
78
39
-15
-80
-121
-161
-212
-227
-210
-176
-149
-99
-13
72
154
207
320
454
591
727
779
831
818
800
762
700
673
650
646
588
504
381
257
132
14
-71
-154
-217
-286
-333
-370
-407
-417
-393
-355
-324
-285
-219
-141
-66
23
131
226
290
326
342
327
285
247
190
126
67
38
10
-46
-96
-162
-229
-328
-444
-532
-615
-660
-684
-679
-672
-697
-708
-725
-752
-791
-787
-725
-633
-513
-396
-253
-132
-34
41
65
111
158
200
232
261
308
347
377
363
322
262
202
124
33
-59
-149
-202
-270
-330
-378
-410
-419
-437
-436
-412
-354
-286
-211
-115
-30
59
138
213
264
304
343
369
398
405
417
406
367
326
284
257
206
141
68
21
-10
-54
-92
-133
-150
-144
-125
-100
-62
-7
51
124
190
272
355
409
470
533
613
712
797
847
859
831
774
688
573
463
379
319
258
184
110
33
-39
-91
-146
-200
-242
-260
-284
-300
-289
-248
-186
-146
-90
-27
37
84
93
108
126
156
161
157
137
101
68
16
-47
-136
-204
-256
-298
-324
-345
-324
-326
-350
-378
-399
-419
-461
-506
-553
-571
-581
-586
-605
-646
-701
-722
-660
-587
-536
-445
-275
-102
-54
-73
-65
-5
47
66
115
170
244
281
306
305
269
245
208
147
27
-50
-100
-166
-266
-351
-367
-378
-402
-442
-420
-367
-284
-192
-111
-21
67
179
237
242
257
317
377
376
361
393
432
414
359
306
274
230
166
101
39
18
19
10
-23
-33
-6
14
14
27
108
189
240
285
357
449
515
577
633
701
785
852
876
843
787
722
628
501
384
313
259
176
82
3
-58
-98
-139
-174
-206
-231
-237
-238
-241
-244
-232
-200
-163
-135
-100
-62
-39
-21
9
31
28
21
10
-19
-84
-157
-207
-258
-307
-348
-342
-328
-330
-321
-287
-243
-238
-270
-304
-317
-336
-370
-410
-452
-488
-509
-539
-615
-707
-782
-793
-784
-776
-712
-547
-336
-188
-116
-82
-31
32
78
99
137
210
291
339
343
320
303
286
232
137
26
-68
-166
-283
-423
-525
-567
-580
-569
-535
-461
-364
-245
-132
-13
110
229
339
402
448
485
520
537
519
493
487
495
464
403
334
280
214
135
56
-19
-59
-72
-86
-104
-99
-52
45
137
222
314
407
506
582
656
706
746
785
817
834
846
888
915
894
824
735
640
502
330
162
49
-8
-57
-102
-119
-110
-89
-74
-82
-89
-79
-67
-73
-91
-95
-70
-28
-12
-9
16
41
19
-32
-84
-128
-165
-198
-232
-278
-323
-348
-363
-399
-444
-444
-410
-379
-350
-305
-244
-195
-193
-212
-232
-267
-319
-391
-486
-569
-617
-662
-731
-811
-890
-945
-939
-895
-800
-661
-494
-311
-159
-51
7
102
210
281
309
300
314
328
311
252
190
128
62
-12
-102
-216
-328
-425
-527
-639
-725
-744
-710
-647
-561
-414
-224
-12
182
344
474
564
617
620
600
562
529
481
419
362
324
291
237
172
103
35
-33
-85
-125
-150
-149
-116
-67
-13
63
182
329
469
600
723
839
931
981
997
981
955
927
884
855
816
771
732
663
562
442
327
198
87
-4
-86
-129
-124
-95
-48
12
68
131
187
209
207
190
140
83
41
-11
-57
-85
-112
-135
-162
-197
-232
-281
-339
-393
-429
-475
-518
-532
-539
-530
-494
-442
-377
-302
-231
-164
-106
-101
-148
-200
-258
-325
-424
-540
-641
-716
-769
-843
-923
-994
-1014
-948
-850
-759
-643
-457
-246
-98
-34
35
178
328
387
360
349
370
346
251
116
9
-61
-114
-190
-306
-425
-484
-495
-558
-679
-757
-721
-627
-559
-499
-368
-135
109
301
458
599
724
782
764
682
575
463
343
217
77
-24
-63
-57
-69
-105
-112
-80
-47
-51
-63
-39
25
94
162
247
362
510
663
792
903
1001
1085
1146
1148
1082
986
910
870
816
725
638
582
528
442
340
266
227
208
173
127
92
82
127
195
240
260
296
348
375
346
271
196
135
64
-25
-123
-199
-250
-291
-334
-375
-382
-374
-379
-411
-448
-468
-473
-472
-480
-496
-481
-423
-344
-269
-220
-166
-100
-71
-112
-199
-286
-377
-495
-641
-795
-918
-996
-1052
-1116
-1143
-1077
-917
-721
-525
-327
-139
3
78
135
209
264
283
296
314
286
204
117
49
-25
-132
-246
-338
-413
-512
-604
-662
-721
-776
-803
-768
-697
-607
-471
-286
-66
144
338
525
668
746
763
735
661
544
386
219
70
-64
-182
-274
-325
-336
-315
-260
-195
-135
-59
31
127
196
239
298
377
463
556
674
810
940
1040
1115
1171
1184
1149
1072
973
864
750
635
528
455
418
398
373
323
302
328
321
277
247
254
288
329
357
370
395
424
433
408
345
264
196
113
-12
-130
-213
-270
-316
-361
-387
-390
-384
-393
-418
-451
-485
-499
-505
-517
-525
-518
-490
-443
-397
-366
-315
-240
-197
-207
-251
-306
-364
-458
-621
-798
-942
-1076
-1213
-1273
-1198
-1008
-764
-505
-232
6
176
278
342
358
312
268
227
146
3
-127
-177
-205
-248
-301
-316
-315
-338
-375
-420
-475
-550
-581
-566
-555
-560
-510
-350
-143
37
210
419
600
683
695
678
605
455
274
98
-64
-229
-357
-409
-428
-432
-397
-287
-151
-45
53
159
270
337
362
382
404
425
462
537
627
702
762
825
886
921
931
925
923
917
878
808
728
656
583
510
444
421
446
483
490
460
421
391
400
418
400
350
333
366
392
367
311
276
260
227
161
80
-1
-78
-142
-192
-229
-257
-276
-294
-331
-371
-408
-458
-543
-637
-696
-709
-706
-705
-674
-596
-490
-398
-328
-280
-257
-263
-306
-380
-487
-635
-821
-1016
-1182
-1247
-1170
-1000
-807
-591
-318
-46
140
220
285
392
448
379
231
71
-90
-242
-359
-447
-495
-470
-364
-260
-241
-274
-255
-211
-261
-382
-475
-508
-531
-539
-482
-349
-165
40
253
437
556
640
697
655
491
288
117
-41
-234
-414
-503
-503
-475
-437
-357
-233
-97
44
165
247
305
360
405
412
384
376
427
508
575
624
694
790
877
940
1003
1076
1111
1065
963
848
732
624
519
451
436
433
418
391
378
392
447
482
459
430
430
446
430
367
296
278
298
298
262
208
163
137
129
79
-2
-78
-130
-170
-241
-336
-413
-458
-503
-550
-582
-596
-607
-616
-615
-589
-548
-503
-456
-434
-428
-419
-388
-395
-481
-614
-753
-897
-1040
-1091
-1040
-928
-777
-575
-345
-169
-41
95
254
351
374
369
299
123
-111
-286
-408
-533
-634
-652
-599
-537
-457
-360
-303
-301
-300
-278
-319
-425
-508
-512
-467
-391
-251
-75
92
249
411
544
589
559
491
374
195
-7
-175
-320
-451
-527
-517
-444
-338
-207
-62
70
165
253
324
357
357
344
333
332
360
419
501
586
680
789
881
948
1010
1092
1155
1128
1024
909
816
719
616
533
507
531
538
512
467
437
459
509
513
451
424
444
444
385
285
219
220
244
217
157
101
87
120
137
91
31
20
8
-65
-182
-278
-337
-408
-509
-592
-630
-636
-624
-603
-584
-559
-519
-489
-502
-551
-575
-572
-604
-716
-870
-995
-1035
-983
-870
-716
-511
-284
-122
-38
16
94
171
203
228
237
177
17
-159
-301
-416
-488
-531
-566
-607
-603
-551
-515
-535
-561
-495
-402
-385
-436
-464
-426
-346
-241
-163
-105
-32
81
203
241
206
169
158
114
15
-92
-185
-263
-336
-377
-384
-366
-305
-209
-85
27
130
216
268
290
298
313
312
304
301
328
398
491
599
689
783
912
1071
1203
1240
1198
1120
1035
921
782
665
604
607
624
628
626
639
678
724
742
704
665
640
574
447
311
224
195
197
186
163
155
163
192
205
175
127
106
98
51
-36
-133
-217
-302
-388
-451
-485
-506
-527
-542
-561
-577
-571
-558
-581
-634
-657
-639
-648
-744
-898
-1034
-1087
-1030
-880
-686
-497
-309
-133
3
70
102
144
187
211
181
62
-138
-320
-427
-495
-579
-657
-641
-539
-442
-417
-442
-464
-460
-433
-444
-515
-595
-618
-579
-510
-435
-347
-227
-97
11
88
121
97
26
-60
-165
-276
-359
-415
-452
-471
-434
-349
-265
-191
-98
37
149
196
200
193
190
187
183
171
169
191
258
356
454
550
656
773
899
1021
1110
1155
1162
1132
1046
920
811
749
734
706
678
678
694
731
792
829
810
801
823
822
759
654
554
491
445
384
339
312
302
308
311
289
269
266
250
217
164
103
31
-47
-141
-235
-289
-324
-342
-383
-439
-455
-435
-427
-453
-491
-538
-592
-647
-749
-900
-1039
-1064
-933
-721
-500
-307
-149
-43
59
133
144
101
77
86
-2
-190
-402
-532
-615
-680
-717
-754
-737
-643
-515
-489
-542
-555
-478
-409
-450
-532
-570
-511
-414
-340
-318
-312
-252
-172
-139
-190
-271
-318
-368
-462
-579
-657
-690
-699
-678
-629
-549
-447
-338
-239
-159
-53
72
157
150
115
121
142
132
86
73
107
179
265
342
409
505
689
889
974
938
907
927
910
790
644
579
602
637
635
620
627
694
818
908
906
889
921
918
815
666
557
521
513
474
415
398
450
540
591
566
526
531
523
445
309
185
105
43
-30
-116
-164
-159
-121
-95
-107
-124
-124
-114
-141
-213
-311
-412
-508
-645
-784
-843
-753
-542
-313
-119
54
218
333
345
284
211
181
176
86
-150
-443
-618
-668
-724
-827
-889
-829
-707
-615
-605
-655
-676
-616
-527
-527
-612
-662
-597
-465
-363
-309
-268
-205
-139
-115
-164
-277
-414
-555
-711
-879
-1006
-1076
-1116
-1123
-1067
-926
-746
-560
-376
-213
-76
30
106
115
53
-10
-29
-24
-43
-62
-52
7
97
193
292
390
539
709
816
818
781
769
736
657
553
496
495
498
480
452
463
536
664
749
771
823
924
983
911
772
655
595
548
460
355
285
315
421
521
560
598
681
745
725
630
516
406
289
163
35
-80
-150
-162
-140
-121
-90
-27
46
88
96
74
-3
-134
-316
-481
-557
-492
-277
-29
168
308
469
642
678
592
513
566
612
462
140
-192
-390
-539
-675
-817
-910
-859
-702
-569
-619
-695
-638
-490
-429
-520
-614
-629
-548
-453
-391
-354
-297
-176
-96
-112
-210
-307
-411
-583
-797
-997
-1132
-1236
-1311
-1334
-1281
-1147
-978
-805
-646
-461
-264
-119
-61
-77
-96
-103
-100
-114
-140
-139
-99
-14
44
79
128
250
425
548
582
561
563
577
550
482
442
460
463
404
316
268
273
308
326
328
379
516
669
732
690
646
671
714
686
555
403
324
335
360
343
310
327
419
521
572
558
528
493
430
325
199
93
-2
-76
-133
-174
-193
-166
-84
14
93
141
149
88
-40
-154
-158
-34
160
320
414
490
601
696
676
603
612
744
778
605
339
126
-20
-184
-350
-538
-653
-626
-530
-539
-692
-755
-629
-441
-392
-441
-452
-369
-199
-66
-23
-50
-45
-17
-70
-237
-441
-587
-721
-883
-1042
-1143
-1178
-1181
-1150
-1103
-1031
-943
-857
-782
-722
-645
-550
-474
-439
-410
-327
-222
-137
-100
-64
-3
49
56
-2
-64
-48
65
157
161
159
235
345
389
393
443
555
630
607
494
335
207
158
105
2
-46
42
189
277
310
353
463
589
652
609
506
422
366
314
228
164
171
222
279
325
367
399
416
389
333
267
184
95
0
-75
-127
-146
-131
-90
-18
60
120
126
79
8
-13
87
310
562
711
777
847
944
924
761
610
614
730
745
610
409
299
290
257
119
-77
-150
-104
-83
-227
-456
-585
-573
-501
-490
-507
-477
-327
-101
79
190
265
327
303
175
-15
-237
-464
-710
-952
-1144
-1236
-1235
-1213
-1185
-1113
-970
-835
-768
-745
-726
-689
-654
-611
-573
-532
-458
-343
-201
-96
-20
23
50
47
-16
-103
-161
-148
-140
-156
-153
-96
-19
24
89
226
415
557
592
529
414
338
305
228
84
-24
-23
19
27
-13
-35
16
129
229
249
224
222
263
286
268
245
233
231
220
209
194
172
134
79
35
11
-10
-51
-98
-104
-77
-51
-37
-27
-3
30
53
31
-39
-124
-158
-67
162
477
755
942
1066
1144
1112
942
768
701
723
721
643
524
427
401
394
362
272
193
193
206
130
-44
-176
-229
-238
-236
-225
-188
-139
-33
99
217
297
342
345
250
115
-22
-151
-321
-532
-703
-819
-874
-917
-966
-1004
-1011
-978
-953
-928
-895
-823
-721
-606
-479
-365
-260
-174
-87
-25
-4
-17
-56
-107
-186
-243
-216
-130
-107
-163
-195
-163
-129
-152
-176
-119
33
192
275
274
223
223
288
314
249
195
219
229
165
47
-61
-106
-93
-75
-107
-159
-160
-78
17
66
118
195
257
264
235
190
126
54
-38
-128
-198
-240
-273
-296
-286
-242
-184
-157
-152
-136
-109
-110
-151
-201
-247
-266
-222
-88
156
494
805
977
1017
1008
957
819
652
581
649
695
611
493
434
420
406
395
314
209
211
275
231
46
-64
-14
89
141
136
143
175
280
395
439
412
381
362
264
120
-4
-81
-178
-316
-426
-506
-575
-660
-741
-820
-871
-878
-862
-839
-812
-723
-583
-447
-342
-255
-153
-58
12
28
-1
-44
-96
-165
-251
-321
-358
-348
-276
-152
-38
1
-14
-40
-70
-115
-140
-95
4
88
112
108
85
87
145
208
210
175
174
169
120
31
-61
-132
-177
-175
-156
-134
-111
-45
57
140
193
221
221
174
99
0
-108
-207
-292
-348
-359
-327
-270
-214
-179
-170
-170
-175
-202
-238
-283
-310
-310
-307
-333
-367
-323
-128
233
624
850
864
794
739
662
519
398
439
599
707
667
562
468
409
374
307
172
62
89
167
146
55
54
157
254
273
238
222
268
374
449
446
407
393
400
372
296
192
73
-64
-209
-355
-486
-581
-637
-674
-696
-681
-637
-590
-552
-485
-376
-252
-155
-90
-44
-7
29
46
20
-38
-91
-129
-171
-223
-255
-242
-170
-49
63
110
108
119
108
41
-64
-113
-72
14
96
161
189
170
177
209
189
93
5
-27
-67
-123
-184
-205
-169
-89
-4
35
41
51
82
78
32
-12
-36
-67
-131
-197
-241
-267
-295
-321
-344
-341
-316
-285
-281
-312
-330
-300
-254
-268
-314
-345
-333
-307
-318
-369
-461
-505
-426
-180
149
456
651
684
607
469
340
246
266
409
583
670
644
585
500
404
301
206
118
74
115
165
158
107
111
157
187
190
174
163
175
238
330
403
441
462
462
420
320
180
21
-149
-297
-394
-442
-457
-453
-425
-385
-363
-354
-342
-321
-296
-249
-176
-116
-73
-27
14
26
-5
-54
-101
-139
-159
-169
-173
-160
-112
-48
7
99
254
411
445
342
198
79
5
-11
63
196
316
372
343
238
109
16
-59
-142
-208
-186
-74
53
119
109
99
128
173
166
59
-89
-190
-200
-186
-194
-204
-200
-178
-177
-213
-289
-379
-433
-436
-402
-380
-355
-311
-266
-258
-302
-353
-385
-370
-320
-274
-248
-233
-234
-306
-469
-627
-668
-541
-309
-53
201
405
510
464
336
208
158
246
460
681
771
742
651
552
437
330
242
155
114
138
217
253
221
168
152
143
84
-14
-102
-113
-29
118
244
310
327
324
308
221
67
-90
-184
-211
-182
-87
16
63
36
-30
-136
-275
-397
-451
-449
-436
-378
-278
-177
-120
-107
-132
-194
-224
-193
-119
-41
53
181
303
393
449
480
462
410
391
401
390
328
266
243
242
245
257
270
252
214
181
139
69
22
60
159
255
316
345
347
309
220
83
-81
-220
-301
-328
-344
-349
-298
-190
-93
-76
-143
-253
-355
-428
-488
-535
-558
-516
-409
-290
-218
-203
-212
-231
-270
-341
-409
-432
-404
-355
-351
-395
-460
-493
-524
-595
-659
-643
-493
-295
-94
81
216
280
272
276
297
377
496
658
778
794
746
654
541
374
251
201
208
234
247
252
182
58
-95
-245
-396
-520
-550
-487
-342
-144
78
265
360
378
355
309
239
176
152
146
146
161
175
140
35
-106
-261
-432
-594
-691
-708
-663
-563
-428
-294
-199
-139
-96
-59
-3
86
216
355
475
567
615
606
533
423
294
193
158
225
364
494
603
658
659
568
415
252
114
64
103
217
311
346
351
356
365
326
230
81
-66
-179
-232
-235
-198
-141
-77
-33
-50
-121
-216
-293
-352
-356
-326
-294
-287
-271
-230
-220
-260
-325
-359
-359
-334
-306
-290
-280
-265
-251
-270
-301
-301
-276
-265
-289
-326
-391
-474
-535
-570
-590
-598
-537
-374
-167
23
163
224
203
105
14
-30
16
197
465
725
828
769
580
330
85
-94
-149
-114
-25
67
128
116
12
-140
-282
-368
-404
-393
-330
-242
-133
6
168
285
295
225
129
45
-39
-121
-170
-172
-133
-80
-58
-87
-137
-167
-150
-100
-28
60
146
220
261
250
185
83
-16
-73
-69
-18
43
97
149
205
268
322
340
330
327
372
444
501
541
567
563
530
473
408
332
275
266
293
327
343
340
308
232
124
19
-59
-100
-109
-95
-73
-48
-25
-21
-59
-132
-203
-222
-198
-162
-138
-120
-106
-99
-97
-117
-161
-213
-222
-179
-127
-104
-91
-52
2
46
62
47
-8
-68
-110
-148
-208
-286
-337
-345
-315
-279
-273
-292
-317
-337
-344
-352
-361
-388
-401
-358
-298
-259
-265
-288
-311
-329
-299
-237
-177
-138
-92
-44
-48
-105
-174
-203
-177
-110
-33
29
89
152
212
246
236
185
120
73
36
-14
-66
-68
-10
68
133
184
218
237
251
261
245
204
176
183
214
248
263
249
197
128
69
21
-8
-14
12
62
115
168
198
192
160
124
98
60
8
-34
-46
-29
4
42
68
86
109
138
157
152
139
135
148
159
162
179
208
246
286
321
331
311
290
288
291
292
295
308
314
284
223
167
133
105
66
21
-19
-49
-59
-52
-50
-55
-43
-9
14
9
-12
-40
-77
-115
-142
-156
-166
-172
-179
-190
-211
-235
-260
-284
-304
-311
-300
-295
-302
-307
-310
-319
-347
-377
-393
-398
-400
-412
-438
-475
-489
-448
-384
-336
-333
-330
-321
-324
-330
-341
-328
-290
-210
-127
-100
-115
-133
-114
-70
-34
-25
-31
2
83
174
243
280
298
313
341
363
327
266
223
220
221
205
178
139
108
97
107
104
84
97
150
210
240
251
258
262
280
290
264
200
132
100
89
87
79
69
61
52
44
17
-30
-87
-119
-109
-83
-75
-89
-98
-84
-57
-30
-7
18
60
115
167
191
186
183
207
248
281
301
329
354
369
363
326
264
215
208
225
239
245
248
245
221
179
120
62
15
-13
-27
-35
-27
-14
-16
-37
-63
-81
-93
-104
-108
-112
-119
-127
-135
-133
-139
-163
-201
-237
-266
-296
-314
-312
-307
-302
-301
-295
-296
-314
-345
-378
-407
-428
-448
-474
-498
-510
-484
-448
-424
-424
-422
-416
-419
-419
-420
-411
-382
-301
-185
-86
-12
53
135
219
284
307
281
244
214
189
157
139
146
175
218
256
268
238
193
158
145
144
151
168
198
244
289
318
323
319
312
296
283
274
254
224
201
185
172
161
152
141
131
120
106
80
47
4
-41
-80
-105
-110
-103
-93
-94
-100
-100
-103
-103
-95
-68
-31
8
49
75
91
101
111
118
127
146
184
231
281
322
342
352
343
306
248
190
161
154
171
190
192
171
140
108
64
26
-3
-16
-16
-7
8
16
25
31
29
3
-41
-90
-135
-160
-171
-168
-155
-138
-124
-119
-124
-142
-170
-213
-260
-292
-301
-289
-270
-254
-263
-291
-329
-384
-439
-486
-517
-527
-517
-491
-463
-425
-360
-292
-253
-259
-278
-309
-341
-348
-323
-269
-204
-115
-23
39
72
93
99
85
71
77
97
125
163
196
217
226
229
231
226
230
229
222
221
236
263
278
285
284
288
307
324
330
313
295
279
253
221
191
179
171
167
163
145
126
120
135
140
121
84
30
-21
-60
-83
-99
-115
-119
-111
-95
-84
-77
-80
-89
-96
-90
-82
-77
-67
-49
-27
-9
11
48
98
149
175
183
185
190
198
209
215
201
183
171
169
175
185
198
203
199
187
164
128
93
68
56
46
33
14
-10
-34
-59
-79
-89
-91
-91
-92
-83
-80
-90
-108
-123
-141
-166
-190
-217
-239
-245
-239
-241
-251
-262
-267
-263
-257
-263
-293
-334
-368
-380
-366
-346
-330
-315
-289
-258
-239
-235
-243
-252
-263
-269
-265
-249
-228
-204
-179
-161
-150
-134
-111
-86
-71
-59
-49
-45
-37
-4
54
124
201
268
308
327
333
320
276
215
171
156
164
180
186
191
212
254
294
316
322
320
315
306
288
257
222
198
186
170
151
141
135
132
128
121
103
65
31
11
3
2
10
10
-3
-10
-10
-7
-22
-36
-42
-30
-16
-15
-28
-58
-83
-101
-104
-98
-95
-94
-83
-61
-32
7
37
55
63
61
62
60
67
86
106
130
152
160
149
134
121
111
100
103
109
106
103
101
92
76
61
46
30
19
3
-22
-46
-68
-86
-108
-130
-143
-143
-136
-126
-119
-113
-104
-89
-76
-76
-87
-98
-105
-103
-102
-107
-111
-101
-89
-89
-115
-160
-204
-238
-255
-266
-271
-266
-259
-257
-261
-267
-274
-280
-277
-261
-234
-214
-209
-217
-216
-213
-215
-214
-203
-173
-122
-54
10
43
57
84
126
162
186
197
213
241
281
307
311
310
316
319
315
301
282
275
287
299
296
285
280
287
298
303
293
282
281
298
307
296
270
236
206
185
165
132
85
46
30
29
20
-7
-52
-105
-145
-181
-217
-254
-277
-276
-261
-252
-250
-254
-253
-250
-247
-253
-266
-268
-258
-247
-238
-227
-196
-139
-69
-6
36
55
62
62
57
51
52
64
86
115
136
148
160
174
188
195
195
186
169
151
140
137
144
158
173
192
207
203
178
137
93
56
32
17
-4
-24
-36
-39
-46
-68
-101
-130
-147
-159
-176
-195
-204
-201
-201
-212
-232
-248
-258
-266
-279
-299
-323
-339
-338
-323
-299
-274
-250
-231
-232
-250
-273
-283
-282
-270
-255
-242
-225
-197
-167
-139
-106
-71
-44
-31
-22
-8
12
44
91
149
208
259
299
330
350
365
380
403
424
436
441
440
431
425
422
413
402
390
370
342
316
296
273
251
242
240
227
193
148
107
74
48
16
-22
-64
-99
-120
-139
-161
-186
-210
-237
-264
-286
-309
-324
-331
-327
-321
-324
-331
-342
-349
-346
-340
-335
-322
-293
-259
-229
-198
-176
-159
-129
-83
-37
-2
27
57
91
135
185
232
277
320
350
358
355
348
348
359
368
373
373
377
379
371
349
320
294
270
240
201
148
95
56
41
35
24
11
-6
-28
-51
-83
-125
-175
-214
-233
-237
-236
-244
-257
-266
-273
-282
-299
-314
-321
-320
-321
-325
-329
-324
-314
-306
-290
-272
-252
-232
-215
-194
-171
-147
-128
-106
-82
-55
-31
-16
-6
-2
6
15
26
45
67
90
100
105
115
135
155
166
185
211
240
270
283
280
265
262
268
266
263
265
274
279
278
266
245
229
218
199
160
123
95
70
45
16
-16
-46
-59
-65
-78
-102
-130
-148
-164
-175
-190
-212
-231
-239
-231
-233
-241
-250
-248
-241
-231
-223
-230
-244
-248
-244
-242
-239
-225
-214
-205
-184
-157
-137
-124
-102
-69
-26
27
71
92
104
120
140
153
167
188
219
256
285
301
303
311
332
349
359
362
361
357
347
328
295
261
243
244
252
249
232
199
161
127
95
62
30
8
-8
-23
-39
-59
-86
-110
-125
-136
-145
-153
-155
-151
-143
-136
-139
-150
-163
-170
-175
-183
-202
-222
-224
-208
-182
-164
-157
-152
-144
-134
-126
-118
-112
-104
-84
-58
-32
-14
-3
5
7
5
4
5
16
33
53
62
59
48
36
25
19
24
32
44
59
64
63
54
47
46
51
64
73
76
73
63
47
28
21
25
35
36
30
18
-3
-23
-49
-69
-84
-95
-103
-119
-134
-151
-173
-198
-222
-241
-251
-251
-243
-232
-224
-216
-210
-204
-199
-198
-199
-203
-210
-216
-214
-204
-190
-172
-151
-124
-96
-73
-62
-54
-44
-32
-15
-2
14
36
74
120
148
162
176
201
226
244
254
261
266
278
286
283
284
298
324
354
384
400
404
405
406
403
388
365
341
326
313
295
268
237
212
189
163
128
91
63
39
22
8
-10
-31
-47
-61
-77
-97
-115
-131
-137
-132
-124
-123
-127
-129
-131
-132
-137
-145
-154
-158
-157
-151
-147
-144
-138
-127
-117
-114
-113
-111
-104
-91
-76
-61
-44
-26
-15
-10
-10
-15
-19
-17
-8
3
14
22
24
22
21
12
-11
-40
-65
-89
-107
-119
-124
-126
-123
-119
-117
-121
-132
-138
-140
-139
-133
-132
-139
-148
-150
-150
-153
-153
-158
-162
-161
-160
-168
-185
-196
-200
-202
-194
-182
-171
-164
-150
-136
-126
-117
-103
-87
-71
-52
-32
-17
-3
12
22
21
14
10
10
14
18
29
48
74
106
134
152
162
169
171
177
187
201
215
232
254
278
293
302
310
317
330
342
351
352
350
356
366
375
380
379
373
365
360
348
332
313
300
294
287
275
256
232
209
190
171
148
124
96
68
42
14
-15
-37
-52
-58
-61
-67
-81
-101
-124
-144
-166
-188
-203
-206
-199
-190
-184
-174
-164
-155
-152
-153
-159
-166
-168
-168
-166
-164
-160
-156
-157
-157
-159
-167
-171
-169
-161
-149
-142
-140
-137
-131
-126
-125
-124
-121
-117
-114
-113
-117
-125
-130
-136
-140
-143
-147
-161
-181
-200
-218
-232
-247
-258
-265
-270
-273
-277
-277
-271
-263
-257
-261
-266
-266
-263
-260
-257
-254
-247
-235
-215
-195
-177
-159
-135
-105
-70
-38
-18
-5
4
14
21
23
29
44
68
93
117
133
143
154
168
185
194
202
214
227
243
258
267
273
280
291
305
316
322
327
333
343
352
353
347
342
339
341
339
331
320
313
313
317
319
315
305
295
286
277
266
250
237
228
216
199
185
169
160
151
144
137
129
121
111
99
84
69
52
28
9
-4
-17
-29
-43
-48
-53
-57
-65
-80
-94
-107
-121
-133
-143
-150
-152
-155
-160
-164
-166
-173
-182
-192
-199
-203
-207
-215
-224
-231
-235
-236
-236
-234
-231
-230
-231
-228
-226
-228
-229
-231
-227
-221
-213
-210
-212
-209
-208
-208
-214
-222
-225
-226
-222
-221
-221
-222
-222
-216
-211
-210
-205
-201
-196
-191
-187
-185
-184
-183
-179
-172
-163
-156
-145
-132
-116
-98
-80
-62
-47
-38
-29
-18
-8
2
17
35
54
76
93
111
126
140
154
164
175
188
201
212
222
232
243
252
260
269
278
287
295
305
314
323
330
338
348
355
364
373
378
377
374
370
365
359
349
341
335
330
323
316
300
282
264
249
232
214
198
182
168
158
146
134
119
106
93
86
77
66
58
46
38
28
16
4
-8
-22
-37
-50
-63
-78
-91
-103
-112
-122
-131
-141
-149
-158
-169
-183
-199
-210
-216
-223
-231
-238
-240
-239
-238
-238
-244
-252
-260
-265
-267
-270
-276
-281
-278
-270
-262
-256
-252
-252
-255
-264
-273
-285
-289
-287
-279
-269
-260
-251
-244
-240
-237
-236
-235
-232
-224
-212
-199
-183
-167
-156
-148
-144
-137
-127
-115
-105
-96
-82
-69
-56
-43
-32
-19
-11
-5
0
6
12
18
29
41
52
64
72
78
84
90
98
105
118
132
147
164
176
184
187
190
198
205
214
224
231
238
243
247
249
250
248
249
253
257
260
262
267
270
268
264
259
257
257
256
257
260
263
262
260
254
246
236
228
221
214
202
187
174
161
148
132
115
104
97
91
83
71
61
45
23
3
-17
-31
-44
-57
-66
-72
-75
-80
-88
-102
-117
-133
-147
-160
-169
-175
-180
-185
-186
-185
-186
-188
-192
-197
-198
-197
-197
-198
-197
-197
-193
-194
-199
-201
-201
-200
-198
-193
-182
-173
-171
-169
-168
-166
-165
-164
-164
-162
-157
-154
-151
-142
-134
-131
-129
-127
-123
-119
-116
-113
-109
-99
-93
-90
-86
-84
-83
-82
-81
-77
-71
-65
-57
-45
-36
-26
-21
-16
-7
-1
4
12
22
30
41
49
52
56
63
70
83
93
107
120
132
145
151
154
159
166
174
180
188
197
204
208
207
209
212
212
217
226
232
234
231
226
222
215
203
189
171
160
151
142
135
134
131
123
115
105
95
83
73
65
58
56
55
50
46
44
39
28
16
8
1
-6
-15
-22
-27
-30
-32
-34
-35
-37
-40
-43
-47
-51
-57
-64
-70
-74
-75
-74
-73
-70
-68
-68
-73
-81
-91
-97
-99
-100
-101
-101
-98
-96
-93
-92
-95
-102
-106
-110
-112
-110
-107
-103
-101
-98
-97
-98
-99
-99
-103
-106
-108
-110
-111
-112
-112
-111
-110
-111
-107
-98
-89
-83
-77
-72
-66
-60
-58
-54
-52
-51
-46
-39
-32
-25
-21
-17
-15
-16
-15
-14
-10
-7
1
9
17
27
38
45
49
53
52
53
56
60
64
71
79
87
95
101
104
108
109
107
104
103
104
105
104
102
100
100
99
98
95
93
89
83
76
68
62
57
49
44
41
38
37
36
31
27
20
12
4
-1
-7
-12
-14
-14
-13
-15
-15
-18
-22
-27
-33
-36
-39
-37
-33
-30
-26
-20
-16
-12
-12
-14
-15
-17
-19
-20
-20
-19
-16
-11
-8
-4
-1
0
-1
-5
-6
-9
-15
-17
-18
-16
-14
-13
-10
-9
-11
-14
-20
-27
-33
-38
-42
-43
-41
-39
-39
-39
-39
-41
-45
-49
-53
-57
-59
-57
-54
-53
-50
-44
-41
-38
-36
-34
-33
-32
-28
-23
-20
-16
-7
1
8
16
21
26
32
36
39
41
46
49
54
61
66
69
72
72
73
75
73
69
68
65
62
60
58
56
54
53
54
52
52
50
47
44
41
37
31
26
24
22
20
20
20
18
16
12
10
8
4
1
-1
-3
-7
-12
-18
-26
-30
-36
-44
-53
-58
-60
-62
-63
-67
-69
-71
-74
-77
-81
-86
-89
-92
-94
-93
-92
-89
-85
-82
-76
-71
-66
-64
-60
-58
-56
-50
-46
-41
-34
-26
-19
-12
-4
1
8
12
16
18
22
29
34
41
46
52
56
60
64
66
67
66
66
65
64
64
62
61
60
59
56
54
49
45
40
35
30
27
23
23
23
23
23
20
17
13
7
2
-5
-9
-10
-7
-2
1
2
7
10
12
12
11
12
11
11
16
21
28
35
42
48
53
59
64
64
67
68
72
77
82
85
85
78
76
77
77
74
70
64
61
61
59
58
53
47
40
34
27
22
17
9
0
-8
-15
-22
-26
-32
-40
-51
-63
-71
-76
-82
-88
-96
-102
-109
-118
-125
-132
-139
-145
-151
-154
-158
-159
-159
-160
-159
-160
-161
-161
-161
-157
-155
-154
-151
-146
-142
-137
-132
-124
-117
-109
-101
-94
-85
-74
-65
-56
-46
-37
-26
-17
-7
2
9
17
24
34
43
51
58
65
68
71
72
76
79
82
87
91
94
99
103
106
107
108
109
104
102
102
98
95
94
93
93
91
89
87
84
80
75
69
66
61
59
57
56
54
52
49
48
45
40
40
38
37
38
39
40
44
46
50
55
56
55
56
56
57
56
60
62
63
65
70
71
72
73
71
69
65
61
59
55
55
54
55
54
50
48
46
40
34
29
23
17
9
2
-5
-15
-26
-34
-42
-52
-59
-66
-73
-81
-89
-98
-107
-115
-123
-132
-138
-145
-148
-152
-158
-163
-168
-174
-179
-183
-185
-187
-188
-186
-184
-181
-178
-177
-173
-171
-167
-164
-160
-155
-148
-139
-128
-117
-107
-96
-86
-77
-68
-59
-52
-44
-35
-26
-15
-4
8
18
29
42
53
61
69
76
82
87
92
97
102
110
115
122
128
133
134
136
136
134
134
132
132
133
132
130
127
126
125
121
119
117
114
109
105
102
98
95
93
90
88
84
80
77
73
71
68
67
66
64
63
62
59
57
56
54
52
51
51
48
45
45
45
46
48
47
46
46
46
46
45
45
44
44
42
41
39
38
36
33
27
23
18
13
10
6
3
-2
-6
-12
-19
-27
-35
-44
-53
-59
-66
-73
-78
-83
-89
-94
-99
-106
-115
-120
-126
-134
-139
-143
-147
-150
-153
-157
-160
-161
-164
-165
-167
-168
-167
-168
-169
-168
-167
-162
-159
-155
-149
-143
-139
-133
-127
-120
-114
-107
-99
-92
-85
-77
-68
-60
-52
-43
-35
-26
-18
-10
-2
6
15
21
29
36
43
49
56
62
67
73
80
84
89
93
97
101
104
107
111
114
116
116
118
117
117
116
115
117
115
114
115
115
115
114
113
110
108
106
105
104
101
100
98
96
94
94
93
92
90
85
82
81
76
73
69
69
66
64
64
61
55
52
49
45
41
38
36
31
28
27
24
21
17
13
10
6
1
-3
-8
-11
-13
-17
-21
-23
-27
-29
-34
-36
-42
-46
-50
-55
-57
-59
-62
-65
-69
-72
-74
-79
-87
-90
-94
-97
-100
-102
-102
-103
-101
-100
-102
-104
-106
-107
-109
-112
-112
-112
-110
-107
-101
-99
-97
-97
-95
-95
-95
-94
-92
-90
-85
-79
-71
-66
-63
-57
-54
-49
-47
-44
-41
-37
-31
-26
-21
-16
-11
-6
-2
1
4
8
12
17
24
28
32
36
41
47
50
53
56
59
63
67
69
72
74
77
78
81
86
87
90
92
95
95
95
95
94
94
95
95
95
96
97
97
96
96
95
92
88
85
82
78
75
73
70
68
65
61
57
51
45
40
34
29
25
22
17
13
8
6
1
-3
-6
-10
-15
-18
-21
-25
-29
-30
-31
-33
-34
-34
-35
-39
-40
-42
-44
-46
-49
-49
-49
-47
-43
-40
-37
-34
-32
-31
-31
-32
-32
-34
-33
-30
-30
-25
-21
-17
-13
-11
-11
-13
-15
-18
-20
-22
-25
-24
-23
-23
-23
-22
-24
-26
-29
-34
-39
-42
-44
-45
-46
-47
-48
-49
-51
-56
-58
-59
-61
-62
-61
-60
-58
-54
-52
-50
-50
-51
-50
-49
-50
-49
-48
-46
-41
-34
-30
-23
-14
-6
2
7
10
13
15
22
27
32
42
49
51
48
50
55
64
75
80
83
89
92
90
81
80
85
93
103
107
103
98
97
93
84
81
83
86
84
81
70
54
47
45
39
29
27
27
23
17
10
3
-4
-6
-8
-14
-21
-26
-31
-36
-39
-37
-37
-41
-39
-39
-43
-50
-53
-51
-50
-52
-52
-53
-54
-53
-53
-54
-52
-48
-44
-42
-37
-32
-31
-29
-24
-21
-15
-9
-5
-1
1
6
9
11
15
18
20
22
22
21
21
20
19
18
17
18
18
16
13
9
5
4
-1
-2
-4
-4
-4
-8
-12
-15
-17
-19
-23
-26
-28
-30
-30
-33
-36
-38
-41
-42
-41
-42
-43
-44
-45
-43
-42
-39
-38
-37
-33
-30
-27
-24
-20
-15
-12
-8
-5
-1
5
9
10
15
17
21
26
29
31
32
34
37
39
41
42
42
42
42
41
42
40
39
39
40
39
36
36
34
32
29
25
22
19
17
14
9
5
2
-1
-6
-9
-13
-17
-20
-24
-28
-29
-32
-32
-33
-33
-35
-35
-35
-36
-35
-35
-34
-35
-34
-34
-33
-31
-30
-29
-25
-22
-19
-17
-16
-15
-11
-9
-5
-2
3
4
5
6
9
12
15
19
21
24
24
25
25
28
29
31
34
35
37
37
36
35
33
32
32
32
29
28
27
24
22
21
20
19
17
15
14
13
12
10
8
5
6
5
4
2
-1
0
-1
-2
-4
-5
-6
-6
-7
-8
-8
-9
-9
-9
-8
-8
-8
-7
-6
-6
-5
-4
-3
-2
-2
0
1
3
4
3
4
6
8
9
9
11
12
11
9
10
10
10
10
9
8
8
6
5
4
3
2
1
-1
0
-2
-3
-5
-5
-7
-7
-9
-10
-11
-12
-13
-14
-14
-15
-16
-17
-18
-21
-23
-26
-28
-29
-29
-28
-29
-28
-29
-28
-30
-31
-31
-31
-30
-31
-30
-27
-27
-26
-24
-23
-24
-20
-20
-18
-17
-18
-17
-14
-12
-12
-11
-10
-7
-5
-4
-3
-1
1
3
4
5
5
9
9
9
10
13
14
15
18
20
21
24
26
29
30
31
32
34
34
34
34
34
33
32
32
32
32
31
32
32
33
33
32
29
26
24
25
24
22
22
21
22
21
22
19
18
18
16
14
13
10
10
8
7
7
6
5
3
1
0
-2
-2
-4
-5
-8
-12
-13
-14
-16
-19
-21
-21
-23
-25
-26
-27
-29
-29
-28
-30
-31
-30
-30
-31
-32
-32
-31
-32
-33
-32
-32
-32
-32
-32
-33
-30
-30
-28
-30
-30
-29
-30
-30
-28
-28
-26
-23
-21
-19
-17
-16
-15
-13
-9
-7
-6
-5
-4
-2
-2
0
0
0
2
4
5
7
8
8
9
9
8
7
7
6
5
5
6
5
5
5
6
7
8
7
7
7
9
8
9
9
10
11
12
13
15
17
17
19
22
22
22
22
24
25
27
29
31
33
36
38
41
43
46
49
51
54
55
57
56
56
56
57
57
58
58
57
56
53
52
50
49
48
44
40
37
33
30
27
23
20
16
12
8
5
1
-2
-4
-10
-14
-17
-20
-23
-29
-32
-36
-39
-43
-48
-51
-52
-54
-58
-61
-63
-65
-66
-67
-68
-70
-72
-73
-73
-73
-73
-74
-73
-73
-71
-68
-68
-67
-66
-64
-61
-59
-59
-56
-54
-52
-48
-47
-43
-40
-39
-36
-31
-28
-25
-23
-20
-16
-13
-10
-7
-6
-2
2
5
6
9
12
14
17
21
22
24
25
27
30
33
33
35
37
37
38
39
40
41
43
44
44
45
44
44
45
43
43
43
42
42
41
41
41
41
41
43
43
43
43
42
43
44
45
46
47
45
46
47
47
48
50
50
51
53
53
52
53
52
52
52
53
54
54
52
52
51
50
49
47
47
45
43
40
38
34
31
28
25
20
15
10
6
-1
-6
-11
-15
-21
-27
-32
-36
-41
-46
-53
-59
-62
-66
-71
-76
-81
-85
-90
-95
-97
-99
-101
-104
-106
-108
-110
-109
-110
-110
-110
-110
-109
-107
-104
-101
-99
-96
-93
-89
-87
-83
-79
-76
-71
-66
-61
-55
-51
-47
-41
-37
-31
-27
-22
-17
-13
-9
-4
0
4
8
12
17
19
23
25
27
31
34
37
38
40
42
43
43
43
44
44
44
44
44
44
46
47
47
48
47
46
45
45
44
46
45
45
47
48
48
49
49
48
49
49
48
48
46
46
47
48
49
52
52
53
54
54
53
53
54
53
55
56
58
58
58
56
56
55
55
55
55
52
50
48
48
46
43
42
40
37
34
30
26
20
17
12
7
5
1
-3
-7
-11
-17
-22
-27
-31
-36
-41
-46
-52
-56
-60
-63
-67
-72
-75
-78
-83
-87
-91
-92
-96
-99
-100
-100
-101
-102
-102
-102
-102
-102
-100
-100
-98
-94
-94
-90
-88
-85
-83
-79
-76
-70
-66
-63
-58
-52
-46
-41
-37
-33
-28
-20
-15
-12
-7
-2
2
8
13
18
22
26
32
36
41
45
48
52
54
55
58
61
62
62
63
64
65
66
67
69
69
69
71
72
72
71
70
69
69
67
67
65
64
62
61
60
59
59
59
58
58
57
57
56
56
57
57
56
56
56
55
54
53
53
54
52
51
51
51
52
51
51
50
50
50
48
49
49
47
44
43
42
40
36
33
30
27
23
20
16
13
9
4
1
-3
-6
-11
-16
-20
-25
-30
-36
-42
-47
-52
-59
-65
-69
-74
-78
-83
-87
-90
-94
-98
-103
-103
-106
-108
-111
-112
-114
-116
-117
-118
-117
-116
-117
-117
-116
-114
-112
-111
-110
-107
-104
-99
-94
-92
-88
-84
-80
-75
-70
-65
-62
-57
-51
-45
-40
-36
-30
-26
-20
-16
-11
-5
-1
4
9
14
18
21
25
28
32
35
39
42
43
45
47
47
49
51
53
53
54
55
57
57
58
60
60
58
58
58
58
58
58
58
56
55
54
55
54
53
52
51
49
47
46
43
43
43
43
44
43
42
42
42
41
42
41
39
38
37
36
36
36
35
35
34
34
32
32
32
29
28
26
25
25
23
23
22
21
20
19
16
14
11
10
8
6
3
0
-2
-5
-8
-10
-13
-17
-20
-23
-27
-31
-34
-36
-39
-41
-45
-47
-50
-52
-57
-59
-62
-64
-67
-68
-69
-70
-70
-70
-71
-72
-73
-74
-74
-75
-73
-72
-71
-69
-65
-64
-62
-60
-58
-55
-52
-48
-44
-41
-37
-33
-27
-22
-19
-14
-9
-4
0
5
9
13
19
24
28
34
38
43
46
50
54
56
59
61
65
68
71
73
75
77
78
78
77
76
76
76
74
73
73
71
69
68
66
63
62
58
56
52
49
46
42
40
37
34
31
28
24
21
19
15
11
8
5
4
2
-2
-5
-7
-9
-10
-11
-12
-15
-15
-16
-16
-17
-16
-17
-15
-15
-15
-15
-15
-14
-13
-13
-11
-10
-9
-7
-7
-7
-6
-4
-3
-1
-2
-1
-1
-3
-2
-3
-4
-4
-5
-6
-7
-10
-11
-12
-14
-17
-18
-21
-22
-25
-27
-30
-32
-36
-38
-39
-42
-45
-47
-51
-53
-54
-56
-57
-57
-59
-60
-60
-62
-62
-62
-63
-61
-62
-62
-60
-59
-58
-55
-54
-51
-48
-46
-43
-40
-36
-33
-30
-26
-20
-15
-10
-6
-2
2
7
11
15
20
24
28
35
37
41
46
51
55
57
59
62
63
66
66
69
67
69
69
69
67
65
64
62
60
58
56
54
51
47
43
40
36
33
31
26
22
17
14
10
7
4
-1
-3
-6
-9
-12
-15
-18
-20
-23
-24
-25
-28
-30
-29
-30
-31
-32
-31
-30
-30
-29
-28
-26
-25
-21
-20
-19
-16
-15
-11
-10
-6
-5
-3
-1
1
4
6
8
10
13
15
17
17
17
20
20
20
19
19
19
17
17
16
17
16
15
13
12
10
7
5
2
1
-1
-3
-5
-8
-10
-13
-16
-18
-19
-21
-23
-26
-27
-27
-29
-31
-31
-32
-33
-33
-34
-33
-33
-33
-33
-30
-29
-29
-27
-24
-22
-20
-18
-15
-12
-10
-8
-5
-2
0
3
7
9
13
17
19
20
23
26
27
29
34
36
38
38
41
42
41
42
41
41
42
41
40
38
37
36
33
31
30
28
25
22
19
16
13
8
6
5
2
-2
-4
-7
-9
-14
-16
-20
-22
-23
-24
-27
-29
-30
-31
-31
-32
-32
-33
-34
-34
-33
-33
-31
-30
-29
-27
-26
-26
-23
-21
-21
-17
-14
-11
-10
-7
-6
-4
0
2
3
5
8
10
11
14
16
17
18
20
22
23
23
25
25
25
26
26
25
25
25
23
22
19
18
16
15
14
11
9
7
5
5
2
0
-3
-4
-7
-9
-12
-14
-15
-17
-19
-20
-22
-24
-24
-26
-27
-26
-26
-26
-25
-28
-26
-26
-24
-22
-21
-20
-20
-18
-16
-13
-12
-10
-9
-7
-4
-1
0
2
5
8
11
11
13
16
20
23
23
24
26
28
29
29
31
32
32
34
34
35
34
34
32
33
31
31
30
27
26
27
23
21
19
18
16
14
10
8
6
4
2
-3
-4
-7
-8
-11
-13
-15
-16
-19
-21
-25
-25
-26
-26
-28
-27
-28
-29
-29
-30
-30
-30
-30
-29
-29
-27
-26
-25
-24
-22
-21
-19
-17
-16
-15
-15
-13
-11
-10
-7
-5
-3
-2
0
3
5
5
5
6
6
9
10
9
10
11
12
12
12
12
10
10
9
8
7
7
6
8
6
4
3
0
-2
-2
-2
-3
-7
-8
-8
-9
-9
-9
-10
-12
-11
-13
-15
-14
-16
-16
-17
-16
-15
-13
-14
-14
-14
-13
-12
-10
-8
-9
-7
-6
-4
-1
0
2
2
5
6
7
8
9
11
11
12
14
15
18
19
19
21
22
22
22
22
21
22
22
22
22
22
23
22
21
20
19
19
17
16
14
13
12
10
9
8
7
6
5
3
0
-1
-2
-4
-4
-7
-6
-7
-8
-8
-10
-10
-11
-11
-13
-13
-16
-16
-15
-15
-15
-14
-13
-13
-13
-13
-13
-12
-11
-10
-9
-8
-7
-6
-5
-4
-3
-2
-1
0
0
1
1
3
3
4
5
6
7
8
7
7
7
9
9
9
8
8
10
9
9
9
9
9
8
8
7
7
7
6
7
7
6
6
5
5
2
1
1
2
0
0
-1
-2
0
-2
-1
-2
-4
-4
-6
-5
-4
-5
-5
-5
-6
-6
-5
-6
-6
-7
-8
-7
-7
-6
-6
-7
-5
-4
-5
-4
-4
-5
-4
-3
-4
-2
-2
-1
-2
-1
-1
0
1
2
3
3
4
4
4
5
6
5
4
5
6
6
6
7
7
6
6
7
6
5
4
6
6
5
5
4
5
3
3
1
2
1
0
-1
-2
-2
-2
-4
-3
-5
-3
-4
-7
-6
-6
-5
-7
-8
-7
-5
-7
-8
-7
-6
-6
-6
-7
-6
-5
-6
-7
-5
-4
-4
-3
-4
-3
-1
-1
-1
0
1
3
3
2
4
5
5
6
6
7
7
7
7
9
9
10
8
8
10
9
9
8
9
8
8
7
6
7
7
7
6
5
6
4
2
3
1
1
0
0
-1
-2
-3
-3
-2
-3
-4
-4
-6
-6
-6
-7
-7
-9
-9
-8
-9
-8
-8
-9
-10
-11
-10
-11
-9
-9
-10
-11
-11
-11
-12
-10
-12
-11
-9
-10
-11
-12
-11
-11
-10
-9
-9
-10
-10
-10
-10
-9
-8
-9
-9
-11
-10
-10
-10
-9
-10
-9
-10
-10
-9
-9
-9
-9
-10
-10
-8
-8
-8
-8
-8
-7
-7
-7
-8
-8
-6
-6
-5
-4
-5
-4
-4
-2
-2
-1
-1
-1
0
0
0
1
4
3
4
4
5
8
10
10
9
10
11
12
14
15
14
17
18
19
20
19
18
20
21
22
23
24
23
24
24
25
26
27
27
26
25
26
27
26
25
25
24
24
22
21
21
21
20
19
18
17
14
14
14
13
10
10
8
7
6
4
3
2
0
-1
-3
-5
-5
-6
-6
-7
-9
-10
-11
-10
-11
-11
-12
-13
-13
-14
-15
-15
-14
-14
-13
-14
-15
-15
-14
-13
-13
-13
-13
-13
-13
-11
-11
-10
-10
-11
-10
-10
-10
-9
-9
-9
-9
-8
-8
-8
-8
-7
-7
-6
-5
-5
-5
-5
-4
-4
-4
-4
-5
-4
-2
-2
-1
-2
-1
-1
0
1
1
1
0
1
1
1
2
3
1
1
2
4
4
4
4
7
7
9
9
10
11
12
12
12
13
13
14
13
14
12
14
13
12
12
12
12
13
12
12
13
12
12
11
10
11
10
10
9
8
8
7
6
5
4
4
4
2
2
2
1
0
-1
-1
-4
-3
-3
-5
-4
-5
-6
-7
-9
-10
-10
-12
-12
-13
-13
-13
-14
-15
-13
-14
-14
-15
-15
-15
-14
-14
-13
-14
-13
-14
-15
-13
-13
-14
-13
-13
-14
-12
-12
-12
-11
-9
-9
-9
-8
-8
-7
-8
-6
-5
-6
-7
-6
-4
-4
-4
-4
-6
-5
-5
-4
-4
-3
-3
-2
-2
-2
-1
-2
0
-1
0
0
-1
0
0
2
2
1
2
0
2
3
2
1
2
2
2
2
4
4
3
3
3
2
3
4
4
5
4
3
3
4
6
5
5
4
5
5
5
5
4
4
5
5
6
5
5
6
5
6
6
5
5
6
6
6
6
6
6
6
4
6
6
6
4
4
4
4
4
3
3
3
3
2
2
2
2
1
0
0
0
-2
-1
-1
0
-2
-2
-3
-3
-3
-4
-4
-5
-5
-4
-6
-5
-4
-5
-5
-6
-5
-7
-7
-6
-4
-4
-4
-5
-5
-3
-4
-3
-3
-3
-2
-2
-1
0
-1
1
0
1
2
3
2
2
2
3
3
4
4
4
4
5
4
4
5
6
5
5
4
4
5
4
5
5
3
3
3
3
2
3
2
1
1
1
1
1
2
1
0
0
-1
0
1
0
1
1
-1
1
1
1
2
2
2
3
3
3
4
5
4
6
6
5
8
7
8
8
8
9
9
10
11
11
11
11
11
11
11
11
11
11
12
12
11
10
10
9
9
9
8
6
6
6
4
3
2
2
2
0
-2
-2
-2
-4
-4
-6
-6
-8
-8
-10
-11
-11
-13
-13
-14
-17
-17
-17
-17
-19
-18
-20
-20
-20
-20
-20
-20
-20
-20
-20
-20
-21
-21
-20
-21
-20
-21
-19
-18
-18
-18
-17
-17
-15
-14
-14
-15
-13
-13
-12
-11
-10
-12
-11
-9
-9
-8
-7
-7
-5
-5
-5
-5
-5
-3
-1
-2
-3
-3
-1
-1
0
0
1
2
2
2
1
3
4
4
5
4
5
5
5
6
5
6
6
6
8
8
8
8
10
11
10
11
11
12
12
12
14
14
15
14
15
17
17
17
18
18
19
18
20
20
21
22
21
22
22
22
23
22
23
22
20
21
20
19
19
19
20
18
17
17
16
13
13
12
11
10
7
7
5
3
2
2
1
-2
-4
-5
-5
-6
-8
-8
-11
-12
-11
-12
-13
-14
-15
-16
-16
-17
-17
-17
-18
-18
-17
-17
-17
-17
-15
-16
-16
-15
-15
-14
-14
-14
-13
-12
-10
-10
-9
-10
-8
-7
-6
-6
-5
-5
-3
-3
-3
-2
-2
-1
-1
0
0
0
0
0
1
0
1
2
0
1
1
1
1
1
0
0
0
0
-1
0
-1
0
-1
-2
-1
-1
-1
-1
-1
-1
-1
-1
-1
-1
-1
-1
-1
0
0
0
0
1
2
2
1
1
2
1
2
3
2
3
2
3
3
3
3
3
5
4
4
3
3
4
5
4
4
4
5
5
5
4
4
3
3
4
4
4
3
3
3
3
3
2
2
1
2
2
1
1
0
0
0
1
-1
-1
-1
-1
-1
-1
-1
-2
-3
-3
-3
-2
-3
-3
-3
-3
-2
-2
-3
-4
-5
-4
-3
-3
-3
-4
-4
-3
-3
-3
-2
-3
-3
-3
-2
-1
-2
-3
-2
-1
-2
-1
-1
-1
-1
-1
-1
0
0
0
2
2
1
1
1
1
2
1
3
3
3
3
3
3
4
2
2
2
2
3
3
4
2
3
3
4
4
3
2
2
3
3
4
4
5
4
3
4
3
3
2
2
2
2
1
2
3
2
2
2
1
1
0
1
1
1
1
0
1
0
1
0
0
0
0
-1
-3
-1
-2
-2
-1
0
1
1
0
0
2
2
1
1
0
0
1
1
2
2
2
2
2
1
0
0
0
0
1
1
1
1
1
2
1
1
1
-1
-2
-2
-3
-3
-4
-4
-4
-4
-4
-5
-4
-6
-6
-7
-6
-7
-6
-6
-8
-7
-7
-7
-7
-8
-8
-9
-9
-8
-9
-9
-8
-7
-6
-6
-4
-4
-3
-4
-3
-2
-3
-2
-1
-1
-1
0
1
1
1
3
2
2
3
4
4
3
4
5
6
6
5
5
6
5
5
6
6
5
4
5
5
5
5
5
4
3
4
3
3
3
3
3
2
1
0
1
0
-2
-1
-2
-2
-2
-2
-3
-2
-2
-2
-3
-2
-2
-2
-3
-3
-4
-4
-3
-4
-3
-3
-4
-3
-2
-3
-2
-1
-2
-2
-2
-2
-2
-2
0
-1
1
1
1
1
1
1
0
0
1
1
1
3
3
3
4
4
4
5
4
4
3
3
2
2
3
4
3
3
3
3
3
2
3
2
2
1
2
1
1
0
0
0
-1
-1
0
-3
-3
-4
-4
-4
-3
-4
-4
-4
-4
-5
-4
-4
-5
-5
-4
-3
-4
-4
-4
-4
-3
-1
-1
-1
-1
1
2
2
3
4
4
5
6
7
7
7
8
9
9
9
9
9
9
10
10
12
11
11
11
11
12
12
12
11
12
11
10
10
9
8
8
8
7
6
4
5
4
4
3
3
3
2
1
1
0
0
0
-1
-2
-3
-3
-4
-5
-4
-5
-5
-6
-6
-6
-5
-6
-6
-5
-5
-5
-4
-5
-6
-5
-6
-5
-5
-5
-6
-5
-5
-5
-4
-4
-5
-5
-3
-4
-3
-4
-3
-3
-3
-3
-4
-5
-5
-5
-6
-5
-6
-6
-6
-6
-7
-8
-6
-7
-7
-7
-7
-7
-7
-7
-7
-8
-7
-8
-7
-8
-9
-9
-8
-9
-9
-9
-8
-7
-6
-6
-7
-6
-6
-5
-6
-5
-5
-5
-4
-3
-3
-3
-1
-2
-1
-1
0
-1
0
0
1
1
2
1
2
3
4
4
4
5
5
5
4
5
6
5
5
5
5
6
5
6
7
5
5
6
5
4
3
4
3
4
4
3
2
3
4
2
3
3
3
3
1
1
1
1
-1
1
1
1
1
-1
-1
-1
-1
-1
-1
-2
-1
-2
-1
0
-1
-1
0
0
0
-1
0
0
0
0
0
-1
-1
-1
0
1
0
0
-1
0
0
0
0
-1
0
0
-1
0
-1
-1
-1
0
0
0
0
-1
-1
-1
-1
0
-1
-1
-1
-2
-1
-1
0
-1
-1
-1
-1
-1
-1
-1
-1
-1
0
0
0
0
-1
0
0
1
0
1
0
0
0
1
0
0
1
2
2
2
2
1
2
3
3
3
3
3
4
4
5
5
5
6
5
5
6
7
7
8
8
8
8
8
9
9
9
10
10
11
11
10
11
11
11
11
11
11
11
11
11
10
11
10
9
10
9
9
9
9
9
9
9
9
8
8
7
7
6
6
6
5
5
4
3
2
2
1
1
1
0
-1
-2
-2
-3
-4
-5
-5
-5
-5
-6
-6
-8
-8
-9
-9
-9
-10
-10
-10
-11
-10
-10
-10
-10
-11
-11
-11
-11
-12
-12
-13
-14
-14
-13
-14
-14
-15
-15
-15
-14
-14
-14
-13
-13
-13
-13
-12
-12
-12
-11
-10
-10
-10
-10
-10
-11
-10
-9
-9
-9
-7
-7
-7
-7
-5
-4
-5
-5
-6
-5
-5
-3
-3
-4
-3
-3
-2
-2
-1
0
1
1
0
