-1
-1
-2
-1
-1
-2
-2
-2
0
-1
0
-1
-1
0
0
0
0
-1
-2
-1
-1
-2
-1
-2
-3
-3
-1
-2
-2
-3
-2
-2
-2
-3
-3
-3
-3
-3
-3
-3
-2
-4
-4
-5
-4
-4
-4
-3
-5
-5
-5
-4
-4
-3
-4
-5
-5
-3
-3
-4
-5
-5
-5
-3
-4
-3
-3
-3
-3
-3
-3
-4
-4
-2
-3
-3
-3
-3
-3
-2
-2
-3
-3
-3
-3
-3
-3
-3
-3
-5
-3
0
-2
-4
-1
-1
-2
-2
0
-1
-2
0
2
-1
-1
2
2
0
2
4
2
0
4
5
2
2
4
3
2
5
5
1
0
4
3
0
2
2
-1
-2
2
1
-4
-3
1
0
-1
0
0
-2
-2
3
3
0
0
3
3
4
4
4
5
7
10
12
14
14
16
18
20
22
23
24
24
25
26
27
25
27
30
29
29
29
31
29
28
29
29
26
25
25
21
18
17
15
11
8
8
6
1
-3
-5
-7
-11
-12
-14
-16
-19
-21
-23
-27
-28
-32
-35
-36
-36
-39
-42
-47
-48
-47
-48
-49
-50
-51
-51
-51
-52
-52
-52
-53
-53
-53
-56
-58
-57
-58
-60
-59
-59
-63
-62
-57
-52
-50
-46
-41
-39
-34
-22
-18
-20
-19
-9
0
4
9
15
19
22
34
48
53
53
61
69
71
76
83
82
77
79
87
83
74
76
79
74
72
76
71
64
68
72
64
52
51
51
43
39
39
30
18
15
18
15
8
10
9
3
3
12
15
11
12
18
18
13
15
24
23
21
31
40
43
52
69
76
72
83
97
98
97
106
109
97
92
98
95
90
96
98
86
77
79
75
66
62
59
44
27
19
10
-6
-19
-30
-43
-60
-68
-74
-89
-105
-116
-124
-132
-140
-149
-159
-170
-184
-196
-201
-206
-211
-212
-217
-224
-229
-232
-235
-240
-235
-230
-223
-211
-199
-193
-187
-168
-154
-153
-145
-124
-110
-102
-81
-57
-52
-48
-21
11
21
32
59
72
72
87
112
112
99
107
122
115
109
120
123
108
104
114
110
94
94
101
93
82
80
73
59
53
53
41
21
12
9
-1
-10
-15
-23
-36
-43
-38
-37
-44
-48
-47
-48
-51
-49
-48
-52
-51
-45
-39
-34
-24
-15
-6
6
19
31
43
58
76
95
112
130
146
159
172
185
193
193
197
212
223
221
227
240
244
238
242
249
240
229
231
225
203
185
177
158
130
112
103
80
57
49
37
15
-1
-8
-24
-45
-57
-70
-92
-112
-126
-141
-159
-173
-181
-194
-204
-207
-210
-211
-208
-206
-209
-214
-220
-230
-235
-239
-246
-253
-257
-253
-252
-255
-255
-252
-250
-242
-224
-201
-187
-176
-156
-140
-139
-141
-130
-122
-121
-106
-77
-58
-50
-28
0
14
26
55
79
82
90
112
120
107
109
122
118
105
109
117
109
102
114
117
109
107
114
114
105
101
103
94
81
75
72
59
45
39
35
27
21
23
22
16
13
12
8
2
1
-2
-3
-3
-1
1
5
13
20
22
29
42
53
64
84
106
119
131
151
174
186
202
221
229
232
242
253
252
249
260
271
275
282
289
283
273
269
265
251
238
224
201
174
155
134
106
85
69
51
29
6
-14
-32
-49
-64
-81
-104
-128
-144
-160
-181
-204
-223
-241
-259
-268
-272
-279
-289
-295
-297
-298
-299
-300
-303
-311
-317
-320
-325
-332
-335
-331
-329
-332
-327
-319
-312
-293
-266
-242
-224
-203
-179
-169
-166
-159
-150
-151
-145
-113
-79
-65
-52
-24
-1
13
44
78
89
89
105
124
121
116
132
140
129
126
139
140
129
135
151
146
136
140
148
143
140
138
129
111
101
98
87
75
63
57
47
38
33
28
17
4
0
-2
-8
-16
-20
-21
-20
-19
-17
-14
-11
-11
-6
4
17
26
34
51
68
85
100
121
141
155
171
194
215
225
231
246
257
260
268
282
289
286
293
302
294
280
276
275
263
246
238
224
201
178
161
140
111
89
73
52
27
5
-17
-42
-62
-76
-95
-117
-139
-160
-181
-200
-217
-236
-258
-276
-284
-290
-301
-310
-316
-319
-323
-324
-326
-332
-338
-342
-348
-352
-356
-361
-367
-366
-362
-360
-358
-349
-324
-288
-262
-243
-220
-204
-198
-192
-176
-163
-157
-138
-103
-76
-61
-37
-4
14
34
71
107
119
129
157
173
168
171
187
188
183
191
199
191
185
190
197
194
195
195
192
188
189
183
171
159
152
143
130
117
103
89
75
66
58
46
33
23
16
7
-3
-7
-9
-12
-14
-9
-2
-4
-6
0
10
16
22
34
45
54
66
89
110
125
144
168
189
202
213
229
241
251
261
271
277
282
289
295
299
300
297
295
291
284
272
258
243
222
198
181
164
141
113
88
67
45
21
1
-19
-41
-59
-79
-103
-129
-152
-172
-191
-213
-237
-259
-274
-285
-296
-310
-322
-329
-334
-338
-342
-347
-352
-360
-367
-373
-377
-385
-392
-398
-400
-401
-400
-402
-402
-390
-362
-337
-314
-289
-267
-254
-241
-222
-212
-211
-197
-166
-138
-115
-92
-69
-50
-25
15
50
71
91
122
147
160
174
187
194
195
205
217
219
214
213
218
224
229
234
234
235
236
239
238
224
208
201
196
182
162
144
127
106
95
86
69
47
34
29
18
7
3
-4
-14
-16
-15
-18
-28
-29
-23
-19
-16
-11
-1
5
17
38
60
82
108
135
160
173
185
196
202
210
226
247
262
276
291
299
298
299
309
313
314
323
322
302
276
259
237
211
196
184
157
129
115
96
70
47
29
4
-18
-34
-58
-89
-115
-141
-175
-211
-233
-254
-281
-302
-312
-328
-344
-352
-355
-364
-373
-376
-382
-398
-414
-420
-427
-438
-445
-448
-455
-463
-459
-451
-450
-440
-407
-369
-343
-318
-285
-266
-265
-255
-229
-208
-196
-162
-114
-88
-68
-29
11
30
53
104
149
161
177
211
231
234
250
270
272
272
290
300
290
285
295
298
287
287
289
281
275
274
270
256
239
222
206
186
167
146
118
93
72
53
37
14
-6
-22
-37
-53
-63
-70
-79
-89
-91
-90
-96
-106
-104
-97
-94
-90
-80
-68
-61
-48
-24
-6
7
38
78
104
117
137
161
172
176
197
215
225
237
264
280
280
290
304
311
313
324
328
306
284
272
260
234
215
203
181
153
131
116
92
63
45
32
12
-13
-35
-60
-88
-115
-148
-183
-213
-236
-256
-275
-288
-303
-317
-328
-333
-339
-349
-357
-370
-385
-398
-411
-429
-446
-456
-466
-476
-482
-482
-481
-470
-440
-401
-369
-346
-318
-294
-289
-284
-259
-233
-226
-206
-150
-102
-87
-62
-11
29
48
97
161
183
188
224
268
274
272
303
322
309
307
330
334
315
314
335
333
316
324
337
325
313
318
313
283
258
254
238
203
173
154
122
86
71
58
22
-12
-21
-36
-62
-80
-83
-96
-120
-120
-116
-128
-143
-142
-130
-130
-131
-115
-96
-88
-75
-53
-28
-10
15
52
88
117
148
185
213
227
250
278
292
299
307
314
316
308
301
291
276
269
265
253
229
211
198
168
134
113
91
60
28
6
-10
-25
-37
-39
-47
-60
-70
-71
-78
-93
-109
-127
-158
-189
-209
-234
-267
-300
-325
-347
-370
-389
-400
-417
-438
-458
-475
-489
-507
-522
-544
-570
-589
-594
-570
-524
-458
-388
-295
-166
-43
38
96
180
258
288
295
319
325
284
254
235
174
99
74
77
26
-36
-43
-33
-62
-93
-73
-70
-101
-82
-31
-19
-23
39
127
171
210
298
395
441
478
523
535
515
492
454
378
288
216
141
54
-26
-78
-116
-155
-174
-178
-175
-172
-158
-138
-135
-125
-91
-54
-36
-13
32
76
112
152
188
209
219
223
212
177
133
92
42
-15
-47
-62
-75
-93
-95
-83
-83
-95
-96
-82
-79
-79
-71
-57
-42
-22
12
37
62
97
139
167
181
194
200
201
199
180
157
135
116
94
80
72
58
55
65
80
80
72
72
58
35
8
-16
-48
-91
-130
-160
-196
-234
-258
-277
-307
-341
-366
-385
-416
-445
-461
-474
-502
-532
-555
-586
-620
-604
-514
-403
-306
-192
-43
67
106
116
143
150
127
107
106
101
61
26
21
6
-23
-28
-6
-16
-46
-40
-29
-44
-48
4
57
77
127
216
289
336
410
483
502
509
536
548
513
464
423
362
290
232
182
121
58
14
-30
-80
-118
-131
-144
-168
-170
-145
-119
-105
-75
-24
18
44
78
117
139
145
154
158
141
120
103
83
52
7
-20
-50
-86
-116
-127
-110
-85
-60
-39
-13
33
68
80
73
79
104
113
97
65
60
71
83
90
88
97
118
140
134
112
105
105
93
69
57
46
23
19
27
45
58
72
93
103
108
108
97
71
29
-9
-46
-85
-140
-201
-247
-280
-310
-361
-404
-423
-431
-446
-472
-491
-496
-486
-468
-466
-495
-528
-530
-494
-442
-384
-310
-185
-11
132
181
158
175
222
206
115
47
72
98
62
0
-28
-44
-64
-60
-54
-94
-127
-81
-13
-1
14
99
192
245
299
368
394
388
414
451
441
405
411
430
406
366
338
306
232
150
83
16
-66
-143
-183
-202
-212
-194
-155
-115
-76
-30
7
22
36
52
52
45
58
85
100
118
139
156
166
158
130
79
36
-12
-71
-126
-157
-162
-143
-68
19
84
118
146
148
96
29
-28
-52
-52
-30
4
30
55
85
121
134
117
95
90
77
54
48
60
70
83
117
122
80
36
10
-26
-61
-65
-46
-16
24
73
86
71
43
-10
-92
-173
-237
-295
-337
-359
-354
-334
-301
-274
-285
-297
-306
-330
-383
-459
-509
-530
-538
-560
-580
-543
-423
-267
-127
-5
135
261
274
178
90
67
29
-21
-15
76
142
147
143
132
78
-3
-64
-131
-214
-247
-197
-124
-63
41
186
280
316
345
373
341
293
297
322
315
326
386
432
425
392
358
284
171
71
-6
-81
-142
-166
-156
-127
-95
-58
-33
-23
-20
-32
-52
-64
-50
-20
18
69
138
200
237
250
240
215
179
128
68
14
-6
-7
-19
-32
-23
25
68
70
41
15
3
-36
-77
-95
-72
-31
8
40
58
75
81
78
53
34
36
43
56
71
104
146
188
209
206
191
142
66
0
-44
-81
-89
-57
-24
1
39
80
82
51
20
-22
-82
-138
-176
-214
-240
-241
-234
-238
-240
-240
-264
-320
-388
-427
-436
-437
-456
-487
-489
-492
-519
-513
-422
-273
-111
74
244
304
250
181
141
91
24
15
81
142
142
114
86
16
-80
-141
-175
-240
-299
-250
-144
-73
-2
116
226
259
264
288
283
256
269
331
379
416
480
537
531
462
374
268
137
7
-80
-129
-158
-144
-110
-86
-65
-32
-10
-28
-50
-59
-71
-77
-60
-16
33
94
159
203
221
219
199
159
102
55
29
19
8
-5
-4
-4
-15
-41
-44
-22
6
27
42
48
42
37
34
24
9
8
27
41
33
20
19
24
28
35
40
44
50
72
96
106
110
120
129
108
66
22
-16
-43
-52
-48
-42
-21
11
32
29
19
8
-38
-104
-156
-192
-233
-265
-273
-281
-297
-310
-319
-344
-388
-409
-416
-426
-437
-431
-431
-463
-517
-550
-484
-337
-182
-20
189
386
420
296
176
125
74
8
27
126
191
184
146
92
-31
-173
-251
-289
-347
-379
-296
-155
-51
42
160
249
252
226
210
174
141
183
294
381
432
501
561
530
417
296
172
26
-102
-166
-174
-159
-120
-73
-53
-55
-60
-69
-82
-87
-73
-49
-9
65
143
193
221
253
260
219
162
123
96
68
53
69
86
93
93
71
27
-29
-58
-63
-67
-45
9
63
69
57
61
62
29
-13
-12
6
21
34
41
44
40
37
16
-20
-39
-35
-6
40
92
142
176
192
178
130
50
-33
-73
-78
-80
-69
-14
61
100
103
91
68
-1
-93
-174
-229
-257
-263
-245
-237
-233
-224
-239
-295
-367
-407
-411
-414
-420
-424
-423
-443
-479
-445
-325
-152
16
173
304
318
214
79
12
12
44
137
264
345
328
234
115
-55
-228
-333
-361
-354
-325
-228
-90
20
105
169
189
146
91
76
72
95
174
296
410
481
522
521
469
368
244
129
36
-20
-30
-11
7
13
0
-31
-76
-130
-163
-162
-125
-62
9
76
132
182
206
194
166
146
140
135
145
160
179
196
198
176
120
57
-4
-53
-64
-45
-1
47
96
126
124
91
31
-23
-63
-71
-57
-30
13
57
95
106
82
30
-31
-82
-116
-114
-75
-17
55
125
176
182
142
79
7
-56
-96
-111
-107
-82
-38
10
35
28
0
-37
-83
-143
-194
-217
-224
-227
-235
-248
-285
-347
-403
-435
-446
-455
-449
-430
-414
-420
-458
-523
-569
-512
-355
-140
58
211
301
280
163
17
-40
-17
76
224
372
440
368
229
59
-118
-265
-348
-355
-354
-317
-238
-135
-50
-13
3
-20
-51
-69
-44
23
109
248
404
515
548
525
493
419
317
233
180
153
141
153
164
132
55
-52
-151
-226
-262
-247
-194
-109
-23
41
75
90
98
90
77
73
109
195
295
367
400
415
392
332
247
158
78
24
27
71
140
189
219
223
174
78
-42
-137
-190
-177
-104
-17
55
108
149
144
84
10
-40
-63
-57
-25
19
60
89
119
135
126
83
32
-5
-29
-38
-34
-24
-12
-9
-28
-70
-124
-163
-180
-178
-173
-160
-136
-117
-117
-149
-203
-275
-363
-433
-476
-480
-432
-359
-310
-311
-353
-425
-531
-631
-669
-580
-340
-38
234
370
358
230
29
-116
-171
-84
135
397
607
620
472
237
36
-47
-81
-84
-128
-170
-180
-183
-152
-128
-92
-77
-115
-178
-261
-262
-166
12
217
348
408
370
291
222
178
190
207
237
273
301
315
287
246
168
45
-89
-200
-241
-219
-140
-60
3
41
41
4
-71
-119
-112
-42
67
182
285
351
402
420
406
373
325
303
281
286
302
305
287
226
170
109
53
6
-16
-2
3
0
-32
-85
-135
-148
-99
-32
38
76
70
37
-21
-70
-87
-71
-22
41
111
154
149
105
40
-11
-37
-43
-42
-43
-55
-92
-143
-186
-210
-211
-188
-157
-150
-171
-217
-261
-287
-289
-263
-231
-213
-220
-243
-275
-313
-353
-377
-367
-330
-300
-303
-338
-373
-385
-342
-285
-252
-232
-216
-191
-184
-183
-174
-166
-137
-85
-5
58
68
58
59
94
129
133
114
79
75
103
139
172
184
195
207
229
252
251
243
231
224
221
230
248
251
239
228
224
205
175
157
146
135
121
104
77
40
10
2
-5
-18
-37
-46
-42
-35
-39
-52
-79
-98
-75
-14
52
83
100
112
130
162
180
184
182
198
227
240
246
236
230
245
275
311
316
300
271
256
250
235
213
182
159
158
173
181
163
138
119
106
92
66
26
-12
-33
-39
-44
-54
-71
-104
-146
-181
-209
-250
-295
-328
-351
-365
-372
-364
-346
-340
-345
-362
-388
-413
-434
-438
-417
-402
-390
-382
-377
-381
-400
-423
-434
-398
-312
-232
-205
-222
-234
-225
-196
-154
-122
-91
-46
39
122
159
142
92
80
133
222
276
271
254
252
276
302
300
249
171
123
115
123
121
105
92
72
67
92
122
140
143
147
139
110
62
20
4
9
20
28
25
19
13
20
24
5
-32
-57
-48
-20
2
7
-11
-47
-70
-61
-32
-23
-39
-51
-30
12
61
110
155
207
261
308
352
377
382
369
365
380
387
390
401
417
423
414
390
340
284
246
224
193
161
127
79
39
11
-29
-71
-97
-110
-138
-155
-147
-150
-181
-209
-214
-214
-221
-219
-222
-249
-282
-306
-328
-345
-351
-352
-349
-339
-336
-354
-356
-354
-374
-399
-409
-405
-396
-375
-358
-365
-386
-417
-435
-394
-301
-214
-186
-194
-180
-146
-115
-99
-98
-87
-47
52
164
208
187
136
120
176
247
269
229
182
178
220
275
288
246
183
140
134
141
128
99
82
82
91
108
108
87
69
71
88
96
87
69
58
58
54
40
11
-21
-34
-16
21
40
18
-6
10
47
64
53
35
22
32
68
110
137
135
110
103
125
149
158
163
182
212
259
324
376
394
389
398
435
465
455
432
418
409
400
390
372
340
306
281
256
217
152
87
37
1
-48
-115
-184
-244
-280
-290
-282
-285
-317
-345
-346
-340
-354
-389
-409
-419
-420
-418
-407
-384
-384
-400
-400
-381
-373
-384
-383
-364
-351
-348
-364
-381
-393
-406
-420
-450
-483
-486
-423
-316
-246
-242
-273
-273
-241
-198
-162
-140
-113
-55
47
152
200
179
154
201
314
407
424
382
337
316
326
344
325
258
177
144
153
149
115
80
72
75
81
87
80
52
20
11
18
21
10
9
41
81
98
93
77
72
76
97
107
81
33
4
14
46
67
70
72
82
95
121
148
144
117
116
165
229
280
303
315
329
351
382
396
392
375
368
400
460
512
527
519
511
503
485
435
356
292
265
269
273
253
189
100
28
-22
-78
-155
-233
-288
-319
-325
-323
-344
-381
-416
-438
-445
-453
-476
-493
-487
-478
-495
-500
-485
-471
-469
-464
-456
-466
-481
-482
-477
-473
-476
-482
-474
-455
-443
-455
-489
-506
-466
-370
-281
-263
-292
-302
-272
-224
-183
-147
-120
-79
2
83
115
90
60
90
183
284
316
269
211
195
233
300
340
315
249
208
202
192
166
123
79
54
62
86
93
92
86
65
44
32
20
1
0
21
33
36
42
52
72
108
139
141
117
97
109
142
162
153
131
119
131
166
206
232
234
231
258
312
360
388
405
435
472
508
541
559
561
559
565
580
581
561
544
553
568
564
534
488
438
391
348
303
253
191
124
76
46
0
-76
-156
-222
-279
-318
-347
-390
-448
-502
-542
-573
-604
-637
-667
-678
-681
-686
-686
-675
-662
-650
-625
-591
-571
-564
-556
-556
-559
-564
-562
-559
-556
-570
-590
-557
-460
-370
-342
-345
-332
-301
-267
-229
-201
-171
-128
-51
36
87
90
84
120
205
286
302
263
220
208
225
272
310
296
252
207
173
141
113
88
61
48
64
91
109
105
87
56
29
4
-51
-111
-129
-107
-83
-56
-31
-30
-40
-30
7
37
39
25
28
64
114
153
167
186
219
254
295
332
353
360
376
418
468
529
581
606
622
639
670
694
709
719
718
733
757
768
764
739
714
682
654
644
617
557
488
431
380
320
256
184
109
48
1
-44
-95
-146
-203
-265
-320
-381
-461
-534
-580
-603
-621
-634
-655
-702
-742
-741
-726
-724
-751
-781
-794
-780
-740
-717
-714
-724
-746
-755
-749
-761
-777
-804
-719
-602
-537
-407
-270
-121
-26
-1
-57
-209
-322
-334
-216
9
280
514
651
726
670
418
48
-257
-333
-206
67
385
574
567
407
178
-90
-376
-573
-645
-581
-377
-122
97
199
163
13
-174
-323
-437
-465
-374
-184
10
134
191
163
73
-8
-42
-57
-44
24
124
243
313
273
155
42
-2
47
182
371
529
617
663
698
697
631
554
538
600
739
916
1070
1139
1111
1032
949
874
785
702
677
720
788
808
751
646
510
370
260
184
99
5
-50
-74
-111
-173
-232
-271
-284
-271
-258
-279
-338
-430
-516
-559
-576
-610
-635
-600
-540
-505
-500
-526
-589
-665
-712
-733
-757
-817
-891
-946
-971
-965
-918
-755
-492
-244
-117
-97
-112
-190
-312
-393
-379
-224
22
321
551
596
482
280
121
38
-17
-60
-95
-75
-57
-113
-210
-326
-404
-414
-358
-291
-321
-408
-494
-563
-590
-575
-474
-296
-86
75
113
76
1
-57
-40
28
82
58
12
-17
-29
-7
29
86
125
144
164
131
49
-82
-196
-200
-92
83
248
377
450
483
538
628
733
811
863
904
924
915
900
920
987
1083
1158
1164
1070
900
728
619
562
515
447
390
358
320
251
161
109
99
106
111
82
3
-82
-96
-37
45
131
205
259
285
263
178
62
-25
-86
-124
-148
-207
-313
-399
-413
-405
-442
-512
-591
-672
-741
-808
-868
-914
-937
-947
-973
-978
-900
-690
-381
-140
-56
-67
-57
-28
-88
-168
-176
-59
131
268
288
128
-89
-173
-120
-33
-99
-298
-469
-548
-573
-654
-727
-708
-619
-502
-454
-521
-653
-677
-495
-287
-217
-248
-241
-136
-2
104
141
153
195
238
250
182
36
-91
-108
-47
-63
-172
-248
-236
-165
-108
-92
-124
-176
-182
-143
-101
-69
-25
113
339
563
699
752
827
920
999
1023
995
969
953
984
1016
979
892
800
770
759
701
608
503
439
363
255
149
64
51
100
158
176
138
132
197
293
330
288
276
335
412
441
407
342
279
267
276
217
99
-15
-76
-100
-154
-266
-388
-437
-434
-472
-555
-648
-721
-764
-794
-848
-935
-919
-710
-387
-119
-36
-28
2
46
7
-117
-149
-71
56
138
116
17
-113
-135
-78
-96
-266
-485
-581
-604
-676
-802
-905
-886
-809
-766
-785
-845
-843
-714
-502
-365
-398
-448
-351
-179
-74
-50
-32
4
70
133
131
64
-4
-15
-17
-80
-194
-276
-255
-198
-199
-254
-297
-286
-257
-231
-209
-180
-97
52
234
372
469
556
632
704
735
751
783
864
943
962
952
914
861
779
694
609
519
470
446
419
363
270
186
127
89
68
80
118
150
188
232
258
255
255
296
379
481
575
659
702
671
579
477
376
263
177
134
116
97
72
44
-5
-63
-125
-201
-302
-391
-441
-466
-510
-576
-573
-413
-144
53
102
135
276
413
408
305
256
281
281
215
122
26
-58
-109
-117
-154
-294
-422
-464
-536
-738
-963
-1051
-1054
-1077
-1105
-1112
-1102
-1056
-921
-750
-659
-641
-582
-444
-346
-326
-283
-187
-134
-166
-188
-175
-188
-220
-223
-227
-294
-379
-401
-374
-376
-405
-429
-447
-456
-441
-378
-298
-225
-151
-63
58
217
401
558
654
742
830
880
864
836
837
821
782
737
703
655
604
565
507
407
295
228
160
37
-91
-149
-142
-138
-122
-72
-23
11
62
128
171
192
237
319
412
479
519
553
571
549
502
460
425
369
305
244
167
79
5
-23
-5
18
9
-25
-54
-65
-123
-232
-291
-226
-56
102
214
310
456
640
744
754
733
762
772
700
568
418
289
193
124
73
16
-59
-125
-219
-363
-542
-669
-729
-804
-913
-1025
-1106
-1141
-1099
-988
-886
-812
-717
-582
-459
-397
-353
-315
-324
-388
-447
-446
-421
-412
-416
-445
-504
-564
-576
-554
-574
-616
-629
-616
-605
-595
-552
-499
-450
-386
-294
-163
3
193
365
489
585
658
714
746
754
775
796
786
726
645
587
546
498
420
332
277
260
247
187
104
47
4
-34
-74
-126
-172
-188
-149
-83
-3
78
162
263
343
378
382
378
352
294
232
186
142
109
88
81
72
46
17
-20
-43
-57
-85
-119
-158
-181
-206
-207
-130
29
234
354
397
479
651
795
793
765
832
971
1056
1026
926
801
687
601
504
387
256
180
124
-8
-167
-248
-225
-213
-282
-385
-487
-559
-599
-615
-630
-663
-660
-588
-476
-401
-356
-283
-200
-167
-190
-215
-248
-334
-453
-575
-705
-819
-868
-875
-898
-930
-936
-902
-857
-817
-799
-783
-737
-655
-570
-490
-372
-220
-68
57
165
276
368
450
521
593
649
672
661
611
544
463
389
334
279
219
146
87
48
2
-32
-36
-14
-4
-38
-78
-97
-87
-76
-74
-55
-10
65
157
226
253
266
289
298
275
211
129
60
-8
-61
-102
-128
-173
-238
-271
-269
-269
-300
-313
-300
-306
-330
-309
-157
58
200
265
358
560
742
780
764
820
958
1044
1049
1013
950
889
826
744
612
474
405
357
243
52
-82
-85
-45
-50
-128
-205
-220
-186
-148
-154
-185
-192
-157
-91
-50
-49
-24
52
102
77
32
15
-3
-59
-160
-291
-424
-530
-613
-714
-820
-894
-932
-928
-898
-868
-822
-746
-666
-614
-553
-435
-306
-200
-118
-45
21
90
182
266
316
348
387
415
402
359
304
240
164
81
2
-76
-137
-180
-216
-251
-261
-246
-237
-244
-253
-243
-206
-152
-107
-72
-33
24
77
114
143
137
132
161
182
151
90
47
15
-45
-110
-163
-226
-297
-354
-367
-354
-356
-388
-432
-405
-298
-134
13
97
178
280
443
541
576
635
753
872
893
897
901
890
829
745
670
587
505
439
338
202
61
-4
10
15
-35
-123
-136
-82
-24
15
29
46
84
161
245
253
239
277
339
348
309
299
304
270
182
77
-28
-129
-220
-291
-357
-442
-520
-574
-603
-642
-680
-668
-619
-555
-478
-361
-224
-114
-40
33
108
176
244
295
307
294
289
294
269
200
117
57
28
11
-34
-102
-184
-265
-351
-439
-515
-571
-589
-572
-542
-517
-486
-435
-366
-287
-209
-136
-75
-42
-27
-11
8
20
-7
-51
-81
-98
-130
-191
-240
-274
-304
-339
-407
-491
-557
-595
-622
-676
-664
-549
-334
-137
-22
99
230
394
463
485
536
639
748
769
751
723
732
749
723
629
522
445
401
315
177
28
-69
-92
-117
-168
-244
-265
-215
-143
-90
-58
9
121
245
332
380
440
515
566
554
526
531
546
535
473
370
250
144
66
-17
-109
-192
-246
-277
-310
-347
-381
-396
-393
-366
-304
-216
-114
-11
82
172
252
326
395
451
485
485
487
479
449
389
310
227
142
63
-30
-138
-244
-330
-369
-391
-440
-519
-588
-610
-595
-572
-567
-562
-531
-465
-374
-295
-235
-198
-162
-111
-55
-16
-14
-32
-54
-78
-115
-181
-267
-353
-422
-483
-539
-585
-628
-671
-678
-621
-472
-319
-244
-194
-94
81
180
198
239
393
588
671
670
639
627
609
581
538
458
376
331
270
143
-19
-104
-103
-123
-199
-293
-336
-345
-339
-309
-292
-279
-241
-137
-8
79
163
276
389
443
461
511
568
574
530
488
439
353
271
215
162
72
-8
-56
-95
-154
-204
-209
-184
-156
-133
-76
12
111
210
298
370
423
485
557
615
634
632
623
606
573
525
470
405
329
237
138
47
-42
-146
-256
-351
-433
-506
-576
-612
-607
-579
-542
-524
-499
-468
-427
-390
-362
-335
-313
-277
-226
-188
-176
-175
-153
-133
-154
-193
-233
-268
-345
-454
-557
-641
-701
-715
-640
-493
-369
-284
-184
-40
93
160
234
349
470
535
558
562
536
489
463
461
427
358
306
274
198
90
10
-34
-104
-214
-315
-382
-424
-460
-491
-520
-541
-530
-477
-405
-342
-273
-159
-27
70
125
177
231
253
246
243
248
232
203
201
217
205
144
78
25
-13
-41
-67
-101
-132
-119
-50
47
140
223
315
418
512
604
689
764
805
825
840
835
818
776
719
633
552
498
448
392
316
228
119
0
-101
-177
-240
-304
-370
-439
-495
-516
-517
-517
-515
-481
-420
-367
-330
-303
-276
-258
-249
-251
-266
-273
-286
-305
-337
-369
-412
-469
-512
-553
-600
-635
-602
-458
-316
-265
-256
-175
0
87
101
154
323
495
553
577
579
570
531
503
473
382
316
298
238
91
-58
-75
-35
-62
-151
-254
-304
-333
-363
-412
-485
-528
-525
-474
-446
-457
-433
-334
-238
-233
-249
-184
-69
3
15
13
17
19
30
30
-4
-66
-102
-110
-126
-161
-174
-132
-88
-55
-13
65
172
251
317
369
422
489
550
618
657
699
745
784
801
780
766
756
737
691
617
544
465
399
338
256
172
89
25
-29
-82
-120
-157
-180
-203
-225
-242
-255
-261
-285
-309
-321
-322
-311
-294
-278
-277
-284
-301
-323
-341
-354
-376
-429
-489
-530
-549
-503
-380
-229
-167
-163
-90
65
183
191
221
340
482
540
544
542
498
422
372
360
304
210
173
164
94
-3
-39
-17
-34
-88
-136
-174
-207
-241
-266
-304
-352
-371
-357
-341
-364
-381
-333
-269
-276
-341
-367
-334
-315
-337
-370
-377
-377
-363
-336
-337
-358
-363
-332
-303
-306
-318
-301
-249
-182
-125
-61
31
135
225
291
365
449
525
563
578
588
590
590
588
580
562
539
528
518
475
408
351
319
285
234
182
148
123
88
56
28
7
-2
1
-16
-56
-90
-101
-102
-120
-139
-158
-175
-196
-217
-241
-271
-299
-330
-345
-359
-381
-423
-469
-493
-454
-332
-158
-40
-15
55
239
431
460
427
494
658
752
733
706
666
583
492
458
422
335
262
237
170
55
-7
15
28
-43
-116
-138
-125
-116
-123
-137
-172
-200
-191
-158
-146
-171
-177
-145
-145
-205
-251
-230
-229
-302
-397
-462
-506
-554
-586
-612
-639
-667
-668
-630
-588
-548
-508
-447
-343
-242
-165
-117
-33
77
142
179
234
338
414
444
458
461
456
445
454
438
375
316
291
254
172
98
83
94
77
33
-7
-16
-1
14
6
-24
-38
-27
-5
-9
-40
-69
-64
-46
-71
-134
-183
-194
-211
-257
-330
-396
-445
-480
-510
-551
-601
-635
-589
-422
-192
-37
38
130
304
456
524
596
711
818
842
850
862
828
746
663
608
531
447
409
357
231
87
42
83
82
28
-30
-50
-47
-21
31
46
26
16
53
110
123
113
137
196
215
175
140
117
69
-20
-121
-230
-349
-451
-520
-581
-659
-735
-768
-752
-713
-668
-604
-498
-375
-279
-211
-123
-12
87
149
188
230
273
324
370
389
375
349
341
322
264
195
145
99
12
-82
-140
-174
-212
-250
-270
-285
-307
-315
-293
-246
-201
-172
-167
-169
-138
-82
-45
-48
-77
-107
-131
-144
-171
-236
-338
-431
-493
-556
-635
-709
-755
-769
-707
-542
-342
-216
-149
-14
192
335
382
455
632
796
847
836
826
816
791
779
755
674
578
542
522
414
261
177
172
141
49
-39
-88
-93
-74
-50
-43
-32
35
154
250
283
314
391
464
476
457
445
424
350
256
168
67
-53
-171
-265
-348
-423
-484
-522
-547
-554
-534
-473
-384
-302
-262
-219
-122
8
94
121
154
234
343
421
445
429
425
463
504
480
380
274
211
156
53
-79
-179
-242
-304
-378
-431
-457
-474
-470
-445
-410
-383
-346
-305
-285
-276
-241
-195
-188
-228
-264
-262
-259
-302
-396
-495
-553
-585
-630
-699
-800
-843
-799
-645
-471
-390
-325
-244
-89
0
14
62
170
322
394
427
456
466
498
527
562
542
498
517
510
436
289
218
225
171
70
-32
-62
-68
-88
-83
-81
-40
36
131
211
250
331
449
536
535
482
481
490
458
371
270
185
99
44
11
-29
-88
-122
-126
-131
-143
-138
-94
-56
-39
-45
-33
21
78
120
138
169
231
297
357
386
409
434
446
446
413
378
337
281
203
96
2
-75
-133
-185
-250
-296
-311
-298
-287
-295
-285
-265
-231
-206
-199
-204
-203
-177
-167
-189
-222
-240
-249
-279
-326
-385
-443
-511
-593
-670
-738
-754
-705
-569
-432
-336
-234
-120
5
38
46
106
205
289
271
229
205
190
186
151
123
65
31
35
-1
-86
-200
-222
-207
-234
-292
-361
-383
-385
-353
-297
-259
-205
-124
-5
98
169
251
349
422
445
449
449
433
372
301
228
161
85
7
-39
-69
-85
-93
-101
-97
-97
-59
3
66
127
169
238
314
394
464
519
580
631
672
694
703
698
657
598
528
461
379
272
174
94
26
-60
-139
-192
-236
-271
-299
-301
-288
-274
-254
-233
-212
-188
-153
-111
-88
-78
-47
1
40
48
35
16
-20
-63
-118
-182
-273
-384
-499
-615
-637
-545
-389
-285
-261
-163
-8
125
149
154
267
398
475
456
423
416
388
380
337
277
189
122
87
-28
-184
-331
-408
-459
-538
-610
-682
-725
-721
-675
-617
-580
-517
-411
-302
-226
-159
-68
14
48
61
98
141
152
129
113
88
41
-11
-48
-87
-157
-225
-269
-299
-320
-320
-301
-273
-225
-147
-42
66
182
298
399
488
572
668
746
787
794
772
747
709
662
590
497
397
298
215
112
19
-55
-123
-201
-293
-342
-347
-343
-352
-367
-346
-308
-267
-237
-211
-163
-105
-50
-16
9
59
116
148
133
101
79
44
-27
-114
-200
-263
-253
-172
-37
49
112
206
286
319
282
308
412
498
537
521
536
548
548
560
551
525
449
379
300
170
24
-110
-202
-307
-402
-449
-500
-549
-578
-558
-514
-490
-456
-408
-368
-341
-309
-253
-194
-170
-148
-113
-65
-26
-13
-13
-54
-111
-160
-203
-242
-303
-353
-381
-395
-395
-387
-349
-311
-261
-208
-151
-81
-6
83
154
211
283
377
473
536
574
589
584
561
520
461
382
292
203
118
33
-38
-86
-128
-201
-286
-330
-333
-339
-374
-408
-407
-374
-334
-319
-321
-304
-256
-185
-147
-137
-122
-91
-52
-41
-43
-44
-54
-77
-123
-169
-208
-170
-35
140
262
309
378
451
472
422
397
494
618
687
690
692
729
744
747
721
655
555
443
343
235
114
13
-54
-98
-139
-180
-212
-247
-280
-307
-327
-341
-345
-307
-249
-201
-167
-136
-76
-28
-2
-5
-27
-48
-81
-118
-163
-224
-270
-291
-291
-296
-331
-354
-374
-388
-407
-422
-396
-339
-274
-214
-134
-11
110
195
243
283
343
393
417
408
386
371
369
377
370
340
291
221
128
15
-93
-176
-257
-343
-417
-446
-418
-374
-345
-345
-351
-343
-337
-352
-388
-421
-423
-400
-359
-314
-258
-183
-140
-151
-189
-211
-223
-272
-354
-425
-469
-443
-316
-137
50
165
272
366
398
368
300
308
409
543
685
778
839
881
886
886
814
693
546
401
303
219
163
138
133
138
119
73
4
-75
-154
-236
-296
-305
-232
-119
-22
46
98
163
218
221
168
87
30
-1
-29
-39
-38
-44
-61
-98
-129
-169
-235
-318
-412
-474
-493
-461
-402
-343
-282
-195
-81
16
74
96
133
199
283
365
445
517
567
584
563
521
442
341
231
121
35
-35
-62
-77
-106
-143
-190
-226
-273
-331
-377
-407
-418
-416
-401
-362
-320
-303
-305
-316
-310
-302
-299
-295
-295
-291
-280
-267
-268
-302
-351
-404
-448
-520
-613
-618
-471
-232
-74
-3
71
138
124
31
20
158
359
528
650
739
777
760
702
629
516
399
312
274
260
241
238
238
243
218
141
15
-132
-228
-258
-225
-158
-52
66
142
181
195
209
188
135
89
71
84
127
197
251
243
154
58
-23
-89
-176
-277
-334
-345
-313
-295
-275
-257
-257
-284
-329
-307
-234
-118
7
126
226
289
368
443
490
487
457
433
405
387
379
395
391
355
294
228
155
63
-28
-109
-155
-172
-175
-182
-209
-237
-263
-283
-316
-350
-348
-314
-267
-235
-193
-136
-92
-82
-112
-161
-226
-296
-354
-386
-405
-416
-427
-449
-522
-583
-536
-401
-273
-251
-246
-226
-214
-243
-274
-177
-2
194
329
405
437
390
317
252
248
284
323
338
326
313
277
205
107
26
-46
-128
-192
-188
-121
-56
-28
-18
6
0
-56
-97
-92
-35
8
44
121
206
259
244
188
130
68
7
-30
-33
3
36
43
30
-6
-58
-148
-253
-323
-331
-271
-169
-38
79
144
144
123
98
67
57
111
255
421
547
603
585
507
414
366
362
382
388
392
397
388
345
265
165
57
-38
-109
-152
-166
-140
-83
-38
-36
-68
-114
-155
-181
-184
-156
-118
-90
-77
-79
-100
-150
-204
-227
-225
-231
-231
-201
-177
-210
-308
-374
-363
-337
-343
-372
-333
-269
-250
-277
-277
-157
7
151
243
286
261
153
52
33
110
208
283
342
376
357
270
157
65
-13
-78
-117
-109
-64
-36
-45
-86
-144
-213
-282
-317
-307
-267
-254
-267
-272
-252
-220
-212
-210
-191
-165
-167
-172
-127
-61
-28
-46
-67
-51
-37
-47
-79
-86
-71
-59
-43
-21
14
23
24
46
88
132
147
179
230
298
355
392
421
412
383
353
346
371
404
438
452
447
434
397
341
285
251
239
228
220
212
193
143
79
27
-21
-61
-94
-107
-103
-106
-110
-104
-79
-66
-73
-86
-80
-68
-72
-97
-130
-149
-170
-190
-207
-225
-236
-259
-247
-206
-158
-134
-140
-128
-135
-162
-199
-182
-98
-18
49
88
114
99
56
46
77
124
156
187
225
230
186
132
115
108
78
53
63
89
75
17
-43
-97
-150
-209
-253
-279
-302
-320
-336
-342
-348
-347
-330
-309
-291
-281
-282
-296
-312
-325
-341
-342
-334
-314
-306
-312
-305
-297
-276
-260
-243
-198
-137
-80
-49
-18
24
55
73
87
122
163
204
231
257
284
314
354
400
447
464
455
456
475
488
479
467
464
459
439
417
398
365
308
256
228
204
184
178
166
129
102
101
97
76
52
39
25
5
-28
-51
-53
-51
-62
-73
-57
-42
-28
-19
-30
-47
-63
-54
-34
-10
2
9
28
41
35
21
15
10
-19
-49
-72
-82
-81
-85
-79
-65
-39
-11
10
30
28
4
-38
-87
-130
-169
-196
-220
-236
-234
-228
-218
-217
-227
-250
-273
-290
-295
-284
-262
-257
-270
-276
-256
-232
-228
-232
-223
-203
-195
-200
-205
-202
-196
-200
-202
-185
-153
-125
-102
-82
-79
-97
-115
-129
-145
-153
-151
-144
-132
-96
-57
-33
-18
8
50
94
127
155
190
224
236
237
254
290
315
322
336
355
363
370
383
391
382
357
339
319
301
284
284
284
279
275
277
280
261
223
181
163
163
170
181
190
199
203
211
216
219
218
207
182
152
137
132
128
110
78
49
31
16
-2
-20
-31
-36
-39
-50
-62
-77
-91
-98
-101
-110
-121
-136
-153
-174
-193
-202
-203
-192
-177
-159
-154
-170
-208
-240
-253
-271
-297
-310
-298
-277
-263
-242
-223
-222
-247
-277
-295
-297
-294
-286
-269
-248
-238
-231
-216
-205
-211
-226
-230
-223
-206
-196
-194
-196
-193
-182
-170
-153
-142
-130
-113
-95
-84
-72
-51
-30
-20
-12
3
27
55
85
114
133
141
144
159
178
185
185
195
216
226
223
213
202
190
178
178
189
195
188
173
171
180
191
201
212
226
236
251
264
277
284
275
262
254
257
265
276
280
272
262
254
249
238
224
206
192
179
170
166
160
143
111
77
58
46
36
30
23
15
7
13
37
57
59
39
14
-7
-24
-36
-47
-62
-75
-79
-74
-67
-75
-95
-119
-143
-167
-186
-195
-202
-210
-216
-211
-203
-207
-223
-245
-261
-268
-270
-275
-284
-288
-284
-276
-272
-277
-281
-281
-283
-284
-284
-281
-285
-294
-298
-293
-286
-279
-270
-261
-253
-239
-221
-201
-177
-148
-108
-67
-29
-3
16
26
29
33
43
59
71
74
73
78
89
97
92
86
93
104
116
126
139
141
132
121
121
131
139
139
140
139
136
130
132
143
153
161
163
162
160
162
164
156
146
144
145
143
138
138
143
145
148
147
147
142
138
143
157
174
187
197
202
207
215
224
230
225
214
207
208
208
200
192
186
182
175
166
161
153
130
99
70
55
48
37
27
19
10
-5
-24
-38
-50
-69
-87
-101
-114
-129
-145
-156
-163
-171
-177
-181
-181
-188
-211
-235
-256
-271
-284
-292
-291
-283
-275
-264
-245
-229
-218
-212
-205
-202
-206
-204
-191
-174
-164
-159
-154
-150
-155
-159
-159
-156
-155
-147
-125
-98
-80
-72
-67
-61
-58
-55
-53
-51
-51
-48
-33
-11
5
9
9
5
-1
-10
-18
-25
-24
-11
4
9
10
10
4
-11
-20
-19
-20
-21
-10
8
24
34
42
55
70
81
85
87
98
115
125
123
122
135
156
173
186
202
221
229
225
222
231
246
253
252
253
254
258
264
271
271
262
257
264
265
250
224
200
186
172
155
138
126
120
114
107
100
92
77
52
28
7
-12
-30
-44
-43
-30
-16
-4
0
-4
-15
-32
-40
-40
-33
-30
-33
-35
-35
-40
-49
-62
-83
-102
-116
-129
-139
-147
-151
-159
-168
-173
-173
-173
-172
-170
-170
-171
-175
-182
-189
-195
-195
-191
-186
-187
-188
-188
-188
-190
-199
-213
-233
-255
-276
-294
-303
-308
-315
-323
-329
-325
-313
-294
-276
-259
-238
-212
-182
-152
-134
-123
-121
-119
-110
-92
-67
-38
-10
17
40
58
71
78
83
84
88
100
117
134
147
161
175
195
219
241
255
265
272
286
303
313
314
313
316
324
335
340
335
320
301
287
278
267
250
229
200
170
146
128
117
110
105
102
99
100
106
113
117
116
114
115
118
122
125
128
131
135
136
134
128
119
106
89
75
62
54
51
49
43
33
21
8
-4
-11
-14
-17
-22
-28
-30
-27
-21
-16
-11
-10
-16
-24
-35
-47
-60
-79
-107
-138
-167
-194
-220
-243
-261
-280
-297
-311
-324
-338
-350
-358
-359
-356
-348
-337
-321
-307
-299
-293
-290
-289
-288
-285
-274
-258
-247
-235
-224
-221
-226
-229
-230
-227
-215
-198
-181
-159
-137
-121
-111
-100
-93
-82
-58
-32
-8
22
52
80
104
125
142
150
157
163
175
188
198
198
194
189
180
162
157
166
156
143
154
175
178
183
198
201
202
216
223
219
224
235
243
257
276
283
280
279
273
261
255
258
258
257
256
249
237
227
222
207
183
163
156
151
139
134
136
132
121
116
117
114
106
92
81
72
63
52
44
36
20
-3
-26
-47
-71
-97
-112
-125
-143
-158
-168
-180
-192
-198
-193
-190
-190
-188
-185
-185
-187
-189
-192
-187
-181
-179
-174
-170
-172
-184
-195
-206
-217
-229
-236
-238
-234
-223
-213
-210
-210
-209
-215
-223
-218
-208
-197
-181
-163
-150
-137
-120
-108
-109
-111
-102
-96
-94
-88
-81
-78
-76
-75
-79
-83
-79
-80
-84
-81
-74
-70
-61
-45
-35
-30
-20
-10
-4
2
14
32
51
70
91
113
128
140
144
149
154
157
169
186
210
232
248
259
260
266
276
282
280
278
283
293
301
306
306
307
303
291
279
279
278
265
250
242
231
210
189
172
148
122
96
76
56
30
14
0
-17
-34
-53
-69
-72
-83
-100
-101
-103
-109
-119
-113
-98
-106
-111
-127
-129
-128
-153
-156
-149
-152
-161
-156
-135
-138
-132
-118
-122
-128
-121
-115
-125
-109
-93
-99
-85
-57
-42
-46
-47
-29
-42
-39
-16
-33
-66
-63
-18
-30
-54
-51
-48
-36
-43
-78
-111
-97
-79
-125
-136
-99
-96
-107
-122
-126
-128
-115
-106
-140
-125
-88
-104
-105
-86
-88
-112
-106
-79
-98
-86
-52
-74
-69
-6
1
-26
-6
22
6
26
77
73
60
103
128
123
152
183
182
177
215
213
190
208
209
198
210
232
197
183
212
201
162
149
173
160
126
133
125
103
94
85
99
73
81
90
61
56
53
55
23
22
44
18
-30
-42
-30
-43
-72
-74
-72
-88
-79
-91
-118
-145
-125
-90
-147
-151
-90
-90
-109
-101
-77
-67
-58
-30
-49
-67
-45
-31
-43
-49
-19
-12
-26
-16
13
0
-21
-15
-23
-26
-18
-13
-47
-47
-5
1
-33
-40
-11
-19
-23
-28
-28
-26
-50
-37
-24
-40
-44
-50
-52
-51
-42
-48
-96
-70
-35
-83
-94
-49
-43
-85
-86
-46
-69
-62
-19
-31
-26
-19
17
41
21
30
33
49
68
68
63
61
93
104
69
63
100
106
52
57
91
78
52
49
56
68
74
71
56
65
89
69
66
71
98
112
85
85
126
132
72
56
108
123
79
76
89
82
56
39
13
2
32
13
-17
-6
19
1
-34
-14
-3
-25
-11
-9
-6
-18
-31
-26
-23
-13
-31
-39
-21
-19
-48
-69
-93
-94
-71
-87
-106
-92
-88
-111
-125
-105
-96
-107
-114
-113
-113
-110
-114
-136
-131
-99
-86
-92
-71
-58
-59
-84
-88
-60
-39
-39
-58
-66
-50
-37
-57
-83
-73
-50
-51
-48
-53
-38
-38
-54
-31
-5
-2
-12
-7
15
13
2
3
4
33
44
17
27
45
34
21
5
5
41
56
20
-3
8
21
13
18
31
29
52
62
45
52
69
59
63
105
133
127
126
129
131
137
130
136
148
156
154
148
139
124
121
130
125
126
138
131
116
115
116
106
107
116
107
105
110
116
114
118
111
92
98
91
76
78
62
35
46
52
24
-1
-4
-17
-35
-35
-50
-66
-68
-88
-113
-101
-92
-129
-128
-85
-95
-142
-123
-93
-109
-107
-105
-103
-87
-83
-96
-125
-118
-95
-109
-132
-125
-100
-107
-134
-148
-147
-134
-133
-124
-127
-130
-117
-128
-145
-146
-133
-126
-123
-115
-105
-112
-122
-134
-131
-122
-131
-123
-102
-97
-116
-120
-104
-113
-118
-110
-111
-92
-70
-88
-100
-69
-45
-52
-40
-20
-3
21
19
6
30
64
74
70
95
132
138
118
107
123
142
143
128
137
177
181
143
135
153
160
154
147
157
181
193
167
151
163
168
161
151
147
153
153
144
126
126
147
138
112
110
130
116
94
93
78
67
79
90
69
46
66
79
55
39
43
59
70
73
65
69
77
53
34
40
58
67
57
54
62
60
34
7
-2
5
9
6
-5
-14
-27
-52
-70
-67
-55
-61
-87
-104
-103
-116
-143
-151
-151
-146
-152
-169
-178
-180
-191
-213
-212
-186
-176
-191
-218
-229
-219
-217
-223
-215
-204
-203
-199
-186
-192
-194
-182
-181
-167
-141
-123
-124
-129
-128
-107
-81
-63
-62
-70
-62
-44
-32
-22
-14
-14
-7
2
6
11
12
12
22
32
41
49
45
35
25
30
50
66
63
53
58
71
80
75
74
79
93
98
94
108
113
93
94
117
135
140
131
129
134
144
149
153
162
163
163
167
176
189
192
183
177
184
196
198
187
180
184
191
191
191
190
178
170
161
158
164
159
150
131
122
121
102
80
67
53
41
30
23
14
2
-11
-28
-41
-46
-53
-68
-75
-71
-75
-80
-86
-92
-96
-106
-108
-105
-103
-105
-108
-114
-121
-120
-122
-130
-129
-116
-111
-118
-127
-128
-128
-125
-124
-131
-130
-126
-132
-144
-152
-144
-138
-134
-135
-136
-130
-135
-146
-152
-146
-141
-138
-141
-149
-158
-156
-164
-176
-171
-163
-152
-154
-161
-156
-157
-159
-158
-151
-132
-111
-102
-97
-90
-79
-69
-61
-50
-37
-21
-3
7
15
23
37
57
71
79
85
96
104
111
126
138
151
160
166
173
175
175
178
189
197
206
213
211
206
201
197
196
197
198
196
186
171
163
153
146
137
128
124
113
94
79
69
60
60
55
53
55
49
46
38
31
31
34
41
46
45
43
41
38
32
28
31
32
28
27
25
22
13
9
7
5
7
8
1
-4
-8
-12
-15
-20
-21
-19
-22
-26
-28
-37
-44
-51
-60
-63
-69
-74
-78
-88
-99
-111
-122
-133
-146
-152
-159
-163
-170
-180
-187
-193
-192
-190
-190
-191
-186
-182
-176
-167
-161
-151
-142
-135
-129
-120
-109
-102
-95
-86
-78
-66
-56
-44
-39
-31
-21
-16
-11
0
9
20
32
41
50
56
62
66
73
80
93
103
113
118
114
113
111
113
118
122
124
125
118
106
98
91
88
90
92
93
92
90
83
76
71
70
74
78
85
90
91
86
79
76
76
75
82
87
83
80
78
74
71
71
75
75
76
78
74
67
65
66
64
66
67
66
57
46
42
41
41
40
42
39
30
22
17
6
-7
-10
-11
-18
-26
-38
-55
-65
-72
-80
-88
-95
-102
-109
-118
-125
-129
-130
-133
-133
-131
-127
-124
-131
-142
-145
-131
-117
-107
-104
-108
-117
-131
-140
-144
-134
-103
-74
-59
-58
-75
-99
-126
-136
-121
-88
-48
-23
-21
-30
-51
-75
-91
-92
-70
-33
4
24
22
6
-22
-43
-46
-22
11
37
50
48
37
21
8
9
20
39
60
70
75
70
62
53
58
71
83
91
92
86
78
80
84
89
92
91
92
92
86
76
72
79
91
98
102
98
86
74
67
66
67
73
77
78
77
75
72
63
58
55
55
59
58
51
41
32
24
22
25
25
22
14
6
2
-4
-10
-15
-21
-21
-19
-21
-27
-36
-44
-51
-55
-55
-55
-51
-54
-62
-70
-74
-73
-76
-77
-78
-75
-71
-75
-82
-87
-85
-78
-75
-72
-73
-77
-79
-79
-77
-74
-68
-67
-67
-65
-61
-59
-60
-64
-64
-59
-53
-50
-51
-51
-48
-42
-36
-31
-30
-30
-25
-19
-11
-4
3
9
8
11
15
22
29
33
36
36
40
41
43
44
47
53
58
59
59
53
53
51
55
65
72
77
76
73
71
71
73
79
86
92
94
95
90
86
82
81
86
91
94
93
86
80
75
70
64
63
69
71
71
64
58
55
47
45
44
48
52
52
50
44
39
35
29
25
20
21
18
12
8
-1
-8
-16
-26
-32
-36
-43
-49
-55
-60
-64
-67
-73
-79
-88
-95
-95
-95
-97
-97
-94
-91
-93
-98
-103
-103
-102
-100
-99
-96
-95
-99
-106
-109
-109
-106
-104
-104
-102
-98
-96
-95
-90
-83
-76
-71
-68
-65
-59
-55
-52
-46
-38
-29
-27
-26
-25
-23
-19
-15
-14
-6
0
2
4
5
7
8
6
5
13
19
20
19
17
19
22
25
28
32
36
40
44
46
50
54
58
59
62
63
64
65
67
69
70
70
71
69
69
68
69
74
79
81
86
90
90
90
88
90
93
96
97
97
96
93
88
82
78
78
78
76
74
71
67
61
55
46
42
40
36
32
26
21
14
7
0
-5
-9
-10
-13
-15
-23
-30
-33
-37
-39
-42
-43
-44
-46
-51
-58
-65
-68
-71
-72
-75
-75
-78
-84
-87
-91
-88
-86
-87
-85
-82
-81
-81
-82
-82
-82
-82
-81
-79
-76
-74
-76
-78
-78
-76
-72
-70
-70
-64
-60
-58
-58
-55
-53
-49
-46
-42
-38
-35
-32
-31
-30
-27
-24
-24
-21
-16
-9
-5
-1
3
5
7
8
11
18
24
28
30
34
38
40
40
41
46
49
52
56
59
61
65
65
65
67
70
73
76
77
79
77
76
76
77
75
75
76
76
79
78
76
76
74
71
68
68
67
67
68
68
66
65
62
59
55
54
52
50
49
49
50
48
44
43
39
36
33
32
31
29
29
28
27
24
21
19
15
12
9
5
4
2
0
-4
-9
-13
-17
-22
-26
-33
-36
-39
-41
-43
-49
-54
-58
-61
-67
-70
-72
-75
-77
-81
-83
-86
-89
-93
-95
-95
-95
-97
-99
-100
-102
-102
-106
-109
-108
-106
-104
-102
-100
-100
-97
-97
-95
-95
-94
-89
-86
-81
-76
-71
-66
-60
-58
-57
-54
-50
-46
-42
-36
-27
-19
-14
-9
-6
-3
-1
-1
2
7
14
21
23
26
30
34
35
35
37
43
48
53
56
59
62
66
68
69
71
70
71
74
75
76
77
78
80
81
81
83
84
84
83
82
82
84
86
86
86
88
90
89
86
83
84
83
83
82
79
78
78
76
72
71
69
68
62
58
57
54
52
47
41
38
38
35
30
24
20
15
10
4
-1
-1
-6
-10
-14
-20
-26
-33
-39
-46
-52
-55
-58
-62
-68
-72
-77
-80
-87
-94
-98
-98
-97
-97
-98
-101
-105
-109
-111
-112
-110
-109
-108
-108
-107
-107
-107
-108
-109
-107
-102
-99
-96
-94
-90
-91
-90
-87
-82
-79
-73
-68
-62
-56
-53
-48
-45
-40
-33
-27
-23
-19
-11
-2
2
6
12
17
22
27
30
33
36
42
46
51
56
59
62
63
67
70
74
75
77
80
86
90
91
92
93
96
97
98
99
100
102
101
101
99
99
98
98
96
97
95
95
93
92
92
90
87
84
83
81
81
79
79
77
74
72
69
65
61
58
56
52
48
45
43
38
31
23
16
10
6
2
-3
-9
-12
-16
-22
-28
-33
-39
-47
-50
-53
-56
-59
-63
-68
-72
-76
-78
-81
-85
-89
-92
-94
-96
-97
-99
-103
-105
-107
-107
-109
-110
-111
-111
-112
-109
-109
-106
-103
-99
-99
-96
-94
-91
-88
-85
-81
-76
-72
-69
-65
-61
-57
-55
-51
-47
-44
-39
-33
-29
-26
-20
-18
-13
-10
-5
0
1
6
10
13
19
23
26
29
32
34
39
41
44
47
50
53
55
59
61
64
66
68
69
70
73
74
75
76
76
75
75
78
79
80
78
78
78
78
79
78
77
78
77
76
75
75
73
70
68
66
64
60
56
54
52
48
44
40
38
34
31
26
22
17
14
12
11
9
6
2
-3
-5
-9
-12
-18
-20
-22
-25
-30
-33
-37
-40
-44
-47
-49
-52
-55
-59
-61
-62
-65
-65
-67
-67
-67
-68
-71
-72
-72
-73
-73
-71
-70
-69
-69
-69
-70
-69
-68
-69
-68
-67
-64
-63
-61
-59
-57
-56
-55
-52
-50
-48
-47
-46
-44
-39
-37
-34
-32
-29
-26
-25
-22
-18
-15
-13
-10
-6
-3
0
2
4
7
11
12
12
16
19
21
21
25
30
33
35
37
40
42
45
45
47
49
51
52
54
55
57
58
57
56
57
59
60
60
62
63
63
63
65
63
63
63
60
58
57
56
55
54
54
53
53
50
48
46
45
42
39
39
37
36
35
32
30
27
23
20
19
20
17
15
12
11
10
8
6
5
3
1
-2
-5
-7
-8
-11
-13
-16
-18
-20
-21
-23
-25
-27
-30
-31
-33
-33
-32
-35
-39
-40
-41
-42
-43
-46
-47
-49
-50
-52
-52
-51
-52
-54
-54
-54
-56
-58
-61
-61
-59
-59
-57
-58
-55
-55
-56
-57
-56
-54
-50
-49
-46
-44
-44
-42
-40
-37
-33
-31
-30
-27
-24
-21
-18
-16
-12
-9
-6
-1
4
5
6
7
10
14
17
20
22
23
25
28
32
33
34
36
38
39
41
41
43
42
42
42
43
42
43
42
42
43
41
40
39
37
38
38
38
37
37
37
37
36
36
36
36
35
35
37
37
37
37
37
36
36
35
34
33
31
31
31
30
29
28
25
23
23
20
18
17
14
12
10
7
6
4
0
-2
-4
-8
-11
-16
-18
-22
-25
-27
-32
-33
-37
-38
-42
-46
-47
-50
-54
-56
-57
-58
-58
-59
-60
-60
-60
-58
-56
-54
-54
-51
-48
-47
-43
-41
-39
-36
-33
-28
-26
-24
-21
-19
-15
-12
-10
-8
-7
-4
-3
-2
-1
-1
0
1
2
3
5
6
6
8
8
9
9
11
11
9
7
7
7
7
8
6
7
7
7
7
6
6
8
8
10
11
12
11
11
13
15
16
17
20
22
23
25
26
29
30
31
32
34
37
37
36
37
38
38
39
40
39
38
38
39
38
38
37
36
38
39
37
35
33
32
31
28
25
23
21
17
14
12
10
7
2
-1
-3
-7
-12
-14
-17
-22
-25
-31
-33
-35
-36
-39
-42
-42
-45
-48
-48
-49
-48
-49
-47
-47
-47
-45
-45
-45
-43
-41
-39
-39
-38
-36
-35
-33
-33
-29
-27
-25
-25
-24
-23
-21
-20
-18
-18
-16
-14
-12
-9
-5
-5
-4
-3
-3
-1
-1
0
0
1
1
2
2
4
6
6
5
4
4
4
5
8
8
10
11
12
12
14
14
16
16
14
16
18
19
21
22
23
24
27
28
28
29
30
31
32
32
33
33
34
35
34
35
35
34
35
36
35
35
35
36
35
34
33
32
30
29
27
27
25
24
22
19
17
15
12
9
5
2
-1
-2
-4
-6
-8
-10
-12
-14
-15
-16
-17
-19
-20
-23
-25
-24
-26
-27
-28
-29
-30
-31
-31
-32
-33
-34
-34
-35
-34
-34
-35
-35
-34
-33
-34
-33
-32
-31
-31
-29
-30
-28
-27
-27
-27
-26
-25
-24
-24
-24
-22
-21
-19
-19
-18
-16
-15
-13
-13
-11
-9
-8
-7
-7
-6
-3
-1
0
2
3
6
9
9
11
12
15
16
17
19
20
22
24
25
24
25
27
28
28
30
31
33
34
34
35
34
33
34
34
34
35
35
36
36
37
37
38
38
37
35
33
34
34
33
30
29
29
29
28
27
24
22
20
19
20
19
18
15
14
13
12
11
7
6
5
4
2
1
-1
0
-3
-5
-5
-6
-9
-11
-15
-17
-19
-20
-20
-23
-23
-24
-26
-29
-29
-30
-31
-34
-38
-38
-40
-40
-40
-41
-40
-41
-42
-41
-42
-44
-43
-44
-45
-43
-42
-42
-42
-40
-39
-39
-38
-37
-37
-36
-34
-33
-30
-28
-27
-25
-23
-21
-20
-18
-18
-17
-16
-14
-13
-10
-8
-5
-4
-2
0
0
2
2
2
2
3
4
6
7
9
11
11
11
9
11
11
12
12
12
12
13
14
16
16
15
15
16
17
18
19
19
20
20
21
21
20
21
23
21
21
23
25
26
28
29
30
30
31
31
32
32
30
31
32
33
32
32
31
30
30
30
29
30
30
29
27
27
26
23
21
19
18
15
13
11
9
9
7
5
3
3
1
0
-1
-4
-7
-11
-13
-15
-15
-17
-16
-17
-17
-19
-20
-22
-24
-24
-25
-26
-27
-27
-27
-27
-26
-27
-28
-30
-32
-32
-31
-31
-30
-28
-27
-27
-26
-25
-25
-25
-24
-25
-25
-24
-25
-23
-21
-19
-19
-18
-17
-17
-17
-15
-17
-17
-15
-13
-12
-9
-5
-4
-3
-4
-3
-4
-5
-5
-5
-2
0
3
4
7
7
9
10
10
11
11
10
12
13
15
17
20
21
21
22
22
23
24
26
29
31
31
33
35
33
34
36
36
36
37
37
40
40
40
41
42
42
41
39
38
38
37
37
37
36
38
38
37
36
35
33
30
29
28
27
26
27
27
25
21
19
17
16
14
12
10
8
6
5
4
2
-1
-1
-4
-6
-8
-10
-13
-15
-15
-16
-18
-20
-21
-25
-27
-29
-32
-32
-33
-34
-34
-37
-39
-39
-40
-41
-43
-44
-46
-49
-51
-50
-49
-48
-49
-49
-49
-49
-47
-48
-48
-48
-48
-48
-47
-45
-43
-42
-42
-40
-39
-38
-35
-34
-33
-32
-32
-30
-29
-26
-26
-25
-25
-23
-20
-17
-15
-13
-11
-10
-8
-5
-4
0
1
2
3
6
6
6
9
10
12
14
16
18
20
21
22
24
24
24
24
23
25
26
28
29
30
31
31
31
32
32
31
32
31
32
34
33
34
33
31
30
28
28
29
31
29
27
27
27
25
26
24
24
22
20
20
20
20
18
17
16
14
13
11
10
7
7
6
4
1
2
0
-3
-3
-4
-5
-7
-8
-10
-11
-13
-14
-15
-17
-17
-18
-17
-17
-16
-18
-18
-18
-19
-19
-19
-20
-20
-19
-21
-20
-20
-21
-20
-21
-21
-22
-20
-21
-19
-20
-20
-20
-19
-16
-17
-17
-16
-15
-14
-14
-12
-11
-10
-8
-7
-6
-6
-4
-3
-3
-2
0
2
3
5
6
8
9
11
11
12
13
14
15
16
18
20
20
22
23
25
25
25
26
26
27
26
26
26
26
25
26
25
25
24
23
23
23
21
20
18
17
16
15
14
15
13
14
13
12
12
11
10
8
7
7
6
5
5
4
5
4
4
2
3
1
1
0
0
0
-1
-1
-1
-1
-2
-2
-3
-3
-3
-3
-4
-5
-5
-7
-8
-9
-9
-9
-10
-11
-11
-11
-13
-14
-15
-17
-17
-18
-19
-19
-21
-22
-24
-24
-23
-23
-24
-23
-23
-24
-25
-25
-26
-27
-27
-26
-24
-22
-21
-21
-22
-22
-20
-22
-20
-20
-18
-16
-14
-11
-10
-9
-7
-9
-8
-7
-4
-3
-1
0
3
3
4
6
6
7
7
7
11
12
13
13
14
15
14
16
16
17
16
15
15
15
16
16
16
16
16
16
18
18
18
18
17
16
15
13
14
14
13
14
14
13
13
13
11
10
8
8
7
8
9
9
9
7
7
7
5
4
2
1
2
0
0
1
0
-2
-1
-3
-4
-3
-5
-6
-7
-7
-7
-6
-9
-9
-9
-10
-11
-11
-12
-15
-15
-16
-15
-15
-17
-16
-17
-16
-17
-17
-16
-17
-19
-20
-21
-20
-20
-21
-21
-21
-21
-20
-20
-19
-18
-20
-19
-18
-18
-18
-15
-14
-14
-14
-14
-13
-12
-10
-9
-9
-7
-4
-3
-2
-2
-1
1
1
2
3
4
6
6
7
8
9
9
12
13
13
14
16
16
17
18
18
18
19
20
20
21
22
24
23
24
25
26
26
26
26
25
28
27
27
28
27
27
28
27
27
27
25
25
24
25
26
25
24
25
25
24
23
23
22
21
19
17
17
16
14
12
11
11
11
10
8
7
6
4
3
1
-1
-3
-6
-7
-10
-12
-14
-14
-15
-17
-18
-18
-18
-21
-21
-23
-25
-25
-27
-27
-28
-29
-30
-31
-32
-33
-32
-32
-31
-32
-32
-31
-31
-31
-31
-30
-31
-30
-31
-30
-29
-29
-28
-26
-26
-25
-23
-22
-22
-22
-21
-19
-18
-15
-15
-16
-15
-13
-12
-12
-10
-10
-9
-8
-7
-7
-5
-3
-2
-2
-1
1
1
2
2
3
4
5
6
8
11
10
10
12
15
15
17
18
18
19
21
21
22
22
25
25
25
26
27
29
29
29
30
31
31
30
30
31
29
28
29
28
29
29
28
27
27
28
28
26
25
24
23
21
21
19
18
16
15
16
14
13
13
11
11
10
9
8
6
6
5
1
0
0
-2
-3
-4
-6
-7
-10
-12
-13
-13
-14
-16
-17
-17
-17
-19
-19
-20
-22
-21
-22
-23
-24
-26
-28
-28
-26
-26
-27
-27
-26
-23
-23
-23
-22
-21
-20
-21
-22
-20
-19
-18
-18
-19
-17
-17
-16
-14
-14
-14
-12
-13
-13
-10
-11
-10
-8
-8
-7
-8
-7
-6
-6
-6
-5
-5
-3
-2
-1
0
0
0
1
-1
0
3
4
4
4
6
7
6
6
8
7
8
8
7
9
10
9
10
11
12
12
12
13
13
14
13
13
14
14
15
14
16
17
16
17
17
18
20
19
18
19
19
21
19
20
21
22
22
21
21
22
21
19
18
17
17
14
13
14
13
12
11
10
8
6
4
2
1
1
-2
-2
-3
-5
-5
-8
-8
-8
-10
-11
-12
-12
-10
-12
-14
-14
-13
-15
-17
-17
-16
-16
-18
-19
-19
-20
-20
-20
-20
-19
-20
-20
-20
-20
-20
-19
-20
-19
-18
-18
-19
-20
-19
-17
-17
-18
-17
-16
-15
-15
-14
-14
-13
-12
-12
-12
-12
-12
-12
-11
-11
-12
-11
-10
-8
-7
-6
-5
-3
-2
-1
-2
-1
2
4
2
1
1
4
6
5
5
7
8
9
10
11
12
13
15
16
18
17
16
17
18
19
18
16
18
19
19
18
19
20
21
21
21
20
22
22
20
19
18
19
18
17
15
15
14
15
15
15
14
13
14
14
14
11
11
11
11
9
8
6
6
5
4
3
2
1
1
1
1
0
0
-1
-1
-2
-3
-4
-5
-5
-5
-7
-7
-6
-8
-8
-10
-10
-10
-10
-11
-12
-11
-12
-12
-13
-14
-13
-14
-14
-15
-16
-15
-16
-17
-15
-15
-15
-15
-14
-13
-12
-12
-12
-12
-12
-13
-12
-12
-11
-11
-11
-11
-11
-9
-9
-8
-8
-7
-7
-6
-6
-7
-6
-5
-4
-4
-3
-2
0
0
1
2
3
2
2
3
4
4
4
4
5
5
6
7
8
8
9
10
9
11
11
11
10
10
10
9
10
11
11
11
11
12
11
12
13
11
11
12
12
11
9
10
11
10
9
9
10
10
11
10
10
9
9
7
6
7
5
5
4
4
4
5
5
3
3
3
2
2
0
0
0
-2
-1
-2
-2
-2
-4
-4
-3
-4
-4
-7
-7
-8
-7
-7
-8
-9
-9
-9
-9
-9
-9
-10
-10
-10
-11
-11
-11
-11
-13
-13
-11
-12
-12
-11
-12
-11
-12
-12
-13
-13
-12
-12
-11
-11
-11
-10
-10
-10
-10
-11
-11
-11
-9
-9
-8
-7
-6
-5
-5
-6
-6
-6
-7
-6
-6
-6
-5
-5
-4
-3
-2
-1
-1
-1
-1
-1
-2
-1
0
1
3
4
5
5
6
8
7
7
6
8
8
9
9
10
11
13
14
14
12
13
13
12
11
12
12
13
15
16
16
18
18
16
15
15
14
15
14
14
14
14
14
16
16
16
14
12
12
12
11
10
9
9
8
9
8
7
9
6
3
1
1
0
-1
0
-1
-1
0
0
-1
-2
-3
-5
-6
-6
-7
-7
-8
-7
-8
-10
-8
-8
-10
-11
-11
-13
-14
-14
-14
-13
-13
-13
-12
-12
-12
-14
-13
-15
-15
-15
-15
-14
-14
-13
-13
-12
-11
-12
-11
-10
-11
-14
-12
-12
-12
-9
-9
-9
-9
-7
-7
-7
-5
-6
-6
-6
-6
-6
-5
-2
-3
0
-1
-1
0
1
1
1
3
2
1
3
4
5
4
5
6
5
9
9
6
6
7
6
6
9
8
9
8
8
7
9
9
9
9
9
8
8
9
9
9
8
8
8
8
9
7
7
8
8
8
7
6
7
6
6
7
8
7
5
6
5
3
3
3
6
5
5
4
4
3
2
1
1
1
2
1
1
-1
-2
-1
-1
-1
-2
-1
-1
-2
-1
-1
-4
-4
-3
-4
-2
-2
-2
-2
-3
-4
-3
-1
-1
-2
-2
-1
-2
-3
-2
-3
-3
-3
-3
-3
-4
-3
-1
0
-1
0
-2
-2
0
-1
-2
-2
-3
-3
-2
-1
-2
-2
-2
-2
-2
-3
-1
-2
-1
-1
-2
-2
-3
-2
-3
-2
-2
-2
0
-1
0
-1
0
1
0
0
1
0
1
1
-1
-1
0
0
0
0
0
-1
0
1
1
0
2
2
0
0
1
2
1
1
1
0
-1
-1
-1
-2
-2
-2
-3
-2
-1
-2
-4
-2
-1
-3
-5
-4
-3
-4
-4
-5
-6
-4
-6
-5
-5
-4
-3
-4
-4
-3
-2
-3
-3
-3
-3
-3
-4
-5
-5
-4
-4
-5
-3
-2
-1
-3
-2
0
0
-1
1
0
1
1
0
-1
-1
0
0
-1
0
0
2
2
3
3
2
2
4
3
4
4
4
4
4
4
4
5
4
4
5
5
5
5
5
5
5
5
5
5
5
5
5
4
4
4
4
4
3
3
3
2
3
3
2
3
2
1
2
1
1
2
2
2
1
1
2
2
1
2
1
1
1
0
0
1
1
1
1
2
1
