0
0
0
1
0
0
1
0
1
1
1
1
0
0
0
1
2
1
1
1
2
1
1
1
1
1
1
1
1
1
1
1
1
0
1
1
1
0
2
2
2
2
1
1
1
1
1
2
2
2
2
2
2
2
3
2
2
2
3
2
3
3
3
2
2
2
3
3
4
4
4
4
5
5
5
5
5
5
6
5
6
5
6
7
6
7
7
7
7
9
8
8
9
9
9
11
10
11
12
12
11
11
12
11
10
11
11
11
10
10
9
10
9
9
9
8
7
6
5
5
6
4
2
2
1
1
0
-1
-3
-3
-5
-7
-8
-10
-12
-14
-16
-17
-17
-18
-18
-19
-20
-21
-23
-25
-26
-27
-27
-30
-31
-30
-31
-31
-30
-32
-32
-31
-31
-32
-31
-31
-31
-31
-30
-29
-29
-27
-27
-27
-27
-26
-25
-25
-24
-22
-22
-21
-19
-18
-16
-14
-12
-11
-8
-5
-4
-1
1
3
5
7
8
11
11
13
15
17
20
21
23
24
27
28
30
32
32
33
34
35
36
38
39
39
39
41
42
42
43
42
41
41
40
40
39
38
37
35
34
33
31
32
29
29
28
25
24
22
20
17
14
11
8
6
4
1
-3
-3
-5
-8
-9
-10
-12
-14
-16
-17
-19
-21
-24
-28
-30
-32
-34
-36
-37
-39
-38
-39
-41
-41
-43
-45
-47
-49
-50
-53
-55
-57
-60
-63
-64
-66
-67
-66
-62
-56
-53
-48
-44
-43
-42
-41
-39
-38
-37
-29
-24
-20
-15
-7
-4
0
9
18
20
24
31
34
35
40
44
40
41
45
45
42
44
45
44
44
45
45
41
40
40
36
32
28
24
18
14
12
7
1
0
-1
-4
-9
-10
-11
-14
-17
-18
-21
-25
-25
-27
-27
-28
-28
-27
-27
-25
-24
-19
-12
-9
-4
2
6
9
13
16
19
22
27
33
40
47
53
60
66
69
73
78
81
81
82
87
89
87
90
94
93
90
93
94
91
92
95
93
90
90
86
77
70
65
57
51
47
43
36
33
27
21
15
13
6
0
-6
-10
-17
-24
-29
-33
-39
-45
-47
-51
-54
-58
-62
-66
-69
-72
-76
-79
-80
-80
-86
-87
-87
-91
-95
-99
-101
-107
-111
-111
-111
-115
-117
-119
-127
-131
-135
-137
-139
-133
-123
-114
-105
-96
-92
-94
-90
-87
-89
-87
-78
-69
-65
-56
-46
-43
-39
-27
-13
-9
-1
15
24
27
37
47
47
47
58
63
56
55
63
62
59
66
71
68
71
79
79
74
75
75
67
63
60
54
47
45
45
44
41
40
40
37
35
28
22
16
15
12
10
12
16
19
26
32
37
41
50
60
65
67
74
79
83
87
93
94
98
111
123
128
134
144
152
155
162
164
158
155
157
155
145
137
132
124
115
107
95
83
78
72
62
51
38
24
11
-4
-22
-41
-54
-70
-84
-95
-109
-123
-134
-146
-159
-170
-183
-196
-205
-214
-226
-236
-241
-249
-257
-259
-262
-267
-269
-266
-268
-274
-272
-268
-266
-256
-230
-203
-187
-176
-165
-153
-140
-135
-130
-115
-95
-76
-54
-31
-24
-22
1
30
45
57
82
94
95
106
120
119
120
138
149
143
139
140
137
135
138
131
119
118
119
115
104
91
77
65
62
55
39
31
29
20
5
-3
-14
-26
-32
-35
-43
-52
-57
-59
-63
-64
-66
-67
-62
-52
-43
-39
-34
-24
-11
0
8
20
35
51
70
90
104
115
130
148
164
177
191
207
217
226
242
254
259
265
276
280
278
284
289
286
281
274
260
247
238
229
215
205
194
175
158
143
117
92
72
51
32
16
-3
-23
-44
-63
-84
-111
-135
-155
-175
-189
-202
-216
-227
-234
-244
-260
-277
-288
-296
-304
-309
-316
-323
-327
-330
-331
-334
-336
-334
-329
-319
-296
-264
-234
-216
-208
-203
-191
-176
-169
-165
-145
-117
-100
-79
-53
-39
-30
-2
28
42
61
91
105
106
124
145
141
137
156
165
149
145
153
148
143
153
147
126
121
131
127
114
106
98
80
65
58
41
24
18
11
-5
-16
-14
-17
-25
-28
-34
-47
-56
-57
-58
-64
-62
-59
-60
-53
-42
-38
-36
-22
-8
1
15
37
51
65
86
106
115
126
147
162
169
187
208
218
228
249
260
259
274
291
289
283
288
285
277
273
272
263
251
242
227
209
197
184
164
144
124
99
70
45
23
0
-19
-35
-56
-79
-101
-122
-147
-172
-197
-217
-235
-248
-262
-276
-288
-304
-318
-329
-335
-342
-350
-362
-372
-380
-387
-393
-399
-410
-417
-407
-388
-363
-333
-297
-267
-256
-256
-244
-229
-229
-222
-188
-157
-152
-138
-101
-87
-86
-42
13
26
33
77
104
90
103
151
158
142
167
190
166
154
178
183
163
166
180
170
158
165
169
151
139
141
134
119
108
97
81
65
59
55
46
33
25
19
11
1
-12
-29
-37
-42
-49
-54
-48
-45
-44
-40
-30
-23
-17
-1
16
25
43
64
81
99
123
141
151
164
182
199
211
230
250
264
276
293
306
316
327
336
338
337
336
335
327
317
309
297
283
270
254
232
214
196
175
150
125
97
68
46
22
-3
-24
-45
-69
-93
-114
-141
-171
-199
-220
-240
-261
-280
-296
-313
-328
-342
-357
-372
-378
-386
-398
-405
-409
-420
-432
-436
-442
-452
-453
-436
-417
-389
-351
-302
-269
-266
-255
-228
-220
-227
-204
-156
-134
-123
-82
-47
-48
-26
37
75
81
118
170
175
174
221
246
224
230
264
258
230
240
255
241
235
249
245
227
227
231
217
201
193
177
160
148
135
118
101
87
73
61
45
28
15
7
-10
-32
-50
-63
-75
-83
-88
-92
-91
-87
-83
-82
-76
-70
-61
-50
-33
-17
1
18
36
61
81
94
108
129
147
161
180
202
220
238
259
277
283
291
310
319
313
312
313
303
290
283
276
258
244
232
214
194
179
162
134
107
85
58
26
3
-17
-37
-61
-86
-109
-133
-152
-177
-203
-226
-246
-263
-286
-307
-325
-342
-353
-367
-379
-391
-398
-404
-419
-432
-441
-448
-464
-477
-478
-488
-490
-459
-416
-385
-350
-298
-280
-302
-292
-256
-254
-259
-215
-167
-169
-157
-105
-86
-93
-40
43
60
58
113
154
140
154
213
221
192
212
243
221
202
228
235
216
225
245
237
228
240
244
232
219
213
197
186
185
172
152
137
126
115
109
98
75
57
44
28
10
-5
-15
-25
-33
-37
-45
-47
-41
-34
-32
-33
-31
-20
-5
10
23
33
48
74
103
126
139
150
160
178
197
208
224
242
258
280
298
305
308
320
333
326
318
312
298
280
268
257
234
217
201
182
162
141
114
83
56
46
40
15
-17
-47
-76
-105
-140
-179
-205
-216
-227
-257
-294
-333
-377
-411
-425
-433
-446
-457
-464
-482
-498
-510
-518
-519
-519
-519
-529
-540
-542
-517
-475
-418
-341
-248
-162
-111
-75
-20
42
72
100
159
220
233
224
232
213
162
142
154
117
54
49
51
-11
-56
-28
-18
-63
-63
-26
-38
-67
-30
18
5
7
58
101
110
139
192
210
208
229
249
235
222
232
226
179
134
115
85
40
3
-10
-32
-55
-49
-31
-14
9
62
115
154
199
252
290
310
334
356
368
375
386
390
375
378
399
415
404
384
372
337
273
201
150
93
35
-18
-68
-113
-151
-158
-164
-177
-171
-137
-118
-121
-107
-86
-88
-79
-50
-38
-58
-56
-38
-42
-57
-55
-50
-49
-34
-29
-37
-40
-25
-35
-68
-92
-113
-131
-151
-175
-201
-213
-217
-231
-251
-248
-241
-256
-284
-305
-315
-336
-379
-449
-499
-486
-439
-399
-355
-243
-70
62
96
106
169
225
208
148
103
72
39
-8
-90
-195
-237
-208
-202
-268
-313
-288
-269
-294
-319
-322
-322
-295
-240
-215
-213
-153
-28
77
144
219
309
391
441
455
438
400
357
293
210
129
59
8
-25
-48
-53
-35
-15
1
32
71
86
77
87
111
136
158
194
240
295
365
431
474
509
547
558
536
499
459
400
326
257
196
134
83
58
38
46
106
173
180
139
137
147
97
3
-43
-24
-16
-17
-26
-38
-39
-5
12
-31
-79
-62
-30
-65
-128
-139
-119
-116
-125
-128
-141
-150
-115
-100
-121
-124
-93
-71
-66
-55
-50
-54
-55
-64
-85
-116
-159
-208
-246
-269
-314
-368
-396
-412
-432
-446
-453
-487
-531
-550
-557
-519
-420
-296
-182
-15
186
282
250
231
269
255
173
117
116
89
26
-16
-65
-167
-250
-271
-298
-389
-466
-466
-473
-498
-459
-370
-328
-281
-142
-15
24
74
189
280
305
334
371
373
366
374
353
288
231
198
149
80
19
-25
-61
-80
-70
-44
-5
44
110
179
218
247
289
338
371
401
436
479
522
553
579
595
598
578
551
519
464
393
314
244
185
139
116
106
106
158
240
299
282
236
194
127
17
-100
-140
-121
-77
-42
-16
-14
-29
-37
-68
-145
-237
-281
-304
-338
-358
-332
-277
-208
-119
-61
-71
-90
-90
-109
-166
-215
-227
-219
-187
-143
-112
-89
-65
-70
-111
-182
-249
-316
-382
-443
-490
-507
-512
-515
-508
-476
-447
-436
-453
-480
-464
-376
-265
-178
-23
223
409
424
364
341
305
206
107
84
102
95
74
37
-51
-158
-225
-274
-391
-517
-549
-537
-537
-483
-332
-192
-91
56
195
227
211
258
305
281
253
268
299
316
340
346
323
279
219
140
45
-30
-88
-132
-161
-154
-99
-35
34
116
210
279
309
340
376
402
424
451
481
513
536
552
546
536
522
482
434
403
373
330
282
252
230
206
198
209
254
318
339
295
212
157
108
42
-25
-30
28
67
43
-38
-136
-225
-286
-343
-406
-426
-377
-295
-238
-201
-164
-135
-120
-123
-167
-246
-302
-301
-265
-222
-175
-123
-74
-33
-28
-77
-175
-271
-348
-424
-490
-524
-511
-471
-419
-397
-424
-483
-536
-550
-544
-546
-574
-589
-519
-375
-239
-135
27
271
465
489
376
278
242
210
161
144
190
239
239
176
38
-156
-312
-399
-474
-546
-540
-463
-381
-286
-173
-101
-96
-94
-59
-42
-47
-13
86
219
341
436
496
498
438
345
229
100
-22
-87
-90
-62
-5
51
81
87
89
77
41
36
70
124
189
286
404
506
591
630
630
605
561
510
461
440
447
473
490
503
517
510
462
375
303
252
216
195
249
391
507
504
409
311
204
39
-138
-229
-194
-99
-17
-3
-62
-121
-184
-271
-375
-452
-468
-433
-358
-278
-196
-119
-67
-31
-27
-81
-177
-236
-245
-242
-228
-189
-139
-115
-107
-130
-206
-303
-413
-509
-561
-547
-503
-456
-392
-334
-330
-385
-479
-584
-654
-664
-649
-641
-600
-474
-298
-136
4
184
387
457
326
148
64
32
-5
29
175
323
359
284
137
-80
-310
-465
-538
-557
-504
-380
-242
-146
-75
-27
-50
-130
-187
-178
-143
-89
58
267
421
506
547
528
423
282
159
59
-6
-16
24
88
153
190
166
97
21
-34
-67
-48
41
176
307
409
500
567
560
496
441
422
425
440
472
525
592
644
639
566
486
423
357
300
278
317
377
465
598
691
655
484
291
122
-15
-110
-121
-13
157
296
304
150
-79
-277
-399
-480
-512
-464
-332
-160
-45
-22
-72
-150
-240
-316
-383
-424
-386
-272
-138
-33
19
2
-83
-186
-302
-434
-533
-568
-548
-509
-435
-348
-315
-367
-475
-592
-702
-776
-797
-762
-666
-529
-428
-414
-445
-443
-371
-272
-148
32
252
393
384
313
243
189
144
136
183
222
223
165
54
-88
-228
-326
-391
-428
-426
-390
-333
-270
-216
-178
-152
-143
-130
-94
-34
34
120
228
321
378
400
397
359
290
222
183
159
138
132
139
128
86
25
-45
-104
-122
-86
-12
78
186
306
397
444
466
466
444
431
437
462
499
534
572
599
609
599
572
531
500
481
480
484
541
658
725
645
438
241
109
15
-56
-42
85
247
340
300
118
-124
-303
-387
-399
-389
-357
-273
-162
-99
-138
-249
-363
-409
-382
-338
-304
-238
-115
2
36
-41
-167
-272
-361
-423
-461
-456
-419
-367
-320
-321
-337
-377
-441
-544
-663
-732
-741
-678
-596
-505
-444
-440
-499
-631
-744
-733
-516
-168
184
448
550
475
263
42
-90
-97
19
237
455
530
456
285
65
-166
-353
-434
-429
-380
-303
-193
-119
-134
-212
-299
-389
-454
-434
-313
-113
115
335
488
524
470
368
255
147
86
108
186
279
368
432
421
310
135
-42
-172
-223
-173
-48
83
189
274
319
304
255
217
229
298
428
582
710
793
827
822
752
653
577
539
523
531
575
658
768
851
840
675
419
185
33
-33
-8
120
261
357
360
227
-20
-282
-408
-381
-270
-165
-100
-62
-60
-108
-232
-394
-524
-556
-478
-355
-235
-134
-54
-30
-82
-190
-314
-426
-501
-465
-359
-274
-244
-246
-259
-323
-427
-534
-606
-623
-600
-553
-525
-508
-492
-481
-491
-553
-640
-737
-786
-713
-503
-217
68
293
385
296
66
-161
-253
-199
-5
280
549
659
569
361
104
-126
-279
-320
-276
-226
-171
-105
-70
-114
-233
-369
-499
-588
-581
-455
-255
-68
85
193
228
182
117
96
101
136
216
337
448
506
538
529
436
278
132
55
37
77
156
235
274
267
220
151
84
41
60
136
251
389
511
595
635
638
632
642
665
693
738
784
798
766
699
631
559
477
401
331
268
204
142
82
40
37
40
15
-43
-105
-165
-210
-219
-200
-170
-161
-177
-214
-241
-243
-224
-196
-169
-145
-128
-123
-131
-160
-189
-208
-223
-234
-242
-250
-258
-270
-293
-340
-402
-451
-474
-475
-467
-457
-441
-437
-479
-550
-603
-624
-624
-611
-588
-572
-571
-588
-616
-611
-529
-405
-357
-411
-480
-493
-464
-430
-395
-348
-285
-190
-82
-12
-23
-93
-136
-83
45
160
190
155
129
160
229
274
251
198
180
197
205
194
182
181
195
231
274
281
254
228
224
239
264
281
303
335
375
402
406
392
358
332
324
317
280
214
175
181
222
262
271
257
225
195
175
180
202
225
255
304
367
427
477
519
546
559
574
580
565
554
577
629
666
671
656
624
575
508
431
362
328
338
347
303
221
127
32
-54
-119
-167
-206
-242
-281
-312
-332
-341
-365
-407
-440
-460
-460
-449
-438
-442
-444
-431
-429
-463
-508
-536
-547
-557
-582
-611
-630
-633
-641
-657
-673
-700
-723
-742
-737
-713
-707
-717
-699
-610
-484
-415
-426
-450
-427
-380
-337
-285
-237
-172
-77
8
33
-1
-29
8
110
218
261
224
154
115
131
197
259
275
254
235
229
186
104
32
1
19
67
116
144
142
128
110
85
45
2
-4
39
101
151
190
203
193
198
250
315
332
292
257
272
324
361
358
325
286
269
280
289
277
256
261
303
353
396
430
473
518
578
634
655
643
619
631
680
721
736
721
708
711
714
686
624
556
508
480
461
411
307
191
99
30
-35
-105
-184
-262
-319
-360
-396
-442
-488
-513
-522
-526
-544
-580
-597
-592
-569
-543
-527
-525
-537
-526
-490
-474
-503
-558
-592
-600
-595
-596
-618
-652
-686
-698
-697
-713
-749
-799
-794
-691
-545
-461
-490
-551
-550
-479
-380
-317
-305
-299
-227
-98
-7
-12
-62
-82
-34
71
154
139
47
-27
-9
66
119
122
98
85
83
70
30
-20
-50
-43
-4
49
89
102
97
85
63
27
-27
-71
-51
27
108
154
160
152
154
188
234
250
236
235
288
370
438
470
459
429
417
441
474
476
453
448
488
564
629
649
643
632
661
724
769
769
749
750
778
805
821
821
805
799
807
804
754
669
596
561
562
540
460
350
251
177
116
56
-28
-138
-219
-274
-338
-423
-505
-551
-568
-567
-576
-626
-702
-756
-771
-769
-766
-765
-750
-691
-610
-564
-584
-631
-656
-652
-629
-604
-604
-610
-616
-613
-606
-619
-668
-738
-760
-680
-536
-443
-454
-505
-508
-457
-394
-352
-329
-308
-254
-151
-62
-44
-71
-60
27
137
207
199
131
75
74
118
146
130
93
81
95
86
31
-45
-92
-96
-72
-46
-36
-43
-50
-50
-47
-58
-94
-120
-95
-33
21
40
45
43
48
83
140
190
206
213
261
332
376
383
385
394
414
464
515
537
534
536
564
603
630
644
649
669
744
822
861
847
813
810
838
878
894
890
893
914
934
907
836
761
701
674
670
641
552
447
371
310
234
130
11
-106
-197
-265
-337
-422
-497
-535
-542
-543
-556
-595
-650
-693
-722
-741
-766
-799
-818
-795
-744
-707
-704
-724
-736
-727
-703
-691
-695
-712
-729
-722
-701
-694
-739
-824
-841
-735
-583
-497
-515
-559
-557
-495
-411
-358
-338
-318
-239
-118
-50
-73
-138
-160
-89
44
150
157
88
43
70
123
132
81
6
-43
-54
-47
-53
-78
-88
-60
-27
-22
-39
-60
-72
-74
-60
-56
-80
-100
-74
-9
37
52
48
21
0
34
87
116
116
123
163
220
282
313
319
327
349
402
460
494
491
490
547
639
716
754
764
776
802
834
845
844
857
893
937
973
978
956
932
918
923
928
913
875
825
782
737
682
619
551
501
456
392
299
190
88
-5
-83
-152
-221
-287
-351
-405
-455
-503
-566
-643
-710
-755
-780
-797
-812
-830
-850
-859
-859
-866
-873
-873
-863
-848
-830
-822
-818
-811
-798
-779
-770
-813
-863
-812
-669
-555
-558
-612
-624
-592
-525
-451
-408
-383
-336
-226
-109
-61
-71
-94
-61
30
103
109
56
14
31
93
154
159
115
77
59
33
-13
-74
-115
-117
-90
-56
-31
-18
-35
-65
-77
-87
-128
-186
-209
-180
-137
-99
-62
-35
-25
-15
15
47
53
38
44
87
142
188
223
260
297
350
415
459
477
494
547
634
715
771
795
805
832
875
945
1013
1064
1113
1141
1167
1166
1123
1051
987
982
1000
1012
1021
1006
954
872
785
691
581
494
446
412
358
281
196
112
29
-44
-108
-168
-230
-288
-349
-436
-546
-642
-700
-728
-743
-749
-756
-770
-810
-869
-942
-1017
-1082
-1110
-1091
-1059
-1046
-1057
-1067
-1093
-1135
-1116
-996
-764
-521
-364
-275
-235
-218
-270
-354
-393
-350
-169
120
397
484
354
150
-26
-109
-129
-128
-122
-113
-79
-78
-159
-300
-435
-495
-497
-475
-472
-496
-518
-548
-567
-534
-415
-255
-119
-30
-22
-81
-171
-243
-244
-190
-105
-19
39
30
-45
-96
-90
-43
-3
-1
-26
-62
-78
-68
-43
1
81
230
399
532
615
676
757
845
924
989
1045
1089
1112
1150
1192
1229
1269
1307
1317
1258
1152
1021
914
845
812
806
773
701
599
503
437
393
376
364
338
285
230
213
208
210
225
261
303
310
289
236
156
67
-19
-85
-165
-258
-340
-378
-384
-408
-462
-534
-611
-693
-780
-863
-945
-1001
-1018
-1018
-1015
-1011
-1013
-1040
-1023
-888
-630
-385
-287
-285
-284
-246
-249
-308
-316
-236
-81
74
144
67
-134
-269
-253
-189
-226
-387
-544
-657
-722
-736
-715
-669
-623
-551
-503
-555
-647
-660
-564
-483
-467
-415
-295
-163
-52
49
109
92
48
20
-17
-92
-144
-115
-70
-90
-157
-199
-192
-183
-176
-183
-211
-233
-212
-161
-143
-136
-60
84
205
293
414
587
768
914
1022
1077
1080
1078
1104
1139
1131
1111
1109
1108
1068
993
953
947
925
875
790
683
573
502
480
457
442
455
475
476
453
446
464
481
480
469
478
509
546
557
519
440
358
308
260
185
92
-1
-86
-167
-269
-383
-482
-534
-535
-553
-618
-709
-768
-787
-797
-818
-863
-921
-985
-954
-756
-465
-246
-195
-202
-161
-104
-135
-232
-260
-206
-126
-83
-104
-189
-307
-336
-280
-255
-329
-431
-471
-536
-659
-747
-771
-776
-771
-718
-667
-687
-694
-610
-498
-455
-438
-353
-246
-197
-174
-112
-58
-59
-93
-131
-167
-190
-178
-178
-241
-332
-375
-361
-351
-351
-337
-328
-321
-291
-240
-201
-176
-117
-35
45
147
302
483
611
694
770
833
861
874
905
934
947
947
928
868
798
772
782
775
736
696
664
608
530
461
418
404
418
433
419
398
403
444
492
525
543
567
622
674
695
673
611
537
465
412
370
314
252
188
146
126
83
8
-74
-132
-169
-205
-259
-342
-435
-497
-511
-517
-534
-567
-552
-413
-192
-14
22
-4
0
4
-29
-80
-77
-61
-70
-95
-153
-245
-372
-462
-480
-495
-537
-591
-643
-734
-855
-926
-941
-948
-938
-912
-895
-896
-855
-752
-676
-642
-601
-509
-415
-362
-303
-254
-243
-269
-296
-309
-335
-347
-322
-294
-298
-336
-374
-397
-393
-363
-337
-334
-332
-290
-230
-179
-150
-128
-71
41
194
350
453
524
587
655
706
719
728
732
744
760
756
716
655
607
565
528
507
478
426
366
340
349
339
316
304
291
285
292
303
306
314
345
391
448
507
556
592
619
629
622
600
554
491
442
418
368
291
235
219
224
213
189
154
140
131
82
21
-49
-114
-184
-270
-313
-229
-26
182
241
250
341
470
474
336
302
348
351
280
194
120
-27
-165
-231
-288
-354
-420
-458
-543
-696
-767
-782
-820
-912
-1000
-1016
-1038
-1048
-1019
-994
-982
-963
-865
-736
-664
-595
-481
-370
-343
-360
-357
-379
-423
-453
-476
-510
-548
-567
-578
-566
-516
-466
-453
-452
-415
-358
-319
-295
-272
-199
-83
33
133
224
334
428
510
566
592
626
671
703
700
665
628
612
604
590
555
509
451
375
292
206
147
109
88
77
66
80
113
128
131
157
197
211
220
255
303
345
376
420
473
507
511
498
492
477
436
363
298
266
240
213
178
157
151
158
159
139
116
74
24
-30
-35
60
228
343
354
389
525
641
634
599
665
740
744
713
675
591
428
299
215
145
89
39
-44
-207
-360
-411
-437
-518
-641
-714
-726
-780
-850
-874
-856
-853
-849
-782
-717
-706
-669
-578
-513
-525
-562
-563
-558
-558
-559
-586
-637
-695
-736
-759
-767
-773
-785
-786
-758
-710
-648
-586
-542
-479
-362
-239
-154
-87
17
122
186
234
307
387
442
497
542
554
533
500
479
462
454
446
410
344
292
268
226
160
111
92
64
15
-27
-44
-49
-51
-40
-18
5
34
92
161
201
214
238
266
253
221
212
208
189
161
131
112
112
129
130
105
85
84
89
84
72
69
55
59
130
269
411
456
470
549
658
708
729
833
948
990
980
974
936
816
704
656
623
572
498
395
245
100
53
39
-31
-164
-263
-285
-313
-376
-439
-472
-487
-498
-480
-476
-503
-491
-425
-378
-410
-457
-464
-471
-496
-525
-551
-600
-664
-699
-712
-720
-748
-789
-829
-845
-826
-800
-783
-770
-711
-587
-454
-360
-303
-219
-103
-4
70
145
224
280
333
390
409
388
361
348
320
287
281
267
207
138
97
65
23
-8
-19
-38
-66
-102
-144
-184
-202
-208
-222
-237
-231
-199
-158
-123
-94
-52
9
54
74
61
28
-16
-57
-77
-104
-117
-119
-130
-158
-180
-162
-148
-163
-172
-174
-139
-21
165
328
379
413
508
622
698
741
839
924
974
1026
1091
1105
1007
910
882
865
813
732
643
527
423
382
325
213
112
99
119
80
7
-29
-21
-13
-17
-34
-72
-129
-157
-140
-132
-163
-204
-213
-217
-232
-248
-278
-338
-398
-417
-433
-495
-582
-661
-725
-759
-774
-774
-771
-736
-656
-565
-485
-430
-364
-279
-196
-128
-55
26
83
119
178
258
298
285
276
267
241
204
161
97
22
-5
-18
-65
-124
-166
-183
-196
-188
-179
-196
-212
-205
-184
-184
-209
-233
-251
-260
-260
-250
-228
-219
-221
-205
-178
-183
-218
-229
-213
-220
-243
-249
-260
-320
-381
-394
-390
-410
-456
-440
-325
-120
57
97
136
257
424
476
499
616
727
782
805
875
898
819
755
755
790
818
787
699
557
487
492
454
345
224
195
220
220
179
164
216
264
260
259
281
294
301
325
312
227
159
150
148
106
78
46
-30
-102
-142
-176
-238
-299
-359
-415
-430
-432
-475
-537
-560
-529
-465
-404
-372
-341
-257
-164
-108
-69
19
115
154
178
201
208
193
188
172
110
61
39
5
-55
-109
-158
-224
-282
-320
-356
-383
-401
-412
-430
-436
-411
-386
-361
-339
-314
-269
-224
-209
-218
-215
-198
-210
-249
-279
-296
-322
-344
-367
-390
-387
-363
-371
-437
-490
-487
-507
-575
-593
-477
-282
-185
-178
-123
37
174
198
271
413
547
615
690
767
716
629
618
637
620
575
536
439
311
266
258
204
98
20
7
13
16
8
23
81
142
186
220
248
274
341
431
452
424
430
471
473
446
423
375
319
274
220
129
58
39
-3
-79
-143
-164
-174
-181
-161
-126
-85
-60
-42
-1
56
105
128
184
264
324
353
370
380
376
390
398
354
293
249
188
92
10
-48
-139
-230
-280
-318
-378
-452
-514
-561
-566
-547
-547
-563
-558
-527
-509
-501
-493
-491
-471
-432
-412
-410
-401
-381
-370
-363
-372
-419
-452
-454
-465
-545
-637
-689
-712
-682
-575
-422
-329
-295
-228
-90
43
108
154
246
344
413
482
539
523
464
465
519
549
526
485
415
336
282
243
165
54
-22
-56
-79
-122
-176
-194
-162
-117
-81
-47
-21
8
84
183
221
188
181
232
271
270
264
265
273
290
302
293
275
258
236
209
184
152
115
89
96
122
150
174
193
234
306
371
404
441
517
606
668
696
697
685
684
689
654
585
537
507
448
371
304
225
135
53
-24
-117
-199
-245
-289
-365
-427
-445
-467
-503
-526
-526
-509
-488
-485
-492
-484
-476
-494
-525
-540
-548
-553
-546
-550
-566
-560
-540
-570
-643
-692
-703
-677
-593
-470
-408
-408
-364
-243
-150
-124
-74
36
140
230
332
402
364
291
299
346
341
286
236
179
102
40
1
-45
-107
-154
-179
-208
-261
-314
-319
-277
-260
-276
-293
-292
-281
-242
-172
-160
-192
-188
-130
-70
-45
-20
-3
14
52
81
79
76
112
143
137
120
115
114
124
161
206
239
261
304
371
439
482
508
557
605
642
687
753
791
780
779
803
803
769
748
726
668
590
525
449
372
327
280
185
74
-8
-56
-91
-126
-162
-200
-224
-252
-279
-286
-303
-349
-401
-411
-410
-435
-453
-460
-478
-501
-510
-511
-517
-519
-535
-576
-610
-587
-478
-312
-181
-175
-194
-101
64
124
108
167
276
343
379
441
429
320
259
295
333
288
209
131
38
-8
-16
-69
-171
-261
-275
-256
-260
-323
-384
-352
-290
-306
-370
-392
-383
-383
-359
-341
-399
-470
-454
-399
-418
-481
-528
-548
-533
-494
-468
-467
-448
-407
-355
-297
-244
-212
-171
-80
15
68
108
185
273
342
386
425
480
559
646
701
723
741
764
777
785
775
753
729
703
666
626
590
554
510
458
411
357
311
262
204
150
120
101
81
69
67
48
10
-16
-34
-70
-109
-150
-206
-286
-354
-390
-419
-460
-509
-514
-493
-511
-564
-608
-555
-406
-214
-85
-89
-74
56
237
306
322
411
522
587
622
682
687
593
506
480
474
446
377
288
164
94
81
50
-27
-115
-141
-127
-130
-170
-205
-178
-127
-117
-150
-194
-214
-187
-127
-137
-246
-338
-356
-362
-426
-496
-547
-602
-647
-678
-709
-745
-751
-735
-733
-724
-704
-673
-622
-540
-445
-374
-294
-211
-126
-32
68
148
194
278
387
463
486
500
529
532
529
519
489
447
404
376
346
316
292
259
241
233
207
153
123
131
141
137
121
108
100
103
107
91
77
66
49
31
5
-34
-100
-158
-194
-234
-284
-347
-392
-432
-453
-483
-505
-444
-287
-121
-65
-44
38
171
264
323
422
540
635
707
784
830
786
728
703
694
662
579
479
336
219
166
133
83
10
-24
-25
-27
-37
-59
-45
-4
33
43
19
2
14
61
74
25
-32
-68
-78
-104
-150
-229
-335
-405
-429
-459
-521
-582
-619
-659
-694
-704
-688
-669
-649
-602
-529
-458
-406
-359
-292
-208
-134
-77
-17
46
97
141
187
215
211
213
230
214
160
119
104
70
15
-28
-63
-94
-116
-122
-134
-167
-185
-176
-145
-112
-104
-116
-118
-94
-79
-82
-78
-75
-82
-106
-134
-159
-194
-227
-272
-316
-349
-373
-400
-432
-453
-442
-335
-149
-22
-9
8
144
299
347
393
524
670
747
794
859
848
777
753
778
763
680
611
549
448
348
304
292
236
157
130
147
151
118
96
114
140
171
203
222
206
212
281
330
301
250
254
265
218
155
96
33
-48
-119
-175
-236
-284
-338
-395
-437
-441
-415
-404
-393
-371
-322
-253
-202
-166
-118
-37
34
80
123
166
194
206
228
239
234
215
172
106
34
-4
-34
-89
-152
-212
-259
-297
-333
-363
-390
-400
-392
-386
-378
-358
-340
-336
-335
-328
-326
-326
-324
-314
-311
-321
-343
-383
-417
-442
-457
-487
-550
-602
-624
-638
-654
-605
-443
-284
-223
-206
-104
39
109
157
272
426
513
555
618
663
651
612
587
578
566
561
524
412
299
264
287
271
191
138
130
133
116
94
84
87
107
146
178
192
220
288
342
354
351
370
403
407
383
339
280
215
142
73
14
-28
-76
-141
-198
-207
-174
-133
-108
-95
-71
-24
48
106
142
182
230
277
312
347
381
389
375
366
375
386
368
318
255
206
161
98
19
-41
-78
-119
-177
-241
-289
-315
-329
-345
-373
-398
-403
-395
-384
-379
-377
-375
-363
-349
-334
-332
-346
-380
-432
-480
-527
-583
-647
-718
-779
-836
-874
-844
-722
-554
-450
-395
-318
-189
-86
-55
0
107
200
225
223
241
236
214
193
184
180
182
195
163
85
34
40
51
11
-44
-63
-73
-84
-99
-90
-70
-53
-13
31
78
130
216
319
361
363
380
416
420
366
305
240
176
115
62
24
-3
-19
-44
-69
-64
-30
6
41
80
128
174
218
277
331
368
386
410
456
499
535
552
558
550
525
520
512
481
416
346
297
240
172
90
25
-10
-33
-52
-84
-120
-147
-152
-126
-105
-109
-111
-93
-58
-33
-28
-45
-65
-73
-70
-77
-124
-200
-277
-335
-372
-427
-503
-571
-612
-666
-724
-698
-554
-391
-312
-267
-178
-71
-20
-10
48
153
227
234
220
233
233
208
177
142
96
62
43
-33
-173
-290
-322
-337
-410
-485
-525
-551
-564
-540
-469
-415
-381
-319
-218
-103
-4
88
164
194
201
222
259
246
182
120
81
43
-11
-51
-60
-71
-97
-131
-150
-151
-144
-122
-94
-57
-16
35
105
191
284
354
417
489
570
648
696
713
707
692
680
661
626
570
495
413
333
250
177
112
52
-6
-62
-107
-130
-139
-165
-196
-197
-156
-104
-84
-74
-35
25
67
77
90
117
132
130
113
84
31
-33
-83
-137
-207
-277
-333
-391
-495
-544
-468
-298
-160
-133
-75
26
117
122
98
193
307
365
344
329
380
388
373
331
284
247
198
156
31
-137
-270
-337
-378
-470
-561
-621
-671
-688
-677
-614
-568
-556
-500
-419
-316
-235
-168
-113
-109
-91
-59
-22
-23
-64
-83
-100
-119
-153
-171
-181
-222
-269
-304
-298
-288
-291
-287
-275
-223
-145
-55
24
103
198
288
359
415
482
557
605
607
604
616
639
643
618
572
519
472
421
351
269
193
120
51
-20
-77
-119
-166
-214
-243
-233
-210
-189
-154
-98
-40
-11
2
32
73
119
148
153
119
73
51
33
2
-67
-125
-164
-201
-256
-324
-363
-353
-261
-98
32
94
130
197
274
279
274
330
428
490
486
490
524
536
534
522
508
460
379
291
163
6
-130
-208
-264
-347
-424
-476
-503
-522
-510
-463
-428
-410
-395
-361
-311
-271
-227
-191
-183
-187
-182
-154
-146
-170
-203
-228
-260
-307
-352
-393
-429
-457
-464
-456
-437
-425
-417
-379
-313
-229
-169
-119
-50
11
58
96
170
271
348
396
428
488
552
576
551
501
460
407
354
293
217
156
110
77
38
-7
-34
-65
-107
-151
-195
-217
-213
-187
-154
-117
-70
-18
32
68
101
130
136
118
72
32
2
-21
-53
-98
-108
-107
-101
-127
-182
-235
-293
-260
-147
17
134
175
251
327
382
351
328
426
543
638
667
691
722
693
669
631
579
492
363
265
150
29
-45
-78
-82
-123
-181
-213
-244
-264
-276
-277
-295
-328
-319
-272
-201
-153
-124
-91
-86
-80
-86
-99
-132
-189
-229
-277
-328
-357
-358
-333
-329
-331
-321
-324
-342
-375
-401
-396
-368
-330
-287
-236
-143
-38
52
107
153
223
280
321
324
313
310
304
306
301
299
298
273
228
163
100
56
5
-57
-133
-186
-211
-226
-243
-265
-268
-255
-234
-211
-185
-145
-108
-91
-90
-85
-64
-51
-69
-104
-126
-129
-131
-143
-159
-154
-138
-126
-135
-159
-197
-249
-313
-337
-253
-97
63
144
193
275
345
369
340
361
491
629
721
733
715
717
686
651
582
492
412
332
282
234
189
174
161
137
75
-15
-92
-168
-234
-294
-318
-278
-213
-152
-113
-75
-48
-58
-107
-178
-231
-275
-298
-290
-246
-172
-111
-76
-55
-51
-55
-85
-143
-208
-263
-279
-274
-262
-224
-157
-76
-25
-12
12
44
69
63
58
104
180
262
320
354
373
378
370
336
277
223
186
168
156
153
160
157
125
53
-33
-120
-194
-252
-291
-308
-310
-301
-292
-285
-284
-302
-341
-405
-458
-478
-457
-407
-366
-328
-274
-210
-169
-175
-220
-269
-309
-330
-324
-296
-265
-237
-227
-221
-174
-78
55
151
193
208
203
187
156
175
279
430
562
622
620
575
514
473
475
480
463
433
429
456
460
431
369
289
182
43
-82
-151
-165
-160
-171
-190
-190
-189
-210
-283
-378
-435
-445
-417
-360
-273
-165
-71
-7
24
13
-31
-87
-123
-111
-76
-41
-2
41
71
68
34
-9
-52
-86
-75
-26
49
114
143
153
136
130
135
146
162
178
218
284
378
472
527
531
508
482
459
434
389
334
290
260
239
197
127
30
-83
-186
-278
-354
-396
-413
-428
-451
-474
-489
-505
-526
-546
-554
-533
-488
-429
-371
-333
-301
-281
-277
-272
-268
-240
-216
-210
-199
-189
-180
-221
-284
-283
-227
-139
-98
-89
-62
-74
-103
-134
-93
32
175
336
469
539
510
430
402
457
536
585
610
627
621
569
477
370
258
149
34
-76
-149
-179
-174
-175
-205
-251
-307
-369
-425
-440
-405
-343
-296
-244
-186
-126
-78
-54
-24
-9
-5
13
57
139
203
219
210
175
129
64
-3
-31
-37
-25
-9
30
110
151
133
79
64
101
132
167
231
362
501
587
624
625
604
555
518
523
554
586
587
564
513
439
345
242
136
30
-54
-123
-179
-238
-299
-365
-441
-496
-528
-531
-512
-470
-422
-396
-389
-375
-338
-317
-322
-325
-289
-237
-204
-192
-185
-179
-198
-241
-282
-313
-359
-409
-452
-480
-463
-416
-341
-300
-289
-282
-290
-290
-273
-175
-12
148
271
347
391
364
287
244
275
351
409
455
474
443
361
268
203
128
53
-5
-27
-54
-110
-166
-208
-238
-278
-295
-272
-232
-184
-146
-119
-122
-140
-152
-156
-153
-139
-108
-79
-74
-74
-64
-53
-61
-82
-87
-77
-71
-71
-60
-34
-9
14
53
100
144
188
246
313
358
376
395
432
480
516
545
577
614
641
650
640
605
539
462
398
364
348
325
287
230
162
89
24
-19
-40
-52
-69
-94
-136
-184
-227
-251
-246
-226
-202
-177
-162
-161
-176
-207
-242
-267
-276
-270
-266
-251
-232
-239
-265
-297
-308
-301
-292
-273
-243
-197
-179
-195
-205
-212
-201
-193
-192
-189
-180
-149
-125
-100
-67
-67
-80
-98
-99
-85
-73
-74
-94
-113
-140
-172
-183
-167
-144
-136
-130
-112
-88
-76
-76
-70
-73
-72
-53
-21
13
24
16
1
-2
-3
5
28
51
58
42
19
2
2
0
-18
-25
-14
4
17
23
41
64
77
82
89
119
150
163
164
162
174
188
202
221
245
269
275
265
251
237
227
216
207
209
224
247
270
278
274
271
268
259
236
224
218
210
203
195
202
212
217
229
234
231
216
192
165
130
105
91
71
43
20
22
38
38
20
-1
-16
-33
-53
-71
-84
-94
-105
-113
-123
-127
-127
-122
-126
-136
-139
-137
-137
-150
-159
-149
-136
-139
-158
-167
-165
-169
-194
-214
-213
-196
-186
-185
-185
-188
-212
-252
-292
-317
-326
-320
-309
-304
-299
-286
-274
-263
-269
-286
-293
-285
-269
-248
-224
-206
-195
-184
-164
-139
-126
-114
-96
-70
-44
-25
-16
-11
0
20
48
82
107
124
149
172
182
180
174
165
150
139
150
181
208
215
215
223
241
254
256
247
234
216
196
186
186
187
182
163
137
111
97
91
90
88
82
73
61
46
35
22
4
-16
-25
-15
10
35
50
60
69
79
91
106
135
156
171
185
198
204
204
202
204
204
194
178
168
167
161
150
133
111
94
91
99
110
110
101
93
87
79
64
39
17
0
-7
-12
-19
-35
-61
-89
-117
-149
-180
-209
-235
-253
-260
-262
-268
-287
-318
-351
-376
-393
-398
-391
-376
-360
-343
-325
-296
-268
-253
-252
-253
-247
-235
-216
-193
-167
-141
-128
-121
-115
-110
-111
-121
-125
-116
-90
-54
-27
-14
-7
-3
-6
-11
-2
18
40
59
78
101
118
123
119
117
123
130
136
142
144
139
126
110
85
62
42
22
1
-22
-46
-67
-81
-87
-91
-96
-90
-69
-32
12
41
58
76
97
110
118
122
127
134
148
166
181
186
179
170
163
160
159
159
156
152
153
160
166
164
156
154
160
172
187
206
226
245
260
266
264
255
242
229
213
192
174
156
136
107
72
32
-12
-51
-82
-105
-124
-140
-155
-163
-156
-151
-149
-146
-140
-127
-109
-95
-81
-65
-45
-28
-23
-24
-23
-23
-27
-28
-31
-42
-56
-69
-74
-77
-85
-97
-110
-118
-124
-128
-133
-145
-163
-173
-174
-170
-166
-164
-165
-162
-148
-124
-101
-96
-108
-125
-134
-132
-129
-126
-129
-142
-168
-199
-223
-239
-247
-257
-268
-275
-269
-251
-232
-216
-206
-198
-188
-166
-130
-85
-42
-6
24
47
69
91
109
120
133
149
167
187
206
217
221
219
217
220
223
223
220
225
241
253
263
269
273
274
274
282
295
303
309
312
314
310
298
283
269
251
221
186
155
128
103
73
39
5
-21
-44
-59
-64
-69
-73
-74
-68
-62
-59
-55
-52
-49
-42
-31
-15
9
41
69
87
97
106
113
115
118
126
133
133
129
123
120
113
94
72
55
46
38
27
15
4
-8
-18
-27
-32
-38
-46
-61
-80
-97
-117
-136
-156
-172
-185
-196
-213
-236
-264
-293
-317
-342
-370
-396
-408
-409
-408
-408
-406
-405
-404
-405
-402
-394
-386
-374
-356
-330
-305
-281
-255
-228
-199
-172
-149
-133
-119
-102
-80
-58
-40
-21
0
22
44
62
75
82
87
102
125
146
164
183
203
223
238
253
263
266
273
280
292
298
299
296
286
270
255
246
237
226
216
206
197
191
184
175
158
135
116
104
98
91
83
79
75
69
73
81
91
97
101
104
104
105
109
109
106
105
113
122
123
122
124
131
132
119
100
89
84
81
69
55
43
35
32
30
30
30
19
4
-8
-18
-29
-44
-64
-81
-93
-101
-116
-118
-99
-103
-129
-142
-142
-163
-191
-188
-184
-196
-207
-211
-216
-225
-227
-223
-216
-212
-218
-229
-229
-231
-241
-250
-243
-221
-201
-185
-175
-169
-160
-146
-139
-135
-123
-105
-94
-90
-83
-72
-62
-55
-49
-32
-11
0
6
4
1
1
2
-1
-1
6
10
12
18
27
38
48
53
55
55
54
50
48
51
59
63
61
58
63
74
81
86
92
100
111
118
126
133
137
133
130
137
159
188
216
238
248
250
256
269
281
288
291
289
286
282
282
281
268
248
232
219
210
204
196
180
155
124
95
69
44
21
-3
-23
-39
-49
-61
-79
-93
-109
-134
-157
-175
-185
-192
-197
-200
-205
-214
-219
-223
-227
-236
-241
-238
-238
-236
-231
-226
-215
-207
-199
-190
-179
-160
-142
-129
-115
-97
-88
-12
60
15
-24
24
59
9
-13
38
69
82
106
88
50
39
26
32
57
63
28
6
22
17
-5
-7
9
20
18
11
-13
-34
-32
-16
-20
-38
-34
-30
-48
-74
-74
-58
-65
-82
-85
-87
-105
-122
-120
-111
-108
-105
-99
-92
-73
-64
-58
-31
-8
6
25
56
86
109
122
134
138
141
165
195
216
226
228
231
233
233
233
230
222
213
203
197
191
179
166
154
146
136
131
132
125
105
83
65
50
35
12
-4
-5
-13
-33
-53
-68
-85
-106
-127
-151
-172
-200
-226
-236
-244
-255
-264
-272
-281
-283
-278
-279
-272
-262
-255
-237
-210
-194
-186
-172
-159
-145
-122
-97
-80
-75
-62
-35
-16
-17
-6
-5
-4
7
17
22
26
51
64
62
83
110
102
86
96
111
90
94
125
119
128
149
152
137
132
128
106
110
119
67
55
84
57
28
26
40
0
-26
3
-1
-31
-36
-25
-36
-51
-44
-29
-18
-7
-17
-19
12
13
-6
19
57
41
32
77
79
64
92
110
90
92
132
114
79
111
129
114
97
106
138
128
116
122
120
129
129
127
136
157
162
123
95
117
121
77
72
103
84
45
23
11
-4
-30
-63
-84
-82
-86
-129
-177
-165
-164
-187
-196
-194
-183
-214
-213
-208
-233
-222
-219
-233
-211
-191
-186
-195
-197
-183
-211
-201
-192
-198
-167
-167
-173
-159
-144
-146
-155
-146
-129
-109
-86
-80
-57
-28
-35
-36
8
15
12
37
43
68
78
87
88
91
92
82
102
105
78
72
83
69
73
83
72
54
62
82
60
46
65
69
43
35
61
61
69
107
96
72
92
105
93
104
117
102
95
125
133
101
105
119
107
118
115
95
113
132
116
111
126
132
122
120
138
140
147
140
137
183
184
144
159
164
146
137
120
143
123
108
97
61
62
47
43
11
-21
9
-20
-56
-51
-73
-78
-73
-93
-116
-95
-64
-97
-123
-93
-102
-127
-92
-105
-148
-105
-83
-137
-162
-132
-121
-141
-156
-166
-137
-119
-184
-192
-124
-129
-193
-175
-103
-115
-169
-143
-94
-100
-108
-113
-107
-77
-66
-84
-93
-60
-42
-70
-72
-76
-74
-55
-72
-105
-104
-95
-115
-147
-142
-133
-139
-140
-150
-145
-117
-118
-126
-114
-102
-102
-93
-79
-70
-50
-34
-31
-29
5
22
25
31
35
72
84
63
63
92
113
85
83
122
143
129
125
144
165
169
154
166
195
216
197
180
212
218
220
207
201
225
234
220
202
207
177
158
166
152
137
140
129
82
79
105
70
39
54
65
58
49
30
17
28
43
39
30
59
69
45
26
50
68
41
58
68
53
73
93
34
2
61
51
6
27
43
7
-1
-1
-20
-5
-2
-29
-38
11
-15
-63
-40
-49
-53
-42
-55
-82
-81
-79
-129
-149
-113
-111
-171
-192
-166
-183
-221
-228
-225
-240
-228
-239
-279
-269
-249
-265
-298
-262
-223
-235
-224
-241
-257
-213
-186
-198
-190
-146
-114
-138
-136
-119
-125
-101
-91
-80
-38
-34
-32
-58
-60
-5
-3
-15
3
45
64
26
11
49
65
76
68
55
116
130
85
66
91
116
98
92
111
122
114
98
85
110
127
91
77
98
114
100
62
79
120
107
82
107
154
136
109
131
140
164
174
175
187
196
209
192
208
212
193
223
229
233
239
203
200
197
191
211
210
219
205
191
184
149
160
170
139
149
167
138
98
91
76
42
42
55
42
27
5
-47
-71
-53
-77
-102
-92
-84
-120
-154
-151
-184
-206
-180
-178
-196
-180
-189
-209
-218
-212
-198
-208
-180
-179
-187
-166
-176
-182
-180
-163
-141
-153
-154
-139
-129
-134
-165
-148
-119
-117
-105
-120
-125
-108
-106
-113
-112
-87
-78
-113
-104
-79
-92
-103
-106
-90
-86
-95
-99
-107
-116
-116
-116
-117
-111
-113
-121
-142
-140
-111
-121
-134
-113
-99
-112
-98
-79
-100
-89
-54
-41
-23
17
24
20
36
52
59
80
126
148
140
157
178
181
172
181
217
237
251
261
262
262
259
249
242
258
290
287
257
262
280
258
228
224
228
234
234
207
188
180
170
132
111
135
129
108
80
60
59
44
18
-5
-8
3
-16
-41
-43
-45
-43
-66
-90
-82
-60
-48
-66
-76
-62
-64
-80
-87
-75
-59
-57
-58
-52
-48
-48
-53
-48
-28
-22
-37
-42
-35
-36
-40
-44
-52
-40
-27
-49
-63
-71
-73
-75
-84
-77
-82
-96
-111
-128
-146
-149
-134
-132
-131
-148
-170
-164
-165
-180
-190
-182
-171
-177
-173
-181
-197
-195
-194
-177
-155
-140
-143
-152
-145
-145
-145
-125
-109
-87
-65
-68
-63
-44
-31
-23
-7
25
51
64
57
54
72
86
98
109
130
152
157
152
158
164
156
158
179
196
188
185
183
161
156
175
174
167
172
166
155
144
133
129
120
108
108
109
87
76
83
73
61
53
44
43
47
51
36
33
50
40
20
21
35
36
22
18
35
50
45
26
25
42
42
32
31
46
52
32
18
25
33
31
24
21
34
35
17
4
0
8
6
-13
-22
-10
-14
-39
-50
-43
-45
-57
-72
-75
-67
-69
-95
-113
-115
-110
-114
-125
-123
-128
-134
-144
-154
-140
-128
-139
-152
-145
-131
-133
-145
-144
-128
-114
-107
-106
-92
-83
-83
-87
-75
-51
-46
-46
-34
-25
-27
-15
-5
-2
5
18
35
33
25
25
28
40
52
66
74
74
69
57
60
81
87
87
93
92
93
84
68
62
65
76
80
82
81
62
42
37
36
36
45
45
36
30
25
17
10
8
16
27
33
37
30
22
19
11
13
31
43
39
35
32
21
19
24
25
32
37
35
29
24
20
15
12
19
22
23
24
21
12
5
2
0
6
12
11
2
-8
-6
-11
-28
-32
-30
-31
-27
-45
-53
-58
-67
-72
-80
-75
-76
-77
-82
-89
-88
-94
-94
-91
-87
-78
-75
-75
-71
-71
-73
-70
-62
-47
-38
-39
-40
-37
-34
-29
-21
-15
-10
-4
-2
-2
-9
-6
2
3
19
31
24
21
20
19
19
26
42
45
44
45
42
36
28
28
27
37
51
42
33
29
26
23
18
19
26
31
30
26
24
19
12
10
15
26
30
33
29
20
21
26
25
32
37
43
42
37
32
26
31
39
44
49
51
42
29
23
22
30
36
42
46
40
29
20
11
8
10
15
19
16
10
2
-12
-24
-30
-30
-23
-21
-24
-28
-42
-56
-65
-67
-65
-62
-57
-58
-67
-76
-89
-94
-90
-82
-74
-66
-64
-70
-76
-83
-85
-78
-65
-51
-43
-37
-37
-47
-55
-50
-36
-22
-10
1
5
4
2
-2
0
9
21
33
39
40
37
32
25
23
27
35
44
51
52
45
31
23
20
24
30
38
39
33
25
18
12
8
8
16
21
23
22
17
11
11
10
13
19
22
24
22
18
16
15
17
20
26
33
35
36
34
35
35
35
42
50
57
62
60
59
57
55
59
63
64
70
77
75
69
67
64
62
58
56
59
57
50
48
44
40
33
23
20
21
19
16
6
-1
-4
-14
-20
-22
-25
-26
-31
-39
-41
-45
-56
-58
-58
-58
-57
-63
-70
-71
-72
-73
-76
-76
-72
-68
-68
-69
-73
-73
-69
-69
-68
-60
-54
-56
-57
-56
-54
-52
-51
-44
-36
-35
-37
-37
-39
-39
-37
-34
-26
-18
-17
-21
-31
-33
-29
-31
-31
-23
-18
-17
-20
-23
-25
-28
-33
-25
-15
-11
-12
-18
-22
-21
-20
-16
-10
-7
-4
1
-1
-6
-2
2
7
14
19
25
26
26
28
29
32
38
45
50
55
55
57
59
58
58
62
64
67
71
68
62
61
64
66
65
64
63
61
61
57
54
53
52
51
50
50
45
40
36
30
29
30
30
26
23
21
16
10
9
8
1
-2
-4
-5
-4
-8
-12
-13
-14
-16
-16
-16
-18
-20
-19
-23
-25
-27
-28
-29
-30
-28
-26
-24
-27
-30
-34
-35
-35
-38
-36
-36
-39
-40
-42
-46
-51
-53
-54
-53
-55
-58
-59
-64
-67
-70
-73
-74
-73
-71
-71
-73
-77
-78
-81
-81
-77
-74
-74
-72
-73
-75
-74
-72
-69
-62
-54
-49
-42
-37
-37
-38
-38
-32
-23
-16
-8
-2
-1
4
11
12
19
26
31
37
42
44
45
46
52
60
63
65
67
70
74
75
76
76
79
86
88
85
85
86
85
84
82
84
87
88
88
83
80
80
77
73
72
73
73
68
64
61
60
59
58
60
62
61
63
61
60
56
51
50
56
61
60
54
49
49
51
48
47
46
45
44
42
42
38
32
28
28
28
26
19
15
13
8
6
6
5
1
-5
-8
-12
-18
-23
-27
-30
-34
-35
-41
-48
-57
-65
-69
-72
-76
-83
-89
-95
-100
-105
-110
-112
-115
-118
-119
-118
-118
-121
-123
-124
-121
-121
-119
-115
-115
-115
-113
-110
-106
-103
-101
-95
-86
-84
-85
-83
-76
-68
-63
-62
-58
-53
-47
-41
-35
-28
-22
-16
-9
-1
7
14
17
19
26
33
40
44
50
52
53
55
57
59
62
65
68
65
65
67
68
68
66
67
69
69
66
67
68
68
68
67
70
71
71
71
70
69
69
69
68
70
70
68
65
65
66
67
65
64
62
61
60
58
59
59
58
55
54
55
54
51
51
49
48
46
44
43
39
35
31
28
27
25
21
13
7
2
-2
-8
-14
-20
-23
-27
-34
-39
-43
-47
-52
-58
-61
-67
-72
-78
-81
-85
-86
-86
-91
-94
-96
-100
-102
-106
-108
-106
-107
-107
-105
-102
-102
-105
-105
-102
-99
-95
-90
-88
-88
-87
-82
-80
-75
-70
-67
-62
-57
-52
-49
-48
-48
-43
-35
-28
-24
-23
-20
-17
-13
-8
-4
-2
2
5
7
12
14
15
16
19
25
30
34
34
32
33
35
37
40
43
44
46
49
52
53
55
55
55
59
63
68
71
70
70
71
73
73
75
77
80
81
83
86
85
83
82
83
84
87
87
86
86
82
77
72
71
69
67
67
66
62
59
54
46
41
37
32
29
26
22
19
16
10
5
-1
-4
-6
-7
-10
-13
-17
-21
-25
-27
-27
-28
-30
-32
-35
-36
-37
-39
-38
-35
-33
-33
-33
-35
-39
-41
-43
-43
-43
-43
-44
-43
-44
-44
-43
-42
-43
-44
-44
-44
-43
-44
-44
-43
-44
-44
-42
-43
-45
-46
-45
-43
-41
-40
-37
-37
-36
-37
-37
-36
-37
-37
-38
-37
-36
-34
-32
-31
-30
-27
-27
-25
-23
-20
-18
-16
-11
-8
-6
-4
2
7
11
13
15
18
21
25
30
34
35
38
41
44
49
51
53
52
52
51
52
53
55
56
55
52
52
54
53
51
49
46
43
40
40
38
36
33
31
28
25
24
23
20
16
14
12
10
8
8
5
2
0
0
-2
-2
-4
-5
-5
-6
-5
-5
-5
-5
-6
-7
-8
-9
-10
-9
-8
-10
-10
-10
-7
-6
-6
-5
-9
-12
-12
-11
-13
-14
-15
-16
-18
-18
-17
-17
-18
-21
-23
-22
-23
-24
-26
-28
-31
-32
-33
-35
-37
-37
-38
-41
-41
-40
-41
-40
-38
-39
-40
-39
-37
-37
-37
-36
-35
-32
-30
-27
-24
-20
-17
-14
-11
-9
-5
-3
-1
2
7
10
12
16
21
23
26
28
29
29
30
29
30
30
31
34
35
34
33
33
32
30
30
28
27
24
23
21
19
15
13
10
7
5
1
-2
-4
-5
-7
-8
-8
-9
-8
-8
-10
-10
-12
-12
-11
-10
-7
-6
-3
-3
-2
-1
-2
-4
-2
1
5
9
10
13
15
16
16
14
14
15
15
14
16
17
16
16
15
14
16
13
13
12
13
11
7
5
3
2
-1
-5
-5
-9
-11
-15
-16
-17
-18
-21
-25
-28
-29
-31
-32
-32
-31
-30
-30
-31
-32
-30
-29
-27
-26
-24
-22
-22
-20
-16
-14
-11
-8
-5
-3
-1
0
3
7
10
13
13
15
18
19
18
19
20
23
24
24
24
26
23
19
17
18
17
18
18
20
21
20
17
16
14
12
10
8
7
6
7
7
6
6
5
4
2
5
5
2
-4
-7
-8
-6
1
12
21
26
22
12
-4
-19
-25
-16
3
30
49
56
47
27
3
-19
-32
-27
-3
27
54
69
62
42
10
-16
-32
-32
-15
11
33
47
47
32
10
-15
-33
-37
-30
-18
-5
5
10
6
-5
-17
-30
-40
-43
-41
-37
-29
-22
-16
-14
-14
-22
-32
-44
-49
-49
-41
-31
-19
-9
-4
-6
-14
-25
-32
-34
-30
-21
-9
5
12
13
9
3
-3
-8
-7
0
7
15
19
21
22
21
17
12
9
10
11
15
19
25
26
25
22
18
15
11
9
8
10
12
15
17
16
13
7
1
0
-4
-2
-1
1
3
6
6
4
2
-2
-4
-6
-5
-3
-1
0
1
1
2
3
2
1
0
-1
1
2
3
4
5
6
5
6
4
3
2
2
2
1
1
2
3
3
3
0
0
1
-1
-3
-4
-6
-6
-9
-10
-11
-12
-12
-13
-14
-16
-18
-22
-23
-26
-26
-25
-23
-20
-19
-21
-22
-24
-24
-27
-29
-29
-27
-23
-23
-23
-22
-24
-25
-24
-23
-21
-19
-18
-15
-12
-9
-8
-7
-6
-5
-5
-4
-4
-3
-3
-1
-1
0
2
2
2
5
5
5
6
8
10
11
11
12
12
11
10
10
11
11
13
12
10
10
9
8
10
11
11
13
12
12
13
13
13
12
12
13
14
16
17
16
14
15
14
13
15
15
17
19
21
21
21
18
18
18
17
17
18
20
18
17
17
16
16
13
13
13
14
14
12
11
10
9
8
6
6
5
6
4
2
1
-1
-3
-4
-6
-8
-6
-5
-7
-8
-9
-9
-10
-12
-15
-16
-16
-16
-16
-16
-14
-13
-13
-13
-14
-14
-15
-15
-15
-15
-13
-12
-13
-12
-13
-11
-12
-13
-12
-12
-12
-11
-10
-9
-10
-10
-9
-8
-8
-7
-7
-8
-6
-6
-4
-4
-4
-5
-4
-4
-5
-4
-4
-5
-5
-6
-5
-4
-3
-4
-2
-1
0
0
1
0
0
-1
-1
0
1
1
2
2
4
4
6
10
10
12
13
14
15
15
15
15
15
16
17
17
18
18
19
19
20
19
21
22
25
27
29
30
29
31
28
28
28
29
31
32
33
32
30
28
27
26
26
28
29
28
26
25
22
18
15
13
11
9
9
8
9
7
4
3
1
-1
0
0
0
-2
-2
-2
-5
-8
-11
-14
-16
-16
-16
-16
-17
-18
-21
-23
-24
-26
-28
-28
-27
-28
-30
-33
-35
-37
-37
-37
-37
-37
-37
-35
-33
-32
-33
-33
-35
-35
-35
-34
-34
-36
-35
-36
-38
-37
-39
-38
-37
-36
-34
-33
-29
-28
-29
-30
-27
-26
-24
-23
-22
-20
-19
-16
-14
-12
-11
-10
-7
-5
-3
0
2
2
3
5
6
7
8
11
11
12
16
18
19
20
20
20
21
23
24
24
26
28
27
29
30
28
27
27
27
27
28
27
26
26
28
27
26
25
23
22
22
23
22
22
22
21
20
19
17
17
16
15
16
17
17
18
18
18
16
15
16
16
14
14
14
13
13
12
11
8
8
8
7
7
8
6
5
5
2
1
0
-3
-4
-5
-7
-8
-10
-12
-13
-16
-16
-18
-21
-22
-23
-24
-23
-26
-29
-31
-33
-34
-35
-36
-38
-38
-39
-39
-37
-37
-36
-39
-40
-38
-37
-36
-35
-34
-33
-31
-31
-30
-28
-25
-25
-25
-23
-18
-16
-13
-13
-12
-10
-9
-8
-6
-4
-1
1
1
4
6
8
8
9
11
12
14
15
19
21
20
19
21
21
21
22
22
23
26
27
26
26
26
26
26
24
25
28
29
28
28
28
28
28
29
29
29
29
29
28
28
29
30
28
26
26
27
26
26
26
26
23
24
25
26
26
24
23
22
22
21
22
21
20
19
18
17
17
16
14
13
11
11
10
7
6
4
2
1
0
-3
-4
-6
-9
-10
-12
-15
-16
-18
-20
-20
-21
-21
-24
-25
-25
-26
-27
-27
-28
-29
-29
-29
-30
-29
-28
-29
-27
-27
-26
-24
-25
-24
-22
-21
-20
-20
-19
-19
-18
-16
-15
-14
-14
-13
-11
-12
-10
-9
-7
-6
-6
-6
-5
-6
-4
-4
-6
-5
-4
-3
-3
-2
-1
-1
-3
-2
0
1
0
2
2
2
2
1
2
2
3
2
4
4
5
5
6
5
5
5
5
6
7
7
7
6
7
6
5
5
5
4
5
5
4
5
5
5
4
4
4
3
4
5
4
2
4
3
1
2
3
2
2
3
3
2
2
2
2
2
1
2
2
2
1
0
-2
-3
-4
-3
-4
-4
-5
-3
-4
-5
-4
-5
-5
-4
-3
-4
-3
-4
-8
-8
-6
-8
-9
-8
-9
-8
-7
-6
-7
-8
-8
-9
-8
-8
-9
-9
-9
-8
-8
-8
-9
-10
-11
-11
-10
-11
-10
-11
-10
-9
-7
-7
-8
-8
-6
-5
-5
-6
-6
-6
-4
-3
-3
-3
-3
-2
-2
-1
2
4
5
6
7
9
11
13
13
14
15
16
18
19
21
22
24
24
24
25
26
26
26
26
25
25
27
27
25
24
23
24
23
22
21
20
19
19
18
17
15
15
13
12
11
10
9
7
5
5
5
4
2
2
1
-1
-3
-3
-4
-7
-7
-7
-7
-8
-8
-8
-7
-8
-9
-10
-11
-11
-10
-8
-8
-8
-7
-9
-9
-9
-10
-9
-9
-9
-10
-9
-7
-6
-7
-8
-9
-8
-7
-7
-6
-7
-10
-11
-11
-11
-11
-11
-11
-11
-13
-13
-12
-12
-12
-13
-14
-14
-13
-13
-14
-14
-14
-15
-15
-15
-13
-13
-14
-14
-13
-11
-9
-9
-8
-9
-8
-8
-7
-7
-4
-3
-2
0
1
0
2
3
4
5
7
8
8
9
8
9
10
9
11
12
12
13
13
14
15
15
15
15
15
14
14
13
12
14
12
12
12
12
12
11
9
9
9
8
7
7
6
6
5
5
5
4
3
3
2
2
1
1
1
0
-1
0
0
-1
-1
-1
-1
-1
-2
-1
0
0
-2
0
-1
-1
-2
-1
-2
-2
-2
-3
-2
-2
-3
-3
-4
-3
-6
-5
-5
-7
-6
-6
-6
-6
-6
-7
-6
-5
-7
-7
-6
-7
-7
-7
-6
-7
-6
-5
-6
-6
-4
-3
-4
-4
-3
-3
-2
-3
-2
-3
-3
-1
-2
0
1
1
0
1
2
1
1
2
3
4
2
2
4
3
4
3
3
3
3
3
2
4
4
3
4
2
3
2
2
3
2
1
-1
-1
1
0
-1
-2
-2
-1
-1
0
0
-1
-1
-2
0
0
-1
-2
-4
-3
-3
-3
-3
-3
-1
-2
-1
0
1
2
1
2
2
2
2
2
2
2
1
1
1
1
5
5
6
5
5
6
6
4
4
4
3
3
2
3
3
1
0
0
1
0
-1
-1
1
0
-2
-1
-2
-1
-1
-3
-4
-4
-5
-6
-6
-5
-4
-5
-5
-4
-2
-3
-3
-4
-2
-3
-3
-2
-3
-3
-4
-5
-5
-4
-2
-2
-1
-1
0
2
2
1
1
0
1
1
1
2
2
2
2
2
2
2
3
2
3
3
5
5
3
2
2
2
1
1
0
-1
-2
-1
-2
0
-1
