0
0
1
0
-1
1
0
1
0
0
-1
-1
-1
0
0
0
0
-1
-1
-1
-2
-2
-1
-1
-1
-2
-2
-1
0
-1
-1
-2
-2
-1
-2
-2
-1
-2
-2
-2
-1
-1
0
-1
-1
-1
-1
0
-1
0
-1
-1
0
-1
0
0
-1
-1
-1
0
-1
0
-2
-1
0
-1
-2
-1
-1
0
-1
-2
-1
-2
-2
-2
-2
-3
-3
-2
-2
-2
-3
-2
-2
-3
-2
-2
-2
-2
-2
0
-1
-1
-1
-1
-1
-2
-1
-2
-2
-2
-2
-2
-2
-2
-3
-3
-3
-2
-1
-2
-5
-6
-5
-7
-9
-9
-9
-10
-10
-8
-9
-11
-11
-9
-7
-5
-2
-3
-5
-6
-2
-3
-7
-5
-2
-2
0
5
8
8
11
17
19
21
24
24
21
22
26
25
21
24
27
27
26
29
30
30
32
38
37
36
37
37
36
35
33
29
27
26
26
27
26
26
27
29
30
31
31
30
27
26
25
22
17
15
13
12
11
10
11
12
13
14
12
9
10
9
8
8
7
3
0
-5
-8
-11
-13
-14
-16
-16
-16
-17
-20
-25
-30
-34
-39
-47
-55
-61
-64
-68
-71
-74
-78
-82
-87
-90
-93
-97
-101
-105
-108
-111
-117
-125
-128
-120
-109
-102
-92
-80
-72
-76
-78
-71
-64
-65
-58
-39
-29
-26
-12
4
6
13
39
58
59
68
90
93
77
80
95
90
79
87
97
91
85
93
99
93
91
98
93
80
75
71
53
34
27
20
4
-9
-12
-18
-29
-33
-32
-36
-41
-42
-43
-49
-58
-65
-70
-75
-79
-78
-75
-71
-68
-60
-45
-31
-19
-6
9
26
39
46
60
72
78
86
103
115
122
138
158
169
178
193
207
208
211
221
221
208
201
201
191
177
169
164
152
139
130
119
105
91
78
65
46
27
10
-11
-31
-46
-62
-81
-98
-113
-122
-127
-136
-146
-152
-158
-167
-176
-184
-195
-204
-207
-209
-210
-209
-208
-204
-203
-203
-201
-200
-202
-199
-194
-187
-186
-189
-196
-199
-192
-177
-153
-129
-113
-106
-94
-82
-86
-89
-82
-70
-61
-46
-27
-19
-17
-5
15
30
45
68
82
81
81
89
88
75
71
79
79
67
64
66
64
57
66
74
70
65
69
69
60
53
47
32
15
10
8
-4
-16
-17
-13
-12
-8
0
3
1
5
11
9
5
7
9
11
18
29
38
47
65
87
99
109
126
148
166
185
206
218
222
231
246
256
265
283
296
300
307
312
308
297
293
294
291
281
270
250
222
201
187
163
140
124
105
85
68
46
22
-4
-27
-50
-75
-107
-134
-157
-178
-198
-212
-228
-246
-254
-257
-262
-270
-282
-293
-301
-306
-311
-320
-330
-333
-332
-336
-338
-334
-328
-327
-327
-323
-317
-313
-312
-308
-295
-277
-252
-226
-204
-185
-166
-155
-149
-137
-116
-99
-81
-54
-27
-10
9
36
62
82
105
122
126
129
137
137
127
123
129
129
117
111
113
107
92
85
85
81
77
79
81
75
68
65
57
43
37
33
26
14
10
9
4
-3
-7
-7
-4
-2
-4
-9
-7
0
8
15
28
52
76
99
128
161
186
201
220
252
283
305
324
340
349
357
369
372
366
367
384
387
368
351
340
323
298
286
274
251
231
206
181
158
139
124
108
87
66
51
34
11
-10
-29
-51
-70
-86
-113
-142
-171
-201
-236
-266
-284
-294
-308
-330
-345
-354
-358
-368
-382
-396
-401
-399
-402
-407
-404
-395
-384
-377
-379
-377
-380
-387
-371
-301
-187
-79
3
62
109
132
126
101
83
84
94
97
73
41
18
2
-21
-54
-73
-91
-126
-172
-219
-267
-305
-314
-306
-293
-270
-239
-198
-152
-96
-44
-4
31
66
100
117
124
127
126
111
96
90
76
64
53
33
2
-31
-47
-58
-70
-82
-83
-71
-49
-16
21
65
116
168
214
250
296
342
377
399
426
477
528
551
549
543
528
493
441
394
358
320
276
228
182
144
124
116
107
94
92
98
88
64
54
60
69
80
102
121
128
139
155
162
150
130
112
82
30
-17
-45
-62
-77
-86
-86
-91
-96
-108
-135
-177
-215
-228
-227
-228
-228
-217
-199
-189
-191
-206
-227
-245
-267
-293
-329
-359
-368
-363
-361
-381
-411
-432
-464
-507
-515
-428
-257
-93
15
63
94
106
63
-17
-76
-58
-5
31
31
5
-7
-9
-33
-84
-143
-201
-272
-330
-368
-397
-385
-323
-241
-167
-105
-64
-42
-14
34
58
57
61
95
148
187
218
232
224
193
151
107
52
-10
-59
-100
-136
-156
-138
-99
-72
-47
-15
14
32
47
65
90
140
214
285
343
412
489
546
566
564
555
561
581
576
513
433
393
386
375
340
322
328
313
262
188
120
75
57
71
99
122
159
208
231
226
226
214
161
111
86
47
4
-11
4
38
63
65
39
7
-34
-89
-150
-228
-281
-294
-282
-265
-238
-187
-132
-100
-105
-145
-192
-241
-285
-333
-375
-373
-359
-359
-361
-345
-327
-337
-366
-415
-478
-537
-595
-620
-547
-337
-65
131
210
212
192
122
-24
-157
-169
-55
57
117
141
121
60
-26
-135
-284
-432
-516
-549
-548
-513
-430
-311
-205
-123
-68
-61
-112
-162
-148
-84
-14
78
200
321
397
430
414
326
192
65
-38
-115
-141
-115
-75
-51
-21
19
31
9
-43
-87
-107
-96
-52
16
114
232
365
470
514
523
524
511
475
445
445
478
528
588
644
662
642
578
471
341
222
142
97
93
118
174
241
274
260
213
146
67
-3
-34
-28
7
64
122
160
172
161
112
22
-65
-111
-130
-136
-113
-65
-12
12
-16
-81
-159
-237
-317
-381
-398
-359
-279
-206
-157
-122
-114
-160
-267
-377
-461
-505
-502
-465
-412
-355
-295
-269
-322
-420
-509
-579
-645
-675
-572
-282
79
311
353
318
274
159
-55
-227
-214
-37
170
306
348
291
162
5
-153
-322
-472
-529
-489
-422
-343
-240
-144
-106
-97
-104
-175
-284
-324
-222
-55
103
256
403
493
490
424
308
157
8
-93
-123
-100
-20
85
138
111
37
-43
-127
-206
-247
-232
-165
-45
102
230
316
373
401
388
340
309
325
379
457
546
638
706
729
713
653
565
485
423
361
304
296
333
365
354
313
268
198
110
34
-8
-8
23
74
132
166
168
132
48
-61
-151
-198
-217
-206
-141
-47
28
56
38
-5
-65
-148
-241
-319
-348
-326
-266
-200
-144
-109
-123
-190
-293
-393
-462
-509
-519
-473
-381
-291
-245
-265
-330
-408
-483
-552
-604
-625
-599
-533
-474
-396
-205
110
373
395
227
67
-8
-98
-203
-171
53
344
547
564
379
45
-252
-386
-447
-523
-539
-394
-179
-62
-72
-152
-265
-381
-462
-518
-554
-490
-258
48
272
377
440
466
383
224
83
11
-14
17
103
192
258
299
285
164
-41
-213
-273
-238
-154
-45
81
209
310
350
307
225
176
204
274
359
482
636
771
837
811
742
701
714
741
712
663
637
655
643
557
463
393
347
285
198
88
-11
-35
26
114
161
164
134
87
11
-90
-181
-249
-255
-185
-97
-50
-57
-60
-45
-54
-116
-198
-251
-272
-282
-303
-327
-342
-333
-337
-384
-446
-494
-523
-555
-594
-607
-565
-492
-437
-431
-463
-507
-548
-580
-624
-643
-620
-577
-547
-577
-573
-433
-115
229
358
242
28
-101
-163
-181
-106
76
338
562
653
509
150
-203
-357
-309
-240
-224
-182
-63
65
95
7
-174
-372
-475
-475
-451
-432
-309
-32
244
342
278
192
141
105
77
76
94
148
261
393
445
369
246
133
5
-132
-179
-104
26
126
200
253
248
180
95
57
60
111
223
381
534
632
695
705
663
593
556
588
673
815
947
1015
955
818
683
563
459
360
333
374
414
389
271
138
28
-22
-34
-66
-110
-147
-142
-131
-137
-159
-191
-215
-246
-266
-282
-283
-249
-185
-92
-32
-47
-127
-209
-251
-286
-332
-364
-368
-359
-368
-400
-452
-511
-566
-620
-646
-630
-575
-521
-498
-509
-552
-590
-617
-605
-574
-528
-492
-502
-492
-401
-161
79
179
115
-23
-120
-199
-216
-149
-10
182
352
451
351
55
-244
-391
-326
-170
-22
75
92
64
-18
-131
-275
-403
-436
-368
-248
-153
-95
-52
-25
-15
-19
-15
-1
14
44
76
99
104
115
168
221
241
216
193
180
153
149
186
257
300
286
247
222
219
212
214
230
274
344
431
496
490
449
435
462
494
511
538
576
625
652
673
697
698
675
641
629
623
603
572
532
500
470
447
414
348
276
226
197
150
69
-19
-87
-120
-136
-157
-197
-241
-259
-246
-218
-218
-248
-277
-291
-288
-302
-314
-303
-262
-220
-212
-230
-267
-298
-338
-375
-397
-426
-444
-465
-498
-538
-579
-606
-647
-681
-683
-663
-636
-638
-662
-680
-693
-675
-599
-478
-404
-420
-447
-426
-370
-314
-281
-266
-241
-180
-84
-21
-33
-87
-100
-29
63
104
77
21
-15
-18
24
58
61
45
51
88
104
99
68
34
15
20
72
113
116
99
105
151
153
118
91
91
123
152
186
215
210
203
207
239
257
229
190
164
172
209
243
258
244
245
288
346
364
339
315
329
365
404
455
504
563
609
658
712
741
745
714
693
707
741
770
757
726
705
697
697
673
607
502
407
335
262
191
112
37
-25
-70
-111
-183
-265
-343
-393
-414
-432
-450
-481
-507
-513
-499
-476
-477
-491
-506
-530
-553
-560
-541
-522
-527
-553
-562
-557
-577
-645
-742
-798
-816
-815
-823
-836
-774
-648
-519
-483
-548
-601
-589
-510
-418
-341
-283
-230
-136
-27
35
28
-25
-53
-9
110
225
267
226
160
139
153
142
92
44
31
22
9
9
17
18
-9
-35
-43
-58
-84
-101
-89
-57
-39
-27
-25
-29
-20
-4
4
-21
-67
-61
9
97
150
159
166
192
238
277
274
246
208
206
250
305
344
361
385
431
486
535
548
538
557
603
662
696
702
709
744
809
858
869
846
810
784
770
774
783
778
772
770
756
693
585
450
313
226
189
165
125
76
21
-47
-125
-229
-343
-451
-525
-554
-557
-546
-538
-548
-592
-648
-667
-659
-634
-622
-630
-635
-629
-601
-566
-539
-535
-559
-579
-619
-667
-719
-754
-769
-789
-737
-618
-497
-469
-520
-550
-544
-522
-491
-452
-382
-295
-181
-84
-71
-126
-186
-166
-70
46
115
121
101
99
132
173
154
70
-18
-47
-38
-24
-16
-2
15
-3
-25
-30
-34
-65
-124
-154
-154
-148
-151
-152
-133
-111
-95
-81
-81
-98
-99
-70
-25
3
12
44
106
177
233
259
266
255
254
301
363
398
393
400
457
533
602
630
637
655
673
708
727
729
731
762
841
906
924
902
882
878
855
818
791
784
795
823
851
819
711
567
453
388
333
263
185
125
81
47
6
-76
-187
-302
-390
-446
-497
-540
-566
-564
-567
-587
-610
-639
-673
-702
-708
-707
-716
-716
-698
-642
-590
-563
-565
-601
-642
-656
-651
-667
-744
-786
-698
-541
-426
-454
-519
-543
-519
-463
-402
-369
-363
-324
-197
-70
-41
-104
-161
-141
-61
25
70
47
-11
-8
75
163
145
42
-49
-91
-127
-154
-139
-98
-96
-141
-152
-118
-104
-128
-158
-158
-169
-212
-228
-212
-179
-158
-134
-97
-103
-124
-104
-56
-37
-81
-102
-44
33
104
160
204
212
196
237
326
395
408
400
459
550
635
706
750
768
753
767
816
845
851
871
941
1012
1034
1032
1010
966
905
871
871
863
825
798
802
805
778
716
634
535
431
353
307
257
173
88
42
2
-65
-161
-241
-313
-392
-454
-498
-530
-566
-603
-621
-647
-685
-716
-722
-717
-734
-744
-737
-722
-715
-719
-709
-711
-729
-731
-716
-695
-718
-722
-655
-551
-485
-499
-516
-513
-488
-451
-416
-390
-370
-316
-212
-128
-121
-154
-151
-89
-12
24
16
-29
-80
-75
-14
55
54
1
-51
-83
-111
-139
-142
-130
-143
-172
-186
-164
-150
-169
-198
-219
-240
-268
-271
-234
-199
-195
-209
-207
-206
-200
-156
-91
-61
-91
-104
-61
2
47
74
107
125
138
197
291
370
390
396
436
506
570
627
682
743
785
820
857
881
892
912
968
1023
1042
1044
1057
1075
1077
1050
1006
952
895
879
891
876
816
724
661
624
594
545
454
364
284
213
170
122
58
-35
-124
-193
-269
-347
-424
-489
-537
-584
-614
-635
-663
-701
-731
-760
-800
-848
-886
-876
-833
-797
-787
-819
-847
-867
-860
-847
-860
-820
-725
-606
-547
-547
-558
-551
-511
-460
-421
-394
-369
-295
-189
-123
-129
-153
-130
-52
34
60
34
-18
-22
20
83
124
97
41
-16
-55
-65
-77
-85
-98
-113
-99
-68
-36
-62
-136
-200
-236
-250
-263
-270
-257
-246
-234
-213
-201
-216
-243
-244
-226
-227
-245
-225
-152
-66
-17
-9
1
13
44
100
172
238
281
338
423
527
617
677
715
732
754
790
833
876
914
956
1004
1055
1091
1100
1102
1094
1077
1044
1014
1004
979
948
917
885
847
788
734
675
608
523
437
370
308
258
211
168
110
33
-47
-133
-219
-312
-392
-438
-474
-515
-566
-600
-610
-618
-640
-693
-766
-833
-868
-861
-830
-819
-838
-861
-870
-855
-859
-858
-822
-765
-718
-710
-693
-664
-618
-557
-492
-436
-405
-361
-279
-213
-202
-225
-210
-131
-29
42
35
-37
-100
-101
-45
25
59
42
-2
-50
-96
-133
-159
-167
-179
-195
-202
-185
-154
-152
-183
-218
-246
-275
-314
-333
-326
-318
-313
-300
-280
-265
-239
-192
-150
-165
-222
-246
-215
-147
-85
-37
2
20
47
108
186
251
285
320
379
453
536
606
668
727
779
830
881
925
941
960
998
1052
1114
1158
1218
1246
1238
1212
1153
1064
934
825
774
769
789
794
759
691
621
541
445
337
240
170
139
157
172
142
64
-27
-105
-196
-284
-354
-404
-428
-445
-435
-429
-458
-513
-605
-704
-798
-875
-912
-918
-902
-908
-931
-928
-855
-696
-535
-444
-422
-413
-375
-352
-351
-375
-415
-389
-261
-40
135
152
71
-16
-59
-95
-173
-275
-372
-381
-289
-174
-118
-186
-319
-456
-579
-666
-727
-726
-677
-610
-517
-428
-367
-365
-410
-434
-431
-425
-433
-440
-403
-356
-318
-285
-248
-210
-177
-114
-47
-39
-91
-148
-150
-120
-94
-62
-9
55
120
203
296
355
372
393
476
591
684
745
789
843
878
920
978
1023
1046
1051
1073
1083
1044
979
923
899
893
884
876
836
758
667
592
519
430
330
287
297
311
302
272
257
251
268
302
320
298
233
180
143
94
37
-2
-5
-1
-7
-27
-62
-118
-191
-262
-338
-417
-491
-537
-572
-623
-694
-763
-777
-690
-481
-238
-117
-130
-213
-257
-267
-295
-299
-255
-120
72
233
276
128
-76
-200
-211
-177
-233
-340
-461
-556
-605
-654
-681
-707
-702
-645
-641
-733
-895
-987
-961
-909
-838
-755
-631
-502
-404
-308
-277
-300
-310
-264
-193
-208
-291
-371
-387
-342
-269
-182
-129
-129
-162
-195
-220
-276
-322
-318
-276
-229
-195
-144
-58
74
251
419
512
542
582
650
695
699
716
769
852
942
996
995
932
877
862
851
815
717
617
549
495
457
412
380
356
339
349
340
310
276
277
302
313
326
357
425
497
541
562
543
526
523
515
470
385
327
315
317
281
197
114
58
19
-29
-97
-193
-286
-344
-362
-382
-434
-518
-580
-530
-343
-85
62
79
54
74
107
33
-48
-80
-19
93
151
140
-2
-146
-159
-124
-132
-286
-448
-541
-636
-716
-833
-907
-942
-933
-843
-839
-924
-985
-914
-751
-717
-771
-750
-636
-486
-390
-335
-309
-313
-242
-144
-138
-240
-326
-280
-220
-263
-347
-394
-381
-358
-337
-318
-358
-400
-379
-316
-295
-318
-284
-184
-73
26
143
275
380
493
602
678
695
704
767
808
805
767
747
739
704
679
645
600
550
504
459
373
278
218
185
165
143
148
166
176
197
238
288
339
401
484
552
592
626
656
657
621
596
571
534
509
497
492
447
377
310
245
195
157
116
50
-36
-108
-157
-184
-213
-229
-263
-325
-309
-142
135
312
308
262
268
302
242
176
178
216
251
249
223
94
-67
-134
-144
-210
-354
-442
-452
-548
-735
-877
-933
-945
-967
-942
-944
-1032
-1049
-914
-769
-758
-815
-758
-632
-535
-455
-377
-328
-337
-335
-309
-320
-336
-304
-261
-276
-336
-368
-359
-374
-413
-458
-505
-520
-492
-426
-385
-368
-320
-261
-200
-125
2
158
251
311
379
463
552
611
655
660
651
666
681
644
556
499
480
435
370
330
304
262
197
137
64
-4
-17
2
-10
-60
-78
-45
2
67
152
241
319
386
455
520
554
569
558
535
513
499
502
472
428
404
384
368
336
307
282
228
174
114
53
-8
-77
-123
-152
-176
-124
40
282
470
518
547
607
646
585
491
500
549
559
528
464
369
240
175
141
39
-73
-161
-215
-364
-567
-670
-725
-762
-811
-845
-895
-1006
-1015
-926
-854
-849
-863
-776
-676
-592
-475
-388
-350
-384
-406
-392
-398
-376
-364
-390
-455
-500
-464
-443
-464
-491
-501
-486
-484
-475
-457
-445
-426
-406
-378
-346
-268
-121
50
167
227
302
407
502
555
584
607
630
661
673
645
573
495
444
382
299
227
178
151
101
57
19
-14
-33
-52
-61
-91
-119
-146
-164
-148
-103
-24
66
161
260
352
430
482
500
476
436
411
384
331
273
254
262
263
250
234
235
227
196
148
89
41
-6
-58
-127
-168
-67
150
377
480
500
604
735
795
750
754
839
867
855
815
764
643
513
488
429
309
206
174
107
-107
-267
-343
-415
-534
-648
-676
-758
-846
-843
-803
-789
-829
-780
-683
-648
-624
-562
-453
-387
-373
-367
-396
-420
-421
-408
-447
-543
-608
-619
-602
-608
-618
-628
-633
-632
-618
-596
-576
-555
-542
-530
-472
-344
-182
-68
-1
88
202
318
387
438
476
500
543
588
619
600
577
551
490
417
357
300
197
84
15
-45
-111
-156
-171
-182
-203
-182
-152
-172
-212
-222
-173
-115
-74
-45
0
80
160
209
215
207
213
218
223
205
151
109
84
75
33
0
7
5
-29
-78
-77
-76
-105
-145
-158
-66
105
300
407
455
571
721
802
791
846
950
1004
1013
995
962
858
779
764
703
615
534
498
394
202
80
28
-15
-139
-263
-326
-404
-465
-490
-478
-501
-562
-523
-453
-444
-457
-401
-292
-270
-293
-285
-267
-275
-313
-345
-420
-513
-551
-544
-566
-642
-678
-674
-678
-699
-704
-674
-662
-646
-616
-579
-502
-387
-260
-187
-136
-18
117
223
280
334
390
423
466
500
508
500
487
478
433
372
312
256
189
100
30
-40
-112
-188
-229
-235
-271
-306
-331
-327
-306
-269
-208
-187
-163
-117
-57
2
29
60
59
62
85
83
63
17
2
-12
-52
-100
-158
-177
-194
-196
-197
-229
-262
-314
-331
-282
-146
39
135
163
254
471
671
741
761
837
932
1010
1093
1134
1073
961
917
907
834
748
722
681
532
365
307
294
211
78
-12
-79
-174
-234
-230
-245
-316
-337
-261
-211
-238
-227
-139
-68
-78
-108
-112
-118
-129
-140
-180
-264
-347
-374
-385
-428
-498
-562
-614
-670
-706
-708
-699
-685
-667
-638
-590
-498
-365
-267
-208
-141
-34
80
145
193
242
315
390
419
410
389
403
423
399
330
243
188
155
124
63
-21
-88
-149
-224
-308
-364
-380
-397
-430
-454
-437
-390
-336
-287
-237
-192
-139
-75
-41
-45
-56
-36
-23
-73
-138
-169
-174
-187
-237
-288
-332
-348
-359
-396
-449
-497
-503
-458
-359
-224
-110
-25
55
173
303
410
518
651
782
863
921
971
976
924
883
881
863
817
776
726
630
512
451
417
340
244
185
154
92
22
-6
-31
-82
-115
-92
-71
-90
-89
-38
17
33
39
63
72
71
70
59
2
-91
-154
-191
-244
-332
-417
-481
-514
-530
-537
-546
-557
-543
-491
-424
-373
-337
-298
-234
-151
-59
28
115
200
274
346
397
415
403
383
368
348
331
298
233
150
94
79
49
-10
-70
-99
-123
-173
-234
-297
-354
-412
-444
-442
-427
-407
-395
-371
-334
-281
-226
-197
-173
-163
-167
-183
-213
-237
-271
-304
-343
-402
-447
-483
-490
-517
-585
-654
-681
-609
-459
-304
-210
-163
-90
37
157
251
329
422
504
578
671
740
756
733
724
728
706
684
667
612
518
426
388
334
263
219
210
204
164
155
183
196
190
183
196
180
155
163
191
202
179
173
189
197
200
196
175
124
76
61
51
4
-94
-183
-243
-284
-330
-378
-401
-410
-377
-312
-235
-169
-112
-29
34
84
146
226
288
299
323
362
387
386
389
390
359
330
312
275
194
113
58
-10
-93
-164
-212
-258
-304
-321
-336
-361
-360
-327
-303
-319
-344
-351
-355
-358
-356
-351
-362
-377
-362
-334
-327
-346
-360
-359
-380
-417
-465
-522
-600
-683
-747
-800
-816
-754
-611
-480
-406
-327
-205
-70
25
115
222
322
408
492
557
559
512
497
508
486
437
419
411
348
240
162
129
90
51
13
-17
-52
-71
-37
4
24
44
80
131
163
214
297
359
362
330
331
361
377
368
330
272
214
186
171
134
76
29
1
-25
-53
-88
-127
-150
-146
-130
-122
-99
-32
47
98
138
207
301
389
473
542
580
588
600
610
586
549
525
482
389
289
235
192
122
29
-53
-124
-194
-241
-280
-327
-368
-388
-392
-399
-400
-381
-360
-343
-322
-297
-271
-255
-245
-240
-246
-251
-257
-279
-332
-395
-440
-459
-487
-549
-629
-704
-714
-644
-529
-457
-449
-413
-304
-180
-127
-103
-29
82
176
260
332
358
342
354
399
394
334
297
268
181
59
-14
-64
-154
-234
-247
-238
-284
-336
-331
-307
-295
-265
-198
-149
-141
-97
4
89
108
101
123
168
213
254
262
230
218
254
287
254
189
155
143
117
64
4
-36
-28
10
32
28
40
104
177
228
266
316
390
468
533
574
600
634
660
656
628
621
628
604
538
463
414
362
300
229
134
28
-63
-123
-182
-251
-292
-304
-312
-343
-369
-367
-359
-358
-355
-335
-307
-287
-275
-277
-283
-291
-286
-272
-274
-286
-297
-304
-341
-410
-455
-422
-303
-202
-180
-185
-130
11
97
121
140
215
313
379
450
476
424
352
327
337
288
214
168
101
1
-95
-122
-155
-221
-257
-269
-300
-378
-421
-397
-386
-411
-436
-426
-414
-413
-375
-325
-313
-333
-322
-262
-210
-195
-206
-214
-208
-177
-130
-99
-95
-99
-78
-48
-31
-31
-17
18
46
59
64
86
125
179
239
274
308
378
471
530
535
555
604
655
682
678
655
618
601
596
559
473
393
354
317
252
177
119
66
4
-43
-74
-97
-119
-131
-137
-164
-206
-235
-251
-262
-269
-276
-297
-339
-382
-394
-372
-355
-370
-406
-425
-410
-396
-417
-423
-348
-186
-46
7
34
110
249
343
375
400
464
548
605
637
626
573
530
515
484
413
346
304
223
95
1
-25
-57
-119
-171
-198
-231
-259
-242
-211
-210
-227
-223
-219
-248
-272
-250
-213
-235
-301
-354
-375
-387
-407
-453
-528
-585
-577
-537
-528
-551
-542
-488
-441
-413
-378
-316
-235
-159
-101
-59
-19
52
142
208
233
275
371
459
493
485
502
542
556
541
505
471
438
423
400
345
289
254
232
185
128
88
52
14
-21
-38
-44
-53
-60
-62
-51
-41
-36
-50
-77
-89
-86
-98
-151
-217
-274
-318
-368
-423
-475
-529
-569
-593
-597
-571
-483
-319
-166
-72
4
130
280
391
498
612
724
811
880
935
921
869
825
794
738
631
531
422
299
173
75
22
-36
-87
-127
-147
-149
-153
-134
-114
-98
-66
-18
30
32
27
57
87
78
25
-25
-60
-96
-151
-237
-333
-406
-440
-470
-526
-602
-652
-668
-681
-695
-686
-645
-595
-552
-497
-426
-347
-251
-141
-48
19
102
211
299
340
375
428
462
458
427
396
363
310
252
186
109
40
-12
-55
-120
-184
-211
-218
-226
-242
-247
-236
-225
-214
-209
-187
-156
-131
-119
-115
-92
-63
-49
-81
-134
-173
-200
-244
-316
-388
-443
-495
-529
-510
-413
-294
-217
-155
-73
53
156
236
344
485
619
713
794
855
862
850
859
862
814
747
694
595
458
341
285
216
111
43
16
-18
-76
-76
-21
9
2
16
90
147
161
185
242
276
252
227
228
230
215
173
102
14
-49
-73
-119
-205
-296
-352
-375
-397
-427
-454
-459
-433
-397
-370
-349
-299
-209
-123
-56
-3
69
148
209
257
287
305
317
330
333
295
239
188
145
81
-6
-76
-135
-206
-289
-355
-400
-436
-456
-472
-487
-494
-483
-457
-449
-446
-426
-384
-358
-358
-347
-323
-316
-349
-395
-424
-456
-490
-535
-587
-650
-668
-563
-401
-294
-267
-191
-24
121
161
195
309
446
540
607
669
676
647
649
681
661
597
565
540
445
323
262
245
177
90
58
38
9
-5
27
56
45
54
107
155
158
176
248
318
338
322
320
332
350
360
327
254
167
124
99
47
-33
-119
-178
-218
-248
-265
-270
-239
-190
-147
-115
-69
13
89
156
213
283
361
426
469
489
510
525
518
483
433
384
344
292
206
92
-4
-68
-135
-227
-312
-363
-395
-426
-458
-478
-479
-459
-443
-444
-448
-433
-387
-354
-353
-364
-364
-346
-344
-367
-400
-434
-471
-528
-596
-667
-744
-784
-742
-621
-504
-463
-412
-293
-135
-65
-31
79
230
339
384
446
480
448
425
439
432
361
318
324
255
130
46
49
31
-43
-78
-95
-132
-170
-138
-69
-76
-107
-67
27
74
64
104
184
242
262
282
323
345
362
368
333
270
218
209
178
98
17
-34
-52
-80
-113
-135
-122
-68
-4
49
94
160
253
327
385
451
529
590
615
629
641
648
638
610
559
486
415
359
298
216
127
51
-23
-103
-181
-233
-267
-296
-323
-351
-360
-350
-334
-331
-335
-319
-288
-271
-272
-262
-224
-193
-207
-253
-303
-330
-338
-368
-449
-574
-652
-624
-507
-390
-362
-337
-254
-109
-16
-5
45
171
320
382
379
385
368
338
302
270
217
131
89
28
-73
-185
-242
-240
-279
-333
-379
-413
-434
-446
-408
-390
-407
-397
-335
-243
-200
-160
-92
-21
43
91
155
200
220
231
223
192
130
80
35
-19
-88
-154
-202
-245
-266
-254
-203
-140
-89
-25
59
166
272
360
431
493
580
671
742
758
750
761
778
777
734
682
625
543
450
346
246
144
43
-47
-146
-247
-325
-360
-376
-401
-413
-400
-362
-335
-323
-293
-247
-196
-164
-141
-110
-82
-55
-64
-105
-157
-186
-204
-254
-352
-459
-469
-366
-199
-116
-103
-49
91
238
269
279
348
460
528
526
525
506
457
402
370
366
330
312
279
197
100
34
25
-39
-142
-225
-302
-387
-492
-539
-558
-612
-650
-636
-554
-482
-416
-323
-244
-180
-127
-47
11
10
1
-13
-35
-97
-153
-187
-227
-272
-319
-343
-365
-363
-332
-289
-247
-213
-162
-108
-45
30
101
159
208
279
370
464
541
596
646
693
739
766
756
708
640
576
500
396
274
154
55
-29
-116
-206
-284
-325
-330
-332
-339
-345
-334
-318
-306
-291
-262
-233
-217
-211
-195
-170
-148
-157
-176
-190
-192
-195
-222
-271
-298
-235
-73
92
165
210
301
438
502
481
492
553
614
607
580
565
518
466
438
442
429
406
409
374
284
189
155
132
37
-63
-143
-216
-302
-356
-335
-338
-365
-368
-313
-235
-195
-148
-103
-88
-103
-118
-109
-131
-183
-232
-275
-322
-370
-386
-380
-368
-370
-374
-389
-400
-380
-352
-322
-311
-298
-264
-216
-140
-76
-12
54
130
229
322
407
462
490
496
492
495
471
421
344
257
182
98
23
-51
-125
-194
-250
-282
-309
-335
-352
-348
-325
-307
-290
-286
-281
-274
-261
-242
-248
-264
-271
-246
-225
-232
-253
-273
-269
-278
-298
-332
-376
-374
-302
-129
55
168
264
361
489
557
573
617
674
752
776
773
764
718
692
678
689
679
622
582
498
392
275
177
101
-9
-98
-177
-247
-300
-319
-261
-213
-190
-165
-110
-14
51
95
112
95
70
44
35
8
-28
-48
-75
-119
-165
-179
-172
-192
-245
-307
-359
-391
-409
-423
-423
-408
-366
-311
-248
-161
-63
39
124
195
279
370
445
482
487
480
476
470
445
400
325
241
152
64
-20
-106
-182
-262
-337
-392
-430
-457
-484
-498
-500
-488
-468
-455
-452
-457
-444
-422
-404
-391
-370
-336
-315
-320
-344
-363
-377
-398
-424
-467
-525
-553
-488
-338
-171
-53
51
168
275
344
370
424
496
569
617
641
672
673
677
682
690
701
672
627
545
440
343
244
168
97
44
-8
-76
-114
-108
-58
-26
-34
-29
6
69
105
114
123
135
155
160
156
156
163
166
125
54
-13
-54
-80
-139
-216
-298
-349
-372
-387
-376
-344
-291
-238
-198
-132
-45
44
101
129
177
251
357
440
475
489
499
529
538
519
481
428
375
295
207
134
73
15
-61
-139
-209
-250
-275
-313
-363
-395
-378
-345
-334
-337
-322
-285
-255
-243
-244
-238
-219
-221
-266
-343
-413
-451
-486
-534
-581
-614
-645
-698
-689
-575
-381
-226
-151
-72
10
81
69
39
88
181
291
351
383
437
483
545
550
505
446
377
325
217
89
-11
-53
-56
-78
-95
-104
-108
-101
-97
-95
-100
-79
-15
35
78
123
203
298
341
351
347
356
353
296
214
123
44
-14
-63
-105
-165
-223
-247
-265
-298
-344
-356
-321
-285
-252
-201
-113
-18
47
108
177
255
335
381
391
377
378
414
439
445
438
442
433
378
305
231
168
73
-39
-124
-176
-187
-195
-211
-230
-227
-188
-147
-125
-125
-130
-129
-140
-143
-118
-77
-37
-26
-21
-22
-31
-63
-130
-224
-323
-384
-424
-469
-539
-578
-497
-337
-153
-51
-12
18
17
0
-69
-83
-4
109
239
304
378
449
452
415
313
228
139
25
-67
-150
-182
-185
-181
-146
-125
-129
-181
-270
-332
-351
-319
-276
-235
-152
-17
135
251
312
347
354
320
239
163
134
111
78
32
9
27
38
35
-26
-118
-195
-257
-293
-333
-336
-268
-181
-101
-52
16
112
162
166
146
173
259
347
418
451
487
528
529
491
415
334
260
178
112
68
56
62
58
48
25
-2
-53
-125
-202
-256
-253
-223
-177
-120
-48
20
37
24
-2
-22
-25
-25
-26
-28
-26
-26
-38
-68
-116
-156
-217
-299
-394
-463
-426
-320
-168
-28
52
103
98
52
-9
-60
-12
96
231
364
454
512
512
441
345
226
111
17
-71
-106
-105
-86
-56
-56
-76
-128
-219
-309
-403
-463
-451
-389
-273
-157
-62
21
57
54
12
-48
-93
-123
-125
-84
-23
23
49
50
28
-38
-151
-264
-357
-398
-388
-347
-287
-251
-222
-167
-98
-42
-39
-59
-54
-10
72
170
271
357
412
444
444
406
340
288
264
268
297
331
370
384
370
315
220
124
46
-2
-47
-92
-109
-94
-64
-47
-45
-42
-43
-51
-57
-50
-17
22
61
92
97
73
19
-44
-117
-182
-223
-224
-191
-147
-122
-126
-170
-246
-283
-259
-171
-91
-52
3
42
61
48
53
128
218
315
403
469
480
423
355
314
289
258
223
201
195
190
173
148
103
33
-44
-131
-209
-253
-252
-227
-216
-215
-204
-188
-185
-201
-210
-209
-215
-225
-221
-205
-185
-197
-240
-287
-336
-358
-355
-329
-293
-274
-257
-244
-234
-229
-249
-269
-263
-221
-154
-96
-38
12
32
37
44
63
82
102
141
203
253
285
307
321
331
331
314
289
274
269
270
272
268
251
224
181
134
91
70
66
68
72
81
97
102
90
50
-20
-81
-127
-149
-151
-137
-105
-84
-77
-86
-104
-115
-127
-137
-157
-177
-191
-207
-226
-263
-247
-169
-55
32
70
119
147
140
98
86
156
246
328
387
427
419
357
316
330
374
396
405
424
421
372
284
218
162
105
64
42
47
47
40
19
-30
-93
-162
-217
-280
-334
-362
-365
-364
-379
-386
-387
-386
-397
-411
-409
-409
-394
-356
-307
-266
-262
-254
-239
-239
-242
-251
-240
-205
-153
-107
-81
-67
-44
-17
-4
10
27
54
70
70
76
78
82
82
100
137
167
196
235
274
284
268
265
289
305
297
284
271
254
231
210
187
155
110
65
26
1
-15
-33
-65
-105
-132
-133
-125
-125
-138
-150
-173
-200
-209
-199
-166
-143
-117
-96
-89
-84
-88
-80
-84
-81
-48
19
78
92
94
94
100
87
75
116
182
237
260
269
265
232
193
185
216
256
290
327
371
388
360
322
299
282
256
219
188
149
87
7
-61
-105
-130
-146
-162
-171
-196
-233
-268
-297
-319
-340
-357
-353
-337
-317
-311
-312
-301
-290
-286
-294
-296
-289
-286
-285
-288
-277
-262
-247
-227
-202
-174
-154
-136
-124
-115
-109
-100
-81
-47
-5
34
69
106
143
180
219
250
279
301
319
329
325
317
308
299
290
276
255
228
197
167
134
104
75
49
24
-1
-22
-30
-47
-64
-73
-83
-92
-93
-95
-90
-68
-41
-26
-14
4
17
26
43
66
89
105
124
137
144
149
138
119
86
41
1
-23
-34
-49
-55
-43
-22
-3
9
16
21
21
23
26
29
20
-5
-26
-50
-68
-71
-62
-46
-39
-37
-49
-70
-84
-96
-112
-132
-150
-151
-142
-130
-115
-104
-89
-81
-74
-66
-63
-61
-61
-58
-48
-35
-13
3
12
10
9
12
5
-15
-41
-75
-111
-150
-169
-166
-156
-151
-150
-137
-116
-91
-73
-62
-57
-61
-59
-43
-21
2
21
44
72
94
108
122
131
131
125
126
143
164
174
163
149
142
141
141
141
136
124
113
101
91
87
89
91
90
103
131
173
208
225
231
230
225
210
197
187
170
144
118
105
88
68
48
22
-3
-26
-45
-56
-66
-80
-95
-101
-96
-92
-100
-119
-138
-150
-155
-155
-147
-132
-122
-122
-123
-119
-107
-102
-106
-120
-130
-135
-138
-136
-131
-125
-120
-116
-111
-110
-104
-96
-88
-81
-78
-71
-55
-29
2
28
42
44
38
27
8
-14
-27
-27
-26
-30
-27
-8
12
13
-7
-27
-37
-43
-54
-61
-56
-36
-17
-9
-7
-7
-6
-8
-8
-1
16
38
57
68
67
63
62
64
57
43
32
26
23
20
19
24
30
30
27
27
36
47
54
51
48
61
84
105
117
131
154
167
166
155
153
156
157
154
152
160
165
158
138
113
98
85
67
40
16
7
4
-8
-20
-29
-37
-53
-72
-77
-65
-53
-60
-76
-79
-65
-48
-45
-54
-68
-77
-79
-77
-74
-76
-80
-82
-82
-78
-73
-72
-84
-107
-131
-139
-128
-109
-93
-83
-73
-66
-67
-78
-87
-86
-84
-85
-81
-65
-38
-21
-20
-24
-30
-36
-40
-49
-62
-77
-82
-75
-67
-64
-61
-49
-39
-37
-34
-20
-3
3
7
13
27
36
38
40
43
47
41
27
16
19
27
32
37
45
53
58
62
60
57
52
49
51
55
55
52
51
47
41
43
51
58
58
59
62
63
56
49
49
52
50
43
38
36
38
47
54
58
58
56
55
52
52
56
61
62
61
60
60
58
56
55
52
47
41
38
35
34
32
31
30
25
20
14
9
5
0
-7
-12
-15
-18
-20
-20
-18
-14
-14
-19
-22
-21
-18
-18
-19
-20
-30
-47
-62
-70
-73
-77
-79
-78
-73
-72
-75
-84
-97
-110
-112
-107
-100
-93
-79
-64
-54
-46
-34
-19
-13
-12
-12
-11
-8
-12
-21
-27
-27
-24
-23
-32
-47
-56
-63
-69
-76
-79
-74
-61
-47
-30
-13
3
12
15
17
21
28
35
40
47
57
72
80
80
73
62
42
16
-7
-20
-26
-32
-39
-46
-51
-54
-55
-62
-71
-74
-68
-58
-37
-8
15
28
30
28
29
34
38
39
47
57
67
77
85
91
93
88
76
65
60
57
53
47
49
65
88
107
118
123
127
128
129
131
135
132
130
126
141
157
128
94
91
90
69
58
63
50
28
7
-27
-52
-61
-73
-81
-76
-66
-71
-71
-48
-21
-5
3
8
10
10
10
0
-10
-6
2
5
3
1
-2
-20
-48
-76
-89
-94
-99
-101
-107
-115
-122
-125
-124
-124
-122
-122
-128
-121
-137
-137
-107
-89
-88
-83
-55
-49
-63
-62
-63
-73
-85
-95
-107
-120
-130
-150
-167
-174
-173
-178
-174
-154
-145
-135
-126
-110
-91
-74
-54
-48
-38
-22
-8
3
9
25
41
56
74
87
85
78
71
63
52
37
35
50
66
71
71
75
89
92
88
94
105
111
113
124
144
165
183
200
210
214
213
214
204
189
172
156
142
129
115
100
89
82
74
68
63
67
74
74
72
73
73
75
80
83
90
96
101
101
107
119
126
127
116
103
93
81
72
63
57
52
49
47
44
39
26
7
-17
-34
-37
-40
-41
-43
-43
-37
-37
-38
-43
-45
-50
-63
-78
-80
-87
-100
-112
-119
-135
-155
-169
-180
-194
-208
-227
-248
-257
-258
-258
-256
-254
-252
-251
-244
-233
-225
-221
-214
-205
-195
-188
-187
-186
-180
-175
-169
-161
-146
-133
-124
-115
-109
-102
-91
-82
-73
-61
-46
-34
-27
-21
-8
15
35
54
72
90
112
129
146
158
163
159
156
151
142
129
115
108
100
98
92
80
68
59
54
50
49
50
52
60
68
70
65
61
63
64
67
76
94
109
122
129
132
137
142
143
146
151
163
179
191
195
198
202
200
189
182
182
183
179
178
186
190
181
171
178
182
172
164
155
136
118
101
80
62
60
42
12
-2
-16
-54
-82
-88
-111
-140
-144
-141
-154
-161
-164
-182
-193
-187
-176
-193
-194
-163
-166
-180
-174
-173
-185
-173
-164
-182
-195
-177
-173
-182
-167
-147
-148
-155
-138
-140
-145
-137
-130
-122
-120
-93
-78
-69
-54
-45
-40
-34
-24
-28
-40
-35
-27
-32
-43
-43
-28
-32
-39
-44
-56
-60
-57
-63
-73
-84
-85
-91
-96
-84
-80
-88
-85
-80
-76
-67
-58
-54
-49
-38
-31
-26
-13
9
17
13
26
47
61
83
110
135
152
171
193
206
213
220
228
234
246
263
272
283
289
293
296
294
300
292
280
277
265
251
241
232
211
204
174
148
134
96
73
68
49
27
9
-7
-26
-38
-45
-57
-68
-82
-92
-96
-76
-83
-121
-131
-113
-101
-125
-146
-134
-124
-135
-147
-138
-134
-96
-111
-143
-76
-65
-134
-94
-32
-58
-56
-25
-2
-5
53
35
-33
22
82
20
-42
41
54
24
31
0
-8
44
34
-31
-42
12
2
-107
-72
-15
-68
-108
-93
-62
-90
-113
-128
-124
-87
-103
-176
-185
-118
-123
-186
-168
-134
-156
-145
-148
-170
-141
-121
-124
-142
-113
-66
-86
-92
-53
-18
-21
-26
0
43
76
66
65
92
114
121
106
116
161
138
111
152
176
144
106
126
151
130
101
82
89
95
56
41
54
48
36
44
45
23
26
31
26
25
19
17
24
30
19
-3
-10
5
7
-10
-32
-35
-43
-48
-39
-71
-83
-58
-51
-62
-50
-26
-55
-55
-4
-10
-30
-10
11
26
34
8
20
55
54
51
36
72
81
54
48
38
36
45
30
26
46
30
20
1
50
63
5
27
32
37
27
8
13
8
34
34
-1
26
33
33
28
-6
13
14
6
-18
-32
-1
-6
-49
-51
-31
-23
-39
-64
-27
4
-38
-63
-30
6
-6
-55
-34
17
14
7
-11
-14
18
-12
-5
-8
-11
14
-35
-54
-29
-42
-63
-68
-69
-40
-33
-50
-86
-69
-12
-65
-78
-23
1
-18
-45
-2
6
15
26
3
41
58
24
29
41
26
-2
11
47
10
-6
1
-34
-22
-7
-18
-19
-8
3
-15
-1
-9
-20
-5
9
26
5
14
20
-9
-19
6
-3
-31
-24
-5
-19
-54
-36
-32
-56
-56
-46
-39
-31
-41
-74
-66
-23
-35
-62
-31
8
0
-7
15
34
43
52
83
77
81
113
91
83
97
116
105
103
113
93
87
95
91
79
95
89
75
96
98
80
52
37
85
121
64
27
68
99
56
0
22
57
56
16
-19
19
27
-15
-49
-56
-30
-40
-46
-53
-57
-56
-103
-81
-41
-81
-99
-52
-53
-57
-24
-55
-80
-28
0
-34
-42
-3
23
-5
-8
-18
-14
32
1
-17
4
20
23
-7
-41
-14
21
1
-21
11
25
-2
-32
-44
14
17
-16
-6
17
6
-22
-23
-29
-12
-25
-41
-30
-7
-40
-121
-81
-44
-91
-98
-88
-123
-93
-70
-117
-140
-114
-82
-106
-112
-89
-69
-65
-96
-108
-40
-9
-76
-94
-20
14
-36
-47
-12
11
-9
-28
-8
14
26
20
-25
-7
55
27
0
28
48
62
57
31
20
46
67
50
54
84
71
64
59
36
51
81
77
56
86
94
36
31
46
28
31
61
71
51
27
37
34
21
23
36
69
67
48
38
27
38
48
36
59
94
85
44
53
55
34
57
69
71
57
63
67
22
31
52
33
33
71
82
35
15
20
21
35
29
15
34
49
35
-2
10
7
-25
12
27
-15
9
37
-14
-45
-29
-1
-13
-36
-39
-14
12
-19
-73
-62
-13
-40
-63
-20
4
-37
-71
-56
-49
-42
-48
-62
-45
-23
-32
-71
-94
-74
-65
-55
-56
-87
-78
-55
-91
-135
-119
-71
-72
-104
-104
-104
-117
-132
-143
-123
-91
-87
-99
-109
-121
-128
-111
-106
-107
-74
-46
-44
-82
-93
-63
-51
-55
-36
15
28
2
-29
-31
-5
8
26
51
69
61
48
32
29
40
56
88
99
104
100
70
50
54
77
105
117
111
106
102
82
62
66
86
91
97
108
94
66
56
51
47
54
75
74
60
50
42
33
31
38
47
53
55
55
58
61
52
48
67
85
86
92
91
90
99
103
98
105
120
112
111
119
109
94
98
99
91
102
90
66
68
70
54
29
28
39
30
4
-12
-22
-29
-33
-56
-74
-73
-74
-87
-103
-124
-127
-128
-136
-140
-144
-143
-145
-153
-158
-154
-148
-144
-135
-134
-140
-142
-137
-117
-100
-103
-91
-89
-100
-95
-91
-88
-72
-51
-49
-56
-59
-65
-75
-73
-52
-32
-20
-21
-41
-56
-49
-41
-43
-33
-8
2
-9
-34
-50
-51
-46
-34
-22
-13
-20
-40
-64
-63
-53
-49
-37
-37
-43
-46
-54
-67
-72
-68
-55
-35
-32
-40
-46
-39
-32
-32
-14
15
28
29
40
50
56
59
71
92
110
118
117
121
126
127
141
157
169
171
164
176
183
172
170
185
193
184
179
179
170
160
153
146
143
142
146
126
109
106
93
83
76
72
84
78
60
48
37
36
17
1
14
25
17
4
1
-1
-1
-14
-24
-19
-7
8
3
-12
-26
-35
-38
-43
-37
-27
-22
-35
-58
-51
-45
-64
-74
-66
-43
-29
-40
-52
-62
-76
-73
-66
-56
-49
-50
-50
-60
-78
-88
-91
-97
-113
-110
-84
-88
-108
-120
-131
-141
-166
-172
-169
-162
-134
-136
-160
-172
-145
-110
-114
-139
-148
-138
-150
-162
-150
-116
-66
-39
-24
-29
-53
-93
-134
-134
-93
-37
2
26
30
41
25
-28
-68
-69
-26
6
37
73
109
98
48
17
17
42
60
78
97
121
134
114
89
81
95
112
120
117
116
124
124
115
116
140
146
138
133
127
123
119
120
127
146
151
141
136
122
119
123
119
117
123
115
104
99
94
100
104
94
84
82
78
64
65
73
77
75
70
57
47
37
19
19
29
39
36
16
7
-3
-10
-23
-30
-26
-29
-34
-47
-64
-73
-78
-87
-87
-85
-88
-88
-94
-113
-121
-122
-124
-124
-120
-114
-118
-122
-128
-130
-121
-108
-107
-112
-120
-125
-127
-128
-127
-124
-106
-93
-99
-107
-112
-116
-121
-111
-92
-81
-76
-77
-84
-95
-97
-87
-76
-66
-56
-43
-38
-49
-63
-57
-46
-44
-32
-13
-12
-27
-35
-23
-12
-5
2
5
13
17
18
22
24
31
44
51
58
69
78
75
66
62
72
83
86
88
95
98
88
77
83
96
100
95
91
97
96
94
94
91
92
94
90
85
89
99
94
89
85
89
95
88
87
87
77
71
72
71
64
62
64
60
50
45
43
40
37
36
34
33
28
16
9
7
6
8
9
3
-5
-6
-12
-24
-30
-26
-16
-18
-26
-33
-39
-49
-57
-59
-54
-53
-54
-54
-59
-69
-74
-71
-73
-82
-78
-68
-67
-71
-76
-80
-77
-74
-71
-70
-73
-67
-61
-64
-70
-70
-62
-61
-60
-58
-50
-47
-52
-51
-50
-47
-42
-38
-38
-32
-29
-27
-22
-22
-25
-24
-17
-15
-19
-12
-3
0
-5
-8
-8
-10
-6
4
6
7
8
10
3
-4
0
10
17
18
23
25
22
18
16
15
18
28
36
37
34
34
33
28
26
30
41
47
48
49
44
38
35
35
35
45
57
57
52
47
41
36
34
39
50
54
56
52
40
33
30
28
27
31
38
37
35
25
13
9
10
10
8
17
21
15
6
0
1
-3
-3
2
2
5
6
-2
-6
-5
-1
1
-2
-3
-2
-4
-8
-13
-15
-12
-7
-7
-8
-13
-15
-15
-22
-24
-19
-12
-6
-9
-15
-16
-21
-25
-22
-20
-18
-14
-14
-15
-21
-29
-28
-22
-21
-21
-18
-13
-11
-13
-18
-18
-14
-15
-15
-14
-8
-7
-9
-12
-10
-4
-5
-9
-12
-11
-6
-6
-6
-4
1
4
-3
-8
-13
-11
-6
-6
-4
-1
7
7
-4
-13
-11
-3
3
1
3
8
9
4
-2
-2
4
6
6
5
8
14
14
8
3
4
5
8
8
4
5
6
-3
-7
-3
5
7
4
1
2
1
-1
-1
-3
-3
2
4
-2
-5
-1
0
-2
-5
-2
-6
-10
6
12
-5
-6
8
1
-12
-8
-2
-2
5
11
4
1
8
0
-13
-4
7
4
2
4
3
-1
-8
-13
-11
-3
-1
-5
0
4
0
-8
-12
-9
-5
0
1
2
3
0
-3
-6
-3
6
10
8
7
7
3
-1
-1
4
4
3
5
8
2
-4
-3
-1
-1
6
10
2
2
5
0
0
4
6
6
8
10
11
9
6
6
9
11
8
11
13
6
-2
-5
-4
-2
4
5
0
-5
-9
-10
-9
-9
-6
-3
-4
-5
-4
-5
-3
-3
-3
-1
-1
-2
2
7
5
5
7
8
9
11
8
6
5
5
5
8
11
12
13
13
10
9
8
7
8
14
15
14
12
10
10
8
5
4
2
0
0
0
-2
-4
-7
-10
-12
-19
-22
-19
-18
-22
-23
-24
-25
-26
-26
-28
-31
-31
-28
-25
-25
-26
-25
-26
-24
-23
-21
-19
-15
-13
-12
-12
-7
-4
-3
1
2
4
9
10
11
12
14
16
17
19
21
22
22
22
25
26
27
28
24
24
24
20
20
21
23
22
19
14
13
12
8
1
2
7
6
3
3
2
2
0
-5
-5
-2
-3
-5
-4
-4
-2
-1
0
1
5
8
6
6
5
8
10
12
14
15
17
16
15
17
17
22
24
23
21
23
23
21
23
23
24
22
18
19
17
15
12
11
13
13
10
7
3
-1
-3
-3
-7
-9
-9
-12
-16
-19
-23
-24
-26
-27
-28
-30
-33
-36
-40
-45
-46
-45
-45
-45
-48
-49
-52
-55
-54
-51
-51
-50
-49
-48
-50
-53
-52
-49
-50
-49
-47
-41
-39
-41
-42
-41
-39
-39
-35
-32
-30
-28
-29
-31
-30
-28
-24
-20
-21
-18
-15
-17
-18
-16
-9
-7
-6
-5
-3
-4
-2
2
3
5
8
11
14
15
18
23
24
22
25
30
32
33
33
35
39
42
43
45
43
48
50
51
53
54
57
59
60
62
62
62
62
62
64
64
66
68
66
67
69
69
67
65
68
69
67
64
62
62
60
58
58
58
57
55
53
51
49
49
47
44
40
39
37
32
27
22
17
15
11
7
5
3
1
-2
-6
-9
-14
-18
-24
-26
-29
-33
-37
-41
-45
-50
-53
-56
-58
-61
-64
-67
-69
-72
-73
-74
-77
-81
-83
-85
-87
-88
-89
-92
-94
-94
-93
-91
-91
-90
-89
-87
-84
-84
-82
-81
-77
-75
-72
-69
-66
-63
-60
-57
-53
-50
-46
-41
-36
-32
-30
-25
-21
-18
-15
-14
-10
-6
-2
3
6
11
13
16
20
24
28
29
32
37
42
43
44
44
44
46
49
50
52
54
56
58
58
60
62
64
65
66
69
71
71
71
72
71
70
68
67
68
69
69
71
71
71
74
73
72
70
69
69
67
67
65
63
61
57
53
49
45
42
41
40
38
36
34
30
26
23
20
18
14
11
9
7
1
-3
-8
-11
-16
-18
-20
-24
-27
-28
-32
-36
-40
-42
-44
-47
-48
-48
-51
-54
-56
-56
-57
-59
-59
-62
-63
-66
-65
-65
-67
-68
-69
-68
-68
-68
-66
-62
-61
-63
-65
-65
-63
-60
-58
-56
-56
-55
-54
-54
-52
-51
-49
-48
-49
-47
-41
-37
-36
-36
-35
-33
-32
-29
-24
-21
-21
-21
-20
-17
-14
-12
-10
-9
-5
-3
1
5
5
7
10
9
10
14
19
21
22
23
26
30
31
32
34
38
38
39
41
45
47
47
48
50
50
52
53
54
54
53
53
54
54
54
55
55
55
56
58
58
56
54
53
54
52
51
49
48
47
46
44
44
43
42
41
39
38
36
37
36
33
31
29
27
25
23
23
21
21
20
18
18
16
15
15
11
10
8
5
2
0
-2
-3
-7
-9
-12
-13
-15
-17
-20
-22
-23
-25
-27
-30
-33
-35
-37
-40
-43
-46
-48
-51
-54
-55
-56
-57
-59
-61
-62
-62
-62
-62
-63
-63
-64
-65
-66
-66
-63
-63
-62
-60
-60
-60
-56
-56
-53
-50
-45
-46
-45
-40
-38
-36
-33
-30
-29
-27
-23
-21
-19
-16
-12
-9
-8
-5
-2
0
3
4
6
7
9
9
9
10
12
13
13
13
16
18
19
19
21
20
21
24
25
24
25
23
25
26
26
28
29
28
30
33
34
36
37
39
40
41
43
44
43
44
45
46
46
47
49
47
47
48
49
49
48
48
47
48
48
46
43
41
40
37
37
35
32
29
28
26
23
22
20
17
13
9
7
5
2
-1
-2
-4
-6
-9
-13
-16
-18
-20
-21
-22
-23
-23
-26
-27
-28
-30
-29
-30
-30
-30
-30
-31
-30
-30
-29
-28
-26
-25
-25
-25
-24
-23
-23
-23
-21
-21
-20
-18
-17
-16
-16
-17
-16
-17
-15
-14
-15
-14
-15
-16
-16
-15
-15
-16
-18
-18
-19
-18
-18
-15
-14
-15
-15
-15
-14
-14
-13
-12
-12
-12
-11
-8
-8
-8
-9
-8
-6
-4
-2
1
1
0
2
4
5
8
10
11
12
13
13
16
16
17
18
18
18
19
19
19
20
20
20
19
19
21
21
19
17
17
18
15
14
14
12
10
8
7
8
7
4
2
1
-1
-3
-4
-4
-6
-8
-8
-9
-10
-11
-12
-14
-12
-12
-14
-13
-12
-12
-12
-11
-10
-10
-9
-6
-4
-5
-3
-2
0
3
4
4
6
7
8
8
9
11
10
10
10
10
9
9
10
9
9
10
9
8
8
7
6
6
6
5
3
4
2
0
-2
-3
-3
-5
-5
-5
-5
-4
-5
-6
-4
-6
-6
-7
-7
-7
-7
-7
-7
-8
-8
-6
-4
-4
-4
-3
-1
-1
-3
-3
-1
0
0
1
1
1
1
3
2
2
2
3
2
1
1
2
0
-1
1
2
3
1
1
2
-1
-2
-3
-2
-3
-3
-3
-4
-4
-4
-3
-5
-5
-5
-5
-5
-6
-8
-7
-8
-7
-5
-5
-6
-6
-5
-5
-6
-5
-4
-2
-2
-2
-2
-3
-3
-3
-2
-2
-1
-2
0
0
0
1
1
2
1
1
2
1
0
0
1
0
1
2
2
1
2
1
2
1
1
2
2
2
2
3
3
4
3
5
6
4
5
5
5
5
5
6
6
6
8
8
8
8
8
9
9
9
9
9
9
11
11
11
11
10
11
10
11
11
10
9
8
8
8
7
7
7
7
6
5
4
4
4
4
2
0
-2
-2
-2
-4
-5
-5
-7
-8
-10
-8
-9
-9
-10
-9
-10
-10
-9
-8
-8
-8
-6
-5
-5
-5
-3
-3
-3
-2
-2
0
0
0
1
3
1
3
3
3
3
2
4
3
3
5
5
3
1
1
0
1
-1
0
-2
-4
-4
-3
-4
-6
-5
-7
-9
-9
-11
-9
-10
-11
-11
-9
-10
-12
-11
-11
-10
-12
-10
-9
-10
-10
-9
-9
-8
-8
-6
-5
-5
-4
-2
0
1
1
2
3
3
4
5
5
4
5
5
7
8
9
9
10
10
12
13
12
12
11
11
9
11
7
6
6
7
6
5
6
7
5
5
6
4
3
3
2
1
-2
-2
-3
-3
-4
-4
-3
-3
-4
-3
-2
-1
-1
0
0
-1
-2
0
1
0
1
2
1
1
3
3
4
3
2
2
2
2
1
1
1
2
2
3
1
0
0
-1
-2
-2
-2
-4
-4
-4
-6
-6
-7
-7
-9
-9
-10
-10
-10
-10
-11
-12
-12
-12
-13
-13
-14
-14
-13
-13
-13
-12
-11
-12
-12
-11
-10
-10
-10
-10
-10
-11
-11
-9
-9
-8
-8
-7
-8
-6
-6
-6
-5
-5
-4
-3
-3
-2
0
0
-1
0
1
1
1
2
3
2
3
3
4
4
4
6
7
7
7
8
8
7
9
10
10
10
11
12
12
12
13
13
13
14
14
14
16
16
15
15
16
17
17
16
15
16
17
15
15
14
15
16
14
14
14
13
13
11
11
11
11
10
8
9
10
9
7
6
6
7
6
4
6
5
4
3
3
4
3
2
2
1
1
1
0
0
-1
-1
-1
-3
-5
-3
-3
-5
-5
-5
-4
-6
-7
-7
-6
-9
-11
-11
-11
-11
-13
-14
-14
-16
-15
-16
-17
-19
-18
-17
-18
-19
-17
-18
-19
-20
-20
-19
-18
-20
-18
-17
-18
-17
-17
-14
-12
-12
-11
-10
-9
-7
-5
-4
-4
-2
0
1
2
3
4
6
6
7
9
10
11
12
12
13
13
13
14
15
14
14
14
12
13
13
12
12
12
11
11
10
9
9
8
7
7
7
6
6
4
4
4
2
2
2
3
3
4
4
2
2
2
0
1
2
3
4
3
3
4
3
3
3
5
5
7
7
6
8
8
8
9
9
9
10
9
9
10
10
9
9
8
8
7
6
6
5
3
3
1
0
0
-1
-2
-3
-5
-7
-8
-10
-11
-11
-13
-15
-15
-17
-20
-19
-21
-20
-21
-22
-23
-24
-25
-25
-25
-25
-25
-25
-26
-26
-24
-23
-24
-22
-21
-21
-21
-20
-19
-18
-18
-18
-17
-16
-16
-15
-14
-14
-13
-12
-12
-12
-11
-11
-10
-9
-9
-8
-8
-8
-6
-5
-5
-4
-3
-1
-1
-2
-2
-2
-2
-1
0
1
2
4
3
4
5
6
7
9
11
11
12
11
13
14
16
17
17
19
20
21
23
23
25
26
28
28
29
30
30
30
31
31
32
31
31
31
30
30
29
29
28
28
27
28
27
26
25
24
23
23
21
21
21
20
18
16
13
10
9
8
8
5
4
2
1
-1
-3
-3
-4
-4
-6
-8
-9
-9
-10
-11
-12
-12
-11
-13
-13
-13
-13
-13
-14
-14
-14
-15
-15
-16
-17
-18
-17
-18
-19
-19
-20
-20
-19
-20
-20
-22
-22
-20
-21
-20
-21
-22
-22
-23
-24
-23
-22
-22
-24
-24
-24
-23
-23
-22
-21
-19
-19
-17
-17
-18
-16
-13
-11
-9
-9
-8
-8
-6
-5
-6
-5
-3
-1
0
1
2
3
5
6
6
8
11
13
13
14
15
16
15
17
18
18
18
19
19
21
21
20
20
23
22
21
23
23
23
22
22
20
21
21
20
19
19
19
19
18
17
17
18
19
17
17
18
17
17
18
17
15
15
15
15
13
13
13
13
13
13
13
13
13
12
11
12
11
10
11
10
9
8
6
5
4
3
1
0
0
-1
-4
-4
-6
-7
-9
-10
-9
-12
-13
-14
-16
-17
-19
-20
-22
-22
-24
-25
-27
-28
-29
-30
-30
-31
-32
-31
-32
-31
-29
-29
-29
-28
-28
-26
-25
-25
-25
-24
-24
-23
-21
-23
-21
-19
-19
-18
-17
-16
-13
-11
-10
-9
-7
-6
-5
-4
-3
-2
-1
0
-3
-2
-3
-2
-2
-4
-3
-1
0
0
2
2
4
4
5
6
6
7
8
9
8
9
8
7
7
6
6
8
10
10
12
13
14
13
14
15
16
16
15
15
16
15
15
14
14
12
11
11
12
11
13
13
13
13
12
12
13
12
12
11
10
9
9
8
7
6
5
5
5
4
5
5
6
5
5
4
5
5
5
4
3
1
1
0
0
1
0
0
-2
-1
0
-2
-2
-1
-3
-2
-3
-4
-5
-5
-5
-6
-7
-6
-7
-8
-9
-10
-9
-9
-9
-10
-9
-9
-9
-10
-10
-11
-9
-9
-10
-10
-9
-9
-10
-10
-10
-10
-11
-10
-8
-7
-6
-7
-6
-5
-3
-2
-2
-1
0
1
-1
0
1
3
2
3
3
4
3
4
5
6
7
7
6
6
7
7
7
7
6
