-3
-6
-6
-6
-6
-7
-8
-7
-5
-6
-6
-6
-5
-5
-4
-3
-1
-2
-2
-1
1
1
1
1
2
2
2
3
4
3
3
3
4
3
2
2
1
2
1
1
1
2
2
3
3
2
3
4
4
4
5
7
7
6
7
8
8
8
7
7
7
4
3
3
2
-1
-2
-3
-3
-4
-3
-3
-3
-2
-2
-2
-1
-1
-3
-3
-2
-2
0
0
-1
0
0
1
1
1
1
1
3
3
3
5
3
2
1
1
1
0
-2
-1
0
0
-1
0
0
-1
-4
-4
-4
-3
-5
-8
-6
-5
-7
-8
-6
-4
-5
-8
5
14
17
18
30
50
55
52
51
69
78
70
58
59
65
62
49
38
33
24
14
6
-2
-11
-24
-28
-33
-42
-48
-49
-51
-65
-70
-62
-55
-58
-67
-59
-45
-38
-38
-36
-26
-20
-20
-20
-22
-25
-31
-39
-46
-59
-70
-81
-97
-124
-144
-150
-158
-183
-204
-202
-181
-165
-161
-135
-95
-54
-17
18
66
107
145
176
195
214
230
246
245
226
214
209
203
179
149
132
120
100
71
48
30
4
-25
-52
-74
-94
-115
-133
-152
-166
-168
-159
-153
-157
-152
-130
-101
-88
-81
-62
-31
-13
-4
16
42
65
72
80
95
112
123
124
123
128
135
144
143
140
133
132
135
128
119
112
115
117
108
109
116
118
108
96
101
108
104
91
83
85
81
75
66
53
32
15
7
-1
-19
-34
-42
-51
-64
-73
-71
-74
-90
-109
-108
-104
-105
-117
-121
-120
-122
-124
-125
-118
-121
-122
-121
-107
-98
-101
-101
-104
-106
-110
-115
-125
-146
-170
-185
-200
-204
-220
-217
-210
-193
-166
-137
-90
-68
-34
11
74
127
152
158
177
203
228
237
217
192
181
176
160
139
111
84
58
43
18
7
-27
-60
-88
-116
-119
-134
-148
-184
-203
-195
-182
-173
-183
-192
-166
-141
-113
-97
-86
-75
-65
-36
-20
7
23
32
50
76
105
133
141
132
133
154
181
186
179
163
168
182
192
187
176
169
175
177
177
175
175
176
163
159
164
175
172
154
140
138
144
133
110
88
69
54
42
23
7
-15
-35
-55
-65
-73
-82
-93
-107
-113
-113
-112
-121
-135
-155
-164
-168
-174
-194
-216
-221
-218
-223
-240
-253
-262
-271
-292
-310
-301
-256
-217
-207
-202
-145
-44
19
36
66
170
282
320
301
297
350
398
394
349
303
276
252
221
178
122
68
26
-8
-52
-98
-125
-151
-202
-259
-270
-249
-260
-316
-356
-331
-276
-265
-281
-285
-262
-220
-187
-163
-155
-144
-115
-75
-39
-12
18
48
57
75
111
161
176
150
136
168
216
220
187
160
162
177
190
183
162
138
138
158
174
177
168
184
203
215
230
249
265
258
246
259
276
271
233
199
186
179
162
127
87
49
15
-6
-22
-53
-89
-114
-126
-141
-164
-183
-197
-215
-235
-237
-228
-230
-249
-261
-249
-235
-237
-250
-254
-251
-254
-256
-251
-252
-273
-293
-286
-226
-171
-154
-154
-103
7
84
110
129
223
353
406
386
368
428
496
488
432
375
355
327
281
217
124
47
-6
-31
-84
-173
-228
-250
-275
-341
-381
-356
-341
-380
-434
-417
-353
-333
-361
-378
-345
-287
-240
-215
-210
-206
-171
-107
-63
-53
-46
-10
36
63
86
123
153
146
140
172
220
231
197
167
171
191
201
194
170
153
153
189
215
205
179
178
227
268
268
255
261
285
298
306
325
334
317
285
276
274
254
207
144
97
59
30
-11
-67
-137
-194
-209
-212
-236
-277
-306
-296
-278
-279
-280
-278
-271
-266
-251
-230
-218
-224
-234
-230
-215
-197
-190
-206
-231
-245
-189
-103
-68
-83
-82
29
145
184
160
198
337
434
438
374
369
442
475
428
333
268
241
222
185
88
-9
-79
-99
-118
-196
-268
-301
-295
-328
-388
-403
-372
-360
-409
-444
-396
-325
-294
-320
-330
-288
-218
-166
-162
-175
-171
-122
-52
-19
-32
-43
-14
33
62
66
67
83
91
96
119
151
162
137
115
129
175
206
194
163
161
206
264
278
243
222
256
323
356
335
309
323
356
366
351
339
328
307
277
249
236
209
154
79
17
-21
-50
-95
-173
-246
-280
-269
-262
-300
-351
-358
-314
-265
-252
-253
-235
-189
-145
-127
-120
-112
-98
-93
-97
-98
-90
-101
-142
-186
-150
-72
-39
-59
-61
38
151
205
196
241
362
455
463
398
390
450
475
420
311
230
185
157
105
-5
-113
-192
-192
-195
-265
-348
-382
-359
-362
-393
-409
-384
-355
-367
-378
-347
-300
-274
-289
-299
-278
-226
-172
-160
-170
-179
-136
-57
-13
-22
-43
-15
47
92
93
67
64
74
89
102
105
94
77
82
107
144
154
149
149
160
198
243
277
273
261
282
323
364
349
312
304
325
343
328
301
272
247
209
170
139
96
44
-19
-74
-119
-158
-194
-245
-299
-345
-359
-355
-369
-400
-417
-394
-348
-313
-307
-289
-240
-177
-132
-120
-101
-76
-45
-28
-43
-60
-76
-40
22
43
33
36
141
244
273
246
282
441
551
557
468
443
522
569
527
391
281
224
198
161
40
-100
-214
-241
-236
-286
-371
-444
-437
-424
-423
-417
-397
-363
-372
-373
-330
-255
-213
-237
-252
-222
-150
-101
-105
-126
-139
-104
-42
9
8
-30
-35
20
93
106
62
32
49
82
94
81
66
42
43
67
102
127
116
111
133
181
222
261
286
286
285
302
360
393
370
328
318
344
344
317
259
197
149
110
91
54
-17
-110
-172
-189
-207
-244
-304
-350
-360
-362
-357
-363
-376
-388
-380
-336
-295
-272
-273
-263
-217
-165
-131
-114
-97
-70
-58
-40
-28
3
69
105
133
150
213
305
349
339
336
444
559
598
524
433
458
517
518
409
276
205
191
194
108
-24
-158
-226
-215
-236
-318
-428
-471
-470
-468
-490
-507
-474
-456
-460
-438
-352
-249
-210
-222
-216
-131
-18
36
22
-24
-36
12
74
88
29
-43
-51
13
65
33
-32
-60
-29
14
18
4
-14
-22
-27
-7
40
77
87
67
75
138
220
257
236
221
256
347
417
419
383
359
388
431
428
365
298
258
229
182
100
17
-60
-139
-222
-283
-325
-369
-427
-486
-506
-486
-459
-448
-443
-429
-376
-294
-231
-202
-193
-159
-84
-22
-9
-27
-19
6
18
-8
-7
83
149
176
177
244
382
453
438
425
529
664
696
586
456
463
527
517
376
209
116
123
146
78
-54
-186
-222
-173
-170
-265
-378
-420
-402
-407
-465
-500
-488
-478
-507
-509
-437
-333
-273
-285
-267
-171
-37
55
73
43
38
102
168
185
111
18
-2
39
62
2
-75
-111
-85
-56
-57
-50
-40
-12
5
32
83
130
150
133
135
166
226
258
244
212
206
258
310
322
283
251
264
289
288
238
184
140
96
46
-2
-54
-119
-197
-279
-327
-345
-366
-420
-489
-526
-516
-480
-470
-486
-486
-443
-364
-297
-270
-257
-216
-141
-74
-55
-53
-39
-11
-15
-9
80
167
220
213
241
378
484
513
504
572
670
695
629
545
543
558
523
441
340
251
222
221
181
74
-66
-120
-85
-107
-243
-395
-449
-431
-462
-541
-582
-555
-520
-514
-469
-380
-282
-206
-160
-94
-18
55
115
141
118
83
90
135
156
102
32
31
90
136
120
84
70
87
126
131
117
84
46
51
63
58
52
65
89
118
141
179
254
311
330
341
370
388
376
338
280
223
149
71
28
-24
-102
-173
-213
-217
-225
-259
-284
-295
-322
-359
-381
-407
-454
-528
-591
-607
-615
-643
-670
-660
-625
-577
-522
-462
-369
-290
-255
-189
-128
-16
152
241
311
332
395
554
637
618
576
649
780
804
691
549
549
625
614
521
384
300
307
309
268
164
20
-57
-61
-115
-234
-360
-424
-446
-522
-600
-593
-508
-468
-494
-466
-364
-211
-122
-116
-98
-64
-3
60
78
45
1
6
66
138
146
132
159
196
232
228
212
203
169
108
51
40
41
28
2
-8
34
116
187
249
306
348
407
461
488
498
483
465
433
381
328
287
247
183
107
41
3
-25
-84
-162
-233
-287
-319
-369
-437
-504
-556
-583
-604
-635
-667
-683
-683
-678
-671
-667
-646
-622
-607
-583
-548
-492
-459
-436
-428
-318
-93
88
214
227
349
568
671
671
657
773
901
854
666
548
607
675
616
482
355
324
325
298
235
76
-83
-145
-154
-217
-361
-488
-490
-466
-532
-562
-448
-289
-243
-280
-248
-88
59
63
2
-42
-56
-37
-27
-51
-124
-184
-148
-43
25
30
73
153
197
164
108
148
175
118
10
-71
-53
-31
-33
-37
-17
30
104
202
287
349
385
425
460
471
480
515
529
467
399
388
433
448
360
257
196
168
114
7
-123
-246
-331
-401
-446
-494
-559
-596
-610
-606
-598
-582
-556
-558
-595
-632
-601
-551
-557
-625
-665
-631
-546
-490
-435
-253
-65
119
216
295
497
598
582
533
596
775
798
634
475
506
660
699
636
523
449
431
386
343
211
-5
-179
-282
-356
-456
-554
-557
-525
-558
-566
-435
-226
-114
-144
-170
-68
74
118
82
48
35
56
96
129
146
125
146
192
191
154
128
132
92
-26
-137
-137
-102
-107
-157
-181
-122
-62
-18
-10
8
53
87
111
106
123
171
233
271
263
293
376
455
465
406
389
443
467
393
275
216
214
177
64
-55
-130
-164
-212
-296
-394
-473
-490
-488
-517
-582
-629
-595
-571
-605
-646
-652
-569
-532
-562
-598
-587
-515
-404
-203
-44
92
129
215
424
477
409
341
460
686
706
514
383
481
655
696
623
549
515
437
319
244
142
-7
-189
-332
-420
-491
-527
-483
-464
-561
-619
-507
-283
-175
-254
-305
-206
-68
-11
5
65
133
166
196
262
322
339
333
330
310
264
252
262
230
150
81
62
47
-35
-101
-106
-125
-192
-265
-249
-157
-80
-74
-79
-36
41
132
184
183
168
164
186
213
208
209
248
259
228
189
193
227
182
45
-89
-164
-177
-200
-276
-356
-391
-384
-355
-350
-378
-396
-418
-453
-520
-552
-520
-483
-499
-553
-548
-491
-434
-297
-45
186
314
266
344
540
568
442
331
505
763
791
580
472
582
709
687
542
452
373
272
158
66
10
-65
-149
-225
-312
-387
-415
-397
-453
-605
-682
-589
-415
-355
-378
-335
-198
-79
-57
-45
17
92
91
49
35
91
208
283
311
309
335
402
408
347
249
195
177
122
93
105
157
186
161
120
85
80
60
31
-55
-140
-146
-92
-12
6
32
102
175
185
120
82
80
53
-9
-61
-60
-25
-25
-70
-115
-168
-226
-282
-370
-477
-577
-628
-604
-591
-596
-568
-492
-416
-417
-437
-415
-359
-363
-431
-446
-429
-294
-24
211
393
355
343
466
519
458
355
545
860
1010
845
682
788
926
937
712
482
335
220
138
61
29
4
-23
-94
-244
-379
-427
-396
-465
-698
-841
-754
-519
-385
-381
-362
-279
-198
-222
-233
-187
-117
-74
-84
-64
19
196
351
396
354
286
322
344
307
243
218
271
304
339
368
393
361
278
197
107
83
106
177
243
245
244
264
280
222
138
68
18
-44
-122
-141
-114
-65
-38
-56
-91
-152
-200
-235
-297
-363
-429
-438
-404
-394
-422
-484
-551
-611
-664
-693
-705
-695
-678
-646
-594
-526
-439
-411
-385
-370
-309
-63
176
353
344
263
340
411
428
355
481
797
1011
1016
842
829
870
848
739
631
586
445
311
229
255
275
160
2
-158
-291
-404
-477
-471
-472
-500
-520
-483
-416
-410
-436
-479
-498
-541
-585
-515
-392
-261
-205
-176
-146
-129
-100
-82
-30
33
107
177
196
221
263
337
378
344
309
314
390
478
546
569
505
420
344
306
284
273
331
407
426
362
328
364
400
354
210
113
43
-18
-78
-121
-133
-174
-207
-237
-256
-286
-333
-348
-380
-463
-552
-586
-556
-545
-576
-613
-632
-647
-682
-668
-621
-567
-538
-535
-486
-444
-381
-306
-148
69
204
271
239
253
273
266
283
381
658
880
941
821
696
685
649
594
573
651
669
512
336
304
335
225
0
-117
-105
-126
-236
-287
-187
-128
-189
-302
-363
-427
-540
-564
-466
-347
-338
-358
-273
-170
-176
-262
-270
-212
-222
-299
-297
-181
-75
-67
-100
-62
-3
1
2
53
148
213
219
220
201
135
62
57
140
225
264
282
329
348
300
236
217
241
225
164
125
138
165
191
219
210
171
142
136
113
47
-51
-104
-68
-27
-37
-46
-47
-72
-147
-224
-257
-286
-344
-399
-397
-354
-302
-252
-207
-163
-149
-126
-72
-31
-20
-28
3
52
70
69
103
190
248
254
262
298
315
255
159
120
139
155
128
77
41
24
-15
-70
-115
-148
-150
-148
-162
-173
-182
-174
-175
-210
-251
-256
-228
-203
-177
-149
-115
-79
-47
-18
-8
-14
10
56
82
77
64
91
119
86
36
21
47
58
42
37
48
55
41
22
-8
-53
-101
-122
-108
-98
-93
-91
-81
-62
-49
-23
20
53
65
52
50
83
121
139
124
94
79
75
71
82
106
125
134
139
145
153
150
147
150
128
106
89
91
93
78
63
56
63
54
49
51
48
30
-3
-4
22
43
43
40
53
53
48
43
52
78
76
52
25
1
-19
-39
-70
-111
-143
-165
-154
-127
-123
-139
-170
-179
-160
-148
-149
-167
-185
-179
-177
-181
-179
-154
-112
-80
-65
-43
7
56
66
35
16
52
119
165
173
172
181
179
143
103
94
96
70
24
-24
-51
-64
-75
-81
-97
-128
-150
-153
-157
-184
-226
-244
-246
-259
-281
-288
-266
-239
-216
-187
-145
-111
-83
-57
-41
-36
-32
-11
28
55
66
85
105
125
142
153
156
136
111
107
122
121
123
138
154
160
161
183
225
261
264
250
244
239
229
194
154
135
128
129
133
140
152
154
141
115
91
80
66
40
2
-28
-40
-48
-75
-111
-130
-134
-141
-172
-213
-233
-243
-257
-271
-266
-229
-185
-150
-129
-124
-121
-103
-62
-29
-23
-8
40
97
117
106
135
209
264
266
259
282
314
314
304
314
317
283
233
201
191
173
132
81
27
-21
-67
-108
-150
-200
-236
-259
-276
-281
-280
-272
-268
-262
-243
-232
-257
-298
-311
-300
-299
-323
-334
-303
-255
-218
-187
-139
-90
-72
-75
-75
-61
-48
-46
-56
-60
-38
1
27
27
13
14
33
58
75
90
112
127
140
151
173
202
226
242
256
260
265
270
261
233
199
178
183
189
168
131
116
121
108
70
37
26
20
-16
-70
-109
-135
-162
-198
-220
-212
-202
-204
-211
-212
-204
-196
-168
-120
-72
-44
-22
16
67
98
95
96
128
161
161
154
171
206
231
247
274
311
326
312
302
292
278
252
212
166
114
62
17
-17
-45
-67
-85
-99
-111
-133
-165
-190
-201
-205
-221
-234
-238
-246
-255
-255
-235
-232
-240
-231
-213
-203
-208
-210
-209
-193
-167
-151
-127
-83
-60
-71
-63
-46
-46
-58
-57
-49
-37
-23
-10
33
65
57
69
74
81
107
121
160
189
185
183
184
184
190
208
193
163
169
161
112
131
137
86
70
65
55
25
13
30
1
-32
-41
-65
-109
-145
-145
-178
-201
-193
-198
-203
-193
-161
-131
-120
-102
-54
-30
-27
-16
9
31
47
71
87
88
109
155
186
189
195
205
216
220
221
236
264
275
260
249
239
226
195
143
95
69
47
13
-27
-53
-62
-82
-91
-78
-76
-99
-127
-147
-165
-163
-199
-258
-219
-197
-192
-195
-210
-154
-143
-194
-219
-215
-227
-196
-176
-206
-159
-137
-150
-134
-118
-116
-124
-73
-62
-115
-90
-50
-46
-33
11
67
63
111
142
99
123
125
178
195
160
211
221
224
221
151
149
173
140
156
169
120
60
110
111
91
91
11
16
24
31
15
-59
-51
-2
-36
-93
-59
-21
-104
-124
-49
-69
-95
-120
-93
-47
-68
-38
-39
-89
-73
-20
5
-9
-11
14
49
63
59
118
154
129
143
158
152
124
83
86
96
90
100
116
96
77
82
70
74
66
44
35
18
19
30
-14
-45
-16
-16
-40
-44
-47
-75
-93
-106
-89
-96
-184
-135
-83
-160
-136
-109
-137
-142
-157
-182
-240
-202
-129
-195
-212
-154
-168
-213
-202
-167
-213
-210
-120
-118
-129
-97
-77
-22
1
-22
25
66
57
134
127
52
159
165
126
106
130
216
178
194
160
205
248
222
224
176
205
199
191
153
127
110
132
122
28
69
120
64
-4
7
2
-12
-28
-53
-63
-59
-60
-98
-103
-84
-95
-134
-119
-60
-63
-97
-82
-35
-10
3
-18
-19
32
24
15
27
43
52
36
41
67
78
57
51
50
66
78
37
31
53
58
32
21
46
40
9
-25
-17
17
-11
-56
-43
-29
-43
-57
-61
-40
-71
-107
-87
-121
-137
-135
-151
-139
-139
-123
-163
-190
-160
-148
-166
-183
-105
-133
-185
-121
-124
-180
-108
-25
-82
-38
15
-6
19
67
55
54
116
124
200
221
150
215
230
160
227
279
240
239
312
341
336
308
187
171
235
194
73
196
243
158
168
-55
-40
87
32
-60
-118
-17
-30
-158
-255
-270
-231
-240
-294
-272
-256
-217
-230
-328
-237
-247
-276
-270
-284
-211
-173
-121
-122
-60
-1
-14
-25
-27
13
17
49
115
139
137
173
192
190
143
96
124
139
131
78
102
108
56
52
18
36
52
28
48
53
33
-6
-55
-86
-100
-117
-108
-81
-73
-76
-111
-144
-142
-169
-210
-195
-182
-193
-166
-136
-148
-145
-111
-76
-43
-5
18
36
62
75
73
76
96
126
152
149
194
261
277
302
316
316
307
269
278
308
306
311
287
294
313
248
236
242
233
227
185
163
149
136
61
-2
57
49
-14
-40
-152
-190
-145
-179
-275
-345
-332
-419
-482
-517
-526
-457
-447
-437
-399
-311
-334
-374
-375
-349
-308
-267
-155
-81
74
146
120
128
104
110
136
196
285
335
318
293
280
260
174
95
158
211
211
207
164
82
-51
-156
-171
-165
-116
-86
-85
-52
-62
-127
-222
-286
-294
-272
-210
-158
-120
-114
-125
-150
-179
-159
-147
-140
-94
-19
64
110
123
121
111
111
146
192
220
241
311
404
411
374
305
262
265
236
290
346
347
298
226
205
149
93
68
68
98
110
99
73
19
-59
-83
-56
-24
15
-3
-29
-48
-83
-144
-230
-233
-243
-265
-281
-311
-308
-360
-432
-485
-495
-499
-531
-498
-447
-285
-158
-149
-207
-342
-293
-220
-132
13
219
511
593
482
300
255
319
343
388
537
690
683
563
403
287
129
-76
-119
10
146
125
-24
-128
-233
-360
-467
-497
-405
-354
-345
-303
-246
-266
-394
-491
-456
-349
-254
-160
-98
-38
-25
-47
-4
20
41
43
99
284
421
477
421
342
346
337
323
310
359
435
466
453
419
346
211
117
98
179
238
239
207
116
70
-8
-91
-108
-117
-96
-54
-30
-60
-135
-208
-273
-279
-237
-202
-213
-250
-279
-320
-360
-443
-507
-524
-534
-533
-526
-535
-559
-621
-680
-621
-431
-186
-50
-4
-64
-74
19
75
134
296
710
1073
1126
886
668
647
690
718
777
975
1050
912
677
531
385
112
-169
-216
-33
12
-161
-374
-480
-561
-675
-751
-726
-662
-652
-636
-512
-376
-411
-529
-561
-472
-326
-186
-94
-11
78
132
177
218
210
157
119
198
356
482
473
348
302
299
281
218
189
251
287
286
274
268
172
54
7
67
189
229
212
199
192
153
110
63
36
47
40
44
68
48
-29
-154
-234
-276
-332
-391
-489
-537
-585
-679
-770
-862
-930
-957
-998
-1026
-1004
-965
-911
-836
-557
-184
40
-73
-214
-55
140
239
290
710
1327
1621
1406
1035
995
1054
981
943
1155
1375
1319
996
763
620
278
-148
-403
-259
-97
-236
-452
-586
-639
-781
-941
-923
-850
-789
-705
-522
-297
-202
-250
-315
-269
-148
-6
94
184
288
401
456
460
437
340
221
145
201
366
421
263
126
80
31
-79
-203
-171
-75
-12
28
83
129
51
-40
-25
126
318
364
344
400
499
519
424
322
259
233
192
144
134
80
-56
-231
-352
-455
-617
-823
-977
-1021
-1010
-1033
-1155
-1255
-1333
-1400
-1437
-1431
-1343
-1176
-806
-311
6
-15
-176
-134
46
194
339
791
1510
1911
1758
1320
1108
1082
1011
953
1097
1348
1345
1066
772
581
230
-253
-600
-554
-353
-421
-616
-703
-668
-729
-877
-916
-842
-723
-575
-323
5
198
226
172
188
299
400
480
522
581
668
707
664
547
372
177
-23
-104
-55
-29
-104
-259
-311
-301
-353
-450
-533
-494
-373
-196
-38
51
124
180
267
387
519
614
654
698
794
881
885
783
654
549
417
305
164
-9
-168
-322
-432
-540
-674
-880
-1104
-1248
-1285
-1267
-1286
-1331
-1334
-1269
-1254
-1254
-1237
-1175
-976
-563
-8
392
451
298
327
439
470
470
813
1523
1952
1832
1337
1054
928
747
593
640
830
751
462
243
142
-163
-677
-1033
-973
-793
-817
-873
-811
-646
-587
-599
-544
-478
-414
-298
6
406
684
775
736
725
739
732
696
646
634
646
645
614
481
236
-85
-408
-535
-520
-521
-609
-691
-629
-551
-565
-658
-702
-614
-468
-245
38
303
468
497
558
710
839
860
815
881
1020
1051
945
764
601
413
191
-1
-150
-260
-437
-627
-739
-839
-959
-1165
-1337
-1354
-1308
-1257
-1274
-1265
-1180
-1071
-987
-968
-926
-833
-635
-201
371
789
842
630
580
637
589
490
732
1426
1891
1774
1238
822
609
382
225
288
483
439
171
-3
-33
-250
-734
-1129
-1094
-884
-820
-782
-621
-359
-258
-269
-218
-105
-8
51
286
669
968
1045
966
916
886
811
650
505
450
442
397
314
221
50
-250
-629
-819
-792
-724
-780
-811
-646
-474
-447
-594
-645
-506
-287
-83
137
453
677
747
741
822
962
952
852
833
920
965
815
557
371
212
-8
-271
-450
-529
-646
-796
-916
-969
-1052
-1235
-1352
-1320
-1213
-1156
-1141
-1065
-955
-863
-776
-680
-601
-588
-533
-367
-4
477
813
885
709
620
590
444
266
444
1092
1577
1486
992
600
380
186
38
64
217
215
95
68
108
-51
-478
-863
-901
-737
-621
-530
-306
-19
123
116
137
206
203
210
396
721
942
1002
965
906
807
647
446
255
164
154
148
80
-32
-181
-397
-666
-855
-885
-859
-846
-763
-559
-364
-294
-330
-335
-258
-159
0
257
538
734
854
963
1027
1007
901
773
739
773
764
665
492
322
137
-105
-361
-556
-675
-763
-821
-843
-864
-959
-1079
-1107
-1056
-972
-903
-809
-674
-560
-483
-427
-356
-322
-312
-310
-309
-276
-155
179
593
798
658
383
222
85
-71
-68
351
925
1154
933
516
211
-26
-184
-204
-9
221
272
255
247
194
-107
-544
-745
-615
-410
-275
-118
119
294
258
162
153
191
213
313
522
722
821
830
798
694
514
289
98
14
8
17
-50
-129
-186
-285
-479
-677
-733
-702
-709
-752
-663
-475
-311
-236
-120
90
231
263
286
437
599
692
785
980
1158
1119
886
606
470
391
300
221
190
141
-83
-373
-588
-717
-881
-1057
-1090
-994
-895
-878
-862
-803
-734
-669
-589
-478
-341
-208
-100
-41
-29
-51
-121
-187
-234
-240
-258
-181
128
465
567
294
17
-92
-188
-326
-253
295
846
950
599
266
150
36
-58
22
301
453
401
345
389
345
5
-348
-415
-277
-158
-127
-17
146
204
154
117
122
49
-27
37
252
463
545
508
433
332
181
-3
-146
-194
-158
-110
-98
-65
-63
-157
-334
-479
-538
-553
-531
-439
-224
16
181
236
216
200
225
307
439
613
795
925
963
914
800
635
489
416
378
337
251
111
-72
-234
-366
-517
-653
-736
-728
-735
-786
-786
-718
-624
-569
-513
-450
-397
-340
-242
-118
-59
-80
-120
-141
-163
-185
-225
-313
-440
-508
-488
-336
-48
194
188
-52
-192
-217
-269
-325
-72
541
997
1016
723
493
341
227
204
351
588
653
615
584
582
385
-33
-370
-419
-295
-218
-166
-61
4
-78
-225
-315
-358
-421
-397
-192
77
253
271
167
25
-61
-86
-115
-152
-133
-14
91
84
44
-13
-114
-247
-339
-327
-276
-232
-170
-44
118
228
238
194
198
261
341
413
487
583
684
750
744
685
555
378
256
233
251
206
93
6
-15
-61
-166
-277
-350
-393
-445
-420
-316
-248
-283
-328
-313
-295
-322
-373
-336
-227
-138
-117
-200
-328
-459
-545
-546
-523
-531
-615
-682
-620
-392
-63
105
55
-63
-31
63
49
45
297
796
1138
1162
930
689
523
444
508
666
810
788
673
555
436
174
-249
-535
-552
-437
-390
-400
-393
-443
-576
-642
-556
-475
-503
-480
-291
-60
46
39
36
47
22
-14
-23
-18
-29
-32
21
103
113
5
-148
-242
-254
-240
-265
-295
-261
-169
-75
-31
-21
12
49
80
163
302
407
412
411
493
621
679
629
568
538
504
426
378
391
410
375
323
311
252
77
-151
-273
-283
-303
-380
-428
-411
-426
-516
-610
-629
-608
-575
-520
-441
-401
-429
-488
-537
-523
-454
-408
-424
-453
-421
-333
-194
40
301
458
425
349
310
240
165
256
654
1074
1194
976
706
530
385
287
296
432
489
448
389
304
69
-336
-636
-671
-557
-484
-449
-385
-342
-364
-390
-385
-419
-475
-418
-206
17
107
93
46
-10
-85
-127
-121
-111
-119
-84
36
149
154
17
-171
-295
-314
-256
-182
-100
-27
10
8
-14
-28
-64
-65
92
336
512
551
559
566
545
520
549
652
724
759
737
671
576
489
446
429
405
298
142
-23
-169
-313
-453
-523
-528
-555
-614
-620
-624
-667
-708
-662
-541
-449
-366
-269
-194
-226
-313
-360
-350
-260
-142
-20
13
-74
-208
-323
-316
-107
229
412
355
240
193
116
-82
-148
148
572
776
724
590
435
241
86
113
256
323
329
368
396
265
-16
-260
-340
-327
-314
-264
-201
-244
-381
-473
-456
-455
-577
-642
-518
-320
-213
-215
-234
-251
-261
-221
-102
2
15
12
81
197
278
287
239
179
136
143
170
139
89
110
190
244
249
252
241
189
166
240
333
330
290
343
470
551
516
430
377
364
385
411
398
341
267
218
208
155
17
-128
-207
-221
-226
-250
-269
-286
-310
-320
-315
-341
-415
-476
-468
-385
-292
-232
-218
-243
-268
-283
-296
-354
-422
-430
-349
-246
-226
-284
-331
-283
-157
-35
28
50
50
34
2
-15
36
169
333
450
509
489
408
301
221
214
233
239
234
229
172
37
-134
-274
-366
-442
-467
-430
-378
-385
-419
-402
-372
-388
-435
-396
-258
-110
4
105
201
207
135
86
135
216
236
249
300
373
381
311
233
171
131
100
108
137
145
128
114
143
169
140
74
51
94
160
202
213
233
250
267
284
302
297
275
283
343
429
430
335
215
139
122
116
97
52
2
-58
-109
-156
-222
-279
-326
-328
-302
-266
-261
-311
-380
-417
-387
-351
-331
-310
-262
-211
-186
-182
-167
-139
-142
-134
-131
-140
-180
-249
-270
-235
-163
-107
-85
-100
-113
-142
-187
-210
-196
-136
-58
23
72
86
49
8
24
65
96
94
109
144
181
198
202
196
150
122
115
140
150
134
150
172
179
135
101
82
59
36
18
46
43
15
-7
17
44
22
-12
-41
-36
-35
-20
22
53
61
54
65
71
59
19
15
54
95
131
132
129
115
103
115
141
164
170
183
192
190
165
135
115
106
103
94
87
60
27
13
17
21
-8
-51
-53
-10
18
21
19
23
1
-22
-33
-56
-49
-42
-72
-80
-29
-31
-64
-68
-96
-134
-162
-167
-169
-155
-163
-245
-307
-325
-354
-401
-400
-357
-308
-307
-346
-362
-380
-367
-311
-202
-141
-159
-161
-168
-129
-105
-73
0
91
148
147
191
222
238
218
241
301
329
334
324
336
286
248
235
238
239
213
189
144
136
123
134
144
140
131
73
6
-58
-54
-48
-34
-4
18
26
-22
-46
-88
-118
-149
-142
-82
-54
-59
-103
-110
-132
-156
-175
-158
-94
-56
-26
-30
-27
-57
-106
-135
-136
-90
-55
-3
35
56
46
28
23
25
40
52
101
149
192
183
214
225
179
192
209
258
253
234
205
210
237
143
99
139
109
56
33
-23
-77
-115
-198
-237
-201
-217
-275
-292
-277
-265
-228
-191
-153
-91
-66
-105
-92
-72
-118
-124
-73
11
67
95
93
91
70
7
-31
-29
18
62
77
64
76
69
40
1
-26
-13
27
65
81
145
204
190
186
160
106
69
67
128
164
166
112
50
13
-60
-115
-133
-108
-66
-43
-42
-58
-111
-186
-251
-251
-224
-238
-202
-138
-126
-164
-212
-221
-250
-309
-338
-282
-190
-151
-120
-89
-106
-160
-184
-173
-127
-93
-82
-43
4
10
-36
-32
-8
-42
3
75
99
122
172
224
194
205
251
249
262
298
303
326
368
318
313
369
331
231
192
210
179
141
124
88
103
66
-9
-53
-72
-22
-102
-118
27
-22
-74
48
11
-31
80
79
27
117
190
104
163
269
192
150
192
202
175
140
143
153
108
128
139
93
106
107
41
47
63
4
10
-35
-109
-69
-43
-96
-85
-51
-148
-164
-159
-219
-207
-213
-240
-247
-254
-265
-293
-317
-334
-343
-317
-294
-346
-379
-343
-347
-374
-360
-357
-391
-376
-330
-296
-270
-269
-271
-254
-257
-258
-222
-229
-213
-164
-147
-104
-102
-113
-104
-86
-23
20
61
101
135
176
166
194
217
195
255
292
318
376
323
305
326
276
240
221
230
227
215
175
161
174
89
89
150
117
118
146
142
178
173
111
164
159
132
216
194
223
287
266
240
325
353
236
254
286
252
270
290
228
257
285
217
122
151
265
146
68
203
223
63
41
73
4
0
86
-7
28
133
-73
-75
20
-70
-198
-157
-37
-78
-99
-110
-172
-212
-239
-308
-369
-314
-323
-375
-355
-338
-389
-432
-403
-438
-444
-400
-379
-373
-331
-306
-297
-292
-308
-307
-270
-221
-276
-258
-170
-214
-229
-150
-157
-187
-182
-126
-74
-122
-120
-52
26
21
-36
41
63
-7
-23
-19
35
1
0
71
49
24
18
5
86
76
-60
88
200
85
73
182
191
134
130
137
168
225
189
134
271
252
137
144
198
234
110
153
225
100
125
169
171
198
176
181
177
189
152
151
162
193
269
191
207
267
184
173
211
169
161
199
213
147
92
82
70
67
28
64
106
62
16
-11
-16
-29
-89
-55
-20
-87
-39
-39
-103
-144
-174
-181
-210
-161
-211
-155
-32
-108
-139
-125
-80
-151
-124
-81
-117
-60
-57
-53
-51
-66
-48
-37
-98
-105
-100
31
14
-87
44
-17
-62
-58
-155
-150
-38
-46
-98
-56
-44
-82
-147
-98
-83
-88
-108
-97
14
-98
-70
-9
-86
-83
-61
-41
-76
-20
-53
-80
-39
-28
-54
-51
7
-70
-78
-2
-27
-74
-38
20
-25
-1
35
-73
-24
35
-55
-17
100
-43
-52
92
-14
-39
73
90
1
19
72
25
11
75
18
40
119
59
16
39
103
-15
-28
132
-11
-78
44
45
46
27
111
-1
-32
71
0
-3
66
74
18
204
137
47
139
120
11
110
236
92
175
216
206
169
146
149
124
122
106
132
146
138
35
30
120
62
34
53
-20
17
-3
-81
-44
-22
-25
-45
-41
10
-76
-86
-14
-83
3
36
23
19
-4
21
-12
25
27
-44
76
106
-77
12
26
-155
-127
-67
-109
-55
-48
-124
-54
-41
-196
-218
-146
-205
-134
-52
-108
-68
-60
-149
-137
-142
-162
-109
-34
-40
-52
-51
-99
-54
-137
-182
-57
-69
-154
-92
-76
-173
-125
-112
-212
-165
-92
-207
-194
-42
-166
-253
-79
-98
-231
-112
1
-172
-81
38
-141
-56
76
-79
-32
169
70
89
168
159
194
251
218
200
304
249
267
275
175
266
333
191
226
278
137
133
142
50
113
202
48
58
189
125
-51
-15
37
22
77
-50
26
171
69
-64
29
75
0
49
77
79
161
186
4
84
173
19
-14
70
40
10
104
25
-27
105
71
-96
4
80
-71
-34
96
-16
-64
49
-28
-116
-55
-49
-111
-82
32
-27
-90
3
-51
-116
-83
-23
-111
-158
-38
-88
-175
-106
-109
-201
-144
-178
-211
-191
-236
-246
-209
-182
-255
-227
-182
-205
-207
-231
-167
-134
-164
-138
-80
-20
-88
-52
30
-8
-20
58
69
34
116
75
59
193
174
47
115
181
128
68
55
62
110
94
-5
93
80
42
31
40
124
65
40
118
141
125
122
58
79
106
68
46
40
82
108
109
85
34
69
11
-11
18
-18
68
23
15
42
23
-23
-35
12
61
72
48
121
120
108
78
83
62
102
164
71
141
235
29
18
166
6
20
87
-4
44
58
-65
-50
42
-20
-122
-57
-27
-61
-70
-130
-117
-106
-142
-176
-124
-104
-151
-196
-104
-131
-210
-103
-159
-211
-146
-161
-250
-150
-163
-231
-44
-67
-210
-61
-55
-184
-115
-64
-79
-61
30
-5
-4
56
-33
-78
-15
50
27
-4
109
97
-15
-37
-50
-37
-34
5
5
47
84
-14
-43
-8
-1
49
20
33
152
79
42
86
18
18
97
79
18
94
104
-14
80
94
-9
16
110
22
5
169
40
14
104
64
-25
54
116
35
87
107
55
81
133
90
81
90
76
96
145
76
42
137
91
53
97
67
48
75
67
97
106
62
104
98
59
103
82
40
44
126
80
49
140
31
-9
2
-45
-24
-48
-63
-33
-55
-63
-77
-156
-151
-91
-134
-152
-113
-79
-145
-154
-115
-110
-75
-105
-101
-85
-68
-123
-138
-111
-68
-105
-171
-84
-123
-194
-171
-87
-155
-157
-118
-230
-195
-159
-205
-215
-99
-79
-152
-116
-91
-119
-139
-54
-56
-28
31
28
22
15
55
24
91
75
38
126
93
44
91
98
54
94
88
52
120
88
-11
50
102
46
3
86
89
29
91
54
16
99
88
20
70
130
44
26
116
106
61
105
192
104
121
160
89
124
132
173
115
118
182
143
196
156
107
152
165
165
113
107
169
136
95
119
104
96
76
78
102
67
91
70
21
44
25
46
30
-1
36
-23
-6
-3
-44
-62
-105
-80
-103
-153
-160
-187
-184
-181
-237
-159
-205
-324
-204
-254
-323
-184
-222
-285
-250
-178
-230
-309
-188
-192
-177
-136
-149
-121
-91
-120
-156
-80
-53
-99
-30
-50
-95
-36
-76
-76
-79
-54
-69
-43
0
-46
-67
-49
-21
-43
-19
1
43
41
8
20
66
30
27
78
84
82
56
68
56
93
83
85
147
135
70
85
100
24
75
95
62
123
121
37
43
90
54
28
95
103
103
121
100
102
105
109
125
181
137
156
253
187
139
167
210
191
138
186
227
142
97
156
162
121
108
84
54
91
14
-69
55
46
-46
15
33
-87
-138
-17
-109
-144
5
-85
-83
-23
-146
-181
-33
-76
-181
-37
12
-100
-81
-25
-108
-107
-78
-120
-61
18
-116
-153
-22
-64
-153
-141
-55
-106
-160
-99
-110
-116
-113
-108
-102
-90
-100
-123
-98
-87
-67
-62
-24
29
-59
-86
-19
-30
-50
-33
-20
59
19
-32
42
-46
-71
-25
-25
-33
-1
15
-70
-28
-6
-97
-52
-9
-99
2
40
-36
-13
-13
21
-25
-7
29
15
70
37
56
94
31
42
95
62
56
122
87
32
119
92
29
109
94
68
89
69
56
24
30
32
19
54
41
59
-29
-56
39
-39
-49
18
79
15
-2
12
-43
8
24
15
53
96
4
34
71
-21
33
90
27
42
128
33
-29
105
73
-63
82
103
-34
23
54
16
46
59
11
56
96
37
27
57
66
67
64
61
59
51
30
26
29
66
37
-38
56
14
-58
5
-10
-28
-62
-32
-51
-34
5
-92
-105
-70
-75
-114
-54
-57
-118
-41
7
-136
-170
-36
-83
-117
-24
-25
-59
-17
-102
-127
-35
-51
-117
-47
16
-56
-36
-65
-55
-21
-49
-63
-32
16
-78
-92
-33
-8
-7
-120
-73
21
-77
-116
-64
-2
-56
-80
-46
-58
-62
-93
-90
-88
-13
-33
-86
-3
-33
-70
-57
-65
-51
-2
-6
-20
48
24
-25
18
19
30
69
34
87
132
21
54
97
35
88
129
99
70
174
161
28
143
144
97
161
138
97
119
168
94
87
197
135
74
158
157
94
77
116
134
107
107
77
59
102
74
33
49
67
44
14
53
71
30
17
11
-4
4
0
1
-10
23
16
-39
9
-33
-91
1
-30
-83
0
-17
-89
-70
-27
-65
-102
-60
-65
-111
-86
-58
-65
-139
-100
-57
-156
-77
-101
-177
-126
-80
-126
-186
-92
-152
-193
-87
-148
-209
-120
-148
-144
-83
-139
-142
-149
-133
-121
-122
-34
-64
-109
-23
-69
-96
-44
-89
-59
36
10
-42
27
10
-66
10
18
-18
46
56
58
74
50
44
74
57
54
78
41
85
97
55
54
115
99
44
117
92
35
69
95
95
114
105
84
111
93
75
57
70
86
80
126
92
58
162
101
0
109
84
41
119
88
51
153
151
31
64
104
63
66
129
83
72
85
66
94
53
53
50
57
73
22
-26
42
63
5
-12
-10
19
-12
-64
-86
-46
-11
-42
-85
-73
-59
-62
-120
-118
-100
-109
-47
-104
-99
-65
-110
-110
-111
-91
-119
-97
-63
-107
-61
-70
-138
-56
0
-63
-111
-69
29
-35
-102
-37
-2
-37
-49
-20
-70
-8
12
-82
-63
53
-8
-110
6
23
-60
-76
-2
-6
-59
-22
-24
-46
-3
-63
-103
12
-13
-69
-23
-17
-38
-46
-63
-35
7
-28
-62
-25
-20
-61
-51
-28
4
21
-3
6
10
9
27
32
31
51
80
79
71
68
86
118
143
115
124
142
155
137
85
175
182
140
141
142
166
119
125
104
71
125
101
82
74
58
47
19
35
20
22
13
-37
-4
14
-40
-54
-33
-6
-45
-68
-16
-34
-53
-69
-48
-17
-57
-45
-50
-78
-23
-4
-75
-14
17
-49
-48
-45
11
-7
-46
-20
11
7
-57
-30
-2
-24
9
-5
-17
-19
-33
-22
-36
-42
-49
13
1
-69
-66
-25
-68
-102
-46
-63
-44
-42
-116
-109
-5
-94
-172
-70
-32
-105
-123
-80
-129
-101
-95
-121
-98
-65
-104
-162
-73
-38
-118
-93
0
-21
-80
-52
-5
-28
-17
2
8
64
60
8
39
65
52
87
75
59
140
154
52
110
189
72
95
151
84
111
151
111
83
153
154
46
87
144
89
84
101
102
95
111
86
44
69
81
88
29
45
85
53
39
51
35
10
45
55
18
29
66
-5
-3
51
-13
-37
48
40
-7
8
-25
2
34
-37
-37
61
18
-38
16
19
-31
-26
2
-48
-8
23
-63
-63
16
-16
-90
-47
-17
-79
-82
-17
-59
-89
-74
-68
-113
-118
-48
-129
-147
-81
-123
-163
-105
-116
-187
-119
-86
-164
-150
-100
-140
-132
-122
-126
-78
-73
-91
-95
-62
-31
-70
-55
-22
-33
26
8
-16
39
17
-3
23
83
25
34
105
24
46
85
67
39
65
62
50
83
70
45
58
97
38
33
79
64
46
85
83
49
54
54
53
64
63
46
76
80
40
41
54
62
71
36
68
94
54
23
41
73
41
34
34
53
45
35
22
5
51
63
-15
7
79
7
-13
30
40
17
17
24
10
18
-5
-28
6
36
17
-9
4
16
-11
-25
-33
-24
13
-12
-45
-38
-22
-66
-85
-24
-60
-104
-69
-46
-87
-89
-72
-71
-63
-72
-104
-100
-26
-68
-102
-58
-26
-54
-90
-51
-39
-39
-36
-20
8
-19
-60
-3
11
-40
-25
13
11
16
-16
-68
-17
27
-34
-55
34
19
-37
4
-26
-40
16
-4
-18
-6
8
-23
-18
22
-32
0
38
-15
-15
6
-6
31
31
18
32
10
23
10
18
29
18
26
37
54
19
-4
43
59
31
17
39
63
21
35
48
30
41
80
55
-7
54
61
39
35
29
28
49
92
-2
-5
79
39
15
33
45
29
12
29
24
16
34
29
7
12
36
27
-33
14
50
-21
24
94
21
-45
27
53
-12
12
54
18
16
47
32
8
9
34
-15
23
63
-21
-1
37
29
-26
-10
25
-31
-26
-6
-16
2
-3
-54
-57
-42
-50
-29
-14
-63
-75
-40
-52
-84
-61
-60
-89
-58
-58
-85
-85
-79
-98
-71
-48
-105
-87
-76
-100
-72
-74
-82
-73
-76
-77
-76
-42
-60
-91
-67
-49
-62
-57
-23
-42
-16
-16
-63
-42
4
-19
-56
4
54
-7
-16
21
-19
-2
17
25
12
23
54
11
35
59
7
15
73
20
28
73
48
44
52
73
50
33
45
76
73
66
89
84
67
61
71
77
92
110
90
94
90
88
76
63
115
101
97
112
110
75
66
89
58
102
105
72
79
87
69
36
54
54
45
54
31
35
49
10
0
2
13
-11
-25
-14
-28
-7
-27
-59
-47
-32
-65
-72
-42
-68
-64
-80
-104
-49
-89
-114
-50
-72
-110
-93
-104
-102
-90
-116
-100
-67
-97
-116
-84
-91
-111
-100
-111
-82
-69
-111
-80
-81
-81
-78
-102
-64
-77
-85
-64
-61
-67
-32
-60
-110
-48
-9
-69
-63
-5
-39
-36
-27
-33
-33
10
-6
-25
18
10
0
-28
35
38
-9
65
74
19
29
64
51
48
95
54
49
122
71
35
94
106
57
90
118
93
83
106
103
93
116
105
86
108
110
65
114
136
85
68
95
84
89
106
57
68
94
95
37
35
64
27
19
38
38
22
37
15
-23
8
1
-47
-12
13
-11
10
13
-21
-36
-24
-60
-65
-3
-24
-32
-5
-21
-49
-62
-58
-56
-40
-34
-23
-31
-47
-57
-68
-50
-53
-63
-65
-52
-46
-67
-92
-91
-51
-55
-71
-63
-42
-56
-88
-63
-76
-87
-64
-55
-47
-50
-40
-62
-64
-55
-60
-56
-52
-8
1
-28
-29
-20
-38
-39
-38
-11
5
-10
-4
-8
-6
-32
-15
-3
0
39
4
-8
39
46
9
12
32
42
52
27
34
62
47
42
41
60
73
48
51
72
68
53
50
42
67
61
32
68
58
22
39
54
36
22
44
48
22
40
38
29
59
51
34
31
32
17
15
37
50
40
40
54
35
15
-7
8
56
54
43
53
49
43
13
12
20
17
39
32
35
24
19
20
-21
-8
-3
1
18
2
-3
-10
-3
-3
-15
-15
-21
-10
-9
-20
-20
-29
-20
-16
-26
-43
-53
-21
-23
-77
-72
-16
-41
-59
-56
-85
-58
-52
-82
-93
-49
-48
-84
-69
-63
-74
-82
-78
-74
-49
-59
-79
-68
-68
-64
-87
-82
-65
-68
-68
-67
-54
-59
-54
-56
-78
-57
-40
-61
-33
-8
-40
-40
-22
-45
-55
-43
-29
-27
-24
-13
-19
-14
-11
-13
-8
-8
-16
1
19
21
16
11
27
27
27
16
30
44
22
35
61
58
53
68
58
58
83
67
40
62
85
78
96
103
84
71
70
79
87
90
88
109
113
91
80
86
104
87
84
109
102
82
77
87
83
78
89
77
67
67
46
42
59
52
63
66
54
39
18
23
13
10
32
20
2
-3
-23
-30
-19
-21
-14
-12
-32
-42
-40
-49
-48
-35
-40
-47
-51
-73
-82
-77
-71
-75
-73
-64
-76
-87
-91
-90
-86
-74
-73
-94
-90
-76
-106
-114
-88
-89
-83
-91
-92
-83
-101
-94
-91
-75
-65
-75
-58
-53
-61
-64
-53
-45
-49
-42
-41
-36
-41
-40
-25
-24
-9
-6
-10
-13
-7
2
-17
6
21
13
21
15
16
15
6
19
37
42
46
62
64
47
54
63
57
66
84
81
84
95
81
75
82
88
71
77
99
82
74
91
94
85
82
87
87
89
93
82
80
88
81
64
63
71
55
60
78
69
59
52
56
48
31
32
28
30
28
10
6
-2
-14
-7
-8
-22
-11
-2
-20
-31
-28
-30
-36
-29
-31
-45
-33
-31
-52
-55
-39
-44
-69
-54
-48
-71
-69
-67
-68
-62
-78
-85
-66
-63
-81
-82
-67
-67
-77
-85
-83
-66
-69
-86
-72
-56
-58
-62
-66
-43
-36
-55
-53
-38
-29
-45
-44
-31
-32
-36
-40
-29
-17
-20
-23
-20
-8
-13
-28
-18
-7
3
8
1
4
16
8
-2
9
12
22
33
30
35
35
26
19
27
33
31
43
52
43
35
36
35
26
23
30
41
39
30
31
27
24
23
33
33
20
28
33
22
20
16
26
43
25
9
12
14
-2
-4
24
26
22
19
2
-8
-5
8
9
29
27
7
17
8
-14
-18
5
15
6
14
8
-6
0
-6
-12
9
17
4
-7
6
3
-9
-4
0
3
5
6
0
2
18
9
2
11
1
-1
8
10
-7
2
11
-9
-14
-17
-8
-8
-7
3
4
-7
-12
-12
-10
-4
-6
2
2
-5
-3
-5
-7
-8
-11
-7
-5
-5
-3
-9
-9
-12
-12
-8
-8
-7
-2
5
-11
-12
0
-4
-4
-3
3
7
1
1
-4
-6
-1
2
6
4
0
-5
-1
3
-7
5
13
7
12
-1
2
11
2
6
14
19
17
6
-4
8
5
-8
1
5
7
0
-4
-4
-8
-13
-8
-7
-16
-6
5
1
-3
-6
-9
-3
-7
-9
6
2
-2
-3
-1
-4
-14
-11
-3
0
-1
-4
-3
-2
-13
-8
1
-4
1
2
-6
5
-2
-15
1
2
-4
0
3
-4
-5
4
-2
-4
1
-3
0
-2
-9
-11
0
1
-8
-6
-3
-7
-10
-12
-11
-7
-7
-8
-9
-7
-13
-21
-17
-9
-16
-17
-7
-11
-8
-9
-26
-12
0
-12
-10
1
3
-8
-12
-8
-7
-7
-3
0
5
13
1
-1
12
14
5
9
22
19
14
11
11
23
27
21
19
30
35
20
22
29
27
29
29
29
31
26
19
28
29
22
24
30
29
21
21
24
22
19
22
28
20
19
22
18
19
14
18
22
14
14
14
14
15
15
12
13
15
8
2
4
11
3
-3
1
-2
3
-2
-9
-6
-4
-6
-15
-14
-15
-15
-14
-22
-22
-17
-24
-21
-25
-24
-25
-36
-30
-34
-34
-32
-39
-38
-40
-41
-42
-39
-42
-41
-39
-47
-48
-42
-41
-47
-46
-37
-38
-49
-45
-36
-38
-41
-34
-31
-27
-34
-31
-27
-27
-21
-24
-24
-11
-8
-11
-9
-10
-6
-7
-4
-2
2
10
4
9
14
9
13
17
14
18
22
19
16
22
18
16
22
16
13
22
20
16
22
20
16
22
16
13
21
16
16
19
20
21
18
18
22
24
20
25
28
26
32
36
37
37
37
41
41
43
40
38
43
40
38
40
39
42
39
41
40
38
46
42
39
44
41
38
36
33
34
35
30
23
25
29
26
22
20
19
16
12
8
8
3
-3
-5
-12
-14
-15
-18
-19
-22
-24
-26
-30
-31
-29
-30
-33
-30
-28
-33
-36
-33
-33
-35
-37
-38
-38
-40
-41
-40
-40
-40
-40
-40
-40
-43
-41
-44
-44
-41
-46
-48
-43
-44
-46
-46
-46
-47
-42
-44
-45
-41
-40
-42
-37
-36
-36
-34
-34
-31
-34
-36
-34
-34
-33
-29
-24
-24
-20
-22
-24
-19
-20
-20
-12
-7
-4
2
4
4
7
8
12
18
22
24
29
35
36
35
34
38
41
41
47
49
46
46
49
46
46
47
42
47
51
51
51
50
51
46
47
54
53
53
53
51
49
53
50
44
45
42
42
45
41
36
37
36
35
33
34
33
30
27
24
25
22
16
19
16
13
13
11
7
5
0
-2
0
-5
-11
-11
-16
-19
-19
-22
-20
-25
-32
-30
-29
-32
-35
-38
-39
-42
-44
-46
-48
-50
-54
-56
-60
-56
-58
-64
-60
-64
-67
-60
-62
-65
-62
-60
-61
-59
-54
-53
-47
-46
-49
-47
-41
-37
-42
-39
-29
-31
-31
-25
-26
-23
-18
-17
-11
-6
-7
-6
2
6
8
10
14
15
17
23
24
25
27
29
33
34
30
33
34
34
36
36
38
40
38
36
41
42
43
41
42
48
43
38
43
44
40
40
42
38
36
35
32
33
35
35
31
27
28
23
20
26
23
18
23
25
20
21
19
16
16
16
14
12
13
11
4
4
6
1
5
6
-2
-1
-4
-6
-6
-9
-8
-8
-12
-17
-19
-21
-22
-20
-23
-24
-22
-25
-29
-31
-31
-33
-31
-31
-31
-28
-30
-33
-34
-30
-27
-28
-22
-23
-21
-20
-23
-22
-19
-18
-15
-10
-9
-10
-9
-10
-9
-7
-10
-8
-3
-5
-6
-1
-4
-7
-4
-5
-2
2
0
0
2
0
-1
2
2
5
5
4
9
9
10
11
10
14
12
11
13
13
13
13
12
12
12
12
13
10
7
5
4
5
4
3
4
3
4
2
3
5
2
2
3
2
3
2
2
5
5
3
2
1
1
2
1
0
0
2
2
-1
-2
-3
-4
-2
-2
-4
-2
-2
-6
-3
-5
-4
-3
-5
-4
-5
-3
-2
-2
-3
-1
0
-1
0
1
-1
0
2
1
2
3
2
2
2
1
2
4
2
3
2
-1
0
-2
-3
0
-2
-5
-3
-6
-8
-6
-6
-7
-6
-7
-9
-8
-11
-13
-12
-12
-10
-11
-13
-10
-10
-11
-10
-7
-6
-5
-5
-3
-1
-1
-4
-5
-5
-5
-6
-6
-5
-4
-5
-3
-3
-3
-1
-1
-1
0
-2
-2
-4
-7
-8
-6
-6
-5
-3
-4
-4
-2
-2
-1
1
0
1
2
1
1
0
-1
1
2
1
2
4
5
6
7
6
9
11
10
12
14
16
14
16
17
19
19
18
22
24
27
30
31
31
29
30
31
33
34
32
30
32
31
30
32
31
29
30
33
34
32
31
28
27
26
26
26
26
23
21
18
18
18
17
14
14
12
7
6
4
1
1
0
-3
-4
-6
-8
-9
-12
-15
-15
-16
-18
-20
-23
-27
-28
-28
-29
-28
-30
-33
-35
-34
-35
-36
-38
-40
-42
-43
-43
-45
-44
-44
-45
-45
-45
-44
-46
-48
-50
-47
-45
-42
-43
-45
-43
-39
-40
-40
-38
-37
-33
-32
-32
-28
-27
-23
-23
-23
-19
-16
-15
-12
-11
-10
-6
-3
-1
2
5
5
5
8
12
16
17
20
21
27
30
31
34
34
32
34
32
34
41
41
40
40
43
44
44
44
42
41
40
40
43
43
43
43
41
39
41
40
38
37
36
34
34
35
32
29
28
26
25
26
24
23
22
16
15
15
10
6
4
3
1
-1
-4
-4
-4
-7
-10
-12
-14
-14
-17
-20
-22
-24
-24
-25
-25
-26
-31
-29
-29
-31
-30
-33
-36
-36
-38
-37
-33
-34
-35
-36
-36
-35
-33
-32
-31
-29
-31
-32
-29
-29
-30
-29
-26
-25
-22
-19
-20
-19
-19
-20
-18
-14
-12
-12
-13
-10
-9
-7
-5
-3
-1
-2
-2
0
0
2
2
5
7
9
8
10
12
12
14
14
15
17
17
15
17
17
16
19
21
22
21
21
19
19
20
20
22
22
22
23
22
20
19
18
20
19
19
20
21
21
19
16
13
12
11
8
9
10
9
8
9
11
8
5
5
4
2
1
3
1
1
2
1
2
1
0
0
-1
-3
-5
-4
-2
-4
-6
-7
-7
-6
-9
-9
-6
-7
-8
-7
-6
-6
-8
-6
-4
-7
-7
-5
-4
-5
-7
-3
-1
0
-2
-1
1
0
-3
-2
-1
1
0
0
2
3
1
0
0
0
-3
-4
-3
-4
-4
-4
-1
-1
-1
0
0
0
0
0
0
1
2
0
1
2
0
1
1
0
-2
0
1
0
0
0
0
-1
-2
-1
-3
-1
-1
-2
