2
1
1
1
2
1
1
1
1
1
1
1
1
1
0
1
1
0
0
-1
0
1
1
0
0
0
1
0
1
0
0
0
0
0
1
1
1
0
1
0
0
0
0
1
0
0
1
0
0
-1
-2
-1
-1
-1
-2
-2
-2
-2
-2
-2
-3
-3
-2
-3
-3
-2
-2
-1
-2
0
0
1
1
1
2
3
3
4
3
4
3
3
2
2
2
2
2
2
1
2
2
1
1
2
3
4
4
4
5
6
6
6
6
6
5
3
3
2
0
0
-1
-3
-5
-5
-6
-7
-7
-7
-6
-5
-6
-5
-5
-3
-4
-3
-2
-2
-2
-1
0
0
1
0
0
-1
0
-1
0
-1
-2
0
0
0
1
1
3
3
4
4
5
6
6
7
7
7
6
7
7
5
6
4
4
3
1
2
2
1
1
1
2
1
2
4
5
7
9
12
15
17
20
23
24
27
30
31
32
33
34
32
29
28
26
23
18
14
11
3
-4
-8
-14
-17
-22
-25
-29
-31
-32
-33
-33
-32
-30
-26
-24
-21
-18
-16
-14
-13
-13
-14
-17
-22
-29
-38
-47
-58
-71
-79
-82
-85
-90
-86
-74
-66
-58
-35
-10
11
27
52
80
98
107
114
125
131
126
112
100
92
78
59
40
23
2
-16
-26
-39
-59
-72
-77
-83
-92
-93
-85
-87
-93
-85
-67
-58
-58
-49
-31
-20
-11
2
15
20
26
35
46
48
46
49
50
48
42
41
38
23
11
9
5
-10
-22
-25
-29
-38
-40
-36
-36
-40
-32
-21
-15
-9
1
14
22
30
42
51
53
54
59
66
63
57
52
50
47
37
29
22
14
3
-3
-10
-22
-32
-36
-41
-50
-55
-55
-57
-64
-61
-53
-49
-47
-40
-28
-15
-5
9
24
37
46
60
75
83
87
96
102
101
99
101
95
81
69
65
52
32
15
5
-10
-26
-40
-51
-61
-71
-75
-76
-75
-75
-71
-67
-60
-50
-37
-28
-23
-14
-2
11
17
21
28
36
40
39
38
38
35
28
23
20
10
-3
-14
-25
-36
-46
-57
-70
-82
-85
-87
-92
-97
-96
-93
-87
-82
-75
-70
-64
-56
-49
-42
-35
-28
-22
-15
-7
3
9
14
21
32
45
51
56
61
68
72
75
72
68
61
53
46
38
27
13
-1
-11
-20
-29
-38
-46
-51
-55
-52
-49
-49
-47
-39
-25
-14
-4
9
22
33
44
56
66
72
76
81
85
88
85
81
75
70
65
56
45
33
22
14
4
-5
-12
-16
-21
-24
-23
-14
-3
3
9
29
57
76
88
103
130
155
166
170
177
187
188
181
171
159
143
124
102
81
55
23
-8
-35
-59
-81
-106
-131
-150
-162
-166
-173
-182
-186
-176
-160
-149
-141
-130
-116
-105
-96
-89
-88
-95
-108
-119
-133
-154
-182
-210
-238
-263
-270
-254
-232
-224
-206
-154
-83
-27
3
59
150
234
270
276
299
337
354
329
297
265
232
189
141
94
39
-17
-63
-99
-131
-160
-186
-214
-240
-242
-222
-214
-229
-232
-197
-151
-125
-116
-97
-64
-26
8
38
58
70
90
112
125
126
124
123
113
101
100
99
76
32
5
7
0
-32
-72
-89
-88
-86
-88
-91
-92
-81
-51
-18
7
31
60
96
127
159
192
212
212
214
231
249
244
215
188
179
178
162
131
100
84
72
56
38
25
15
1
-14
-21
-19
-20
-36
-47
-38
-16
-9
-17
-17
-2
21
41
53
57
68
87
106
117
119
118
120
118
116
111
93
63
32
12
-12
-52
-98
-142
-175
-207
-237
-270
-302
-327
-341
-345
-354
-366
-380
-379
-375
-369
-366
-361
-355
-355
-329
-263
-182
-152
-134
-40
114
202
207
263
407
524
514
474
494
539
525
441
352
277
213
134
43
-63
-162
-232
-285
-338
-394
-426
-430
-442
-464
-436
-353
-295
-298
-286
-184
-60
-7
1
46
135
203
242
272
284
288
309
331
308
261
252
251
195
130
118
118
55
-41
-76
-63
-77
-133
-183
-197
-182
-155
-147
-161
-156
-99
-27
10
35
95
176
232
278
346
423
459
466
487
534
562
542
488
432
404
375
308
202
96
24
-34
-108
-194
-265
-314
-352
-382
-390
-380
-368
-364
-337
-270
-190
-131
-97
-47
33
115
173
204
220
241
277
304
287
234
193
160
100
20
-52
-138
-254
-364
-440
-509
-606
-708
-781
-830
-857
-846
-817
-788
-733
-614
-463
-321
-195
-55
111
290
466
591
652
702
785
858
851
779
702
637
562
464
348
207
60
-65
-155
-232
-331
-441
-525
-563
-569
-569
-575
-584
-571
-520
-431
-349
-303
-268
-188
-66
36
104
157
222
291
357
419
454
451
441
443
446
426
381
312
221
138
86
34
-56
-168
-251
-285
-302
-330
-372
-399
-380
-323
-256
-202
-142
-60
40
147
258
362
439
496
562
642
706
722
690
652
630
607
547
439
323
230
155
72
-27
-133
-224
-292
-338
-371
-401
-428
-448
-446
-412
-358
-316
-288
-242
-161
-59
25
79
124
186
264
333
366
369
359
355
346
315
253
159
53
-53
-148
-256
-388
-537
-666
-765
-858
-938
-991
-995
-967
-919
-831
-699
-542
-406
-271
-89
143
370
498
563
636
774
897
916
839
748
718
693
611
457
290
155
49
-49
-168
-296
-425
-532
-599
-630
-640
-671
-718
-738
-683
-573
-488
-459
-433
-336
-170
-15
60
101
174
301
416
463
481
507
537
527
509
496
474
403
300
220
185
157
67
-60
-158
-178
-170
-207
-284
-342
-324
-250
-186
-162
-137
-54
61
173
273
376
473
551
627
716
794
818
795
759
742
720
661
544
403
290
203
99
-41
-191
-307
-386
-455
-522
-581
-616
-631
-619
-578
-517
-459
-404
-329
-225
-103
0
79
137
198
279
350
366
333
294
268
227
147
36
-78
-202
-325
-448
-567
-676
-733
-728
-748
-783
-750
-594
-461
-443
-381
-146
139
235
206
257
452
625
630
542
496
527
548
492
384
272
188
115
57
-20
-130
-238
-327
-405
-475
-487
-497
-574
-677
-671
-552
-475
-511
-554
-472
-320
-195
-137
-110
-58
41
164
240
250
262
316
354
347
348
374
359
270
204
223
257
214
98
17
23
79
81
2
-76
-69
14
66
63
52
91
164
240
314
377
421
453
506
571
626
645
617
572
545
547
514
408
276
190
148
81
-25
-136
-213
-261
-298
-333
-368
-389
-403
-402
-370
-322
-285
-277
-262
-202
-119
-56
-32
-26
-19
20
67
65
3
-63
-79
-88
-128
-207
-288
-375
-443
-453
-391
-332
-357
-384
-292
-84
33
-7
-16
158
387
427
318
266
363
461
423
300
216
205
187
135
57
-31
-118
-188
-225
-273
-330
-391
-445
-520
-564
-517
-461
-499
-603
-571
-406
-272
-281
-320
-235
-82
36
74
93
108
146
198
217
186
142
125
87
36
16
34
12
-82
-145
-112
-32
-27
-92
-140
-98
1
51
31
11
76
174
252
310
385
475
541
618
723
821
859
841
823
824
839
813
703
541
418
366
297
146
-31
-142
-195
-250
-319
-382
-427
-458
-466
-445
-403
-363
-343
-321
-265
-166
-73
-27
-14
16
96
181
206
145
58
31
42
-10
-152
-287
-366
-439
-546
-652
-716
-694
-609
-553
-537
-449
-207
-12
-18
-31
212
556
618
424
331
506
690
626
395
261
302
343
283
150
50
-24
-67
-92
-136
-214
-322
-393
-479
-546
-545
-497
-551
-703
-711
-511
-315
-345
-435
-358
-139
23
56
48
51
104
172
204
160
109
94
77
35
17
64
80
-9
-113
-78
61
106
-9
-136
-106
13
42
-44
-112
-81
-1
73
147
230
304
372
476
622
755
819
811
772
768
828
844
718
506
383
387
362
214
23
-73
-103
-141
-202
-256
-303
-357
-397
-393
-338
-297
-307
-333
-292
-164
-28
28
8
25
114
226
263
199
98
43
28
-22
-133
-270
-396
-521
-610
-625
-516
-437
-480
-509
-344
-21
116
29
0
268
584
616
403
279
408
551
494
297
217
227
216
147
104
63
-43
-132
-191
-231
-304
-355
-448
-615
-721
-632
-487
-558
-728
-707
-440
-230
-229
-276
-196
-36
63
94
78
43
0
-37
-71
-108
-134
-162
-236
-313
-283
-136
-47
-134
-250
-186
21
116
22
-105
-83
10
67
80
85
109
148
266
417
545
596
619
661
732
817
841
758
586
473
466
478
368
172
37
21
43
3
-64
-135
-192
-225
-220
-219
-256
-321
-381
-383
-314
-206
-150
-155
-121
20
202
311
336
341
368
413
431
362
233
85
-21
-117
-237
-360
-487
-612
-657
-493
-309
-273
-323
-178
127
258
195
223
487
653
559
387
404
561
615
482
332
329
373
358
257
156
42
-48
-127
-232
-380
-525
-599
-708
-861
-919
-789
-692
-764
-819
-633
-322
-177
-207
-209
-75
66
113
64
-17
-64
-59
-70
-135
-184
-151
-92
-118
-179
-133
19
41
-126
-266
-228
-150
-217
-387
-488
-475
-402
-310
-244
-164
-28
187
386
536
694
839
907
874
850
878
869
738
549
433
420
416
352
261
194
171
163
138
44
-92
-204
-296
-401
-517
-584
-612
-646
-667
-585
-409
-259
-164
-53
124
295
398
449
471
463
437
406
332
212
99
19
-71
-196
-277
-307
-288
-170
-67
-41
-83
25
223
208
41
39
341
518
362
156
247
541
663
559
474
538
602
561
466
380
227
22
-160
-277
-368
-472
-567
-695
-810
-745
-490
-331
-420
-514
-344
-46
45
-88
-201
-202
-189
-220
-248
-299
-368
-406
-380
-306
-219
-105
-59
-133
-200
-91
78
8
-283
-470
-416
-332
-379
-478
-492
-440
-315
-115
83
214
272
352
464
566
639
653
581
465
432
502
538
459
350
332
385
389
343
282
189
49
-88
-169
-241
-349
-489
-604
-641
-582
-473
-400
-377
-317
-161
14
104
120
137
172
168
140
118
88
17
-62
-94
-104
-94
-90
-89
-140
-222
-252
-208
-36
79
68
-17
46
274
337
177
66
317
617
610
405
394
672
858
788
674
738
804
698
519
434
371
166
-131
-351
-435
-487
-563
-680
-806
-826
-641
-403
-334
-390
-329
-84
90
77
40
96
136
73
45
118
181
132
20
-35
-16
56
60
-91
-323
-421
-342
-344
-532
-713
-708
-615
-597
-574
-457
-309
-225
-153
4
196
336
371
333
319
405
547
584
496
429
497
610
630
583
558
545
460
332
254
193
36
-215
-435
-530
-560
-635
-784
-891
-870
-762
-659
-600
-523
-396
-270
-181
-87
53
182
211
150
132
214
271
229
108
15
-18
-21
-77
-216
-371
-330
-79
88
46
-32
129
298
227
50
141
485
588
394
218
388
697
799
674
562
605
638
554
410
309
180
-34
-242
-306
-274
-294
-389
-508
-542
-404
-170
-90
-235
-357
-225
-11
-7
-120
-109
-8
-3
-8
138
311
333
218
158
194
255
281
176
-67
-264
-237
-130
-212
-428
-533
-482
-428
-397
-314
-243
-228
-210
-61
166
330
392
368
354
405
516
554
472
387
369
374
342
337
385
362
231
126
135
128
-27
-247
-415
-507
-559
-586
-603
-657
-694
-646
-546
-485
-452
-407
-392
-408
-403
-316
-216
-207
-236
-207
-110
-33
-16
-17
-23
-51
-91
-123
-158
-230
-140
111
241
167
114
326
441
194
-110
35
451
515
246
81
335
703
811
693
629
694
686
515
348
322
290
46
-264
-311
-140
-43
-202
-453
-548
-407
-223
-241
-398
-487
-363
-201
-178
-151
-11
97
20
-53
103
323
335
134
0
49
183
277
211
47
-45
10
37
-87
-213
-245
-280
-393
-397
-220
-36
47
74
197
375
537
598
528
412
362
423
449
441
491
586
602
536
533
608
580
350
72
-76
-137
-240
-387
-517
-568
-546
-488
-446
-469
-522
-576
-628
-696
-712
-644
-598
-616
-616
-497
-317
-228
-260
-322
-335
-314
-288
-288
-330
-383
-391
-362
-306
-71
298
504
384
223
376
530
267
-158
-74
398
583
384
264
531
818
782
563
455
454
341
89
-42
83
215
93
-98
-56
126
176
-32
-303
-427
-380
-287
-301
-371
-332
-129
7
-49
-83
3
17
-183
-377
-305
-111
-53
-122
-104
29
175
255
185
15
-111
-146
-200
-314
-340
-228
-135
-119
-35
199
382
386
344
374
445
447
410
394
443
549
650
710
707
708
708
613
444
330
301
246
128
50
64
70
-28
-168
-247
-304
-398
-507
-559
-540
-486
-452
-430
-373
-307
-287
-356
-447
-471
-433
-452
-543
-593
-545
-462
-444
-485
-497
-497
-568
-709
-692
-328
82
194
56
118
423
517
223
-13
272
677
711
432
345
612
818
701
494
474
491
278
-15
-12
194
185
-158
-337
-172
2
-50
-250
-367
-371
-248
-75
-2
-67
-105
-25
1
-78
-69
1
-82
-300
-346
-122
48
-18
-144
-154
-120
-110
-86
-94
-177
-250
-238
-196
-179
-135
-88
-165
-267
-200
26
168
128
90
171
325
419
479
566
672
716
656
616
666
734
666
520
451
492
531
459
327
215
155
115
56
-50
-142
-182
-215
-283
-329
-271
-214
-291
-434
-448
-348
-309
-369
-450
-479
-454
-406
-393
-443
-489
-516
-513
-533
-540
-614
-628
-378
-7
191
75
84
241
228
-81
-95
478
945
869
491
439
646
724
518
292
249
243
169
91
231
395
200
-293
-527
-360
-231
-397
-634
-644
-478
-255
-2
136
81
-46
-54
-43
-48
40
149
133
-12
70
327
412
159
-148
-269
-305
-282
-245
-208
-260
-307
-264
-207
-223
-313
-384
-422
-332
-134
34
88
59
50
37
27
60
164
269
320
408
538
689
750
706
578
435
345
288
245
173
142
157
179
170
125
52
-77
-249
-378
-370
-273
-222
-235
-226
-164
-139
-194
-274
-310
-342
-413
-427
-356
-270
-269
-327
-405
-460
-510
-375
-50
168
103
-67
22
159
86
-224
-158
430
929
979
669
565
674
740
609
461
473
436
335
256
336
442
264
-88
-350
-409
-384
-375
-458
-625
-680
-535
-342
-368
-504
-494
-308
-231
-247
-130
42
154
109
92
122
124
129
132
141
146
289
421
273
-14
-149
-101
-193
-486
-573
-339
-107
-60
-7
128
142
-6
-142
-153
-97
-94
-63
28
144
297
394
384
284
218
244
256
233
190
192
222
221
185
91
-5
-100
-202
-261
-235
-167
-171
-241
-279
-266
-293
-370
-403
-371
-356
-355
-296
-214
-191
-260
-323
-334
-349
-419
-478
-266
84
310
277
231
345
283
-9
-242
34
473
598
533
508
587
474
340
432
617
611
395
381
579
622
370
84
93
144
19
-61
92
237
56
-175
-113
47
-98
-374
-358
-128
-75
-174
-143
-44
-82
-224
-228
-178
-276
-369
-305
-193
-184
-142
50
155
48
-93
-50
41
-50
-140
-82
11
7
-46
18
87
49
-58
-98
-36
18
70
85
82
80
55
10
-54
-57
22
92
79
34
50
84
38
-67
-139
-127
-130
-168
-157
-85
9
-22
-143
-204
-169
-107
-142
-203
-174
-95
-66
-103
-71
21
48
-1
-36
-3
56
56
7
-30
-41
40
139
170
92
18
55
53
-7
-67
-40
-6
-68
-127
-102
-10
10
-36
-52
-36
-38
-67
-98
-104
-70
-38
-2
47
120
139
84
18
-9
18
2
-21
19
83
129
129
151
201
199
134
98
170
245
238
198
208
246
219
157
159
192
157
83
98
189
219
148
65
44
66
77
71
55
38
31
22
0
-36
-98
-189
-294
-331
-288
-248
-275
-317
-272
-170
-118
-131
-127
-103
-158
-255
-258
-193
-179
-240
-233
-96
10
11
-1
54
105
101
94
124
143
145
195
260
235
188
243
311
267
171
173
230
188
80
81
165
152
60
24
58
39
-82
-215
-268
-255
-259
-293
-345
-353
-311
-290
-313
-342
-292
-223
-226
-268
-283
-237
-194
-199
-200
-155
-72
-7
3
-11
-23
-42
-81
-103
-87
-57
-41
-16
24
41
24
37
94
117
108
143
256
342
324
284
301
348
359
333
319
315
279
239
214
197
170
116
64
39
74
136
150
102
65
74
68
-4
-79
-109
-136
-177
-188
-144
-95
-85
-94
-89
-60
-31
-7
-14
-59
-79
-63
-37
-46
-76
-95
-92
-68
-36
-4
6
-10
-22
10
81
128
131
146
193
247
253
233
229
218
184
155
182
235
248
228
211
190
136
56
-12
-42
-45
-81
-162
-216
-202
-176
-215
-306
-345
-317
-303
-352
-390
-367
-335
-321
-308
-292
-284
-267
-240
-224
-227
-220
-174
-111
-68
-58
-60
-60
-51
-46
-54
-59
-34
-7
3
10
39
61
29
-1
19
80
131
163
205
234
220
196
203
215
184
141
137
156
153
125
120
120
85
58
87
123
90
32
37
72
55
6
8
49
45
-23
-71
-61
-45
-68
-117
-134
-130
-103
-84
-74
-57
-57
-70
-90
-78
-46
-50
-86
-100
-62
0
42
90
128
140
155
174
200
178
175
235
286
313
341
405
455
414
348
312
291
250
190
148
112
109
119
76
12
-43
-75
-93
-139
-189
-197
-175
-202
-261
-272
-241
-247
-308
-346
-324
-272
-259
-255
-210
-162
-152
-179
-177
-147
-111
-107
-111
-94
-60
-19
-12
-53
-90
-76
-39
-23
-23
-27
-22
-30
-70
-90
-70
-37
-38
-55
-38
0
39
25
9
36
61
53
34
45
76
64
13
-11
-5
-14
-65
-102
-92
-71
-73
-93
-90
-71
-67
-60
-42
-39
-50
-51
-35
-21
-27
-20
-7
-5
-4
6
41
44
22
19
70
95
73
51
61
115
127
96
73
118
178
187
168
197
241
245
249
255
267
256
256
252
268
289
246
189
147
103
103
127
113
88
56
65
99
61
-21
-43
-33
-68
-104
-104
-120
-166
-188
-170
-117
-86
-78
-77
-94
-99
-114
-120
-104
-92
-76
-81
-111
-135
-132
-113
-97
-66
-17
2
-2
6
40
48
-12
-59
-44
-11
-15
-40
-46
-34
-35
-51
-45
-44
-49
-44
-37
-38
-33
-33
-63
-86
-88
-64
-47
-89
-128
-131
-127
-145
-185
-200
-182
-175
-177
-161
-119
-113
-139
-110
-84
-58
-30
-59
-77
-44
-28
-26
-24
-41
-40
-10
37
49
59
68
61
67
45
67
100
113
138
181
258
288
276
236
210
241
227
226
257
255
251
232
206
163
124
136
105
100
117
93
104
53
8
8
28
9
-59
-8
55
37
6
-13
15
25
-47
-52
4
28
8
-2
37
20
2
-3
-29
-90
-141
-149
-170
-194
-157
-72
-7
9
-39
-60
-66
-107
-156
-134
-82
-62
-33
15
62
38
-14
-16
31
53
25
16
32
24
-17
-28
8
13
-14
18
94
123
78
11
-46
-112
-172
-183
-174
-194
-232
-205
-142
-136
-174
-213
-244
-264
-254
-203
-176
-211
-231
-204
-180
-180
-175
-157
-104
-77
-40
8
-13
-54
-94
-64
7
41
76
115
127
125
149
203
192
166
181
239
281
231
227
290
273
229
259
300
260
156
173
202
215
224
158
212
254
177
179
223
187
116
46
52
53
55
40
44
108
73
54
41
-7
-26
-33
-70
-112
-117
-117
-150
-194
-213
-155
-91
-151
-185
-156
-155
-184
-246
-274
-141
2
-6
-41
-5
26
14
12
66
155
169
119
138
213
205
79
9
66
115
136
143
145
118
27
-15
1
-7
-77
-130
-95
-57
-66
-115
-179
-213
-227
-215
-181
-175
-215
-280
-316
-301
-297
-326
-359
-358
-306
-256
-217
-224
-289
-320
-294
-253
-215
-185
-138
-71
-7
37
49
53
46
57
127
240
322
334
308
294
308
319
297
277
321
379
386
368
335
278
216
167
187
283
283
163
196
247
109
72
90
28
-39
-9
101
124
113
29
-39
18
0
-56
-94
-103
-59
-88
-146
-187
-214
-242
-277
-232
-206
-236
-292
-369
-313
-208
-144
-144
-209
-152
-72
-86
-164
-78
167
225
183
161
195
188
80
92
260
383
312
247
355
400
247
66
58
173
185
128
140
136
19
-129
-154
-97
-126
-228
-241
-120
-44
-107
-223
-283
-326
-383
-335
-243
-214
-274
-333
-273
-220
-292
-365
-384
-349
-289
-222
-138
-148
-208
-199
-127
-42
-15
24
103
166
240
290
307
263
218
253
375
504
513
474
411
346
340
337
323
321
334
345
356
340
229
87
7
19
70
114
112
56
18
-39
-101
-139
-185
-208
-150
-68
-21
-35
-126
-257
-364
-344
-268
-239
-240
-243
-239
-238
-305
-416
-471
-428
-435
-500
-476
-341
-175
-114
-125
-173
-169
-124
-123
-136
-10
334
575
554
394
333
379
317
305
490
705
723
592
591
614
432
91
-60
122
254
215
165
168
80
-174
-304
-241
-248
-371
-367
-130
8
-146
-326
-408
-432
-466
-448
-297
-198
-245
-268
-167
-97
-186
-312
-322
-203
-54
56
110
60
-2
6
52
125
183
233
264
294
371
397
335
192
137
267
411
498
452
343
246
200
233
215
175
145
156
221
236
168
15
-106
-137
-74
43
74
3
-95
-147
-134
-134
-199
-282
-321
-282
-220
-240
-364
-506
-569
-534
-468
-462
-490
-535
-583
-592
-599
-604
-682
-748
-530
-162
93
22
-188
-174
-67
-91
-206
41
561
819
749
615
659
598
374
363
676
957
839
696
778
779
426
-47
-95
128
155
19
30
131
-74
-443
-491
-288
-325
-595
-557
-190
-32
-213
-387
-335
-309
-420
-337
-56
92
-6
-56
81
147
30
-93
-55
53
162
284
338
255
99
18
62
167
218
213
204
227
260
245
143
25
-1
77
217
303
259
150
91
134
202
206
174
159
182
228
248
193
98
21
23
79
95
39
-53
-140
-181
-167
-170
-252
-377
-423
-395
-385
-464
-584
-669
-686
-684
-693
-765
-824
-847
-796
-771
-808
-543
-163
62
-84
-181
44
173
-37
-236
365
1122
1265
889
660
781
637
371
461
906
1020
700
653
872
747
15
-543
-322
47
10
-194
-154
-142
-492
-780
-614
-424
-639
-844
-471
70
109
-205
-380
-271
-234
-208
34
302
313
182
285
474
445
207
69
160
276
382
402
285
81
-73
-40
73
129
3
-101
-76
59
163
60
-82
-142
15
215
337
326
212
173
217
373
440
374
285
303
429
462
376
223
103
17
16
84
28
-144
-332
-375
-340
-401
-531
-656
-693
-691
-660
-664
-721
-810
-864
-802
-727
-678
-718
-747
-808
-610
-48
382
330
-36
56
375
317
-109
10
864
1398
1326
977
890
699
290
186
554
938
708
403
442
574
147
-702
-985
-655
-368
-481
-517
-339
-444
-838
-930
-585
-503
-798
-712
-43
483
383
98
86
118
65
200
521
670
525
450
577
611
400
115
-12
-36
33
134
89
-110
-330
-337
-251
-231
-304
-356
-322
-245
-56
117
173
87
17
142
378
532
490
447
552
739
808
677
533
434
367
335
383
369
146
-144
-308
-311
-391
-584
-720
-733
-714
-745
-756
-773
-870
-966
-907
-687
-579
-629
-678
-562
-425
-427
-519
-580
-212
365
777
669
432
543
628
329
-27
488
1344
1597
1159
794
796
504
-13
-101
405
622
284
90
326
317
-525
-1243
-1063
-610
-660
-881
-586
-252
-483
-862
-679
-347
-533
-723
-266
494
705
443
330
430
388
263
367
578
586
465
489
561
475
203
-71
-238
-269
-176
-141
-237
-360
-333
-260
-287
-340
-363
-357
-308
-77
263
449
391
345
496
648
679
650
684
763
804
849
836
661
343
113
98
137
55
-130
-257
-365
-528
-702
-820
-911
-993
-947
-775
-664
-756
-866
-847
-753
-636
-502
-375
-333
-337
-208
-70
-93
-285
-294
219
852
1088
762
489
526
446
50
-84
616
1353
1423
980
712
555
70
-353
-198
352
456
209
175
340
52
-775
-1191
-903
-551
-592
-555
-198
-76
-395
-637
-430
-325
-558
-505
105
699
681
386
281
266
97
-27
141
313
286
170
213
261
87
-202
-409
-443
-386
-279
-238
-307
-407
-404
-279
-162
-105
-78
-18
114
314
472
527
509
555
682
773
806
771
695
599
571
595
517
271
21
-70
-115
-223
-362
-445
-508
-633
-779
-855
-888
-921
-900
-772
-625
-601
-625
-569
-452
-381
-319
-167
-30
-40
-105
-45
56
-29
-207
-279
-180
192
638
788
482
187
292
341
-52
-318
262
1118
1386
1083
760
523
128
-123
127
611
706
452
388
599
515
-182
-837
-802
-409
-286
-308
-104
21
-311
-662
-520
-298
-503
-737
-365
311
553
294
8
-80
-150
-156
-30
104
91
8
47
130
103
-79
-288
-418
-388
-171
1
-75
-297
-316
-97
68
93
94
182
253
327
499
650
617
467
544
790
905
737
488
410
436
460
358
203
25
-134
-227
-243
-237
-411
-638
-730
-625
-570
-672
-741
-691
-564
-524
-481
-434
-420
-437
-375
-156
-23
-129
-326
-296
-138
-152
-311
-404
-377
-439
-517
-241
240
376
63
-98
181
294
-121
-426
105
985
1344
1130
843
666
402
233
418
789
870
637
569
784
763
81
-672
-760
-379
-190
-256
-206
-192
-467
-693
-496
-291
-547
-812
-495
120
334
108
-97
-157
-176
-101
101
196
41
-102
27
252
258
66
-115
-183
-169
-90
-37
-118
-272
-266
-23
233
276
120
10
42
200
383
454
447
453
546
689
748
612
359
195
234
410
456
322
164
72
22
-15
-87
-263
-468
-533
-402
-301
-366
-481
-533
-542
-552
-481
-394
-369
-363
-270
-115
-86
-205
-351
-393
-374
-322
-263
-293
-391
-498
-491
-428
-303
-27
209
228
125
200
253
-28
-281
121
959
1337
1085
752
675
572
331
294
531
658
500
439
607
533
-106
-761
-777
-448
-402
-581
-521
-351
-405
-533
-452
-369
-599
-757
-434
105
302
150
28
68
105
93
138
152
84
55
210
411
416
229
-4
-149
-211
-188
-165
-197
-199
-112
-10
-24
-82
-126
-146
-117
38
303
430
381
325
409
560
585
468
348
358
442
514
517
439
308
168
120
119
44
-147
-302
-309
-260
-277
-399
-513
-578
-578
-518
-439
-385
-380
-353
-268
-155
-133
-209
-245
-200
-130
-140
-163
-113
-106
-199
-297
-320
-359
-305
42
428
473
248
212
271
15
-260
53
793
1142
962
725
643
468
154
74
268
426
380
349
455
362
-139
-682
-752
-527
-490
-595
-492
-248
-257
-450
-480
-415
-540
-671
-440
10
259
223
165
166
121
86
134
157
123
164
311
400
340
211
41
-153
-235
-130
-55
-198
-369
-334
-164
-99
-162
-201
-163
-106
-19
142
240
195
151
306
563
622
480
364
347
350
392
471
462
319
172
161
155
-4
-239
-392
-428
-381
-317
-354
-499
-632
-603
-464
-386
-381
-348
-274
-211
-115
-25
-42
-140
-144
30
153
101
7
-54
-130
-237
-247
-214
-191
1
358
550
356
96
33
-63
-242
-102
499
967
903
591
414
310
91
-31
131
399
478
402
380
327
13
-497
-751
-600
-383
-334
-328
-251
-289
-474
-554
-489
-520
-616
-411
45
294
191
67
116
130
79
171
376
397
234
204
361
410
224
62
44
19
-86
-130
-99
-166
-316
-334
-164
-51
-134
-223
-130
37
92
68
82
158
238
339
474
539
428
243
221
385
483
338
156
176
278
211
-1
-155
-252
-368
-418
-326
-273
-437
-624
-559
-346
-299
-424
-458
-329
-226
-185
-66
46
-20
-153
-91
111
136
-57
-170
-101
-19
-40
-124
-187
-234
-169
94
330
314
123
41
39
-69
-134
91
506
693
631
548
492
356
158
136
276
367
300
253
329
320
37
-344
-464
-411
-447
-536
-435
-243
-242
-348
-293
-149
-254
-462
-402
-31
266
300
299
345
352
257
208
224
212
177
217
373
478
421
181
-72
-183
-161
-157
-253
-309
-267
-151
-78
-64
-107
-222
-318
-288
-120
20
102
171
265
349
342
291
189
114
151
309
456
478
425
300
133
-48
-141
-175
-247
-296
-275
-232
-297
-414
-523
-605
-625
-549
-393
-299
-278
-257
-210
-179
-200
-227
-221
-157
-61
12
20
-41
-84
-66
-36
-77
-218
-283
-199
35
235
255
173
37
-43
-146
-188
-81
171
451
584
618
489
286
82
53
180
273
321
315
359
304
141
-86
-234
-249
-241
-175
-101
-12
-58
-123
-128
-110
-133
-201
-110
15
129
181
278
328
225
129
117
205
169
155
238
347
342
225
173
66
-68
-185
-132
-61
-99
-138
-125
-27
-29
-75
-135
-134
-94
-43
54
118
173
184
223
245
252
261
257
284
297
346
334
235
87
4
-1
-49
-110
-184
-222
-278
-335
-369
-408
-448
-470
-400
-329
-310
-334
-332
-291
-270
-234
-186
-132
-107
-72
-16
3
-20
-46
-5
47
64
13
-80
-187
-302
-371
-391
-344
-256
-114
19
24
-112
-271
-311
-267
-187
5
313
553
558
403
263
184
139
170
317
499
594
610
586
485
263
-4
-117
-46
34
29
16
32
-22
-147
-212
-212
-257
-315
-227
-34
63
45
30
40
4
-35
13
63
32
-5
63
166
174
121
81
42
-20
-29
52
103
41
-21
15
73
50
-43
-104
-103
-28
97
178
168
110
55
36
65
103
99
69
113
221
239
132
1
-61
-81
-61
14
77
24
-80
-79
-21
-44
-149
-197
-155
-106
-85
-60
-40
-108
-198
-200
-125
-81
-121
-138
-104
-74
-76
-83
-97
-159
-246
-279
-231
-202
-264
-337
-305
-217
-190
-212
-191
-138
-102
-50
56
121
51
-41
18
184
277
293
334
417
440
386
348
331
311
302
358
416
397
314
216
128
53
18
-1
-24
-52
-42
-5
-22
-96
-165
-172
-175
-191
-179
-132
-122
-166
-160
-103
-73
-122
-152
-97
-39
-27
-37
-19
2
-10
-38
-48
-51
-88
-122
-109
-68
-81
-112
-88
-33
-17
-55
-90
-108
-112
-82
-13
46
61
60
64
85
71
17
-22
14
101
148
163
169
150
91
47
72
119
134
128
167
216
185
87
13
-24
-61
-63
-17
46
48
-19
-91
-133
-221
-326
-299
-241
-213
-164
-114
-120
-161
-184
-190
-154
-98
-55
10
81
106
87
24
-10
21
56
106
151
171
167
163
148
103
63
41
61
102
137
167
152
99
70
110
139
126
121
156
191
192
171
126
71
7
-22
12
61
67
25
0
-20
-83
-169
-206
-158
-96
-82
-56
-2
-7
-125
-245
-257
-219
-205
-202
-145
-86
-112
-153
-156
-167
-223
-252
-193
-100
-45
-15
7
-22
-89
-128
-121
-93
-53
-24
8
42
41
10
-27
-22
22
56
74
138
207
202
217
234
234
247
237
238
259
304
273
209
234
188
93
39
22
12
-32
-33
-43
-59
-102
-180
-148
-123
-149
-134
-85
-26
3
7
1
4
55
91
89
143
213
234
183
152
173
159
142
116
104
110
87
-2
-64
-50
-90
-129
-101
-93
-115
-109
-54
-20
-57
-113
-78
-36
-87
-118
-70
-17
-25
-37
-37
-18
-14
-75
-82
-54
-60
-105
-124
-113
-120
-142
-198
-241
-243
-229
-221
-189
-179
-214
-239
-221
-185
-169
-163
-144
-89
-48
-21
-7
-17
-73
-80
-28
15
16
-9
-12
-22
-6
-11
-25
-24
-40
-17
55
89
77
43
23
19
62
134
121
96
121
216
238
195
183
151
176
211
202
222
229
202
174
191
239
164
88
154
199
164
162
199
163
132
120
77
115
134
77
84
189
181
111
127
128
133
107
96
125
132
107
107
139
117
14
-7
50
32
27
18
43
-1
15
23
-54
10
-53
-109
-41
-5
-49
-100
-56
-69
-114
-72
-129
-167
-129
-163
-146
-178
-183
-200
-304
-299
-289
-296
-337
-397
-293
-264
-328
-307
-285
-237
-262
-263
-241
-195
-173
-240
-131
-70
-151
-159
-147
-154
-173
-170
-179
-168
-128
-195
-191
-151
-184
-172
-181
-139
-129
-118
-70
-63
-48
-21
43
39
45
64
105
161
199
213
196
281
303
221
255
320
263
251
269
253
227
240
192
151
250
174
77
138
181
93
76
154
148
93
68
136
129
111
125
143
158
124
157
127
172
277
243
205
230
262
217
217
222
234
194
234
235
95
135
107
103
74
56
93
-20
-26
-1
-27
17
2
-34
-87
-35
-34
-106
-19
-58
-111
-60
19
-101
-125
-63
-152
-150
-124
-137
-163
-93
-140
-199
-114
-150
-241
-232
-219
-151
-185
-179
-184
-222
-197
-328
-280
-201
-291
-303
-212
-189
-236
-255
-223
-306
-211
-111
-247
-174
-110
-129
-143
-122
-72
-53
-47
-41
21
91
37
40
73
65
84
85
38
74
137
37
2
63
44
-54
-7
31
50
10
2
54
4
-25
-37
-8
26
20
-17
38
64
62
24
61
83
115
134
77
201
154
97
172
158
169
229
206
147
155
210
146
90
170
154
147
148
172
122
62
148
88
34
146
130
34
79
105
65
107
150
54
107
197
113
160
161
135
130
108
90
136
122
12
27
24
-62
-63
-45
-132
-52
-73
-149
-163
-195
-224
-265
-217
-174
-168
-205
-162
-139
-171
-201
-77
-143
-195
-18
-61
-17
14
-64
-12
16
-1
-27
9
31
-7
66
36
4
11
17
11
-18
-7
11
-1
-84
-3
44
-44
-40
-43
-98
-115
-64
-31
-122
-36
43
-39
-29
-61
-162
-159
-29
-63
-149
9
24
-71
-15
-43
-56
-78
-78
-70
-26
10
-70
-53
1
-24
-68
-67
-51
-18
-3
40
8
10
79
-39
-27
105
-9
-78
106
126
14
124
134
56
78
122
116
66
190
174
127
159
186
146
55
186
163
97
232
101
33
172
-18
-13
78
-16
-6
-36
-33
-58
-45
-106
-137
-41
-59
-19
-105
-86
-50
-116
-64
-35
-3
-52
-19
-45
-55
4
-55
-37
34
13
-4
17
27
-63
-57
71
-1
15
49
13
-15
-15
30
-15
11
62
-2
-31
27
67
-19
-66
4
34
19
-51
-10
34
-54
-65
-19
-39
-75
-80
-57
-42
7
-42
-134
-74
-51
-107
-79
36
-45
-56
-24
-52
-65
-70
-58
-84
-13
-71
-55
21
-56
-78
-30
-34
-80
-14
-12
-49
1
57
54
55
11
-9
66
44
88
72
91
107
93
48
-7
61
-31
-43
34
99
11
25
32
-45
-11
-48
-33
-15
4
-21
59
61
-21
23
16
1
96
73
65
148
138
66
98
128
13
66
59
54
93
73
-4
3
38
-41
0
13
-73
-17
90
-7
19
17
0
-25
-1
62
1
71
44
80
109
82
58
7
28
36
54
6
10
31
22
-16
-38
-45
-27
-11
-119
-41
-10
-83
-60
-58
-5
-54
-101
-80
-31
11
-62
-23
17
5
-16
-94
-51
-21
-28
-17
0
-6
-50
-43
-65
-98
-71
-79
-74
-18
-58
20
-16
-87
3
-55
-69
-39
10
-72
-11
67
-73
-15
-3
-59
-53
-31
-83
-56
13
-37
-83
-40
1
-104
-109
-17
-68
-84
66
19
9
100
18
-19
64
118
36
96
150
137
141
152
161
99
77
75
40
56
128
10
-10
115
74
-11
-23
0
-20
-25
-8
3
56
47
-31
43
90
18
7
77
72
75
153
66
98
150
20
48
71
68
97
75
63
71
66
32
7
2
8
13
33
44
50
-24
-7
10
-15
-18
-10
-3
-14
44
-55
-1
26
-85
-108
-56
-29
-79
-102
-70
-32
-96
-132
-122
-111
-165
-84
-134
-130
-104
-176
-153
-163
-124
-231
-181
-144
-181
-183
-164
-138
-213
-153
-78
-193
-168
-57
-197
-135
-59
-128
-99
-69
-105
-60
26
-65
-17
45
-26
37
56
77
114
76
90
149
103
92
185
97
83
124
120
86
89
73
29
132
62
26
33
64
44
9
91
65
34
39
35
52
96
0
27
99
95
53
72
140
22
59
120
57
62
106
89
50
74
111
70
63
86
118
76
102
122
-7
129
176
48
129
200
89
133
167
125
166
162
126
130
214
142
28
99
156
1
46
142
2
-38
17
-38
-137
-52
-97
-237
-87
-39
-218
-214
-151
-221
-295
-230
-175
-290
-246
-177
-289
-233
-191
-256
-284
-181
-157
-212
-113
-163
-182
-66
-95
-184
-114
-61
-106
-79
-54
-64
-19
-7
-48
-70
-24
-22
-80
-18
9
41
34
36
43
-18
-3
53
19
-25
88
104
14
61
94
-18
-2
84
51
38
70
6
25
138
16
-16
107
59
-12
20
44
31
63
29
30
91
66
30
47
64
67
104
61
94
161
97
91
158
138
111
136
169
178
218
180
128
243
181
149
197
220
186
195
208
118
162
143
98
113
103
92
90
51
1
-33
22
-55
-78
-33
-106
-61
-90
-144
-165
-83
-129
-213
-109
-87
-187
-163
-121
-195
-140
-130
-165
-162
-125
-87
-160
-137
-65
-142
-119
-70
-102
-120
-63
-82
-155
-32
-88
-145
-46
-72
-106
-58
-68
-85
-38
-43
-102
-23
-5
-101
-7
-25
-17
-26
-28
-22
-32
33
-37
-11
-28
-17
-3
-69
-11
8
-43
-20
-12
-41
-57
-9
-36
-82
37
-13
-87
24
16
-46
5
30
17
30
95
13
35
124
30
63
93
75
134
131
81
121
158
116
78
165
120
125
164
124
150
91
109
132
63
86
136
55
72
59
73
37
73
70
-21
48
19
29
-45
-11
-26
-22
-1
-48
-14
-74
-1
4
-114
-29
17
-71
-39
-13
-11
-62
-35
-15
-56
-32
-3
-13
6
-12
-26
8
-9
32
-40
-8
-13
-3
-12
-33
60
-9
-5
5
-21
-59
-4
7
-43
5
24
-4
-11
-16
-59
-41
-20
-5
-45
-18
16
-67
-26
-30
-71
-16
-70
-26
-51
-80
-6
-47
-48
-56
-19
-33
-33
-30
-90
-39
23
-47
4
40
-32
-21
-21
34
-28
12
48
8
78
30
2
29
46
2
8
137
34
16
93
-3
69
21
12
33
46
44
-29
43
19
11
-31
0
15
-48
-12
-15
-12
-33
-60
-17
-49
-66
-22
-58
-38
-13
-28
-36
-2
-28
-36
23
32
-28
-26
48
-1
20
76
52
9
76
54
0
69
86
66
39
74
52
80
40
21
66
31
74
72
53
26
76
64
50
62
13
75
57
60
52
44
65
37
30
30
77
-7
-12
45
15
-14
14
-17
-81
8
-55
-86
-39
-31
-96
-99
2
-90
-75
-57
-90
-77
-48
-42
-99
-39
-27
-89
-48
-28
-88
-48
-27
-77
-22
2
-81
-78
-33
-72
-80
-19
-69
-91
-24
-85
-82
-63
-46
-66
-100
-51
-46
-68
-103
-62
-51
-70
-61
-59
-79
-54
-51
-76
-67
-34
-8
-64
-36
-27
-43
-49
-40
-40
-16
38
8
12
19
9
-24
17
44
31
80
84
56
41
52
94
30
40
124
69
95
108
76
73
81
97
26
67
139
70
81
85
102
100
76
77
19
113
122
45
71
98
74
94
80
53
82
72
65
17
80
55
36
70
16
72
50
8
24
24
41
28
50
76
17
32
50
27
20
23
54
13
38
74
10
0
36
16
-14
-5
14
2
-47
-19
-37
-73
-38
-64
-62
-49
-106
-63
-65
-127
-100
-102
-75
-103
-73
-125
-108
-38
-182
-105
-64
-122
-91
-71
-88
-110
-63
-83
-133
-61
-58
-78
-31
-59
-56
-54
-41
-32
-33
-47
-27
29
-32
-46
21
20
-39
11
8
-32
14
-3
0
7
20
35
-14
15
18
-18
-12
-6
33
-1
-3
13
-2
2
-3
29
-25
-16
21
16
0
-23
52
-23
-41
72
2
-21
21
-12
12
56
16
4
45
64
30
38
59
57
118
30
66
165
54
114
102
78
146
94
114
103
114
132
67
111
109
64
65
80
95
28
40
58
6
36
27
-2
-1
-40
-22
9
-24
-61
-58
-30
-59
-67
-46
-79
-69
-63
-75
-53
-62
-72
-87
-65
-24
-61
-94
-42
-30
-68
-52
-39
-55
-39
19
-58
-46
17
-56
0
-18
-48
14
-3
12
-40
-39
39
-15
0
-6
-14
22
-24
-5
-20
-7
-2
-29
20
-15
-43
-30
-35
-13
-28
-46
-17
-38
-56
-53
-44
-46
-39
-61
-76
-37
-53
-97
-77
1
-73
-63
-22
-79
-36
-54
-50
-45
3
2
-27
41
-24
20
35
10
83
39
59
85
82
81
82
108
104
100
117
131
78
101
135
95
95
138
111
77
93
68
84
72
95
104
25
77
85
-3
13
70
14
-4
77
33
-35
10
12
-42
8
10
-51
-12
-13
-23
-8
-33
-42
-31
-26
-35
-7
-35
-46
19
-38
0
28
-50
-35
-5
13
-16
28
-21
-19
48
-25
-24
27
-1
-40
25
-16
-22
5
5
-24
-45
32
-16
-66
-6
-10
-83
12
-4
-110
-34
0
-98
-80
2
-94
-84
-33
-108
-96
-40
-97
-122
-79
-70
-84
-74
-66
-93
-80
-59
-55
-17
-36
-37
-3
-32
-27
21
0
1
53
7
39
45
-12
44
71
7
33
83
26
34
65
57
23
51
46
33
56
41
42
53
58
41
43
16
55
57
-10
34
55
21
25
54
33
-11
13
18
10
17
11
28
30
-3
22
15
-17
17
-5
17
18
-1
19
-9
14
9
-19
9
17
-19
-5
43
-14
-10
23
-3
-4
-9
-1
27
16
-25
20
18
-13
-20
18
-3
-9
40
-19
-4
-11
-22
-24
-42
0
-9
-53
-17
-10
-73
-79
1
-41
-140
-32
-8
-90
-70
-62
-56
-61
-81
-77
-71
-43
-82
-75
-18
-19
-55
-61
-49
-35
-4
-56
-17
22
-2
-23
-5
33
-24
1
21
7
51
0
16
41
7
26
37
46
9
24
22
25
38
24
31
33
45
10
10
17
2
24
22
39
19
23
60
-19
-22
26
35
31
31
49
33
50
27
-1
47
55
43
43
71
74
21
39
47
32
53
57
39
43
70
18
35
61
22
39
29
59
32
32
42
40
61
16
39
32
35
27
55
36
8
56
47
-10
0
54
-11
9
27
11
-7
14
16
-31
-13
-11
-21
-19
13
-29
-34
-23
-33
-17
-57
-55
-42
-22
-40
-66
-3
-49
-79
-26
-49
-82
-44
-30
-74
-17
-5
-74
-57
-14
-51
-68
-20
-32
-53
-5
-10
-72
-35
-19
-82
-41
-5
-59
-41
0
-48
-76
-13
-70
-102
-6
-27
-88
-32
4
-67
-53
-16
-65
-68
-8
-39
-47
14
-16
-34
-18
17
-14
-52
32
16
-7
13
19
60
4
21
26
4
52
17
12
54
71
45
26
63
40
16
69
56
64
72
53
78
68
71
27
64
127
40
79
88
62
68
51
91
29
77
103
34
54
29
38
54
35
34
51
31
32
19
-3
33
31
-14
14
47
-5
15
1
-5
27
31
-12
-35
56
0
-30
-3
-4
-23
-18
17
-50
-23
2
-63
-75
-36
-21
-64
-95
-20
-46
-132
-76
-54
-102
-101
-64
-99
-106
-54
-85
-110
-80
-97
-86
-91
-81
-95
-96
-59
-66
-65
-105
-80
-49
-76
-114
-70
-53
-65
-67
-43
-33
-88
-27
-36
-42
-46
-24
5
-56
-18
9
-21
-8
31
6
-41
15
44
-13
21
43
32
56
44
63
25
34
78
51
70
84
89
50
71
104
37
52
81
67
82
68
74
102
76
36
91
125
8
55
130
56
76
124
61
38
85
59
21
79
115
34
47
103
59
13
74
74
11
63
102
56
22
75
30
9
53
32
25
42
36
-32
15
43
-52
-33
41
-11
-32
-10
-11
-44
-41
5
-69
-43
-14
-63
-30
-35
-47
-50
-42
-38
-81
-50
-20
-64
-44
-37
-56
-29
-31
-63
-75
-13
-20
-100
-33
-17
-73
-39
-60
-68
-36
-19
-56
-75
-12
-33
-73
-46
-43
-25
-22
-51
-42
-36
-29
-68
-41
25
-45
-43
0
-17
-26
-19
1
-9
-5
-15
-9
14
-17
-23
-12
11
19
-16
2
23
1
-7
-9
13
14
-3
21
14
9
32
24
5
-14
42
22
-2
76
9
1
77
25
3
63
73
16
8
61
19
27
61
22
58
24
36
55
-5
0
18
75
15
-8
57
8
-18
13
4
-21
34
4
-16
19
-8
-22
-21
7
6
-1
-13
10
25
-39
-22
46
-11
-14
22
2
-21
11
21
-36
46
11
-42
20
37
16
-25
-2
32
3
0
19
-4
19
20
8
-10
2
18
17
-4
3
47
-20
-22
42
-11
-58
33
17
-36
7
-5
-22
-24
-4
-28
-14
22
-52
-44
-7
-28
-27
-34
-15
-39
-29
-25
-65
-19
-12
-46
-23
-21
-66
-15
-15
-79
-36
-14
-17
-27
-12
-26
-51
9
-22
-43
-11
-32
-11
-3
-14
-11
-8
-23
-30
8
0
-8
21
-3
-12
0
-28
-14
20
0
-10
26
15
-17
-7
2
-1
22
34
-18
33
56
-23
-11
55
32
6
56
34
18
37
40
25
32
75
32
15
69
30
21
72
63
-3
56
111
-19
49
93
13
64
60
16
47
95
50
8
77
60
7
64
23
44
63
25
61
11
14
28
27
30
0
34
38
-8
3
-2
-5
13
-15
-21
5
16
-58
-58
17
-22
-66
-22
-3
-57
-71
-42
-42
-54
-53
-61
-45
-44
-63
-99
-81
-24
-73
-75
-37
-71
-82
-76
-58
-60
-91
-61
-74
-53
-45
-99
-84
-54
-33
-92
-60
-49
-94
-35
-50
-82
-29
-35
-67
-33
-38
-57
-39
-6
-38
-22
18
-41
-13
-17
-11
25
-5
8
8
24
41
26
-1
18
70
31
15
68
50
39
57
35
55
70
53
66
66
57
73
75
68
94
91
51
75
104
62
81
113
83
72
94
86
43
74
83
63
101
82
27
59
77
40
41
47
49
56
58
17
8
25
9
6
17
34
0
6
16
-14
-34
-11
-12
-40
19
-3
-80
-45
-4
-53
-81
-16
-29
-82
-34
-48
-81
-70
-58
-62
-64
-44
-94
-69
-56
-80
-83
-68
-39
-65
-62
-79
-56
-71
-82
-42
-62
-56
-49
-56
-66
-35
-55
-62
-48
-31
-26
-42
-18
-63
-30
1
-28
-27
-24
12
19
-15
-10
28
7
-1
32
26
10
38
32
47
90
52
42
61
41
8
45
59
48
75
41
31
37
33
41
35
68
81
79
68
46
97
67
47
93
75
63
57
64
66
68
46
29
67
62
29
35
41
14
28
23
-12
22
24
-20
-27
0
1
-40
0
8
-11
5
14
13
-46
2
20
-40
-6
-11
-37
-4
-14
-50
-36
-24
-39
-68
-53
-48
-42
-25
-51
-41
-57
-49
-49
-63
-23
-63
-34
-8
-62
-52
-54
-41
-54
-49
-19
-52
-40
-33
-47
-52
-51
-24
-53
-53
-10
-55
-56
-14
-67
-45
-25
-35
-46
-24
-14
-68
9
-27
-48
17
-20
-27
11
-2
-12
30
-6
-6
20
-2
11
30
16
22
40
0
23
49
-7
27
69
39
-5
41
54
5
46
47
43
32
56
25
-3
34
31
16
23
52
7
20
38
-19
-17
60
14
-5
52
17
19
18
-6
-7
27
28
7
22
42
-2
-7
9
0
11
9
10
-5
26
-1
-14
1
5
4
8
27
-22
0
-9
-23
6
-12
-18
18
2
-18
13
-16
-20
1
12
-15
7
19
-20
13
-10
-27
-4
-9
-5
3
6
-2
6
8
-1
4
-1
1
19
-2
-14
10
10
10
-3
9
6
-13
-3
4
6
4
8
-7
4
-16
-10
-2
-14
17
16
-16
-15
12
-23
-10
34
2
1
7
3
-7
-30
5
-7
-5
11
-3
-6
-11
-5
-21
-5
-6
-10
-2
3
-7
-14
3
-9
-5
-12
1
3
13
11
-15
30
13
-9
4
13
22
10
31
15
-5
33
32
-15
-3
42
28
-2
18
15
1
19
0
0
21
29
1
16
36
-16
-9
12
17
12
14
5
9
19
-11
2
13
13
12
-1
9
3
9
-9
-17
13
9
12
-10
-12
33
-2
-18
13
1
-7
11
11
-25
5
11
-34
-13
20
12
-7
14
13
-24
-12
-9
-26
6
11
-5
-19
3
-3
-43
-26
4
6
-32
-5
-5
-37
-28
-32
-45
-36
-18
-40
-38
-12
-39
-61
-13
-36
-55
-16
-24
-42
-28
-23
-63
-55
-17
-33
-39
-14
-29
-41
-26
-26
-45
-32
5
-17
-34
-20
-10
-26
-32
-10
2
-13
-7
20
-6
-1
10
6
3
8
32
-1
17
30
-5
8
24
17
15
27
15
20
19
4
14
18
31
20
15
17
15
15
13
28
11
23
40
13
3
21
29
8
21
38
23
28
30
16
36
29
18
40
35
27
26
32
19
20
32
26
28
31
26
22
21
28
21
17
18
24
23
7
17
15
6
8
6
4
9
13
-2
-9
-1
-14
-9
1
-25
-11
8
-19
-32
-13
-16
-21
-28
-32
-14
-16
-25
-34
-26
-14
-35
-37
-25
-13
-34
-32
-13
-44
-37
-23
-33
-38
-22
-21
-36
-11
-20
-36
-17
-11
-20
-19
-5
-11
-16
-11
-16
-19
-5
5
-9
-10
10
-5
-17
12
-2
-8
19
-1
-7
19
12
-8
13
26
7
5
18
14
11
19
15
24
25
21
16
16
27
20
19
25
28
27
28
33
24
25
36
23
33
36
20
33
37
24
23
36
26
19
23
26
22
19
30
17
25
23
7
25
12
3
17
13
5
15
6
8
19
0
2
4
14
-3
-3
14
-13
2
1
-7
-2
-9
-10
-12
-5
-7
-20
-10
-6
-17
-11
-22
-23
-16
-21
-26
-19
-10
-18
-29
-14
-23
-24
-15
-30
-28
-27
-16
-24
-29
-14
-20
-26
-25
-12
-23
-32
-10
-15
-20
-12
-23
-19
-13
-18
-21
-20
-9
-10
-24
-19
-9
-13
-21
-13
-6
-15
-9
-8
-11
-3
-8
7
-2
-10
12
-12
-15
5
1
-5
0
11
-5
-7
10
-5
-7
13
5
-4
0
6
-2
-6
6
3
4
11
4
9
9
1
8
4
8
17
14
6
9
17
-3
5
18
6
16
20
12
9
12
11
7
14
13
14
16
8
8
12
9
11
14
17
15
11
13
8
6
11
10
11
14
9
4
5
2
1
5
5
7
9
3
2
0
-5
3
3
-2
11
4
-7
4
1
-2
5
5
5
3
2
-5
-11
-3
-5
-18
-6
0
-16
-22
-10
-12
-27
-19
-14
-16
-15
-15
-18
-17
-12
-21
-18
-16
-21
-17
-23
-23
-14
-25
-24
-20
-21
-16
-20
-22
-14
-19
-20
-19
-16
-7
-9
-17
-12
-6
-17
-12
-5
-6
-4
5
-1
-3
11
1
3
16
16
16
18
12
18
22
16
18
23
28
28
22
19
27
23
20
26
30
25
26
28
24
21
20
25
25
20
20
22
19
21
14
9
19
23
15
12
23
17
11
17
14
15
13
11
18
8
6
10
3
11
8
4
6
3
5
-5
-3
6
-2
-1
0
0
3
-3
-6
0
1
-5
-1
-4
-4
0
-8
-16
-6
-5
-18
-15
-6
-12
-22
-16
-17
-28
-19
-20
-29
-21
-21
-28
-26
-21
-29
-28
-21
-23
-25
-26
-26
-24
-24
-25
-26
-21
-22
-23
-22
-21
-18
-21
-22
-14
-16
-21
-13
-16
-18
-11
-11
-15
-10
-8
-13
-10
-7
-9
-11
-4
-1
-8
0
1
-1
2
5
5
1
11
9
3
11
11
7
10
15
13
7
18
17
10
17
19
18
15
20
21
17
23
22
19
21
22
23
22
21
21
27
25
20
28
23
20
27
26
19
22
26
17
19
23
17
15
21
19
15
17
16
15
14
10
14
13
5
9
10
2
7
5
-3
3
2
-5
2
3
-3
0
-4
-7
-1
-7
-9
-5
-4
-12
-10
-7
-10
-9
-9
-6
-10
-9
-7
-11
-14
-11
-7
-12
-11
-6
-9
-11
-8
-7
-9
-8
-11
-8
-10
-10
-8
-15
-14
-9
-14
-13
-9
-11
-13
-10
-11
-17
-14
-13
-18
-15
-13
-18
-16
-16
-19
-18
-16
-19
-17
-15
-20
-18
-14
-18
-16
-12
-17
-14
-10
-15
-12
-9
-11
-11
-6
-6
-8
-6
-7
-7
-2
-4
-1
2
0
3
3
5
4
3
7
4
4
9
7
6
11
12
9
12
14
13
13
12
13
11
13
14
12
15
14
12
17
13
12
17
14
13
14
12
11
14
12
10
11
10
9
10
13
11
10
13
11
12
12
11
9
7
11
12
9
8
10
10
6
10
10
5
9
9
0
5
6
1
4
2
-2
-2
2
-1
-4
-1
-5
-5
-1
-7
-6
-3
-11
-9
-7
-8
-12
-11
-8
-13
-8
-8
-14
-12
-10
-11
-14
-9
-10
-14
-12
-13
-12
-10
-11
-10
-8
-7
-10
-9
-7
-7
-7
-8
-9
-2
-5
-7
-2
-3
-2
-1
-2
-1
-2
-2
-1
1
1
-1
0
1
4
1
2
2
3
5
3
7
7
4
6
6
6
8
5
7
7
7
8
8
9
6
8
7
7
10
7
5
8
9
9
8
8
8
9
7
7
7
6
5
7
7
9
7
3
6
4
4
6
1
3
4
0
5
3
-2
-1
1
-1
1
2
0
-3
-4
0
0
-3
-1
-2
-3
0
-2
-5
-4
-2
-1
-2
-2
-4
-7
-4
-2
-2
-4
-5
-5
-5
-4
-1
-4
-7
-5
-5
-4
-3
-7
-7
-7
-4
-2
-2
-3
-4
-7
-4
-1
-2
-3
-2
-4
-4
-1
-3
-5
-4
-3
-4
-3
-4
-6
-5
-2
-2
-3
-3
-6
-7
-3
-4
-1
-3
-6
-4
-5
-3
-4
-7
-7
-4
-4
0
1
-3
-5
-5
-2
-2
0
-2
-4
-3
0
-2
-3
0
-3
-2
2
1
0
-1
0
2
4
3
1
1
0
0
2
1
-2
-1
0
4
5
0
1
-2
-1
4
4
2
2
0
1
1
2
1
-1
-2
0
3
3
3
2
2
5
5
4
6
5
5
5
6
6
6
5
5
6
6
3
5
5
6
7
8
8
5
6
8
5
6
6
3
1
4
3
0
1
-4
-3
-1
-3
0
-3
-5
-3
-4
-5
-3
-5
-6
-4
-6
-6
-4
-6
-8
-5
-4
-7
-5
-6
-6
-3
-3
-3
-3
-2
0
1
4
3
2
3
4
4
5
6
5
6
8
9
10
10
11
9
11
10
9
9
9
