4
6
8
8
9
11
10
10
9
9
8
6
4
1
1
-1
-3
-4
-6
-6
-7
-7
-8
-7
-8
-7
-7
-7
-6
-7
-5
-5
-5
-4
-3
-3
-1
0
1
1
3
3
4
4
5
5
5
5
3
4
5
4
2
1
2
2
1
2
2
2
1
0
0
-1
-1
-2
-2
-3
-4
-6
-4
-3
-2
-1
1
4
7
10
18
28
32
37
44
50
59
59
56
57
59
57
48
36
26
27
21
8
-2
-8
-13
-12
-19
-26
-30
-35
-37
-39
-44
-45
-44
-49
-46
-40
-34
-25
-18
-16
-8
6
12
14
8
1
3
-4
-19
-36
-56
-76
-93
-115
-136
-155
-176
-193
-194
-191
-187
-179
-163
-129
-99
-73
-41
-1
35
71
104
125
146
163
173
179
194
199
190
183
181
176
166
153
140
120
92
76
52
18
-17
-50
-83
-110
-127
-152
-170
-175
-174
-175
-165
-146
-128
-117
-95
-66
-50
-38
-23
-13
-3
13
19
20
31
44
55
70
84
89
99
114
128
130
123
118
113
99
83
64
41
25
6
-15
-25
-26
-34
-40
-35
-29
-20
-8
-2
4
12
20
35
41
53
80
84
105
123
138
167
171
171
178
184
187
175
137
110
102
79
47
17
-24
-52
-52
-77
-88
-98
-124
-120
-120
-121
-115
-120
-128
-117
-112
-101
-81
-86
-88
-74
-62
-56
-58
-100
-114
-116
-150
-179
-223
-259
-261
-264
-287
-280
-233
-199
-159
-121
-66
30
85
111
147
183
225
256
240
214
222
232
223
212
195
184
183
186
183
154
111
100
74
10
-35
-76
-131
-181
-220
-255
-263
-257
-271
-277
-252
-201
-159
-154
-140
-95
-68
-51
-33
-40
-50
-29
-16
-22
-13
0
15
36
56
85
114
135
145
144
145
161
159
118
80
68
56
38
15
-14
-22
-13
1
13
21
38
64
88
118
169
184
198
208
209
242
244
217
197
194
203
209
183
144
149
165
155
143
108
78
69
35
8
-31
-88
-122
-148
-181
-192
-202
-220
-210
-194
-170
-124
-85
-74
-51
-26
5
32
-1
-45
-61
-83
-125
-173
-262
-318
-337
-362
-373
-367
-358
-329
-251
-200
-141
-83
-32
22
49
74
116
139
127
129
121
129
170
184
164
182
219
253
259
241
234
210
162
120
70
-27
-102
-161
-234
-291
-316
-336
-344
-335
-313
-254
-199
-151
-116
-98
-68
-17
-17
-56
-70
-73
-79
-76
-75
-68
-41
-2
59
105
147
201
241
254
272
284
261
231
185
130
87
57
26
-12
-37
-26
6
26
49
130
183
216
276
274
312
330
275
241
221
204
204
142
64
81
117
123
138
139
114
171
184
158
141
64
11
-30
-121
-164
-201
-293
-312
-318
-318
-256
-210
-220
-174
-102
-54
11
-20
-62
-25
-28
-55
-71
-153
-186
-163
-171
-170
-151
-174
-165
-117
-123
-96
-87
-108
-81
-94
-122
-102
-99
-112
-103
-97
-58
18
27
35
94
121
168
213
191
193
206
176
166
141
76
49
15
-32
-57
-94
-131
-138
-168
-201
-184
-181
-185
-188
-216
-198
-164
-174
-180
-177
-171
-141
-122
-124
-104
-81
-59
-14
8
28
76
100
115
144
147
151
157
133
120
115
112
114
104
92
107
126
130
149
164
188
247
271
286
286
290
323
306
268
253
241
246
236
187
166
178
195
188
182
168
160
152
118
97
63
4
-46
-88
-125
-147
-190
-216
-231
-227
-191
-174
-179
-177
-159
-135
-116
-133
-171
-195
-208
-242
-262
-298
-323
-344
-372
-365
-340
-329
-323
-255
-170
-70
-23
25
106
168
202
190
207
252
285
264
218
214
246
268
284
267
268
279
288
290
242
167
90
16
-64
-143
-243
-335
-420
-473
-491
-469
-434
-428
-406
-354
-250
-173
-152
-145
-144
-119
-98
-111
-132
-161
-166
-142
-108
-59
1
63
114
164
224
280
300
270
196
158
131
85
8
-88
-131
-137
-121
-99
-73
-33
27
97
168
226
304
339
364
350
330
388
361
292
255
247
332
391
342
328
361
419
452
424
364
308
243
152
79
-20
-126
-215
-291
-326
-300
-305
-296
-284
-277
-186
-104
-66
-73
-93
-79
-26
-44
-114
-145
-155
-147
-154
-173
-171
-146
-136
-173
-157
-134
-144
-186
-303
-314
-253
-187
-192
-270
-225
-119
-9
5
-19
56
173
259
252
208
242
279
288
288
250
265
269
242
213
176
161
123
38
-42
-116
-136
-193
-309
-389
-433
-386
-378
-414
-437
-391
-303
-266
-271
-264
-238
-205
-203
-239
-230
-214
-186
-187
-178
-96
-15
53
80
99
174
247
268
214
145
132
139
97
17
-42
-48
-28
-12
-8
25
101
162
211
227
280
340
338
323
305
318
362
355
309
308
343
404
437
436
428
444
434
406
364
292
223
136
44
-21
-68
-114
-154
-218
-230
-196
-156
-164
-184
-186
-155
-115
-126
-151
-160
-155
-141
-143
-160
-141
-166
-164
-176
-177
-151
-209
-217
-257
-296
-292
-290
-239
-175
-152
-112
-47
49
106
78
85
132
209
203
147
124
141
185
207
197
208
202
207
214
182
149
60
-35
-120
-183
-248
-317
-395
-453
-469
-431
-372
-342
-335
-313
-241
-189
-177
-204
-236
-254
-269
-269
-272
-268
-247
-214
-152
-74
11
93
128
156
180
200
217
169
95
43
17
15
-6
-18
2
38
78
119
167
205
214
215
209
248
305
323
334
300
341
408
396
395
386
414
477
455
418
409
385
383
328
278
249
217
160
83
26
-19
-57
-109
-157
-171
-168
-164
-169
-187
-152
-109
-78
-72
-77
-49
-19
-10
-48
-91
-95
-104
-131
-180
-255
-255
-266
-316
-343
-365
-309
-247
-220
-143
-97
-35
23
25
34
-14
-4
46
72
96
79
100
172
221
278
309
319
307
255
231
179
100
-16
-150
-225
-285
-327
-371
-435
-454
-453
-410
-353
-347
-351
-359
-341
-302
-297
-302
-309
-317
-302
-268
-208
-164
-143
-122
-92
-33
12
34
32
4
6
31
42
46
29
26
45
56
91
113
106
78
59
70
86
84
68
54
95
217
318
423
468
506
603
595
574
548
503
516
443
346
343
321
336
310
254
269
251
236
163
69
-8
-86
-147
-212
-264
-266
-264
-272
-264
-228
-150
-93
-87
-116
-81
-24
4
-10
-55
-46
-49
-46
-56
-113
-120
-158
-195
-233
-282
-272
-259
-258
-211
-125
-58
-2
21
74
91
92
113
149
208
207
185
189
242
291
330
327
310
289
269
252
190
101
-4
-89
-165
-232
-302
-354
-403
-459
-471
-449
-409
-398
-432
-442
-419
-375
-356
-368
-376
-364
-333
-288
-243
-214
-182
-157
-125
-95
-47
-10
-15
-41
-40
15
35
32
25
26
45
57
68
85
76
40
14
3
38
63
100
103
116
186
248
321
344
360
406
431
455
477
475
497
473
447
458
441
415
334
253
192
138
94
34
-21
-61
-81
-74
-67
-62
-57
-73
-95
-112
-102
-90
-100
-131
-148
-111
-62
-22
4
10
21
20
-9
-46
-115
-179
-208
-280
-345
-372
-356
-297
-252
-142
-35
33
89
119
148
103
60
111
184
226
224
220
311
396
471
526
498
469
394
328
255
156
31
-90
-182
-250
-252
-257
-279
-335
-393
-401
-372
-381
-427
-498
-527
-492
-464
-411
-382
-359
-316
-287
-222
-187
-173
-175
-213
-214
-190
-134
-86
-101
-113
-70
-7
33
15
-17
-43
-63
-57
-43
-26
-40
-38
2
62
133
162
181
202
191
198
212
242
294
310
339
382
444
534
563
552
518
472
468
407
324
233
153
110
63
38
19
-15
-69
-116
-139
-143
-157
-174
-212
-214
-175
-111
-40
-27
-9
6
15
23
9
-6
-52
-112
-137
-132
-120
-130
-166
-174
-201
-208
-138
-31
65
32
-11
15
93
123
82
76
155
307
397
429
407
418
446
465
420
350
294
222
165
95
97
93
43
-40
-104
-112
-140
-218
-326
-409
-448
-443
-440
-436
-440
-414
-357
-337
-306
-282
-269
-289
-338
-342
-314
-274
-270
-269
-248
-195
-125
-96
-113
-158
-181
-186
-197
-231
-239
-215
-173
-136
-99
-32
11
48
54
75
112
140
191
209
230
255
300
360
403
417
411
383
342
329
336
371
358
336
331
359
393
351
272
160
66
-38
-128
-210
-268
-309
-323
-289
-230
-147
-100
-75
-70
-46
-27
-23
-35
-65
-52
-39
-2
16
16
4
-43
-51
-76
-86
-140
-225
-272
-267
-140
18
108
83
61
121
178
108
12
54
185
294
283
310
383
462
512
482
463
390
336
256
161
113
93
77
5
-41
-52
-35
-104
-227
-332
-367
-350
-371
-396
-420
-364
-300
-245
-243
-253
-242
-269
-291
-333
-325
-284
-252
-223
-200
-130
-48
-2
-39
-95
-122
-125
-159
-231
-263
-233
-153
-108
-64
-37
14
74
87
86
66
100
132
160
169
216
276
304
325
315
319
290
266
232
234
250
283
304
303
309
287
267
196
124
45
-32
-93
-153
-174
-175
-161
-161
-156
-144
-124
-118
-131
-129
-119
-109
-101
-82
-66
-28
-17
-12
-49
-91
-106
-107
-125
-184
-195
-199
-168
-151
6
171
213
120
41
106
68
-7
-72
98
276
379
400
416
475
471
496
393
308
200
180
151
127
150
164
169
67
10
-49
-107
-227
-375
-429
-394
-286
-219
-162
-115
-61
-27
-77
-118
-197
-245
-309
-355
-331
-244
-131
-83
-52
-53
15
24
-17
-114
-201
-193
-194
-170
-165
-123
-76
-49
-43
-43
-5
22
31
-2
6
76
145
192
191
244
304
341
338
307
299
278
241
188
188
189
185
121
72
74
74
72
7
-36
-52
-55
-78
-143
-216
-269
-286
-314
-318
-304
-259
-226
-208
-159
-100
-47
-72
-102
-141
-149
-138
-130
-107
-134
-116
-94
-65
-90
-131
-154
-168
-80
53
162
98
37
79
109
77
34
205
405
466
405
372
419
415
391
306
278
253
243
242
239
273
239
156
18
-46
-98
-162
-250
-350
-360
-305
-171
-109
-128
-149
-135
-109
-180
-220
-211
-166
-156
-152
-81
-6
50
29
-2
-48
-50
-29
-45
-108
-134
-61
-28
-56
-105
-75
-28
-56
-77
-24
73
117
116
116
127
128
100
84
93
147
228
270
288
321
372
384
326
241
183
128
55
-8
-19
18
26
10
-34
-67
-97
-183
-302
-423
-454
-428
-403
-383
-339
-257
-208
-209
-243
-243
-222
-222
-251
-271
-244
-213
-173
-151
-104
-87
-95
-113
-150
-172
-202
-83
120
277
249
132
164
206
148
-2
54
321
545
609
540
514
494
472
393
289
238
250
290
264
276
319
310
127
-97
-193
-211
-234
-336
-367
-326
-238
-162
-169
-205
-281
-319
-343
-359
-328
-227
-87
-17
10
46
99
84
-18
-126
-147
-56
55
120
125
159
212
203
111
-4
-31
-20
-13
-1
61
182
270
293
282
278
276
239
160
109
122
189
246
303
366
413
397
288
187
132
145
161
132
88
64
63
12
-118
-264
-368
-437
-481
-499
-465
-429
-435
-484
-511
-497
-488
-517
-555
-534
-439
-319
-237
-187
-195
-205
-213
-223
-242
-282
-283
-257
-198
-70
200
441
436
233
137
202
190
70
35
268
502
611
601
551
462
363
384
409
390
354
418
507
466
327
199
89
-60
-194
-255
-234
-193
-166
-154
-166
-170
-221
-331
-477
-562
-529
-463
-377
-295
-206
-126
-87
-93
-151
-216
-253
-246
-207
-137
-37
49
84
76
67
57
42
15
16
65
160
281
348
335
281
269
283
275
261
301
394
468
500
486
454
400
343
287
226
199
207
245
268
257
239
188
99
-5
-72
-100
-126
-174
-214
-230
-238
-279
-348
-420
-475
-495
-499
-496
-492
-487
-478
-481
-468
-443
-414
-371
-332
-245
-138
-55
-23
-41
-38
-41
-57
-77
-1
164
282
298
261
278
239
113
-22
6
194
324
352
294
267
218
140
124
181
261
232
174
171
210
194
99
24
-20
-49
-99
-106
-68
-37
-16
-16
-19
-96
-214
-295
-306
-283
-274
-247
-200
-139
-104
-74
-63
-112
-175
-218
-220
-209
-189
-130
-75
-63
-82
-93
-120
-176
-198
-149
-85
-66
-40
35
110
117
87
96
124
125
124
187
276
322
309
298
307
270
192
136
168
233
287
342
385
393
339
285
279
251
180
128
136
145
112
84
88
69
15
-54
-58
-43
-104
-182
-249
-256
-264
-257
-247
-245
-228
-255
-259
-229
-184
-151
-146
-144
-119
-76
-21
26
37
30
21
20
6
32
76
97
64
-3
31
69
25
-85
-85
44
117
125
123
178
142
4
-59
11
70
5
-39
24
108
52
-67
-87
-59
-96
-186
-185
-136
-149
-209
-220
-157
-146
-174
-159
-95
-67
-103
-109
-73
-47
-46
-34
-7
-17
-56
-68
-37
-24
-46
-62
-50
-31
-42
-66
-88
-99
-93
-66
-30
-6
8
2
-11
3
32
66
83
88
87
98
116
122
124
125
158
199
221
233
246
257
251
250
274
309
305
259
241
249
254
220
186
175
172
168
129
72
8
-29
-31
-32
-62
-75
-56
-45
-65
-94
-102
-123
-159
-174
-150
-103
-94
-128
-159
-150
-110
-85
-95
-105
-94
-81
-63
-59
-54
-52
-64
-68
-56
-9
30
61
67
48
30
19
22
27
36
40
38
37
40
39
-5
-60
-83
-70
-84
-133
-159
-171
-176
-206
-202
-157
-147
-163
-164
-124
-103
-122
-141
-124
-105
-103
-83
-48
-24
-44
-53
-50
-65
-96
-112
-99
-92
-95
-90
-79
-70
-57
-36
-18
-17
-24
-23
-27
-23
6
55
74
52
51
82
120
124
121
145
176
182
174
181
190
180
160
156
173
196
201
202
182
157
150
158
167
153
128
104
105
99
70
62
61
40
15
20
39
38
12
2
22
25
-6
-18
10
24
-15
-71
-68
-29
-8
-12
-41
-56
-50
-43
-60
-98
-99
-73
-67
-69
-69
-18
29
31
27
31
58
65
51
48
49
45
52
65
63
25
-16
-25
-17
-20
-43
-73
-82
-107
-144
-167
-141
-94
-103
-140
-148
-106
-80
-93
-109
-115
-110
-106
-69
-19
-11
-45
-75
-71
-60
-69
-92
-112
-131
-134
-104
-68
-56
-69
-76
-76
-78
-79
-57
-35
-42
-39
-29
-2
15
16
13
12
16
6
32
65
67
70
72
81
95
106
113
106
84
33
42
78
86
100
92
102
105
98
111
147
132
76
81
110
114
106
105
86
86
96
123
162
155
121
97
94
86
56
55
69
69
65
67
74
73
55
33
19
23
18
-3
-50
-94
-93
-75
-70
-79
-35
42
83
62
18
5
1
-9
-12
0
7
-7
-19
-6
-11
-51
-100
-124
-115
-107
-99
-80
-87
-115
-140
-132
-116
-129
-143
-120
-63
-26
-11
1
0
-32
-65
-56
-41
-56
-73
-48
-3
12
10
17
12
-24
-41
-43
-50
-75
-104
-79
-31
-5
-22
-40
-40
-46
-39
-31
-49
-88
-91
-76
-73
-67
-68
-87
-113
-101
-71
-37
-24
-53
-74
-49
-20
-41
-68
-58
-34
-15
27
61
70
83
64
75
81
50
55
41
67
92
121
171
180
218
199
200
199
134
118
90
116
136
138
139
136
166
173
195
162
107
78
39
13
-25
-38
-33
-13
18
29
16
8
8
-10
-44
-45
-11
1
-7
-32
-40
-25
-33
-47
-24
-4
-22
-51
-60
-51
-90
-151
-174
-164
-140
-125
-84
-37
-23
-43
-53
-34
-28
-48
-58
-37
-7
11
17
23
21
11
6
11
7
-6
-13
-2
5
-14
-38
-36
-33
-33
-17
-13
-19
-48
-55
-54
-86
-98
-123
-123
-118
-119
-108
-105
-96
-130
-142
-91
-79
-85
-106
-107
-102
-133
-130
-121
-86
-54
-6
47
59
43
17
35
39
25
40
68
136
108
86
114
129
169
119
172
226
220
206
178
167
168
200
209
212
165
247
248
173
176
186
148
58
57
61
84
65
45
42
96
70
12
9
-11
-7
-41
-5
30
17
-54
-96
-67
-50
-63
-93
-18
52
13
-47
-64
-80
-138
-187
-149
-65
-36
-51
-27
3
-31
-99
-114
-71
-33
-27
-17
16
1
-23
-22
-15
-2
0
13
48
69
47
0
-49
-89
-106
-85
-45
-28
-50
-57
-45
-51
-99
-133
-129
-157
-118
-51
-91
-129
-137
-173
-187
-185
-173
-130
-70
-61
-96
-83
-104
-149
-190
-172
-88
-47
5
11
-8
-26
-39
-34
-6
55
78
130
167
118
126
90
-41
54
154
113
198
227
168
131
143
121
57
78
115
229
265
159
183
199
119
57
85
143
118
93
76
92
106
68
2
-7
75
97
40
6
46
37
-11
-39
-75
-64
-72
-100
-12
53
-19
-105
-122
-80
-91
-150
-162
-71
1
-21
-66
-100
-127
-179
-168
-64
78
111
66
86
106
80
-5
-69
-6
91
122
164
207
164
62
-2
17
34
18
27
94
129
72
-17
-84
-118
-139
-113
-51
-4
-31
-83
-104
-141
-190
-248
-266
-245
-197
-149
-115
-113
-212
-286
-286
-234
-190
-188
-147
-118
-103
-92
-107
-125
-155
-143
-7
89
107
86
44
-3
-60
-47
-2
65
107
186
224
202
170
74
31
15
128
239
221
236
229
175
131
111
99
95
100
134
282
278
108
79
84
85
42
54
87
67
98
29
29
18
-17
-53
-68
50
68
16
-86
-145
-129
-114
-157
-201
-138
-33
16
11
-90
-215
-191
-168
-200
-229
-56
147
150
75
19
48
-37
-112
-5
198
303
227
225
299
277
106
7
74
183
233
244
295
243
100
-24
-47
7
-35
-27
70
179
162
12
-98
-182
-224
-242
-171
-66
-57
-107
-165
-176
-219
-304
-342
-304
-232
-176
-137
-158
-233
-312
-337
-293
-214
-143
-86
-35
-3
14
-22
-89
-137
-133
-16
132
222
209
133
95
68
42
54
113
166
178
227
287
228
81
-40
-39
74
149
191
194
170
183
64
1
12
-20
27
76
162
223
142
-9
-87
-44
50
85
-20
-13
108
23
-140
-189
-191
-183
-142
-102
-65
-21
-167
-345
-365
-375
-276
-153
-61
49
-1
-51
-88
-154
-273
-282
40
298
423
302
172
181
78
61
144
288
356
368
432
491
400
110
-85
-8
155
227
208
146
77
-28
-132
-119
-162
-252
-222
-83
63
26
-143
-311
-355
-326
-299
-194
-156
-180
-176
-172
-139
-169
-285
-353
-308
-164
-19
18
-61
-147
-141
-87
-57
-15
21
76
114
170
253
185
50
-44
36
222
307
304
242
230
218
190
194
145
118
124
200
288
255
146
10
-24
45
121
147
91
37
2
-11
-7
-31
-85
-114
-38
78
104
-4
-136
-150
-110
-78
-51
-80
-152
-221
-215
-162
-171
-253
-292
-264
-201
-223
-330
-436
-413
-147
56
109
-40
-106
-16
1
-90
-161
191
529
620
498
388
375
182
72
201
505
591
463
447
490
377
26
-230
-168
42
121
56
-25
-117
-273
-456
-470
-395
-375
-391
-299
-124
-129
-287
-453
-452
-336
-250
-167
-78
-28
-74
-96
-70
-55
-90
-153
-91
55
191
212
92
-12
-40
-20
23
76
158
204
164
160
184
149
-2
-132
-3
218
333
296
212
154
98
99
106
133
143
181
278
331
302
160
33
-3
62
164
173
100
2
-45
-56
-88
-137
-198
-205
-164
-110
-121
-244
-371
-408
-368
-324
-320
-329
-380
-392
-357
-297
-280
-346
-398
-375
-323
-264
-3
265
346
152
99
291
309
39
-128
404
968
1087
787
583
571
337
212
342
617
571
399
450
546
373
-183
-543
-435
-179
-106
-245
-380
-467
-535
-538
-474
-448
-567
-641
-453
-172
-95
-238
-377
-296
-136
-17
71
76
58
73
176
262
253
142
49
79
141
240
203
-8
-201
-217
-44
84
67
-40
-105
-60
9
40
-34
-139
-95
84
276
310
219
141
152
284
408
427
308
236
306
390
417
305
164
82
62
83
65
-41
-222
-280
-232
-236
-329
-474
-543
-551
-502
-457
-468
-524
-596
-555
-452
-374
-408
-447
-387
-313
-217
-213
-271
-393
-393
22
530
750
482
292
461
507
225
-46
346
910
1152
1052
858
666
246
22
102
401
471
293
275
333
311
-67
-544
-697
-517
-307
-341
-410
-379
-340
-346
-348
-283
-346
-497
-406
-74
250
280
145
112
149
206
178
148
126
142
251
302
305
223
72
-81
-154
-71
-63
-212
-400
-370
-128
-26
-98
-220
-212
-135
-77
18
108
200
220
295
452
550
519
374
334
442
580
556
443
393
368
308
182
79
-21
-151
-255
-289
-294
-381
-504
-574
-575
-570
-587
-598
-630
-614
-540
-449
-387
-395
-391
-352
-294
-271
-276
-258
-197
-149
-164
-178
-215
-252
-52
359
617
462
229
286
333
71
-207
164
800
1032
805
551
477
254
46
30
236
334
273
251
274
250
-55
-415
-526
-342
-182
-262
-354
-280
-96
-48
-110
-154
-214
-237
-131
111
270
204
116
155
237
230
127
-21
-153
-157
-65
13
25
-17
-62
-159
-289
-363
-410
-471
-509
-376
-135
16
24
-24
-5
58
118
165
209
318
485
671
754
731
637
486
407
385
419
406
350
325
340
271
14
-220
-342
-353
-407
-463
-442
-445
-460
-502
-480
-478
-520
-499
-408
-254
-174
-140
-108
-107
-103
-99
-69
-95
-151
-146
-105
-98
-183
-254
-311
-417
-466
-217
198
331
105
-16
158
180
-151
-363
66
683
933
809
624
495
312
212
238
395
428
378
373
451
481
150
-295
-472
-280
-138
-267
-360
-222
-18
-32
-106
-162
-252
-268
-157
72
188
167
136
162
252
295
196
-49
-203
-83
107
114
-18
-57
-49
-153
-296
-321
-305
-418
-504
-377
-161
-73
-139
-122
21
120
93
51
114
243
400
514
602
636
542
358
281
358
415
337
201
216
279
202
-4
-181
-229
-278
-342
-375
-380
-411
-458
-426
-354
-324
-359
-395
-355
-263
-162
-95
-90
-111
-114
-94
-96
-179
-245
-249
-219
-225
-279
-316
-377
-495
-597
-400
41
321
244
80
171
198
-91
-327
20
707
1059
965
754
639
467
264
177
289
407
389
363
438
499
227
-229
-453
-346
-265
-395
-459
-297
-87
-18
-22
-61
-158
-184
-78
65
139
198
304
391
420
396
281
48
-110
-44
84
51
-77
-105
-82
-173
-352
-443
-473
-572
-660
-594
-406
-279
-232
-159
-22
79
68
27
69
242
447
594
704
789
782
623
452
385
384
356
317
323
309
210
49
-88
-209
-336
-438
-486
-472
-445
-424
-402
-374
-338
-321
-314
-298
-256
-175
-63
36
82
63
32
4
-37
-89
-144
-217
-290
-289
-245
-272
-438
-655
-746
-556
-188
73
86
-39
-21
24
-128
-321
-138
424
851
899
713
563
419
249
176
246
339
319
297
377
445
266
-103
-354
-362
-321
-380
-403
-275
-98
-19
7
40
36
-25
-57
35
179
277
326
389
449
403
272
138
65
9
-67
-128
-147
-125
-143
-206
-318
-437
-522
-614
-655
-623
-509
-370
-258
-130
17
102
65
38
156
352
486
542
658
804
821
691
538
442
382
339
334
329
232
64
-68
-124
-182
-262
-354
-431
-452
-394
-292
-244
-251
-228
-136
-62
-32
-7
39
94
144
224
265
223
159
148
134
-4
-194
-312
-337
-347
-395
-497
-651
-749
-756
-595
-278
-20
7
-134
-125
-18
-89
-260
-71
536
934
869
639
590
566
389
253
318
442
378
253
265
331
204
-153
-428
-466
-447
-488
-514
-413
-242
-112
-41
-34
-79
-111
-58
32
119
220
307
359
383
389
326
155
-10
-58
-82
-165
-211
-132
-50
-121
-289
-414
-508
-613
-665
-613
-514
-413
-291
-113
27
50
23
77
215
345
414
470
593
717
741
652
530
424
349
291
232
172
106
40
-43
-109
-158
-232
-346
-407
-365
-273
-215
-203
-165
-88
-9
27
34
59
128
206
238
236
241
266
258
203
104
-39
-196
-346
-447
-491
-518
-585
-696
-758
-753
-725
-568
-234
27
-3
-113
-5
128
14
-103
197
712
942
847
714
670
582
450
368
348
308
232
217
261
231
-19
-363
-518
-510
-565
-684
-634
-395
-203
-146
-97
-15
-26
-79
-50
55
162
248
359
476
509
426
267
83
-16
-32
-56
-101
-107
-53
-57
-178
-357
-499
-598
-688
-688
-581
-446
-341
-242
-131
-32
35
90
153
228
337
467
581
658
699
707
670
582
452
325
236
172
122
78
45
-20
-97
-136
-182
-292
-382
-350
-246
-176
-142
-67
2
4
2
53
120
136
130
181
282
330
298
231
152
47
-98
-266
-429
-516
-499
-473
-525
-625
-646
-636
-708
-747
-496
-90
86
25
59
254
232
-32
-37
408
848
922
802
753
717
542
327
249
291
267
138
87
192
196
-127
-504
-587
-481
-530
-672
-606
-354
-166
-138
-127
-84
-55
-38
2
95
186
248
286
332
396
374
257
123
78
60
-21
-117
-143
-93
-98
-211
-354
-453
-517
-585
-610
-548
-434
-325
-219
-103
10
102
148
165
211
320
440
501
553
643
703
659
566
479
355
191
84
116
193
187
94
-1
-63
-119
-188
-237
-228
-179
-108
-44
-15
-22
-51
-75
-72
-31
35
101
135
149
147
123
74
-14
-102
-164
-221
-319
-411
-433
-413
-428
-494
-516
-537
-620
-677
-497
-97
183
180
78
152
223
66
-98
94
586
903
885
736
624
475
268
161
199
264
231
214
289
304
68
-323
-540
-528
-477
-523
-525
-407
-290
-211
-144
-71
-96
-169
-153
-32
83
104
137
243
387
422
302
140
26
-13
-48
-71
-55
-33
-71
-150
-215
-295
-448
-639
-710
-591
-417
-321
-285
-216
-136
-113
-104
-47
45
125
213
350
517
625
624
564
547
575
530
377
252
276
359
357
278
198
114
0
-90
-113
-128
-178
-195
-141
-113
-174
-262
-285
-237
-199
-180
-142
-62
6
34
60
91
76
-7
-38
12
18
-86
-199
-214
-208
-257
-325
-333
-336
-411
-487
-501
-370
-118
61
45
-52
2
82
-47
-195
-13
449
730
714
594
508
427
323
325
400
459
417
378
427
416
192
-181
-352
-296
-266
-368
-407
-262
-163
-199
-261
-251
-296
-385
-352
-185
-32
-20
-2
99
227
270
197
79
-4
6
40
83
115
142
101
-11
-112
-184
-277
-427
-491
-423
-308
-286
-314
-290
-250
-229
-226
-163
-76
19
147
290
394
440
511
591
648
637
578
497
433
453
537
605
556
419
286
204
129
6
-112
-162
-172
-191
-220
-266
-353
-452
-481
-400
-288
-234
-220
-184
-125
-76
-59
-36
12
42
40
36
60
51
-11
-79
-105
-114
-187
-291
-388
-432
-470
-472
-282
-64
-23
-184
-229
-130
-217
-403
-341
117
473
548
541
556
510
332
291
344
396
387
413
517
543
427
102
-171
-288
-281
-319
-384
-320
-264
-249
-318
-345
-445
-592
-604
-446
-230
-164
-113
-31
101
163
134
68
-24
-21
29
145
218
248
211
108
26
-44
-120
-303
-419
-384
-255
-204
-240
-236
-242
-258
-277
-181
-85
-30
37
187
405
519
557
526
532
570
624
646
618
623
648
700
671
586
449
319
221
105
-6
-108
-134
-152
-193
-265
-333
-384
-437
-455
-450
-408
-350
-275
-215
-157
-70
25
84
97
125
150
136
107
101
91
25
-37
-24
-32
-164
-334
-402
-422
-479
-467
-282
-134
-196
-321
-298
-218
-287
-315
-117
220
425
477
472
401
322
294
376
441
460
458
467
495
437
260
-25
-181
-165
-121
-176
-301
-355
-391
-406
-426
-439
-524
-610
-535
-336
-161
-163
-185
-156
-80
-40
-50
-64
-88
-36
74
191
186
81
-23
-76
-92
-121
-137
-177
-197
-187
-126
-68
-75
-97
-107
-54
19
99
151
180
233
317
429
497
499
447
425
474
540
570
555
535
503
441
372
322
254
168
125
128
104
-6
-135
-228
-280
-314
-329
-329
-332
-307
-259
-209
-202
-210
-190
-139
-45
26
51
31
0
-11
6
51
50
-12
-87
-120
-142
-219
-302
-336
-352
-389
-384
-277
-141
-133
-190
-173
-76
-47
-133
-148
15
270
407
449
445
411
361
292
297
341
388
387
388
405
338
158
-98
-217
-208
-186
-246
-336
-359
-352
-325
-347
-370
-415
-420
-360
-263
-173
-156
-158
-180
-153
-96
-44
-63
-141
-145
-79
-20
-44
-76
-67
-48
-64
-71
-38
-28
-56
-59
10
97
128
115
133
193
255
261
228
227
277
335
364
405
428
404
365
370
417
408
340
284
293
306
277
220
158
106
58
14
-27
-68
-110
-152
-186
-186
-160
-157
-190
-217
-210
-196
-203
-204
-185
-144
-103
-73
-55
-53
-57
-73
-93
-107
-99
-90
-107
-115
-112
-120
-155
-185
-199
-218
-210
-182
-142
-123
-112
-60
-16
3
-6
10
42
68
121
202
298
330
311
284
275
246
176
127
122
154
135
90
66
42
-29
-132
-174
-182
-184
-193
-168
-139
-147
-165
-177
-182
-206
-217
-219
-197
-154
-108
-82
-110
-145
-165
-163
-172
-181
-161
-106
-56
-47
-40
-31
-33
-57
-51
-1
54
90
124
175
195
192
180
178
191
209
248
295
333
338
323
317
321
301
252
246
287
306
259
213
207
182
105
40
45
54
28
-11
-37
-73
-131
-171
-172
-159
-146
-131
-138
-147
-137
-151
-176
-177
-157
-109
-75
-97
-98
-64
-71
-90
-74
-63
-62
-49
-61
-77
-59
-47
-48
-36
-41
-85
-108
-117
-123
-108
-66
-8
12
3
0
4
-14
-41
-37
-14
5
11
23
22
-18
-54
-37
-13
-24
-33
-8
30
37
24
6
-17
-50
-46
-12
-6
-16
-31
-17
15
18
-6
-31
-40
-53
-61
-71
-72
-66
-66
-57
-45
-59
-105
-126
-121
-115
-104
-97
-93
-97
-80
-46
-15
-11
-7
31
73
103
105
95
97
110
137
162
192
225
247
257
273
286
258
218
209
209
188
172
174
157
108
65
69
52
-1
-28
-34
1
9
-8
-1
8
-26
-33
23
-28
-45
-4
29
84
78
84
49
8
-14
-41
-19
3
-10
-26
21
40
-65
-132
-110
-121
-101
-52
-70
-43
20
7
1
37
91
93
74
126
188
180
115
124
148
130
103
69
100
24
-81
-60
-67
-152
-209
-177
-187
-223
-279
-353
-364
-374
-366
-281
-214
-238
-235
-192
-156
-167
-199
-148
-80
-41
17
67
53
5
-3
6
28
33
17
15
-9
-10
-4
-44
-92
-98
-73
-59
-52
-52
-46
-53
-69
-48
-22
-25
2
35
62
105
134
155
170
184
217
216
210
179
121
91
98
144
88
41
34
-36
-55
-67
-85
-59
-64
-66
-80
-80
-43
-38
-43
-50
54
76
62
98
78
129
112
86
141
193
167
105
185
182
142
141
107
120
119
110
31
34
117
102
40
56
116
104
97
123
128
197
114
83
168
142
156
88
137
94
77
59
-4
-23
-76
-4
-36
-106
-129
-124
-187
-224
-229
-224
-182
-178
-208
-138
-117
-153
-160
-188
-132
-120
-88
-125
-84
-11
-74
-92
-70
-58
-136
-191
-165
-105
-78
-118
-135
-133
-113
-135
-177
-183
-203
-158
-100
-79
-67
-67
-80
-93
-60
-30
-26
-20
-7
45
95
98
59
9
-6
33
58
0
-9
20
4
1
-37
-88
-134
-159
-131
-107
-75
-75
-97
-77
-42
8
-56
-45
37
4
39
86
125
75
75
135
158
182
154
203
184
200
198
159
197
135
102
114
192
158
98
112
125
191
198
186
165
194
244
249
209
202
235
255
289
253
214
234
198
115
83
127
101
19
-24
6
47
-58
-146
-80
-85
-174
-157
-94
-112
-99
-78
-109
-26
3
-80
-96
-21
56
18
3
48
73
33
-24
21
18
23
-29
-34
98
37
-32
-46
-60
-66
-100
-139
-156
-53
-59
-150
-132
-33
-80
-233
-196
-112
-66
-190
-199
-60
-92
-162
-213
-189
-122
-140
-213
-262
-145
-121
-276
-302
-193
-200
-255
-197
-193
-174
-183
-191
-191
-149
-169
-200
-107
-96
-97
-81
-70
-48
-33
-56
-24
23
21
88
88
40
86
131
79
22
95
106
69
126
74
127
221
166
137
151
242
171
167
217
170
291
312
273
236
273
255
157
255
209
186
208
197
147
75
92
47
92
13
-69
82
82
-9
-63
-2
57
-33
-71
-17
66
-5
-12
64
34
21
55
79
45
48
79
30
101
125
14
86
113
163
97
16
126
125
74
36
70
64
32
45
60
41
-18
-26
10
5
-29
-73
-107
-64
-67
-122
-111
-126
-151
-168
-223
-207
-220
-258
-222
-186
-264
-260
-147
-192
-300
-248
-199
-203
-154
-258
-237
-121
-119
-221
-250
-112
-187
-160
-167
-208
-85
-123
-114
-133
-144
-108
-71
-25
-97
-112
-9
-2
-63
-72
-61
37
69
-2
38
67
70
80
17
108
147
139
192
192
188
126
202
215
105
160
190
213
176
103
144
163
148
5
69
212
99
23
78
112
92
84
105
46
80
110
45
95
103
121
117
92
117
118
85
85
54
109
177
140
98
64
127
145
55
29
88
131
75
50
110
94
34
24
7
38
24
30
87
32
52
14
-22
-14
1
-25
-58
33
-18
-95
-33
-56
-96
-111
-137
-72
-123
-182
-102
-110
-186
-194
-152
-126
-171
-186
-201
-203
-140
-165
-206
-216
-190
-169
-175
-107
-180
-268
-120
-66
-149
-170
-128
-59
-95
-177
-109
-24
-48
-151
-119
44
20
-57
-123
-37
71
6
-22
-39
51
68
-29
3
95
145
32
29
140
136
91
-16
49
136
117
74
83
166
111
-2
94
169
72
57
64
53
104
122
12
23
142
118
6
80
94
53
13
29
163
57
24
80
84
69
34
73
86
69
49
58
127
134
81
53
66
103
106
92
27
46
182
107
25
80
115
48
2
97
48
-20
25
18
-9
28
10
-13
-58
-64
-60
-110
-39
-47
-100
-98
-62
-55
-147
-167
-147
-146
-91
-93
-115
-98
-119
-174
-160
-97
-60
-157
-179
-44
-19
-116
-144
-86
-120
-61
-16
-57
-131
-132
-36
-65
-121
-53
-34
-108
-95
-49
-47
-42
-15
-112
-50
80
29
16
-3
-13
97
179
40
48
157
42
36
176
195
68
8
118
171
89
63
23
21
32
58
45
-54
44
-4
-50
32
-35
-7
-66
-72
23
25
15
-38
-18
31
13
30
74
15
13
24
61
117
76
108
47
67
134
99
80
-43
38
218
125
20
126
112
6
43
99
149
120
32
21
123
186
40
-62
32
132
112
-24
-21
81
13
-48
20
22
-26
-76
-92
-58
-60
-65
-90
-185
-140
-80
-146
-195
-210
-181
-175
-118
-136
-130
-157
-194
-115
-158
-96
-98
-164
-122
-1
21
-183
-124
-3
-70
-79
-77
-16
-48
-121
-38
-11
5
-8
-88
24
24
-18
-46
-33
125
47
9
63
134
96
6
27
122
159
70
14
84
183
97
32
83
71
9
34
32
17
15
31
-20
3
23
-105
-22
17
-73
-43
42
25
-29
-41
-28
23
85
-7
-85
82
144
60
40
79
65
69
69
18
90
85
48
138
86
89
67
25
25
70
62
31
152
105
42
34
71
87
68
57
41
96
144
71
58
31
58
101
51
40
-23
24
32
-43
-25
-4
-74
-86
-22
-75
-173
-102
-52
-160
-154
-121
-107
-66
-132
-174
-108
-129
-151
-115
-123
-84
-30
-53
-67
-100
-136
-28
-78
-135
-6
50
-31
-91
-61
-55
-35
-30
-63
-33
-12
-8
47
-71
-86
71
-6
-43
45
16
-13
-43
-1
38
12
41
-2
2
6
31
30
-130
-54
74
28
-24
-35
-3
-64
-21
-34
-48
28
-7
40
7
14
-22
-4
4
-19
10
40
148
48
39
-4
76
120
-42
54
143
93
71
52
53
61
115
79
19
212
121
40
86
81
155
104
112
103
124
125
72
131
106
62
88
142
119
14
11
35
99
41
1
12
14
68
-68
-68
-45
-16
-28
-106
-27
-21
-90
-107
-56
-48
-77
-93
-22
15
-44
-61
-71
-45
-35
-49
-65
-37
89
19
-122
-43
-4
-33
-36
-67
-44
29
-46
-119
-96
-37
-45
-91
-58
-12
-26
-125
-48
-20
-90
-37
-8
-71
-58
-30
-42
-46
-83
-68
14
3
-74
-88
-70
-24
-27
-132
-89
12
-75
-59
-71
-100
-57
-31
-97
-63
-3
-61
-36
-37
6
-24
-29
-13
-40
-1
11
49
-23
-55
72
79
4
-30
28
134
62
-11
41
114
95
14
71
75
54
75
71
105
100
76
82
99
80
38
45
115
123
28
64
93
49
29
45
19
39
95
26
26
48
28
51
34
-21
28
71
-4
-8
60
65
13
58
68
-9
52
73
13
4
70
96
46
37
48
47
53
61
34
14
82
39
-36
35
77
61
-37
18
102
30
0
-44
8
23
20
-40
-85
68
22
-111
-50
-9
-12
-89
-117
-49
-46
-80
-148
-65
-15
-87
-126
-110
-55
-54
-140
-159
-66
-62
-101
-130
-131
-58
-75
-123
-113
-61
-106
-170
-77
-35
-69
-114
-107
-31
-42
-83
-106
-77
20
-10
-107
-18
57
-55
-131
-23
54
-10
-30
-65
48
80
-42
-70
-31
27
1
-10
9
67
19
-39
-63
-20
71
-26
-50
31
80
43
6
-65
-53
61
34
4
15
54
39
15
42
52
-11
-4
106
124
30
19
89
73
68
61
103
158
76
7
85
174
144
64
61
221
184
51
67
107
153
107
123
141
189
191
34
61
121
142
107
51
126
162
123
53
50
30
-18
50
50
59
83
-15
-18
-1
1
-30
-86
-61
-19
-2
-66
-88
-63
-85
-72
-52
-62
-78
-116
-103
-76
-89
-56
-42
-95
-69
-89
-92
-52
-80
-107
-103
19
6
-99
-76
-75
-67
-37
-81
-62
-51
-43
-38
-36
-29
-103
-87
-66
-70
-23
-6
-36
-84
-100
-40
-27
-101
-118
-6
-29
-92
-31
-74
-95
-64
-82
-56
-6
-57
-92
-90
-67
-17
-35
-110
-73
51
-40
-152
-21
24
-58
-76
-16
67
0
-36
-32
32
89
-7
-13
32
93
86
16
61
142
90
54
61
103
179
88
61
116
174
147
73
106
140
157
111
94
109
109
125
106
111
117
82
62
100
101
51
31
76
113
52
-18
38
98
25
-32
-44
57
67
-43
-27
23
8
-37
-12
-10
-55
-32
-18
10
-29
-74
-12
-23
-37
-37
-66
-60
4
-37
-61
-63
-7
30
-89
-56
-20
-9
-63
-41
18
-92
-66
21
-16
-89
-68
-1
-31
-74
-61
-52
-64
-32
-30
-106
-80
-3
-70
-105
-83
-99
-36
-29
-99
-137
-51
-54
-109
-121
-95
-21
-104
-138
-66
-55
-75
-80
-84
-57
-51
-59
-72
-20
14
-37
-24
37
-5
-26
-22
61
89
-21
34
91
59
-5
40
138
68
68
101
76
88
80
98
61
116
180
101
24
137
189
35
56
138
151
100
104
105
102
124
81
73
64
81
106
54
33
85
53
16
17
22
33
-7
4
12
-3
-10
5
-13
-27
-11
-5
-15
-51
-6
-16
-1
-46
-42
31
-50
-25
-37
6
-5
-51
-3
-31
10
-3
-19
-29
0
35
-31
-70
-4
43
-1
-20
-58
28
16
-81
-37
-13
-4
-35
-32
-12
-28
-52
-91
-16
-25
-116
-53
-26
-64
-79
-79
-81
-72
-72
-94
-84
-57
-42
-105
-83
-46
-41
-28
-80
-41
15
-25
-78
-36
0
-15
6
-14
-46
23
24
-37
-20
-8
39
49
-14
-16
59
82
-6
-16
43
69
30
2
79
93
53
35
85
66
68
78
37
114
143
76
31
103
102
58
79
87
99
55
19
25
80
67
-27
7
94
67
-41
-29
24
-12
-1
-1
-22
-9
15
-40
-60
-15
-20
-21
-20
-60
-19
5
-31
-35
-61
-14
-28
-27
-26
-5
0
-72
-24
11
-18
-33
-32
-13
9
-13
-48
-34
-3
-21
-56
-20
33
-18
-104
-51
39
-41
-89
-38
15
-12
-86
-29
-13
-54
-93
-86
-9
-31
-44
-54
-80
-30
-60
-57
-10
-42
-42
-55
-2
-27
-79
-15
-56
-14
8
-38
-49
-31
-14
-27
-12
-6
22
-29
-46
37
27
-21
-10
4
18
32
40
-3
-8
4
59
93
-11
15
82
63
3
16
71
78
75
31
88
86
9
59
60
41
91
92
46
81
45
15
95
86
42
33
24
62
98
9
-17
65
108
48
-12
17
64
-8
-23
72
54
11
-12
42
44
-13
-22
-20
35
24
18
23
-18
41
40
-50
-28
16
19
4
8
51
30
-31
-30
18
-10
-41
-7
32
3
-3
1
-23
-5
-69
-32
-25
-47
7
-18
-38
-39
-35
-59
-87
-71
-23
-10
-55
-80
-13
-65
-118
-42
-51
-48
-4
-15
-102
-66
-33
-58
-53
-59
9
-5
-2
-35
-57
-40
-53
-20
-2
27
-23
-11
38
-32
-82
-18
36
-15
-18
18
29
-32
-9
-14
-31
46
11
-6
7
33
-24
-35
36
18
11
38
14
33
0
-23
45
28
23
9
56
58
15
15
15
65
36
6
32
54
52
7
39
76
31
-43
-28
71
61
21
13
1
70
65
-67
-23
69
38
31
48
35
51
9
-66
38
110
-27
-39
91
54
28
-14
-17
40
-1
-5
43
69
26
14
-16
22
25
-58
5
58
25
-31
-28
21
18
-51
-50
9
9
-21
-38
10
-25
-15
0
-64
-1
-24
-44
-13
-27
-20
-25
1
-47
-54
-21
-14
-51
-87
-21
1
-36
-32
-16
-22
-52
-55
-75
-42
-15
-50
15
-27
-38
-40
-88
-58
-45
-59
-29
4
-9
-57
-60
-47
-61
-56
-40
8
-39
-17
13
-32
-73
-72
-10
-42
8
-24
-13
40
-29
-14
-50
-10
-17
-30
13
60
60
-51
-5
25
-1
-12
-22
55
66
30
23
16
0
-2
15
41
79
43
30
55
63
-3
-17
77
97
80
19
63
114
17
-23
52
89
62
75
65
55
57
51
25
27
108
60
1
114
119
25
-43
46
132
35
-2
37
113
86
-32
-8
76
55
10
-1
54
47
13
14
-25
4
35
16
-5
23
-15
-33
-10
-7
16
-37
-42
-10
8
-41
-77
-26
-47
-14
-35
-79
-35
-32
-58
-57
-44
-83
-65
-39
-60
-67
-74
-68
-36
-41
-54
-92
-80
-41
-35
-87
-106
-14
-27
-80
-102
-42
-26
-75
-115
-43
41
-71
-84
-41
-20
-41
-90
-43
8
-14
-22
-5
-51
-19
-9
-60
13
57
-16
-23
36
61
-9
-64
13
99
50
-41
74
81
3
29
38
64
76
36
31
90
55
63
67
67
75
40
70
66
64
61
48
103
89
70
40
36
86
71
76
57
68
50
37
80
79
37
51
80
50
15
39
50
40
50
48
72
44
-17
-20
33
55
28
30
48
8
-34
1
14
-16
13
23
14
5
8
-31
-86
6
7
-42
-3
-6
-25
-29
-34
-50
-53
-53
-19
-53
-61
-11
-45
-80
-67
-71
-66
-69
-119
-75
-38
-75
-93
-82
-63
-84
-96
-120
-89
-53
-115
-92
-46
-70
-111
-89
-54
-74
-75
-108
-55
-41
-90
-76
-30
1
-69
-57
-21
-49
-82
-91
-19
43
14
-37
-5
30
-38
-79
-46
52
60
-2
54
60
38
-23
-40
41
53
67
44
27
68
45
41
37
30
44
29
66
67
30
30
66
59
8
63
67
25
46
43
56
71
17
43
74
56
65
54
72
45
26
34
88
87
45
76
69
74
46
14
51
73
56
45
66
80
44
19
51
51
27
22
49
50
15
23
48
32
22
3
3
47
-19
9
24
-27
1
-18
14
7
-36
-78
-49
11
-70
-50
-19
-77
-56
-64
-56
-65
-101
-74
-57
-59
-72
-81
-93
-68
-37
-95
-112
-49
-49
-91
-67
-37
-57
-66
-78
-63
-47
-69
-54
-8
-22
-52
-31
-54
-59
-22
-42
-36
-12
2
-5
-18
-22
-43
-38
-10
10
-1
16
19
-4
-6
-18
-12
15
23
29
45
17
-14
17
18
6
33
31
45
42
30
-1
-3
31
57
74
32
40
68
45
-2
32
65
51
78
58
77
81
18
19
83
86
54
95
101
89
65
18
52
105
90
55
76
86
72
64
40
52
54
55
63
58
65
38
3
32
52
22
-4
-12
45
27
-4
17
0
-28
-65
-47
-23
3
-14
-32
-25
-42
-64
-94
-65
-53
-27
-13
-55
-48
-85
-89
-48
-57
-50
-31
-36
-68
-62
-65
-80
-23
-34
-74
-29
-5
-43
-85
-65
-30
-28
-27
-28
-31
-21
-21
-52
-76
-41
-16
-24
-13
-13
-15
-34
-70
-51
-9
-22
-33
26
-14
-50
-20
-42
-56
-28
-3
-1
-14
-21
-13
-48
-49
-14
19
-25
-28
0
-24
-29
-8
13
-14
35
14
-14
-11
-13
27
26
49
57
39
23
37
32
9
24
74
100
67
44
43
62
50
26
56
80
72
55
34
41
55
44
50
68
68
26
16
24
30
23
30
60
61
37
-10
12
17
-6
-12
33
65
1
-9
-12
-5
-3
-42
-11
18
-26
-30
-21
-13
-21
-43
-14
-5
-20
-46
-42
-9
-16
-38
-14
7
-26
-32
-11
-6
-13
-9
-18
-35
-15
-2
-21
-14
1
-16
-27
-24
-32
-29
-10
-30
-17
-23
-47
2
8
-56
-62
-4
-6
-5
-24
-21
-1
-22
-28
-22
-2
-25
-13
-6
-23
5
-19
-44
11
-6
-21
10
-10
6
5
-18
-18
9
26
-10
-1
30
24
-13
0
35
30
14
38
55
9
12
19
30
46
33
42
23
8
15
14
7
14
37
18
32
27
-28
-6
25
7
-3
4
28
4
-34
-6
22
7
-11
8
-1
-31
-23
-9
11
3
0
19
7
-27
-39
-18
-12
-10
-6
3
24
2
-31
-22
11
11
-31
-10
40
15
10
21
17
11
13
15
20
37
20
13
25
22
16
9
13
44
33
-3
5
19
-8
-34
7
35
1
-12
21
12
-34
-48
-3
-1
-20
-17
-15
-9
-36
-34
-16
-29
-24
-9
-22
-40
-40
-17
-26
-50
-20
5
-11
-28
-21
-16
-21
-24
-5
-9
-4
1
-11
-2
2
16
16
11
30
17
-16
10
22
2
15
40
31
13
5
7
10
7
7
15
19
11
37
11
8
26
-7
8
15
-4
-8
10
-7
-9
26
-1
-19
-3
-18
-16
-11
-13
-5
-4
-5
-17
-26
-17
1
-8
4
-5
-13
6
-14
-20
-17
6
35
31
20
26
24
0
-9
14
30
31
43
15
34
42
2
13
28
19
19
35
6
26
51
18
21
50
26
4
10
-17
3
22
24
43
45
13
-11
-20
-28
-21
-2
13
6
12
4
-13
-49
-48
-28
-36
-19
4
-21
-39
-16
-33
-34
-32
-21
-28
-28
-19
-35
-24
-24
-13
-17
-14
-6
-8
-17
-25
-28
-25
-1
-12
-5
-7
3
14
-38
-25
-8
-29
-29
-14
16
3
-7
-9
-10
-1
-31
-38
-4
-9
-31
-21
16
16
-15
-28
-19
-17
-40
-36
-22
4
2
-14
1
-6
-27
-22
-11
0
4
-20
-11
8
-9
-15
1
30
25
-14
-10
11
12
-7
0
49
29
10
27
13
-8
10
43
47
36
32
27
6
7
2
12
39
52
46
23
21
14
-9
-31
5
44
17
33
48
20
1
-3
-1
-22
0
31
22
23
10
5
-21
-32
2
-11
-10
-5
-10
-15
-12
-11
-14
3
-6
-14
-19
-15
-6
-11
-4
21
30
-1
-4
-4
-28
-29
2
16
11
26
23
2
-13
-28
-25
-17
-2
27
23
17
15
9
-11
-36
-16
12
13
10
31
34
0
-10
-7
-30
-14
7
1
4
2
1
3
-12
-8
1
-3
1
-8
2
-2
3
9
-3
3
1
0
-14
-7
5
20
16
-8
-1
6
-13
-11
13
24
30
20
11
14
6
-2
5
21
38
42
17
12
20
9
4
4
28
36
17
15
31
23
2
11
33
35
27
26
32
33
14
14
31
36
33
20
21
24
12
-8
-8
15
21
8
-2
12
9
-13
-22
-15
-4
-1
-2
1
2
-2
-24
-28
-16
-17
-10
-10
-5
-9
-29
-32
-36
-36
-33
-28
-24
-27
-30
-35
-42
-39
-32
-36
-31
-22
-31
-40
-43
-41
-39
-38
-36
-25
-16
-40
-51
-40
-34
-50
-44
-26
-31
-29
-33
-33
-32
-30
-27
-27
-34
-28
-10
-19
-27
-12
-4
-10
-13
-14
-11
2
0
-15
-8
11
10
-1
8
23
17
10
11
12
24
15
13
38
40
30
28
26
24
37
22
10
43
46
26
33
46
36
23
24
40
48
28
34
53
45
26
21
32
31
28
27
31
40
29
14
11
14
20
17
9
18
16
10
7
1
8
7
-4
-2
2
-4
-6
-6
-6
1
-1
-9
-8
-19
-33
-25
-22
-33
-25
-17
-22
-21
-28
-32
-28
-40
-42
-38
-38
-32
-22
-23
-21
-27
-41
-46
-46
-51
-51
-37
-26
-26
-25
-35
-44
-45
-51
-39
-25
-31
-23
-16
-29
-35
-33
-27
-20
-22
-16
-8
-12
-24
-19
-10
-13
-13
0
2
-8
-10
-7
8
8
6
20
29
24
4
13
22
18
22
34
53
45
32
34
36
27
22
38
41
40
42
45
51
36
30
43
44
38
44
56
54
53
51
44
49
47
43
49
51
56
44
39
51
44
33
36
41
41
36
37
31
27
25
20
25
22
26
32
23
23
20
17
13
14
18
14
16
10
0
1
3
1
-5
-3
0
-6
-11
-12
-15
-18
-21
-20
-19
-20
-27
-27
-26
-32
-30
-34
-32
-28
-33
-30
-28
-29
-33
-34
-32
-28
-33
-37
-28
-31
-34
-32
-34
-30
-30
-32
-30
-31
-38
-39
-32
-34
-38
-29
-25
-29
-25
-26
-28
-22
-24
-24
-13
-12
-11
-10
-15
-11
-12
-16
-11
-10
-4
-3
-6
-2
0
-4
-7
-6
-3
1
-3
0
5
0
3
3
4
11
11
13
14
14
12
9
9
14
12
9
15
17
15
15
12
11
11
9
7
5
4
8
11
7
1
7
8
1
-1
7
6
-2
2
9
10
5
3
8
9
3
1
9
12
5
6
12
9
10
11
3
5
7
-1
4
8
3
4
8
4
3
0
0
-1
-2
2
1
-2
2
2
-4
-2
-1
-7
-8
-5
-2
-8
-14
-7
2
-9
-18
-10
-12
-17
-13
-15
-13
-10
-15
-16
-13
-13
-17
-15
-11
-11
-13
-13
-9
-10
-11
-10
-9
-6
-7
-5
-4
-5
-2
-3
-4
-5
-4
0
-4
-3
1
-2
2
4
-3
-1
6
5
2
4
5
7
6
6
11
11
7
11
11
12
11
13
17
14
14
16
16
13
18
17
10
15
15
13
17
14
13
15
13
14
13
14
12
13
13
14
12
10
11
9
13
13
7
13
16
8
5
8
10
9
3
2
7
5
1
-2
0
-2
-4
-6
-3
-1
-5
-2
1
-6
-9
-5
-8
-14
-13
-9
-7
-10
-9
-6
-10
-9
-9
-12
-13
-10
-11
-13
-13
-10
-10
-14
-13
-16
-14
-13
-13
-11
-11
-8
-8
-9
-10
-7
-7
-8
-6
-4
-2
-3
-4
-3
-1
-4
-5
-1
-2
0
0
-2
0
-3
-3
-4
-4
-2
0
-1
1
2
-2
-3
0
0
1
0
1
4
3
3
4
2
3
1
1
5
4
5
6
3
5
6
6
6
7
7
7
7
7
8
8
10
12
12
12
15
16
16
17
15
15
19
18
17
22
22
23
22
19
22
22
19
21
23
21
22
25
28
21
18
20
19
18
18
20
22
18
18
21
19
15
14
15
12
11
14
12
8
6
7
6
2
2
2
0
1
1
-1
-3
-4
-5
-7
-6
-10
-12
-12
-15
-13
-13
-18
-18
-20
-18
-20
-21
-20
-23
-24
-22
-24
-28
-28
-27
-25
-29
-30
-29
-31
-33
-34
-32
-32
-33
-31
-28
-30
-33
-33
-33
-34
-31
-34
-34
-30
-31
-29
-29
-30
-31
-29
-27
-28
-28
-27
-26
-23
-24
-24
-24
-23
-18
-20
-22
-17
-13
-15
-14
-9
-7
-7
-8
-6
-1
-2
-3
0
0
3
7
2
2
7
6
6
8
11
13
14
13
19
22
19
20
22
20
21
24
22
21
26
25
21
21
25
25
21
22
28
28
26
28
29
28
26
27
27
26
24
28
31
28
27
20
21
26
22
18
21
23
20
18
17
15
14
12
11
10
12
12
11
9
9
10
4
1
3
2
2
1
3
2
-3
-5
-6
-9
-9
-8
-11
-15
-12
-10
-15
-18
-18
-17
-19
-21
-19
-19
-20
-23
-22
-21
-22
-25
-23
-24
-27
-27
-25
-23
-27
-28
-22
-24
-27
-26
-24
-23
-25
-24
-23
-22
-21
-22
-19
-16
-15
-16
-16
-14
-12
-13
-15
-11
-10
-10
-8
-5
-7
-5
-4
-2
0
1
1
4
4
4
5
9
11
10
9
12
12
14
15
16
21
21
19
19
19
20
21
21
22
24
25
26
26
26
26
28
26
25
26
26
27
27
27
29
27
27
29
27
26
28
27
25
25
25
27
25
23
24
24
22
20
18
19
21
21
19
19
17
13
11
12
11
9
11
10
8
5
2
2
1
-1
-3
-2
-3
-6
-7
-9
-9
-9
-12
-13
-14
-17
-17
-17
-16
-17
-19
-19
-18
-20
-21
-22
-20
-17
-20
-20
-19
-20
-22
-22
-19
-18
-19
-19
-17
-17
-20
-18
-17
-18
-16
-16
-15
-13
-15
-15
-14
-14
-13
-13
-15
-13
-12
-13
-12
-11
-9
-9
-9
-9
-8
-7
-8
-4
-4
-5
-3
-3
-1
-1
0
1
3
3
1
2
4
4
5
5
4
4
3
3
2
4
4
4
4
5
4
4
3
3
3
3
3
6
6
6
6
7
8
8
7
6
6
6
5
4
5
3
3
3
1
1
2
1
1
0
0
0
-2
-4
-3
-3
-2
-3
-1
0
1
0
-2
-2
-2
0
-2
-2
-2
-1
-1
0
-1
-3
-2
-2
-2
-3
-3
-1
-3
-5
-4
-4
-6
-7
-6
-5
-5
-5
-5
-4
-5
-6
-4
-4
-4
-4
-4
-5
-3
-3
0
0
-2
0
3
3
1
1
3
2
1
2
3
2
2
1
3
3
3
3
3
1
2
3
2
1
1
2
2
2
1
1
1
0
0
0
1
1
0
-1
0
1
0
0
1
2
3
3
3
3
4
4
3
5
4
6
4
4
5
6
5
7
6
5
5
6
6
4
3
4
5
4
4
3
4
2
1
4
4
3
2
3
2
2
1
1
2
-1
1
1
1
2
0
0
