-4
-4
-3
-1
-1
-1
0
0
-2
-1
-1
-1
-1
-1
0
1
0
0
-1
-2
-1
0
1
3
5
4
5
6
5
5
6
6
6
7
5
5
6
7
7
6
8
9
10
11
12
12
9
7
7
8
7
3
-1
0
-3
-6
-11
-13
-11
-11
-11
-11
-12
-11
-10
-8
-9
-9
-10
-7
-4
-4
-6
-6
-5
-4
-5
-5
-4
-3
-3
-4
-2
-2
-3
-3
-2
-2
-2
-3
-3
-3
-2
-1
-2
-4
-3
-3
-4
-6
-5
-6
-6
-6
-7
-8
-7
-6
-6
-5
-4
-4
-6
-7
-6
-4
-4
-4
-6
-11
-10
-8
-7
0
5
9
15
26
31
36
38
35
44
51
47
44
44
35
33
32
23
13
9
9
12
10
2
-1
-5
-12
-17
-26
-29
-23
-25
-38
-38
-35
-38
-40
-44
-47
-40
-37
-47
-55
-67
-73
-81
-97
-121
-137
-150
-158
-132
-110
-110
-113
-86
-31
10
24
39
92
150
183
182
168
178
213
233
221
194
170
168
183
180
135
95
85
97
90
42
-2
-20
-37
-73
-99
-108
-121
-144
-165
-168
-162
-154
-141
-128
-137
-130
-82
-33
-24
-41
-41
-13
16
32
29
23
21
37
65
81
70
57
68
90
99
94
90
84
72
55
49
45
42
33
10
6
30
54
53
57
54
64
106
132
126
112
102
95
103
94
63
42
29
11
2
-9
-38
-61
-80
-91
-93
-91
-95
-119
-150
-163
-155
-154
-162
-170
-179
-169
-144
-132
-131
-126
-129
-131
-127
-124
-141
-170
-202
-229
-201
-177
-160
-174
-166
-116
-38
25
27
57
112
205
257
261
231
240
290
312
302
242
193
181
208
194
145
85
61
74
58
26
-16
-46
-80
-100
-131
-166
-195
-213
-224
-238
-234
-218
-180
-169
-169
-152
-97
-27
4
-5
-20
2
41
76
83
51
29
49
93
112
93
65
74
114
138
131
120
125
141
144
139
141
146
147
139
126
113
127
156
147
115
100
127
164
168
130
95
91
103
109
87
47
12
-11
-17
-23
-58
-102
-120
-129
-145
-154
-159
-170
-180
-189
-197
-179
-168
-199
-232
-255
-269
-278
-288
-327
-369
-401
-407
-361
-290
-235
-222
-197
-110
44
145
183
217
308
432
497
494
458
467
482
509
488
415
340
306
305
271
191
94
58
50
14
-59
-128
-174
-210
-257
-316
-358
-380
-385
-390
-393
-401
-387
-336
-281
-263
-263
-207
-111
-41
-30
-23
22
81
128
147
145
137
144
178
208
183
121
111
156
170
124
85
102
129
111
84
90
100
98
100
98
90
104
128
140
125
96
105
151
167
126
92
101
118
106
74
46
22
5
-2
-10
-40
-77
-90
-88
-97
-120
-144
-147
-149
-182
-218
-235
-248
-290
-340
-383
-403
-416
-441
-466
-492
-507
-489
-420
-344
-272
-209
-139
-16
129
237
306
381
472
581
654
658
619
598
617
626
582
490
404
344
312
273
188
72
-13
-46
-75
-128
-223
-301
-330
-356
-402
-437
-451
-468
-477
-467
-453
-434
-392
-336
-293
-262
-220
-140
-53
-16
-18
3
80
156
169
145
146
169
191
213
213
178
142
147
176
168
125
101
112
117
107
98
100
99
84
67
76
92
92
97
109
111
114
149
180
168
142
143
174
180
145
100
74
61
41
20
-4
-43
-81
-89
-80
-95
-138
-155
-159
-176
-204
-236
-264
-302
-359
-403
-423
-454
-492
-515
-521
-515
-508
-470
-373
-255
-163
-92
13
172
332
436
498
562
665
785
836
801
742
720
737
732
652
518
404
356
336
268
135
-5
-83
-106
-150
-253
-365
-423
-450
-489
-540
-577
-590
-601
-597
-570
-530
-490
-435
-367
-313
-278
-214
-108
-15
11
4
44
135
204
217
197
185
202
249
284
261
201
162
187
220
191
115
63
65
65
57
49
39
15
13
41
66
85
96
122
158
183
184
200
223
218
203
200
210
188
142
111
88
51
10
-26
-52
-87
-128
-160
-167
-181
-221
-250
-269
-290
-336
-360
-384
-424
-474
-505
-522
-552
-581
-589
-570
-552
-530
-476
-370
-242
-124
-27
89
234
398
552
639
685
754
870
935
914
833
779
768
745
676
559
448
351
288
240
161
34
-91
-157
-183
-260
-384
-475
-511
-550
-609
-645
-640
-631
-643
-608
-535
-462
-410
-328
-215
-149
-118
-60
51
119
102
97
152
207
214
179
150
148
151
163
173
149
97
75
97
109
64
5
-24
-7
16
10
-12
-24
-12
11
50
69
83
119
177
209
209
218
248
287
293
276
257
240
223
195
145
83
32
1
-21
-62
-121
-169
-196
-225
-252
-279
-299
-336
-367
-396
-409
-429
-477
-503
-524
-537
-548
-556
-581
-588
-557
-504
-450
-377
-239
-93
16
98
245
456
616
667
700
830
966
974
883
822
823
797
708
601
504
382
268
228
216
113
-80
-187
-162
-158
-298
-468
-514
-511
-558
-639
-654
-635
-643
-633
-548
-432
-381
-342
-229
-67
7
15
86
211
267
219
207
265
313
287
229
207
211
206
205
218
196
137
112
144
154
100
35
15
25
25
6
-25
-45
-41
-4
42
72
83
108
179
264
315
326
338
356
368
367
351
327
283
236
183
142
108
70
30
-18
-60
-92
-100
-114
-164
-248
-314
-345
-372
-416
-485
-547
-594
-608
-591
-591
-623
-646
-614
-552
-510
-504
-515
-506
-447
-328
-156
-43
-13
49
245
457
544
541
582
770
909
891
764
683
704
733
711
572
408
276
288
335
260
71
-107
-114
-76
-105
-296
-484
-563
-571
-576
-647
-700
-740
-692
-630
-549
-470
-398
-282
-181
-81
-26
57
154
223
197
123
128
192
261
212
100
23
77
190
219
139
24
21
108
176
112
-28
-112
-89
-19
-36
-116
-170
-147
-79
-6
43
91
185
296
374
403
443
526
599
586
523
481
495
520
470
374
298
283
286
272
213
127
50
-2
-35
-102
-213
-339
-419
-494
-573
-645
-695
-712
-732
-740
-713
-633
-561
-522
-490
-455
-396
-339
-287
-278
-310
-357
-379
-309
-164
-44
-49
-48
94
347
531
503
439
549
788
892
792
625
540
553
570
531
399
236
123
148
221
170
-8
-142
-105
-54
-128
-284
-375
-405
-482
-580
-619
-581
-580
-611
-584
-496
-400
-308
-170
-61
-22
-22
73
240
294
186
60
71
140
149
63
-36
-77
-54
0
28
15
-43
-71
-37
7
-10
-83
-124
-131
-142
-197
-231
-198
-103
6
74
137
249
437
584
630
610
651
777
863
823
694
610
610
658
638
560
473
423
410
379
300
160
19
-125
-259
-390
-511
-617
-739
-883
-969
-916
-793
-715
-732
-714
-581
-388
-245
-199
-200
-215
-189
-137
-130
-202
-310
-374
-403
-446
-460
-388
-222
-58
17
82
253
502
621
527
406
493
735
806
564
251
192
395
595
577
408
270
306
514
663
566
261
16
8
81
-59
-404
-674
-750
-752
-809
-835
-760
-646
-579
-480
-294
-81
88
173
187
114
35
49
121
56
-217
-471
-451
-221
-75
-127
-233
-179
46
258
320
243
140
80
64
36
-67
-232
-356
-382
-370
-340
-277
-119
118
304
397
507
747
999
1081
964
833
844
924
925
788
613
511
547
643
699
643
519
442
428
411
283
53
-199
-414
-592
-721
-809
-885
-992
-1061
-993
-800
-593
-493
-445
-366
-218
-73
34
40
-34
-130
-179
-173
-176
-222
-306
-376
-419
-393
-350
-310
-242
-83
56
78
35
146
340
308
50
-57
268
580
495
112
-5
311
686
780
632
493
440
521
624
607
281
-154
-360
-279
-274
-564
-862
-896
-761
-753
-782
-620
-320
-227
-339
-357
-152
21
-25
-191
-358
-466
-488
-388
-317
-416
-602
-569
-261
43
89
-23
-29
88
170
104
-23
-132
-200
-269
-323
-317
-251
-145
-42
56
146
269
447
609
651
571
511
580
698
718
636
572
588
634
683
772
888
936
865
762
750
769
675
431
167
-14
-116
-205
-336
-500
-652
-693
-631
-572
-565
-557
-495
-431
-409
-370
-252
-138
-120
-159
-118
30
179
204
105
13
31
119
122
-19
-229
-341
-380
-450
-577
-627
-391
-110
-43
-195
-109
300
522
306
-12
165
601
711
359
58
167
495
691
669
571
435
426
544
635
411
-54
-324
-303
-299
-595
-898
-879
-693
-700
-855
-743
-369
-140
-236
-370
-300
-199
-223
-336
-432
-586
-719
-673
-454
-330
-430
-441
-225
76
125
57
110
240
212
-11
-134
-60
60
-14
-161
-176
-11
167
261
284
243
211
257
378
449
396
316
339
433
537
611
719
812
824
799
837
938
938
748
511
397
368
322
190
49
-80
-171
-202
-190
-201
-295
-392
-434
-442
-419
-364
-321
-356
-417
-337
-118
76
120
64
77
196
325
367
257
92
-7
-12
-56
-186
-349
-479
-599
-748
-823
-603
-139
85
-109
-376
-99
451
540
51
-246
217
757
714
225
91
462
839
881
724
581
459
419
428
353
-6
-385
-443
-302
-403
-754
-798
-472
-306
-625
-914
-652
-237
-278
-722
-898
-680
-469
-481
-539
-520
-517
-446
-251
-28
-63
-215
-198
9
86
-62
-93
71
191
25
-149
-50
214
280
52
-162
-142
6
63
-4
-100
-143
-85
69
231
303
315
481
725
808
700
692
866
858
535
222
344
723
838
579
333
394
628
693
519
290
100
-89
-289
-389
-416
-480
-604
-729
-720
-516
-231
-96
-230
-377
-261
75
275
180
-3
-28
110
213
148
-34
-172
-234
-287
-423
-499
-527
-611
-847
-811
-208
368
369
-86
-34
428
561
125
-148
307
753
664
275
266
623
960
1020
873
619
385
339
359
239
-166
-454
-438
-282
-339
-576
-561
-359
-374
-792
-1086
-864
-520
-599
-998
-1088
-716
-286
-155
-166
-134
-54
23
51
32
-119
-228
-229
-185
-241
-269
-66
178
219
19
-99
-35
42
-41
-198
-317
-356
-303
-162
-17
41
92
161
187
126
238
514
615
338
67
268
667
834
725
680
770
823
823
834
788
615
391
229
149
107
145
140
-36
-320
-453
-284
-119
-263
-638
-806
-587
-314
-284
-367
-261
-10
102
43
59
182
250
143
-37
-143
-111
45
114
-62
-389
-476
-315
-309
-697
-747
-90
552
398
-207
-37
570
617
-148
-476
284
1087
995
311
108
547
1047
1065
812
483
331
349
447
427
122
-115
-178
-151
-414
-762
-759
-502
-590
-1128
-1375
-805
-49
-31
-504
-606
-130
216
66
-199
-294
-301
-339
-320
-197
-123
-19
103
132
19
11
217
274
-56
-454
-447
-225
-173
-309
-292
-142
-60
-110
-150
-158
-209
-229
-254
-347
-355
39
604
810
526
381
636
888
783
479
398
476
547
537
547
637
764
749
488
147
16
83
25
-256
-549
-571
-366
-172
-185
-363
-492
-518
-542
-637
-659
-489
-312
-310
-320
-86
254
384
286
156
56
-62
-117
-100
-142
-337
-514
-545
-603
-335
391
999
674
-218
-235
476
606
-369
-890
40
1244
1312
589
364
779
1143
884
507
214
197
292
328
243
45
137
269
123
-508
-946
-739
-290
-417
-1016
-1083
-351
375
150
-458
-518
-123
-59
-471
-634
-331
-34
2
-50
27
95
197
215
-69
-543
-642
-169
135
-83
-404
-136
261
176
-231
-356
-156
-213
-481
-625
-369
-36
151
113
-42
-17
271
599
480
130
30
319
581
559
566
747
921
757
414
247
370
503
276
-86
-154
151
329
102
-186
-236
-178
-316
-533
-610
-567
-558
-616
-680
-735
-621
-349
-158
-249
-406
-254
92
291
215
85
-19
-113
-200
-266
-341
-480
-536
-700
-507
239
1111
1125
163
-227
155
412
-391
-801
134
1304
1406
642
504
738
901
585
445
357
167
229
532
919
651
248
7
-61
-372
-834
-803
-427
-311
-686
-800
-195
303
-55
-792
-865
-414
-381
-630
-480
192
389
56
-127
36
-14
-447
-563
-346
-181
-229
36
503
590
228
-45
-15
-154
-529
-632
-245
195
279
161
214
396
465
220
-192
-415
-224
171
397
403
471
621
614
420
231
262
425
573
549
387
334
562
730
463
-38
-245
-102
-63
-183
-241
-175
-215
-372
-451
-495
-625
-796
-841
-806
-755
-593
-266
5
-29
-243
-398
-369
-292
-301
-465
-612
-553
-304
-228
-519
-359
342
989
648
3
168
505
181
-767
-471
924
1773
1271
469
628
898
650
192
542
1151
1041
439
338
1035
1241
490
-360
-384
52
-64
-480
-440
-5
39
-519
-796
-665
-567
-820
-914
-617
-380
-308
-289
-103
-98
-293
-468
-545
-545
-519
-424
-312
-216
-3
168
85
-137
-222
-135
-251
-362
-159
294
443
215
146
334
494
318
130
152
225
300
404
561
568
466
495
512
362
131
208
493
571
377
246
424
495
279
-47
-127
4
47
-4
-112
-192
-370
-603
-715
-721
-726
-797
-762
-649
-619
-672
-698
-636
-666
-783
-762
-541
-392
-414
-335
-123
-79
-217
-297
-27
372
527
452
255
287
383
417
211
34
401
954
1118
616
247
382
514
221
-30
390
884
747
266
288
671
576
45
-151
175
365
109
-82
13
46
-203
-340
-163
-82
-283
-459
-253
8
-22
-241
-307
-195
-190
-254
-212
4
147
41
-150
-242
-199
-143
-184
-245
-261
-227
-194
-179
-155
-146
-143
-211
-345
-426
-344
-133
7
-65
-218
-197
30
202
143
-4
14
170
280
306
372
478
401
145
-30
134
426
504
339
187
244
393
486
387
165
3
34
77
0
-90
-151
-156
-270
-441
-378
-155
-148
-361
-407
-313
-312
-470
-644
-514
-245
-248
-424
-373
-80
83
2
-88
8
165
150
56
74
123
79
13
84
197
159
29
28
97
50
-19
70
261
273
136
102
227
344
333
266
214
216
262
334
282
81
-13
69
65
-151
-307
-182
7
-43
-249
-283
-134
-109
-182
-163
-45
18
-19
-23
15
52
75
152
199
113
3
61
265
353
211
-18
-60
95
197
107
-29
0
90
35
-98
-77
46
-17
-260
-328
-100
93
55
-37
16
94
50
-36
-57
-33
-60
-91
-113
-130
-101
40
227
252
178
188
350
414
274
119
66
65
-29
-94
-23
126
155
2
-54
12
39
-55
-177
-223
-281
-332
-317
-245
-206
-281
-373
-360
-242
-117
-69
-108
-177
-118
11
45
-91
-217
-185
-140
-169
-221
-89
112
128
-16
-106
-32
15
-27
-35
85
207
172
99
147
295
322
145
18
111
237
82
-160
-112
111
83
-206
-234
51
146
-140
-348
-139
68
-60
-233
-113
78
18
-65
42
142
-13
-194
-96
92
48
-152
-124
76
123
-8
-58
43
60
-55
-128
-74
-1
-31
-90
-79
-28
-7
2
-6
-38
-46
46
222
275
187
99
124
171
101
15
59
158
171
165
304
517
534
372
267
318
336
260
210
235
241
134
51
79
169
171
56
-67
-134
-96
8
-2
-162
-313
-321
-229
-171
-188
-250
-259
-193
-144
-147
-155
-144
-145
-175
-236
-222
-73
63
20
-174
-250
-114
47
5
-153
-147
35
151
38
-103
-28
153
187
106
174
379
441
285
132
142
161
58
-35
26
107
41
-75
-90
-64
-116
-194
-223
-201
-184
-163
-111
-84
-89
-110
-136
-139
-110
-44
-49
-149
-226
-175
-45
-25
-85
-124
-122
-106
-86
-36
-26
-91
-189
-208
-140
-82
-64
-109
-145
-147
-112
-79
-109
-101
-12
92
87
13
-5
34
52
-23
-88
-19
68
72
72
166
291
264
175
180
294
335
219
136
178
246
201
143
136
142
118
136
189
156
23
-90
-65
30
35
-55
-48
24
57
-6
-74
-26
20
-44
-116
-36
79
120
42
-90
-79
70
153
44
-65
-26
74
57
-72
-83
-36
-89
-186
-146
84
257
226
105
98
140
64
-56
-38
117
145
16
-36
82
118
-77
-252
-231
-136
-193
-307
-271
-188
-196
-228
-172
-137
-214
-264
-185
-91
-129
-166
-86
1
-12
-42
35
76
-25
-128
-101
-53
-110
-134
-43
77
116
62
86
118
59
-29
-25
70
72
37
55
147
204
134
29
12
78
64
-22
-12
69
60
-27
-26
75
69
-68
-110
13
112
69
-9
54
137
23
-136
-69
168
197
23
-33
98
194
106
3
37
67
106
228
139
88
163
127
135
132
227
220
159
231
136
96
198
201
126
79
139
197
49
33
68
-78
-183
-205
-72
-84
-103
12
25
39
-42
-131
-89
-76
-78
-73
-53
31
91
116
58
-84
-134
-74
-15
-56
-161
-117
-72
-168
-246
-238
-196
-233
-281
-257
-179
-145
-161
-166
-141
-130
-145
-107
-44
-21
-63
-45
-2
-38
-148
-165
-63
-23
-50
-52
17
21
-9
4
35
12
-97
-33
74
77
97
1
-57
-40
-38
-10
36
38
6
60
41
-31
-102
-201
-246
-221
-166
-22
112
8
-103
-79
-21
-29
-93
-45
88
78
-23
-28
47
80
-13
52
259
275
206
249
320
199
120
238
237
182
209
267
274
233
190
154
276
349
220
210
304
313
158
37
125
59
-59
-51
1
136
78
-38
-83
-60
-36
-243
-188
21
-46
-115
8
104
-66
-195
-194
-156
-114
-132
-153
-19
84
-40
-158
-196
-84
-45
-153
-144
-31
11
-114
-212
-190
-176
-212
-236
-118
98
139
88
14
-35
-41
-125
-142
-128
-99
-37
-1
45
41
-13
-77
-99
-36
31
25
-41
-85
-103
-136
-207
-222
-177
-162
-99
26
76
-15
-106
-212
-331
-281
-154
-165
-246
-203
-136
-151
-165
-139
-59
-56
-120
-87
39
81
9
-97
-126
-7
57
94
205
327
336
294
312
320
302
266
260
310
349
362
377
387
405
295
263
279
287
255
194
286
241
296
192
34
138
102
74
2
-86
-30
9
-72
-117
-132
-126
-100
-33
-48
-149
-107
-213
-304
-235
-163
-20
25
-85
-187
-204
-198
-192
-205
-88
107
196
143
7
-69
-138
-127
-113
-58
127
196
180
165
226
205
28
-33
58
195
189
120
101
74
46
-47
-42
41
37
60
155
201
96
-79
-221
-272
-262
-186
-125
-120
-108
-138
-116
-124
-194
-250
-263
-211
-159
-92
-104
-248
-389
-365
-244
-181
-174
-159
-86
-21
-17
-71
-115
-128
-178
-199
-26
178
152
20
6
181
287
175
51
19
53
120
216
299
354
257
92
155
254
212
79
11
120
226
252
203
195
184
91
51
29
24
-8
-75
-26
83
66
-70
-211
-267
-169
-89
-147
-197
-222
-222
-253
-375
-411
-296
-162
-51
55
63
-112
-224
-258
-281
-202
-50
257
496
482
308
111
38
52
61
136
378
577
555
423
373
301
36
-173
-103
211
395
297
192
118
48
-100
-257
-197
-109
-68
-5
79
126
12
-244
-443
-448
-337
-228
-182
-133
-79
-80
-158
-240
-254
-277
-308
-247
-51
70
-11
-153
-200
-151
-134
-130
-92
-32
41
116
204
239
116
-41
-43
112
265
246
195
220
264
229
123
67
52
92
161
264
346
292
106
-54
-36
-11
-38
-78
-46
77
77
-1
-127
-210
-225
-246
-94
-35
-144
-170
-201
-221
-239
-283
-399
-473
-346
-225
-224
-388
-580
-644
-604
-408
-68
299
269
-70
-231
-44
76
-236
-363
90
830
1157
875
546
502
496
374
452
790
1042
929
747
796
827
488
-95
-301
34
402
439
210
5
-108
-254
-436
-551
-599
-617
-518
-306
-53
-19
-335
-725
-855
-653
-376
-304
-369
-330
-182
-81
-118
-194
-298
-373
-284
-16
297
389
194
-5
29
167
171
50
5
105
318
507
512
384
169
-6
24
232
415
385
273
275
376
375
161
-90
-156
17
221
296
284
163
-44
-216
-229
-142
-131
-212
-272
-189
-105
-188
-384
-552
-545
-461
-399
-377
-444
-571
-691
-702
-646
-660
-701
-721
-720
-776
-941
-925
-539
49
179
-121
-130
210
308
-184
-339
450
1496
1704
1126
829
987
973
600
589
1155
1608
1425
1126
1242
1287
737
-183
-496
38
566
416
-47
-159
-126
-367
-785
-965
-916
-899
-811
-523
-158
-140
-544
-970
-1027
-714
-435
-324
-281
-135
124
253
171
3
-109
-168
-134
133
498
561
282
90
237
434
303
35
21
269
482
519
469
368
186
-17
18
257
413
323
160
241
442
518
319
66
61
220
350
353
305
175
-17
-119
-82
-64
-211
-414
-480
-368
-307
-431
-665
-847
-865
-821
-824
-945
-1132
-1180
-1127
-989
-989
-1168
-1411
-1582
-1211
-462
196
63
-418
-313
141
193
-394
-423
540
1604
1829
1480
1287
1183
896
605
879
1416
1619
1345
1159
1322
1285
611
-376
-657
-219
177
86
-176
-156
-214
-498
-772
-832
-895
-1027
-813
-288
140
84
-235
-471
-529
-387
-159
2
-8
56
313
584
590
383
110
-144
-156
99
383
317
129
120
175
148
10
-114
-278
-378
-156
269
426
171
-101
-46
220
357
287
175
247
514
748
759
564
391
366
450
587
624
486
230
66
90
98
-77
-407
-661
-680
-543
-478
-638
-922
-1133
-1141
-1075
-1150
-1307
-1356
-1242
-1151
-1149
-1344
-1496
-1166
-380
250
19
-287
-47
375
97
-517
-62
1210
2066
1737
1240
1272
1315
877
423
691
1248
1330
942
891
1057
724
-296
-1096
-951
-460
-314
-574
-596
-401
-445
-732
-1055
-1162
-1133
-899
-451
39
389
442
309
109
89
271
417
358
372
690
1039
1108
879
637
347
92
-2
92
169
29
-70
-80
-43
-138
-391
-650
-751
-514
-204
-48
-38
42
215
269
247
233
313
408
519
743
1001
1050
835
656
675
725
616
476
372
266
116
-52
-212
-466
-749
-874
-807
-793
-972
-1144
-1195
-1189
-1259
-1316
-1305
-1288
-1247
-1217
-1120
-1184
-1186
-750
111
686
439
168
316
573
214
-167
429
1664
2383
1968
1363
1143
1061
581
123
331
876
1073
784
649
601
86
-954
-1578
-1284
-784
-750
-959
-815
-615
-710
-974
-1143
-1212
-1179
-785
-140
378
518
514
500
440
423
490
572
508
552
817
1076
1053
764
484
227
59
16
20
-102
-298
-356
-262
-162
-211
-341
-544
-621
-435
-140
3
-63
-2
274
592
704
641
573
577
714
879
1002
989
837
674
604
583
419
110
-151
-231
-259
-412
-679
-894
-1001
-1065
-1082
-1152
-1280
-1412
-1415
-1304
-1251
-1218
-1118
-936
-867
-965
-1097
-960
-406
390
859
766
701
929
1003
423
-29
524
1713
2388
2136
1701
1405
1137
691
381
440
626
661
588
717
765
210
-920
-1687
-1488
-947
-907
-1151
-997
-611
-463
-630
-811
-979
-1129
-942
-351
288
548
565
543
549
573
515
327
72
65
349
675
791
672
339
-175
-498
-409
-241
-453
-773
-635
-156
58
-181
-422
-469
-446
-329
6
410
550
498
658
1086
1294
1007
629
672
1067
1326
1257
1069
936
725
424
216
71
-163
-459
-582
-544
-617
-902
-1237
-1444
-1517
-1469
-1365
-1361
-1451
-1455
-1293
-1160
-1213
-1220
-1023
-774
-801
-991
-732
78
835
808
424
572
1083
979
144
-59
936
2052
2139
1600
1305
1204
851
403
367
612
695
525
517
742
732
40
-945
-1275
-850
-461
-655
-905
-687
-282
-176
-349
-475
-527
-522
-375
-55
292
526
593
526
509
620
634
271
-180
-208
107
305
249
173
22
-308
-611
-637
-597
-838
-1076
-894
-351
21
-28
-264
-384
-298
-126
87
335
629
897
1155
1381
1434
1232
903
801
1046
1358
1357
1116
914
796
576
193
-189
-440
-534
-575
-629
-745
-922
-1170
-1427
-1546
-1477
-1342
-1365
-1425
-1352
-1103
-916
-968
-1068
-1061
-922
-880
-870
-570
144
725
650
367
439
622
232
-367
-154
912
1739
1672
1199
926
788
488
165
103
337
531
538
587
769
649
-129
-945
-998
-476
-255
-451
-442
-90
156
83
-51
-160
-305
-319
-27
375
590
629
637
656
670
653
450
50
-197
-75
161
172
72
-10
-222
-566
-758
-683
-723
-955
-1017
-778
-434
-200
-105
-210
-388
-328
-30
239
334
502
909
1339
1487
1299
1015
818
818
1010
1205
1189
993
816
673
432
49
-318
-565
-677
-644
-572
-615
-869
-1164
-1262
-1163
-1062
-1061
-1072
-983
-836
-725
-676
-646
-641
-662
-640
-566
-502
-413
-81
426
706
569
379
412
337
-51
-262
243
1044
1351
1068
720
614
487
149
-122
-18
251
334
272
379
507
145
-575
-953
-721
-428
-457
-507
-275
21
96
39
-37
-177
-298
-211
77
355
532
624
607
563
586
539
224
-196
-308
-64
157
176
108
14
-177
-412
-574
-743
-922
-961
-799
-561
-267
24
82
-157
-392
-258
90
258
282
516
1002
1341
1281
1005
767
670
672
753
883
926
843
657
476
274
-23
-377
-640
-667
-519
-431
-555
-758
-883
-872
-814
-844
-925
-892
-724
-565
-455
-384
-398
-469
-491
-444
-422
-484
-577
-465
-35
503
724
494
174
66
78
-115
-260
103
818
1275
1200
947
736
468
113
5
252
504
552
569
729
735
307
-309
-631
-566
-454
-435
-377
-203
-54
-65
-157
-283
-505
-712
-636
-230
147
224
189
274
347
204
-44
-202
-262
-258
-163
62
292
358
189
-109
-340
-403
-399
-534
-687
-498
-2
308
185
-11
0
32
-53
-12
293
558
603
631
832
990
820
463
280
384
551
610
524
364
255
217
149
-58
-330
-471
-471
-467
-493
-509
-515
-548
-620
-657
-616
-588
-633
-651
-533
-323
-206
-274
-430
-477
-383
-338
-432
-546
-545
-441
-289
-58
187
255
128
27
56
105
51
31
275
742
1168
1257
1024
658
448
493
622
701
698
741
846
949
872
503
-44
-425
-393
-170
-64
-126
-218
-298
-361
-379
-401
-565
-801
-771
-364
55
82
-168
-309
-220
-134
-194
-290
-314
-243
-138
6
156
184
35
-228
-338
-194
-16
-72
-265
-236
61
315
320
246
220
190
162
242
369
376
307
347
580
788
700
405
208
238
345
367
297
236
240
271
277
174
-22
-185
-218
-177
-170
-239
-366
-488
-551
-539
-507
-542
-612
-620
-567
-543
-611
-709
-711
-604
-518
-509
-508
-451
-457
-555
-606
-522
-425
-367
-188
133
396
366
166
72
161
219
203
341
670
967
984
869
805
762
627
484
512
658
754
686
558
451
338
115
-200
-393
-354
-238
-254
-319
-262
-155
-247
-498
-581
-435
-357
-467
-491
-294
-96
-143
-299
-292
-164
-166
-318
-352
-174
40
96
66
93
140
124
59
49
98
153
199
249
319
399
394
272
168
214
310
287
210
262
435
518
420
273
231
237
206
245
388
500
501
454
423
363
186
-62
-206
-187
-90
-62
-135
-271
-393
-456
-500
-578
-664
-650
-534
-399
-361
-397
-410
-421
-501
-575
-514
-377
-320
-344
-276
-143
-137
-263
-328
-258
-211
-155
-7
145
206
202
227
246
234
204
199
258
399
555
615
576
484
419
349
299
303
319
280
262
375
455
319
42
-89
-73
-112
-260
-343
-290
-255
-284
-331
-332
-354
-463
-583
-572
-434
-320
-268
-220
-129
-68
-69
-79
-55
-20
46
193
332
341
243
180
187
158
82
66
118
170
208
282
344
265
95
10
45
90
122
162
246
354
403
364
282
209
144
103
106
191
300
306
205
90
34
23
-5
-90
-139
-111
-52
-18
-33
-73
-156
-263
-346
-305
-259
-279
-247
-200
-191
-165
-169
-338
-436
-422
-371
-261
-218
-206
-140
-96
-175
-223
-218
-301
-327
-232
-144
-72
-40
-45
-63
-117
-140
-86
-31
-49
-31
113
243
245
183
155
209
218
169
136
144
170
156
125
132
156
69
-47
-69
-43
-117
-227
-196
-93
-29
-7
67
130
80
-22
-12
87
87
44
93
182
182
124
92
67
17
-30
-23
21
44
54
46
7
-29
-20
9
-13
-43
-6
63
69
34
38
65
40
-9
38
141
165
91
82
181
253
245
200
187
192
206
229
245
228
197
197
206
195
163
128
75
38
65
133
142
13
-56
-12
-16
-106
-214
-186
-135
-94
-64
-74
-50
-110
-195
-238
-195
-134
-202
-299
-259
-144
-154
-247
-297
-251
-237
-196
-191
-252
-240
-273
-297
-312
-301
-263
-294
-327
-328
-266
-215
-265
-282
-210
-129
-79
-69
-1
113
167
195
274
377
421
417
464
502
512
507
467
439
420
392
319
253
232
242
205
131
81
43
-22
-125
-171
-150
-114
-119
-124
-92
-84
-144
-223
-221
-199
-231
-273
-228
-121
-82
-140
-185
-134
-66
-43
-57
-57
-9
52
91
93
88
82
68
69
73
86
94
82
57
34
67
110
80
43
54
87
91
101
122
140
184
176
180
275
337
245
168
213
239
230
183
132
122
131
116
68
-47
-156
-169
-237
-313
-258
-210
-325
-395
-351
-348
-445
-498
-413
-315
-297
-306
-272
-350
-317
-197
-186
-118
-38
-47
-72
70
136
56
63
166
230
201
173
172
206
189
175
212
229
184
114
122
191
205
170
170
184
180
127
97
114
81
30
29
56
54
9
-72
-138
-132
-92
-92
-127
-141
-115
-81
-84
-115
-137
-180
-181
-126
-92
-67
-76
-95
-105
-103
-102
-158
-190
-164
-112
-96
-112
-114
-128
-145
-161
-149
-129
-122
-72
-48
-71
-53
14
18
-41
-11
88
136
119
116
173
224
212
256
307
298
363
347
314
394
366
284
221
226
261
149
88
101
71
-30
-60
27
-81
-187
-185
-170
-187
-261
-206
-207
-254
-152
-102
-65
-31
1
25
19
158
172
116
174
235
253
169
234
295
160
188
271
227
191
193
222
198
219
183
82
103
82
-6
-31
42
52
-77
-193
-165
-144
-229
-284
-263
-231
-184
-196
-277
-224
-232
-336
-351
-261
-193
-233
-235
-187
-132
-103
-126
-176
-226
-233
-184
-186
-167
-128
-153
-129
-155
-187
-217
-288
-299
-281
-232
-184
-180
-168
-181
-210
-184
-173
-173
-154
-88
28
73
74
93
126
130
114
148
213
270
282
275
305
327
253
234
187
92
180
162
76
149
167
96
35
80
42
-53
16
29
51
92
59
175
247
159
171
185
230
211
243
375
309
396
419
354
341
299
396
369
379
368
307
345
288
254
227
199
286
224
103
261
194
-67
-64
-6
0
9
-32
-157
-75
34
-72
-125
-88
-67
-56
-101
-38
43
-92
-110
-112
-111
-69
-164
-240
-235
-190
-208
-271
-306
-382
-439
-377
-419
-465
-434
-429
-471
-470
-414
-463
-478
-484
-495
-475
-387
-327
-396
-432
-329
-262
-313
-259
-230
-229
-171
-121
-129
-77
-38
-93
-105
-62
8
-30
-42
-26
32
45
-19
-15
-64
-48
16
-20
-22
34
-37
-68
49
111
46
67
150
133
208
265
213
199
282
338
275
301
406
399
343
386
473
399
296
327
333
313
287
295
268
204
334
304
220
257
203
223
250
185
126
215
215
136
212
212
156
217
201
111
184
273
152
135
226
167
135
166
203
162
185
196
105
85
56
45
-38
-105
19
-63
-201
-130
-214
-304
-314
-313
-327
-286
-253
-334
-329
-286
-287
-260
-331
-322
-173
-278
-278
-234
-242
-139
-130
-189
-231
-67
-72
-260
-152
-161
-183
-131
-183
-144
-182
-163
-238
-287
-254
-299
-281
-260
-228
-212
-235
-272
-243
-177
-131
-201
-165
-79
-41
-42
-26
11
-42
37
53
42
82
183
219
168
177
178
88
104
137
-7
123
150
45
16
49
124
-4
55
52
-39
31
36
33
-8
58
164
53
-12
112
112
44
99
180
209
207
239
184
186
289
248
183
265
286
262
261
218
192
158
168
101
129
208
161
173
215
127
32
99
80
36
76
103
143
150
85
39
120
140
3
13
132
168
99
56
44
80
120
-51
-113
-36
33
-58
-122
-28
-45
-60
-143
-261
-202
-238
-299
-253
-267
-114
-190
-267
-177
-199
-207
-248
-159
-148
-79
-4
16
70
78
5
-27
100
41
22
104
162
200
128
96
95
12
-44
-39
-24
-32
-15
-88
-102
9
-133
-194
-181
-186
-115
-185
-148
-96
-191
-135
-127
-182
-204
-137
-141
-298
-66
-22
-251
-145
-26
-172
-203
-85
-140
-131
-39
-72
-63
-26
-111
-136
-93
-28
-99
-135
-56
-5
-22
-60
-54
-94
0
-4
-44
1
119
135
113
143
144
287
228
167
247
353
352
273
403
456
298
326
368
170
241
353
260
162
248
281
50
4
40
-66
-111
-70
-84
-31
-184
-183
-80
-253
-135
-169
-243
-149
-93
-28
-92
-23
61
-14
72
125
73
144
132
199
188
214
303
154
168
159
105
128
113
97
96
142
145
72
-4
-53
-51
-3
-85
-41
61
-94
-124
-80
-59
-119
-170
-42
-55
-84
-48
-86
-156
-108
-105
-252
-193
-96
-185
-224
-144
-188
-199
-183
-318
-297
-211
-331
-342
-160
-254
-328
-236
-271
-240
-218
-288
-279
-127
-75
-172
-90
-18
-13
-20
-54
54
127
46
85
292
228
178
265
218
218
244
246
238
239
244
256
190
167
99
52
57
60
129
-4
-23
58
41
-33
-42
3
-91
-109
-42
-63
-57
36
-2
-3
78
12
-27
20
74
76
108
218
145
77
130
137
103
74
149
165
123
189
187
104
207
188
16
74
180
148
72
148
131
74
101
12
22
49
49
48
83
110
57
54
-7
-26
-2
-11
-96
-42
28
-102
-53
-69
-169
-150
-149
-156
-189
-173
-206
-229
-160
-304
-318
-221
-259
-306
-296
-152
-200
-292
-232
-188
-183
-182
-118
-59
-78
-22
5
1
30
38
105
39
142
170
100
192
152
129
100
137
134
41
31
77
46
-38
-28
-44
-70
-22
-38
-133
-82
3
-89
-149
4
-21
-140
-23
-13
-68
40
40
36
111
58
65
24
92
95
72
134
38
145
109
36
67
72
116
82
95
65
57
78
5
-16
145
118
-63
90
154
14
-1
60
42
13
146
120
56
105
134
48
36
134
78
106
144
156
113
116
95
30
61
22
40
62
46
-23
-73
-88
-74
-89
-155
-112
-82
-215
-244
-113
-217
-307
-170
-171
-172
-139
-185
-175
-152
-134
-159
-49
-49
-64
30
-44
14
-15
-46
-22
-52
44
57
-27
7
59
-28
-164
-119
-13
-184
-149
-4
-131
-211
-105
-64
-282
-170
-12
-174
-192
-79
-19
-90
-65
15
-7
2
37
15
-30
18
165
124
2
148
200
56
33
96
125
82
95
126
100
134
75
46
44
98
150
-33
30
164
78
21
71
90
50
82
79
36
61
70
81
67
81
147
40
32
138
118
64
97
178
127
75
139
168
81
12
167
198
52
141
136
80
148
79
31
65
86
84
23
89
156
72
4
8
99
58
-40
105
166
23
75
101
-12
69
49
-56
37
40
-38
-41
-66
-128
-93
-74
-192
-189
-148
-219
-272
-253
-197
-240
-279
-268
-277
-279
-312
-241
-281
-270
-153
-212
-228
-205
-143
-192
-182
-91
-124
-151
-84
-128
-91
-2
-139
-68
-7
-28
-49
-40
14
10
-8
2
2
-31
14
-5
-3
8
68
43
-37
70
83
21
39
51
8
45
46
-7
67
90
73
36
41
116
49
20
75
98
64
75
131
50
33
103
17
82
177
33
66
124
118
84
66
146
129
101
160
171
154
182
119
186
259
233
189
150
252
285
230
211
211
246
247
131
152
223
189
122
122
168
67
9
28
12
-24
-34
2
-39
-113
-111
-130
-193
-156
-130
-216
-169
-115
-164
-183
-180
-178
-212
-138
-125
-205
-137
-86
-178
-124
-50
-182
-151
-57
-128
-157
-95
-115
-132
-78
-145
-154
-97
-180
-174
-89
-158
-123
-106
-139
-118
-195
-55
-121
-193
-16
-144
-114
-35
-130
-75
-35
-30
-73
-78
0
-89
-44
17
-103
-26
42
-67
-85
-72
-27
-33
-81
16
6
-56
-73
17
-48
-102
45
-5
8
80
20
19
87
74
66
75
191
179
74
112
224
267
90
155
305
231
109
211
266
121
201
272
134
140
273
66
24
245
136
47
114
111
99
70
4
46
65
40
20
39
83
0
52
31
47
95
-38
68
97
41
7
57
89
-8
43
70
-4
10
118
19
-38
35
54
-27
-43
42
-36
6
55
-73
-57
53
-58
-104
26
39
-53
-66
13
-42
-79
-51
-45
-64
-41
-6
-87
-61
-25
-64
-80
-132
-67
-28
-130
-136
-40
-63
-144
-94
-86
-120
-111
-145
-119
-85
-143
-112
-86
-120
-127
-124
-99
-110
-65
-103
-82
14
-69
-94
-48
-12
-32
-34
0
-15
8
-4
-1
26
6
22
6
-14
-14
2
-26
-43
6
3
-29
-29
-30
-82
-46
-31
-53
-32
-57
-52
-17
-9
-56
-44
-13
-33
4
22
0
53
40
30
42
1
75
90
54
79
117
114
50
87
82
75
103
67
94
138
125
41
79
163
60
29
116
98
108
170
89
72
183
81
58
176
110
106
124
119
143
170
115
28
96
126
58
62
56
67
69
-8
71
38
-39
5
-9
-30
-4
-5
-58
-45
-21
-22
-77
-64
-92
-56
-45
-98
-13
-41
-85
-135
-63
-14
-90
-78
-94
-79
-46
-66
-83
-65
-102
-113
-94
-86
-89
-104
-103
-152
-54
-75
-194
-128
-133
-127
-120
-136
-156
-97
-77
-221
-112
-56
-152
-137
-106
-83
-105
-26
-47
-147
-86
0
-70
-110
-8
8
-53
-15
29
-57
-12
8
2
39
15
22
-7
31
40
26
60
48
55
57
11
58
114
90
31
51
146
99
9
64
140
131
87
69
129
155
123
70
76
172
162
45
98
245
114
38
167
116
75
133
109
99
163
144
87
86
132
141
55
60
154
165
70
99
117
73
102
70
35
100
77
31
127
53
3
39
42
-2
-52
14
7
-31
-20
-30
-41
-89
-87
-74
-171
-78
-71
-163
-127
-131
-102
-129
-239
-169
-91
-185
-220
-111
-123
-213
-83
-137
-215
-143
-156
-168
-101
-82
-128
-101
-119
-71
-91
-138
-79
-53
-70
-38
-51
-84
1
-20
-59
-5
-22
-78
8
49
-38
-20
61
29
-40
13
32
-25
11
73
22
0
75
8
-1
60
25
17
30
34
-1
49
60
3
15
32
9
10
24
-19
-15
38
66
4
-5
55
25
32
39
7
35
84
106
31
94
151
92
95
111
127
100
185
144
118
211
179
133
137
154
151
175
141
141
111
112
117
60
104
82
23
59
74
-13
-74
-19
-9
-75
-26
-45
-81
-47
-117
-87
-85
-138
-83
-119
-113
-50
-106
-108
-100
-86
-73
-94
-68
-79
-60
-54
-62
-44
-59
-48
-29
-41
-32
-48
-63
-12
-19
-48
-42
37
11
-81
-18
-15
-28
-12
-53
-10
33
-35
-38
5
-20
-27
-49
-65
17
-5
-44
-28
-27
-29
-54
-30
-46
-41
-48
-75
-50
-82
-98
-82
-127
-62
-32
-159
-133
-44
-99
-137
-82
-45
-92
-111
-29
-78
-67
-51
-32
-11
2
87
-16
-10
50
65
34
58
117
85
103
148
121
70
145
135
110
120
149
111
92
196
120
47
128
131
76
92
111
85
69
86
33
28
73
69
63
11
27
66
18
-2
-21
38
78
-34
-22
38
-4
-15
10
-18
14
37
-1
-26
23
57
-75
7
89
-18
2
23
31
-10
-11
40
-23
15
69
26
-4
43
70
-8
1
51
65
20
8
53
41
0
34
29
-35
58
45
-82
-41
31
-33
-73
-16
-18
-95
-81
-89
-159
-93
-61
-118
-175
-120
-66
-167
-177
-106
-145
-138
-95
-100
-129
-124
-86
-116
-92
-66
-47
-65
-49
-20
-44
-18
-1
-21
-30
30
-1
14
27
-17
22
9
11
33
20
-10
24
41
3
21
21
11
9
33
49
38
17
-1
73
36
15
95
60
29
86
66
9
98
97
15
82
100
45
75
54
66
78
53
79
52
51
59
58
55
45
57
28
37
70
16
28
70
30
29
61
54
45
25
36
53
5
67
59
40
90
27
12
21
56
24
-13
58
38
28
23
-27
-2
-10
-30
-26
-58
-19
-38
-88
-70
-74
-73
-84
-114
-122
-100
-102
-130
-110
-86
-125
-97
-75
-146
-115
-97
-135
-107
-49
-59
-95
-52
-44
-79
-51
-38
-79
-41
-57
-50
35
-25
-52
-33
-32
-41
-44
-31
-17
18
-14
-19
29
-9
-46
-22
10
25
-9
9
30
-10
15
41
2
8
46
46
33
50
55
14
36
32
16
33
44
67
25
4
53
48
0
7
57
104
68
17
61
55
29
27
48
64
76
100
31
59
69
44
68
76
84
82
115
53
52
74
64
55
79
127
57
54
85
74
28
33
80
42
58
67
19
22
19
11
13
13
8
11
19
-2
-3
-19
-35
-5
-55
-64
0
-21
-47
-65
-38
-27
-47
-66
-86
-16
-33
-83
-80
-66
-61
-87
-77
-66
-73
-98
-92
-102
-101
-84
-97
-94
-51
-70
-122
-58
-81
-112
-77
-84
-73
-64
-59
-52
-57
-72
-49
-45
-59
-23
-41
-76
-22
-27
-56
-31
-30
-37
-47
-49
-43
-55
-43
-30
-29
16
-5
-29
2
-20
-24
-6
8
18
38
24
1
80
56
4
48
50
76
87
42
54
110
87
49
87
137
79
66
98
84
110
79
73
116
140
93
68
91
105
102
65
91
123
110
65
79
108
97
80
65
96
104
62
63
90
89
82
60
88
83
44
60
58
70
56
23
49
61
32
18
28
37
1
-1
26
-48
-27
-7
-46
-19
-28
-28
-68
-41
-67
-97
-62
-108
-65
-42
-87
-89
-82
-114
-92
-106
-94
-75
-95
-73
-103
-91
-110
-96
-92
-128
-85
-94
-115
-144
-101
-68
-133
-95
-81
-144
-117
-66
-130
-113
-65
-88
-85
-101
-74
-102
-83
-54
-83
-58
-40
-48
-72
-26
-23
-65
-22
-15
-42
-14
-16
-18
5
0
8
5
0
24
15
4
28
45
35
14
63
62
12
43
48
64
112
63
55
126
97
49
89
135
116
103
87
102
143
99
98
120
139
147
86
99
161
99
62
131
136
111
80
78
111
102
81
56
95
118
65
51
37
65
69
34
59
44
33
48
28
-8
2
26
0
10
35
-3
-32
-4
-4
-31
-57
-26
-10
-62
-51
-25
-68
-71
-36
-64
-75
-61
-56
-77
-106
-79
-49
-77
-111
-74
-65
-74
-87
-119
-63
-49
-99
-101
-83
-68
-82
-80
-76
-92
-86
-89
-103
-90
-58
-69
-81
-82
-80
-80
-89
-89
-71
-35
-58
-61
-49
-60
-47
-53
-59
-22
12
-23
-36
-6
-9
-8
6
-6
11
19
13
14
13
22
13
21
61
61
28
10
18
56
53
24
54
90
57
32
51
74
52
42
84
70
79
87
40
33
87
96
63
51
67
68
46
47
45
74
69
54
60
43
39
36
43
41
42
55
43
40
36
44
43
28
15
32
59
12
21
73
63
9
9
42
23
26
33
37
42
27
10
8
14
17
-4
13
38
-17
-15
-8
-17
-4
-39
-6
5
-22
-23
-41
-35
-42
-34
-17
2
-10
-47
-36
-33
-46
-37
-28
-32
-11
-10
-62
-72
-44
-55
-72
-48
-33
-47
-61
-60
-60
-65
-72
-76
-36
-30
-56
-53
-50
-46
-50
-52
-44
-26
-49
-59
-23
-9
-38
-56
-45
-42
-37
-37
-19
-12
-17
-21
-32
-25
-14
-8
-23
-24
-3
6
-13
-21
3
12
-13
-29
-19
-25
-39
-21
15
-10
-7
12
-30
-21
2
6
7
1
32
53
29
19
23
50
40
22
53
61
53
39
29
46
55
38
35
77
77
43
47
44
63
81
71
77
84
74
58
53
52
69
78
66
70
77
62
43
52
69
43
48
59
50
75
60
52
72
54
30
28
43
37
21
33
24
15
31
10
-11
3
3
-17
-16
-15
-12
-17
-29
-23
-35
-39
-35
-46
-66
-56
-52
-68
-76
-72
-73
-79
-57
-78
-86
-68
-87
-92
-94
-89
-85
-73
-68
-72
-62
-81
-106
-92
-95
-93
-82
-77
-46
-63
-65
-46
-62
-68
-64
-46
-53
-50
-24
-42
-24
-4
-37
-17
-16
-34
-23
-30
-25
-7
12
12
10
25
16
-12
-7
6
9
14
22
31
39
47
38
38
34
33
38
49
74
73
81
94
82
82
89
84
76
81
99
102
88
79
87
89
86
88
80
90
88
66
75
82
79
84
76
61
50
37
27
36
45
43
29
30
26
5
-3
-9
3
11
1
-13
-13
-18
-30
-44
-46
-38
-50
-47
-54
-57
-59
-78
-68
-57
-65
-48
-45
-69
-63
-54
-67
-66
-58
-61
-59
-58
-65
-78
-83
-85
-84
-95
-98
-81
-83
-78
-82
-82
-86
-77
-70
-73
-70
-53
-46
-66
-47
-36
-37
-34
-22
-19
-27
-3
-9
-14
15
17
13
9
-3
16
11
4
23
16
30
26
5
19
40
31
29
58
65
52
48
55
51
52
60
64
77
86
77
57
72
70
47
60
71
68
74
74
62
80
78
77
72
85
99
66
89
80
68
93
80
69
76
82
57
35
53
60
44
30
38
36
16
31
28
28
40
18
0
0
10
2
7
20
5
-21
-13
-26
-39
-22
-48
-35
-26
-44
-46
-50
-37
-43
-52
-49
-56
-66
-82
-73
-46
-44
-45
-36
-42
-57
-59
-55
-59
-64
-55
-37
-21
-33
-60
-56
-51
-50
-33
-26
-23
-24
-31
-23
-14
-22
-29
-25
-18
-30
-35
-13
-14
-20
-4
-9
-10
-1
-6
-18
-18
-29
-32
-5
-13
-5
18
0
-19
-18
3
-18
-32
-4
-7
-20
10
1
-19
-11
-10
-12
-5
14
-3
18
13
-3
10
-5
-12
-17
11
0
-22
-14
-16
-4
10
19
15
-15
-25
-22
-11
27
21
0
-6
-7
0
-2
-7
-16
-4
7
-3
7
-2
-23
-20
-19
-10
-11
-13
-26
-31
8
7
-16
-12
-5
-14
-17
5
1
4
15
1
19
40
53
48
39
57
69
81
77
70
73
79
75
65
76
83
72
85
93
81
65
47
71
86
73
62
42
15
13
29
12
13
7
-39
-47
-20
-9
-36
-41
-11
-35
-41
-29
-59
-52
-36
-37
-30
-24
-22
-35
-40
-37
-52
-51
-44
-37
-35
-31
-31
-47
-52
-65
-52
-22
-19
-27
-33
-48
-67
-57
-38
-41
-45
-40
-41
-33
-42
-40
-18
-10
3
1
-15
-12
0
0
11
22
27
34
36
54
35
-2
-6
-1
0
16
30
13
8
18
2
1
34
26
16
43
11
-2
43
41
23
26
17
6
21
29
20
30
34
38
40
28
42
45
47
54
35
31
27
23
35
48
56
56
51
57
51
61
60
59
67
46
31
37
42
40
50
55
37
38
51
31
18
31
15
-1
9
-1
-12
-10
-24
-27
-19
-25
-19
-14
-28
-46
-51
-40
-34
-42
-60
-58
-49
-65
-66
-56
-46
-50
-56
-55
-61
-62
-46
-36
-38
-45
-53
-46
-37
-22
-38
-39
-16
-13
-10
-28
-29
-38
-39
-16
-24
-23
-19
-25
-13
-17
-39
-40
-34
-30
-36
-37
-43
-37
-36
-46
-23
-25
-39
-35
-38
-28
-23
-23
-31
-43
-36
-41
-45
-33
-31
-53
-47
-29
-23
-13
-10
1
-1
1
1
-8
-9
-6
-2
11
32
20
17
40
48
52
68
68
59
64
60
52
63
60
48
56
53
52
65
57
64
72
76
71
58
61
58
58
42
36
30
12
9
17
30
19
12
27
12
-11
-3
-7
-12
-29
-38
-46
-58
-44
-55
-47
-42
-54
-43
-36
-39
-39
-39
-43
-50
-48
-28
-20
-20
-18
-17
-24
-8
1
-14
-1
-2
-6
6
3
-2
-7
-13
-26
-24
1
10
15
17
-10
-6
-3
-5
15
19
18
9
4
1
-8
1
9
22
30
19
9
12
17
16
17
18
9
11
10
13
22
11
11
15
30
41
43
44
43
50
39
39
52
57
58
58
46
35
47
38
29
41
44
54
67
54
40
46
35
28
33
35
33
27
21
25
23
-5
-1
12
25
31
8
6
4
-3
2
-15
-17
-16
-24
-12
-18
-18
-24
-29
-16
-27
-37
-37
-33
-31
-39
-32
-42
-39
-32
-50
-44
-43
-48
-39
-37
-25
-8
-22
-37
-30
-35
-38
-26
-24
-34
-47
-43
-36
-31
-24
-29
-32
-26
-23
-27
-26
-11
-4
-8
-10
-12
-15
-20
-21
-22
-27
-39
-27
-22
-17
-1
-7
-18
-21
-30
-29
-8
-1
-12
-29
-35
-25
-22
-7
-14
-37
-50
-50
-30
-16
-14
-23
-28
-21
-15
7
14
5
11
10
20
27
18
17
18
19
21
19
15
16
24
32
48
54
46
41
27
45
56
41
44
42
45
49
39
36
46
46
38
45
48
46
49
43
38
43
40
39
39
30
26
22
31
43
28
11
7
2
-4
-8
-29
-35
-37
-38
-20
-27
-37
-38
-32
-16
-1
-10
-24
-28
-41
-47
-40
-30
-25
-29
-31
-33
-32
-36
-40
-42
-44
-36
-24
-30
-39
-46
-43
-34
-40
-38
-37
-33
-20
-21
-31
-36
-25
-22
-21
-30
-52
-37
-13
-11
-9
-14
-16
-12
-1
5
-9
-1
16
6
1
6
-17
-28
-7
8
6
15
11
3
22
36
33
23
39
51
32
23
31
30
41
53
44
46
45
39
46
39
33
49
53
41
43
32
23
38
35
22
15
20
28
36
47
39
36
40
37
26
21
16
-1
-5
1
-3
-3
0
-8
-12
-4
-6
-7
7
10
14
21
13
11
12
12
11
9
7
10
22
24
14
13
9
10
19
18
20
14
13
23
22
22
19
13
23
28
24
20
17
21
23
22
11
3
12
8
18
18
3
9
9
11
14
5
6
6
5
-1
3
10
6
9
1
-4
0
-9
-12
-18
-27
-30
-42
-40
-44
-51
-40
-51
-59
-68
-74
-67
-68
-75
-76
-75
-80
-74
-65
-73
-80
-70
-73
-76
-54
-52
-56
-49
-48
-50
-36
-26
-26
-33
-36
-38
-36
-18
-16
-15
-13
-18
-6
-4
8
19
-4
-3
9
-2
13
22
13
12
11
10
3
5
10
-3
-1
2
-9
3
14
20
17
10
4
3
14
24
24
18
21
17
13
23
27
20
15
20
21
14
30
37
21
28
27
11
24
35
34
49
49
40
30
25
34
37
44
49
37
38
32
33
47
47
45
41
35
25
26
30
28
20
6
-3
-4
7
21
24
29
21
3
0
-12
-11
-5
-5
-3
-6
3
-8
-17
-5
-16
-21
-10
-19
-23
-16
-17
-25
-25
-22
-31
-23
-22
-25
-35
-35
-29
-35
-29
-31
-49
-52
-52
-59
-54
-49
-55
-56
-42
-47
-50
-43
-58
-53
-46
-46
-57
-67
-59
-71
-66
-61
-79
-77
-73
-77
-66
-60
-57
-60
-60
-59
-65
-57
-57
-55
-44
-36
-34
-32
-23
-21
-11
-5
-12
-1
3
8
20
27
43
55
57
62
64
62
69
85
92
99
103
102
101
94
105
101
97
112
123
135
143
134
130
127
118
116
115
115
104
103
101
97
102
94
93
93
84
83
80
68
63
66
64
52
51
44
38
38
27
29
26
14
7
2
0
-3
-2
-13
-24
-18
-13
-9
-8
-16
-28
-29
-38
-43
-46
-52
-56
-60
-69
-64
-59
-66
-60
-64
-63
-55
-60
-56
-54
-65
-72
-68
-67
-59
-50
-52
-54
-52
-54
-52
-44
-45
-48
-36
-31
-35
-29
-36
-39
-33
-29
-27
-30
-26
-17
-16
-19
-26
-30
-19
-6
2
-3
-9
-13
-16
-20
-22
-16
-10
2
1
-4
5
3
0
5
0
-2
9
6
12
18
5
-2
-3
-2
10
10
4
-4
-12
-8
1
13
23
22
15
14
2
-12
4
10
4
2
-3
-12
-10
1
-8
2
12
5
6
8
1
-1
8
-5
-20
-12
-9
-13
-13
-16
-23
-24
-27
-23
-10
-4
-8
-16
-13
-10
-23
-31
-24
-20
-20
-23
-33
-36
-24
-25
-26
-21
-23
-24
-10
-13
-26
-21
-17
-13
-11
-13
-18
-15
-7
-8
-13
-13
-5
2
9
5
0
-5
5
19
11
16
20
12
9
7
11
10
17
21
14
15
18
16
20
32
25
18
22
14
13
22
16
15
27
27
23
14
10
6
11
15
17
16
20
23
20
24
26
18
13
20
16
14
16
9
9
9
12
13
9
12
12
11
13
10
13
13
19
20
9
12
10
8
19
9
-5
-9
-12
-10
-6
-7
-10
-12
-10
-5
3
1
-5
-8
-11
-3
0
-5
-5
-12
-21
-19
-19
-19
-13
-8
-8
-2
1
-1
9
20
24
34
35
26
23
37
40
38
39
33
33
43
44
48
56
53
48
58
67
59
65
58
50
58
54
54
58
48
42
33
28
30
29
31
30
36
34
23
15
7
14
15
6
8
0
-14
-9
-10
-20
-21
-26
-39
-39
-37
-42
-37
-36
-44
-48
-54
-59
-59
-54
-50
-54
-58
-62
-66
-69
-66
-64
-59
-52
-58
-65
-59
-56
-53
-47
-58
-61
-54
-51
-54
-52
-50
-59
-58
-47
-49
-46
-40
-43
-42
-26
-22
-20
-11
-17
-24
-20
-18
-23
-23
-14
-18
-9
2
-11
-9
-4
-6
6
13
6
0
1
0
2
2
-3
-3
5
18
28
22
20
23
20
23
31
28
28
36
32
28
35
24
18
26
21
21
28
28
23
21
22
24
33
36
32
29
33
40
40
26
16
12
11
21
27
17
3
3
6
11
17
15
10
10
11
8
0
0
-6
-13
-7
-3
-4
-7
-7
-6
-5
-9
-12
-22
-25
-12
-11
-12
-16
-27
-29
-27
-23
-16
-14
-23
-36
-29
-20
-16
-6
-15
-24
-17
-11
-12
-11
-11
-18
-22
-26
-26
-7
-2
-3
-3
-8
-4
-2
-4
-3
1
-2
-1
0
-3
10
18
16
14
6
7
24
27
24
23
13
15
19
27
36
37
38
36
37
43
47
40
35
35
40
47
43
37
49
52
43
55
53
42
51
48
46
55
50
52
57
49
50
48
45
49
48
39
37
42
37
38
36
24
22
17
19
17
7
7
-1
-13
-15
-19
-27
-24
-21
-27
-26
-33
-49
-51
-58
-58
-51
-61
-66
-69
-65
-62
-62
-71
-78
-67
-59
-61
-70
-76
-78
-73
-58
-55
-59
-61
-60
-58
-52
-50
-51
-50
-51
-46
-35
-35
-32
-24
-23
-16
-8
-12
-13
-9
-6
-7
-6
-1
8
11
14
13
7
5
8
13
18
15
11
11
14
18
16
12
12
12
19
21
13
12
11
10
19
19
16
21
21
13
13
15
15
15
11
3
4
14
15
12
8
9
10
15
15
6
6
17
23
22
12
4
3
6
3
5
12
16
21
17
13
16
15
8
6
4
7
12
10
6
6
6
12
17
13
14
16
18
22
15
6
7
5
5
16
20
23
27
18
11
11
4
4
13
20
19
9
-1
-2
0
5
6
3
3
5
5
6
6
4
5
10
17
17
4
-11
-21
-25
-23
-22
-24
-28
-31
-28
-20
-15
-11
-12
-17
-16
-12
-14
-16
-18
-23
-21
-17
-16
-15
-15
-15
-16
-17
-23
-28
-24
-21
-21
-20
-20
-17
-5
1
-1
-6
-9
-10
-12
-10
-5
-6
-6
-3
-7
-6
2
5
6
9
9
7
10
13
15
19
29
35
34
33
32
34
38
45
41
35
33
29
34
40
37
29
17
10
12
13
8
3
-1
-1
-3
-6
-6
-1
-4
-10
-15
-20
-21
-19
-20
-21
-20
-30
-38
-38
-37
-31
-24
-33
-45
-44
-45
-43
-38
-43
-52
-51
-46
-33
-20
-18
-18
-19
-20
-7
1
1
5
5
4
7
7
10
22
30
29
26
17
13
17
25
31
35
29
22
23
28
34
34
22
10
8
17
23
20
9
0
-7
-6
-2
-3
-5
-10
-17
-18
-12
-8
-9
-14
-12
-11
-9
-7
-10
-8
-4
-6
-3
0
3
8
7
2
0
-3
-4
1
-1
3
8
1
-1
1
1
4
2
-9
-8
-3
-3
4
3
-1
5
10
14
16
10
8
0
-5
0
9
13
10
3
2
9
15
16
16
17
15
15
14
7
6
10
9
11
15
13
15
19
18
22
24
19
18
19
18
19
15
8
5
5
9
12
13
12
13
16
16
14
12
7
4
3
2
5
9
7
2
-1
-5
-5
-4
-1
3
3
-1
-4
-7
-8
-5
-4
-5
-9
-13
-15
-15
-13
-13
-14
-19
-23
-18
-12
-16
-16
-14
-19
-19
-16
-17
-17
-18
-23
-20
-15
-12
-6
-6
-8
-5
-6
-8
-11
-11
-6
-3
-6
-5
-9
-12
-8
-4
-5
2
9
11
12
13
11
4
-2
-3
-1
5
11
11
11
7
1
2
3
0
7
9
-3
-10
-13
-17
-17
-19
-24
-27
-30
-30
-26
-25
-26
-28
-34
-40
-39
-40
-46
-52
-55
-52
-49
-51
-53
-49
-44
-41
-38
-37
-32
-31
-29
-22
-23
-22
-21
-25
-25
-20
-18
-21
-16
-11
-6
2
7
7
11
11
10
13
17
17
17
15
13
20
24
20
20
23
26
33
38
35
41
48
51
57
61
58
58
64
74
80
79
77
72
67
66
66
61
56
50
44
47
46
45
46
39
33
32
29
24
24
23
16
8
6
2
-4
-3
-6
-12
-12
-14
-19
-19
-21
-24
-22
-24
-26
-21
-25
-27
-21
-20
-20
-19
-22
-23
-24
-27
-27
-30
-32
-26
-24
-25
-22
-23
-19
-12
-11
-12
-15
-19
-15
-8
-5
-8
-11
-7
-6
0
7
5
1
0
-3
-7
-1
4
7
14
15
16
19
21
20
20
19
17
20
20
18
24
22
17
15
9
4
6
12
21
23
21
21
20
18
21
18
11
8
8
9
14
11
12
16
10
6
4
-3
-8
-9
-7
-3
-2
-2
0
2
5
6
2
-4
-6
-8
-8
-7
-9
-13
-11
-11
-11
-6
-7
-8
-6
-8
-11
-12
-12
-6
0
1
-2
-4
-2
3
8
9
7
2
-4
-6
-6
-5
-6
-7
-11
-10
-7
-3
-1
-7
-8
-5
-3
-2
-3
-4
-5
-5
-8
-7
-10
-14
-17
-20
-27
-32
-31
-29
-23
-22
-27
-25
-19
-12
-9
-12
-18
-23
-27
-32
-33
-33
-34
-36
-31
-25
-21
-15
-12
-16
-13
-15
-20
-24
-21
-21
-22
-21
-19
-16
-7
1
2
1
1
0
4
10
13
11
3
0
5
10
16
17
15
18
22
21
20
19
15
12
9
3
5
6
6
9
10
8
2
-4
-3
-3
-10
-15
-21
-29
-30
-30
-29
-25
-27
-28
-26
-32
-36
-35
-36
-35
-36
-39
-37
-31
-26
-20
-11
-9
-10
-9
-5
-3
-4
-7
-13
-12
-8
-7
0
6
6
11
14
15
19
21
19
20
18
14
18
22
26
34
36
38
43
39
36
36
31
30
32
29
25
24
25
32
40
41
42
47
48
45
45
45
44
49
50
48
50
49
51
58
60
63
64
59
57
59
57
56
58
57
53
46
40
39
40
37
35
33
33
32
24
17
13
12
15
15
14
7
0
-5
-6
-9
-9
-6
-3
0
-3
-11
-13
-13
-11
-5
-5
-8
-9
-13
-14
-15
-12
-13
-16
-22
-28
-31
-33
-35
-37
-38
-36
-35
-37
-40
-40
-38
-39
-40
-43
-47
-50
-49
-49
-48
-47
-47
-46
-42
-39
-39
-36
-32
-29
-25
-23
-24
-26
-27
-26
-19
-15
-14
-12
-12
-10
-6
-3
2
2
3
3
-1
-4
-8
-9
-8
-2
0
0
-1
-2
-4
-7
-11
-13
-18
-21
-25
-28
-26
-23
-19
-13
-9
-7
-8
-12
-12
-13
-17
-15
-17
-17
-13
-12
-9
-5
-2
1
3
4
5
1
-3
-4
-4
0
1
-1
3
11
16
18
15
12
10
8
8
10
15
18
15
14
16
18
23
23
19
19
16
13
13
13
13
12
9
9
9
8
8
9
9
6
1
-2
0
1
-2
-4
-7
-12
-10
-8
-7
-6
-10
-7
-2
-3
-7
-8
-5
-4
-7
-8
-7
-7
-8
-9
-6
-1
6
7
6
8
7
5
5
3
4
3
2
3
-1
-2
2
4
8
8
3
2
3
-1
-4
-3
-1
2
4
4
3
1
1
2
2
2
0
-2
-1
1
1
1
1
1
1
3
5
3
5
4
1
1
0
-1
1
-1
-2
1
3
2
3
3
3
6
5
3
4
3
-3
-5
-4
-6
-4
-3
-6
-7
-6
-7
-4
1
3
1
-2
0
1
-3
-5
-6
-5
-5
-4
-3
-1
1
0
2
5
6
4
3
5
7
10
12
14
16
15
17
19
22
26
28
32
33
33
34
36
40
42
42
39
38
36
31
28
26
25
28
29
24
20
18
17
17
22
26
27
23
12
2
-2
-6
-4
-3
-5
-7
-13
-16
-14
-13
-14
-12
-8
-13
-19
-25
-30
-29
-27
-26
-25
-24
-25
-25
-23
-20
-18
-19
-14
-12
-15
-18
-23
-26
-26
-25
-25
-22
-19
-15
-12
-8
-7
-8
-9
-10
-11
-12
-14
-18
-18
-15
-8
-3
-3
-6
-8
-7
-5
-5
-10
-17
-16
-17
-18
-15
-15
-12
-5
-4
-4
-5
-8
-5
-3
-6
-6
-5
-12
-11
-7
-7
-2
1
-2
2
6
0
-1
1
-1
-1
-2
-4
0
0
0
2
6
12
11
6
3
4
6
3
1
-1
1
2
-3
-2
2
1
6
10
13
13
5
-4
-6
-4
-2
-1
-1
1
8
12
12
11
8
5
5
7
6
0
-5
-3
-2
1
3
4
3
4
3
2
3
1
-2
1
-1
-6
-10
-13
-14
-10
-7
-5
-4
-4
-4
0
2
0
-3
-11
-14
-11
-12
-11
-11
-8
0
3
7
12
7
-1
-10
-12
-8
-5
-4
-6
-9
-9
-7
-1
5
10
11
7
3
-1
-3
-1
-1
0
-2
-2
-1
3
8
14
18
17
15
12
6
1
-2
-5
-3
-2
0
-2
-2
4
12
16
12
9
5
1
0
0
-2
-1
0
5
12
17
20
20
17
15
13
11
7
1
-3
0
1
7
11
13
17
21
21
22
19
10
2
-1
-6
-8
-12
-14
-8
3
5
5
5
6
3
0
-5
-8
-10
-17
-21
-23
-21
-16
-9
-3
1
0
1
-1
-12
-20
-23
-21
-17
-14
-15
-12
-8
-2
3
4
5
11
14
11
10
7
4
2
4
7
12
16
16
20
24
19
16
18
20
19
14
11
15
19
18
12
12
17
15
8
9
13
7
4
3
3
3
1
0
-1
-3
-4
-2
-2
-3
-5
-9
-11
-17
-22
-24
-19
-16
-14
-8
-4
-12
-18
-15
-11
-10
-10
-8
-1
1
-6
-14
-18
-15
-9
-7
-4
2
2
-1
-4
-2
0
2
3
2
2
-2
-7
-5
-3
-4
1
4
1
0
0
3
6
2
1
2
0
-2
-6
-11
-4
2
2
4
5
6
5
1
1
4
5
0
-1
0
-2
-8
-10
-3
4
4
0
2
-1
-6
-11
-14
-18
-17
-16
-11
-5
-5
-8
-10
-5
2
-3
-13
-15
-14
-18
-22
-21
-17
-12
-11
-13
-6
-3
-9
-13
-12
-11
-9
-9
-12
-14
-14
-13
-6
4
11
13
12
13
14
10
5
2
1
6
9
10
13
16
15
17
17
14
11
-1
-8
-5
-6
-8
-8
-9
-6
-2
-4
-8
-9
-11
-13
-15
-16
-16
-15
-13
-13
-12
-10
-6
3
5
6
4
2
1
1
-7
-10
-3
6
9
16
17
10
8
9
4
5
6
6
7
8
5
1
5
10
13
12
13
17
14
10
5
5
11
11
11
12
13
12
14
19
24
29
34
35
33
30
23
21
28
35
40
41
37
34
29
25
26
31
33
34
33
31
26
18
19
21
25
32
36
33
30
26
22
24
24
21
25
26
20
14
11
9
5
2
1
4
8
7
4
3
4
1
2
0
-3
-9
-19
-26
-30
-32
-33
-36
-40
-42
-38
-34
-35
-34
-35
-35
-31
-36
-43
-43
-45
-48
-49
-49
-44
-36
-30
-29
-27
-31
-37
-34
-33
-36
-31
-24
-21
-20
-22
-20
-15
-9
-7
-9
-13
-17
-19
-18
-21
-19
-14
-13
-11
-5
-6
-8
-5
-4
-6
-10
-12
-14
-15
-11
-5
1
1
6
10
8
7
12
11
11
10
8
9
8
7
9
15
17
19
21
21
21
16
12
6
3
2
-4
-5
-3
-1
2
6
10
15
14
10
5
0
-6
-7
-6
-6
-6
-2
-1
1
-2
0
4
5
3
0
-2
-4
-7
-11
-9
-10
-7
0
1
0
2
-1
-5
-2
1
2
0
1
7
8
-1
-5
-5
-2
3
5
5
2
-1
-5
-11
-11
-5
0
8
10
10
9
10
9
7
8
10
13
10
4
1
-1
-3
-3
-1
-1
-5
-3
1
1
2
3
7
11
10
6
3
3
5
5
4
5
9
6
3
4
5
5
6
8
13
15
12
8
7
-2
-4
2
9
14
15
10
11
13
8
5
4
4
5
5
1
2
3
3
3
3
6
8
10
10
7
2
0
3
4
0
-2
-3
-2
-4
-5
-2
-1
-1
-1
-5
-7
-8
-11
-13
-8
-3
0
6
7
-1
-7
-10
-10
-9
-7
-11
-11
-10
-9
-6
-5
-7
-7
-4
2
6
5
1
-2
-8
-15
-18
-13
-7
-2
2
4
2
-2
-6
-9
-11
-9
-7
-1
6
4
-5
-8
-8
-7
1
6
5
8
3
-4
-9
-11
-8
0
4
5
9
6
2
-2
-4
-4
0
2
1
2
3
2
2
1
2
3
7
9
10
9
7
5
5
2
1
5
9
10
7
4
4
8
10
8
9
8
6
3
4
5
7
6
5
5
2
1
-1
-5
-4
0
-2
1
2
2
5
1
-5
-5
-5
-5
-3
-2
-1
-1
-5
-5
-4
-3
-5
-7
-6
-5
-7
-11
-13
-14
-17
-17
-12
-8
-3
-1
0
0
-1
-4
-3
2
6
5
3
2
1
-3
-8
-4
4
9
9
3
5
9
5
0
1
2
5
3
0
1
1
1
4
5
5
4
3
3
3
2
1
-2
-5
-7
-3
3
8
6
0
0
2
1
-3
-5
-3
-2
-4
-8
-11
-11
-9
-7
-3
-2
-1
-2
-2
-2
-3
-2
-1
-1
-2
-3
0
3
4
-2
-1
-1
-3
-1
-1
-1
1
-1
-5
-4
1
5
