-1
-3
-3
-2
-3
-4
-5
-6
-5
-5
-5
-6
-4
-5
-4
-4
-3
-3
-2
-1
0
1
1
0
1
2
2
2
2
2
1
1
1
1
1
1
1
0
0
-1
1
0
0
0
0
0
0
1
1
2
3
3
4
4
4
5
6
7
6
5
6
8
6
4
5
5
3
1
1
2
1
-1
-3
-3
-1
-3
-3
-3
-3
-2
-1
-1
-2
0
0
-2
0
0
0
-1
0
2
2
1
-1
1
1
0
0
-1
-2
-3
-4
-4
-5
-6
-6
-7
-8
-8
-9
-8
-8
-7
-7
-6
-6
-5
-5
-4
-6
-5
-2
0
0
2
6
9
12
29
38
42
46
61
74
80
77
76
91
94
77
62
64
59
45
32
16
7
2
-11
-20
-15
-20
-31
-30
-30
-36
-27
-22
-37
-44
-32
-26
-24
-31
-38
-25
-11
-18
-25
-17
-20
-25
-31
-36
-44
-55
-74
-90
-98
-116
-132
-151
-174
-189
-196
-194
-210
-226
-228
-198
-157
-143
-136
-98
-17
53
75
92
165
259
292
275
283
332
362
329
281
266
255
214
158
122
85
30
-15
-41
-79
-120
-146
-153
-180
-222
-220
-181
-179
-230
-233
-169
-122
-140
-151
-104
-51
-33
-27
9
44
55
74
105
125
127
137
156
145
123
136
154
122
59
46
70
59
0
-46
-44
-40
-65
-93
-95
-91
-98
-98
-83
-64
-52
-42
-23
0
29
59
84
92
98
129
170
180
160
157
180
192
172
148
139
132
105
77
64
42
8
-27
-50
-64
-80
-103
-129
-149
-157
-149
-138
-146
-158
-142
-101
-71
-64
-47
-10
28
50
71
101
123
129
127
133
140
123
90
57
26
-11
-51
-94
-154
-219
-267
-298
-334
-387
-428
-435
-426
-426
-409
-353
-293
-254
-191
-79
27
94
152
243
347
415
436
453
497
520
496
461
431
392
337
274
217
160
85
11
-35
-82
-153
-207
-225
-260
-316
-338
-314
-308
-344
-361
-316
-261
-250
-247
-199
-136
-100
-63
-3
47
74
109
165
199
205
226
252
248
229
233
246
216
157
126
131
113
52
2
-16
-31
-55
-73
-86
-98
-100
-85
-57
-38
-21
6
49
85
113
153
203
233
241
259
294
321
312
291
288
288
269
229
200
170
128
80
39
4
-40
-85
-123
-156
-192
-217
-229
-243
-259
-260
-241
-220
-214
-199
-159
-115
-88
-66
-22
21
47
60
83
107
107
90
69
50
11
-45
-99
-150
-217
-295
-358
-415
-481
-540
-557
-566
-567
-550
-494
-428
-365
-286
-188
-70
21
125
236
319
358
409
480
504
476
446
431
408
354
279
218
159
84
6
-33
-83
-156
-215
-241
-263
-298
-322
-325
-330
-349
-346
-309
-271
-276
-273
-223
-158
-127
-99
-49
1
44
85
153
204
221
236
276
316
319
301
301
291
252
215
198
163
92
34
13
-2
-40
-78
-95
-94
-90
-77
-45
-17
2
43
107
166
201
232
279
328
363
384
402
410
404
388
384
380
337
282
246
221
180
126
73
22
-27
-70
-105
-134
-171
-216
-243
-245
-242
-247
-247
-236
-208
-169
-122
-84
-50
-12
35
84
126
148
162
171
174
162
137
103
42
-29
-95
-152
-225
-314
-404
-484
-553
-600
-617
-609
-624
-636
-582
-458
-364
-346
-285
-147
37
145
173
206
310
421
447
437
428
416
404
378
334
282
200
120
64
27
-42
-103
-149
-220
-295
-320
-292
-311
-392
-446
-406
-330
-323
-368
-357
-302
-238
-191
-138
-101
-70
-10
62
135
177
218
256
286
309
351
394
380
322
293
321
338
272
176
125
116
102
61
11
-36
-61
-64
-41
-21
-20
-15
24
87
138
193
244
281
307
354
418
466
467
443
444
465
464
427
382
328
275
233
192
130
54
-24
-89
-135
-176
-229
-291
-349
-376
-370
-360
-368
-382
-366
-317
-255
-210
-178
-141
-80
-28
8
32
49
51
32
8
-12
-46
-122
-200
-288
-358
-406
-419
-418
-454
-482
-446
-323
-243
-245
-220
-84
87
166
157
167
251
337
341
304
284
268
249
210
176
128
70
6
-30
-54
-102
-139
-173
-233
-305
-321
-279
-290
-388
-445
-395
-313
-319
-366
-360
-293
-225
-190
-153
-117
-81
-46
11
62
84
107
134
146
157
192
239
225
164
145
202
254
212
142
127
166
188
168
139
125
122
127
141
145
135
119
121
175
235
278
303
324
371
425
460
468
474
469
447
411
382
347
287
211
142
96
65
10
-59
-107
-157
-187
-198
-224
-282
-318
-310
-307
-304
-309
-308
-269
-228
-198
-154
-94
-48
-20
11
36
58
58
44
13
-24
-56
-108
-166
-261
-342
-372
-378
-371
-382
-384
-351
-271
-184
-145
-119
-32
123
242
256
233
289
388
429
398
345
324
310
266
216
175
103
10
-48
-60
-108
-188
-248
-290
-338
-390
-382
-357
-404
-483
-469
-361
-303
-338
-361
-312
-225
-171
-143
-115
-91
-75
-28
42
67
64
69
88
105
127
171
188
145
99
133
204
195
117
73
91
125
128
102
76
67
88
131
163
164
192
258
329
390
443
510
560
554
542
584
640
616
498
405
380
370
316
210
116
60
26
-13
-41
-84
-153
-194
-195
-202
-217
-240
-280
-312
-326
-306
-266
-267
-306
-293
-209
-135
-118
-122
-102
-64
-38
-36
-43
-69
-125
-175
-193
-239
-329
-394
-411
-369
-321
-303
-278
-215
-106
-21
12
48
155
295
322
241
233
321
392
337
224
203
222
212
161
117
61
-20
-59
-58
-112
-215
-284
-305
-347
-445
-484
-441
-454
-549
-576
-480
-382
-393
-420
-372
-265
-182
-133
-87
-60
-36
17
87
95
74
86
128
125
92
124
182
168
93
73
139
176
128
58
30
45
55
50
34
5
14
88
174
228
268
344
441
503
545
609
673
669
621
593
619
601
507
402
343
318
273
207
138
75
25
-3
-34
-81
-135
-182
-221
-263
-279
-278
-294
-335
-356
-299
-227
-204
-205
-167
-82
-25
-11
-13
-9
-11
-38
-83
-126
-174
-238
-306
-385
-455
-483
-421
-341
-335
-337
-244
-49
73
36
35
197
391
416
280
223
283
357
320
202
144
123
123
110
80
37
-22
-50
-69
-127
-194
-225
-257
-366
-507
-515
-417
-408
-534
-620
-514
-336
-285
-326
-324
-236
-152
-112
-91
-106
-124
-121
-99
-93
-95
-58
-17
-39
-57
42
194
224
146
137
239
323
293
212
148
110
87
69
31
-46
-95
-30
76
133
190
279
402
481
513
589
667
691
637
564
530
500
470
390
284
225
216
220
184
113
62
46
37
-7
-74
-112
-156
-198
-232
-245
-222
-204
-198
-182
-133
-64
-9
32
63
75
81
87
71
41
-24
-99
-134
-182
-248
-323
-379
-374
-302
-196
-154
-150
-94
63
172
123
79
182
354
325
151
103
206
298
225
130
148
182
173
154
159
108
-15
-78
-107
-197
-349
-453
-495
-597
-739
-743
-621
-583
-663
-668
-474
-266
-180
-175
-146
-64
-15
15
10
-69
-162
-200
-199
-235
-273
-239
-197
-210
-198
-66
100
127
49
46
145
205
152
74
28
-1
-3
12
24
5
-5
104
261
343
403
479
570
614
586
595
609
597
537
455
419
374
352
346
289
238
206
206
198
118
21
-67
-125
-181
-253
-301
-347
-374
-342
-291
-216
-138
-56
39
107
183
249
290
281
209
157
114
72
6
-106
-195
-246
-250
-293
-346
-320
-200
-60
-26
-33
28
176
210
95
38
153
324
294
117
67
206
361
358
293
295
328
353
334
306
201
46
-64
-134
-260
-419
-510
-558
-672
-808
-767
-601
-513
-603
-645
-495
-312
-252
-298
-337
-325
-305
-259
-229
-280
-328
-303
-216
-182
-153
-52
41
11
-61
-1
115
94
-70
-194
-173
-111
-138
-183
-199
-173
-100
31
146
197
237
325
435
450
419
425
457
432
357
334
375
402
399
388
422
478
491
484
449
386
306
217
115
-4
-140
-246
-331
-394
-434
-434
-394
-370
-323
-241
-139
-52
9
65
121
163
187
211
246
251
211
171
168
171
145
59
-9
-52
-98
-154
-208
-132
-89
-77
-93
-39
157
204
160
139
269
495
494
365
278
329
471
417
322
267
232
242
209
200
162
40
-21
-73
-151
-223
-294
-297
-419
-564
-554
-442
-358
-461
-547
-468
-355
-302
-327
-339
-331
-370
-339
-293
-275
-290
-298
-257
-243
-186
-74
-7
-56
-145
-110
-3
-10
-124
-231
-219
-182
-184
-163
-138
-112
-93
-27
66
151
248
332
376
364
398
479
496
402
313
347
419
390
293
241
282
317
270
241
211
165
102
37
-14
-74
-138
-198
-282
-336
-320
-273
-287
-383
-403
-319
-216
-198
-226
-200
-111
-34
2
48
110
145
147
153
163
178
156
93
-21
-107
-139
-56
53
41
-21
-34
132
277
245
129
178
407
553
483
403
433
563
635
558
522
479
424
311
207
140
30
-81
-202
-310
-357
-359
-286
-281
-400
-410
-273
-100
-95
-210
-236
-161
-122
-179
-240
-211
-222
-268
-270
-236
-159
-135
-117
-148
-188
-147
-59
-46
-192
-308
-271
-206
-227
-302
-302
-243
-222
-218
-179
-70
4
28
24
43
107
192
229
214
205
277
403
471
474
449
475
470
449
392
309
224
125
14
-114
-167
-191
-236
-337
-407
-388
-316
-294
-322
-331
-308
-247
-204
-190
-183
-181
-168
-134
-76
-28
-5
13
8
41
82
112
78
13
-22
-46
-58
-127
-179
-230
-155
15
147
162
105
187
270
244
133
173
357
448
334
236
346
559
652
567
531
520
523
461
366
259
86
-52
-141
-222
-289
-335
-298
-301
-405
-432
-314
-151
-170
-304
-306
-153
-51
-74
-120
-41
33
60
88
98
119
92
91
55
-6
-34
2
25
-57
-123
-90
-31
-74
-161
-173
-122
-97
-119
-114
-72
-38
-10
37
49
21
58
146
229
200
160
196
271
307
266
273
280
256
196
145
118
65
-14
-103
-183
-246
-271
-296
-364
-469
-512
-484
-478
-506
-540
-522
-501
-515
-504
-430
-314
-264
-243
-205
-118
-43
-18
-25
-43
-45
-55
-74
-129
-187
-159
38
235
323
304
362
500
476
291
167
326
536
521
345
284
462
681
710
632
555
483
371
216
108
3
-134
-290
-426
-496
-475
-359
-273
-364
-501
-474
-271
-142
-218
-312
-267
-141
-87
-70
11
128
158
131
136
231
335
354
307
216
199
255
321
275
130
33
10
-33
-141
-221
-179
-88
-82
-118
-65
115
269
277
194
153
195
253
249
219
197
239
314
368
424
449
452
400
298
185
118
90
16
-138
-271
-288
-241
-244
-322
-384
-422
-485
-593
-680
-709
-736
-793
-839
-802
-657
-506
-404
-384
-372
-324
-239
-179
-173
-199
-206
-208
-220
-202
-95
205
469
589
504
507
650
679
455
160
242
525
675
517
393
502
712
710
518
426
383
279
50
-42
19
64
-17
-143
-198
-228
-243
-238
-348
-569
-732
-638
-429
-386
-439
-360
-115
-37
-132
-199
-76
-31
-166
-329
-281
-57
89
145
138
263
385
432
344
228
175
92
-26
-162
-148
11
214
301
278
277
366
448
373
230
143
175
217
227
294
414
536
538
488
487
492
452
300
134
31
8
40
54
20
-64
-153
-234
-283
-343
-403
-455
-492
-511
-554
-519
-455
-468
-599
-756
-777
-749
-745
-781
-794
-726
-656
-542
-433
-315
-292
-378
-490
-443
-125
181
333
230
255
439
593
531
408
626
885
935
685
563
723
866
748
489
410
437
365
174
88
140
151
0
-191
-259
-239
-225
-281
-469
-570
-536
-374
-308
-373
-399
-372
-299
-338
-341
-300
-218
-195
-197
-179
-115
14
93
79
-43
-62
36
87
-20
-114
-3
104
35
-75
0
200
244
140
64
132
210
211
197
239
336
393
406
383
434
505
520
450
388
449
556
604
542
465
443
421
346
218
107
36
-62
-190
-299
-281
-210
-191
-282
-389
-415
-410
-430
-511
-559
-597
-613
-648
-670
-638
-624
-628
-706
-722
-657
-564
-535
-574
-380
-73
186
125
24
120
189
121
-44
250
742
1011
894
709
772
870
870
715
575
457
364
340
399
461
395
223
-8
-230
-371
-432
-368
-406
-496
-557
-438
-188
-118
-165
-307
-341
-371
-385
-320
-218
-124
-97
-76
-69
-68
-61
-35
-95
-207
-224
-115
8
36
44
94
52
-57
-111
-40
40
35
53
110
164
185
210
244
200
107
97
158
225
312
416
495
493
454
433
382
309
224
177
155
149
229
299
309
244
162
66
-45
-117
-148
-187
-247
-238
-190
-180
-261
-326
-334
-367
-441
-488
-471
-447
-447
-440
-467
-490
-503
-480
-526
-546
-339
-42
129
-27
-46
83
144
-10
-91
330
755
853
660
629
764
731
556
483
552
548
375
275
393
509
441
266
102
-27
-196
-325
-292
-293
-329
-456
-433
-329
-317
-335
-341
-275
-298
-359
-333
-233
-203
-250
-299
-299
-291
-244
-139
-72
-82
-67
-24
-54
-175
-274
-245
-250
-278
-205
-7
170
185
171
193
178
72
-19
-33
3
50
154
302
381
400
345
291
241
201
193
181
167
148
137
145
151
152
116
35
-36
-57
-22
22
40
23
-28
-116
-172
-198
-214
-234
-246
-214
-189
-192
-197
-184
-175
-222
-306
-346
-300
-226
-175
-168
-163
-195
-207
-159
-85
-3
-53
-44
7
55
50
67
323
582
641
488
395
429
346
151
126
347
520
473
423
524
570
344
108
107
212
120
-70
-57
23
10
-98
-62
55
-6
-177
-203
-83
-75
-176
-160
-34
-13
-136
-187
-94
-38
-85
-118
-51
-51
-132
-209
-230
-214
-259
-315
-370
-403
-363
-282
-200
-190
-198
-191
-197
-195
-157
-117
-129
-154
-94
67
180
175
141
141
184
221
236
242
200
169
154
173
201
190
163
101
45
63
120
140
96
58
111
160
136
113
122
139
79
1
-38
-57
-52
-75
-86
-104
-115
-80
-19
1
-48
-125
-202
-266
-294
-317
-330
-312
-280
-270
-287
-239
-165
-102
-123
-165
-184
-150
-63
-36
-83
-146
-55
129
216
163
117
201
259
184
130
247
389
327
205
250
411
416
235
157
229
270
144
79
148
169
61
-19
71
126
24
-54
58
172
93
-38
12
107
39
-63
-8
115
60
-101
-124
-26
-26
-168
-276
-261
-234
-277
-327
-343
-325
-296
-263
-236
-251
-264
-266
-291
-309
-285
-190
-125
-122
-93
-25
48
58
39
52
85
109
115
135
142
150
196
273
334
342
374
423
441
416
391
395
348
294
264
262
254
235
200
160
151
143
104
-9
-115
-172
-172
-163
-208
-234
-248
-263
-300
-337
-325
-335
-400
-469
-475
-426
-359
-318
-297
-288
-302
-292
-261
-211
-204
-230
-170
-79
0
43
101
158
135
97
143
277
339
307
301
372
410
349
309
338
369
298
214
207
211
184
131
118
109
67
31
34
65
44
14
26
58
46
16
31
33
-38
-166
-220
-170
-146
-199
-253
-221
-160
-160
-191
-190
-186
-252
-318
-302
-226
-193
-214
-212
-188
-160
-152
-117
-80
-87
-87
-34
59
120
148
165
190
211
230
253
269
277
283
316
330
319
367
398
396
374
351
350
299
232
191
203
204
103
13
7
12
-2
-41
-91
-142
-185
-214
-253
-284
-305
-332
-330
-323
-354
-372
-364
-356
-394
-414
-368
-300
-255
-260
-278
-280
-258
-249
-237
-212
-142
-60
-24
-22
-22
23
85
112
120
167
219
238
232
262
311
287
217
214
277
315
259
202
177
128
90
107
162
175
165
171
185
145
72
48
70
47
-13
2
54
19
-95
-136
-82
-71
-155
-220
-196
-150
-177
-220
-211
-194
-242
-310
-313
-254
-231
-276
-292
-261
-203
-144
-88
-32
17
62
87
91
91
99
137
191
248
318
371
393
405
416
400
380
374
386
410
390
371
352
300
211
140
151
165
134
105
87
77
36
-48
-73
-63
-91
-151
-183
-160
-179
-223
-249
-261
-245
-243
-254
-254
-249
-255
-273
-246
-233
-268
-270
-229
-191
-210
-219
-205
-210
-209
-209
-179
-146
-114
-98
-96
-75
-60
-60
-44
4
86
167
184
175
192
220
186
108
97
154
200
211
204
223
192
106
69
106
174
156
117
115
126
104
45
23
-6
-53
-74
-36
27
9
-65
-129
-147
-154
-187
-217
-233
-234
-249
-266
-283
-284
-284
-282
-255
-197
-129
-105
-92
-76
-49
7
28
26
61
139
197
191
205
245
267
264
258
315
376
360
309
281
301
284
233
230
242
244
267
249
219
229
174
82
120
173
55
8
67
60
37
53
8
-54
-52
-90
-110
-65
-59
-169
-209
-186
-204
-192
-180
-209
-225
-197
-201
-218
-186
-195
-266
-274
-270
-295
-255
-202
-245
-312
-274
-216
-236
-259
-212
-96
-11
-17
-46
-16
27
12
18
131
182
123
102
150
165
115
64
64
121
123
109
135
162
92
-9
-1
68
85
20
-32
-13
16
-31
-116
-145
-131
-141
-147
-113
-104
-176
-261
-302
-284
-271
-280
-259
-224
-197
-175
-139
-131
-168
-180
-121
-24
41
59
72
94
97
105
151
209
227
229
277
358
391
347
304
316
320
326
358
366
345
316
319
344
332
275
244
248
249
208
274
305
163
114
158
225
157
86
60
45
86
-43
-134
-64
-54
-120
-150
-64
-28
-126
-191
-217
-178
-187
-262
-270
-195
-162
-259
-261
-198
-248
-318
-318
-287
-253
-198
-168
-176
-149
-87
-53
-78
-137
-95
89
197
167
113
108
62
-6
38
140
182
163
132
180
238
196
95
34
95
126
116
94
36
-34
-135
-161
-96
-39
-73
-156
-138
-108
-180
-290
-335
-319
-344
-332
-265
-200
-231
-359
-391
-313
-247
-252
-252
-190
-135
-111
-107
-99
-83
-56
-11
45
108
156
177
157
148
195
265
287
280
291
366
446
420
370
349
327
310
345
424
438
397
358
347
348
329
310
271
219
172
154
169
157
98
33
29
57
18
-43
-126
-171
-109
-64
-135
-203
-182
-209
-276
-284
-239
-218
-193
-198
-193
-135
-161
-288
-388
-377
-290
-250
-248
-298
-303
-234
-179
-88
-45
-31
-113
-131
-21
1
-34
-15
158
292
243
149
143
182
152
124
267
413
345
193
174
257
183
-7
-63
34
120
80
18
3
-91
-259
-325
-232
-141
-199
-274
-233
-181
-233
-371
-418
-375
-364
-336
-251
-164
-241
-390
-390
-256
-160
-205
-212
-127
-38
-26
-55
-23
4
10
39
160
312
341
277
207
230
296
319
336
373
436
470
477
482
440
371
337
354
406
394
331
246
183
164
139
111
73
40
55
77
50
-28
-125
-173
-164
-115
-76
-77
-109
-163
-182
-163
-149
-147
-161
-170
-144
-147
-205
-257
-298
-307
-283
-235
-221
-265
-306
-331
-308
-299
-339
-302
-147
-4
33
-61
-98
-36
11
-16
14
316
594
589
421
329
346
306
225
328
540
608
474
361
398
298
25
-157
-81
106
113
22
-28
-127
-310
-488
-463
-328
-337
-404
-350
-221
-235
-398
-496
-463
-419
-366
-272
-152
-136
-275
-317
-215
-110
-93
-114
-48
40
97
116
95
62
32
67
207
331
379
335
262
241
228
254
273
289
334
394
457
445
327
179
97
137
215
235
209
159
137
98
35
9
-34
-71
-74
-47
-14
-66
-153
-221
-237
-205
-161
-129
-140
-190
-235
-251
-259
-299
-348
-340
-308
-270
-270
-303
-293
-295
-288
-289
-301
-319
-362
-370
-292
-50
144
203
95
32
131
195
154
130
456
857
967
812
636
591
509
392
488
728
817
684
546
565
463
118
-180
-176
34
68
-30
-79
-203
-433
-687
-676
-498
-491
-583
-559
-360
-278
-439
-586
-586
-512
-422
-283
-99
-48
-147
-220
-212
-96
-47
-63
-38
21
184
250
190
57
-33
51
145
243
287
267
218
132
144
180
180
127
105
182
267
272
201
136
115
146
182
239
253
204
135
112
145
106
25
-34
-23
19
-18
-66
-116
-185
-276
-323
-276
-267
-350
-449
-475
-450
-478
-538
-583
-593
-601
-566
-501
-450
-466
-500
-495
-496
-482
-392
-102
151
252
173
162
286
314
222
215
634
1083
1200
1023
851
817
712
565
628
878
967
779
622
663
545
96
-300
-246
43
52
-104
-146
-186
-420
-721
-660
-438
-453
-594
-503
-152
-38
-254
-443
-405
-274
-219
-99
113
212
135
45
74
175
141
32
-28
66
227
203
34
-127
-120
-87
-98
-66
22
54
-84
-168
-56
87
53
-66
-41
106
196
171
150
189
237
247
271
323
344
253
158
215
308
288
154
39
1
-52
-132
-203
-262
-348
-419
-433
-455
-534
-644
-706
-709
-687
-677
-659
-671
-700
-683
-639
-588
-602
-576
-544
-467
-169
177
382
210
63
200
379
313
170
553
1157
1377
1071
739
691
608
356
359
714
920
689
371
396
360
-74
-563
-546
-150
-42
-132
-175
-178
-408
-749
-660
-360
-233
-301
-185
185
335
204
33
39
95
114
242
442
519
380
204
174
238
199
81
-40
-19
72
42
-83
-236
-279
-326
-356
-293
-198
-159
-266
-291
-142
9
37
-33
23
211
361
432
464
505
491
445
467
516
520
431
348
336
292
187
13
-158
-271
-330
-340
-372
-438
-549
-667
-724
-744
-715
-708
-731
-700
-622
-541
-549
-583
-575
-534
-472
-411
-329
-311
-224
103
446
536
306
195
304
339
175
177
651
1081
1085
762
530
444
239
13
89
426
558
331
124
122
-48
-543
-908
-699
-299
-233
-311
-245
-147
-335
-553
-403
-134
-74
-114
151
540
629
440
286
340
394
390
436
535
564
467
318
259
278
186
-36
-219
-182
-83
-152
-365
-458
-379
-361
-399
-364
-237
-209
-276
-196
63
255
238
173
248
421
518
507
497
550
582
541
495
462
367
198
102
137
129
-37
-244
-363
-420
-484
-559
-610
-657
-709
-703
-628
-555
-579
-615
-594
-501
-384
-309
-254
-227
-188
-160
-140
-169
-205
-209
-139
126
434
573
391
199
191
202
47
-86
223
703
887
627
306
142
-23
-221
-226
91
317
224
41
68
44
-360
-797
-767
-408
-234
-228
-132
-36
-181
-383
-298
-101
-101
-165
70
465
622
493
351
318
246
184
241
385
432
348
283
300
324
169
-82
-239
-196
-58
-26
-66
-120
-135
-160
-159
-98
-50
-38
-39
78
297
451
441
339
304
380
467
489
467
443
404
354
314
255
141
-9
-123
-145
-158
-224
-347
-481
-566
-606
-595
-580
-579
-557
-510
-457
-417
-369
-339
-320
-271
-184
-98
-65
-53
-40
-44
-82
-89
-78
-75
-127
-162
28
318
420
224
21
60
105
-39
-120
216
660
734
458
249
231
101
-124
-113
188
346
207
84
126
25
-411
-751
-657
-416
-380
-422
-324
-219
-322
-468
-411
-307
-340
-384
-179
148
296
235
148
139
93
42
83
204
289
285
300
359
369
216
-11
-111
-46
69
95
84
83
61
14
0
59
92
66
72
217
395
464
411
358
392
441
431
376
371
377
339
281
273
263
143
17
-34
-32
-83
-176
-244
-311
-375
-418
-425
-434
-462
-464
-409
-345
-304
-283
-287
-287
-264
-194
-124
-97
-85
-73
-91
-125
-146
-159
-178
-203
-192
-107
120
389
473
296
144
222
279
151
137
521
937
950
684
517
446
249
52
121
395
463
275
129
119
-59
-499
-787
-688
-469
-480
-552
-459
-363
-488
-695
-666
-505
-465
-462
-250
66
188
93
-16
-30
-35
-4
95
205
260
258
251
215
163
75
-35
-119
-91
35
53
-62
-183
-161
-84
-57
-37
11
68
68
111
204
291
312
324
401
484
503
437
361
314
314
344
376
345
236
110
27
-16
-102
-214
-326
-372
-373
-379
-420
-506
-537
-538
-509
-470
-430
-411
-452
-434
-334
-220
-208
-245
-235
-186
-145
-159
-165
-212
-241
-188
-86
-2
150
422
550
408
205
269
358
249
218
565
1023
1094
835
592
464
274
135
223
456
519
353
210
162
15
-346
-627
-608
-432
-359
-368
-326
-337
-478
-596
-497
-335
-325
-338
-173
77
131
46
38
97
95
57
126
221
189
86
79
167
183
68
-60
-106
-134
-194
-237
-237
-261
-281
-214
-89
-23
-68
-97
-34
87
198
261
326
422
511
532
536
524
455
380
410
533
539
391
257
206
133
-6
-129
-213
-309
-414
-438
-410
-463
-597
-675
-639
-579
-580
-599
-564
-509
-464
-382
-270
-218
-287
-346
-303
-205
-184
-236
-258
-220
-148
-124
-133
-47
199
385
332
173
200
293
191
68
293
750
919
715
491
472
431
274
208
343
475
393
261
257
245
-11
-355
-442
-280
-180
-244
-270
-197
-176
-255
-261
-164
-151
-216
-175
29
203
231
213
200
156
101
118
144
94
49
108
185
165
89
20
-82
-240
-309
-248
-204
-282
-316
-179
-21
-20
-106
-97
-24
41
109
234
384
481
513
511
512
502
443
378
418
526
543
455
370
307
174
-15
-124
-138
-189
-292
-323
-291
-345
-502
-600
-563
-517
-536
-505
-390
-301
-325
-345
-282
-227
-256
-290
-235
-154
-138
-174
-197
-218
-250
-267
-248
-201
-60
153
264
170
30
9
10
-58
-56
198
508
634
573
452
350
231
147
136
232
333
351
313
279
191
-63
-338
-403
-270
-186
-194
-137
-54
-98
-227
-235
-157
-184
-255
-145
117
267
235
149
114
91
67
59
47
41
61
114
151
149
78
-70
-229
-308
-274
-249
-284
-310
-230
-102
-61
-107
-177
-181
-114
4
135
244
325
370
381
380
404
404
369
366
452
558
542
413
288
215
138
40
-16
-39
-91
-160
-200
-233
-347
-480
-506
-438
-386
-367
-307
-245
-269
-328
-303
-214
-196
-254
-231
-104
-17
-60
-151
-193
-194
-180
-174
-185
-204
-118
108
252
187
27
-24
-38
-127
-143
88
420
537
482
429
416
285
61
-8
144
310
303
267
314
294
37
-269
-312
-191
-167
-196
-98
44
-8
-168
-177
-105
-177
-293
-178
83
216
186
179
204
122
-8
-29
40
72
75
138
223
212
103
-52
-198
-302
-309
-238
-203
-208
-189
-135
-120
-168
-185
-151
-123
-88
19
158
206
178
199
296
368
369
334
331
367
394
386
358
322
253
155
106
110
71
-48
-154
-176
-193
-264
-341
-354
-336
-344
-325
-269
-228
-246
-266
-228
-170
-138
-131
-104
-65
-39
-50
-72
-81
-72
-50
-32
-44
-101
-158
-173
-81
50
79
-3
-76
-20
29
-39
-80
76
339
449
408
359
334
224
110
148
263
283
231
290
385
300
67
-88
-114
-157
-204
-125
12
-11
-150
-192
-135
-162
-295
-314
-177
-32
26
67
113
54
-60
-99
-29
36
42
54
83
92
69
22
-62
-145
-178
-154
-122
-117
-103
-66
-42
-51
-60
-77
-105
-144
-142
-49
64
138
162
186
202
173
127
111
139
181
224
270
288
255
188
111
32
-31
-59
-66
-84
-97
-80
-94
-188
-275
-275
-233
-228
-229
-162
-87
-86
-118
-122
-105
-125
-146
-101
-28
0
-20
-32
-7
1
-62
-166
-254
-274
-240
-152
-1
130
155
70
15
23
-8
-57
31
306
548
618
557
463
323
170
148
245
354
394
430
481
438
237
-30
-195
-236
-195
-130
-68
-46
-99
-179
-253
-289
-327
-354
-301
-154
11
68
37
-19
-71
-126
-143
-101
-53
-20
40
130
136
41
-75
-133
-139
-125
-64
-4
12
-21
-54
-81
-138
-193
-203
-162
-114
-50
9
29
22
7
15
7
10
35
92
177
247
283
249
172
89
42
37
46
60
79
90
56
-9
-90
-155
-188
-174
-124
-82
-54
-59
-78
-106
-139
-176
-199
-176
-107
-30
14
16
-13
-51
-89
-113
-136
-161
-190
-185
-160
-143
-126
-105
-33
46
93
88
64
53
51
87
181
297
367
390
392
378
327
274
264
261
268
294
332
340
279
187
72
-31
-105
-128
-122
-117
-85
-72
-90
-149
-179
-199
-260
-289
-230
-120
-104
-127
-95
-60
-95
-167
-168
-132
-121
-114
-41
40
76
65
14
-52
-121
-146
-149
-135
-92
-19
21
-11
-62
-106
-138
-165
-128
-47
19
65
98
126
109
85
62
53
84
147
206
199
164
137
105
61
37
43
51
53
64
92
100
66
11
-20
-9
3
-5
-21
-20
-11
-29
-67
-78
-61
-56
-76
-66
-43
-54
-85
-109
-96
-78
-71
-73
-72
-69
-83
-96
-102
-74
-33
-4
39
98
122
77
15
11
69
104
123
182
252
285
255
215
176
133
125
155
199
225
235
210
165
121
80
36
-23
-47
-32
-14
-42
-91
-119
-154
-188
-210
-199
-195
-210
-217
-188
-157
-170
-189
-184
-163
-167
-170
-141
-120
-136
-165
-143
-99
-102
-140
-138
-91
-75
-95
-83
-23
-6
-28
-20
41
73
33
20
58
88
73
72
125
156
133
95
99
96
61
42
77
138
165
161
147
135
118
103
109
141
172
177
171
164
157
126
64
24
37
57
47
40
38
7
-59
-98
-94
-94
-105
-88
-42
-30
-55
-63
-64
-66
-52
-47
-38
7
27
-7
-23
-16
-56
-69
-45
-44
-30
5
16
-4
-30
-51
-64
-63
-51
-12
57
106
116
135
143
124
91
79
92
110
143
164
166
142
88
28
-16
-55
-81
-84
-86
-105
-146
-178
-203
-230
-246
-243
-237
-232
-221
-215
-210
-211
-225
-221
-199
-178
-173
-157
-133
-117
-94
-70
-54
-56
-45
-19
2
-3
-16
-7
7
-1
-10
6
23
9
-7
6
29
42
51
61
66
72
81
103
128
136
151
193
246
265
255
252
262
267
260
261
277
295
273
204
176
183
116
51
44
63
31
-24
-43
-81
-108
-135
-150
-107
-78
-95
-124
-107
-37
-75
-117
-30
38
21
37
80
79
80
79
66
93
105
32
17
40
-5
-40
-46
-59
-50
-74
-120
-110
-113
-190
-222
-158
-133
-154
-136
-118
-124
-122
-127
-113
-82
-86
-77
-22
26
10
8
25
2
-13
7
17
22
23
26
53
24
-33
-51
-46
-68
-101
-79
-46
-40
-82
-105
-100
-137
-182
-182
-153
-149
-150
-127
-92
-69
-86
-88
-52
-27
-32
-4
60
93
94
100
132
164
176
171
193
223
220
212
220
243
242
230
228
223
235
225
181
167
182
177
164
138
104
120
127
58
55
130
113
51
58
67
40
32
-13
8
100
55
7
71
85
24
0
20
84
53
18
33
21
29
5
2
-2
-25
-47
-87
-50
-54
-122
-112
-75
-79
-110
-123
-148
-162
-146
-150
-165
-137
-117
-133
-155
-136
-155
-173
-140
-148
-138
-122
-145
-170
-204
-216
-219
-236
-210
-192
-187
-197
-197
-157
-180
-188
-175
-158
-118
-129
-114
-73
-102
-111
-90
-71
-54
-66
-30
1
9
16
13
25
8
-10
-5
33
60
62
76
112
113
91
103
101
91
115
144
172
192
179
171
160
139
144
174
189
164
157
150
173
160
98
109
116
92
80
111
138
85
73
98
54
84
82
53
107
137
158
138
134
161
116
132
171
142
156
182
203
118
143
202
99
83
121
100
64
59
17
-5
50
-7
-104
-32
-34
-120
-109
-97
-104
-88
-100
-116
-68
-31
-112
-114
-57
-69
-78
-50
-41
-91
-79
-87
-112
-86
-105
-172
-169
-142
-151
-166
-158
-212
-240
-172
-199
-243
-222
-203
-231
-251
-178
-186
-211
-164
-175
-132
-112
-149
-173
-147
-76
-74
-60
-50
-96
-69
-56
-79
-56
-41
-65
-67
18
45
-12
-21
-10
-28
-16
27
18
29
92
67
44
64
66
51
19
69
126
137
137
90
80
136
117
58
78
133
129
91
151
181
136
107
115
170
162
150
138
173
201
151
127
137
162
160
124
129
189
163
124
132
153
101
90
129
80
118
144
97
88
115
94
52
29
61
106
35
31
149
113
-6
49
56
7
21
-12
-13
43
29
-50
-20
26
-121
-178
-66
-57
-151
-164
-83
-116
-123
-129
-231
-114
-80
-241
-131
23
-72
-157
-48
7
-143
-101
-65
-136
12
-28
-136
-64
7
-102
-245
-86
-24
-204
-154
-40
-70
-110
-126
-120
-116
-95
-167
-152
-33
-97
-114
-66
-77
-77
-111
-107
-86
-88
-79
-91
-67
-69
-88
-62
-82
-108
-112
-59
-20
-65
-50
-7
-13
-18
-26
1
30
20
40
45
66
100
50
15
57
79
65
87
91
89
110
100
53
73
90
39
89
116
135
113
63
106
144
66
34
125
133
79
78
127
102
116
37
-12
108
92
51
60
148
132
52
97
83
73
80
44
94
143
106
56
61
126
67
36
144
110
67
91
92
82
50
46
20
59
99
-30
-26
41
-30
-67
-33
-12
-47
11
-16
-117
-32
8
-88
-54
45
-6
-18
28
21
-38
-8
2
4
64
8
-5
2
25
-32
-81
-27
3
-39
-115
-61
-45
-129
-158
-110
-124
-111
-113
-179
-145
-39
-144
-251
-82
-78
-162
-96
-65
-96
-74
-75
-133
-113
8
-50
-140
-13
26
-109
-123
-24
-71
-100
-66
-58
-82
-33
-78
-123
-19
-33
-123
-97
-19
-88
-76
-16
-74
-68
-11
-53
-52
3
-60
-57
45
7
-11
71
69
-11
21
91
39
69
87
91
164
118
67
122
158
122
111
165
228
182
98
135
206
150
41
145
193
90
69
108
81
44
47
35
72
76
18
32
116
30
-29
72
97
34
45
68
66
73
96
59
20
102
52
49
44
25
94
31
6
61
-1
30
53
-60
1
15
-45
-58
-49
-38
-24
8
-61
-53
44
-62
-142
-9
-21
-63
2
-44
-68
5
-72
-198
-96
-23
-175
-164
32
-78
-206
-161
-159
-152
-221
-240
-123
-80
-169
-214
-175
-144
-191
-229
-203
-70
-26
-176
-120
14
-67
-118
-37
-31
-29
-9
-16
15
49
52
-18
26
68
-26
3
59
45
40
85
95
57
31
82
32
-10
140
119
35
117
196
68
37
117
45
79
154
53
80
191
71
34
110
72
24
84
92
47
81
79
55
62
53
54
64
55
36
50
109
79
47
63
97
79
18
48
107
109
48
96
141
82
41
52
79
137
68
55
140
67
82
54
33
80
79
62
28
63
44
6
5
-80
-50
37
-90
-163
-39
-40
-188
-182
-116
-158
-220
-208
-164
-180
-231
-235
-178
-157
-243
-226
-133
-182
-189
-156
-149
-116
-156
-139
-64
-78
-129
-110
-42
-42
-82
-38
11
-18
-35
-33
-14
11
-18
-25
10
51
33
-63
31
79
-24
10
78
81
45
44
86
79
44
44
87
141
60
50
124
51
55
68
45
57
91
102
20
47
88
14
-15
67
55
-52
61
100
-42
18
81
-8
12
87
26
-20
82
74
-20
92
102
22
111
100
33
70
161
107
24
170
148
43
138
103
86
169
118
57
121
181
30
63
178
25
31
90
14
8
10
-32
-65
-38
-37
-120
-105
-109
-156
-151
-185
-170
-174
-178
-173
-228
-172
-157
-234
-204
-140
-169
-187
-147
-147
-151
-61
-69
-217
-64
12
-171
-165
22
-5
-117
-1
0
-62
-66
-65
-59
0
-47
-46
49
-6
-59
0
14
-60
-3
30
21
29
61
24
57
84
25
28
79
108
34
59
101
95
24
41
94
51
2
52
69
-4
8
30
33
38
39
21
-4
36
67
-3
22
85
87
72
56
77
74
71
91
93
108
128
133
141
111
92
126
118
109
98
130
144
97
106
119
84
81
84
60
94
112
39
2
67
45
-35
-10
50
-16
-21
1
-17
-31
-59
-46
-41
-60
-82
-48
-57
-69
-80
-58
-63
-109
-57
-64
-99
-86
-65
-92
-75
-71
-116
-104
-88
-100
-157
-80
-66
-164
-56
-53
-146
-97
-91
-121
-106
-46
-83
-142
9
-44
-209
-63
-30
-89
-89
-59
-13
-35
-19
-91
-42
38
-86
-91
-4
17
-41
-72
-17
36
-45
-115
-29
10
-68
-91
17
-5
-25
-18
-33
-11
-20
-6
-23
25
56
51
24
68
108
3
67
140
76
38
108
172
97
68
154
147
109
101
69
139
127
59
94
138
107
46
108
96
61
88
58
77
87
54
39
70
98
-14
-12
141
55
-19
49
82
45
-17
31
72
37
26
3
50
83
12
-3
24
120
17
-41
116
73
-30
-33
53
37
-34
-9
19
46
2
-68
-3
-1
-40
-33
-51
3
-10
-60
-27
-56
-34
-34
-71
-34
-52
-10
-24
-53
-48
-58
-53
-69
-74
-67
-73
-59
-103
-129
-39
-118
-146
-83
-147
-117
-92
-158
-164
-89
-114
-176
-95
-89
-104
-78
-124
-69
-20
-92
-116
-5
26
-62
-37
50
23
1
3
-27
89
80
-39
19
139
92
-82
5
124
11
-26
62
37
41
66
-25
-9
63
52
-17
19
86
22
-5
39
17
12
39
58
-3
27
117
-11
-27
95
30
-11
87
57
21
62
56
18
37
88
71
50
90
58
52
76
31
50
79
92
43
65
151
36
2
83
43
69
70
35
58
73
82
-16
-17
104
49
-33
27
92
16
-21
66
-2
-11
47
13
-41
3
52
-38
-67
-2
0
-66
-13
-45
-99
-61
-41
-87
-120
-33
-57
-116
-81
-67
-111
-109
-71
-88
-58
-53
-73
-69
-80
-48
-62
-63
-58
-36
-20
-57
-36
-17
-84
-69
7
-39
-90
-35
2
-93
-105
-32
-42
-68
-69
-43
-30
-41
-77
-65
-32
-57
-41
-21
-9
12
-50
-54
5
4
-42
-14
70
21
-28
36
68
-26
-46
48
63
-8
20
81
35
10
17
30
24
47
32
2
82
87
-19
8
85
33
-3
46
91
43
51
88
55
48
73
58
40
93
55
39
99
69
15
80
106
51
60
87
84
36
43
99
46
30
83
35
63
94
-9
7
79
51
-5
37
103
11
8
55
3
32
20
16
39
35
42
7
40
59
-8
29
74
6
5
17
31
-25
-9
25
-36
14
-16
-49
-43
-35
-53
-72
-55
-57
-52
-71
-68
-94
-94
-79
-103
-105
-78
-77
-90
-67
-76
-104
-80
-48
-104
-109
-23
-56
-91
-58
-23
-59
-99
-5
-41
-96
-38
-17
-32
-32
-51
-33
33
-44
-93
20
13
-81
-42
22
-9
-38
5
-3
-5
6
-37
-20
26
-10
-33
24
61
3
-13
45
6
9
15
-5
34
13
14
36
23
5
7
47
0
-55
51
57
-51
8
67
2
-32
38
43
-14
60
11
-13
86
13
9
72
101
59
41
120
67
-7
120
97
30
119
137
106
61
103
88
71
87
30
58
138
53
-13
63
123
6
-68
73
44
-32
4
7
-4
1
-31
-50
-29
2
-47
-72
18
-27
-71
-55
-53
-55
-45
-44
-77
-39
-39
-68
-31
-33
-96
-33
2
-83
-69
11
-42
-90
-15
-7
-52
-52
-24
-47
-37
-27
-75
-58
-15
-30
-48
-34
-23
-29
-44
-34
-54
-45
-26
-40
-34
1
-42
-64
6
-20
-66
-48
-12
-45
-13
-13
-71
-26
1
-44
-51
-5
-25
-59
-43
-5
-50
-38
14
-34
-24
3
-34
-58
-3
19
-6
12
49
24
21
41
4
49
78
51
62
112
98
62
81
93
92
104
89
91
139
116
74
94
151
113
46
90
118
78
69
75
86
89
69
26
47
102
38
-12
59
77
7
26
27
1
30
23
-33
-14
54
-12
-50
37
28
-62
-44
12
-4
-31
-25
0
-6
-28
-62
-33
10
-59
-50
-28
-8
-5
-72
-29
-7
-39
-54
-40
0
-32
-56
-12
-26
-28
-33
-61
-23
4
-33
-54
-25
1
-50
-73
-17
-71
-62
-26
-72
-82
-46
-55
-107
-66
-67
-88
-74
-70
-106
-97
-42
-100
-119
-63
-73
-93
-86
-54
-64
-60
-31
-50
-34
-26
-54
-9
10
-37
4
38
15
-2
9
35
10
34
21
7
88
43
-8
45
55
20
13
53
41
18
57
45
37
48
51
46
52
44
76
64
49
92
75
71
50
73
86
87
91
73
108
127
62
63
106
85
64
69
74
96
73
15
80
87
0
-3
68
38
3
24
19
21
16
5
-38
19
27
-41
-8
33
-4
-26
10
-1
-15
-4
-3
-15
11
-10
1
-1
4
6
-53
9
-4
-61
-7
-12
-56
-32
-28
-56
-51
-49
-83
-79
-58
-86
-101
-58
-67
-105
-83
-69
-105
-130
-71
-67
-122
-68
-51
-120
-44
-47
-114
-65
-35
-51
-89
-44
-9
-58
-41
-39
-66
-14
-29
-55
-33
-26
-16
-37
-36
-39
-45
6
-25
-69
7
6
-37
-34
-7
18
-23
-19
-8
37
33
-16
39
34
28
54
42
34
69
78
44
86
116
62
65
110
99
60
84
115
87
82
105
84
75
113
88
32
101
101
54
85
80
71
83
87
34
53
111
63
31
88
78
45
57
68
32
64
89
24
54
84
38
-1
57
45
-20
35
33
-2
34
4
-21
-18
-27
-38
-46
-23
-49
-34
-28
-87
-32
-39
-127
-79
-28
-70
-96
-64
-42
-82
-81
-71
-124
-47
-71
-112
-69
-84
-69
-98
-100
-74
-105
-78
-75
-113
-55
-87
-93
-81
-87
-78
-85
-76
-67
-61
-65
-56
-71
-50
-43
-53
-58
-14
-24
-39
-17
-14
11
-8
-28
13
9
-7
-4
6
11
4
37
17
26
26
21
30
20
34
40
35
44
52
53
54
38
46
65
54
58
73
50
74
79
37
80
92
42
60
113
77
38
72
84
53
47
77
66
42
69
86
9
42
82
26
11
44
58
16
33
46
-2
29
72
-25
7
55
-4
19
13
14
28
26
6
3
43
14
-10
18
14
5
24
7
-6
9
9
-20
-27
17
-19
-66
-21
1
-46
-79
-27
-10
-109
-62
6
-108
-98
-22
-89
-108
-35
-74
-117
-36
-19
-124
-83
4
-99
-87
-12
-53
-64
-28
-9
-67
-48
-3
-59
-51
-18
-29
-38
-26
-14
-41
-19
-24
-47
-2
-4
-28
-21
13
-9
-33
9
0
-22
30
16
10
16
19
18
7
31
12
46
62
16
18
63
51
35
23
46
63
33
54
30
62
49
21
67
35
56
25
20
66
36
29
40
25
42
41
25
24
27
41
17
27
33
27
23
21
10
38
49
-24
34
60
-21
9
62
4
-10
44
11
-10
49
20
-39
38
26
-32
2
18
-17
-38
12
6
-55
-4
-14
-48
-9
-20
-30
-38
-21
-24
-48
-15
-12
-42
-23
-31
-8
-16
-58
-30
-17
14
-61
-46
27
-32
-44
-45
-24
-26
-25
-24
-50
-35
-9
-61
-47
-30
-55
-22
-21
-40
-63
-41
-8
-58
-59
-13
-24
-31
-49
-30
-22
-15
-47
-37
2
-5
-26
-37
7
-6
-33
-6
8
-8
22
-20
-16
25
12
-23
-11
54
4
-11
16
14
11
10
-7
2
62
16
-14
19
51
26
-9
30
28
52
30
23
40
46
51
25
15
79
55
30
50
23
78
71
19
37
75
65
29
24
79
27
30
56
36
58
43
5
23
70
18
-11
39
72
14
14
45
15
12
28
6
11
58
32
-12
16
58
14
-11
-4
17
34
-24
0
13
-3
9
-34
-16
4
-18
-13
-39
2
3
-53
-17
-15
-28
-24
-32
-29
-16
-47
-41
-32
-44
-32
-38
-41
-56
-34
-38
-71
-45
-44
-63
-50
-46
-58
-73
-32
-54
-86
-28
-36
-74
-63
-25
-55
-61
-31
-51
-51
-17
-40
-57
-14
-22
-52
-25
-5
-32
-35
3
-22
-30
8
-7
-12
1
4
-12
11
-5
-10
32
10
-11
19
39
12
4
22
39
15
24
25
24
42
27
30
39
42
41
27
39
65
29
34
60
48
45
53
46
42
70
44
40
71
51
51
53
49
65
50
51
49
48
69
36
44
56
49
37
38
65
20
35
52
24
29
39
35
5
40
31
-5
22
26
-3
5
31
-9
-1
2
-17
-4
-8
-16
-35
-7
-5
-38
-38
-20
-31
-49
-37
-56
-40
-24
-63
-44
-22
-66
-85
-45
-41
-92
-60
-17
-70
-51
-56
-80
-53
-60
-64
-82
-54
-25
-77
-56
-33
-51
-58
-69
-47
-55
-46
-40
-60
-18
-22
-63
-40
-22
-37
-46
-26
-20
-22
-31
-26
-4
-20
-24
-5
-12
-17
-1
-3
-1
2
4
15
10
10
17
20
24
26
15
25
52
18
34
52
22
40
51
39
33
67
52
28
62
58
37
48
65
66
45
58
64
49
64
59
40
62
66
38
57
79
53
45
75
54
19
61
56
22
67
65
24
57
58
9
29
44
25
15
38
40
2
29
29
7
17
11
10
-9
-7
25
-24
-17
11
-5
-1
-33
-11
-14
-42
-20
-25
-29
-25
-27
-35
-52
-34
-29
-62
-54
-27
-49
-72
-42
-45
-65
-43
-55
-70
-39
-43
-86
-61
-40
-46
-69
-73
-40
-53
-58
-61
-54
-53
-35
-60
-67
-28
-55
-59
-54
-28
-38
-58
-28
-35
-34
-27
-45
-19
-25
-36
-7
-15
-28
-15
5
-14
-16
6
11
4
0
7
13
7
-3
29
41
4
25
42
6
24
31
17
20
61
47
11
45
41
20
33
55
26
38
69
38
24
56
44
19
65
68
25
41
69
48
25
53
55
28
62
51
26
51
54
34
30
57
34
32
53
27
18
42
44
10
24
43
16
9
26
24
-2
17
32
-14
6
35
-19
-18
16
6
-29
-3
15
-34
-5
1
-42
-21
-8
-32
-40
-21
-16
-48
-28
-35
-50
-21
-44
-48
-32
-30
-53
-42
-36
-52
-41
-42
-36
-42
-44
-31
-28
-37
-47
-46
-19
-31
-57
-36
-19
-14
-40
-26
-22
-27
-32
-48
-8
2
-28
-24
-5
4
-29
-43
-4
0
-3
-25
1
30
-24
-22
6
-3
-1
-17
-6
30
3
-26
-1
38
8
-22
22
13
0
4
2
27
17
17
15
21
28
-15
4
47
35
8
35
51
18
24
31
16
14
46
46
33
54
35
11
45
37
8
37
40
42
37
31
31
21
41
16
15
42
20
4
17
22
26
13
8
28
16
-12
-5
7
6
2
-2
10
11
4
-19
-16
-9
-2
-2
-17
12
29
-17
-35
4
-10
-14
-9
-6
4
0
-10
-42
-9
-2
-26
4
-8
-3
-19
-34
-10
-21
-21
-19
-18
-11
-21
-23
-28
-18
-13
-36
-11
-13
-42
-35
-19
-16
-21
-14
-17
-21
-28
-50
-21
5
-23
-21
0
0
-31
-22
-13
-24
-5
0
-8
-13
-9
-20
-23
8
1
-2
27
11
-2
-9
-10
2
2
6
11
31
27
-10
-2
13
7
16
32
58
38
7
18
25
34
12
13
38
25
25
20
14
35
11
8
35
29
24
16
25
23
9
16
15
-3
15
22
13
17
9
6
9
13
19
30
29
15
8
10
25
0
5
29
17
5
8
12
-12
10
15
5
26
14
-3
2
19
2
-20
15
14
-15
-1
-11
-20
2
-21
-31
-11
-10
-20
-25
-17
-23
-26
-27
-39
-30
-31
-35
-30
-35
-48
-51
-42
-54
-61
-48
-29
-43
-58
-46
-39
-62
-66
-52
-40
-44
-48
-49
-46
-39
-73
-53
-25
-41
-29
-26
-6
-11
-45
-25
-3
-5
-4
-2
20
14
-13
-7
4
24
21
10
25
32
12
7
17
8
11
34
29
15
20
28
13
-2
14
15
13
15
25
30
27
37
22
5
30
25
17
33
45
43
27
34
32
23
34
20
22
43
35
31
45
48
24
34
34
26
27
30
37
43
41
27
33
41
25
14
45
42
23
28
36
33
15
23
23
16
9
10
15
2
-2
7
-4
-8
4
-9
-18
-13
-8
-28
-22
-8
-22
-22
-15
-18
-37
-21
-13
-42
-16
-2
-29
-24
-23
-18
-25
-43
-22
-8
-20
-32
-22
-7
-34
-45
-15
-1
-27
-36
0
0
-33
-32
-10
1
-13
-27
-5
6
-13
-14
-11
-2
2
-21
-8
12
-10
-19
-3
9
-11
-16
8
4
-11
-8
4
1
-12
-6
9
9
2
-8
-1
12
4
-4
0
11
17
-1
6
24
15
5
12
17
11
9
13
21
23
18
19
19
22
16
7
20
17
19
17
13
32
20
18
10
14
19
-1
9
16
14
15
9
12
12
1
4
-5
0
10
1
-2
7
6
2
-4
-9
-4
-13
-19
-6
-3
-10
-9
-16
-14
-16
-31
-28
-10
-21
-30
-22
-23
-20
-36
-32
-22
-36
-24
-31
-33
-18
-29
-35
-24
-30
-44
-24
-23
-29
-19
-20
-22
-37
-28
-21
-26
-8
-18
-23
-11
-26
-31
-14
-12
-9
-11
-2
-4
-20
-12
-9
-7
-4
-1
12
12
-3
-2
7
-4
-3
9
16
16
23
16
4
16
12
12
27
32
21
20
21
11
9
29
33
28
41
24
16
21
8
16
35
39
30
26
34
21
1
12
20
22
23
18
27
31
6
-4
12
13
9
7
20
26
8
-4
6
5
-2
1
9
17
4
5
6
-5
-6
1
11
11
-3
-3
1
-1
-10
-8
15
14
0
1
0
-17
-15
-6
-3
2
5
12
-2
-9
-5
-9
-15
-15
-5
-3
2
6
1
-2
-3
-14
-26
-15
-2
-1
-3
6
5
-10
-10
-11
-17
-16
-9
-4
-5
3
-2
-5
8
-7
-18
-6
-7
-7
4
8
7
11
0
-7
2
-5
-8
2
10
12
5
10
10
0
-1
6
7
4
5
7
11
14
-1
4
11
0
0
-4
10
13
6
11
6
0
5
5
5
6
13
17
8
5
5
4
5
9
11
13
14
8
5
5
6
2
6
3
8
18
8
-1
5
5
-6
-2
2
4
6
7
1
-4
3
-3
-11
3
6
-3
-4
0
-4
-8
-2
-3
-6
-4
-4
-7
-10
-6
-3
-10
-7
-8
-13
-9
-10
-13
-12
-8
-12
-21
-16
-13
-18
-19
-12
-14
-19
-22
-26
-19
-26
-25
-20
-22
-21
-23
-22
-29
-29
-22
-28
-35
-28
-28
-30
-29
-27
-25
-27
-25
-29
-30
-27
-33
-29
-27
-24
-20
-23
-21
-21
-26
-27
-26
-22
-16
-14
-11
-5
-5
-11
-10
-9
-9
-7
-5
3
8
6
8
5
7
12
11
11
17
22
23
25
24
28
33
28
25
29
31
27
26
32
37
35
42
37
32
35
29
31
34
34
38
39
34
37
34
30
29
30
28
29
33
33
36
32
36
34
25
32
29
21
30
26
22
29
27
27
27
20
19
18
17
16
20
22
19
19
17
10
8
9
3
4
7
3
2
3
0
0
-2
-9
-3
-3
-9
-7
-5
-9
-11
-9
-14
-12
-12
-19
-21
-21
-24
-23
-22
-16
-21
-23
-19
-23
-31
-28
-27
-27
-26
-26
-30
-27
-26
-34
-29
-25
-24
-29
-29
-23
-30
-30
-25
-28
-25
-21
-24
-27
-21
-19
-24
-22
-20
-21
-17
-15
-19
-18
-15
-16
-17
-10
-11
-9
-7
-7
-5
-8
-7
-5
-2
3
3
5
6
5
7
9
7
8
14
9
9
17
13
14
18
15
17
12
16
23
17
18
21
20
21
25
21
19
19
17
16
18
21
23
21
20
24
17
17
16
14
17
15
17
15
17
18
12
12
11
8
8
7
7
8
11
8
8
10
2
0
3
-1
0
-6
-2
0
-4
-3
-11
-4
-9
-18
-10
-12
-14
-14
-13
-9
-12
-17
-17
-12
-19
-22
-17
-20
-19
-19
-23
-18
-17
-23
-25
-19
-21
-29
-23
-20
-27
-25
-20
-23
-22
-23
-23
-21
-21
-22
-21
-16
-18
-19
-18
-13
-15
-19
-13
-15
-17
-13
-13
-13
-14
-11
-12
-12
-9
-12
-9
-6
-9
-9
-6
-4
-5
-1
-2
0
2
-3
-1
3
3
4
5
7
9
8
11
14
13
16
15
15
18
19
17
20
23
21
21
23
25
23
23
26
26
25
24
26
28
25
25
27
25
27
25
24
28
28
24
28
29
23
26
25
24
22
21
24
24
20
21
21
20
18
15
16
15
11
10
12
10
9
8
7
7
2
4
4
0
0
-1
-2
-3
-4
-7
-7
-5
-8
-11
-8
-7
-13
-12
-11
-11
-13
-13
-12
-14
-15
-14
-14
-15
-15
-14
-14
-13
-14
-13
-13
-15
-14
-13
-14
-11
-14
-15
-11
-13
-15
-14
-12
-13
-14
-15
-12
-14
-13
-12
-10
-12
-12
-9
-9
-10
-9
-7
-6
-8
-6
-4
-4
-3
-4
-1
-2
-2
0
0
4
2
-1
0
2
3
1
3
7
4
6
5
7
5
7
9
7
7
7
7
7
5
9
9
10
10
6
9
9
7
8
8
7
5
7
7
6
6
6
8
8
8
9
9
9
6
6
6
5
4
2
3
6
3
3
6
4
2
2
2
1
-1
-3
-1
-2
-3
-5
-3
-1
-4
-2
-1
-2
-6
-7
-5
-6
-9
-10
-10
-10
-14
-14
-12
-13
-15
-15
-15
-15
-17
-19
-19
-17
-20
-20
-19
-21
-19
-17
-17
-16
-15
-17
-18
-16
-17
-17
-14
-16
-13
-13
-13
-10
-11
-9
-8
-7
-7
-7
-5
-4
-5
-6
-4
-2
-1
2
2
5
6
4
7
6
4
7
7
8
11
11
13
13
12
13
12
13
14
14
13
16
13
11
13
12
13
13
14
17
15
14
16
13
11
11
10
11
11
11
12
11
9
10
9
7
7
6
6
7
4
2
3
-1
1
2
1
2
3
1
2
1
-1
2
3
0
2
1
1
0
0
0
1
1
0
1
-1
-2
0
1
-1
0
-1
2
2
-1
-1
-2
-3
-3
-3
-2
-2
-2
-2
-3
-3
-4
-4
-2
-5
-4
-3
-3
-4
-5
-3
-3
-3
-5
-3
-2
-3
-3
-2
-1
-3
-4
-3
-3
-4
-2
-2
-1
-3
-5
-3
-4
-5
-5
-4
-4
-4
-4
-4
-4
-5
-5
-4
-5
-7
-5
-2
-3
-3
-3
-3
-2
-3
-4
-3
-3
-3
-2
-3
-2
-1
-1
0
1
-1
-1
2
0
0
3
3
4
3
3
4
4
4
6
5
7
8
8
10
10
7
8
11
9
9
11
12
10
10
12
11
10
11
11
11
12
10
11
13
11
12
12
11
11
9
8
10
9
8
9
8
6
7
6
6
6
5
4
2
4
2
-1
1
1
-1
-2
0
-3
-3
-4
-5
-5
-6
-6
-6
-6
-7
-9
-9
-11
-12
-12
-11
-11
-11
-12
-12
-12
-13
-14
-13
-13
-14
-14
-13
-15
-15
-16
-15
-15
-16
-15
-14
-13
-12
-13
-13
-12
-13
-12
-10
-10
-10
-9
-11
-9
-8
-8
-7
-6
-5
-5
-5
-4
-3
-3
-2
-1
-1
1
3
2
1
2
4
3
4
5
6
7
7
7
8
7
8
9
9
9
11
11
10
11
12
11
11
11
12
14
12
11
13
12
13
12
11
12
12
11
13
14
13
12
13
13
14
11
11
11
9
8
8
9
10
9
8
8
9
8
8
6
4
5
4
4
3
2
1
1
-1
-1
-1
-1
-1
-1
-2
-3
-4
-5
-7
-7
-7
-9
-7
-6
-7
-8
-9
-9
-10
-10
-10
-9
-10
-11
-10
-13
-11
-10
-10
-10
-10
-10
-9
-10
-10
-9
-9
-9
-10
-8
-8
-9
-8
-8
-6
-5
-5
-6
-6
-5
-4
-5
-6
-5
-5
-4
-3
-3
-2
-1
-1
-1
0
-2
-2
-1
-2
-1
0
1
2
2
2
2
2
2
3
2
4
4
4
3
3
3
3
3
5
6
5
5
5
5
4
4
5
6
6
7
7
6
4
5
5
4
5
5
5
4
4
5
3
4
4
4
4
4
2
2
1
1
0
1
2
2
2
1
0
2
0
0
-1
-1
1
0
0
0
-1
0
-1
0
0
0
2
0
0
1
0
1
1
0
-1
-1
-2
-1
-2
-1
-1
-1
-1
-1
-1
-1
-2
-2
-2
-2
-3
-3
-4
-4
-3
-3
-3
-4
-3
-2
-3
-4
-3
-3
-2
-2
-2
-1
-2
-1
-2
-2
-1
-1
-1
0
-1
0
0
-1
-1
-1
-1
0
0
0
0
2
-1
-1
-1
0
0
-1
0
0
-1
0
-1
0
-1
-1
0
1
0
0
-1
1
1
0
0
1
2
1
1
1
2
1
0
1
1
2
2
1
0
1
0
1
-1
0
1
2
