1
1
0
0
0
1
0
0
0
0
0
0
-1
-2
-1
-2
-2
-2
-2
-2
-2
-1
-3
-1
-2
-2
-1
-1
-1
-1
-1
-1
-1
-2
-2
-2
-2
-2
-2
-1
-2
-1
-2
-2
-2
-2
-3
-2
-2
-3
-2
-4
-3
-3
-2
-3
-2
-2
-2
-2
-1
-2
-2
-3
-2
-2
-2
-2
-2
-2
-1
-1
-1
-2
-2
-2
-2
-2
-2
-1
-2
-1
-2
-2
-2
-2
-2
-3
-2
-2
-2
-2
-1
0
-2
-1
-1
-1
0
0
1
0
2
2
3
3
4
6
6
7
8
9
9
10
11
10
11
11
11
9
9
8
8
7
5
5
4
3
2
-1
-2
-4
-4
-5
-7
-7
-8
-8
-7
-7
-7
-6
-6
-5
-5
-4
-4
-4
-3
-3
-3
-3
-3
-3
-4
-4
-4
-4
-5
-4
-5
-4
-5
-3
-3
-3
-2
0
1
3
5
7
7
9
12
12
13
14
15
16
15
14
14
13
11
9
7
7
5
3
1
-1
-3
-4
-5
-6
-8
-9
-7
-6
-4
-3
-2
-1
2
4
5
7
8
10
10
11
10
10
11
11
10
10
10
10
9
8
8
9
10
9
9
10
9
9
8
7
5
4
2
0
-3
-5
-6
-7
-8
-9
-10
-10
-12
-12
-13
-12
-14
-16
-15
-14
-15
-17
-18
-19
-20
-21
-23
-27
-29
-33
-37
-39
-44
-49
-52
-51
-50
-50
-49
-42
-34
-26
-19
-9
6
21
35
45
55
67
77
84
88
88
86
85
81
77
68
56
44
33
23
11
0
-13
-27
-38
-44
-50
-57
-66
-68
-68
-67
-64
-60
-56
-49
-41
-31
-21
-11
-3
8
16
23
32
40
46
46
47
51
55
53
46
42
43
41
31
21
12
8
2
-2
-8
-13
-17
-18
-15
-10
-1
4
10
21
37
53
66
76
84
94
105
111
113
113
109
103
96
85
70
54
37
22
6
-13
-33
-51
-67
-79
-95
-106
-116
-123
-127
-130
-127
-126
-127
-124
-114
-101
-91
-84
-75
-66
-58
-51
-45
-42
-42
-48
-54
-59
-71
-87
-111
-133
-153
-170
-181
-181
-168
-159
-161
-142
-93
-40
-15
9
67
139
186
196
206
229
262
268
250
224
201
185
160
127
87
44
7
-18
-40
-68
-96
-109
-125
-148
-157
-138
-123
-141
-155
-132
-95
-85
-88
-78
-53
-31
-14
4
15
18
28
51
69
75
82
99
112
111
112
125
129
111
92
88
91
79
46
13
4
2
-12
-34
-43
-42
-31
-17
1
16
34
63
96
127
152
183
212
225
227
242
267
260
232
208
203
189
157
117
79
50
18
-11
-40
-68
-98
-117
-126
-136
-144
-150
-154
-154
-148
-131
-111
-104
-100
-84
-54
-27
-21
-16
5
28
36
34
36
36
23
2
-16
-40
-79
-122
-166
-207
-257
-301
-337
-382
-416
-420
-391
-370
-365
-329
-262
-171
-114
-60
17
115
205
244
284
320
366
386
375
356
324
298
263
225
160
92
45
2
-41
-103
-145
-161
-185
-222
-250
-244
-235
-252
-266
-251
-218
-199
-190
-179
-157
-125
-87
-53
-33
-10
28
73
108
130
158
190
217
229
234
245
247
230
197
171
164
140
98
51
27
16
0
-6
-15
-14
-6
22
63
86
104
132
182
221
242
261
279
295
291
291
296
286
254
214
193
173
145
99
50
17
-9
-36
-62
-90
-114
-133
-140
-141
-155
-170
-177
-179
-182
-189
-184
-180
-183
-184
-165
-139
-128
-123
-111
-84
-64
-58
-64
-75
-81
-95
-116
-153
-188
-208
-206
-197
-199
-202
-180
-106
-48
-41
-19
66
177
211
187
191
256
310
278
206
165
161
130
72
7
-52
-102
-141
-161
-188
-237
-277
-274
-257
-274
-291
-263
-222
-227
-243
-198
-125
-107
-139
-133
-74
-31
-32
-37
-20
-4
6
30
55
50
43
72
110
119
102
109
127
120
91
83
93
73
27
1
6
18
7
-12
-14
13
52
87
117
141
172
222
281
317
317
327
359
383
374
351
337
318
273
226
198
164
101
31
-11
-33
-69
-116
-154
-178
-194
-196
-186
-183
-185
-175
-145
-110
-89
-74
-58
-31
-11
13
31
40
37
37
65
87
74
40
28
41
34
-8
-55
-94
-142
-207
-274
-333
-382
-404
-394
-394
-409
-390
-295
-203
-178
-149
-33
134
227
239
246
326
423
448
414
361
335
319
293
241
148
53
-15
-41
-81
-159
-231
-266
-284
-333
-361
-346
-330
-366
-402
-356
-288
-268
-295
-290
-234
-183
-151
-126
-100
-90
-60
5
61
80
82
123
187
226
238
248
258
244
218
205
199
171
103
42
13
14
-4
-43
-66
-58
-19
26
63
88
113
171
256
322
348
358
390
431
445
442
436
422
380
334
312
291
234
156
94
57
22
-14
-53
-95
-126
-134
-127
-134
-157
-174
-164
-142
-129
-131
-134
-134
-130
-118
-99
-87
-105
-126
-113
-88
-79
-107
-138
-151
-164
-188
-231
-277
-318
-342
-336
-297
-274
-265
-244
-168
-62
10
61
136
245
334
365
353
365
412
423
373
288
235
200
152
85
-4
-85
-148
-179
-203
-247
-300
-337
-339
-349
-372
-383
-364
-347
-357
-348
-310
-262
-244
-243
-215
-160
-102
-72
-57
-42
-15
31
74
91
88
102
136
160
154
133
127
120
91
56
37
25
-11
-64
-97
-96
-75
-56
-47
-33
13
96
176
223
251
308
409
495
518
513
528
555
560
532
495
461
414
349
280
225
173
103
29
-33
-79
-112
-145
-186
-230
-241
-214
-190
-198
-222
-215
-167
-123
-114
-113
-92
-60
-38
-24
-11
-8
-5
1
7
4
-20
-53
-94
-138
-183
-228
-283
-361
-427
-447
-406
-373
-388
-394
-322
-176
-73
-42
6
139
290
361
355
342
394
451
451
380
295
244
212
182
106
12
-66
-114
-137
-185
-259
-324
-348
-364
-403
-440
-442
-420
-433
-446
-414
-349
-303
-290
-269
-228
-166
-107
-68
-50
-52
-36
14
51
48
36
49
90
110
111
117
132
136
124
122
136
130
91
47
37
48
51
45
32
35
77
141
204
242
274
344
437
502
527
548
574
582
568
549
524
469
392
314
259
204
126
41
-34
-79
-106
-128
-150
-177
-190
-173
-144
-124
-123
-118
-93
-77
-72
-69
-62
-61
-76
-71
-56
-50
-58
-79
-82
-77
-100
-139
-170
-205
-238
-292
-332
-357
-354
-307
-277
-260
-237
-140
-14
28
28
95
256
378
364
292
307
389
431
380
273
207
171
160
131
46
-77
-181
-203
-212
-275
-385
-458
-480
-500
-537
-541
-491
-480
-497
-475
-364
-247
-205
-185
-133
-47
14
45
56
34
-4
-17
10
3
-50
-98
-87
-53
-37
-15
16
45
46
62
115
163
155
99
64
75
82
61
32
11
33
80
148
220
270
338
431
538
610
653
686
706
693
649
607
546
451
322
211
135
70
-11
-106
-174
-213
-221
-214
-210
-216
-208
-175
-124
-86
-74
-57
-28
-2
15
28
39
35
20
11
7
-5
-40
-82
-117
-154
-197
-231
-263
-322
-386
-401
-379
-321
-272
-247
-194
-126
-3
111
141
149
213
345
423
374
291
294
375
397
315
229
192
194
185
135
71
-23
-121
-171
-214
-298
-418
-520
-566
-612
-673
-678
-629
-600
-602
-542
-392
-246
-181
-156
-74
29
82
91
79
46
-17
-63
-81
-105
-169
-227
-222
-203
-183
-162
-124
-79
-58
-30
18
54
50
16
-10
2
17
17
8
24
81
142
214
286
367
466
546
605
638
668
698
702
656
592
540
492
427
321
220
142
84
19
-63
-146
-219
-256
-284
-313
-339
-345
-319
-281
-245
-189
-100
-11
60
122
190
256
309
310
284
252
201
130
42
-49
-140
-218
-301
-362
-431
-473
-455
-414
-307
-213
-127
-44
29
157
237
254
257
313
408
400
297
219
268
347
332
255
216
248
290
288
243
185
90
2
-47
-128
-257
-416
-529
-587
-666
-722
-708
-656
-635
-628
-526
-358
-233
-209
-187
-110
-48
-29
-49
-72
-116
-170
-198
-185
-173
-197
-187
-152
-114
-79
-51
-19
-28
-63
-75
-64
-65
-108
-146
-112
-56
-1
46
122
248
336
401
459
527
592
596
549
496
465
448
424
379
326
307
330
359
349
312
272
253
219
138
41
-68
-175
-291
-396
-444
-452
-449
-438
-394
-292
-152
-19
82
160
247
341
413
413
355
292
229
146
31
-91
-176
-243
-324
-406
-443
-431
-399
-298
-202
-120
-35
31
176
256
242
250
328
472
495
397
321
360
459
471
410
334
299
291
264
229
145
14
-112
-189
-251
-317
-399
-461
-502
-571
-574
-493
-400
-390
-442
-420
-318
-222
-218
-261
-280
-274
-247
-217
-191
-182
-183
-145
-97
-52
-8
36
41
-25
-98
-117
-111
-178
-305
-395
-396
-354
-328
-282
-197
-104
-3
114
266
406
467
495
510
520
532
526
486
397
324
324
366
380
325
278
276
301
289
221
150
75
0
-80
-158
-221
-274
-325
-350
-353
-334
-285
-239
-206
-183
-134
-55
0
28
28
54
102
142
173
172
151
105
74
68
49
-29
-142
-247
-329
-372
-359
-251
-189
-199
-189
-51
173
230
198
227
408
606
587
488
436
505
589
562
484
400
365
319
260
173
57
-51
-163
-259
-367
-437
-447
-436
-469
-520
-459
-307
-178
-173
-201
-161
-76
-35
-67
-103
-151
-185
-198
-187
-164
-170
-147
-110
-89
-75
-41
10
-29
-147
-235
-241
-236
-311
-415
-444
-403
-335
-250
-152
-43
36
122
218
297
353
398
439
449
442
431
467
506
490
448
417
427
414
345
263
173
88
-16
-124
-213
-288
-341
-372
-388
-403
-398
-359
-295
-259
-242
-200
-138
-79
-64
-56
-27
4
25
34
47
66
87
82
52
4
-17
-19
-58
-147
-273
-311
-284
-153
-25
11
32
40
189
279
231
181
227
431
485
372
283
345
532
599
557
492
450
407
325
229
102
-62
-234
-339
-414
-458
-456
-405
-370
-414
-375
-220
-48
-29
-111
-110
-45
-2
-28
-26
14
12
-5
19
105
157
135
84
14
-57
-98
-109
-149
-279
-407
-431
-389
-355
-360
-332
-286
-234
-169
-68
72
136
166
160
207
295
364
428
418
420
455
502
541
522
494
475
426
347
257
185
109
-24
-173
-301
-385
-417
-467
-529
-594
-614
-551
-462
-389
-351
-310
-246
-172
-118
-89
-50
-12
24
55
76
114
128
98
60
10
4
-31
-113
-215
-323
-353
-303
-117
50
123
117
139
268
283
212
161
251
423
432
350
308
410
600
664
626
536
460
396
282
160
34
-124
-271
-398
-462
-454
-432
-388
-407
-463
-449
-335
-193
-181
-254
-269
-196
-92
-16
49
112
145
167
210
284
328
305
224
100
25
21
40
-13
-170
-283
-317
-296
-293
-331
-329
-327
-310
-258
-154
6
117
163
164
176
252
330
360
340
306
357
445
505
521
507
528
516
440
343
262
188
46
-136
-268
-316
-320
-340
-392
-454
-496
-505
-489
-510
-566
-600
-572
-508
-445
-349
-221
-90
10
86
176
243
248
178
94
4
-62
-123
-173
-197
-257
-271
-235
-47
204
317
304
194
202
218
106
-6
5
237
429
429
379
442
643
782
718
573
407
280
177
66
14
-74
-166
-227
-262
-265
-292
-294
-339
-477
-597
-575
-411
-316
-340
-345
-243
-113
-57
-34
26
47
-3
-45
-4
118
198
243
239
227
252
268
247
90
-89
-213
-292
-344
-382
-314
-198
-94
-14
79
198
293
316
282
211
145
161
235
355
432
501
588
646
676
628
553
425
238
65
-24
-20
0
-13
-60
-81
-83
-100
-183
-357
-557
-723
-800
-818
-797
-748
-667
-574
-492
-407
-324
-254
-247
-281
-321
-312
-236
-152
-108
-101
-100
-85
-64
-58
-56
-52
112
308
406
325
215
316
329
183
-13
95
463
622
480
300
359
561
640
525
418
321
262
178
112
159
137
70
-99
-255
-308
-287
-232
-339
-535
-627
-488
-273
-200
-243
-253
-192
-202
-244
-240
-142
-107
-175
-205
-123
69
193
241
181
101
82
96
114
29
-71
-144
-179
-183
-142
-2
142
193
146
133
221
355
395
330
272
303
425
529
589
611
608
594
550
515
489
452
363
233
146
133
160
120
-10
-161
-249
-264
-256
-271
-303
-342
-393
-435
-446
-416
-429
-513
-619
-659
-586
-495
-443
-438
-441
-431
-411
-372
-341
-320
-326
-378
-444
-451
-331
16
363
498
370
198
294
349
239
9
103
543
857
822
582
554
622
604
353
151
99
77
47
13
186
335
301
77
-155
-236
-285
-322
-404
-481
-490
-394
-212
-131
-145
-203
-216
-285
-411
-423
-286
-120
-138
-198
-148
4
73
-20
-130
-166
-126
-100
-78
-3
120
153
30
-108
-108
5
69
34
44
107
204
305
396
475
444
384
316
285
316
400
497
519
496
528
615
610
466
245
120
86
78
76
45
9
-67
-163
-213
-231
-222
-249
-316
-375
-381
-302
-228
-241
-362
-488
-561
-557
-548
-525
-473
-451
-420
-423
-360
-295
-293
-387
-564
-627
-344
169
504
436
183
229
318
251
59
200
667
903
826
605
616
649
564
439
366
321
168
57
126
288
277
54
-149
-235
-262
-362
-356
-244
-207
-270
-362
-269
-195
-213
-294
-357
-369
-363
-235
-60
31
-39
-151
-231
-277
-299
-294
-258
-250
-189
-72
28
78
83
59
-60
-228
-261
-151
-23
29
45
119
155
169
199
261
327
321
299
309
348
394
391
332
277
262
307
373
407
427
419
376
288
164
62
-29
-128
-221
-268
-203
-77
15
5
-105
-222
-328
-423
-507
-542
-498
-460
-463
-490
-468
-382
-362
-424
-548
-604
-590
-532
-500
-496
-259
85
370
275
107
184
201
104
-41
406
1064
1254
967
615
614
532
363
401
689
835
612
405
441
520
229
-170
-334
-282
-234
-343
-225
-2
88
-72
-336
-367
-350
-361
-358
-250
-59
18
17
25
25
-41
-159
-274
-330
-305
-249
-171
-174
-178
-118
-115
-163
-254
-224
-118
-82
-8
104
184
138
6
-37
-23
-18
32
147
315
443
460
453
382
275
187
132
159
182
201
261
315
335
262
136
81
47
29
2
-31
-48
-84
-105
-111
-145
-195
-231
-243
-233
-242
-234
-214
-240
-280
-328
-346
-369
-400
-368
-325
-308
-333
-333
-307
-355
-440
-500
-439
-250
-70
60
58
77
148
128
29
-63
156
492
655
582
458
473
394
226
181
368
522
430
371
487
527
200
-170
-152
76
123
-39
-1
173
132
-100
-189
-35
-6
-184
-215
20
237
177
48
55
78
-11
-80
3
49
-74
-228
-187
-89
-166
-326
-397
-337
-362
-458
-436
-334
-269
-313
-314
-210
-143
-159
-190
-160
-83
-22
53
161
274
332
312
263
256
293
321
335
303
291
245
178
149
140
164
131
88
68
81
119
137
155
99
74
71
48
46
0
-9
-55
-104
-84
-47
-8
-54
-86
-91
-112
-113
-151
-171
-191
-251
-283
-319
-356
-380
-401
-401
-386
-357
-336
-323
-332
-278
-176
-102
-131
-166
-31
35
-48
-157
-66
192
266
211
175
225
276
212
200
294
397
330
180
171
225
225
111
75
140
201
195
138
164
147
77
-4
-13
40
7
2
101
241
269
165
111
121
90
-22
-64
-17
-22
-111
-172
-110
-81
-154
-254
-291
-254
-247
-243
-251
-292
-340
-357
-302
-237
-203
-201
-197
-172
-93
6
72
95
78
100
134
148
139
110
105
115
151
204
265
326
374
392
363
340
345
393
398
327
307
308
305
302
265
252
228
186
134
101
110
74
8
-63
-112
-127
-163
-219
-222
-199
-239
-312
-355
-339
-317
-352
-390
-417
-401
-334
-311
-343
-363
-332
-281
-303
-331
-270
-166
-117
-173
-129
38
124
88
21
54
115
92
90
176
284
305
262
270
317
288
189
144
163
199
167
141
166
167
134
72
92
130
109
103
124
155
132
73
43
-2
-78
-115
-94
-73
-114
-181
-178
-149
-162
-199
-226
-244
-297
-334
-291
-273
-316
-360
-318
-204
-161
-135
-73
-18
-33
-62
-33
38
68
77
135
194
243
264
302
341
302
279
305
340
365
370
409
411
358
306
274
306
304
274
274
249
202
169
157
132
69
-5
-36
-67
-83
-80
-109
-126
-155
-176
-167
-157
-186
-294
-344
-312
-287
-306
-334
-316
-309
-315
-367
-356
-275
-238
-288
-396
-353
-275
-248
-277
-284
-154
-37
-18
-60
-54
1
19
47
129
240
271
237
213
227
215
124
106
147
192
185
154
185
158
86
49
97
178
163
111
103
112
56
-53
-112
-95
-78
-79
-34
18
14
-49
-119
-136
-184
-250
-281
-282
-271
-307
-315
-300
-317
-347
-348
-283
-220
-220
-232
-183
-125
-104
-109
-58
48
91
105
147
217
282
269
276
327
395
427
409
425
422
380
378
399
394
391
400
398
357
297
237
183
173
155
135
162
143
113
63
36
30
-49
-64
-54
-85
-119
-127
-109
-142
-188
-178
-149
-159
-181
-191
-182
-182
-226
-241
-215
-183
-222
-278
-233
-190
-180
-216
-231
-212
-206
-215
-218
-137
-41
-1
-4
-23
-14
-14
-13
14
78
150
140
107
125
171
158
100
123
190
204
163
136
141
111
36
20
93
114
48
10
50
63
-12
-76
-59
-23
-44
-76
-38
-1
-78
-209
-268
-253
-261
-294
-278
-229
-221
-258
-260
-218
-211
-251
-246
-147
-97
-92
-57
-7
29
18
13
71
171
223
221
229
247
212
175
197
232
254
267
277
271
272
252
224
208
199
232
243
258
285
273
227
157
161
195
196
228
182
117
127
93
42
-14
-2
-1
-20
-9
-54
-83
-96
-137
-187
-168
-123
-96
-105
-204
-211
-159
-161
-202
-226
-162
-193
-222
-219
-222
-172
-141
-152
-162
-111
-112
-159
-140
-78
-6
42
73
40
4
3
-52
-85
-49
13
44
59
108
163
157
92
33
55
108
74
16
14
18
3
3
31
56
53
23
19
43
12
-81
-139
-158
-186
-190
-171
-166
-186
-224
-230
-231
-222
-194
-173
-134
-128
-136
-119
-121
-148
-153
-88
-4
37
68
83
77
75
74
94
110
100
124
187
241
236
174
152
159
147
151
196
269
270
205
222
293
251
209
212
311
354
242
261
214
135
118
12
63
153
96
27
58
73
-60
-75
-79
-191
-110
-58
-132
-94
-69
-137
-177
-106
-80
-141
-160
-161
-245
-274
-238
-271
-252
-200
-189
-164
-103
-58
-50
-39
-74
-150
-114
-91
-139
-117
-44
38
103
81
37
30
20
23
40
102
167
120
93
119
112
97
49
38
65
115
121
71
59
-39
-139
-118
-108
-128
-166
-168
-136
-157
-217
-231
-213
-245
-281
-254
-200
-187
-250
-278
-241
-216
-189
-159
-86
-65
-96
-84
-65
-32
-72
-110
-9
86
156
199
217
189
115
135
196
233
235
246
299
330
311
264
277
327
322
320
366
390
344
275
241
213
239
290
221
234
288
259
161
95
102
-3
-26
13
-22
-36
-42
-40
-2
-14
-89
-121
-90
-60
-153
-164
-164
-219
-138
-198
-240
-120
-60
-92
-154
-162
-166
-188
-167
-184
-205
-131
-133
-100
30
10
-108
-119
-20
-29
-99
-52
69
166
154
80
41
72
14
-41
83
206
215
117
114
182
127
-20
-115
-49
35
16
1
50
36
-99
-203
-155
-132
-176
-175
-174
-162
-179
-254
-277
-271
-332
-344
-247
-164
-152
-207
-242
-248
-246
-235
-192
-109
-68
-36
3
-6
-10
-22
-52
10
96
156
228
242
227
203
218
238
228
276
331
327
305
280
248
209
181
182
233
300
286
233
182
126
112
115
104
95
79
55
80
81
74
33
-34
44
63
18
21
5
-30
-96
-76
-52
-94
-58
-83
-87
-47
-112
-169
-191
-159
-177
-216
-167
-175
-222
-205
-176
-183
-157
-106
6
144
105
-55
-81
13
10
-58
20
270
415
332
172
143
168
96
60
181
327
274
158
167
228
151
-28
-110
-29
108
96
21
-7
-70
-203
-316
-253
-152
-181
-235
-216
-136
-165
-320
-394
-385
-348
-332
-261
-143
-149
-232
-312
-283
-217
-219
-203
-163
-107
-72
-57
-62
-87
-63
4
101
215
255
243
225
186
175
203
234
247
282
276
244
223
172
129
96
106
112
112
110
54
6
-29
-32
-5
29
17
-33
-41
-52
-91
-107
-92
-86
-68
-58
-27
-19
-92
-169
-180
-138
-101
-51
-38
-81
-129
-182
-231
-251
-257
-225
-177
-169
-151
-166
-220
-294
-240
9
230
260
127
100
173
179
115
155
442
672
691
589
493
432
326
281
387
591
655
521
428
434
350
107
-110
-90
86
125
58
19
-39
-231
-453
-449
-339
-308
-363
-370
-251
-240
-385
-508
-534
-471
-445
-353
-160
-84
-137
-245
-248
-165
-153
-140
-90
11
98
90
87
82
57
62
100
201
269
281
244
188
178
167
180
202
193
168
153
137
123
112
69
33
16
6
-9
-27
-45
-55
-39
-34
-22
-29
-80
-115
-140
-136
-119
-128
-149
-156
-150
-182
-235
-281
-304
-304
-307
-309
-316
-324
-377
-433
-443
-440
-428
-405
-383
-379
-384
-403
-238
41
242
224
43
127
296
367
272
352
807
1097
1093
842
725
713
565
561
770
1017
939
675
615
669
485
24
-246
-127
91
70
-47
-93
-222
-509
-726
-565
-370
-430
-553
-481
-255
-241
-396
-481
-443
-399
-370
-181
61
84
-63
-133
-41
59
49
13
38
146
203
198
195
148
102
42
72
166
210
155
-7
-23
76
147
143
74
53
31
34
88
147
177
143
129
167
177
121
44
9
69
150
165
113
11
-113
-213
-235
-202
-213
-278
-326
-340
-375
-467
-590
-686
-696
-673
-622
-570
-592
-681
-751
-740
-692
-669
-650
-616
-504
-229
102
338
185
-26
39
257
343
239
548
1107
1411
1211
824
735
655
532
537
820
1090
911
613
531
519
165
-365
-477
-172
56
-22
-158
-203
-360
-637
-720
-527
-365
-396
-382
-122
77
36
-120
-199
-146
-110
26
231
364
331
214
203
250
234
110
-11
-35
21
80
81
35
-55
-191
-270
-199
-116
-140
-211
-135
46
151
122
26
25
58
144
280
411
471
416
387
423
452
375
227
203
301
352
285
129
-26
-201
-329
-353
-362
-395
-503
-600
-633
-639
-687
-795
-875
-873
-787
-713
-703
-758
-794
-794
-777
-703
-652
-480
-67
381
511
243
115
274
364
167
184
798
1401
1434
983
689
569
322
151
325
708
763
476
306
335
134
-457
-877
-735
-342
-188
-282
-306
-276
-422
-559
-455
-247
-179
-173
63
452
660
562
414
381
366
354
449
592
637
546
452
429
347
155
-63
-225
-267
-225
-158
-153
-251
-363
-443
-440
-384
-355
-337
-279
-126
71
235
310
261
221
281
449
585
621
627
660
692
609
474
334
203
124
118
138
45
-197
-465
-599
-617
-647
-717
-753
-753
-759
-758
-735
-705
-740
-761
-664
-510
-396
-376
-358
-325
-288
-264
-256
-220
3
445
754
658
300
206
334
229
-18
169
819
1183
949
510
278
74
-226
-271
83
384
257
-6
-42
13
-272
-783
-955
-682
-400
-364
-337
-154
-59
-205
-325
-202
-36
-46
-19
300
692
786
623
457
413
361
246
234
351
443
389
284
229
171
-7
-268
-426
-374
-258
-247
-273
-206
-94
-119
-202
-195
-109
-31
33
217
488
672
673
606
576
567
548
519
547
598
581
446
283
133
-38
-213
-299
-272
-281
-406
-571
-661
-684
-728
-788
-781
-694
-611
-572
-511
-422
-364
-340
-284
-180
-100
-87
-69
-19
1
-25
-77
-83
-113
-63
249
596
600
235
51
158
163
-84
-80
423
887
893
549
268
52
-168
-226
-13
295
337
117
-12
79
25
-392
-775
-709
-404
-294
-340
-247
-116
-247
-455
-403
-211
-180
-231
-66
264
418
304
154
108
94
31
4
60
125
126
100
117
141
81
-95
-247
-245
-168
-158
-172
-64
118
214
178
145
175
190
200
312
529
681
692
629
579
580
537
445
377
366
350
260
157
59
-64
-246
-374
-363
-348
-443
-589
-622
-584
-581
-595
-564
-504
-493
-502
-422
-272
-182
-174
-145
-65
-30
-83
-162
-185
-156
-140
-148
-170
-203
-289
-281
2
356
428
184
57
176
221
41
29
475
994
1125
869
593
434
324
243
311
534
604
405
223
268
219
-207
-656
-681
-437
-410
-542
-495
-340
-369
-524
-536
-452
-453
-498
-353
-43
127
96
49
83
82
-13
-117
-140
-70
25
116
204
241
162
1
-155
-214
-207
-204
-168
-40
145
261
264
195
124
117
170
292
444
593
698
735
698
601
474
338
245
247
323
358
272
100
-55
-151
-244
-334
-381
-417
-452
-455
-422
-399
-445
-522
-560
-514
-410
-332
-270
-215
-156
-115
-135
-180
-234
-279
-301
-268
-203
-207
-276
-357
-405
-447
-505
-375
9
378
430
238
196
310
253
69
241
831
1307
1283
973
796
669
469
342
484
698
602
328
268
370
162
-365
-717
-690
-578
-618
-617
-433
-316
-392
-487
-475
-479
-568
-535
-267
57
222
240
227
173
26
-103
-74
33
91
131
225
298
214
-7
-195
-253
-265
-288
-265
-154
-68
-75
-45
71
122
28
-29
103
300
405
437
530
669
728
651
507
427
402
385
403
445
442
297
119
37
-48
-202
-344
-371
-342
-368
-440
-506
-566
-629
-632
-569
-490
-434
-371
-293
-270
-310
-370
-385
-346
-313
-299
-275
-252
-283
-382
-488
-552
-530
-498
-428
-130
332
563
340
88
144
221
72
96
621
1208
1310
1015
730
563
370
231
310
516
594
464
325
283
153
-212
-598
-670
-528
-460
-447
-323
-183
-239
-391
-426
-355
-350
-350
-150
182
356
289
190
194
204
125
49
85
164
169
129
141
138
28
-132
-247
-291
-355
-435
-430
-335
-244
-192
-120
-23
1
-23
25
153
251
324
460
643
749
720
647
614
540
437
426
503
530
428
291
188
84
-76
-233
-314
-355
-413
-476
-509
-518
-536
-548
-527
-470
-412
-380
-344
-297
-261
-234
-180
-103
-73
-114
-178
-220
-262
-313
-361
-372
-357
-356
-383
-373
-142
197
296
69
-72
74
124
-73
-85
343
825
895
695
533
412
248
149
279
477
462
244
139
260
272
-72
-455
-494
-331
-342
-452
-364
-179
-176
-282
-236
-91
-118
-244
-179
78
271
303
316
370
369
259
116
41
43
90
140
150
153
102
-42
-228
-373
-411
-413
-428
-401
-303
-165
-80
-44
-13
14
54
109
200
320
441
558
657
712
684
584
471
414
419
432
439
410
338
217
71
-69
-189
-285
-335
-348
-349
-348
-354
-341
-349
-365
-370
-317
-227
-168
-109
-19
66
80
30
-16
-54
-112
-169
-191
-200
-222
-244
-248
-286
-399
-512
-495
-247
45
158
55
-80
-82
-87
-147
-135
132
551
797
781
596
423
264
136
144
269
370
289
211
242
194
-131
-520
-618
-528
-477
-460
-320
-184
-224
-297
-265
-201
-265
-285
-94
195
355
362
386
394
316
186
144
188
192
142
151
228
240
132
-74
-271
-403
-457
-472
-476
-413
-318
-246
-224
-204
-195
-244
-245
-116
88
237
326
408
480
505
479
443
421
447
501
538
539
465
329
170
52
-22
-82
-146
-199
-232
-282
-333
-362
-389
-420
-405
-324
-230
-181
-158
-108
-51
-24
6
52
64
40
25
55
64
12
-28
-28
-27
-89
-213
-333
-416
-422
-236
81
241
72
-162
-152
-109
-256
-339
5
563
801
675
477
329
90
-116
-47
219
360
274
258
359
336
-15
-394
-477
-355
-261
-221
-77
2
-83
-204
-174
-131
-255
-340
-187
129
321
339
285
200
75
-22
24
107
140
103
105
148
133
21
-161
-313
-403
-376
-313
-268
-261
-265
-245
-227
-178
-172
-232
-275
-179
42
234
307
293
317
363
386
352
311
315
346
412
462
431
270
67
-58
-71
-61
-102
-159
-197
-195
-215
-248
-308
-359
-348
-277
-167
-88
-36
-34
-54
-34
41
103
89
66
100
175
197
147
46
-56
-100
-117
-164
-287
-409
-430
-419
-342
-126
62
17
-162
-146
-22
-99
-245
-78
386
666
656
539
448
304
159
218
393
515
457
422
481
489
282
-77
-263
-274
-208
-190
-157
-99
-144
-222
-251
-202
-263
-362
-324
-122
80
150
184
169
106
-4
-22
28
24
-18
8
141
190
134
31
-34
-111
-201
-206
-177
-173
-224
-213
-154
-103
-118
-191
-213
-176
-68
19
84
112
115
125
144
199
190
161
183
276
324
259
172
111
69
21
32
54
10
-78
-120
-89
-95
-152
-212
-214
-185
-149
-107
-95
-101
-124
-122
-109
-89
-69
-57
-50
-44
-27
-25
-72
-178
-274
-304
-301
-326
-353
-315
-235
-195
-138
20
134
71
-48
2
134
121
92
230
487
604
596
570
498
362
254
299
369
402
386
397
399
315
146
-83
-229
-275
-227
-154
-82
-54
-107
-161
-183
-181
-240
-273
-217
-117
-33
16
71
33
-71
-144
-95
-40
-79
-99
-19
96
104
97
98
19
-172
-305
-248
-171
-185
-208
-116
-26
-56
-132
-150
-133
-172
-183
-95
48
123
124
141
173
156
70
37
97
168
182
173
194
181
102
31
43
67
22
-18
28
87
52
-7
-3
9
-60
-128
-93
-29
-48
-114
-109
-65
-77
-135
-162
-154
-161
-173
-176
-166
-178
-191
-160
-125
-104
-111
-119
-113
-105
-86
-59
-3
107
209
229
171
108
102
92
93
160
301
413
422
382
310
210
97
90
167
223
229
256
312
265
146
34
0
-31
-82
-55
8
23
-64
-117
-97
-98
-167
-225
-205
-197
-221
-233
-196
-167
-182
-192
-180
-164
-175
-191
-224
-241
-209
-155
-120
-116
-115
-134
-175
-206
-194
-145
-89
-23
42
90
100
79
33
-11
-13
16
66
119
150
158
153
137
94
40
8
30
78
117
159
195
190
152
135
157
162
127
125
181
214
175
116
95
69
19
5
13
-25
-72
-73
-82
-89
-115
-161
-159
-139
-123
-104
-70
-55
-21
22
39
52
24
30
62
70
70
72
102
75
50
79
81
33
7
26
26
-15
-55
-73
-74
-51
-20
30
76
102
119
130
119
110
127
128
144
184
242
250
201
135
86
91
66
35
7
-8
-28
-84
-139
-181
-203
-233
-268
-288
-272
-247
-255
-275
-272
-285
-323
-332
-304
-270
-255
-245
-204
-133
-88
-90
-113
-119
-89
-59
-34
8
48
45
15
32
64
44
11
25
68
103
122
130
125
108
101
115
131
137
145
165
192
224
249
238
220
206
250
289
228
206
235
198
116
129
150
119
62
21
41
14
-17
-79
-91
-52
-47
-66
-109
-76
-60
-77
-77
0
37
-17
18
49
7
8
88
77
59
115
123
48
7
-20
-53
-38
-35
-92
-85
-61
-94
-94
-95
-123
-151
-142
-131
-135
-135
-141
-132
-94
-96
-97
-86
-96
-110
-90
-40
-49
-60
-49
-67
-91
-90
-89
-94
-67
-29
-1
7
0
-41
-74
-48
-10
-10
-18
-25
-14
8
-4
-28
-52
-70
-99
-106
-101
-119
-147
-169
-173
-151
-103
-117
-137
-125
-96
-69
-63
-25
4
5
9
78
122
113
111
145
200
210
217
222
244
242
229
273
309
268
216
195
170
215
193
153
150
191
169
48
83
94
42
49
85
66
48
33
29
30
33
108
65
55
83
35
74
84
83
48
64
84
53
50
-39
-42
29
9
-59
-97
-108
-106
-113
-104
-89
-90
-80
-98
-162
-138
-106
-109
-89
-75
-37
-35
-68
-89
-90
-67
-60
-74
-78
-81
-107
-160
-169
-145
-212
-228
-186
-210
-234
-225
-209
-243
-247
-237
-199
-175
-191
-196
-176
-142
-148
-162
-169
-131
-84
-85
-72
-39
-43
-46
-37
-12
26
2
-4
14
50
87
101
103
111
147
145
142
157
172
184
201
228
235
223
197
191
188
203
204
175
174
156
122
155
188
125
86
83
101
74
67
101
1
11
99
53
49
69
52
91
147
141
117
154
141
118
157
142
121
187
204
157
172
159
134
62
71
107
48
61
57
11
-14
0
10
-30
-77
-56
-73
-82
-93
-65
-58
-39
30
-59
-47
-9
-42
-74
4
20
-16
8
16
-5
-88
-54
-118
-157
-116
-163
-121
-141
-153
-173
-228
-150
-216
-298
-231
-204
-217
-225
-147
-135
-187
-169
-141
-128
-150
-136
-144
-119
-109
-80
-95
-89
-29
-130
-77
-43
-66
-89
-103
-44
2
-10
-45
7
-21
-28
-41
-27
-3
-18
25
52
40
27
6
-14
-15
6
41
39
84
77
47
44
9
6
-25
4
46
96
84
54
124
69
31
108
128
71
112
163
83
135
148
22
68
184
91
59
172
146
20
91
202
-17
1
112
-17
6
120
67
19
152
104
4
81
81
1
56
175
106
114
201
122
34
89
130
-8
72
159
13
46
106
-18
-112
-91
-71
-146
-86
-43
-99
-102
-93
-130
-153
-114
-102
-86
-64
53
59
1
32
6
-39
-7
23
-7
18
57
73
44
-37
-28
-54
-58
-37
14
13
-33
37
-35
-85
-69
-90
-95
-72
-7
-74
-60
-41
-91
-123
-137
-72
-166
-109
-77
-185
-92
-58
-189
-137
-75
-187
-146
-77
-111
-124
-61
-58
-130
-38
-37
-125
-34
4
-86
-45
47
-21
-53
26
-36
-72
51
-24
-21
26
19
-10
-26
32
-43
-1
65
9
21
85
50
75
121
82
127
116
96
129
110
109
120
122
92
75
85
20
67
100
52
65
94
75
39
43
34
4
55
49
-12
73
64
55
62
39
82
117
85
64
155
147
84
94
64
86
81
30
32
30
43
10
-37
53
26
-42
-26
-10
19
-52
0
8
6
95
26
14
55
82
28
47
122
81
46
58
96
-30
24
71
-47
30
35
-36
-23
-17
-65
-149
-75
-89
-130
-75
-134
-78
-88
-108
-102
-114
-95
-120
-53
-55
-79
-9
-48
-122
-67
-34
-128
-42
-29
-119
-32
-34
-68
-130
-68
-45
-179
-17
-16
-123
-21
-28
-39
-88
-30
-41
-90
6
-16
-39
-33
0
-72
-91
-24
-66
-68
-87
-49
13
-63
-48
-19
-65
-68
-14
-30
-12
72
14
98
104
46
84
79
141
114
161
170
154
199
81
164
166
61
111
119
55
50
103
-16
-12
56
22
-6
16
43
-17
-5
46
6
27
56
66
56
52
93
43
118
77
40
171
56
63
68
70
36
16
94
-11
51
28
14
33
-28
-24
-44
-36
-4
-28
-33
39
-1
-68
10
-33
-27
20
-50
33
8
14
3
-77
6
-31
-70
-62
-60
-37
-61
-103
-91
-73
-146
-106
-109
-180
-117
-110
-159
-150
-111
-105
-179
-125
-137
-200
-74
-117
-172
-25
-34
-140
-61
-12
-150
-59
-1
-118
-6
31
-75
-25
57
-74
-92
45
4
-62
82
75
-4
108
69
-38
79
145
-17
50
239
50
78
173
28
46
110
61
-31
111
60
6
84
33
44
8
39
2
47
76
-30
52
109
67
9
108
93
27
115
98
57
101
126
72
62
95
89
77
74
75
77
63
87
43
81
73
26
69
6
61
65
12
62
60
66
30
43
44
-18
85
56
-3
29
-9
-35
-36
-68
-60
-63
-134
-66
-127
-193
-127
-197
-186
-202
-217
-135
-249
-238
-177
-207
-222
-227
-118
-191
-200
-109
-177
-221
-111
-99
-201
-41
-43
-145
3
-28
-129
-7
19
-62
-4
47
-30
12
57
-19
10
63
45
-8
84
61
9
140
90
10
109
168
30
85
201
35
112
171
60
103
105
111
13
125
118
-33
132
108
13
51
106
25
39
125
-5
58
130
38
51
86
83
21
76
84
63
95
33
66
119
80
72
115
163
106
110
166
137
131
112
169
122
161
195
90
182
167
155
152
146
155
114
126
96
81
55
37
57
5
-34
-9
-43
-89
-143
-91
-154
-226
-183
-224
-191
-226
-229
-215
-252
-184
-240
-297
-199
-167
-258
-225
-123
-214
-188
-165
-171
-145
-169
-121
-131
-119
-83
-77
-82
-139
-42
-73
-186
-52
-61
-110
-89
-28
-37
-128
-16
-30
-101
-49
6
-52
-37
67
5
18
45
38
34
32
46
44
91
67
48
104
43
17
18
41
37
8
65
32
45
11
15
32
-25
25
-6
33
79
53
68
37
78
51
51
79
56
103
116
106
136
161
99
97
142
123
101
147
160
123
167
153
108
144
115
106
125
136
153
80
113
143
34
73
97
26
52
12
41
0
-22
72
-71
-74
-15
-69
-57
-73
-83
-70
-43
-52
-79
-50
-47
-124
-51
-53
-129
1
-72
-121
13
-40
-132
-86
-56
-83
-98
-24
-61
-101
-53
-88
-105
-68
-91
-115
-69
-78
-57
-128
-89
-59
-126
-56
-73
-77
-55
-63
-72
-25
-33
-71
-60
-48
-43
-26
-77
-79
3
-97
-77
-24
-88
-91
-62
-64
-61
-48
-52
-52
-4
-27
-64
-18
42
-14
-21
60
38
16
45
47
28
74
56
47
63
115
84
43
109
119
64
86
75
77
137
34
102
111
25
113
53
64
81
48
102
19
95
86
-14
109
41
-2
103
12
17
87
20
36
33
20
34
-2
51
7
-2
70
-10
27
76
18
14
51
32
27
33
51
15
38
83
-12
26
72
3
-8
56
4
13
54
-23
19
20
4
-36
-11
25
-51
8
-2
-25
7
8
-11
-56
14
25
-59
-21
24
-44
-21
-16
-66
-45
-100
-61
-78
-81
-48
-139
-77
-70
-108
-82
-104
-117
-69
-82
-91
-46
-54
-56
-91
6
-26
-54
30
-20
-13
28
11
-24
55
-22
13
64
-24
43
-2
7
7
-2
25
-18
15
-5
-13
3
12
-16
-37
4
-11
-26
11
-35
-4
-15
-57
-7
-35
-2
-57
-15
-7
-53
31
-30
-63
47
6
-81
40
56
-53
2
93
-10
-9
119
20
-6
111
66
24
60
121
59
33
162
40
34
150
43
54
128
55
62
94
63
64
44
98
54
13
94
35
13
45
71
31
25
82
23
17
29
3
12
53
-9
18
44
-44
4
-43
-53
-5
-68
-28
-48
-70
-39
-78
-101
-55
-48
-99
-87
-68
-60
-81
-40
-54
-61
-31
-36
-34
-38
-26
-27
-12
-23
24
-21
-36
-10
-35
-3
-49
-47
-15
2
-81
-53
-6
-67
-49
-63
-51
-66
-19
-67
-90
-13
-52
-42
-80
-31
20
-85
-42
9
-73
-28
-3
-46
-24
-5
-16
-28
-39
-14
9
-60
6
28
-14
-5
8
24
-27
0
31
2
31
9
45
33
-2
32
-1
51
31
20
64
48
34
45
42
30
66
34
26
83
34
45
44
26
56
59
36
36
78
22
6
46
38
16
10
39
59
-5
24
29
-5
34
30
25
8
69
29
11
87
-1
45
74
17
60
37
50
70
43
44
63
60
48
34
37
52
34
4
35
33
4
26
-10
-30
10
3
-60
-44
2
-35
-71
-16
-43
-63
-44
-91
-41
-68
-71
-41
-87
-35
-34
-99
-67
-15
-78
-68
-53
-47
-17
-86
-21
-37
-70
-11
-70
-49
-43
-21
-69
-60
20
-45
-72
-25
-11
-49
-32
-36
-8
-21
-43
4
-28
-11
21
-58
3
40
-46
0
-3
18
26
-27
33
-11
22
-2
-23
40
-23
-3
23
-3
2
31
-26
4
-3
-21
16
-29
31
-10
-9
50
-35
26
31
-7
23
32
49
42
54
61
50
78
61
53
107
77
72
106
87
100
123
63
99
120
99
97
62
134
82
43
100
78
58
34
74
60
11
72
65
-44
27
88
-47
-2
44
-39
-16
33
-7
-54
3
8
-69
0
5
-60
-21
11
-27
-52
-23
-34
-23
-38
-40
-22
-35
-18
-62
-11
-43
-89
12
-50
-63
-50
-17
-64
-94
3
-90
-105
-16
-52
-81
-24
-46
-92
-20
-79
-79
-49
-51
-56
-92
-8
-61
-72
-37
-99
-56
-49
-63
-68
-73
-26
-75
-59
-43
-99
-48
-57
-95
-47
-57
-84
-56
-43
-67
-26
-60
-69
-22
-32
-34
-52
28
-13
-40
45
-3
-2
29
39
12
34
89
40
42
81
88
48
82
87
85
113
68
121
107
74
131
72
89
114
93
108
80
99
105
72
87
92
58
56
101
48
45
82
47
27
35
50
-24
50
52
-36
17
44
18
-28
-8
27
-15
-23
15
-22
-6
20
-41
-19
-11
-19
5
-66
-2
38
-43
-41
12
42
-85
-21
71
-66
-44
61
-35
-62
63
-35
-58
9
11
-42
-71
41
-23
-99
2
-23
-76
-41
-58
-73
-44
-59
-97
-65
-82
-77
-72
-113
-90
-45
-65
-116
-78
-44
-97
-86
-47
-70
-58
-62
-37
-17
-74
-28
-13
-65
-16
13
-41
-42
54
-5
-41
5
40
2
-46
53
13
1
41
16
7
35
52
-8
3
61
38
22
51
68
55
19
51
64
23
64
73
69
65
80
62
41
76
67
63
56
97
105
51
53
104
69
21
101
88
24
83
75
41
48
54
26
31
53
15
20
25
23
20
20
11
-3
11
3
-27
16
12
-12
16
16
13
-2
-10
11
2
0
21
22
-1
19
32
-31
-6
3
-22
-13
-19
-4
-21
-25
-43
-55
-44
-59
-52
-68
-52
-54
-53
-61
-95
-53
-71
-78
-83
-49
-35
-94
-38
-40
-66
-45
-55
-48
-43
-25
-57
-41
-18
-38
-34
-38
-11
-31
-50
-36
-17
-16
-43
-16
-30
-30
-25
-29
-23
-49
0
-13
-36
-9
-17
-26
-51
-6
17
-21
-33
43
36
-68
32
43
-57
44
67
0
30
77
58
3
81
79
31
81
70
69
51
86
91
42
94
73
55
67
90
33
43
110
28
59
72
37
34
52
37
19
51
44
40
51
34
14
51
38
1
48
62
9
33
62
5
-1
43
26
-35
25
43
-35
3
22
-32
-33
24
-28
-66
17
-28
-77
-28
-27
-60
-61
-23
-64
-79
-34
-67
-82
-23
-54
-102
-46
-27
-98
-86
-49
-79
-67
-66
-71
-88
-63
-50
-124
-76
-29
-107
-96
-14
-96
-104
-17
-89
-87
-25
-71
-96
-33
-12
-101
-69
28
-68
-68
5
-33
-45
-5
-24
-42
18
-3
-40
4
40
-21
-30
62
-10
-9
65
24
-5
42
93
-24
23
103
22
3
85
99
13
54
100
49
40
89
72
29
88
105
57
57
81
104
56
66
91
59
88
83
80
72
69
89
53
54
73
61
55
48
78
62
28
65
36
30
56
29
49
20
32
54
3
9
43
14
-3
57
10
-17
34
17
-22
20
30
-31
15
8
-44
-1
3
-36
-38
9
-19
-69
-11
-28
-83
-42
-11
-84
-72
-14
-88
-88
-27
-72
-123
-53
-37
-101
-82
-50
-64
-77
-57
-61
-103
-50
-56
-89
-53
-40
-40
-97
-41
-24
-96
-28
-37
-76
-24
-24
-50
-60
-30
-27
-36
-32
-28
-16
-14
-22
-8
-8
1
13
0
17
19
20
17
34
37
27
34
59
41
33
66
57
53
45
55
66
52
53
42
66
64
33
57
41
46
66
20
17
53
51
3
36
41
2
23
44
23
-15
33
44
5
7
40
22
10
28
29
26
15
41
30
16
34
38
34
7
37
48
19
15
47
23
-9
41
22
13
-7
27
31
-26
30
12
-44
5
21
-20
-7
-6
8
-12
-21
8
-35
-23
-4
-4
-35
-26
21
-43
-39
-15
-30
-41
-22
-32
-42
-38
-20
-28
-99
-8
-32
-89
-14
-25
-63
-56
-24
-35
-84
-44
-15
-57
-45
-11
-53
-62
3
-35
-94
-10
5
-57
-30
-13
-36
-40
-10
-49
-24
-6
-37
-36
-1
4
-67
-23
14
-27
-21
-5
-17
-29
14
-15
-44
34
-9
-37
8
21
-10
-33
25
-12
-6
51
-34
-3
46
6
-17
29
51
-16
24
60
13
-6
65
46
-23
61
76
15
22
46
50
26
44
32
30
68
30
3
50
58
1
25
57
20
27
37
13
22
31
32
10
26
31
20
17
6
43
5
16
41
23
17
3
36
9
6
24
9
27
8
19
7
-1
14
5
29
13
-15
27
19
-32
8
12
-8
2
11
7
-19
-12
-2
-10
-18
-16
-9
-14
-4
-22
-27
-21
-33
-18
-3
-42
-42
0
-34
-51
-30
-23
-54
-22
4
-63
-45
-22
-34
-46
-50
-39
-31
-28
-32
-57
-31
4
-67
-41
5
-30
-67
-11
-12
-71
-3
-5
-59
-26
40
-25
-55
16
-7
-14
-19
-7
18
-17
-6
12
8
-15
-2
40
8
-7
13
19
24
-2
19
16
19
51
17
5
42
57
-11
26
56
15
23
52
48
2
66
56
-5
61
58
8
39
68
37
10
65
62
-15
47
84
9
15
74
40
20
54
38
19
42
48
20
38
41
13
39
47
1
11
41
13
7
15
17
8
4
16
-1
-14
0
-8
-9
-17
-18
12
-11
-22
13
-6
-43
-19
5
-29
-56
-1
-15
-49
-20
-38
-48
-43
-29
-43
-38
-16
-39
-38
-30
-35
-48
-19
-45
-57
-12
-32
-55
-24
6
-47
-46
-7
-31
-34
-20
-44
-29
2
-29
-76
-41
-4
-60
-62
-21
-24
-22
-26
-29
-37
-18
-2
-50
-5
30
-23
-28
24
6
-65
10
37
-18
-5
5
7
21
14
-27
-3
39
11
-5
15
27
4
30
1
-3
48
23
22
25
32
31
19
54
41
7
49
41
23
29
31
45
23
36
46
24
46
37
11
32
48
43
33
33
46
5
21
46
3
13
39
18
13
28
10
8
14
12
-3
7
11
2
11
-11
-4
7
-17
-26
-1
-11
-27
-9
-6
-18
-14
-27
-44
-8
-17
-36
-30
-24
-19
-26
-35
-39
-28
-26
-28
-43
-36
-20
-26
-30
-31
-32
-24
-40
-43
-18
-39
-41
-7
-31
-34
-21
-41
-31
-6
-17
-42
-25
-2
-20
-37
-12
-9
-13
1
-18
-19
-17
11
-9
-23
24
6
1
0
3
16
9
14
19
22
23
21
14
14
29
28
12
30
29
22
15
12
21
20
17
18
32
20
26
29
16
20
28
17
20
38
23
13
22
16
16
24
10
2
25
36
-2
6
42
10
1
26
28
15
18
33
15
25
27
-1
25
35
-1
12
31
25
13
-6
14
21
-7
2
7
8
14
-3
-1
4
-2
-9
-8
4
0
-10
8
-5
-6
-25
-21
12
-23
-22
-3
-1
-17
-41
-24
-10
-34
-34
-17
-24
-15
-25
-42
-39
-22
-34
-42
-13
-30
-29
-29
-37
-19
-24
-32
-25
-17
-23
-35
-23
-4
-19
-16
-6
-20
-23
-25
-13
-20
-20
10
-3
-10
12
-13
-27
-3
-9
-5
18
12
-10
-12
8
-17
-37
13
4
-13
18
-1
-13
-7
-5
-12
9
15
-7
11
8
9
4
-7
4
19
13
-1
19
24
15
12
28
22
9
28
35
15
22
44
23
11
36
35
23
36
38
35
14
26
46
26
38
46
20
25
41
20
0
31
46
6
10
35
13
7
14
4
-2
21
13
-13
17
25
-10
-4
-3
-2
6
-17
-7
13
1
-19
-4
3
-21
-16
-6
-2
-8
-5
-2
-19
-12
-8
-26
-14
0
-20
-22
2
-2
-31
-29
-6
-17
-21
-15
-16
-8
-6
-33
-36
-6
-22
-27
-12
-16
-9
-22
-31
-22
-19
-25
-23
-18
-21
-20
-27
-25
-21
-25
-37
-18
-16
-27
-18
-29
-16
-14
-19
-28
-9
0
-32
-23
-3
-18
-8
8
-14
-12
0
-6
-20
-4
15
8
9
7
7
9
3
14
14
10
29
17
-5
18
30
8
6
29
27
17
20
14
14
18
12
14
20
29
26
12
24
14
1
11
13
21
20
17
26
23
7
8
16
19
16
15
22
10
19
14
6
19
20
15
2
10
13
1
6
20
20
16
22
10
5
10
6
2
12
31
22
6
13
11
-12
-12
2
6
14
1
1
11
5
-16
-22
-1
-3
-7
-14
-11
-3
-19
-37
-27
-22
-37
-29
-28
-28
-32
-45
-49
-39
-38
-43
-39
-29
-29
-39
-34
-34
-30
-32
-32
-16
-26
-28
-16
-24
-17
-16
-20
-8
-8
-8
-4
5
1
-10
6
13
-5
3
12
2
5
11
7
8
13
9
-1
5
6
-1
4
1
16
9
2
16
3
2
12
4
13
19
9
18
20
13
12
17
17
14
20
23
25
26
24
22
23
17
21
25
17
29
37
24
31
34
29
30
23
26
27
28
30
36
31
31
27
20
23
18
20
25
26
23
21
20
9
6
20
10
7
15
10
6
1
4
-5
-3
-3
-14
-12
-8
-17
-24
-19
-23
-26
-31
-29
-29
-29
-29
-30
-21
-28
-36
-28
-31
-33
-30
-27
-24
-23
-22
-21
-25
-17
-20
-29
-12
-12
-20
-12
-3
-5
-7
-6
0
-3
-9
-4
-3
-1
3
3
10
5
2
2
-6
-6
6
-3
-2
13
9
-1
1
5
-4
-7
1
5
3
3
3
5
4
-4
3
1
0
4
-1
5
5
0
6
10
1
8
12
3
8
12
16
13
21
22
13
23
22
17
24
22
23
25
21
25
23
20
19
17
20
16
14
20
17
9
13
13
6
7
9
3
3
3
-6
-5
-11
-16
-16
-19
-23
-26
-26
-28
-32
-32
-34
-29
-30
-32
-29
-32
-33
-35
-39
-37
-37
-38
-35
-40
-42
-37
-35
-42
-35
-30
-36
-29
-22
-27
-27
-14
-22
-22
-10
-14
-10
-10
-10
-9
-6
-6
-6
-5
-6
-7
-7
-12
-12
-6
-11
-11
-3
-12
-10
-4
-11
-10
-2
-4
-4
1
0
-1
0
1
3
-1
-2
8
1
1
8
4
7
7
9
14
16
14
19
21
20
25
26
27
27
31
29
29
33
34
32
34
35
34
36
38
36
33
40
35
34
33
32
35
31
31
31
32
30
26
29
28
29
23
22
28
21
15
17
17
10
10
5
5
6
4
2
2
3
-4
0
-1
-3
0
-2
-3
-2
-8
-5
-5
-10
-5
-8
-13
-13
-13
-14
-11
-12
-18
-11
-10
-11
-12
-11
-6
-10
-7
-10
-10
-3
-9
-14
-11
-10
-18
-15
-16
-16
-14
-15
-13
-10
-10
-13
-9
-6
-7
-5
-3
-3
1
1
2
1
-1
4
1
-4
1
2
-4
-1
-3
-5
-3
-7
-7
-4
-4
-5
-3
1
-2
1
1
-1
1
2
2
-2
5
5
2
5
2
0
0
0
-1
-6
-1
1
-1
1
2
3
3
5
6
3
7
6
3
6
5
-1
1
3
-4
-2
-3
-5
-3
-3
-3
-5
-4
-2
-6
-4
0
-2
-2
1
1
4
5
2
3
3
0
-1
-2
-6
-4
-3
-5
-5
-1
-1
-2
-2
0
1
1
2
-1
2
-2
2
1
-1
3
-4
1
2
-1
0
2
-1
-5
-2
-5
-10
-7
-7
-9
-4
-3
-4
-3
1
-1
-6
-2
0
-3
-5
-3
-6
-9
-5
-6
-9
-8
-3
-7
-4
-4
-8
-2
-6
-7
-7
-7
-5
-8
-5
-5
-6
-5
-6
-4
-3
-4
-2
-4
-5
-4
-4
-4
-3
-2
-3
-3
2
1
-3
3
2
-4
-1
1
-2
0
1
-4
2
4
-4
0
3
-3
-2
0
-3
0
1
2
1
3
4
4
8
6
6
6
4
3
3
2
1
2
3
2
2
6
6
7
8
5
11
9
7
10
8
12
11
10
15
17
13
15
16
13
14
16
14
10
14
12
7
13
11
11
12
13
14
13
14
16
11
14
11
6
11
7
5
4
6
6
1
5
3
4
4
2
0
3
4
0
2
0
1
2
-1
-2
1
-2
-6
-8
-10
-9
-10
-12
-12
-12
-14
-12
-14
-16
-17
-16
-16
-18
-16
-16
-13
-10
-14
-11
-10
-9
-5
-7
-8
-7
-6
-6
-9
-9
-7
-8
-7
-6
-5
-2
-1
1
1
-1
2
0
0
-1
-3
1
0
-1
