0
0
-1
0
0
0
1
0
1
0
0
0
1
0
-1
0
1
1
1
1
0
0
0
1
1
1
0
0
0
0
0
0
1
1
0
-1
0
0
-1
0
-1
0
0
0
0
0
0
0
0
0
1
0
0
0
-1
-2
-2
-1
-1
0
-1
-1
-2
-2
-2
-1
0
1
1
-1
-1
-3
-3
-2
-2
-1
-1
0
0
-2
-3
-4
-6
-3
-3
-1
0
-1
-2
-4
-5
-5
-5
-4
-2
-1
-2
-2
-5
-5
-6
-5
-3
-1
-2
-4
-6
-8
-9
-9
-6
-5
-3
-3
-5
-7
-9
-11
-11
-9
-7
-3
-1
-1
-4
-8
-10
-12
-9
-5
1
3
2
-1
-6
-9
-9
-6
-2
4
7
7
4
-1
-5
-5
-3
3
8
13
13
14
10
6
4
7
11
16
22
23
23
20
16
11
12
18
26
32
36
34
28
24
21
22
26
32
40
43
43
37
31
27
28
32
36
41
47
44
40
33
29
28
30
32
38
41
39
37
27
22
16
15
18
20
21
18
13
5
-2
-8
-11
-11
-11
-11
-15
-19
-26
-33
-39
-43
-44
-41
-39
-40
-46
-56
-64
-71
-74
-73
-74
-69
-64
-64
-68
-77
-84
-87
-87
-81
-76
-69
-63
-64
-69
-78
-86
-84
-76
-64
-53
-50
-47
-48
-51
-57
-62
-62
-53
-46
-38
-41
-46
-51
-55
-55
-54
-49
-40
-30
-25
-27
-35
-39
-34
-24
-7
5
16
22
24
23
22
27
43
69
96
115
125
127
124
120
115
114
123
134
149
153
146
133
115
104
99
100
107
115
121
123
112
93
77
70
75
89
101
110
113
112
106
95
83
78
81
88
96
95
87
75
57
39
25
19
24
34
40
31
10
-15
-33
-43
-45
-41
-34
-29
-27
-32
-42
-51
-55
-52
-42
-32
-27
-34
-51
-69
-82
-80
-71
-57
-52
-54
-62
-70
-73
-78
-84
-93
-102
-108
-110
-109
-109
-113
-128
-149
-167
-173
-163
-152
-150
-159
-176
-190
-198
-201
-205
-213
-229
-248
-272
-292
-297
-270
-199
-109
-14
54
85
84
55
22
5
26
88
170
238
274
266
225
170
114
75
63
78
117
142
132
73
-14
-98
-157
-168
-134
-71
-1
46
49
12
-45
-96
-113
-95
-40
35
103
149
151
115
60
13
1
23
66
112
142
142
109
53
-8
-53
-69
-48
-8
36
68
76
71
44
13
-11
-13
20
83
150
201
221
209
183
155
141
153
183
227
264
287
281
247
199
153
120
105
121
149
178
191
176
141
95
57
35
37
58
91
122
134
125
98
66
39
26
27
38
52
62
64
46
15
-25
-57
-74
-79
-72
-64
-60
-67
-87
-122
-159
-188
-193
-184
-176
-172
-180
-192
-202
-201
-197
-194
-199
-218
-236
-257
-264
-263
-268
-284
-310
-332
-338
-333
-341
-367
-413
-455
-474
-477
-480
-491
-486
-442
-327
-163
-3
86
60
-29
-119
-141
-72
52
185
287
343
343
309
239
170
118
94
130
192
252
268
211
98
-44
-162
-208
-166
-64
55
137
155
102
-2
-106
-176
-175
-96
20
137
202
210
167
97
32
-6
-3
44
122
194
232
210
151
75
9
-22
-17
33
102
155
171
134
63
-6
-42
-26
27
93
153
198
220
221
201
174
157
166
210
270
329
360
363
342
308
278
260
261
288
329
356
355
317
263
215
183
169
163
164
168
178
181
171
141
100
65
39
33
30
36
46
53
47
14
-35
-82
-110
-121
-119
-114
-113
-113
-124
-147
-178
-208
-231
-245
-245
-236
-214
-198
-200
-213
-239
-260
-277
-282
-274
-267
-265
-272
-289
-313
-340
-361
-368
-372
-382
-391
-403
-404
-402
-422
-454
-489
-512
-519
-530
-528
-499
-443
-341
-218
-106
-29
-31
-82
-141
-169
-119
-6
127
244
310
322
303
255
210
178
165
194
247
302
316
269
177
60
-44
-89
-66
8
100
165
179
132
38
-53
-118
-134
-90
1
100
166
186
157
95
32
-3
1
38
101
174
228
234
195
132
65
24
24
63
119
168
203
206
176
126
82
63
68
99
152
211
255
283
278
239
189
153
158
203
271
339
385
391
370
329
288
258
251
272
313
349
367
355
310
254
205
174
160
162
181
199
201
182
139
87
33
-9
-35
-45
-41
-25
-21
-47
-92
-141
-175
-199
-216
-222
-212
-198
-195
-205
-241
-279
-303
-321
-322
-307
-280
-258
-248
-258
-286
-313
-331
-337
-343
-349
-350
-344
-337
-361
-404
-428
-428
-413
-403
-410
-423
-428
-420
-409
-407
-427
-453
-466
-469
-467
-452
-407
-318
-198
-80
-4
4
-37
-86
-108
-80
0
105
214
303
362
381
347
284
222
191
207
259
316
345
327
264
181
89
27
9
39
106
171
206
198
143
66
-10
-59
-60
-13
62
135
176
179
152
101
48
10
1
31
88
151
188
184
149
96
44
8
4
42
105
178
229
242
208
145
87
56
69
113
189
263
315
325
300
252
203
181
193
244
304
373
414
416
385
329
280
247
252
282
327
358
369
362
324
271
206
154
130
150
190
215
201
156
105
37
-18
-58
-84
-95
-94
-80
-84
-92
-133
-204
-269
-301
-310
-300
-272
-264
-271
-293
-308
-337
-375
-394
-401
-375
-337
-298
-293
-307
-323
-339
-357
-378
-383
-383
-375
-354
-333
-323
-332
-355
-387
-417
-425
-406
-376
-354
-346
-360
-379
-410
-433
-444
-451
-442
-402
-324
-219
-101
-7
31
3
-52
-84
-62
14
122
226
297
341
361
355
314
261
214
204
230
276
315
315
272
194
112
40
-4
-1
42
101
153
175
148
90
24
-18
-33
-13
37
97
150
172
168
137
89
41
11
11
35
84
139
167
152
108
55
14
-4
23
74
135
191
218
224
190
152
127
134
161
202
264
310
355
365
356
312
268
249
261
305
354
393
397
385
345
304
261
236
245
268
306
329
333
297
252
210
167
128
89
94
120
137
112
73
39
-21
-80
-139
-168
-177
-153
-138
-150
-164
-208
-264
-329
-356
-363
-323
-243
-172
-191
-326
-464
-511
-421
-314
-308
-394
-449
-391
-305
-266
-321
-390
-395
-385
-396
-410
-366
-315
-294
-338
-409
-437
-418
-367
-347
-367
-410
-407
-367
-357
-418
-501
-488
-341
-158
-65
-67
-56
37
125
135
59
5
68
220
356
397
378
343
346
337
270
184
145
189
248
253
183
95
52
16
-31
-80
-78
-5
80
137
129
93
62
43
30
13
26
70
140
193
203
172
122
95
79
65
33
19
39
70
88
73
43
-2
-32
-39
-4
48
102
159
195
221
213
217
209
216
246
298
360
396
424
421
414
384
367
352
351
363
382
401
382
359
323
300
279
267
264
264
277
297
320
311
279
237
214
199
182
174
151
135
120
99
62
9
-55
-111
-128
-140
-165
-194
-212
-234
-263
-289
-331
-373
-384
-379
-380
-379
-366
-367
-396
-420
-440
-429
-411
-404
-419
-440
-450
-458
-453
-465
-475
-490
-473
-446
-424
-434
-485
-537
-576
-564
-550
-524
-505
-505
-525
-533
-487
-388
-273
-167
-74
12
123
200
233
178
121
103
168
295
384
440
413
373
315
265
199
110
57
31
58
81
92
65
-16
-108
-167
-153
-92
-16
42
77
116
161
197
172
116
84
100
161
220
257
246
217
185
153
97
11
-48
-66
-46
-28
-19
-27
-48
-69
-74
-63
-54
-15
47
141
219
281
328
337
349
345
383
405
435
466
490
512
490
479
430
395
347
336
335
330
337
334
346
322
306
280
279
290
325
377
406
431
425
421
382
341
299
266
246
216
199
145
82
10
-51
-105
-159
-200
-231
-233
-238
-239
-250
-267
-293
-328
-346
-364
-370
-378
-372
-372
-375
-377
-391
-415
-462
-510
-554
-590
-606
-598
-580
-583
-637
-705
-756
-777
-757
-760
-757
-769
-765
-784
-831
-804
-700
-451
-225
-13
137
223
315
299
275
154
96
127
254
429
490
499
389
278
131
-16
-119
-181
-148
-126
-97
-95
-105
-135
-201
-247
-251
-157
10
179
286
319
345
375
379
321
231
183
192
268
334
332
250
133
50
-41
-140
-240
-288
-291
-257
-190
-135
-101
-106
-104
-83
-56
-12
63
166
276
390
491
560
576
565
559
543
497
449
398
357
343
339
342
301
246
214
218
248
285
338
394
457
517
573
606
599
597
611
653
690
717
719
679
615
531
455
345
222
114
42
4
-30
-68
-129
-186
-229
-228
-212
-208
-209
-212
-194
-182
-165
-169
-191
-233
-291
-328
-380
-422
-476
-537
-601
-681
-741
-804
-843
-884
-920
-951
-975
-967
-947
-942
-960
-1032
-1098
-1150
-1167
-1029
-791
-403
-88
162
357
470
539
401
252
57
-12
24
133
291
327
303
144
-6
-185
-321
-397
-431
-353
-257
-92
25
64
56
18
47
138
283
463
607
693
709
680
588
434
238
40
-93
-172
-158
-121
-113
-176
-274
-331
-370
-383
-396
-348
-262
-134
40
196
304
337
348
332
303
256
222
218
195
185
140
81
26
7
36
49
52
93
192
284
332
329
313
313
336
393
472
554
609
662
697
719
709
654
592
520
483
465
461
447
435
426
413
418
406
404
387
384
393
410
425
414
388
327
274
210
166
124
86
56
25
1
-52
-133
-255
-369
-450
-496
-514
-532
-545
-527
-501
-492
-532
-626
-719
-782
-780
-752
-745
-762
-769
-776
-802
-873
-968
-1112
-1249
-1323
-1359
-1226
-956
-476
-25
279
532
666
694
446
150
-146
-359
-439
-344
-59
51
44
-70
-152
-285
-484
-541
-485
-324
-176
58
291
412
446
420
406
396
486
660
784
763
648
521
331
95
-161
-400
-557
-607
-457
-264
-163
-150
-146
-87
-65
-51
-48
-3
85
204
330
397
407
353
260
116
-23
-164
-270
-324
-338
-319
-303
-243
-180
-128
-100
-22
115
298
543
790
1016
1063
977
762
492
261
135
141
132
183
282
433
492
461
407
338
323
353
509
657
786
825
800
739
645
582
480
398
334
357
387
402
383
291
171
18
-34
-30
-12
-7
17
103
187
239
212
103
-45
-176
-234
-237
-258
-319
-399
-452
-466
-508
-660
-877
-1076
-1156
-1093
-998
-941
-954
-982
-1001
-994
-1060
-1192
-1405
-1482
-1130
-456
321
819
1098
1153
956
542
1
-502
-988
-1296
-1293
-921
-488
-179
-111
-268
-500
-661
-515
-286
-112
-14
193
553
859
980
833
540
275
250
394
501
414
195
9
-130
-203
-315
-494
-645
-640
-411
-83
201
414
524
553
551
527
485
371
240
153
103
99
94
56
-54
-236
-387
-482
-519
-513
-473
-384
-262
-90
97
239
290
289
302
358
438
525
619
758
906
896
644
231
-153
-392
-472
-389
-143
182
483
712
874
950
902
793
691
666
718
816
889
835
639
392
216
132
108
70
51
99
244
417
469
389
220
130
168
282
395
428
409
377
360
321
191
-29
-263
-453
-578
-633
-602
-553
-546
-581
-616
-617
-645
-661
-679
-659
-611
-607
-654
-804
-954
-1055
-1121
-1233
-1461
-1736
-1756
-1249
-361
521
1079
1379
1364
896
129
-638
-1214
-1683
-1905
-1608
-935
-258
202
387
301
-21
-260
-250
-140
-40
77
297
538
743
805
621
234
-56
-68
23
83
39
-21
-118
-188
-125
-78
-79
-115
-66
102
318
581
768
773
655
521
387
239
109
0
-131
-238
-176
-3
107
102
40
-10
-84
-137
-126
-136
-154
-114
23
152
208
248
307
381
441
509
539
473
314
122
-46
-199
-258
-232
-155
-9
199
447
637
720
724
690
657
645
661
648
586
534
497
418
283
140
52
33
70
131
196
232
246
273
298
322
338
357
376
398
437
453
421
349
226
43
-158
-349
-499
-628
-685
-608
-456
-319
-284
-274
-267
-273
-333
-451
-505
-543
-641
-784
-847
-860
-1018
-1249
-1391
-1457
-1542
-1486
-987
-221
429
884
1292
1472
1062
220
-609
-1204
-1636
-1829
-1588
-1059
-486
-30
277
360
187
-49
-215
-259
-194
-38
180
393
591
663
543
340
178
91
4
-35
-10
38
56
48
49
19
4
19
44
106
228
406
511
547
565
520
401
258
186
112
-3
-50
28
144
187
193
193
138
27
-68
-123
-170
-184
-118
10
142
243
346
447
523
567
616
609
465
236
-2
-212
-402
-526
-537
-429
-192
109
410
648
795
852
801
701
573
443
310
188
145
139
135
125
133
150
146
167
213
263
269
246
247
258
271
276
268
241
207
225
262
285
258
189
78
-107
-258
-314
-362
-497
-626
-622
-503
-339
-266
-246
-228
-300
-439
-528
-562
-703
-966
-1230
-1410
-1458
-1505
-1638
-1544
-878
148
968
1390
1607
1568
1014
35
-844
-1387
-1793
-2041
-1842
-1176
-395
180
460
457
254
7
-165
-200
-192
-220
-226
-58
330
626
572
290
138
190
217
171
73
-30
-118
-128
-18
88
109
47
6
96
297
504
570
539
521
513
465
371
274
129
-35
-96
34
280
424
412
332
263
173
38
-78
-140
-142
-80
42
209
392
519
513
395
342
537
905
1139
993
563
55
-443
-858
-1104
-1121
-914
-486
109
759
1305
1539
1390
1012
611
301
78
-78
-222
-405
-559
-557
-338
-62
92
120
164
338
523
558
382
95
-137
-218
-124
29
120
74
-16
24
174
301
281
140
11
-85
-230
-430
-590
-736
-898
-978
-869
-592
-315
-134
-73
-84
-150
-300
-552
-936
-1372
-1817
-2046
-1708
-826
218
1033
1626
1914
1647
928
-20
-928
-1732
-2240
-2184
-1649
-833
-83
464
700
583
347
71
-180
-413
-553
-520
-360
-29
288
422
377
283
288
275
231
147
24
-100
-174
-104
-30
-29
-80
-150
-105
66
304
484
584
669
723
755
722
603
384
98
-79
-87
25
137
237
373
457
462
407
316
165
-17
-103
-45
120
342
615
910
1098
1127
1037
800
431
23
-292
-471
-534
-452
-282
-56
194
420
588
652
643
570
459
357
255
155
27
-72
-105
-114
-107
-87
-28
35
93
142
143
99
-19
-166
-297
-384
-414
-397
-319
-172
29
244
416
502
500
368
117
-143
-387
-625
-843
-947
-892
-747
-594
-514
-457
-397
-315
-205
-178
-312
-569
-810
-1020
-1219
-1350
-1266
-775
-38
640
1142
1528
1589
1063
212
-624
-1307
-1812
-1976
-1654
-1080
-434
164
658
904
763
446
93
-197
-447
-665
-725
-631
-373
-137
18
172
299
415
416
367
293
122
-56
-182
-178
-180
-221
-226
-227
-172
-84
71
259
435
600
671
690
653
540
337
75
-90
-152
-142
-89
59
299
479
587
623
586
459
315
251
227
251
328
439
520
543
588
602
725
1075
1234
982
534
142
-247
-553
-615
-564
-308
90
526
976
1233
1229
964
591
209
-80
-176
-247
-275
-269
-211
-50
154
342
341
224
110
10
-123
-374
-661
-877
-882
-648
-309
-35
116
227
300
318
262
116
-143
-420
-613
-709
-744
-835
-937
-956
-880
-801
-714
-527
-431
-510
-630
-687
-764
-994
-1222
-1206
-734
23
756
1400
1818
1829
1369
630
-237
-1156
-1865
-2209
-2085
-1536
-763
12
594
950
1013
846
554
159
-229
-554
-695
-609
-365
-92
93
204
227
233
210
64
-151
-365
-456
-418
-312
-189
-118
-94
-102
-29
97
155
159
177
265
379
477
513
440
278
68
-96
-186
-226
-223
-163
2
249
494
639
652
576
461
367
314
304
353
511
782
1028
1135
1143
1078
854
526
259
88
-16
-34
53
227
450
643
750
804
781
696
598
516
442
355
270
210
206
197
115
17
-41
-47
-38
-26
-25
-30
-25
-36
-82
-182
-311
-411
-451
-413
-335
-275
-245
-200
-133
-99
-120
-209
-358
-514
-640
-730
-735
-691
-687
-712
-728
-732
-788
-890
-989
-1063
-1121
-1196
-1245
-1228
-979
-332
589
1451
1960
2079
1799
1144
229
-760
-1566
-2084
-2195
-1851
-1150
-291
439
890
973
767
434
59
-228
-436
-538
-496
-275
69
316
417
369
251
124
-41
-250
-526
-747
-796
-669
-429
-240
-114
-53
-12
56
99
114
86
107
202
311
400
383
273
105
-73
-212
-288
-245
-152
-42
96
254
376
383
340
302
279
278
310
406
511
632
898
1229
1368
1291
1150
929
578
243
8
-140
-150
-36
194
514
807
996
1084
1084
989
872
753
618
511
393
258
185
184
148
35
-42
-38
18
74
76
41
-4
-44
-82
-129
-203
-284
-330
-354
-356
-327
-303
-326
-359
-371
-418
-508
-606
-706
-779
-792
-741
-688
-657
-654
-700
-753
-779
-831
-989
-1229
-1460
-1657
-1644
-1146
-196
852
1611
1993
2008
1626
920
60
-784
-1515
-1951
-1871
-1342
-631
19
498
767
782
622
356
20
-338
-613
-668
-506
-194
119
321
426
447
415
298
60
-287
-646
-830
-801
-642
-497
-407
-320
-223
-81
43
65
-10
-78
-30
90
183
194
121
21
-69
-112
-123
-140
-158
-119
6
153
240
224
150
81
55
84
148
237
383
653
1001
1284
1428
1425
1292
1071
772
413
64
-165
-222
-101
184
517
806
999
1073
1078
1034
937
809
705
659
633
628
592
484
328
169
60
-10
-53
-88
-97
-58
11
85
121
90
30
-21
-70
-137
-218
-308
-362
-352
-328
-350
-438
-559
-690
-760
-756
-715
-698
-744
-771
-731
-689
-732
-862
-1050
-1246
-1384
-1510
-1577
-1318
-633
266
1109
1763
2074
1901
1312
483
-398
-1175
-1736
-1927
-1662
-1041
-284
408
898
1084
980
676
281
-92
-420
-656
-701
-516
-199
110
345
483
519
449
250
-60
-431
-773
-969
-967
-826
-651
-485
-326
-158
-6
52
-4
-101
-161
-158
-108
-57
-50
-80
-133
-186
-228
-258
-269
-250
-167
-32
97
169
164
106
21
-40
-38
19
150
405
772
1134
1398
1534
1503
1313
1000
605
198
-135
-320
-320
-111
238
639
1006
1241
1330
1292
1157
960
782
675
607
596
617
608
546
433
310
175
45
-75
-145
-146
-110
-37
53
138
190
186
132
36
-69
-182
-301
-382
-403
-382
-406
-486
-577
-643
-697
-775
-825
-845
-811
-739
-705
-733
-840
-977
-1145
-1365
-1608
-1706
-1348
-589
276
1011
1558
1892
1821
1338
575
-270
-1048
-1654
-1834
-1563
-966
-255
393
892
1098
1079
854
469
46
-330
-496
-482
-290
-15
204
380
491
571
499
208
-184
-556
-775
-874
-837
-702
-569
-418
-266
-93
-14
-104
-257
-378
-385
-354
-302
-235
-192
-157
-147
-133
-162
-245
-325
-374
-345
-269
-170
-100
-80
-60
-48
-49
-71
-29
154
443
783
1097
1340
1425
1323
1071
737
414
125
-65
-116
-23
192
450
694
878
990
1016
960
858
745
680
680
735
809
851
838
755
605
402
168
-67
-257
-362
-355
-248
-84
122
307
397
366
242
84
-101
-265
-381
-430
-414
-391
-392
-436
-507
-612
-740
-832
-879
-854
-819
-833
-865
-927
-1018
-1170
-1371
-1451
-1172
-559
60
570
1085
1488
1538
1232
711
104
-573
-1193
-1526
-1475
-1129
-660
-84
499
890
1071
1024
785
395
-7
-269
-383
-305
-127
126
422
664
821
778
536
151
-255
-565
-798
-912
-892
-740
-524
-301
-56
120
143
19
-137
-260
-378
-467
-505
-464
-371
-277
-209
-195
-221
-279
-314
-318
-319
-309
-298
-253
-170
-86
-50
-83
-119
-106
33
325
661
928
1088
1164
1123
937
671
372
101
-63
-78
56
271
507
722
889
974
948
853
735
631
580
572
598
655
727
768
741
671
542
358
137
-86
-244
-299
-246
-132
12
147
238
265
222
132
6
-144
-276
-356
-392
-443
-497
-514
-519
-566
-700
-880
-1014
-1051
-1020
-963
-884
-843
-893
-1038
-1185
-1101
-692
-169
289
747
1191
1387
1254
887
401
-217
-892
-1361
-1462
-1249
-907
-401
218
678
902
957
888
647
305
28
-154
-204
-171
-35
209
455
658
740
675
434
108
-198
-481
-689
-806
-811
-707
-526
-260
-14
118
115
58
-3
-122
-260
-367
-409
-388
-331
-257
-226
-254
-316
-366
-386
-419
-442
-442
-408
-341
-254
-165
-115
-83
-21
151
402
609
766
895
970
937
796
575
343
163
49
36
117
250
415
605
773
866
910
877
792
714
663
643
635
649
650
630
581
502
413
290
146
20
-67
-123
-126
-77
-7
79
144
174
158
86
-18
-135
-222
-297
-372
-455
-542
-570
-600
-672
-766
-823
-855
-935
-1018
-1069
-1082
-1110
-1225
-1368
-1340
-934
-288
283
741
1232
1606
1563
1115
527
-45
-713
-1334
-1587
-1433
-1046
-579
34
586
857
925
849
663
323
15
-116
-138
-50
54
238
461
649
795
760
557
215
-134
-405
-649
-778
-794
-701
-534
-301
-11
161
180
92
-10
-135
-319
-473
-535
-490
-406
-297
-159
-88
-98
-164
-221
-284
-392
-492
-553
-536
-467
-376
-285
-233
-186
-129
-36
77
196
389
677
1032
1326
1453
1377
1097
692
234
-173
-466
-577
-442
-86
435
968
1392
1632
1659
1507
1207
853
534
319
234
246
351
502
654
730
699
586
393
162
-85
-277
-359
-318
-168
23
203
333
380
303
128
-96
-348
-582
-742
-807
-832
-840
-851
-870
-893
-963
-1021
-1051
-1073
-1120
-1213
-1337
-1484
-1433
-993
-303
391
976
1465
1675
1503
1034
410
-311
-1084
-1629
-1752
-1493
-1017
-419
231
711
951
1006
872
555
154
-109
-212
-169
-17
192
452
696
910
997
859
507
61
-316
-630
-852
-935
-888
-712
-456
-127
149
265
220
80
-67
-235
-383
-468
-497
-467
-382
-247
-164
-174
-230
-295
-345
-413
-494
-553
-564
-511
-425
-331
-265
-216
-165
-81
96
343
584
759
895
999
1001
881
660
400
163
3
-58
-9
146
364
631
897
1104
1206
1194
1112
988
883
801
751
738
734
746
750
741
684
563
396
212
69
-28
-75
-66
2
103
196
270
299
279
206
114
1
-170
-371
-551
-676
-769
-831
-845
-841
-834
-891
-992
-1076
-1183
-1336
-1559
-1769
-1740
-1308
-606
36
630
1272
1740
1777
1342
687
-47
-835
-1493
-1847
-1781
-1439
-900
-194
418
804
932
854
584
170
-173
-387
-430
-313
-89
246
589
902
1084
1067
835
439
31
-369
-722
-991
-1099
-999
-773
-451
-132
118
250
277
232
55
-184
-405
-528
-547
-503
-402
-308
-221
-174
-180
-209
-295
-402
-519
-602
-626
-612
-553
-485
-399
-300
-185
-54
48
190
414
661
846
950
1011
971
811
564
270
16
-188
-287
-212
29
378
761
1121
1360
1460
1437
1281
1047
814
645
554
555
630
724
812
863
849
739
542
300
100
-17
-69
-43
46
187
334
442
487
468
404
274
64
-205
-431
-552
-625
-690
-742
-741
-717
-749
-839
-924
-960
-1038
-1190
-1336
-1497
-1596
-1416
-850
-144
452
1003
1441
1592
1342
793
160
-538
-1194
-1619
-1676
-1392
-917
-287
286
637
794
769
576
213
-134
-356
-464
-410
-232
76
417
743
981
1035
890
521
85
-336
-698
-972
-1125
-1079
-897
-597
-250
32
201
228
180
19
-185
-345
-457
-487
-460
-350
-244
-182
-150
-179
-249
-383
-512
-610
-693
-720
-691
-590
-479
-370
-253
-151
-8
185
392
546
661
779
840
813
706
540
322
91
-91
-187
-179
-67
158
455
749
987
1148
1213
1179
1098
996
873
774
728
727
750
782
808
802
736
606
455
304
176
93
70
104
166
248
340
404
408
364
303
210
69
-93
-242
-351
-424
-483
-556
-657
-770
-872
-923
-948
-1013
-1117
-1250
-1403
-1392
-1025
-475
-38
342
888
1424
1540
1182
680
227
-352
-1034
-1460
-1469
-1244
-921
-443
111
492
651
625
461
178
-111
-294
-391
-380
-253
15
355
672
895
935
782
489
154
-231
-677
-1053
-1231
-1198
-1047
-792
-442
-119
102
207
230
116
-124
-368
-534
-580
-564
-501
-397
-285
-172
-128
-152
-250
-402
-561
-719
-812
-833
-787
-700
-588
-405
-158
130
378
547
675
778
817
734
579
418
259
101
-22
-72
-66
-10
102
265
451
621
762
848
892
899
863
801
744
731
749
771
788
807
816
776
676
535
381
238
126
67
54
95
176
272
361
415
417
379
318
213
85
-28
-124
-223
-327
-420
-507
-593
-646
-685
-730
-784
-838
-910
-1062
-1246
-1261
-978
-519
-42
517
1137
1571
1636
1403
1022
483
-234
-941
-1348
-1411
-1259
-915
-381
167
543
751
794
635
320
-16
-297
-490
-528
-388
-106
248
628
967
1159
1084
784
380
-101
-614
-1054
-1307
-1379
-1292
-1037
-659
-267
12
160
197
95
-116
-356
-543
-653
-685
-617
-462
-295
-180
-124
-118
-185
-343
-552
-748
-904
-998
-1016
-939
-770
-523
-202
142
420
585
692
792
818
730
577
424
279
138
21
-47
-61
-28
60
194
351
513
666
786
836
835
814
790
767
750
732
713
715
734
738
709
642
555
464
360
235
123
60
40
65
116
179
237
292
338
342
285
190
77
-58
-198
-327
-439
-551
-642
-710
-776
-851
-929
-975
-1031
-1158
-1297
-1222
-859
-339
212
795
1365
1681
1635
1339
937
395
-324
-980
-1324
-1355
-1177
-792
-243
263
615
805
807
634
356
81
-183
-361
-375
-227
38
368
742
1057
1194
1081
788
391
-101
-613
-1029
-1274
-1361
-1267
-964
-551
-159
134
284
283
126
-122
-399
-650
-831
-896
-809
-633
-426
-235
-87
-18
-72
-248
-506
-780
-1026
-1199
-1266
-1197
-996
-674
-246
181
519
731
823
807
676
480
251
60
-69
-133
-111
-11
136
279
402
494
560
591
572
534
513
524
553
608
700
803
883
917
925
889
792
657
520
406
315
264
230
208
205
222
245
247
224
198
190
193
209
199
152
80
5
-93
-237
-395
-537
-639
-709
-765
-834
-904
-974
-1067
-1203
-1289
-1131
-717
-188
328
839
1300
1569
1557
1289
877
346
-243
-760
-1096
-1196
-1050
-700
-294
75
412
654
717
608
429
202
-64
-278
-346
-243
-15
322
723
1092
1285
1253
1054
701
204
-361
-877
-1265
-1473
-1448
-1215
-851
-437
-48
260
410
389
234
-2
-286
-570
-763
-837
-807
-687
-495
-277
-96
-1
-32
-201
-469
-775
-1074
-1311
-1433
-1398
-1173
-779
-286
188
566
837
984
970
801
547
272
-9
-255
-391
-392
-290
-122
93
318
502
618
654
621
556
495
447
432
473
571
695
819
929
987
972
878
717
532
359
212
93
29
36
98
180
261
325
357
361
351
318
242
148
57
-19
-89
-159
-239
-331
-410
-482
-565
-666
-771
-881
-1014
-1158
-1235
-1144
-862
-451
22
548
1047
1379
1480
1418
1247
890
350
-177
-547
-788
-908
-820
-567
-285
-18
244
428
486
449
343
145
-111
-305
-360
-283
-102
194
580
926
1133
1213
1167
941
546
70
-430
-897
-1251
-1423
-1410
-1249
-979
-637
-291
-26
153
253
247
105
-106
-304
-473
-597
-642
-591
-485
-360
-249
-179
-179
-265
-433
-659
-898
-1106
-1224
-1220
-1070
-784
-416
-22
344
649
855
939
899
739
496
232
-7
-193
-292
-280
-186
-44
131
290
401
483
531
526
491
459
439
435
462
528
609
690
763
805
807
760
659
525
373
224
90
-8
-64
-80
-58
4
90
177
240
279
291
263
200
116
11
-98
-183
-240
-291
-349
-403
-449
-507
-596
-726
-885
-1019
-1027
-878
-628
-317
43
384
623
785
917
974
893
730
574
418
251
148
125
111
85
92
121
115
99
100
79
-23
-164
-259
-295
-296
-238
-96
67
201
337
475
533
482
392
282
112
-98
-270
-388
-492
-579
-613
-606
-592
-569
-516
-460
-430
-408
-385
-392
-422
-436
-425
-423
-431
-427
-412
-412
-432
-462
-516
-595
-663
-693
-686
-643
-545
-395
-235
-106
1
95
159
185
183
166
135
101
85
89
122
175
229
268
292
300
302
316
340
375
418
461
502
554
615
659
680
688
687
671
638
590
534
485
452
426
392
355
320
293
275
264
253
243
240
248
256
256
248
237
220
203
185
160
122
80
33
-43
-140
-238
-330
-432
-520
-574
-608
-626
-630
-578
-456
-290
-152
-103
-123
-167
-203
-234
-265
-297
-322
-337
-342
-300
-205
-94
-8
52
100
134
162
183
200
219
218
171
98
79
141
220
266
299
319
329
334
317
264
183
115
87
66
28
-11
-36
-47
-54
-75
-118
-176
-217
-222
-227
-245
-270
-291
-308
-326
-367
-445
-549
-662
-753
-822
-862
-874
-862
-808
-707
-586
-480
-397
-334
-282
-236
-222
-241
-263
-264
-251
-234
-197
-145
-85
-16
56
108
150
196
254
323
390
450
504
556
602
644
683
704
705
702
716
739
760
767
751
728
710
700
682
648
602
560
524
475
418
372
344
316
283
247
213
191
181
177
166
138
79
-6
-97
-185
-275
-373
-461
-534
-582
-594
-586
-584
-585
-574
-526
-440
-343
-282
-256
-253
-288
-350
-388
-394
-407
-433
-432
-397
-335
-240
-113
18
132
224
293
340
373
392
392
348
256
170
146
171
199
226
268
319
365
403
422
391
327
271
233
178
107
57
31
-1
-41
-74
-105
-145
-175
-186
-201
-247
-317
-389
-461
-535
-610
-680
-737
-760
-748
-719
-691
-663
-630
-586
-541
-499
-471
-459
-448
-417
-371
-324
-274
-230
-197
-171
-153
-146
-131
-99
-48
27
119
212
313
425
519
583
613
617
600
582
571
555
533
526
545
580
621
653
671
683
693
690
666
621
566
513
472
430
384
335
297
276
265
249
222
193
174
147
98
28
-49
-126
-195
-249
-296
-343
-372
-364
-339
-329
-349
-391
-439
-490
-526
-512
-455
-395
-356
-319
-312
-360
-409
-403
-380
-408
-441
-411
-337
-245
-117
44
177
266
352
435
479
476
458
413
323
219
154
136
144
185
259
332
381
418
462
472
421
345
280
219
137
61
10
-29
-64
-79
-72
-87
-126
-167
-207
-273
-371
-469
-544
-603
-651
-687
-696
-685
-660
-631
-609
-612
-631
-643
-641
-628
-595
-541
-482
-420
-346
-273
-231
-216
-208
-208
-216
-215
-191
-136
-45
84
219
335
433
520
592
631
639
625
599
573
552
542
543
549
570
611
656
685
701
709
706
684
652
606
544
478
423
372
318
274
249
226
199
172
133
79
20
-46
-125
-203
-262
-302
-329
-353
-371
-385
-399
-412
-425
-447
-477
-517
-555
-592
-613
-575
-484
-402
-364
-333
-298
-304
-348
-366
-350
-351
-346
-284
-178
-76
33
176
313
403
471
538
579
589
577
532
453
377
354
356
345
334
370
431
468
479
486
478
436
383
328
255
168
98
56
7
-64
-130
-179
-230
-287
-350
-422
-496
-554
-589
-616
-648
-670
-681
-680
-675
-675
-697
-724
-736
-739
-740
-723
-674
-593
-489
-387
-320
-291
-271
-250
-243
-248
-243
-213
-160
-77
33
155
282
403
511
599
659
687
692
690
690
690
683
672
673
693
717
722
717
722
734
725
697
667
632
591
550
508
459
413
377
341
293
236
164
87
15
-51
-121
-196
-260
-306
-337
-357
-375
-400
-430
-458
-484
-526
-576
-607
-620
-636
-656
-666
-675
-684
-658
-574
-486
-441
-414
-359
-314
-322
-330
-286
-244
-232
-188
-100
-26
34
135
253
333
391
468
539
577
614
654
639
571
518
511
494
452
442
473
497
502
518
527
498
440
401
361
277
178
105
37
-54
-150
-225
-297
-364
-402
-421
-457
-504
-533
-551
-575
-605
-637
-678
-723
-754
-778
-803
-813
-792
-754
-706
-651
-595
-534
-465
-394
-341
-319
-308
-293
-261
-208
-144
-71
6
86
174
265
353
433
508
580
639
679
706
732
767
804
825
825
815
813
815
810
796
781
767
751
735
719
695
661
629
593
540
466
375
284
199
113
17
-73
-143
-197
-235
-266
-297
-327
-346
-363
-393
-431
-472
-501
-518
-540
-574
-613
-643
-658
-665
-677
-698
-729
-761
-784
-781
-725
-621
-515
-441
-371
-293
-246
-235
-199
-140
-124
-142
-111
-28
41
106
220
347
424
475
538
583
590
586
577
529
455
430
454
457
433
445
491
510
491
475
455
393
303
236
172
67
-49
-120
-161
-221
-289
-329
-354
-387
-408
-416
-444
-495
-530
-545
-578
-629
-656
-652
-646
-647
-640
-628
-622
-601
-568
-545
-529
-490
-424
-355
-284
-202
-118
-66
-22
38
94
124
149
204
267
328
396
477
554
627
703
758
783
797
815
820
807
792
777
766
762
768
782
789
786
783
779
755
704
636
559
480
401
318
234
151
84
36
-15
-65
-107
-134
-167
-203
-238
-270
-300
-321
-331
-356
-383
-413
-450
-484
-508
-526
-556
-581
-591
-587
-587
-584
-574
-564
-543
-525
-534
-564
-555
-470
-364
-301
-258
-187
-123
-106
-100
-61
-47
-95
-135
-113
-91
-97
-53
57
152
208
276
351
383
392
405
378
281
191
171
161
112
80
113
157
160
156
162
130
60
14
-13
-82
-178
-225
-235
-273
-323
-339
-341
-357
-348
-307
-290
-320
-334
-317
-331
-378
-406
-407
-406
-403
-383
-364
-349
-312
-253
-205
-178
-147
-102
-57
-15
35
89
148
200
237
271
314
348
353
362
388
406
415
446
499
546
585
623
655
677
695
708
712
707
693
665
629
595
569
553
536
514
495
486
473
435
382
336
291
241
193
156
127
105
98
88
65
43
26
1
-36
-86
-145
-201
-240
-267
-294
-314
-328
-333
-326
-318
-320
-333
-347
-357
-369
-391
-418
-440
-454
-449
-438
-443
-458
-461
-463
-476
-479
-442
-392
-377
-365
-328
-299
-318
-338
-317
-310
-348
-361
-321
-292
-277
-227
-164
-132
-107
-49
2
5
-1
4
-23
-76
-101
-97
-111
-141
-127
-75
-45
-39
-17
16
27
29
35
24
-11
-38
-48
-67
-100
-121
-120
-112
-100
-78
-65
-59
-39
-5
13
11
8
13
20
27
35
32
35
58
88
95
90
101
123
148
182
214
230
252
290
313
300
293
313
325
329
355
388
398
414
449
474
476
482
496
502
500
496
486
472
457
442
424
405
388
388
400
403
401
406
415
408
384
365
345
314
281
251
214
178
152
129
98
72
59
45
23
1
-22
-46
-69
-87
-107
-124
-141
-160
-182
-201
-227
-270
-316
-353
-386
-421
-451
-470
-480
-489
-499
-513
-531
-550
-569
-587
-601
-598
-579
-573
-590
-596
-575
-555
-560
-573
-572
-574
-587
-585
-554
-519
-490
-445
-387
-345
-316
-271
-220
-185
-170
-170
-178
-178
-157
-131
-129
-126
-92
-35
10
29
45
69
94
111
109
89
71
75
98
117
129
149
182
228
274
300
303
294
294
294
277
243
211
201
207
208
199
191
198
219
239
245
237
241
258
273
272
268
266
263
269
281
273
240
225
236
238
223
225
237
245
265
299
319
320
337
370
389
392
392
386
373
366
360
345
330
336
361
385
393
390
389
392
386
361
329
296
270
251
242
234
222
214
210
200
177
146
111
72
35
-4
-48
-92
-117
-122
-124
-139
-160
-181
-207
-248
-292
-337
-386
-434
-470
-494
-522
-545
-553
-562
-582
-606
-633
-674
-726
-770
-800
-818
-821
-811
-806
-811
-806
-778
-741
-715
-712
-725
-730
-729
-723
-700
-655
-602
-554
-500
-440
-388
-334
-274
-223
-202
-196
-180
-146
-103
-48
7
53
113
198
285
337
368
403
441
466
473
474
476
475
484
501
510
507
514
541
565
568
562
559
560
558
547
516
473
445
432
412
374
340
317
302
289
266
228
192
179
167
139
113
101
87
69
70
75
48
13
8
21
8
-18
-17
3
28
65
108
138
164
202
229
227
222
232
244
244
244
258
284
309
340
379
407
412
414
423
431
421
398
383
377
373
364
351
332
318
312
304
275
236
200
168
134
96
55
7
-34
-64
-96
-138
-185
-226
-268
-316
-368
-429
-486
-530
-571
-614
-660
-705
-741
-769
-797
-829
-871
-918
-955
-979
-1007
-1043
-1071
-1078
-1074
-1062
-1041
-1019
-1003
-983
-953
-923
-890
-846
-794
-751
-702
-637
-571
-503
-419
-322
-240
-170
-91
-4
87
174
245
287
319
372
431
481
530
582
629
676
726
774
806
827
843
858
866
853
829
809
794
776
755
728
696
671
652
628
584
536
501
468
418
358
303
253
204
159
108
53
3
-41
-76
-107
-137
-168
-195
-210
-212
-208
-209
-221
-232
-230
-216
-215
-224
-218
-191
-166
-151
-122
-73
-24
26
81
128
165
212
267
308
334
354
375
393
408
432
455
466
479
515
556
568
558
559
573
578
561
527
491
461
432
399
347
290
244
212
170
115
63
13
-39
-85
-128
-186
-254
-314
-363
-413
-472
-535
-590
-634
-671
-720
-779
-832
-861
-877
-905
-941
-970
-984
-989
-995
-1002
-1011
-1013
-1013
-1010
-1000
-984
-964
-939
-905
-862
-811
-746
-670
-607
-560
-509
-452
-400
-344
-263
-187
-136
-85
1
92
158
226
310
381
431
490
558
608
646
692
730
743
763
805
833
834
840
856
857
840
829
827
806
771
742
722
690
644
604
557
501
446
400
353
301
252
205
156
104
60
25
-16
-60
-98
-139
-182
-216
-246
-274
-298
-309
-316
-319
-309
-296
-288
-280
-260
-230
-217
-222
-214
-183
-164
-162
-143
-101
-62
-25
25
69
105
155
216
261
293
328
365
396
421
443
459
465
477
498
507
503
501
506
514
506
485
464
449
433
409
372
324
280
245
209
154
89
31
-19
-68
-121
-178
-238
-290
-325
-367
-419
-473
-518
-556
-595
-641
-691
-731
-753
-766
-779
-798
-812
-811
-805
-806
-810
-810
-802
-785
-764
-745
-724
-699
-662
-618
-583
-551
-512
-469
-429
-389
-349
-309
-268
-216
-157
-106
-63
-12
47
101
146
188
225
253
279
317
355
383
413
451
482
505
531
560
576
578
582
584
572
558
555
549
530
515
502
486
464
447
427
394
355
325
303
268
231
200
177
157
137
114
89
58
31
6
-25
-62
-97
-127
-153
-176
-194
-207
-210
-211
-210
-209
-208
-210
-209
-207
-207
-215
-221
-209
-182
-159
-146
-130
-104
-63
-21
3
13
32
64
95
115
137
171
208
240
269
295
318
340
360
372
372
363
358
361
370
375
372
366
368
376
374
347
309
281
261
228
181
135
102
82
59
30
-3
-39
-71
-101
-138
-188
-238
-278
-310
-341
-372
-404
-427
-435
-440
-456
-480
-495
-501
-505
-512
-522
-529
-524
-512
-495
-482
-470
-452
-426
-400
-381
-365
-344
-313
-282
-253
-223
-186
-143
-101
-66
-38
-9
22
51
74
92
113
128
144
167
191
206
216
234
257
272
274
274
278
278
270
255
247
245
243
242
236
224
215
210
197
175
152
132
111
86
66
47
26
8
3
0
-10
-23
-31
-37
-47
-66
-90
-113
-132
-144
-156
-166
-172
-171
-164
-158
-158
-158
-152
-148
-145
-140
-136
-134
-124
-109
-93
-82
-65
-39
-18
-3
12
23
36
55
78
96
108
128
153
175
190
208
222
234
247
257
266
273
283
293
296
298
298
302
306
304
294
282
273
266
258
245
226
211
205
197
182
160
140
123
106
87
63
36
11
-6
-20
-41
-64
-83
-97
-112
-129
-148
-169
-184
-192
-201
-214
-225
-232
-232
-232
-234
-241
-245
-240
-232
-229
-231
-230
-223
-214
-205
-198
-190
-178
-164
-148
-133
-122
-106
-86
-69
-54
-37
-23
-9
7
23
35
46
57
73
85
90
92
97
102
102
96
91
91
88
82
69
56
46
42
33
15
-3
-16
-27
-43
-65
-91
-116
-136
-152
-171
-196
-215
-228
-240
-250
-259
-271
-282
-279
-275
-281
-293
-295
-288
-283
-280
-278
-273
-259
-235
-213
-204
-192
-166
-137
-112
-91
-72
-54
-32
-5
20
40
60
88
121
146
167
184
205
231
251
262
273
284
301
321
331
333
337
346
356
360
359
358
356
357
356
349
341
334
330
325
315
301
289
278
268
257
239
222
210
201
190
176
161
149
140
131
121
104
87
76
67
52
38
26
15
5
-5
-15
-28
-39
-46
-50
-56
-62
-66
-70
-76
-83
-87
-90
-95
-96
-98
-102
-104
-105
-108
-109
-111
-111
-110
-109
-108
-108
-108
-106
-104
-100
-99
-100
-98
-97
-97
-98
-95
-88
-88
-90
-93
-95
-96
-96
-98
-105
-111
-114
-119
-124
-130
-135
-141
-151
-155
-164
-178
-188
-192
-194
-203
-220
-230
-233
-235
-240
-250
-256
-260
-260
-259
-261
-261
-259
-258
-255
-253
-250
-249
-244
-231
-221
-215
-210
-201
-184
-171
-161
-152
-137
-117
-102
-96
-87
-70
-47
-26
-7
8
25
45
68
91
111
126
140
157
178
200
219
237
254
272
288
304
320
336
351
360
368
377
390
405
414
416
419
424
429
431
432
426
418
414
410
402
391
384
375
362
351
341
324
306
289
270
251
231
211
191
172
154
137
118
100
82
60
38
18
0
-18
-37
-56
-73
-87
-98
-111
-123
-132
-142
-154
-165
-174
-179
-186
-194
-201
-202
-202
-203
-203
-204
-201
-196
-192
-191
-188
-185
-178
-177
-173
-163
-154
-148
-143
-140
-137
-135
-131
-134
-137
-137
-137
-139
-143
-150
-153
-153
-157
-162
-171
-179
-186
-195
-204
-216
-226
-232
-236
-242
-250
-259
-268
-276
-279
-280
-287
-294
-294
-295
-294
-293
-292
-289
-284
-276
-267
-264
-255
-240
-228
-217
-204
-189
-171
-152
-129
-110
-91
-71
-46
-19
6
26
48
71
97
123
145
170
191
217
242
264
285
303
323
342
357
370
384
397
410
421
430
438
445
452
456
455
451
447
441
436
427
416
405
393
382
370
357
337
317
299
279
260
239
216
194
176
159
139
119
101
84
67
50
30
10
-7
-24
-37
-48
-58
-66
-75
-83
-89
-93
-100
-108
-113
-118
-120
-121
-120
-119
-114
-110
-105
-99
-94
-93
-91
-88
-88
-87
-85
-86
-84
-81
-77
-73
-71
-71
-71
-71
-71
-76
-82
-90
-97
-103
-110
-118
-125
-132
-139
-148
-158
-167
-178
-190
-201
-212
-223
-235
-247
-259
-268
-275
-282
-286
-292
-298
-301
-304
-308
-308
-308
-308
-303
-300
-294
-286
-275
-265
-251
-236
-220
-204
-188
-171
-151
-131
-111
-91
-71
-48
-24
-3
21
45
70
93
113
132
148
170
190
207
223
238
254
267
278
288
297
306
314
319
322
322
320
318
316
312
308
303
298
292
282
273
262
252
241
228
215
202
189
177
166
155
142
129
118
108
101
92
81
69
60
54
46
37
27
21
16
14
14
12
10
11
11
11
12
12
12
13
11
10
9
7
9
9
11
10
10
12
12
10
4
0
-3
-8
-12
-19
-27
-37
-43
-48
-54
-64
-74
-82
-88
-97
-107
-119
-128
-138
-145
-153
-162
-170
-177
-184
-189
-197
-201
-204
-207
-210
-214
-217
-219
-221
-224
-224
-223
-223
-220
-216
-213
-209
-205
-199
-191
-181
-173
-167
-159
-150
-138
-127
-119
-107
-96
-84
-70
-57
-45
-32
-20
-6
4
15
26
36
46
57
66
78
89
97
107
115
125
133
141
148
153
157
159
162
162
162
162
161
161
161
161
160
158
156
153
149
145
142
137
132
127
121
115
109
104
98
94
90
85
78
72
68
62
58
54
52
49
45
44
42
41
40
37
36
35
35
35
32
33
32
31
31
31
31
31
30
29
29
30
30
29
29
28
27
27
24
22
20
17
14
9
4
2
-4
-11
-16
-22
-29
-33
-39
-43
-48
-54
-59
-67
-74
-80
-86
-93
-99
-106
-111
-115
-120
-124
-131
-135
-137
-140
-143
-148
-152
-153
-151
-150
-148
-147
-144
-138
-134
-129
-123
-120
-116
-110
-104
-97
-91
-84
-74
-65
-57
-48
-38
-28
-21
-12
-4
5
14
21
29
37
44
52
60
67
73
79
82
84
85
88
89
89
89
88
87
87
85
83
82
80
79
77
75
73
69
65
61
58
55
52
47
42
37
32
27
24
20
17
14
9
8
6
5
4
5
3
4
7
9
11
15
16
19
22
25
27
28
30
32
34
35
36
39
42
45
46
47
48
50
51
52
52
53
54
52
50
47
44
41
38
35
30
22
13
9
3
-3
-8
-13
-17
-23
-30
-38
-43
-49
-53
-59
-64
-69
-74
-79
-83
-85
-87
-91
-94
-95
-97
-100
-102
-104
-103
-101
-101
-99
-97
-95
-90
-86
-82
-78
-73
-65
-57
-51
-45
-39
-32
-24
-16
-8
1
9
18
26
34
41
48
55
64
70
74
80
84
88
91
94
97
100
100
102
102
100
99
97
94
91
86
77
71
65
58
53
45
39
32
26
20
14
7
0
-7
-14
-18
-26
-32
-37
-42
-46
-50
-51
-53
-54
-54
-55
-55
-53
-54
-52
-50
-50
-48
-45
-42
-38
-35
-32
-28
-25
-21
-17
-16
-12
-9
-6
-2
2
3
5
9
12
14
14
14
13
13
12
11
8
6
3
3
1
-4
-6
-8
-10
-12
-15
-18
-23
-25
-26
-27
-31
-34
-36
-37
-38
-40
-43
-47
-48
-48
-48
-47
-48
-48
-46
-43
-39
-37
-35
-33
-29
-26
-22
-19
-14
-12
-10
-6
-2
2
5
10
13
17
22
29
33
41
46
50
56
60
65
67
71
76
78
81
83
85
87
90
92
94
94
98
98
97
96
95
95
93
91
87
83
80
77
71
68
63
58
53
48
42
35
31
26
19
14
10
5
-1
-7
-14
-19
-25
-30
-34
-37
-41
-44
-47
-50
-52
-54
-55
-56
-56
-56
-57
-59
-59
-59
-58
-57
-58
-58
-57
-57
-56
-56
-54
-51
-48
-47
-46
-47
-47
-46
-44
-44
-42
-43
-41
-41
-41
-42
-42
-44
-43
-45
-46
-48
-50
-52
-52
-52
-53
-54
-55
-56
-58
-61
-63
-64
-64
-64
-64
-65
-63
-64
-63
-64
-63
-60
-58
-54
-53
-51
-48
-45
-42
-37
-31
-26
-19
-14
-6
1
7
13
19
27
34
41
47
54
62
69
77
85
92
98
105
109
111
116
120
125
129
134
136
138
140
141
141
143
143
142
140
138
134
130
127
123
119
115
111
107
102
96
89
81
74
66
60
53
46
40
34
27
23
17
11
5
-1
-6
-13
-18
-28
-33
-38
-42
-44
-46
-48
-49
-52
-55
-57
-60
-62
-64
-65
-67
-71
-71
-74
-75
-76
-76
-75
-74
-73
-73
-73
-74
-77
-79
-79
-79
-79
-79
-80
-82
-84
-84
-86
-88
-89
-91
-91
-94
-97
-99
-101
-102
-102
-103
-104
-103
-103
-103
-106
-107
-108
-107
-106
-105
-102
-101
-100
-98
-94
-89
-85
-80
-76
-71
-68
-61
-53
-47
-40
-31
-23
-16
-9
-1
8
18
26
34
41
51
61
69
78
87
94
102
109
116
123
128
134
139
144
150
153
156
159
163
164
166
168
168
166
166
163
159
156
154
151
150
144
139
134
128
123
117
112
106
98
92
87
79
73
66
59
54
49
41
36
29
24
19
15
12
8
5
4
1
-1
-3
-5
-6
-6
-8
-11
-12
-13
-13
-12
-12
-12
-13
-13
-14
-14
-14
-16
-15
-16
-19
-21
-24
-26
-30
-33
-36
-39
-44
-50
-54
-59
-66
-73
-79
-86
-92
-99
-107
-113
-121
-126
-133
-141
-148
-154
-162
-167
-175
-179
-184
-188
-191
-194
-196
-197
-197
-197
-195
-193
-190
-184
-180
-174
-167
-161
-152
-142
-133
-123
-112
-101
-88
-75
-61
-47
-36
-23
-9
5
18
32
46
58
72
85
96
109
119
129
138
148
156
163
169
174
179
182
186
188
190
191
191
189
186
183
179
174
169
163
156
151
144
137
130
122
114
107
100
92
83
73
65
58
50
44
38
32
28
24
19
16
12
8
7
6
5
5
6
6
6
9
12
15
18
20
23
25
28
31
35
38
40
44
46
50
50
51
54
54
52
51
49
45
41
36
32
28
21
15
7
-2
-11
-20
-30
-41
-51
-62
-74
-85
-97
-108
-121
-133
-144
-154
-164
-175
-186
-196
-204
-211
-219
-226
-232
-237
-241
-243
-243
-243
-242
-240
-236
-232
-229
-222
-215
-206
-197
-186
-175
-161
-149
-137
-123
-110
-93
-78
-62
-45
-31
-17
-1
13
29
44
60
73
87
101
113
124
133
143
150
157
165
172
178
181
182
185
186
187
185
184
182
178
174
169
166
160
154
148
141
133
126
117
110
103
94
86
79
72
65
59
52
47
43
38
33
29
27
23
22
20
19
19
20
20
22
24
25
28
30
34
37
41
45
49
52
55
59
64
67
71
74
77
79
80
82
82
84
84
81
81
78
75
72
69
64
57
51
44
37
29
20
10
0
-11
-22
-33
-44
-56
-68
-80
-91
-103
-114
-124
-136
-148
-157
-165
-177
-185
-192
-198
-205
-211
-214
-219
-222
-224
-224
-225
-223
-220
-217
-214
-209
-202
-198
-191
-184
-176
-167
-158
-147
-136
-126
-115
-104
-91
-79
-66
-53
-42
-31
-20
-8
3
13
24
34
44
54
64
72
78
84
92
98
101
107
111
114
117
119
121
122
122
122
121
121
119
118
116
112
108
106
103
101
97
95
90
87
84
80
77
76
75
70
68
65
63
64
63
60
58
59
59
61
61
62
61
61
63
63
64
64
67
68
70
71
71
70
71
71
71
71
70
70
68
67
65
64
62
60
57
55
51
47
42
37
32
28
24
17
12
5
-2
-8
-15
-22
-30
-36
-42
-49
-56
-64
-70
-76
-82
-87
-93
-98
-104
-108
-113
-115
-118
-121
-124
-126
-128
-129
-130
-131
-131
-131
-130
-130
-128
-128
-127
-123
-122
-118
-115
-112
-108
-106
-102
-97
-91
-86
-82
-77
-73
-67
-62
-57
-52
-46
-39
-35
-30
-26
-22
-16
-11
-6
-1
2
5
8
12
16
20
22
25
30
32
34
37
37
40
43
45
47
50
52
55
57
58
61
63
64
67
68
69
71
74
76
77
80
80
82
84
85
85
87
88
86
88
88
89
89
89
89
87
87
87
86
84
84
82
80
79
75
72
68
68
65
61
59
54
49
46
43
38
34
29
24
20
14
9
4
0
-5
-9
-13
-17
-23
-28
-32
-34
-37
-41
-45
-47
-49
-51
-53
-57
-58
-59
-58
-58
-59
-58
-57
-56
-56
-55
-54
-51
-50
-48
-49
-48
-47
-46
-45
-45
-42
-40
-39
-38
-38
-37
-34
-34
-33
-33
-34
-33
-33
-36
-37
-37
-38
-39
-39
-40
-39
-41
-43
-44
-45
-47
-49
-49
-52
-52
-53
-54
-55
-56
-55
-54
-54
-53
-52
-51
-50
-48
-45
-43
-40
-37
-32
-28
-22
-17
-12
-5
2
7
13
19
26
33
38
44
50
56
62
68
73
77
83
87
93
96
100
103
106
109
111
113
114
115
114
113
113
111
108
106
103
99
96
90
85
80
73
66
60
53
45
40
32
23
15
8
-1
-7
-15
-24
-31
-37
-43
-49
-55
-60
-65
-69
-73
-76
-79
-81
-82
-84
-83
-83
-82
-81
-80
-79
-78
-76
-72
-67
-63
-56
-51
-46
-41
-35
-29
-22
-17
-11
-6
-1
6
11
15
19
23
28
32
34
37
39
42
43
44
44
43
41
41
39
36
34
29
27
24
19
14
9
3
-2
-9
-14
-18
-24
-29
-34
-39
-44
-49
-55
-58
-62
-66
-69
-72
-74
-76
-78
-78
-78
-76
-75
-72
-69
-67
-63
-57
-52
-47
-42
-37
-31
-24
-16
-6
1
10
18
25
32
39
45
51
58
64
70
76
83
87
90
94
96
99
102
102
103
104
103
102
100
99
97
93
89
86
80
74
67
61
54
46
39
31
23
16
7
0
-9
-17
-24
-33
-41
-48
-55
-62
-66
-72
-78
-81
-84
-85
-88
-88
-89
-89
-87
-85
-82
-80
-80
-76
-73
-69
-64
-58
-53
-46
-40
-34
-29
-22
-15
-9
-1
6
14
21
28
35
40
45
51
55
58
62
66
68
71
72
73
74
74
73
72
70
67
63
58
54
49
44
39
33
27
20
14
9
3
-3
-11
-16
-23
-30
-37
-41
-48
-52
-58
-61
-65
-68
-70
-72
-73
-75
-75
-74
-74
-73
-71
-68
-66
-62
-58
-54
-49
-43
-38
-32
-27
-19
-13
-7
-1
5
12
19
24
32
38
44
48
53
56
61
65
67
69
70
72
73
73
74
75
73
71
69
65
64
60
56
50
48
43
39
33
27
21
14
9
2
-3
-9
-15
-21
-27
-32
-38
-43
-48
-53
-57
-61
-65
-68
-69
-70
-71
-71
-72
-72
-73
-72
-71
-70
-69
-67
-65
-61
-59
-54
-49
-45
-40
-35
-30
-25
-19
-14
-8
-3
2
7
12
17
21
23
27
31
36
40
42
45
49
53
56
57
58
60
60
60
60
57
56
53
52
49
46
43
40
37
33
29
26
22
19
16
12
9
3
1
-3
-7
-10
-13
-17
-20
-22
-24
-26
-27
-28
-29
-30
-31
-30
-29
-29
-28
-28
-26
-24
-21
-19
-16
-14
-10
-7
-4
-2
1
3
8
11
14
17
21
25
27
30
32
34
34
37
39
39
40
41
39
40
40
40
38
38
36
34
30
27
26
21
20
15
12
8
3
1
-3
-7
-10
-15
-17
-22
-26
-29
-31
-34
-37
-39
-42
-43
-45
-46
-47
-48
-47
-47
-47
-48
-46
-46
-45
-41
-40
-38
-36
-34
-31
-30
-27
-25
-22
-19
-17
-14
-10
-8
-5
-2
1
4
7
10
14
17
19
21
23
26
27
30
32
33
35
33
32
34
35
34
34
32
32
31
29
28
25
23
23
21
20
18
15
12
11
8
5
5
2
1
-1
-2
-4
-4
-6
-7
-9
-11
-12
-12
-12
-14
-14
-15
-15
-15
-16
-16
-16
-16
-14
-14
-14
-14
-13
-11
-11
-9
-7
-5
-4
-2
0
2
4
6
6
6
9
11
11
13
14
15
15
15
15
15
15
14
14
13
12
11
9
9
8
6
5
4
1
-1
-1
-4
-6
-7
-10
-11
-13
-15
-15
-17
-18
-18
-20
-22
-22
-24
-25
-26
-27
-28
-26
-27
-28
-29
-29
-30
-30
-30
-29
-27
-28
-26
-26
-25
-23
-22
-21
-18
-17
-15
-13
-13
-11
-10
-7
-5
-2
-1
1
2
4
5
8
10
11
11
12
14
16
17
17
19
22
23
24
24
24
26
25
25
26
26
26
26
27
27
28
28
28
27
28
28
27
28
26
27
26
25
24
22
24
24
22
22
21
21
20
19
19
17
15
14
12
11
10
9
8
8
6
4
4
2
0
1
2
0
-1
-1
-1
-2
-2
-2
-3
-4
-6
-7
-7
-6
-7
-7
-8
-7
-9
-9
-9
-9
-10
-11
-11
-13
-15
-15
-14
-16
-17
-16
-16
-17
-18
-17
-16
-16
-17
-17
-18
-18
-18
-16
-15
-18
-18
-16
-17
-17
-18
-17
-17
-18
-18
-19
-19
-18
-18
-18
-16
-18
-18
-17
-17
-18
-18
-17
-19
-19
-19
-19
-20
-20
-19
-19
-20
-20
-20
-19
-19
-20
-20
-20
-20
-19
-17
-16
-16
-14
-12
-11
-10
-8
-7
-6
-4
-1
1
3
5
8
11
14
17
20
22
24
27
29
32
34
37
41
43
45
46
49
50
53
54
55
55
56
57
57
57
56
56
56
55
54
52
50
49
46
44
41
37
34
31
28
26
21
17
12
11
8
4
0
-2
-6
-11
-14
-18
-21
-21
-24
-25
-28
-30
-32
-33
-34
-34
-36
-37
-36
-36
-35
-34
-34
-33
-33
-32
-29
-28
-27
-26
-23
-21
-19
-17
-15
-12
-11
-10
-9
-8
-5
-4
-2
-2
-1
0
2
2
2
2
2
0
0
-1
0
-1
-2
-4
-5
-6
-8
-10
-12
-15
-17
-18
-21
-22
-25
-28
-29
-31
-31
-34
-34
-36
-37
-38
-39
-39
-38
-39
-39
-38
-38
-37
-35
-34
-31
-28
-25
-22
-20
-17
-13
-9
-5
-2
2
5
10
15
18
22
27
31
35
37
41
45
49
51
52
54
57
59
61
62
63
62
64
64
65
64
63
64
61
60
58
55
52
49
46
43
39
36
32
28
24
20
17
12
7
3
-1
-5
-8
-13
-17
-21
-24
-28
-31
-33
-36
-40
-40
-41
-42
-43
-44
-45
-46
-47
-46
-46
-44
-42
-41
-40
-37
-35
-32
-30
-28
-25
-21
-19
-15
-12
-9
-6
-3
0
2
6
7
10
12
14
17
19
19
22
21
22
23
24
24
23
22
21
19
19
18
16
14
12
10
6
3
1
-1
-4
-6
-9
-12
-17
-20
-22
-23
-25
-29
-30
-33
-34
-37
-38
-39
-40
-40
-40
-41
-40
-39
-37
-35
-34
-32
-31
-29
-24
-21
-17
-13
-10
-7
-3
1
5
10
13
18
20
24
27
30
33
37
41
42
45
48
48
52
54
55
54
54
55
54
53
52
51
50
47
46
43
41
37
34
30
26
21
18
13
10
7
2
-2
-7
-10
-13
-18
-21
-23
-26
-28
-31
-35
-37
-38
-38
-40
-40
-41
-41
-42
-42
-42
-42
-41
-40
-37
-35
-33
-30
-28
-24
-22
-19
-17
-13
-10
-7
-3
-1
3
4
7
9
12
14
16
18
21
23
23
23
25
25
27
27
26
25
25
26
25
24
24
21
19
18
16
14
11
10
7
4
0
-3
-4
-6
-8
-11
-12
-17
-20
-21
-21
-23
-26
-27
-28
-30
-30
-31
-31
-32
-33
-31
-31
-31
-30
-28
-27
-25
-24
-22
-20
-18
-15
-12
-11
-9
-6
-3
-1
2
5
7
11
14
16
19
21
24
26
27
29
31
32
34
37
36
37
37
36
36
37
37
36
35
33
31
30
27
25
23
20
18
15
14
9
7
4
1
-2
-4
-7
-9
-11
-14
-15
-17
-18
-20
-22
-24
-24
-25
-24
-25
-25
-25
-25
-24
-24
-24
-22
-21
-19
-17
-17
-15
-13
-12
-10
-9
-5
-4
-3
-1
1
3
5
7
8
8
9
11
12
13
15
15
16
17
16
15
15
15
14
14
14
13
13
11
9
8
7
5
4
2
1
0
-1
-2
-3
-4
-7
-7
-8
-11
-10
-12
-13
-10
-11
-12
-12
-13
-13
-14
-13
-13
-13
-12
-12
-11
-11
-11
-10
-9
-8
-8
-8
-7
-7
-6
-6
-4
-2
-1
0
1
2
1
1
3
4
5
6
7
9
10
8
9
8
8
7
9
10
10
11
11
12
13
12
13
13
13
11
13
13
12
13
12
10
9
8
6
5
3
2
1
1
0
-2
-4
-3
-6
-6
-7
-8
-9
-9
-8
-10
-11
-11
-12
-12
-13
-13
-14
-14
-13
-14
-13
-11
-12
-10
-10
-9
-9
-9
-8
-7
-5
-4
-3
0
0
2
2
3
3
4
4
4
5
6
7
8
8
9
8
8
8
7
8
7
6
8
6
5
6
7
6
5
6
4
3
2
1
1
1
0
-2
-2
-2
-2
-3
-3
-4
-3
-4
-3
-3
-3
-3
-3
-2
-3
-3
-2
-2
-2
-2
-3
-2
-1
-1
-1
-2
-1
-2
-3
-2
-1
-2
-1
-1
0
0
0
0
1
-1
-2
-1
-1
-2
-2
-1
0
0
0
1
0
1
2
1
0
1
0
0
1
1
2
3
3
3
3
2
3
3
4
3
2
1
1
2
1
0
0
0
1
0
1
0
0
0
0
-1
-1
-2
-2
-3
-3
-2
-2
-2
-3
-2
-1
-2
-2
-2
-2
-2
-1
0
-1
-1
1
1
1
0
1
1
0
0
0
0
-1
1
0
1
3
2
3
3
4
3
2
2
3
3
3
2
2
3
3
4
5
5
6
6
5
5
6
5
5
6
5
6
5
6
5
5
5
4
4
3
3
1
1
1
1
0
1
0
1
0
0
-1
-1
-2
-2
-2
-2
-3
-2
-2
-2
-2
-3
-4
-3
-4
-4
-4
-5
-5
-4
-5
-5
-5
-5
-4
-4
-4
-5
-3
-3
-4
-4
-4
-4
-4
-3
-2
-2
-2
-2
-2
-1
-1
-2
-1
0
0
-1
-1
-1
0
-1
-1
0
0
0
0
0
1
-1
