1
1
2
2
2
2
1
1
1
1
0
1
1
-1
-1
-1
-2
-2
-3
-4
-4
-5
-5
-6
-7
-7
-9
-9
-10
-12
-13
-13
-14
-14
-16
-17
-17
-19
-20
-21
-23
-22
-23
-23
-22
-22
-23
-24
-25
-24
-24
-23
-22
-19
-18
-18
-17
-17
-19
-18
-17
-14
-12
-10
-8
-9
-10
-12
-12
-12
-10
-10
-8
-7
-6
-6
-8
-7
-7
-3
0
6
10
13
15
17
21
23
28
33
41
47
51
55
57
59
60
63
67
72
75
78
78
77
75
73
71
69
69
69
69
67
64
59
55
48
47
44
44
44
44
42
38
36
31
27
26
25
24
23
20
16
12
8
3
1
-2
-4
-5
-6
-6
-10
-16
-22
-26
-27
-30
-31
-31
-31
-33
-37
-41
-44
-46
-48
-51
-53
-55
-57
-60
-62
-65
-68
-70
-71
-72
-72
-72
-72
-74
-79
-81
-82
-82
-83
-80
-79
-82
-85
-89
-89
-87
-87
-87
-90
-93
-97
-100
-100
-94
-90
-88
-84
-78
-67
-55
-39
-23
-8
0
5
12
19
31
42
55
67
80
92
98
100
97
95
90
87
84
85
85
82
75
63
50
37
29
25
25
25
22
19
8
-3
-15
-25
-27
-24
-17
-11
-5
-2
0
0
-1
3
11
29
43
53
59
60
62
62
65
66
74
83
93
98
97
92
83
76
70
71
72
76
78
75
70
62
55
48
47
47
52
56
61
63
55
47
41
42
42
45
45
48
55
54
45
32
28
27
30
29
27
25
23
20
10
-1
-9
-12
-13
-14
-21
-28
-30
-35
-45
-59
-61
-55
-56
-67
-77
-68
-65
-75
-99
-104
-97
-87
-89
-113
-115
-123
-132
-128
-132
-136
-145
-148
-154
-156
-172
-193
-198
-207
-221
-242
-249
-235
-219
-202
-181
-137
-96
-88
-108
-130
-124
-101
-64
-31
-1
42
82
109
113
97
79
81
107
142
170
184
188
170
136
97
73
70
83
97
105
114
117
96
49
-5
-37
-35
-11
11
20
20
24
18
-5
-39
-72
-76
-53
-17
16
24
18
6
-5
-14
-20
-17
0
27
53
70
68
52
30
13
7
14
32
51
69
83
96
103
102
79
56
45
65
109
151
178
168
150
128
116
111
116
131
151
181
198
204
185
160
131
111
104
114
140
160
166
142
112
77
54
37
25
29
43
64
67
53
13
-28
-55
-57
-49
-47
-38
-31
-23
-38
-65
-95
-119
-127
-121
-88
-65
-67
-90
-108
-110
-110
-126
-144
-143
-119
-95
-99
-112
-126
-136
-144
-153
-154
-143
-122
-108
-114
-133
-140
-146
-159
-174
-182
-170
-157
-158
-172
-189
-200
-211
-224
-238
-247
-253
-248
-240
-240
-236
-221
-183
-134
-110
-118
-134
-134
-105
-80
-53
-22
23
75
105
109
104
109
120
133
141
162
190
214
219
188
147
119
114
119
125
126
134
142
135
105
58
23
9
15
30
48
61
68
62
45
23
3
-7
-1
17
43
63
72
68
55
40
36
37
47
67
83
102
114
110
98
82
75
86
112
136
151
147
147
162
180
193
177
162
151
160
174
185
188
181
178
172
176
168
166
155
146
146
149
155
147
137
118
100
79
72
65
55
47
36
46
39
17
-20
-47
-62
-59
-50
-50
-60
-84
-82
-84
-94
-131
-162
-158
-134
-118
-132
-146
-145
-141
-168
-196
-201
-184
-165
-169
-169
-168
-169
-182
-200
-205
-207
-203
-200
-200
-200
-197
-196
-207
-220
-236
-243
-241
-229
-222
-227
-242
-250
-252
-257
-278
-306
-313
-296
-250
-195
-129
-78
-63
-75
-104
-111
-102
-75
-35
22
88
147
189
197
185
149
128
134
156
195
228
259
255
222
173
131
103
89
94
111
149
178
182
143
77
26
3
12
24
44
66
93
109
101
69
22
-10
-20
4
39
66
80
80
77
63
43
17
2
10
36
70
94
97
73
46
29
23
26
45
82
129
161
173
154
122
104
109
139
172
197
209
217
220
219
205
185
174
176
204
232
243
231
204
177
154
140
130
125
119
127
131
118
86
46
24
0
-18
-24
-29
-48
-71
-84
-82
-89
-130
-168
-176
-150
-137
-154
-173
-183
-176
-174
-184
-199
-197
-188
-174
-167
-166
-161
-165
-160
-153
-159
-169
-171
-164
-169
-162
-147
-132
-137
-168
-189
-189
-175
-174
-184
-194
-193
-188
-183
-188
-212
-241
-255
-244
-240
-259
-279
-287
-283
-291
-312
-292
-200
-79
-18
-27
-61
-72
-59
-57
-40
-13
47
123
209
268
268
229
168
140
138
172
213
246
261
241
210
161
113
60
25
28
81
149
176
153
93
45
21
10
-3
-17
6
59
123
152
132
82
31
14
17
34
44
63
86
111
124
107
75
29
11
21
54
84
91
85
78
89
100
114
106
102
108
137
173
185
180
161
162
173
189
189
188
189
199
219
220
210
190
179
169
163
155
142
126
123
130
122
107
89
75
61
48
39
29
22
13
1
-12
-42
-64
-79
-83
-81
-77
-84
-104
-113
-114
-121
-140
-152
-165
-159
-146
-151
-149
-132
-140
-176
-198
-194
-177
-160
-156
-163
-164
-159
-163
-180
-200
-208
-213
-226
-209
-175
-171
-206
-236
-252
-260
-255
-253
-247
-238
-241
-262
-279
-278
-286
-319
-365
-374
-367
-367
-355
-271
-107
34
77
20
-49
-81
-67
-28
20
74
132
219
317
377
338
210
88
45
93
174
233
243
217
176
135
87
13
-65
-101
-50
73
187
216
150
53
-4
-5
13
9
3
28
110
212
257
214
111
22
4
49
94
101
84
89
129
164
143
60
-29
-63
-17
56
88
68
28
28
75
130
142
110
74
77
152
214
246
230
233
248
267
266
233
210
193
236
276
309
296
279
258
240
231
191
166
149
195
234
253
219
155
106
82
87
77
71
55
72
92
90
35
-47
-97
-112
-89
-82
-91
-106
-110
-109
-144
-200
-251
-265
-268
-249
-218
-199
-186
-196
-211
-249
-268
-274
-294
-295
-267
-214
-207
-242
-284
-297
-309
-339
-378
-415
-404
-381
-354
-364
-398
-435
-478
-495
-519
-523
-527
-514
-514
-541
-550
-465
-209
66
237
199
94
45
61
108
106
131
185
329
493
596
546
358
168
31
3
17
70
123
144
120
48
-20
-107
-189
-258
-253
-124
82
253
268
182
81
57
90
106
100
95
185
327
450
441
292
118
8
12
29
15
-39
-46
20
87
84
-31
-154
-224
-181
-99
-42
-31
-30
33
121
181
157
116
118
217
353
460
488
447
425
444
482
445
345
249
224
257
323
354
336
290
265
278
285
265
216
197
240
341
402
403
368
335
310
279
267
255
244
206
186
204
215
134
-29
-165
-204
-167
-153
-175
-214
-221
-205
-213
-269
-355
-407
-397
-329
-249
-210
-238
-295
-311
-314
-341
-408
-458
-454
-420
-377
-393
-466
-575
-684
-752
-783
-778
-784
-810
-827
-835
-850
-902
-954
-1014
-1015
-920
-723
-366
23
455
694
671
479
270
216
161
174
218
413
573
655
640
444
173
-216
-430
-516
-406
-219
-38
64
-3
-48
-115
-124
-192
-185
-46
230
610
865
969
806
603
455
365
285
158
131
175
290
335
231
-16
-299
-464
-550
-556
-547
-467
-315
-144
27
79
69
14
22
81
170
293
376
460
487
533
500
376
214
65
45
61
158
221
260
271
255
254
162
107
88
177
309
468
662
781
833
757
712
633
582
547
558
633
671
717
621
483
276
135
32
-26
4
34
104
105
133
79
-12
-106
-142
-87
-48
29
62
109
92
52
-40
-175
-296
-386
-394
-428
-435
-477
-506
-569
-649
-716
-792
-811
-824
-769
-728
-697
-707
-747
-790
-850
-898
-939
-938
-908
-864
-858
-922
-1016
-1003
-791
-450
-115
219
597
861
773
426
123
-5
-117
-238
-151
107
312
293
195
56
-188
-468
-614
-507
-321
-95
121
326
410
324
213
174
278
418
557
684
825
903
812
547
191
-99
-275
-316
-308
-278
-222
-150
-94
-122
-183
-280
-348
-316
-151
75
226
329
420
486
470
389
313
220
117
56
58
55
-25
-128
-213
-268
-315
-320
-295
-210
-55
172
393
494
544
563
661
733
781
775
697
649
571
535
447
382
320
298
332
379
435
416
418
397
426
460
513
553
557
558
549
567
530
486
368
297
278
290
276
159
58
-40
-53
-70
-88
-131
-197
-207
-210
-222
-298
-380
-407
-375
-331
-329
-385
-461
-526
-563
-611
-657
-705
-767
-833
-948
-1050
-1143
-1198
-1257
-1303
-1311
-1266
-1191
-1165
-1201
-1339
-1330
-1018
-444
19
382
944
1460
1434
779
217
-75
-407
-797
-796
-378
-164
-200
-198
-110
-346
-783
-918
-655
-290
-9
366
761
966
855
645
541
550
608
661
744
786
792
661
343
-138
-610
-853
-908
-808
-619
-361
-139
19
193
311
295
185
181
324
499
632
706
732
658
497
286
100
-78
-292
-481
-532
-451
-424
-459
-455
-363
-265
-161
11
195
333
490
765
950
1041
1167
1358
1349
1021
652
335
34
-267
-335
-168
24
179
378
585
695
714
698
753
828
966
1077
1110
1057
876
611
359
252
225
208
145
170
270
308
248
104
-28
-138
-151
-80
9
10
-54
-108
-149
-191
-246
-300
-373
-399
-390
-381
-458
-596
-713
-846
-999
-1159
-1200
-1168
-1079
-942
-830
-812
-1001
-1258
-1495
-1649
-1698
-1633
-1307
-722
-28
571
1033
1309
1152
485
-289
-749
-946
-1075
-1056
-754
-426
-249
-167
-157
-285
-558
-633
-374
37
405
659
818
841
723
507
322
214
217
300
390
489
499
373
74
-318
-628
-768
-684
-461
-189
79
301
482
587
589
509
377
279
279
337
372
310
218
128
-4
-171
-326
-425
-502
-513
-402
-225
-81
-10
68
144
188
234
292
355
381
473
706
940
1007
930
832
597
199
-186
-406
-486
-470
-264
70
392
591
711
763
747
722
754
870
1008
1100
1043
893
704
484
232
38
29
144
320
450
523
498
365
215
84
20
28
129
279
417
488
449
307
110
-74
-240
-357
-433
-509
-590
-637
-622
-596
-623
-705
-813
-894
-906
-869
-794
-733
-726
-756
-769
-745
-784
-963
-1253
-1566
-1823
-1802
-1275
-424
352
891
1271
1328
854
64
-683
-1252
-1636
-1640
-1179
-539
-51
165
161
-24
-283
-472
-487
-281
62
438
729
907
913
681
317
4
-77
-5
93
187
257
270
151
-35
-218
-336
-345
-257
-73
169
475
729
851
856
760
564
279
46
-74
-157
-226
-243
-151
-53
-27
-38
-56
-70
-130
-163
-125
-31
56
124
194
217
215
208
178
173
256
366
555
870
1052
877
452
23
-349
-607
-674
-539
-236
143
528
853
1031
996
804
578
494
573
675
741
737
610
350
94
-46
-97
-94
-25
150
420
652
730
642
445
280
210
230
297
362
402
397
377
339
208
-51
-335
-524
-600
-606
-538
-447
-432
-453
-418
-345
-350
-477
-642
-695
-616
-533
-529
-625
-797
-1039
-1280
-1470
-1651
-1807
-1745
-1205
-304
547
1182
1569
1537
887
-80
-838
-1290
-1637
-1844
-1615
-982
-286
187
328
178
-191
-510
-531
-266
60
228
330
486
666
669
398
72
-133
-163
-92
42
202
239
117
-56
-106
-48
4
18
40
162
358
566
715
752
679
496
293
144
63
-8
-116
-143
-36
133
231
218
168
64
-80
-187
-196
-154
-129
-80
12
120
198
220
176
87
24
38
194
537
987
1257
1130
704
159
-378
-820
-1031
-942
-590
-52
538
1038
1310
1290
1040
708
458
357
369
427
439
341
148
-42
-160
-220
-236
-157
85
444
803
988
937
705
425
199
27
-66
-87
-51
18
140
272
282
123
-142
-383
-553
-628
-569
-430
-312
-304
-347
-323
-296
-333
-412
-469
-536
-646
-731
-796
-885
-1038
-1243
-1490
-1698
-1624
-1069
-245
459
978
1360
1450
1049
287
-519
-1205
-1732
-1984
-1779
-1188
-556
-111
157
278
197
-27
-166
-131
-34
8
97
305
510
533
352
145
30
29
38
19
-11
-68
-123
-152
-114
-70
-49
-7
82
259
471
663
785
820
793
671
485
280
121
-7
-137
-175
-64
115
244
317
344
258
110
19
5
-47
-124
-91
5
75
121
178
180
95
18
64
235
435
769
1082
1079
739
202
-338
-835
-1116
-1135
-896
-343
287
847
1219
1361
1256
927
565
272
123
33
-10
-12
-71
-121
-157
-110
-44
30
186
378
634
791
813
656
381
163
-50
-193
-289
-273
-158
-23
156
264
272
103
-138
-358
-542
-562
-527
-403
-285
-282
-303
-322
-281
-337
-473
-617
-796
-920
-1050
-1205
-1408
-1621
-1573
-1074
-149
865
1588
1870
1629
992
148
-720
-1414
-1909
-2089
-1877
-1256
-413
235
516
417
138
-119
-239
-176
-133
-118
-82
85
344
463
424
205
-9
-69
1
143
159
94
-46
-161
-150
-95
-21
-44
-42
94
325
599
764
823
744
611
522
397
235
-9
-210
-271
-188
34
228
382
450
434
360
205
74
-53
-109
-72
-10
85
175
304
358
310
211
72
-32
-122
-34
291
778
1128
1057
669
79
-532
-1065
-1339
-1256
-896
-278
419
1120
1612
1691
1379
810
251
-203
-460
-541
-521
-444
-369
-198
15
204
269
239
294
449
682
800
724
489
178
-60
-253
-382
-481
-528
-440
-228
83
323
395
299
102
-113
-317
-465
-569
-644
-634
-499
-326
-207
-199
-311
-522
-786
-1009
-1199
-1342
-1511
-1590
-1277
-478
652
1618
2082
1971
1406
610
-386
-1306
-1947
-2238
-2155
-1697
-802
109
659
737
513
253
-35
-188
-223
-209
-204
-176
79
392
585
494
194
-32
-121
-41
-7
-63
-150
-246
-224
-137
29
124
89
101
210
464
683
789
781
655
555
443
326
165
-52
-236
-371
-291
-42
230
425
502
567
529
390
223
72
-1
-56
-26
70
205
343
382
350
250
122
-11
-136
-111
83
451
897
1097
948
521
-18
-573
-1007
-1124
-983
-580
-8
627
1211
1512
1469
1073
517
-7
-378
-543
-604
-575
-539
-454
-245
17
245
301
305
375
511
631
566
357
32
-247
-359
-358
-309
-326
-337
-307
-204
-24
96
92
-41
-178
-253
-267
-286
-356
-405
-435
-434
-409
-398
-451
-584
-727
-882
-1018
-1116
-1284
-1493
-1428
-786
313
1366
1982
2067
1693
988
68
-876
-1648
-2176
-2337
-2014
-1204
-213
507
776
665
413
164
-26
-131
-225
-332
-375
-155
296
653
668
383
98
-21
3
19
-103
-278
-402
-345
-127
124
292
289
245
281
455
648
699
618
464
358
305
276
234
94
-82
-201
-145
70
297
454
513
552
557
494
381
233
99
-31
-90
-12
133
249
285
291
247
180
240
390
523
703
827
729
479
181
-173
-554
-751
-755
-579
-213
225
665
993
1154
1112
902
584
207
-131
-440
-645
-728
-694
-537
-328
-82
107
242
363
452
505
442
325
148
-79
-263
-411
-478
-510
-457
-315
-180
-50
30
11
-113
-241
-353
-480
-586
-639
-602
-523
-382
-223
-132
-123
-256
-495
-794
-1049
-1227
-1436
-1616
-1579
-1110
-236
779
1625
2038
1933
1405
634
-264
-1141
-1831
-2182
-2069
-1527
-705
96
620
785
645
410
175
-19
-208
-409
-515
-443
-154
209
463
532
451
382
364
334
184
-96
-343
-460
-392
-235
-82
27
102
222
379
555
676
691
641
563
524
476
369
189
-14
-122
-119
-16
148
298
395
442
494
524
482
382
277
217
195
210
249
302
336
319
276
257
381
544
696
883
929
742
332
-136
-567
-866
-887
-686
-241
296
766
1108
1230
1112
754
315
-94
-364
-483
-523
-454
-342
-184
-26
120
237
230
166
38
-69
-183
-330
-403
-448
-378
-229
-54
94
158
209
199
162
64
-100
-297
-575
-828
-999
-1053
-1034
-932
-706
-450
-133
192
403
388
123
-254
-702
-1161
-1618
-1990
-2078
-1701
-844
196
1147
1850
2147
1872
1103
181
-733
-1545
-2073
-2114
-1666
-971
-180
521
908
891
610
318
24
-311
-620
-769
-647
-316
53
318
472
551
554
512
430
274
30
-216
-337
-344
-295
-254
-212
-147
-51
134
377
596
721
745
728
673
589
444
219
-42
-274
-359
-305
-165
30
237
438
589
680
688
614
501
347
232
187
178
188
207
316
497
697
907
1011
925
666
402
184
-31
-170
-244
-226
-101
114
364
557
667
643
557
463
392
335
214
72
-66
-144
-144
-97
-15
8
4
-2
-6
-25
-137
-277
-422
-508
-498
-437
-326
-208
-54
82
181
255
258
177
-5
-236
-504
-763
-946
-1082
-1150
-1102
-917
-677
-438
-232
-115
-91
-159
-278
-454
-653
-867
-1113
-1310
-1287
-855
-172
531
1100
1380
1316
922
405
-178
-852
-1448
-1746
-1553
-1032
-397
214
619
765
662
482
273
-11
-328
-595
-660
-525
-246
40
202
276
298
337
354
284
90
-201
-393
-417
-319
-203
-123
-39
36
145
272
356
391
392
418
455
467
441
320
136
-62
-182
-196
-179
-117
3
179
371
534
658
667
562
430
336
285
238
249
461
814
1067
1159
1131
963
622
215
-125
-335
-380
-303
-91
273
649
899
987
935
770
554
348
181
58
-45
-84
-8
147
260
277
236
172
127
49
-84
-249
-424
-527
-561
-533
-460
-360
-251
-179
-118
-49
11
31
24
-21
-146
-318
-506
-642
-727
-809
-826
-759
-646
-567
-533
-522
-593
-716
-851
-972
-1043
-1088
-1118
-968
-418
416
1212
1766
1968
1724
1084
259
-589
-1374
-2008
-2307
-2089
-1408
-486
378
965
1190
1107
861
536
162
-221
-547
-707
-619
-320
10
202
229
182
133
77
-36
-251
-509
-660
-618
-424
-195
-15
84
130
180
221
201
89
-46
-82
7
154
271
310
262
162
76
18
-51
-133
-172
-113
47
245
376
392
344
305
291
277
276
308
469
817
1224
1522
1583
1382
962
463
38
-275
-437
-457
-302
48
499
921
1157
1171
990
725
506
342
248
184
160
211
321
429
415
283
90
-60
-149
-207
-240
-290
-315
-283
-176
-62
-43
-105
-244
-375
-431
-425
-389
-383
-401
-415
-409
-426
-467
-540
-671
-772
-776
-711
-648
-625
-644
-724
-814
-915
-1047
-1159
-1256
-1265
-881
-39
944
1674
1980
1927
1528
857
42
-771
-1409
-1836
-1892
-1488
-753
55
613
874
900
787
594
291
-34
-345
-534
-470
-182
169
358
348
243
163
102
-59
-369
-729
-928
-883
-671
-424
-221
-63
54
172
274
268
127
-83
-214
-191
-68
36
41
-17
-81
-115
-100
-84
-93
-113
-63
81
219
286
248
138
14
-52
-10
73
195
341
553
925
1348
1642
1631
1355
958
531
171
-143
-367
-444
-326
20
485
927
1188
1244
1158
994
834
678
544
406
289
219
192
217
199
112
-4
-66
-32
13
12
-74
-166
-169
-103
-19
1
-33
-104
-175
-210
-249
-334
-507
-693
-774
-793
-824
-879
-901
-853
-769
-652
-538
-482
-519
-631
-757
-909
-1091
-1320
-1588
-1640
-1145
-102
1002
1725
2060
2058
1672
927
39
-807
-1578
-2085
-2045
-1404
-463
406
1041
1388
1433
1240
892
441
-72
-536
-802
-746
-381
75
380
493
544
600
544
258
-219
-696
-982
-1011
-826
-579
-376
-219
-58
123
225
157
-60
-294
-389
-308
-142
-28
-16
-60
-126
-183
-212
-232
-292
-354
-296
-120
66
172
176
97
-4
-44
-62
-97
-82
40
265
550
945
1396
1688
1730
1526
1149
647
64
-464
-831
-902
-657
-163
476
1082
1548
1765
1727
1506
1180
823
467
215
67
-17
-26
24
130
192
212
205
185
165
83
-20
-133
-175
-143
-92
-24
9
22
-10
-75
-164
-281
-449
-657
-769
-789
-786
-810
-823
-779
-764
-740
-732
-752
-811
-964
-1143
-1330
-1534
-1652
-1391
-629
366
1270
1863
2085
1907
1378
555
-424
-1301
-1952
-2192
-1921
-1196
-255
543
1078
1301
1289
1099
742
345
-94
-441
-542
-347
43
370
562
646
678
631
392
-53
-588
-973
-1079
-943
-675
-393
-129
75
247
357
313
101
-200
-407
-441
-336
-193
-112
-90
-111
-132
-142
-194
-290
-400
-439
-374
-218
-41
49
72
52
12
-42
-116
-163
-155
-42
179
531
1059
1561
1766
1630
1277
799
211
-369
-826
-1020
-858
-422
195
847
1370
1648
1655
1485
1193
864
555
301
159
106
129
217
331
401
369
295
225
175
85
-58
-174
-199
-105
23
103
118
85
32
-45
-154
-280
-399
-493
-553
-575
-572
-585
-640
-696
-724
-723
-737
-768
-803
-888
-1025
-1182
-1349
-1563
-1619
-1209
-355
659
1461
1910
1965
1638
1049
234
-646
-1448
-1972
-2010
-1606
-859
-46
620
1033
1155
1107
891
585
233
-144
-399
-447
-218
124
399
584
688
750
677
396
-81
-614
-972
-1073
-928
-661
-371
-93
157
393
511
439
196
-111
-335
-434
-424
-363
-307
-261
-234
-168
-97
-81
-125
-217
-273
-249
-156
-80
-69
-58
-45
-33
-32
-46
-60
-54
57
322
769
1307
1657
1701
1501
1135
633
26
-541
-940
-1033
-773
-253
425
1055
1485
1678
1651
1457
1137
773
399
103
-45
-83
-8
128
271
345
340
315
247
130
-68
-276
-361
-306
-142
14
101
139
154
141
27
-168
-420
-680
-808
-815
-790
-767
-742
-706
-614
-500
-499
-640
-843
-1048
-1261
-1453
-1633
-1692
-1322
-527
482
1409
2009
2196
1888
1232
357
-569
-1370
-1985
-2179
-1881
-1169
-258
533
1063
1258
1228
1039
700
311
-113
-441
-539
-357
3
317
521
650
742
723
484
53
-457
-844
-1008
-968
-772
-520
-254
4
261
442
424
250
8
-214
-354
-397
-356
-326
-310
-275
-236
-213
-250
-292
-324
-330
-268
-191
-116
-61
-5
51
50
29
-27
-83
-81
2
184
551
1086
1479
1576
1469
1263
952
498
10
-402
-613
-588
-329
144
666
1107
1393
1514
1481
1318
1090
814
544
306
136
85
139
224
243
219
190
177
123
-12
-155
-233
-187
-74
16
50
30
-3
-45
-114
-241
-426
-595
-684
-697
-694
-728
-779
-840
-925
-999
-1020
-979
-972
-1064
-1190
-1310
-1459
-1537
-1245
-474
519
1348
1843
2007
1804
1236
383
-546
-1372
-1990
-2203
-1894
-1162
-297
442
963
1221
1256
1083
758
378
3
-266
-366
-240
48
332
541
687
814
825
581
97
-449
-850
-1041
-1028
-858
-589
-268
64
375
562
528
287
-53
-334
-489
-543
-548
-499
-369
-214
-85
-6
-2
-86
-233
-334
-357
-364
-384
-394
-352
-273
-169
-63
-28
-29
-5
115
412
820
1203
1446
1518
1393
1087
683
200
-254
-551
-629
-438
-27
488
955
1306
1497
1493
1376
1171
927
710
542
462
460
515
543
518
458
356
235
74
-113
-278
-368
-323
-152
91
301
415
443
383
212
-50
-334
-584
-785
-936
-982
-941
-882
-854
-894
-964
-1048
-1139
-1263
-1416
-1522
-1564
-1379
-875
-168
618
1302
1731
1736
1348
756
-17
-891
-1684
-2129
-2104
-1740
-1088
-262
516
1019
1207
1218
1026
637
166
-226
-430
-443
-252
34
321
601
812
918
849
589
161
-348
-746
-951
-947
-810
-580
-241
127
454
619
576
377
82
-193
-414
-558
-623
-636
-572
-463
-301
-155
-114
-147
-222
-284
-334
-385
-413
-430
-387
-296
-202
-134
-129
-140
-158
-132
59
445
870
1135
1231
1188
971
622
207
-175
-425
-482
-310
53
514
951
1277
1450
1449
1309
1061
779
554
420
372
403
545
736
874
905
822
678
474
212
-74
-310
-389
-295
-85
146
350
485
519
468
314
58
-241
-501
-718
-873
-916
-910
-913
-928
-943
-980
-1055
-1180
-1346
-1523
-1596
-1323
-674
190
1037
1672
1945
1738
1199
423
-524
-1452
-2145
-2382
-2175
-1572
-703
164
837
1171
1257
1119
739
257
-233
-572
-688
-521
-157
220
576
835
979
964
744
328
-238
-735
-1022
-1065
-921
-682
-334
37
375
608
637
472
157
-166
-404
-550
-602
-612
-567
-460
-296
-118
-43
-72
-159
-249
-320
-378
-422
-492
-544
-508
-399
-279
-216
-186
-150
-112
2
268
612
869
952
903
762
552
279
-33
-288
-404
-338
-115
214
574
877
1082
1165
1148
1059
897
708
553
485
482
523
590
653
702
713
692
623
482
281
64
-65
-71
10
116
224
354
461
510
452
285
67
-157
-343
-507
-657
-757
-822
-872
-925
-967
-1001
-1106
-1265
-1424
-1424
-1096
-462
400
1275
1932
2145
1907
1397
587
-464
-1515
-2245
-2521
-2406
-1850
-939
73
874
1317
1506
1394
1030
515
-59
-554
-877
-838
-524
-92
380
775
1042
1081
874
419
-232
-852
-1267
-1366
-1219
-924
-495
15
531
876
948
757
363
-90
-507
-797
-934
-952
-858
-668
-400
-138
17
37
-59
-198
-334
-450
-535
-603
-609
-542
-417
-281
-184
-120
-98
-68
74
369
665
763
700
583
420
171
-144
-425
-577
-541
-328
20
425
783
1035
1154
1138
1006
796
549
329
218
218
297
442
609
728
760
726
656
533
338
89
-102
-131
-8
174
346
491
605
637
585
451
228
-57
-342
-537
-666
-751
-799
-820
-820
-825
-850
-940
-1096
-1278
-1243
-806
-49
829
1589
2100
2210
1937
1370
518
-467
-1435
-2120
-2352
-2136
-1499
-675
171
824
1216
1388
1261
931
457
-23
-379
-528
-398
-143
203
572
888
1101
1065
755
195
-446
-983
-1349
-1457
-1336
-1012
-531
35
583
921
987
803
463
61
-343
-670
-907
-1029
-1009
-871
-645
-413
-230
-138
-140
-196
-292
-420
-567
-675
-700
-643
-521
-372
-222
-96
7
175
428
641
686
556
338
74
-175
-399
-560
-573
-463
-239
61
397
677
832
887
828
716
584
433
312
231
213
246
343
490
613
697
704
640
498
271
5
-217
-305
-250
-94
101
314
531
698
767
686
491
231
-16
-210
-393
-571
-741
-850
-909
-975
-1044
-1129
-1201
-1301
-1280
-884
-65
993
1871
2390
2492
2267
1770
912
-154
-1188
-1887
-2175
-2095
-1589
-792
78
758
1169
1371
1277
945
477
35
-289
-447
-328
-12
426
854
1194
1427
1438
1149
523
-265
-975
-1459
-1668
-1673
-1441
-944
-260
427
903
1113
1029
737
349
-55
-410
-711
-888
-902
-752
-519
-324
-201
-182
-248
-389
-573
-731
-876
-967
-975
-839
-570
-302
-72
88
209
401
648
800
708
445
157
-121
-391
-659
-841
-875
-759
-500
-137
264
582
778
855
819
711
541
335
156
58
26
42
122
239
362
467
545
570
501
296
-10
-273
-404
-408
-346
-231
-48
185
411
556
589
496
300
67
-157
-348
-517
-684
-852
-982
-1040
-1088
-1157
-1265
-1207
-839
-223
571
1401
2124
2418
2290
1945
1384
576
-449
-1272
-1679
-1754
-1504
-982
-224
463
930
1250
1334
1191
808
339
-106
-435
-471
-289
97
602
1130
1584
1784
1684
1255
601
-160
-888
-1399
-1672
-1701
-1493
-984
-264
420
907
1107
1076
842
472
57
-365
-707
-926
-926
-742
-478
-193
13
123
88
-67
-301
-628
-939
-1160
-1210
-1092
-850
-505
-125
358
900
1298
1369
1112
694
183
-345
-833
-1180
-1291
-1183
-870
-416
87
507
773
852
752
564
341
100
-121
-234
-225
-148
-7
152
288
369
399
388
299
140
-99
-343
-493
-536
-482
-398
-264
-86
95
211
217
148
38
-79
-200
-326
-457
-601
-747
-862
-941
-1022
-1111
-1211
-1270
-1075
-594
112
912
1652
2114
2184
2073
1768
1192
330
-552
-1116
-1381
-1374
-1072
-459
246
769
1136
1357
1363
1144
766
360
-32
-282
-333
-187
183
700
1257
1710
1940
1860
1481
860
99
-620
-1194
-1580
-1735
-1537
-1002
-346
264
709
972
1014
828
508
94
-306
-632
-822
-829
-695
-434
-145
111
274
285
148
-149
-543
-939
-1252
-1403
-1368
-1148
-753
-151
571
1198
1550
1606
1418
1010
450
-181
-737
-1120
-1283
-1196
-889
-439
24
437
728
860
857
713
445
139
-111
-272
-339
-299
-174
2
190
349
436
411
264
18
-248
-481
-677
-805
-858
-807
-645
-403
-172
-29
42
42
-52
-231
-447
-659
-860
-1031
-1136
-1185
-1210
-1241
-1299
-1355
-1286
-967
-308
524
1216
1598
1755
1873
1818
1408
675
-52
-555
-950
-1202
-1100
-616
-28
441
850
1209
1398
1367
1145
797
389
31
-192
-236
-58
354
911
1472
1916
2149
2106
1726
1118
446
-237
-899
-1415
-1575
-1358
-937
-448
29
467
794
956
924
692
335
-65
-422
-691
-834
-792
-591
-310
-20
240
407
388
158
-208
-605
-967
-1264
-1408
-1272
-867
-327
248
772
1149
1299
1226
958
547
83
-356
-678
-836
-806
-592
-285
33
340
614
775
761
624
398
141
-93
-261
-339
-321
-204
-31
168
344
431
419
314
125
-141
-417
-657
-844
-939
-922
-808
-667
-536
-399
-256
-168
-208
-355
-551
-755
-972
-1189
-1348
-1447
-1499
-1523
-1516
-1370
-1017
-458
162
664
970
1109
1191
1173
965
580
156
-200
-482
-665
-640
-405
-97
181
428
674
857
963
972
853
632
376
157
16
3
158
449
805
1166
1479
1680
1708
1565
1282
895
451
30
-261
-399
-416
-353
-237
-88
73
205
268
270
207
89
-59
-202
-304
-336
-276
-166
-23
127
254
324
303
206
48
-145
-325
-460
-532
-544
-472
-310
-130
12
109
191
234
208
144
72
11
-44
-68
-54
-24
35
122
216
292
341
356
317
248
155
49
-59
-165
-245
-282
-270
-224
-147
-38
66
140
158
118
24
-103
-244
-381
-485
-543
-560
-532
-447
-323
-227
-174
-168
-218
-329
-488
-640
-776
-899
-982
-1012
-992
-958
-895
-750
-519
-271
-160
-201
-304
-382
-422
-477
-519
-538
-534
-495
-386
-157
101
327
481
567
628
652
684
684
625
522
403
298
224
243
349
463
542
608
702
785
806
751
667
592
545
532
531
533
518
501
483
436
369
304
252
194
126
80
41
-9
-42
-28
23
51
41
14
-4
3
-5
-48
-108
-145
-129
-81
-57
-100
-153
-163
-172
-213
-251
-259
-264
-246
-160
-53
36
130
226
284
314
351
366
336
308
308
306
290
263
241
243
245
225
193
184
199
221
251
263
238
200
160
100
28
-30
-66
-105
-144
-188
-219
-217
-212
-221
-243
-279
-340
-430
-528
-633
-750
-875
-978
-1033
-1062
-1092
-1116
-1133
-1147
-1106
-965
-774
-677
-714
-788
-856
-895
-917
-905
-878
-841
-764
-646
-459
-246
-52
100
200
276
325
376
428
463
483
477
437
400
458
606
753
828
868
951
1066
1158
1191
1160
1100
1047
1013
942
795
633
527
473
417
367
353
360
374
384
379
335
230
106
9
-61
-146
-245
-317
-352
-353
-343
-340
-359
-329
-232
-160
-181
-236
-250
-257
-280
-316
-355
-385
-374
-303
-226
-134
-4
144
269
374
467
512
519
509
501
479
434
393
396
469
559
607
599
561
548
554
550
496
412
357
338
334
316
283
227
165
93
17
-54
-127
-202
-275
-339
-389
-424
-458
-508
-573
-657
-761
-883
-1001
-1100
-1192
-1306
-1410
-1404
-1270
-1100
-1018
-1009
-1010
-1020
-1010
-992
-962
-952
-930
-840
-718
-587
-457
-297
-151
-55
23
102
181
242
323
397
388
320
311
406
519
595
650
723
826
953
1074
1133
1124
1101
1100
1069
954
813
705
614
516
424
354
302
279
304
331
306
231
152
92
7
-100
-226
-350
-439
-471
-467
-479
-490
-457
-387
-337
-305
-279
-272
-282
-292
-308
-366
-414
-404
-347
-277
-189
-89
2
107
238
363
440
482
523
555
577
579
564
542
540
570
629
694
737
776
808
822
800
747
683
603
528
477
439
402
369
344
325
295
249
184
103
11
-83
-177
-286
-387
-465
-522
-578
-648
-726
-810
-898
-991
-1099
-1223
-1333
-1364
-1299
-1171
-1045
-967
-930
-927
-924
-908
-908
-945
-985
-973
-918
-842
-730
-561
-359
-190
-58
52
158
255
324
355
319
230
180
220
310
404
487
583
696
835
974
1046
1032
990
966
932
839
711
607
553
520
478
422
372
351
345
327
265
164
65
1
-45
-113
-217
-348
-444
-469
-459
-477
-518
-535
-512
-477
-479
-533
-570
-521
-428
-407
-456
-487
-483
-458
-397
-316
-249
-180
-56
86
197
286
364
435
497
562
601
598
600
643
710
743
737
745
788
831
835
807
788
798
822
824
796
757
735
725
698
640
564
492
416
329
241
160
83
22
-23
-81
-165
-267
-370
-457
-558
-692
-845
-964
-1024
-1067
-1122
-1183
-1233
-1217
-1112
-960
-858
-852
-873
-907
-939
-976
-1000
-1004
-1017
-1002
-946
-846
-708
-548
-357
-194
-68
29
111
200
285
348
336
259
215
277
406
508
561
638
765
898
985
997
955
913
896
869
792
689
599
539
487
425
332
231
174
181
208
183
105
10
-44
-79
-155
-282
-411
-475
-497
-520
-576
-638
-655
-637
-613
-636
-676
-699
-675
-570
-460
-426
-466
-459
-400
-368
-357
-318
-266
-207
-89
55
152
235
385
550
646
678
699
730
772
821
822
758
692
700
776
833
844
854
912
982
1003
976
924
874
827
785
713
596
473
392
343
277
185
98
42
11
-25
-105
-227
-345
-422
-489
-596
-732
-848
-903
-911
-928
-991
-1058
-1096
-1074
-983
-856
-777
-803
-858
-896
-903
-921
-957
-972
-966
-927
-853
-738
-580
-414
-237
-81
34
105
176
286
395
438
410
351
325
368
456
535
568
607
703
821
883
868
827
789
749
692
613
516
414
347
319
273
177
95
73
89
73
-4
-94
-165
-185
-200
-253
-355
-453
-487
-498
-540
-628
-702
-717
-693
-667
-660
-660
-645
-601
-560
-520
-462
-412
-406
-415
-357
-284
-256
-205
-88
40
116
192
298
407
509
598
648
660
676
720
764
785
814
826
813
801
820
875
891
881
889
930
971
944
877
810
749
672
571
447
331
248
196
146
83
30
-3
-18
-28
-68
-142
-245
-328
-385
-456
-550
-650
-712
-718
-717
-760
-845
-904
-916
-948
-989
-982
-884
-770
-735
-748
-764
-744
-719
-696
-668
-661
-654
-627
-536
-404
-277
-148
-19
100
186
267
357
435
464
433
367
315
324
400
483
505
509
570
681
750
728
659
606
573
534
462
346
223
138
97
46
-42
-111
-111
-56
-19
-37
-80
-121
-145
-194
-286
-421
-549
-611
-617
-626
-675
-715
-688
-614
-570
-573
-586
-573
-523
-468
-442
-429
-357
-220
-108
-87
-100
-76
-22
39
91
119
130
184
301
428
532
615
703
790
865
896
883
871
881
892
860
799
770
803
865
884
845
798
780
775
726
634
544
489
472
446
378
294
228
194
164
108
29
-48
-86
-96
-122
-189
-275
-339
-391
-454
-561
-685
-770
-804
-821
-853
-888
-911
-912
-903
-918
-941
-914
-800
-652
-592
-632
-688
-684
-630
-605
-601
-587
-547
-494
-418
-294
-167
-55
81
225
318
346
387
473
535
516
428
334
295
323
386
407
386
411
512
603
588
512
471
460
425
350
263
177
103
75
62
-9
-114
-168
-149
-134
-177
-252
-324
-363
-374
-401
-488
-596
-632
-593
-571
-611
-653
-631
-560
-499
-471
-457
-430
-371
-297
-254
-259
-264
-201
-92
-13
-4
-12
27
98
169
241
316
393
491
605
695
734
771
840
902
910
867
824
814
822
812
759
695
680
733
805
834
822
810
824
829
776
674
575
498
432
354
257
157
87
56
25
-35
-118
-180
-195
-195
-227
-305
-388
-437
-457
-488
-546
-606
-637
-642
-663
-716
-776
-798
-787
-778
-795
-828
-868
-872
-787
-651
-541
-518
-536
-532
-504
-483
-490
-487
-466
-426
-375
-324
-251
-156
-48
39
77
99
132
199
279
327
314
255
206
213
250
269
257
243
279
349
398
379
317
275
261
232
151
47
-28
-60
-72
-108
-178
-229
-218
-163
-125
-139
-174
-196
-197
-200
-242
-305
-356
-355
-317
-297
-311
-328
-296
-232
-192
-203
-225
-204
-140
-78
-50
-46
-31
14
67
120
178
221
243
262
296
308
305
344
421
489
530
570
611
649
708
770
788
768
766
786
795
774
736
699
672
654
638
619
593
569
553
541
507
447
391
350
311
267
223
170
117
84
57
14
-49
-100
-130
-158
-199
-250
-295
-328
-355
-384
-421
-454
-477
-490
-506
-523
-546
-568
-587
-610
-643
-681
-715
-740
-767
-808
-852
-853
-784
-676
-580
-534
-524
-529
-528
-518
-527
-550
-558
-525
-480
-439
-361
-242
-131
-50
19
69
89
116
165
186
140
69
27
24
48
90
129
159
202
269
325
323
292
289
306
301
260
223
202
187
166
134
90
43
18
22
25
9
-2
5
16
21
14
-9
-49
-74
-82
-105
-154
-186
-171
-144
-133
-127
-101
-56
0
49
70
66
65
71
65
53
66
128
193
216
229
276
335
361
376
405
420
416
431
473
503
526
568
613
646
669
677
665
643
625
598
547
499
493
516
527
511
495
508
522
496
435
374
321
266
209
144
79
36
19
4
-19
-47
-74
-101
-130
-173
-236
-302
-356
-392
-419
-450
-492
-532
-544
-545
-566
-614
-651
-655
-648
-661
-692
-716
-725
-731
-752
-784
-822
-849
-837
-788
-741
-710
-661
-602
-581
-591
-573
-543
-551
-572
-543
-493
-473
-422
-303
-176
-93
-12
81
140
162
176
175
132
79
67
75
70
92
169
259
317
365
427
466
445
409
387
356
305
263
238
214
195
195
201
203
215
243
258
252
241
225
199
168
136
108
81
60
51
49
55
62
66
71
85
101
100
84
76
82
90
93
93
96
113
143
177
194
197
206
217
210
194
204
238
273
310
358
399
424
446
478
494
491
483
479
479
481
482
473
461
457
458
448
422
394
375
358
331
299
276
254
219
175
130
82
28
-21
-59
-87
-107
-118
-131
-149
-165
-176
-196
-235
-285
-339
-392
-443
-479
-504
-520
-529
-531
-528
-529
-535
-538
-543
-553
-571
-596
-624
-644
-650
-657
-670
-691
-702
-707
-717
-722
-703
-662
-637
-631
-603
-556
-530
-535
-524
-496
-502
-523
-507
-462
-428
-392
-320
-241
-180
-112
-24
34
56
87
119
118
109
139
181
195
213
279
364
415
450
494
532
545
553
565
565
549
543
543
530
522
535
552
553
555
568
572
557
543
537
518
480
441
406
370
331
289
238
205
194
180
153
127
114
100
73
43
17
-10
-36
-61
-83
-94
-92
-102
-127
-132
-122
-123
-137
-136
-118
-105
-99
-85
-67
-43
-15
16
45
73
113
152
175
188
204
223
237
252
277
301
315
327
355
388
404
406
407
409
408
399
377
347
326
319
305
275
249
236
222
196
161
124
87
48
4
-53
-118
-176
-221
-260
-299
-345
-397
-448
-494
-533
-580
-640
-701
-752
-799
-856
-915
-966
-1005
-1025
-1043
-1070
-1091
-1095
-1088
-1088
-1096
-1091
-1065
-1025
-983
-953
-924
-871
-788
-710
-659
-607
-533
-457
-384
-297
-199
-108
-23
87
201
295
380
474
566
632
680
721
759
808
874
927
952
982
1041
1103
1128
1123
1120
1121
1115
1084
1032
967
910
869
827
770
700
641
592
539
475
401
325
253
191
129
49
-48
-130
-193
-250
-324
-410
-479
-511
-527
-555
-591
-616
-618
-607
-600
-609
-627
-619
-584
-554
-549
-541
-500
-443
-389
-332
-267
-202
-135
-55
22
88
155
232
310
381
442
495
549
610
671
713
736
758
796
846
875
874
873
893
908
893
855
812
771
729
685
617
536
465
407
342
262
179
99
23
-53
-129
-208
-294
-375
-446
-508
-586
-681
-766
-828
-882
-947
-1016
-1074
-1108
-1123
-1141
-1163
-1175
-1169
-1160
-1156
-1155
-1152
-1138
-1104
-1067
-1036
-1004
-953
-892
-826
-758
-695
-635
-575
-509
-431
-334
-240
-161
-77
21
107
167
229
313
386
426
463
519
579
636
707
773
809
832
872
903
900
900
915
905
864
845
842
817
786
770
748
699
645
601
550
482
419
363
300
234
182
134
72
12
-31
-71
-125
-181
-222
-257
-294
-325
-350
-379
-402
-416
-430
-450
-465
-466
-463
-460
-450
-430
-409
-384
-350
-314
-278
-236
-179
-126
-95
-64
-13
38
79
129
183
221
250
294
343
384
421
460
496
527
556
580
597
614
637
648
632
613
607
608
592
558
526
504
480
449
409
363
310
258
207
151
86
23
-36
-93
-147
-204
-261
-315
-361
-401
-448
-505
-554
-587
-615
-649
-688
-725
-751
-763
-764
-767
-765
-752
-732
-712
-693
-670
-646
-621
-592
-569
-551
-533
-503
-467
-431
-387
-338
-300
-273
-233
-181
-133
-100
-67
-27
12
50
87
125
163
203
232
246
259
267
268
281
308
327
329
337
353
367
387
400
390
376
385
399
383
355
349
355
347
330
308
279
259
255
241
205
170
155
145
133
120
99
71
56
54
41
10
-20
-38
-46
-52
-65
-89
-108
-105
-92
-103
-137
-156
-155
-152
-157
-171
-182
-178
-164
-152
-147
-145
-137
-119
-98
-82
-73
-64
-45
-28
-17
-3
13
29
53
89
116
126
142
174
208
228
238
254
276
297
315
318
317
325
337
338
330
323
323
328
333
332
323
313
301
288
268
242
210
175
143
115
82
48
22
7
-10
-35
-64
-92
-126
-160
-194
-232
-271
-300
-318
-339
-359
-370
-376
-377
-379
-390
-401
-410
-419
-429
-434
-440
-440
-433
-421
-411
-399
-381
-363
-347
-326
-300
-281
-257
-231
-209
-188
-163
-135
-107
-81
-59
-39
-18
2
17
31
53
87
116
129
144
168
190
204
220
232
225
221
237
247
233
229
240
237
225
228
223
194
183
193
177
134
108
104
91
71
57
37
13
1
-5
-34
-78
-102
-114
-133
-163
-185
-203
-216
-218
-215
-225
-242
-245
-236
-239
-248
-249
-253
-249
-228
-207
-204
-197
-169
-133
-109
-95
-79
-59
-32
0
28
49
79
125
169
196
212
240
278
310
325
330
341
358
382
403
414
418
432
451
461
460
450
440
432
427
421
405
382
365
358
350
328
301
279
261
236
205
172
140
117
98
68
32
-2
-26
-49
-78
-113
-146
-172
-190
-206
-227
-244
-255
-263
-271
-283
-294
-309
-322
-332
-340
-347
-351
-347
-334
-320
-303
-283
-262
-243
-223
-205
-197
-189
-173
-159
-149
-138
-123
-99
-73
-49
-32
-12
7
20
28
40
47
48
50
49
45
43
44
43
41
36
26
12
7
2
-17
-40
-57
-72
-83
-101
-126
-147
-157
-168
-186
-202
-211
-220
-229
-235
-238
-242
-245
-247
-253
-258
-264
-267
-266
-259
-249
-244
-238
-220
-193
-171
-159
-150
-132
-108
-91
-80
-67
-48
-21
6
30
51
78
108
137
157
174
193
217
241
260
282
306
327
351
377
396
403
409
420
428
430
426
424
428
438
449
453
451
451
456
454
440
417
396
378
364
343
318
302
295
287
273
256
237
217
196
173
148
118
93
73
56
38
21
6
-10
-24
-38
-57
-78
-99
-114
-126
-145
-161
-168
-173
-178
-185
-191
-196
-198
-199
-206
-216
-226
-230
-233
-234
-235
-235
-229
-216
-206
-201
-197
-185
-173
-168
-169
-168
-165
-166
-170
-171
-167
-162
-155
-145
-135
-129
-125
-123
-126
-130
-135
-148
-164
-173
-179
-189
-198
-205
-211
-211
-214
-225
-240
-246
-249
-261
-276
-287
-290
-295
-304
-308
-302
-295
-297
-299
-295
-291
-288
-284
-277
-267
-248
-234
-223
-207
-180
-156
-142
-125
-100
-77
-56
-37
-14
13
42
66
87
114
147
172
191
212
239
263
281
297
317
339
356
370
387
406
427
439
447
456
468
475
473
472
474
474
471
464
460
457
456
453
444
437
429
418
402
381
361
343
325
306
287
274
260
244
229
214
199
179
157
135
115
96
78
62
47
33
20
6
-7
-20
-31
-43
-59
-73
-84
-93
-103
-113
-119
-123
-130
-137
-146
-157
-164
-172
-180
-188
-191
-193
-196
-200
-203
-203
-205
-209
-214
-219
-223
-225
-228
-231
-234
-237
-240
-241
-242
-241
-243
-243
-246
-249
-249
-248
-249
-249
-250
-252
-254
-254
-253
-253
-255
-259
-264
-268
-267
-266
-263
-262
-259
-254
-254
-254
-251
-246
-241
-240
-237
-234
-228
-223
-215
-203
-191
-176
-162
-150
-137
-123
-109
-98
-87
-74
-60
-48
-33
-16
6
25
43
60
80
97
109
123
138
152
167
180
193
209
226
241
256
271
287
300
308
319
331
343
353
361
368
374
381
386
390
391
391
390
389
386
383
380
375
370
366
359
349
339
330
320
307
292
277
264
250
239
224
209
194
181
168
149
131
114
100
85
67
48
33
19
6
-9
-26
-44
-58
-70
-80
-91
-103
-115
-122
-129
-136
-145
-155
-163
-168
-175
-182
-192
-199
-200
-199
-199
-203
-206
-209
-209
-212
-216
-219
-219
-218
-219
-219
-220
-218
-215
-212
-211
-213
-212
-209
-207
-206
-207
-209
-210
-207
-202
-199
-202
-207
-206
-206
-207
-209
-212
-210
-208
-208
-207
-206
-205
-202
-200
-197
-193
-190
-184
-180
-177
-173
-165
-156
-147
-138
-126
-116
-104
-92
-75
-60
-51
-36
-19
-2
13
26
42
61
76
94
111
127
142
159
177
191
202
216
233
245
254
262
272
281
288
294
300
305
308
313
318
320
320
320
321
319
315
308
300
290
283
276
267
258
248
241
234
224
211
198
187
175
160
145
130
118
106
93
80
70
63
54
44
35
27
18
10
0
-8
-15
-22
-32
-39
-47
-56
-64
-71
-78
-84
-92
-99
-104
-108
-113
-118
-123
-126
-130
-134
-140
-145
-149
-149
-151
-155
-158
-160
-162
-164
-169
-174
-175
-176
-177
-178
-178
-178
-177
-177
-175
-172
-170
-170
-167
-163
-161
-158
-156
-153
-147
-143
-137
-131
-126
-119
-115
-111
-104
-95
-88
-82
-79
-73
-66
-60
-55
-50
-44
-38
-33
-28
-22
-17
-13
-11
-8
-5
-3
0
4
10
16
21
23
28
34
39
41
43
48
52
57
61
67
72
77
84
90
94
98
103
107
110
115
119
124
128
132
137
141
144
145
148
150
151
152
154
155
154
152
150
151
150
150
147
144
142
140
137
131
124
118
112
105
99
92
85
77
67
59
50
40
30
21
13
5
-4
-13
-19
-26
-33
-43
-51
-59
-68
-75
-83
-89
-94
-99
-103
-106
-110
-112
-115
-118
-121
-122
-123
-124
-123
-122
-123
-122
-120
-118
-115
-112
-109
-106
-104
-100
-95
-90
-87
-84
-79
-77
-73
-70
-67
-63
-60
-57
-54
-51
-46
-41
-35
-30
-24
-21
-17
-13
-9
-7
-6
-3
-3
-2
0
3
5
9
12
13
14
16
17
20
21
23
21
19
18
20
20
19
18
19
19
20
21
24
27
30
30
31
32
35
39
41
41
41
41
44
47
51
55
58
63
66
70
76
79
81
85
88
90
91
91
94
95
96
95
93
93
92
91
87
83
80
77
73
68
63
58
53
47
40
32
25
18
11
4
-4
-14
-22
-28
-35
-42
-48
-56
-63
-69
-75
-80
-87
-92
-96
-99
-101
-104
-105
-105
-105
-104
-102
-102
-98
-94
-90
-86
-83
-78
-72
-67
-62
-56
-49
-42
-36
-30
-25
-18
-13
-8
-1
2
7
13
18
22
24
26
26
27
29
28
27
24
23
22
21
19
17
15
14
12
9
6
2
1
-2
-4
-4
-4
-4
-5
-5
-4
-4
-4
-4
-3
-2
1
5
8
12
16
22
27
32
36
40
44
49
53
57
60
63
67
69
72
75
76
78
80
82
82
79
79
79
77
74
72
68
64
60
55
47
41
35
27
19
12
5
-3
-10
-16
-24
-32
-41
-47
-53
-61
-71
-78
-85
-90
-95
-102
-108
-112
-112
-115
-117
-120
-120
-121
-119
-117
-117
-115
-111
-107
-102
-100
-96
-90
-83
-76
-73
-68
-61
-54
-45
-38
-33
-27
-21
-13
-6
-1
4
8
13
17
20
23
25
28
33
37
39
40
42
43
43
41
40
40
38
35
31
25
22
20
19
16
14
12
12
11
10
6
4
1
1
1
0
-1
-1
1
3
5
7
10
13
18
22
25
28
32
38
44
49
54
60
66
73
81
87
92
98
104
109
113
117
121
126
131
133
136
138
140
140
140
140
138
135
131
127
122
116
110
103
97
90
81
73
64
54
45
33
21
11
0
-13
-24
-34
-46
-56
-66
-77
-86
-96
-104
-112
-120
-127
-134
-140
-146
-152
-156
-160
-162
-163
-165
-165
-164
-164
-163
-161
-159
-155
-151
-146
-141
-136
-130
-124
-118
-111
-104
-97
-89
-82
-75
-70
-65
-60
-55
-49
-44
-38
-32
-27
-21
-17
-13
-10
-8
-5
-4
-3
-2
-1
0
-1
0
1
2
3
4
5
5
5
5
5
7
6
5
5
8
9
11
14
17
20
23
25
27
30
34
36
40
45
51
57
64
71
78
85
90
99
104
110
113
118
122
126
131
134
139
143
146
151
154
156
157
158
158
157
157
155
153
151
149
145
140
137
131
126
119
111
103
95
86
77
67
60
50
42
32
23
14
3
-7
-17
-27
-38
-48
-57
-66
-74
-81
-88
-93
-99
-105
-109
-115
-120
-125
-129
-133
-135
-139
-142
-143
-144
-144
-144
-142
-142
-141
-140
-137
-135
-134
-131
-127
-124
-120
-115
-110
-106
-102
-98
-95
-93
-90
-85
-82
-81
-79
-76
-72
-69
-65
-63
-60
-58
-55
-54
-51
-51
-49
-48
-47
-46
-45
-43
-42
-41
-40
-37
-34
-33
-30
-28
-27
-25
-23
-21
-19
-15
-12
-8
-3
3
9
15
19
26
31
36
42
48
54
59
64
74
81
89
96
104
110
118
125
132
138
142
147
153
159
162
167
170
173
177
178
180
180
180
178
177
173
171
168
165
160
155
149
143
138
131
124
115
106
99
90
81
72
61
53
44
36
25
16
7
-3
-11
-20
-27
-35
-43
-49
-56
-62
-66
-71
-76
-80
-84
-88
-92
-94
-98
-99
-100
-100
-100
-99
-99
-98
-98
-97
-96
-95
-94
-94
-93
-92
-91
-91
-90
-88
-89
-89
-89
-89
-90
-92
-92
-93
-97
-98
-99
-101
-104
-106
-108
-110
-111
-114
-115
-119
-121
-123
-123
-125
-127
-127
-129
-128
-126
-125
-123
-120
-118
-115
-110
-105
-100
-95
-89
-82
-75
-67
-58
-49
-41
-30
-20
-10
1
11
22
33
43
55
67
77
87
100
110
120
130
138
146
153
161
168
174
180
183
187
189
191
192
193
192
190
187
184
181
179
175
170
163
157
152
147
141
134
125
116
107
101
92
84
76
67
60
52
45
39
32
28
23
17
14
10
7
4
2
-1
-4
-6
-7
-8
-7
-9
-9
-7
-6
-5
-3
-1
0
0
2
3
5
6
6
6
6
5
5
4
2
-1
-4
-8
-12
-16
-21
-27
-31
-38
-44
-50
-57
-64
-71
-79
-87
-96
-105
-112
-120
-129
-139
-146
-154
-162
-169
-176
-182
-188
-194
-199
-200
-202
-204
-205
-204
-204
-203
-201
-198
-193
-188
-182
-176
-168
-160
-151
-140
-129
-119
-107
-93
-81
-67
-53
-39
-25
-10
4
19
33
46
60
72
85
97
108
118
129
138
145
154
161
167
173
178
181
185
186
186
186
185
184
180
177
171
166
159
152
146
138
130
122
114
104
97
88
81
73
66
59
50
44
37
30
23
18
12
7
2
-2
-4
-5
-6
-7
-5
-5
-4
-3
-2
1
2
6
10
13
16
21
26
29
34
36
41
43
44
46
49
51
53
54
56
54
52
51
48
45
40
36
29
23
16
11
3
-5
-12
-21
-30
-41
-50
-59
-71
-80
-90
-99
-109
-119
-129
-137
-146
-154
-160
-169
-175
-180
-184
-186
-191
-193
-193
-193
-192
-191
-190
-188
-184
-180
-175
-168
-159
-151
-143
-131
-121
-111
-101
-89
-79
-67
-54
-43
-31
-17
-4
8
19
31
44
54
64
77
83
93
103
109
118
124
128
136
139
142
147
147
149
150
146
147
147
140
141
137
132
131
124
117
114
109
101
95
87
81
76
67
61
54
48
42
36
32
26
23
20
15
12
10
5
4
4
-1
0
2
1
3
4
4
6
8
8
10
13
15
17
20
23
26
30
31
34
37
38
40
40
41
42
44
42
43
43
43
40
39
35
33
27
24
19
14
10
5
1
-6
-11
-16
-23
-29
-34
-41
-47
-52
-60
-64
-68
-74
-79
-83
-89
-92
-97
-104
-106
-109
-112
-114
-117
-117
-117
-118
-118
-115
-114
-111
-110
-108
-105
-103
-100
-97
-94
-88
-83
-80
-74
-71
-67
-63
-59
-53
-47
-41
-37
-30
-23
-20
-11
-7
-1
7
8
16
21
22
29
32
34
41
44
46
52
53
56
58
58
61
64
66
67
69
68
70
70
69
71
70
70
69
69
73
70
72
72
70
75
73
74
73
69
71
69
65
66
64
62
62
61
57
57
54
52
50
48
44
41
40
35
32
29
28
24
22
17
15
16
8
7
3
-1
-4
-7
-10
-13
-17
-19
-21
-25
-26
-28
-29
-32
-35
-37
-38
-40
-42
-44
-46
-44
-46
-45
-46
-46
-45
-45
-44
-42
-42
-41
-39
-39
-39
-38
-36
-35
-34
-32
-32
-31
-29
-30
-30
-28
-27
-26
-27
-27
-25
-25
-26
-26
-28
-28
-27
-28
-28
-28
-30
-30
-32
-32
-33
-35
-35
-36
-37
-37
-38
-38
-38
-37
-36
-34
-33
-32
-30
-31
-27
-26
-26
-22
-23
-16
-11
-10
-7
-2
1
5
10
11
16
21
26
31
36
38
45
47
52
55
58
64
67
69
73
77
78
82
84
84
85
85
86
85
83
83
82
79
78
75
73
70
66
63
59
52
49
43
37
33
26
22
16
10
7
1
-4
-10
-14
-19
-26
-31
-35
-41
-45
-49
-52
-55
-59
-62
-63
-65
-65
-68
-69
-69
-69
-70
-69
-69
-67
-65
-64
-61
-57
-53
-48
-46
-44
-38
-33
-29
-26
-21
-16
-13
-9
-4
2
6
10
13
18
22
24
29
32
31
35
36
39
39
39
41
41
42
43
41
41
39
36
34
32
29
26
24
20
17
14
10
7
4
-1
-6
-8
-14
-16
-19
-24
-26
-29
-32
-34
-36
-38
-40
-40
-43
-42
-42
-43
-41
-41
-40
-37
-37
-34
-29
-28
-25
-19
-17
-11
-6
-5
1
5
9
14
19
23
28
31
35
41
46
49
52
55
57
60
62
62
63
63
63
65
64
63
62
62
58
56
52
49
45
41
36
31
25
20
16
10
5
-1
-7
-13
-19
-25
-32
-37
-42
-47
-52
-56
-60
-62
-66
-70
-72
-76
-78
-79
-81
-81
-81
-81
-80
-79
-76
-73
-71
-67
-62
-59
-55
-50
-45
-39
-33
-27
-23
-16
-10
-6
1
4
12
17
23
29
35
38
43
48
51
55
58
60
62
65
67
67
67
67
65
64
64
61
58
54
49
48
44
41
38
33
28
24
18
13
10
4
-1
-7
-11
-17
-20
-25
-31
-34
-38
-42
-45
-46
-48
-49
-51
-53
-52
-52
-51
-50
-49
-47
-45
-43
-40
-38
-34
-32
-27
-24
-22
-16
-12
-6
-2
4
10
14
19
24
27
32
34
37
40
44
46
48
50
53
54
57
58
58
58
56
55
54
52
49
48
45
43
40
37
33
28
23
17
10
5
-1
-6
-11
-16
-24
-29
-33
-39
-43
-48
-52
-57
-61
-66
-69
-72
-75
-77
-79
-80
-83
-82
-81
-81
-79
-78
-75
-72
-68
-65
-61
-56
-51
-46
-41
-35
-29
-21
-13
-8
-1
5
12
18
25
33
40
46
51
56
62
67
72
77
80
83
84
86
88
89
89
88
88
87
85
84
81
78
73
68
64
61
55
52
46
39
34
29
24
19
13
7
-1
-6
-10
-15
-21
-26
-29
-33
-36
-38
-41
-43
-45
-47
-48
-47
-46
-46
-46
-44
-42
-40
-37
-34
-32
-29
-24
-18
-12
-9
-4
0
5
9
14
19
22
25
27
30
33
36
39
41
42
44
44
45
44
42
42
40
39
35
33
29
25
22
17
13
7
2
-4
-10
-17
-23
-28
-34
-39
-44
-50
-55
-62
-67
-72
-76
-81
-84
-87
-89
-90
-91
-93
-94
-93
-92
-91
-90
-88
-86
-84
-80
-78
-73
-68
-63
-57
-52
-46
-39
-31
-24
-17
-10
-3
4
11
19
26
33
40
45
53
58
63
69
74
78
83
88
90
91
93
95
95
94
94
93
92
90
89
85
83
81
78
74
69
65
62
56
51
46
40
32
27
21
15
11
5
1
-5
-10
-15
-18
-22
-26
-28
-29
-31
-33
-34
-37
-37
-37
-37
-37
-38
-37
-36
-35
-33
-30
-28
-26
-22
-20
-17
-14
-10
-6
-3
0
3
3
6
9
12
15
16
17
20
20
20
20
20
17
17
17
16
13
11
8
6
3
-1
-4
-6
-10
-14
-17
-22
-26
-30
-33
-36
-39
-42
-44
-48
-51
-52
-54
-55
-58
-59
-60
-60
-62
-62
-60
-60
-60
-57
-55
-53
-50
-48
-44
-41
-38
-34
-31
-26
-21
-19
-14
-8
-4
-1
4
8
13
16
21
25
29
32
35
39
41
45
49
51
54
55
55
58
58
60
61
60
59
60
60
59
58
56
56
53
51
50
47
45
42
39
36
33
29
26
23
21
19
14
12
10
7
4
3
1
0
-4
-4
-7
-9
-10
-11
-13
-14
-14
-14
-14
-13
-14
-14
-14
-15
-13
-12
-13
-13
-13
-12
-12
-11
-10
-11
-9
-9
-8
-8
-7
-8
-7
-6
-7
-7
-6
-6
-6
-8
-8
-8
-11
-10
-11
-13
-15
-15
-17
-18
-20
-20
-22
-23
-24
-26
-27
-28
-28
-29
-29
-31
-30
-31
-33
-33
-32
