13
13
15
13
12
11
10
10
11
13
14
15
14
11
9
5
6
5
8
9
11
10
9
7
4
2
2
2
4
5
6
4
2
0
-5
-9
-9
-10
-7
-5
-4
-6
-9
-13
-16
-18
-19
-20
-18
-17
-16
-16
-15
-17
-20
-24
-27
-27
-26
-23
-21
-21
-23
-28
-32
-34
-33
-28
-25
-22
-22
-25
-30
-37
-42
-47
-48
-43
-39
-36
-38
-46
-52
-61
-65
-68
-66
-61
-61
-65
-75
-87
-94
-96
-84
-63
-32
5
35
52
53
38
20
10
17
40
72
106
129
135
125
102
75
56
50
57
72
82
85
75
52
19
-14
-36
-40
-27
-5
17
26
20
1
-24
-46
-58
-51
-28
3
29
42
40
27
14
5
8
25
52
77
94
96
86
69
53
45
44
54
66
79
85
79
64
42
25
17
20
30
41
53
57
56
47
35
24
24
29
43
57
68
75
72
63
51
43
40
44
49
53
53
47
41
29
15
3
-4
-9
-11
-14
-18
-24
-33
-41
-49
-55
-58
-58
-59
-60
-63
-67
-71
-75
-79
-85
-91
-93
-92
-92
-95
-100
-103
-103
-106
-111
-121
-131
-137
-140
-140
-142
-147
-155
-168
-184
-200
-204
-189
-156
-115
-71
-35
-9
-1
-13
-33
-50
-38
-1
53
105
144
162
164
146
117
92
81
94
115
137
142
130
104
63
21
-15
-26
-15
15
36
43
29
2
-28
-61
-82
-90
-72
-40
-3
19
18
6
-12
-27
-38
-36
-21
5
33
50
52
40
25
9
0
-2
3
14
27
40
36
24
1
-19
-31
-37
-30
-18
-1
13
20
15
6
-6
-14
-9
2
29
62
97
124
136
135
121
109
99
102
117
140
162
178
180
166
144
115
97
87
91
102
114
120
112
91
60
33
14
10
16
33
49
59
56
39
13
-13
-31
-36
-29
-14
-1
5
-1
-18
-41
-61
-77
-82
-76
-68
-59
-55
-56
-62
-74
-90
-101
-104
-99
-88
-81
-75
-75
-81
-96
-109
-115
-112
-102
-91
-79
-74
-73
-81
-90
-100
-106
-105
-101
-100
-101
-99
-100
-106
-116
-122
-131
-137
-141
-137
-131
-134
-142
-154
-163
-175
-186
-188
-169
-135
-97
-62
-37
-24
-35
-51
-64
-57
-36
0
44
84
114
126
121
104
86
73
77
92
115
133
137
125
100
72
44
28
31
46
67
83
92
86
67
39
13
0
6
25
50
70
79
81
69
54
38
24
26
39
63
87
98
99
89
75
59
50
53
68
91
115
131
137
132
115
96
82
83
96
115
134
146
149
141
122
102
87
84
90
101
115
126
127
117
97
77
61
55
56
61
70
75
78
69
52
33
15
5
2
8
13
15
12
2
-16
-36
-53
-60
-62
-55
-49
-50
-52
-56
-71
-90
-106
-114
-114
-116
-118
-116
-113
-114
-123
-134
-143
-152
-158
-157
-152
-146
-137
-134
-135
-142
-151
-157
-160
-159
-154
-146
-138
-134
-134
-135
-137
-134
-135
-137
-136
-132
-131
-135
-141
-147
-150
-140
-117
-91
-62
-41
-33
-41
-55
-65
-65
-51
-24
9
45
70
85
84
71
57
51
57
73
92
109
119
118
105
87
67
56
56
70
85
97
103
104
93
74
53
42
42
49
62
73
81
80
73
58
43
27
18
22
29
40
46
48
44
35
24
13
11
14
23
35
46
52
55
55
53
47
46
54
69
87
102
115
118
116
107
96
91
90
98
111
125
132
135
130
124
112
99
97
100
107
109
111
108
101
87
65
46
36
38
43
42
39
33
22
8
-10
-30
-49
-55
-57
-57
-56
-58
-61
-75
-94
-106
-107
-105
-107
-112
-112
-103
-98
-102
-112
-123
-125
-120
-111
-100
-96
-93
-93
-90
-92
-98
-99
-97
-94
-92
-96
-99
-97
-95
-93
-96
-97
-97
-99
-104
-112
-113
-110
-106
-111
-119
-128
-133
-142
-153
-162
-158
-135
-106
-77
-55
-41
-31
-33
-37
-45
-40
-30
-6
27
56
82
88
89
74
63
54
56
63
71
85
89
94
82
65
39
25
27
40
57
67
80
85
81
64
46
31
27
34
43
60
72
81
80
70
58
45
39
33
39
48
57
63
60
55
46
37
29
27
29
35
40
44
48
48
49
42
42
46
57
72
85
100
107
110
106
101
91
87
88
96
112
122
129
125
122
113
101
92
87
89
91
100
100
98
81
69
56
49
47
39
42
39
32
23
22
14
0
-15
-27
-30
-31
-26
-31
-30
-31
-46
-62
-72
-76
-87
-92
-92
-85
-86
-91
-93
-101
-107
-115
-119
-126
-128
-130
-120
-118
-124
-137
-150
-156
-159
-153
-159
-169
-178
-188
-189
-198
-209
-226
-244
-253
-250
-247
-245
-253
-281
-293
-296
-266
-221
-157
-87
-20
26
36
28
0
-9
-12
27
80
142
194
214
223
196
164
114
87
66
73
97
118
125
90
58
9
-15
-33
-20
5
33
70
90
103
81
65
43
34
41
61
93
119
145
150
141
111
78
51
34
32
33
44
50
47
39
23
1
-22
-38
-44
-42
-27
-12
2
7
11
12
10
15
30
62
94
129
153
173
183
182
181
173
167
159
166
178
198
212
218
212
189
171
151
143
137
143
156
169
183
179
173
152
139
133
137
145
151
156
150
140
113
81
37
3
-18
-19
-16
-26
-40
-70
-90
-117
-140
-164
-180
-183
-181
-169
-164
-163
-178
-197
-218
-234
-238
-244
-247
-253
-249
-246
-246
-264
-280
-300
-309
-310
-318
-325
-357
-374
-396
-396
-399
-421
-450
-496
-511
-531
-532
-521
-447
-279
-52
170
287
293
204
90
11
-1
64
176
294
391
447
456
396
260
74
-88
-160
-117
-8
87
116
66
-18
-108
-173
-209
-198
-123
14
178
294
332
282
202
130
95
96
127
184
238
298
319
294
207
73
-53
-137
-156
-131
-87
-53
-31
-29
-42
-71
-120
-159
-176
-140
-72
10
79
121
144
146
146
138
147
173
228
311
396
472
489
449
369
275
204
165
155
162
190
231
286
329
320
266
199
160
159
211
296
390
447
437
386
320
276
244
220
194
186
202
226
230
167
61
-69
-163
-204
-199
-168
-150
-139
-148
-153
-178
-215
-267
-315
-333
-322
-272
-219
-182
-198
-249
-307
-354
-373
-383
-397
-427
-458
-472
-473
-484
-500
-562
-637
-712
-745
-726
-701
-685
-719
-767
-861
-857
-737
-471
-111
190
459
511
481
326
186
97
43
126
205
383
454
515
426
242
-3
-274
-375
-408
-240
-117
18
33
-26
-88
-165
-144
-138
-1
145
386
562
671
682
545
411
231
180
126
139
147
159
163
101
48
-108
-245
-404
-445
-423
-351
-234
-153
-56
-26
37
72
100
109
118
175
219
299
337
366
335
262
195
113
77
39
52
86
141
214
241
249
204
176
154
166
238
332
470
551
624
645
633
582
493
457
436
490
526
575
550
460
339
202
120
42
45
45
104
137
161
149
75
27
-39
-22
-11
53
101
133
127
64
-1
-127
-218
-325
-363
-386
-386
-378
-403
-430
-508
-571
-652
-700
-697
-622
-534
-479
-479
-508
-539
-577
-575
-570
-575
-653
-759
-863
-924
-976
-1017
-1042
-1014
-826
-446
136
618
843
684
347
20
-180
-159
-58
110
187
301
400
453
336
5
-369
-677
-674
-452
-84
158
202
90
-63
-87
-38
110
206
348
533
788
996
983
754
343
4
-204
-209
-135
-67
-57
-98
-89
-106
-146
-299
-441
-505
-426
-200
54
283
371
393
362
350
345
328
314
251
220
187
187
155
50
-94
-258
-338
-346
-254
-143
-51
22
74
149
190
230
254
312
396
553
828
1092
1264
1199
971
636
292
57
-42
10
103
233
338
432
450
381
259
127
119
234
481
716
851
794
583
346
158
82
53
87
143
250
326
302
140
-143
-397
-569
-596
-530
-409
-302
-243
-235
-272
-320
-424
-501
-552
-517
-437
-409
-392
-419
-428
-499
-612
-698
-762
-813
-946
-1092
-1201
-1259
-1289
-1302
-1267
-1234
-1190
-957
-296
650
1366
1510
1160
657
147
-279
-479
-458
-324
-217
-84
97
196
86
-273
-733
-1081
-1058
-625
31
563
696
503
265
268
429
526
484
489
714
1017
1116
848
343
-190
-592
-820
-851
-697
-466
-262
-144
-59
-5
17
4
-29
-48
18
245
552
780
782
618
432
292
184
46
-107
-267
-381
-427
-423
-395
-379
-389
-424
-416
-303
-52
219
399
488
525
577
608
607
541
440
351
273
266
346
562
773
826
662
339
37
-198
-251
-148
98
389
654
867
962
959
841
696
555
510
581
735
854
777
528
190
-59
-200
-242
-221
-122
62
237
341
301
159
-49
-225
-316
-284
-154
-12
77
31
-99
-297
-491
-635
-733
-759
-758
-725
-699
-675
-663
-709
-762
-802
-769
-715
-722
-793
-921
-1028
-1105
-1111
-1103
-1163
-1282
-1409
-1270
-621
461
1399
1664
1300
679
54
-519
-879
-921
-758
-543
-258
111
417
486
198
-360
-869
-897
-376
334
820
942
805
585
420
327
239
136
147
352
661
866
787
414
-114
-548
-748
-706
-492
-182
123
328
415
436
428
332
146
-48
-138
-74
106
310
387
298
135
9
-78
-166
-255
-348
-423
-421
-296
-112
0
4
-44
-79
-57
63
240
358
376
365
386
394
357
345
407
514
595
618
560
414
240
83
5
30
165
349
514
671
833
939
915
817
709
648
638
656
661
580
431
276
141
34
-24
-14
49
148
246
293
228
81
-55
-119
-128
-118
-95
-92
-112
-162
-229
-309
-394
-465
-535
-609
-650
-659
-646
-634
-662
-695
-687
-657
-642
-652
-677
-705
-744
-845
-1032
-1255
-1423
-1505
-1545
-1579
-1460
-936
80
1282
2021
1956
1323
500
-341
-1035
-1311
-1122
-748
-417
-110
206
423
353
-79
-653
-948
-692
-21
694
1161
1194
840
443
334
420
386
251
251
456
677
690
412
-73
-535
-789
-789
-581
-223
133
333
435
565
676
606
373
136
-42
-140
-120
-8
52
-21
-148
-234
-254
-233
-212
-247
-324
-345
-271
-146
-19
102
143
78
19
60
158
215
218
176
95
21
3
37
108
252
431
558
634
681
621
408
132
-64
-121
-40
164
439
708
915
1027
1024
949
832
678
532
465
486
505
440
303
145
16
-41
-7
85
205
333
447
537
564
491
307
51
-186
-342
-420
-436
-408
-357
-320
-316
-309
-314
-381
-515
-619
-620
-583
-559
-576
-624
-636
-614
-640
-740
-781
-738
-760
-875
-1012
-1129
-1286
-1534
-1772
-1808
-1344
-216
1221
2218
2319
1722
793
-218
-1050
-1492
-1548
-1381
-1006
-424
209
662
713
304
-347
-751
-612
-62
610
1105
1215
964
676
564
459
211
-70
-174
-19
319
633
649
332
-83
-370
-447
-347
-162
-25
36
177
472
751
789
563
221
-93
-291
-350
-330
-308
-290
-225
-106
19
78
35
-87
-216
-299
-317
-249
-96
65
123
63
-23
-38
-1
18
-26
-101
-125
-72
17
72
113
131
137
274
562
859
964
821
508
141
-141
-287
-237
-22
283
608
884
1111
1216
1099
777
427
216
195
314
441
442
282
75
-41
-33
64
200
337
506
712
859
812
538
141
-235
-509
-654
-670
-607
-511
-363
-176
-23
29
-32
-177
-340
-465
-527
-521
-506
-542
-607
-632
-655
-688
-685
-703
-785
-896
-985
-1050
-1118
-1193
-1270
-1320
-1395
-1408
-972
157
1561
2388
2284
1580
652
-352
-1259
-1767
-1802
-1550
-1137
-555
180
808
1014
688
83
-341
-343
47
608
1017
1008
653
374
408
527
382
8
-245
-141
248
574
578
314
32
-127
-182
-129
-32
24
56
183
406
560
564
429
181
-129
-399
-516
-464
-327
-224
-170
-75
117
297
297
81
-220
-453
-557
-505
-327
-136
-36
-27
-37
-15
40
39
-81
-229
-270
-181
3
202
333
478
663
755
692
519
284
18
-187
-258
-163
54
324
614
861
1012
1040
929
723
515
348
260
290
379
416
326
194
124
136
185
263
401
596
768
807
645
324
-19
-288
-439
-501
-496
-433
-335
-166
50
189
162
15
-132
-271
-416
-544
-632
-651
-616
-567
-524
-509
-516
-592
-702
-718
-633
-552
-553
-593
-687
-859
-1097
-1382
-1697
-2010
-2063
-1369
279
2117
3013
2682
1732
693
-437
-1483
-2074
-2137
-1835
-1251
-295
794
1533
1575
886
-41
-587
-465
68
565
773
623
392
414
640
619
147
-376
-453
8
611
909
736
316
15
-64
-27
-53
-161
-281
-273
7
414
664
598
318
12
-238
-374
-437
-475
-516
-517
-363
-31
335
486
346
46
-251
-432
-495
-476
-435
-381
-290
-160
13
153
169
12
-207
-303
-230
-62
127
404
745
982
984
747
377
-34
-356
-517
-438
-147
214
554
815
1013
1102
1006
765
487
304
273
371
526
636
634
531
405
312
233
147
101
143
274
419
477
429
301
124
-48
-171
-209
-229
-258
-240
-153
-27
53
13
-147
-344
-506
-608
-640
-629
-562
-439
-328
-263
-274
-387
-563
-715
-783
-804
-818
-867
-921
-962
-1038
-1111
-1163
-1235
-1343
-1240
-422
989
2097
2243
1649
862
18
-807
-1385
-1615
-1572
-1315
-741
93
902
1313
1106
461
-149
-336
-133
222
498
563
471
460
676
846
667
210
-140
-101
204
453
404
139
-68
-93
6
78
50
-70
-182
-89
228
528
568
383
167
-1
-128
-239
-359
-520
-678
-673
-450
-141
91
181
160
71
-52
-193
-316
-410
-461
-434
-336
-197
-61
57
92
13
-109
-207
-252
-168
112
505
885
1108
1038
646
119
-337
-650
-724
-562
-192
292
752
1134
1348
1307
1038
648
296
104
97
198
323
452
562
588
529
419
292
171
83
72
123
189
243
237
180
104
37
-16
-89
-150
-188
-193
-122
1
77
20
-143
-354
-562
-719
-802
-813
-750
-590
-361
-125
37
27
-210
-624
-1025
-1287
-1412
-1409
-1319
-1198
-1136
-1211
-1172
-499
854
2040
2239
1673
937
183
-624
-1307
-1612
-1622
-1453
-972
-156
713
1213
1147
651
60
-257
-230
-8
240
363
385
482
755
994
841
372
15
46
318
456
287
-59
-287
-211
46
222
179
-9
-150
-70
231
520
553
376
198
107
44
-65
-219
-421
-632
-706
-530
-207
35
71
-1
-50
-48
-66
-167
-324
-446
-458
-354
-210
-101
-36
-9
-10
-21
-45
-115
-200
-198
-81
174
555
848
863
613
245
-109
-371
-485
-428
-195
152
556
979
1269
1309
1073
646
228
-39
-122
-72
87
324
538
686
753
716
564
357
205
137
118
104
83
60
56
81
116
132
118
74
-18
-113
-163
-198
-233
-247
-268
-319
-373
-397
-420
-488
-577
-621
-590
-514
-414
-322
-356
-554
-817
-1043
-1199
-1309
-1402
-1528
-1616
-1320
-320
1112
2146
2265
1686
869
-30
-946
-1614
-1880
-1812
-1500
-841
149
1032
1394
1128
496
-100
-388
-301
-77
106
205
312
578
892
1000
725
272
36
95
283
317
139
-82
-158
-33
133
184
91
-18
9
184
405
502
453
340
242
165
59
-86
-288
-502
-644
-603
-355
-70
91
93
68
94
80
-47
-277
-468
-512
-409
-225
-69
19
38
35
33
45
70
32
-8
97
292
372
282
123
-64
-220
-262
-173
8
193
344
513
700
839
855
693
434
235
161
171
191
184
156
177
289
431
504
478
410
377
382
374
280
105
-43
-66
34
156
226
223
144
28
-59
-116
-188
-281
-341
-341
-305
-259
-218
-194
-178
-168
-178
-231
-326
-458
-638
-805
-887
-910
-935
-983
-1030
-1047
-1051
-1091
-1106
-809
34
1115
1799
1787
1267
545
-251
-1015
-1571
-1802
-1713
-1347
-683
180
897
1169
951
481
49
-199
-235
-151
-47
59
227
523
822
892
642
264
46
69
165
130
-34
-144
-70
129
293
325
228
101
88
234
413
470
400
308
254
208
116
-17
-185
-350
-445
-410
-237
-55
41
80
107
114
56
-74
-249
-394
-430
-347
-220
-110
-29
106
359
657
849
804
510
62
-369
-659
-784
-742
-574
-305
45
403
691
808
719
483
209
46
38
136
248
313
346
360
365
336
243
113
17
8
46
78
85
64
55
123
251
357
364
284
208
193
228
246
186
38
-157
-333
-456
-518
-534
-525
-469
-317
-44
221
323
244
63
-153
-400
-648
-909
-1136
-1238
-1242
-1174
-1108
-1079
-1005
-666
98
984
1552
1601
1234
684
18
-629
-1115
-1425
-1537
-1403
-936
-278
310
637
612
355
48
-144
-188
-195
-191
-148
19
319
605
744
664
486
352
273
181
-12
-245
-403
-384
-220
-33
100
140
173
284
468
628
648
554
427
345
302
229
86
-140
-334
-384
-243
6
190
252
229
208
205
147
13
-165
-296
-334
-273
-130
23
166
305
430
580
776
847
643
265
-102
-372
-547
-643
-642
-500
-237
87
438
698
780
694
507
318
169
65
-9
-58
-53
-2
79
167
224
215
156
114
103
87
0
-147
-274
-308
-209
-39
120
226
309
377
406
377
262
84
-77
-173
-229
-310
-430
-533
-552
-480
-392
-287
-136
0
37
-34
-166
-340
-537
-733
-912
-1036
-1125
-1212
-1164
-708
156
1027
1485
1473
1162
633
-57
-740
-1233
-1513
-1596
-1357
-747
1
570
792
703
425
94
-193
-428
-584
-626
-517
-243
131
463
587
515
426
400
361
202
-59
-281
-335
-223
-81
-29
-82
-166
-179
-59
171
388
493
514
553
614
603
460
236
-9
-219
-307
-242
-82
85
215
302
368
408
355
182
-32
-186
-222
-145
3
174
351
520
624
616
512
388
338
354
375
347
232
19
-235
-416
-495
-453
-282
-5
350
690
928
998
874
599
231
-122
-356
-438
-387
-273
-106
98
279
369
353
255
87
-106
-291
-449
-547
-553
-437
-216
38
233
329
336
281
183
30
-148
-300
-427
-501
-500
-440
-380
-341
-283
-210
-182
-233
-321
-405
-525
-666
-793
-919
-1064
-1217
-1170
-674
218
1140
1677
1742
1475
948
203
-624
-1287
-1683
-1833
-1631
-1046
-255
425
789
852
677
378
39
-266
-478
-597
-587
-421
-121
194
364
381
344
327
273
96
-144
-331
-399
-356
-257
-156
-114
-122
-102
10
184
322
374
389
433
480
454
329
160
-18
-193
-300
-286
-164
11
186
368
532
616
565
386
162
-35
-134
-129
-23
160
364
591
810
990
1116
1079
811
391
-13
-309
-477
-501
-421
-224
54
336
594
766
805
711
534
349
195
94
12
-56
-73
-44
12
64
110
127
106
78
48
-3
-109
-264
-392
-440
-411
-325
-231
-163
-98
-19
49
76
43
-31
-106
-151
-201
-284
-393
-509
-537
-480
-419
-381
-372
-371
-394
-429
-444
-478
-569
-739
-928
-1054
-1009
-617
101
907
1488
1654
1454
1007
402
-313
-1013
-1496
-1650
-1476
-1027
-384
267
696
799
652
395
108
-154
-362
-488
-503
-376
-122
141
301
302
205
118
50
-47
-228
-427
-492
-380
-180
-38
-18
-87
-162
-167
-98
-16
43
111
236
410
549
551
402
168
-69
-251
-334
-317
-213
-35
175
369
483
493
418
297
180
90
56
92
208
408
620
752
798
871
999
1039
895
602
278
-36
-302
-453
-460
-289
-19
301
646
926
1081
1035
824
538
252
42
-128
-229
-259
-224
-104
60
221
293
264
182
106
26
-123
-325
-507
-570
-504
-375
-248
-163
-113
-90
-46
28
61
21
-101
-246
-354
-427
-493
-581
-648
-641
-540
-420
-363
-373
-440
-562
-722
-869
-1031
-1238
-1399
-1278
-626
416
1409
1982
2086
1847
1273
425
-520
-1314
-1837
-2065
-1848
-1164
-269
465
855
944
782
458
86
-225
-449
-586
-550
-316
32
307
406
369
285
214
63
-218
-549
-766
-776
-640
-431
-243
-139
-105
-90
-18
60
78
41
20
114
267
364
325
164
-14
-173
-275
-300
-256
-147
-5
164
308
376
346
218
94
53
101
186
284
422
594
801
1035
1200
1195
1010
772
566
360
148
-39
-143
-134
-38
146
371
572
722
805
852
851
795
690
526
343
164
25
-63
-116
-126
-104
-24
100
199
219
140
1
-120
-205
-279
-356
-408
-385
-294
-185
-82
-27
-24
-78
-161
-229
-309
-389
-483
-538
-512
-472
-415
-358
-327
-347
-429
-499
-596
-711
-834
-967
-1035
-1120
-1116
-836
-262
437
995
1379
1508
1340
970
402
-200
-742
-1140
-1285
-1190
-823
-345
126
474
561
498
296
25
-234
-428
-458
-380
-183
41
203
307
319
293
189
-16
-271
-510
-641
-677
-637
-587
-541
-458
-347
-200
-74
0
16
13
43
80
132
148
118
60
-21
-80
-142
-187
-205
-193
-113
-24
72
125
122
103
78
118
195
293
408
543
771
1070
1378
1524
1390
1048
585
139
-201
-378
-358
-171
139
478
790
1008
1083
1033
886
702
537
424
372
349
336
312
289
259
198
109
28
2
9
12
-26
-103
-173
-195
-172
-142
-145
-186
-242
-282
-275
-224
-192
-189
-205
-226
-265
-338
-412
-471
-489
-506
-554
-591
-589
-552
-519
-506
-528
-618
-745
-859
-950
-979
-855
-482
82
625
1027
1267
1279
1028
562
31
-459
-862
-1075
-1050
-777
-382
15
375
580
620
513
309
67
-210
-398
-457
-378
-178
29
205
306
352
340
202
-41
-331
-578
-733
-785
-721
-595
-468
-344
-204
-78
-27
-62
-137
-193
-208
-196
-174
-150
-130
-132
-140
-139
-136
-157
-202
-222
-185
-110
-55
-46
-44
-37
1
68
134
222
376
631
922
1174
1331
1324
1124
770
366
-11
-291
-406
-325
-41
355
740
1023
1142
1123
1002
826
630
447
326
275
298
368
433
451
412
330
229
121
8
-95
-176
-215
-205
-140
-46
41
82
52
-37
-153
-262
-338
-375
-352
-298
-254
-239
-279
-359
-445
-503
-516
-512
-528
-585
-653
-689
-713
-738
-775
-841
-936
-1002
-864
-437
160
742
1182
1413
1367
1067
605
37
-539
-994
-1180
-1062
-726
-259
222
596
767
766
646
410
113
-158
-323
-360
-262
-53
154
321
437
499
474
306
32
-276
-534
-698
-758
-728
-654
-543
-394
-223
-74
-3
-21
-103
-188
-238
-247
-232
-222
-212
-211
-210
-217
-244
-273
-291
-258
-183
-117
-94
-118
-152
-196
-220
-214
-178
-93
50
268
560
887
1161
1337
1387
1248
930
510
67
-319
-560
-602
-433
-58
417
875
1221
1370
1320
1106
806
505
272
156
137
201
317
435
522
539
475
332
135
-70
-242
-349
-378
-337
-227
-71
67
154
165
120
37
-83
-197
-285
-364
-453
-521
-526
-524
-547
-593
-623
-615
-601
-584
-600
-666
-774
-883
-995
-1117
-1094
-784
-191
483
1021
1339
1391
1225
818
231
-380
-907
-1199
-1230
-978
-506
29
513
789
873
792
562
294
18
-185
-294
-258
-72
140
353
505
591
601
473
224
-124
-451
-648
-706
-664
-585
-462
-314
-163
-33
31
8
-114
-242
-305
-300
-278
-261
-207
-159
-131
-140
-190
-255
-333
-356
-312
-228
-139
-98
-67
-61
-86
-140
-221
-260
-246
-138
119
513
975
1335
1479
1383
1082
670
197
-238
-544
-642
-486
-142
295
726
1055
1210
1175
985
699
413
209
126
165
295
454
588
657
636
532
377
181
-53
-295
-477
-531
-443
-254
-50
109
190
188
132
31
-105
-243
-334
-353
-321
-292
-312
-405
-516
-596
-653
-697
-745
-769
-780
-805
-830
-927
-1097
-1172
-920
-308
346
856
1223
1404
1335
974
438
-140
-706
-1127
-1277
-1099
-701
-231
242
597
775
805
685
437
117
-162
-297
-291
-156
58
297
557
774
904
864
580
139
-308
-639
-846
-938
-896
-744
-494
-173
131
335
350
210
25
-154
-305
-422
-480
-446
-352
-218
-100
-44
-67
-154
-232
-281
-328
-377
-398
-355
-260
-140
-33
14
20
26
59
120
189
265
396
591
847
1125
1276
1191
874
463
48
-300
-505
-553
-375
-18
437
917
1270
1402
1320
1087
761
404
119
-58
-110
-20
159
379
557
623
566
411
190
-57
-287
-461
-555
-545
-408
-213
-25
105
164
171
102
-37
-229
-435
-576
-649
-665
-644
-639
-643
-663
-678
-707
-775
-857
-944
-1002
-1074
-1100
-855
-285
413
967
1289
1380
1231
859
300
-277
-752
-1071
-1178
-1027
-625
-104
399
736
837
760
537
232
-70
-289
-391
-342
-110
199
494
717
855
905
797
515
98
-325
-650
-842
-883
-817
-653
-421
-162
79
211
195
43
-154
-321
-415
-417
-366
-264
-129
-11
51
36
-36
-182
-345
-464
-530
-527
-487
-429
-339
-216
-87
0
58
96
145
236
341
502
751
1010
1168
1181
1047
780
446
82
-231
-386
-354
-166
155
549
909
1174
1292
1224
1036
807
577
382
251
190
186
245
335
425
484
467
375
220
25
-177
-333
-390
-366
-293
-195
-88
15
75
58
-25
-160
-314
-463
-583
-655
-677
-658
-631
-584
-539
-562
-639
-739
-843
-925
-1007
-1104
-1218
-1293
-1168
-705
8
683
1151
1399
1417
1214
781
180
-452
-974
-1249
-1216
-902
-421
103
552
807
858
743
492
164
-135
-321
-371
-279
-69
203
494
763
960
1024
883
520
48
-388
-712
-918
-1021
-997
-830
-526
-181
97
237
217
86
-82
-241
-369
-455
-467
-397
-263
-121
-34
-16
-61
-151
-261
-380
-498
-589
-619
-576
-468
-322
-184
-75
17
107
265
521
791
981
1064
1074
1007
850
606
318
77
-99
-175
-106
76
319
594
863
1058
1146
1130
1024
882
752
635
536
468
435
438
475
509
507
445
310
120
-68
-199
-277
-294
-246
-156
-56
17
59
59
4
-106
-231
-341
-416
-462
-502
-546
-606
-665
-714
-779
-847
-893
-928
-958
-984
-1001
-1042
-1105
-1083
-858
-423
60
493
876
1093
1070
847
508
94
-378
-772
-959
-915
-686
-355
51
413
621
699
653
482
222
-2
-130
-187
-127
50
278
526
761
926
952
784
476
100
-292
-627
-850
-929
-890
-739
-458
-148
101
228
219
118
-62
-252
-411
-539
-594
-560
-440
-289
-157
-60
-21
-56
-159
-313
-485
-641
-744
-774
-712
-569
-385
-194
3
244
533
784
906
926
880
772
632
455
278
155
74
67
150
294
450
601
722
804
856
864
833
794
778
778
784
782
769
747
715
675
622
545
424
256
102
-5
-72
-89
-84
-51
13
64
87
79
44
-18
-103
-211
-320
-396
-444
-493
-537
-574
-595
-612
-664
-747
-847
-965
-1079
-1171
-1224
-1277
-1346
-1241
-864
-324
186
594
913
1058
998
758
420
14
-462
-855
-1029
-1006
-826
-490
-84
248
485
637
642
479
242
18
-182
-307
-295
-149
83
374
714
1010
1117
973
664
273
-171
-583
-905
-1097
-1129
-964
-626
-250
71
282
369
343
208
5
-240
-468
-608
-632
-565
-452
-304
-142
-9
60
47
-57
-247
-475
-674
-794
-820
-777
-653
-415
-50
364
715
940
1042
1038
914
679
398
141
-49
-149
-127
-6
184
409
612
769
864
888
835
739
637
553
520
545
618
719
817
888
917
896
792
603
389
186
22
-97
-157
-154
-89
17
117
190
217
188
120
37
-58
-160
-259
-337
-368
-370
-398
-465
-538
-603
-678
-786
-899
-1004
-1121
-1283
-1401
-1269
-860
-348
122
529
858
1048
1047
849
519
103
-362
-751
-971
-1017
-895
-624
-300
-10
246
428
485
427
306
135
-80
-267
-356
-301
-125
130
445
746
919
931
818
568
183
-249
-661
-993
-1185
-1193
-1023
-727
-385
-61
210
372
397
301
122
-108
-351
-541
-659
-683
-606
-465
-286
-107
32
80
26
-99
-280
-471
-638
-755
-773
-639
-355
-12
312
587
807
952
976
874
693
471
231
31
-83
-107
-40
94
262
439
607
732
783
777
734
671
588
499
456
479
539
617
702
769
784
749
666
524
343
153
-11
-124
-180
-185
-152
-94
-21
65
145
176
146
76
-26
-156
-288
-399
-463
-491
-522
-564
-611
-665
-748
-880
-1048
-1166
-1107
-846
-503
-168
177
508
729
804
792
708
502
229
-9
-202
-358
-420
-375
-310
-250
-142
-15
61
92
113
125
68
-39
-115
-136
-106
-5
172
342
457
563
642
627
510
343
133
-135
-407
-621
-767
-856
-883
-832
-729
-606
-479
-357
-264
-210
-184
-193
-238
-289
-322
-332
-324
-301
-268
-246
-249
-278
-320
-363
-413
-465
-493
-472
-383
-230
-76
32
129
236
314
361
405
425
413
405
397
372
360
376
387
383
386
393
393
388
388
402
415
414
420
460
510
552
601
642
650
636
613
574
517
449
382
328
284
234
195
171
140
113
110
108
96
93
101
90
74
59
30
-11
-56
-97
-135
-172
-210
-237
-266
-322
-394
-456
-494
-510
-503
-490
-486
-464
-420
-392
-382
-354
-323
-325
-335
-325
-310
-294
-256
-198
-148
-102
-47
16
60
80
88
72
28
-2
-1
12
22
47
108
180
244
297
341
353
332
307
272
203
116
48
-4
-52
-82
-90
-102
-124
-138
-141
-159
-188
-207
-219
-238
-259
-263
-266
-278
-292
-302
-326
-373
-422
-459
-496
-527
-527
-500
-482
-471
-438
-392
-351
-302
-234
-166
-109
-45
29
87
136
192
242
275
292
303
311
313
315
322
332
354
390
442
494
539
587
632
670
711
754
779
778
773
770
751
706
653
602
550
495
441
383
316
249
193
145
105
77
55
24
-23
-70
-115
-164
-223
-274
-314
-363
-426
-493
-557
-608
-623
-606
-595
-605
-609
-593
-588
-597
-583
-553
-545
-541
-494
-427
-380
-326
-240
-161
-110
-56
6
50
86
141
193
210
220
252
288
295
286
291
311
339
374
414
443
447
452
475
489
463
408
343
269
181
99
27
-37
-86
-108
-115
-127
-147
-170
-201
-251
-312
-370
-430
-484
-521
-541
-550
-552
-552
-562
-579
-590
-587
-583
-595
-608
-593
-558
-517
-464
-403
-350
-302
-252
-200
-144
-73
3
81
155
230
303
357
392
424
447
448
439
446
472
502
528
561
603
650
686
705
712
714
720
729
723
699
672
637
589
536
481
424
356
291
242
201
155
112
69
14
-41
-88
-133
-181
-224
-264
-307
-356
-401
-435
-457
-464
-450
-432
-434
-449
-463
-485
-531
-570
-575
-578
-587
-566
-497
-415
-340
-256
-165
-96
-36
37
104
138
148
168
184
176
172
195
214
223
256
314
355
380
419
466
488
481
476
465
433
400
373
334
266
200
152
94
17
-41
-72
-104
-137
-162
-185
-213
-239
-261
-301
-365
-434
-484
-514
-540
-557
-563
-573
-582
-568
-542
-535
-541
-549
-563
-568
-561
-537
-498
-457
-402
-343
-289
-236
-177
-111
-48
4
61
125
192
265
324
360
377
384
395
406
409
419
441
471
520
567
599
627
657
679
690
684
658
619
582
550
520
479
437
394
353
319
276
223
167
124
79
32
-14
-48
-86
-129
-166
-212
-270
-323
-369
-419
-446
-423
-388
-390
-406
-393
-397
-455
-513
-539
-565
-609
-605
-549
-474
-385
-274
-154
-56
29
109
178
218
235
238
205
156
132
160
195
209
243
309
383
434
469
499
508
494
490
493
474
443
432
422
381
318
256
187
106
39
-16
-75
-135
-178
-200
-222
-239
-264
-302
-345
-391
-441
-498
-554
-601
-625
-631
-640
-646
-623
-576
-559
-577
-592
-587
-581
-583
-561
-528
-498
-442
-366
-297
-238
-173
-94
-32
21
76
127
177
231
301
351
378
395
420
442
443
445
460
502
547
585
615
626
643
661
667
647
599
570
548
522
486
425
382
347
313
275
225
184
156
134
111
61
3
-50
-103
-157
-219
-274
-322
-367
-399
-422
-465
-490
-463
-417
-412
-438
-438
-435
-460
-497
-493
-490
-513
-490
-430
-369
-321
-245
-123
-41
20
103
189
247
288
325
323
288
284
326
344
317
319
371
438
483
507
531
532
532
548
533
486
441
431
425
374
311
243
179
120
70
20
-45
-103
-142
-165
-207
-273
-337
-389
-427
-470
-513
-557
-586
-592
-588
-589
-607
-616
-601
-572
-568
-607
-631
-621
-604
-592
-579
-549
-504
-435
-357
-282
-224
-160
-87
-27
27
73
129
196
264
331
382
404
415
432
448
447
434
427
448
479
506
529
556
597
634
654
649
621
598
570
522
449
376
321
282
253
221
190
166
153
131
95
42
-28
-96
-162
-218
-276
-336
-372
-388
-389
-396
-420
-458
-492
-495
-472
-458
-479
-482
-453
-428
-431
-431
-396
-363
-357
-350
-317
-280
-231
-144
-53
7
61
152
251
302
343
383
382
367
376
405
402
385
411
466
499
520
543
552
548
540
533
494
435
404
387
343
268
209
170
135
94
48
1
-50
-87
-121
-181
-253
-317
-367
-421
-479
-526
-562
-588
-594
-597
-608
-626
-637
-641
-648
-648
-645
-643
-628
-584
-539
-510
-477
-424
-368
-329
-293
-262
-230
-183
-121
-49
21
99
188
279
344
391
429
449
454
459
465
461
461
478
511
547
586
625
656
676
679
676
657
625
584
540
493
437
385
339
296
256
214
172
128
84
35
-21
-82
-133
-177
-219
-252
-282
-302
-324
-366
-410
-461
-509
-555
-613
-668
-697
-681
-630
-587
-558
-513
-451
-414
-398
-379
-357
-348
-345
-312
-257
-196
-114
-9
91
168
241
312
367
408
441
450
436
434
471
512
524
530
564
604
616
603
577
549
529
512
493
451
406
375
341
289
226
162
100
41
-16
-68
-118
-173
-225
-268
-314
-370
-425
-471
-505
-535
-570
-606
-634
-659
-672
-686
-710
-724
-714
-688
-657
-617
-569
-519
-472
-433
-407
-387
-357
-315
-278
-245
-189
-109
-23
69
158
237
302
359
411
449
474
497
519
533
543
567
592
612
630
648
666
669
660
655
645
619
592
569
547
511
471
430
376
315
258
202
133
65
11
-41
-87
-122
-141
-155
-175
-200
-229
-262
-300
-344
-395
-439
-478
-516
-547
-567
-585
-603
-612
-607
-582
-536
-483
-443
-414
-375
-323
-277
-241
-204
-170
-145
-117
-77
-28
13
57
112
161
203
261
331
393
432
454
471
470
470
476
470
443
425
438
462
464
454
445
433
412
385
345
281
213
166
125
63
-1
-46
-79
-116
-152
-191
-227
-260
-286
-317
-361
-408
-445
-470
-492
-522
-552
-573
-576
-565
-555
-552
-549
-537
-513
-486
-472
-466
-438
-387
-341
-304
-261
-203
-143
-79
-13
37
68
106
144
172
203
248
297
339
382
425
470
510
550
580
588
576
564
564
569
565
551
538
543
551
552
539
512
484
460
423
368
306
252
207
170
130
86
49
21
-3
-35
-69
-105
-142
-184
-226
-267
-307
-337
-362
-387
-407
-418
-425
-432
-439
-449
-465
-479
-484
-479
-476
-471
-455
-418
-364
-321
-304
-285
-246
-214
-196
-181
-171
-161
-138
-109
-90
-72
-32
21
64
102
148
200
247
297
337
347
337
339
348
332
297
265
245
233
231
225
201
181
182
189
176
135
93
70
46
17
-19
-66
-105
-121
-134
-167
-209
-243
-258
-269
-287
-311
-329
-336
-336
-333
-342
-358
-363
-352
-338
-334
-330
-319
-293
-263
-238
-222
-213
-192
-149
-103
-81
-67
-29
23
58
84
120
149
176
213
245
265
290
337
382
410
441
484
517
540
560
570
561
545
542
542
529
499
475
463
457
440
411
388
375
360
345
321
285
253
230
201
155
108
76
49
23
-4
-31
-59
-88
-114
-137
-162
-186
-204
-217
-232
-244
-248
-250
-259
-263
-270
-288
-312
-330
-342
-360
-379
-387
-391
-397
-393
-379
-364
-339
-312
-300
-301
-290
-274
-263
-251
-224
-201
-196
-187
-172
-169
-162
-136
-110
-103
-91
-57
-20
3
30
51
46
31
29
30
15
-5
-8
2
4
11
28
38
41
48
58
49
30
22
10
-15
-40
-56
-72
-84
-85
-80
-86
-92
-89
-83
-81
-81
-79
-83
-90
-88
-86
-94
-100
-99
-95
-90
-84
-77
-68
-52
-32
-14
-4
18
52
83
97
115
152
184
195
205
222
227
230
241
255
262
274
300
323
342
367
397
420
430
436
437
423
405
402
398
379
359
351
360
366
362
352
346
342
332
313
284
249
222
201
173
140
114
93
72
52
31
11
-7
-21
-38
-58
-77
-94
-108
-116
-124
-138
-155
-168
-176
-192
-215
-240
-261
-273
-278
-289
-308
-323
-327
-330
-340
-355
-369
-379
-394
-422
-441
-433
-419
-418
-424
-422
-416
-412
-406
-400
-402
-403
-403
-399
-389
-369
-342
-312
-280
-253
-228
-202
-175
-153
-136
-120
-115
-118
-105
-77
-62
-57
-36
-4
20
43
68
87
101
124
149
157
156
166
180
180
179
183
188
190
189
190
191
190
189
197
205
211
213
219
223
225
220
204
188
179
173
160
142
131
129
137
144
139
129
130
135
128
113
105
101
91
86
85
85
85
96
109
118
127
139
150
161
172
181
182
178
179
188
191
186
185
195
214
230
238
247
260
270
276
274
267
265
269
270
259
249
249
252
246
234
220
205
187
172
157
137
115
101
89
74
54
28
-3
-35
-65
-98
-138
-174
-199
-225
-255
-289
-321
-343
-361
-393
-439
-485
-526
-557
-590
-625
-653
-676
-694
-701
-703
-714
-729
-729
-715
-708
-709
-705
-694
-683
-663
-628
-593
-565
-523
-476
-442
-405
-349
-289
-235
-180
-129
-91
-44
23
90
140
177
215
256
300
347
382
407
437
477
508
529
547
560
572
582
584
575
566
559
550
537
519
497
472
453
433
399
358
321
291
260
223
182
140
107
82
53
16
-20
-50
-69
-88
-110
-131
-146
-153
-159
-170
-178
-186
-189
-187
-180
-171
-155
-130
-101
-71
-40
-9
24
60
92
116
140
162
187
216
243
268
300
339
376
404
428
449
471
485
494
492
486
486
490
485
469
453
440
426
405
381
353
321
288
256
218
174
128
86
39
-12
-66
-123
-175
-226
-275
-325
-376
-416
-452
-491
-533
-574
-613
-650
-686
-724
-758
-787
-809
-818
-822
-827
-830
-825
-817
-813
-807
-800
-786
-769
-745
-718
-690
-650
-601
-552
-505
-460
-415
-371
-323
-280
-244
-200
-144
-84
-25
34
90
145
200
246
284
316
350
379
408
444
473
496
522
552
575
584
591
593
593
588
574
552
530
514
500
480
455
432
408
384
358
319
279
240
207
176
143
108
75
48
30
8
-19
-42
-63
-80
-92
-99
-108
-121
-127
-121
-117
-120
-119
-110
-98
-85
-71
-55
-35
-9
22
43
60
85
120
144
160
181
206
227
247
268
289
307
322
343
369
385
395
403
413
420
418
410
398
383
370
356
331
302
280
263
237
205
175
144
111
75
35
-9
-54
-100
-145
-187
-231
-273
-315
-352
-384
-419
-452
-483
-515
-545
-572
-600
-626
-643
-655
-667
-674
-680
-677
-672
-665
-661
-653
-644
-634
-614
-592
-571
-543
-503
-464
-427
-387
-348
-315
-280
-246
-221
-192
-155
-118
-85
-48
-5
38
79
115
147
177
201
220
239
254
264
275
291
304
320
335
345
348
358
367
362
348
339
334
323
308
305
300
290
284
281
269
253
243
226
203
179
163
145
123
112
109
98
86
81
80
71
59
48
38
28
18
13
13
11
15
24
33
39
49
56
56
57
63
68
71
78
90
103
116
131
145
154
164
171
178
181
180
177
178
177
177
177
178
181
186
188
185
179
173
167
155
139
122
107
94
83
72
59
46
34
21
5
-13
-34
-56
-78
-99
-120
-143
-162
-176
-190
-203
-218
-233
-248
-261
-279
-298
-315
-331
-344
-355
-360
-360
-358
-358
-357
-358
-359
-359
-360
-363
-364
-356
-347
-335
-322
-305
-284
-261
-240
-224
-211
-197
-181
-163
-150
-138
-120
-98
-74
-53
-33
-14
6
27
43
53
59
70
83
95
104
112
122
136
148
158
159
159
162
167
170
168
168
170
174
177
177
177
178
179
178
175
170
163
157
152
153
150
143
137
134
133
126
117
110
104
95
87
79
71
66
64
60
57
55
53
49
46
43
42
41
35
30
29
32
31
28
27
29
34
40
46
47
50
56
63
66
68
68
67
67
69
69
69
69
72
77
81
82
80
80
83
86
84
77
73
71
69
63
55
51
48
42
34
22
12
4
-1
-9
-18
-26
-34
-42
-52
-62
-76
-88
-99
-108
-116
-127
-136
-142
-148
-154
-161
-168
-172
-175
-179
-187
-196
-198
-197
-195
-194
-193
-191
-184
-176
-170
-163
-160
-156
-149
-137
-127
-117
-104
-87
-72
-59
-49
-37
-24
-12
1
12
23
31
41
51
60
67
76
84
92
97
103
107
109
111
112
107
100
96
96
96
93
85
77
69
63
54
47
39
29
19
13
8
-2
-11
-20
-31
-41
-53
-59
-65
-70
-73
-78
-83
-87
-87
-86
-84
-85
-83
-81
-77
-73
-69
-64
-61
-55
-47
-38
-28
-17
-7
1
7
16
25
34
42
50
59
67
76
83
93
101
107
114
119
124
128
132
134
134
133
134
135
135
134
132
130
129
129
124
117
109
102
97
90
79
70
63
55
48
40
31
21
14
7
0
-8
-18
-26
-32
-38
-44
-49
-52
-57
-61
-67
-71
-72
-75
-78
-81
-83
-83
-79
-76
-73
-70
-67
-66
-60
-55
-54
-55
-53
-49
-45
-40
-35
-27
-18
-11
-4
4
14
20
24
26
28
30
33
35
37
39
42
44
47
49
50
48
45
43
41
38
31
26
23
18
11
1
-7
-13
-22
-32
-43
-55
-65
-75
-86
-95
-104
-113
-118
-125
-131
-139
-149
-155
-161
-167
-173
-178
-178
-175
-173
-170
-166
-161
-153
-148
-142
-136
-130
-121
-113
-104
-97
-87
-75
-60
-43
-29
-17
-2
12
26
37
44
53
64
76
87
97
110
120
130
138
144
151
156
160
163
164
165
166
168
169
171
171
168
165
163
159
155
147
141
135
130
124
118
112
107
100
94
87
81
74
67
60
52
46
40
36
32
29
27
25
25
25
23
20
17
16
17
16
15
14
16
18
22
25
28
32
34
35
36
36
36
35
34
33
30
29
31
32
31
30
28
25
22
18
13
7
1
-5
-10
-15
-22
-29
-36
-43
-49
-56
-63
-70
-78
-84
-91
-97
-103
-108
-113
-119
-126
-132
-139
-144
-152
-158
-164
-168
-169
-171
-170
-169
-170
-167
-167
-168
-167
-165
-164
-162
-160
-159
-154
-151
-146
-142
-136
-132
-126
-118
-110
-102
-96
-88
-82
-74
-69
-63
-59
-54
-49
-43
-37
-29
-22
-14
-7
0
10
19
28
35
41
47
49
53
58
63
68
72
77
82
88
93
101
107
112
116
118
124
126
129
133
132
133
134
137
140
144
149
153
155
158
161
163
164
165
164
165
165
165
166
166
164
163
160
158
156
154
151
148
145
141
138
135
130
125
119
112
105
100
95
88
80
73
65
58
51
44
36
28
19
10
3
-5
-13
-21
-29
-37
-46
-50
-56
-60
-64
-70
-76
-83
-88
-93
-95
-101
-106
-110
-115
-118
-118
-120
-121
-124
-127
-130
-131
-131
-133
-135
-136
-139
-140
-142
-140
-140
-140
-140
-140
-138
-138
-136
-137
-139
-142
-145
-146
-148
-149
-150
-148
-147
-146
-142
-137
-134
-134
-134
-132
-131
-130
-129
-126
-121
-118
-112
-107
-101
-93
-85
-76
-67
-59
-50
-43
-34
-25
-14
-8
0
9
19
30
41
51
60
70
80
88
99
108
117
123
128
137
144
151
156
160
165
171
175
181
184
189
190
193
194
194
193
193
189
185
184
177
175
168
167
162
154
152
142
139
133
122
116
104
103
88
84
75
66
65
53
54
41
44
35
30
27
18
16
7
7
-2
-4
-8
-15
-16
-23
-23
-29
-31
-34
-36
-37
-41
-42
-46
-46
-49
-52
-55
-57
-58
-60
-60
-62
-61
-63
-62
-63
-63
-65
-67
-69
-73
-75
-79
-81
-84
-87
-90
-92
-96
-99
-101
-106
-107
-114
-117
-120
-122
-122
-127
-125
-126
-127
-128
-128
-131
-130
-132
-134
-132
-131
-127
-127
-122
-118
-115
-110
-107
-101
-99
-94
-90
-85
-79
-74
-65
-58
-52
-43
-35
-25
-15
-8
-1
7
13
20
27
36
44
54
63
71
81
89
95
103
108
112
118
123
126
131
135
136
139
144
144
149
148
145
145
141
140
135
132
133
124
126
119
114
115
105
106
96
93
86
79
77
65
65
57
48
53
38
41
38
28
31
21
22
15
11
13
0
5
-3
-6
-3
-10
-6
-9
-10
-8
-13
-11
-14
-14
-14
-15
-14
-12
-13
-9
-11
-10
-8
-9
-6
-8
-7
-7
-9
-9
-10
-10
-14
-16
-20
-24
-27
-28
-34
-35
-40
-45
-46
-53
-51
-62
-59
-65
-71
-67
-80
-76
-86
-88
-91
-96
-93
-99
-97
-102
-103
-100
-103
-99
-101
-99
-96
-98
-93
-92
-88
-84
-81
-75
-70
-65
-61
-53
-49
-42
-33
-27
-19
-11
-5
3
10
17
25
33
37
43
50
56
62
67
75
79
87
89
94
100
100
104
104
104
107
105
106
103
103
102
99
99
94
92
87
81
76
72
66
60
54
48
42
35
28
21
16
8
4
-4
-9
-11
-21
-20
-26
-28
-29
-36
-38
-41
-45
-44
-48
-46
-44
-46
-42
-45
-40
-39
-38
-31
-32
-26
-23
-18
-12
-9
-6
-2
2
5
9
13
19
19
26
26
28
32
27
33
28
30
32
26
31
25
25
22
17
16
9
8
0
-8
-10
-21
-24
-32
-40
-45
-55
-59
-66
-73
-78
-84
-87
-92
-94
-98
-100
-102
-102
-103
-105
-104
-106
-102
-101
-100
-95
-93
-89
-83
-77
-68
-59
-51
-39
-31
-21
-10
-2
11
18
30
36
45
54
59
70
75
83
92
95
104
106
113
115
118
122
118
121
119
118
117
113
111
104
100
95
86
81
71
66
57
48
42
31
25
15
7
0
-9
-15
-24
-31
-38
-44
-50
-57
-59
-62
-66
-67
-71
-69
-72
-72
-70
-71
-67
-67
-61
-56
-52
-46
-41
-33
-29
-23
-17
-9
-5
1
7
14
21
26
33
39
43
48
54
57
62
62
64
65
67
65
64
63
60
59
56
56
54
51
46
42
37
32
25
18
13
5
-2
-9
-13
-20
-27
-30
-37
-41
-47
-51
-55
-61
-62
-67
-69
-71
-74
-72
-75
-73
-73
-73
-69
-70
-65
-65
-62
-56
-54
-46
-44
-35
-29
-24
-16
-10
-4
2
7
14
20
26
33
38
44
48
52
57
60
64
66
68
72
72
73
74
72
73
71
70
68
63
61
55
52
49
43
39
32
29
22
16
12
4
0
-7
-13
-18
-26
-29
-35
-40
-42
-50
-50
-55
-58
-61
-64
-63
-66
-64
-65
-64
-63
-62
-58
-59
-56
-53
-50
-45
-41
-36
-32
-27
-21
-18
-13
-9
-4
3
6
12
15
19
23
28
32
32
35
38
38
39
37
40
40
41
40
39
38
34
32
29
26
24
20
17
14
9
4
0
-5
-9
-12
-16
-19
-23
-26
-29
-32
-33
-36
-36
-39
-43
-43
-44
-45
-43
-44
-43
-41
-42
-38
-38
-34
-31
-26
-22
-18
-15
-10
-7
-4
1
4
9
14
18
23
29
33
39
44
47
51
54
57
60
61
64
67
69
70
70
68
67
65
64
64
61
60
57
54
51
47
43
39
35
30
26
21
15
12
8
3
-1
-7
-10
-15
-19
-21
-26
-28
-31
-34
-35
-38
-39
-40
-40
-41
-41
-41
-41
-41
-41
-39
-37
-38
-33
-34
-32
-30
-30
-26
-25
-23
-22
-18
-16
-14
-12
-11
-9
-8
-7
-4
-3
-1
-1
2
2
2
2
2
1
-1
-2
-3
-5
-7
-9
-11
-14
-17
-19
-22
-26
-29
-32
-33
-37
-39
-44
-46
-47
-50
-51
-53
-53
-53
-55
-56
-57
-56
-54
-53
-50
-47
-45
-40
-37
-32
-27
-23
-16
-11
-4
3
8
14
19
25
31
36
42
47
53
59
62
67
71
75
79
82
83
85
86
87
87
88
86
85
85
82
80
76
75
71
68
64
59
55
51
47
42
37
32
27
21
19
13
7
2
-2
-6
-8
-12
-15
-18
-22
-24
-26
-28
-29
-31
-30
-32
-33
-31
-31
-29
-26
-26
-24
-22
-19
-17
-15
-13
-9
-6
-3
-1
1
2
6
7
10
11
12
13
12
13
13
12
12
11
9
7
3
0
-3
-6
-10
-14
-18
-24
-28
-33
-37
-41
-46
-50
-56
-61
-66
-69
-71
-73
-77
-81
-84
-85
-86
-86
-88
-88
-89
-86
-86
-84
-81
-79
-75
-70
-65
-62
-59
-52
-48
-41
-34
-28
-21
-14
-5
0
8
14
20
28
33
40
48
53
60
67
73
78
82
85
87
91
94
95
97
98
100
100
101
99
97
94
92
90
87
82
79
76
73
69
63
57
53
49
44
40
34
28
22
19
15
10
5
1
-2
-5
-7
-9
-12
-13
-15
-17
-17
-18
-18
-18
-17
-16
-14
-12
-11
-8
-8
-7
-5
-3
0
3
5
7
9
11
12
12
13
12
14
15
16
15
15
14
13
13
10
8
4
1
-2
-5
-8
-13
-16
-23
-28
-34
-38
-44
-49
-53
-59
-63
-68
-73
-76
-83
-86
-90
-95
-99
-103
-104
-106
-108
-110
-111
-111
-111
-111
-110
-108
-105
-103
-99
-95
-89
-84
-79
-72
-67
-60
-52
-44
-36
-30
-22
-15
-8
1
7
16
24
31
39
46
53
60
66
70
75
79
84
88
93
95
98
99
101
101
102
101
99
99
96
95
92
88
83
78
76
71
66
61
56
51
45
39
35
29
25
20
16
13
9
7
4
1
-1
-4
-6
-6
-7
-6
-5
-5
-5
-3
-1
0
2
6
8
12
15
20
24
29
33
36
40
43
45
47
50
53
55
58
58
59
59
58
59
57
57
53
50
49
46
42
37
31
25
20
14
8
0
-7
-14
-21
-30
-39
-46
-55
-62
-70
-78
-84
-89
-96
-103
-107
-112
-117
-121
-124
-127
-128
-129
-129
-131
-131
-132
-130
-128
-124
-119
-114
-109
-104
-98
-91
-83
-77
-71
-63
-54
-44
-34
-26
-17
-9
-2
7
15
23
32
40
49
56
62
68
70
73
77
80
84
87
89
89
90
90
90
87
85
82
80
78
76
71
66
61
56
50
46
42
37
31
25
20
15
10
5
-1
-5
-10
-12
-15
-18
-19
-21
-24
-26
-27
-27
-29
-26
-25
-21
-20
-18
-17
-14
-10
-8
-4
-1
4
9
12
16
20
23
26
30
34
38
42
46
48
50
51
53
54
54
54
53
53
52
51
49
46
43
40
36
33
29
24
19
13
6
0
-6
-12
-18
-25
-30
-37
-43
-49
-55
-62
-68
-73
-78
-83
-87
-90
-94
-97
-99
-101
-103
-104
-105
-106
-105
-105
-103
-101
-98
-95
-92
-88
-83
-80
-74
-69
-62
-57
-51
-43
-38
-31
-25
-18
-11
-4
3
9
16
22
29
34
39
44
48
52
57
60
64
68
69
72
74
73
75
76
75
74
73
71
71
69
67
64
61
57
56
52
48
43
41
36
31
27
25
21
18
15
12
9
6
5
3
1
0
-1
-4
-4
-4
-3
-2
-2
-1
-1
1
3
4
5
7
10
11
14
18
20
22
25
27
28
32
33
35
36
38
39
39
40
41
42
41
39
38
37
35
33
32
29
26
23
19
16
13
9
5
1
-3
-7
-11
-16
-21
-26
-29
-34
-39
-41
-44
-48
-51
-56
-58
-60
-62
-63
-64
-66
-66
-67
-68
-66
-63
-63
-62
-60
-59
-56
-55
-54
-50
-49
-45
-42
-40
-37
-35
-32
-29
-25
-24
-22
-20
-17
-17
-13
-12
-10
-7
-5
-3
-2
0
2
4
5
6
7
8
9
10
12
12
14
15
16
17
18
18
18
19
18
18
19
19
19
21
21
21
22
22
22
21
21
22
22
22
23
24
24
26
26
27
27
27
28
28
28
29
28
27
29
28
28
28
26
26
26
25
23
22
20
20
19
19
17
15
13
11
10
8
7
6
5
2
0
-1
-4
-5
-5
-7
-8
-11
-13
-13
-14
-17
-16
-17
-18
-19
-20
-20
-19
-21
-21
-21
-21
-20
-20
-19
-19
-19
-19
-18
-16
-16
-13
-12
-11
-11
-8
-9
-7
-5
-3
-1
-2
0
1
2
3
4
5
4
6
6
6
7
7
5
8
7
6
5
4
2
1
0
-1
-3
-4
-4
-5
-7
-8
-10
-10
-13
-16
-18
-18
-20
-20
-21
-21
-22
-23
-23
-25
-24
-25
-24
-23
-22
-22
-20
-19
-17
-15
-13
-10
-9
-7
-3
-2
2
7
11
13
17
20
22
26
29
33
34
37
39
41
43
44
45
47
48
50
50
49
48
48
46
45
44
43
41
38
35
33
29
25
23
18
15
11
7
3
0
-5
-9
-13
-17
-21
-25
-28
-30
-34
-37
-40
-42
-44
-46
-47
-49
-50
-49
-50
-50
-49
-48
-46
-45
-43
-41
-39
-36
-31
-29
-25
-22
-18
-15
-12
-6
-4
0
5
9
13
17
21
25
28
29
34
35
37
39
41
41
43
44
43
43
43
42
40
39
38
35
31
29
26
22
19
14
11
7
2
-2
-6
-11
-14
-18
-21
-25
-31
-34
-37
-40
-44
-46
-49
-49
-52
-54
-56
-55
-56
-54
-54
-53
-51
-50
-47
-44
-40
-37
-32
-28
-23
-19
-15
-10
-6
0
5
10
15
21
23
29
32
36
41
44
49
52
54
58
61
62
63
64
64
66
63
64
62
59
56
53
52
47
44
39
35
30
24
19
14
9
3
-2
-8
-14
-18
-23
-28
-33
-38
-42
-46
-48
-51
-55
-57
-58
-59
-61
-61
-62
-61
-59
-57
-56
-55
-52
-49
-45
-43
-39
-36
-31
-27
-23
-18
-12
-8
-3
2
9
14
18
22
26
32
37
41
42
47
51
53
55
57
56
58
58
58
57
55
53
51
49
47
42
39
35
30
25
21
17
13
9
3
-1
-4
-10
-16
-20
-24
-30
-33
-35
-41
-45
-47
-49
-53
-53
-55
-55
-55
-56
-56
-54
-51
-49
-47
-44
-40
-38
-32
-30
-27
-22
-18
-16
-11
-7
-3
1
5
9
13
17
21
25
29
31
35
39
42
45
46
48
49
50
52
53
55
54
53
52
52
50
47
45
42
38
35
31
27
24
19
15
11
8
4
0
-3
-8
-10
-14
-18
-21
-25
-29
-32
-35
-38
-41
-44
-47
-48
-49
-50
-52
-51
-50
-49
-48
-47
-45
-43
-41
-37
-34
-32
-28
-26
-22
-19
-14
-11
-6
-3
1
6
10
15
19
23
26
29
32
35
38
40
41
43
43
44
44
43
43
43
42
40
39
37
35
33
31
27
23
20
16
11
7
3
-1
-5
-9
-13
-16
-18
-21
-25
-28
-30
-32
-36
-37
-39
-40
-41
-42
-42
-42
-42
-39
-40
-38
-35
-34
-31
-27
-25
-22
-20
-18
-13
-9
-6
-1
3
8
10
13
17
21
23
25
26
29
32
34
36
37
38
39
38
39
38
38
37
36
34
33
31
28
24
22
19
17
14
12
9
5
1
-2
-5
-9
-12
-14
-17
-19
-22
-24
-26
-28
-30
-32
-34
-34
-35
-35
-34
-33
-34
-33
-31
-31
-28
-27
-25
-23
-21
-18
-15
-14
-11
-9
-7
-4
-1
2
4
7
9
11
12
14
16
17
19
21
22
22
23
22
23
22
21
22
20
20
19
18
16
15
14
12
10
9
7
5
3
0
-1
-3
-5
-7
-9
-10
-12
-13
-14
-15
-16
-16
-18
-18
-17
-17
-16
-17
-16
-15
-14
-13
-12
-11
-11
-8
-7
-6
-5
-4
-1
1
3
5
6
7
8
10
11
11
13
15
17
18
18
20
19
20
21
18
20
19
21
20
21
20
19
18
17
16
15
12
11
10
9
7
7
6
3
3
2
1
0
-4
-5
-7
-7
-7
-9
-10
-11
-11
-12
-13
-11
-12
-12
-12
-12
-12
-11
-9
-10
-9
-8
-8
-8
-8
-6
-5
-6
-6
-5
-5
-4
-2
-1
0
1
1
2
2
3
3
4
5
4
5
4
5
5
5
4
4
3
4
4
4
3
3
2
2
1
0
0
-1
-2
-1
-3
-3
-5
-6
-7
-7
-6
-7
-6
-7
-6
-7
-6
-6
-6
-5
-5
-5
-5
-5
-5
-4
-4
-4
-4
-3
-4
-4
-4
-2
-2
-1
0
0
0
1
2
2
3
2
4
4
4
5
4
4
4
4
2
3
2
3
3
1
2
2
2
2
1
0
0
0
0
-1
0
-1
0
0
0
0
-1
-1
0
-1
0
-1
-2
-1
-2
-3
-3
-3
-3
-3
-3
-3
-2
-3
-2
-2
-1
-1
1
1
0
0
2
2
3
2
3
2
3
3
3
3
2
3
3
3
3
3
4
4
3
2
3
3
3
1
0
0
-1
0
-1
-1
-2
-1
-2
-1
-2
-2
-4
-2
-3
-4
-3
-4
-4
-5
-6
-6
-5
-6
-6
-7
