1
-1
-4
-5
-3
0
3
4
4
1
-3
-5
-6
-5
-2
2
4
5
3
-1
-5
-7
-7
-5
0
5
6
5
1
-4
-6
-6
-4
0
5
6
6
2
-3
-5
-6
-4
-1
2
6
4
2
0
-3
-4
-5
-1
3
4
4
4
2
0
-3
-4
-4
1
5
6
5
4
2
0
-1
-2
-2
0
1
3
4
5
2
-1
-1
-2
-3
-2
0
3
5
5
3
1
-3
-4
-2
0
2
3
5
4
1
-1
-4
-5
-4
-1
2
5
5
4
1
-4
-7
-7
-4
0
3
7
7
2
-3
-8
-8
-6
-1
3
6
6
3
-2
-5
-8
-7
-4
-1
4
4
1
-4
-7
-7
-6
-4
-3
-1
0
0
-2
-2
-4
-5
-4
-3
-2
0
0
-1
-2
-2
-2
-2
-3
-3
-3
-3
-3
-3
-4
-3
-1
-1
-2
-2
-3
-3
-3
-2
0
1
1
0
-1
1
0
0
2
2
1
1
-1
-3
-3
-2
0
0
0
-2
-3
-3
-2
-1
0
3
4
4
5
4
2
3
5
8
9
10
9
7
5
3
2
1
0
0
1
1
-1
-3
-6
-6
-6
-3
-1
0
1
3
3
2
1
2
1
5
8
12
12
11
10
6
2
2
2
4
7
9
9
5
1
-5
-7
-6
-3
1
5
6
5
0
-4
-6
-4
1
6
11
13
10
7
2
-3
-2
1
7
11
12
10
5
-5
-10
-11
-9
-4
1
5
3
-2
-10
-15
-18
-15
-8
2
7
7
4
0
-6
-9
-7
-2
4
8
8
4
-2
-5
-8
-6
-4
-2
-1
-2
-5
-9
-11
-13
-11
-10
-5
-2
-2
-4
-6
-5
-6
-1
3
5
6
4
2
1
1
1
2
3
4
2
-2
-5
-5
-6
-5
-4
-4
-6
-6
-7
-6
-4
-1
1
3
2
0
0
-1
-1
3
8
8
8
5
1
-2
-5
-4
-1
4
5
4
1
-4
-8
-9
-7
-2
4
7
7
6
2
-2
-4
0
6
12
15
14
9
2
-1
-2
1
4
8
10
8
4
0
-5
-6
-5
2
6
9
9
8
6
2
1
1
6
12
13
11
9
6
3
2
4
3
1
0
3
3
1
-1
-5
-7
-7
-5
-5
-4
-1
1
0
0
-1
-7
-10
-5
-2
-5
-3
0
-1
-4
-8
-13
-17
-15
-13
-16
-15
-16
-20
-23
-20
-19
-23
-24
-18
-20
-24
-23
-20
-18
-19
-19
-19
-17
-17
-20
-22
-21
-20
-20
-22
-22
-22
-21
-18
-18
-20
-22
-20
-18
-15
-12
-11
-11
-9
-6
-6
-6
-7
-7
-1
4
10
7
3
-1
0
5
6
6
5
6
10
15
14
12
11
13
17
22
26
27
26
28
33
38
41
42
43
45
47
47
46
42
45
50
56
61
60
58
51
50
51
54
57
58
61
64
65
64
59
53
49
50
54
62
64
60
52
44
37
35
34
34
35
35
30
19
9
3
0
0
-1
1
-1
-12
-23
-32
-34
-31
-34
-33
-27
-28
-37
-49
-60
-69
-68
-61
-47
-44
-49
-50
-59
-73
-90
-101
-102
-93
-74
-65
-66
-78
-89
-103
-112
-117
-111
-97
-77
-60
-66
-70
-81
-84
-87
-79
-59
-46
-32
-33
-35
-45
-52
-50
-44
-40
-38
-31
-32
-31
-39
-49
-52
-45
-26
-17
-12
-12
-11
-10
-6
1
10
27
46
64
78
84
82
81
82
92
100
110
123
133
139
137
127
118
106
102
103
109
116
117
114
101
83
68
63
64
66
76
87
92
88
78
70
67
66
77
85
95
97
93
86
74
66
55
47
41
32
27
18
8
-7
-19
-29
-37
-39
-40
-41
-47
-51
-55
-59
-55
-55
-52
-54
-55
-53
-60
-54
-52
-51
-55
-60
-62
-76
-82
-92
-104
-113
-121
-124
-133
-140
-152
-156
-158
-169
-182
-198
-206
-206
-198
-184
-185
-193
-210
-228
-249
-268
-279
-297
-290
-270
-168
-27
104
142
60
-38
-115
-87
-21
78
198
324
475
509
399
151
-67
-79
79
304
405
361
250
148
69
-58
-223
-334
-290
-104
82
113
-16
-191
-283
-260
-205
-158
-135
-67
66
175
205
111
-10
-66
-24
90
180
219
225
238
258
256
228
162
98
75
100
158
207
220
208
192
180
160
131
98
102
149
221
299
316
289
221
171
167
159
181
198
230
266
260
235
161
86
51
35
51
58
59
47
4
-41
-106
-162
-196
-210
-196
-183
-171
-174
-187
-190
-203
-213
-201
-188
-171
-143
-108
-80
-81
-91
-101
-103
-90
-96
-93
-73
-60
-42
-47
-60
-92
-122
-139
-154
-163
-167
-156
-148
-150
-167
-185
-193
-188
-189
-201
-219
-229
-218
-189
-164
-163
-179
-182
-167
-150
-147
-161
-162
-135
-101
-76
-74
-75
-76
-63
-43
-33
-40
-45
-34
-11
10
7
-11
-26
-24
-14
-3
1
2
11
23
26
15
-2
-9
1
24
50
63
67
67
72
77
71
75
83
106
128
139
141
133
128
124
124
127
126
130
141
149
160
160
156
154
155
170
183
202
206
207
205
198
202
211
225
240
246
248
247
243
236
224
219
216
221
224
213
199
184
173
166
156
143
129
117
113
112
104
87
70
58
54
49
35
13
-4
-8
-6
-10
-27
-46
-58
-63
-67
-76
-90
-104
-108
-105
-110
-130
-157
-174
-173
-166
-168
-177
-193
-206
-213
-218
-226
-237
-244
-243
-237
-234
-236
-245
-254
-255
-251
-245
-239
-242
-238
-229
-215
-200
-191
-193
-203
-207
-201
-185
-171
-165
-168
-170
-169
-168
-169
-174
-178
-177
-168
-161
-159
-163
-166
-162
-150
-135
-128
-131
-129
-120
-101
-81
-63
-45
-28
-4
21
40
46
47
55
74
100
129
153
169
178
178
176
179
185
198
214
228
234
233
229
228
231
234
236
237
238
240
242
242
244
246
251
253
250
244
240
239
240
242
244
244
243
242
236
222
207
198
199
205
205
193
174
151
133
121
111
108
106
103
93
77
61
48
40
32
25
23
29
36
42
32
11
-7
-19
-17
-12
-12
-18
-26
-35
-46
-62
-87
-107
-115
-117
-117
-130
-145
-162
-175
-186
-196
-202
-205
-204
-202
-203
-210
-216
-219
-219
-215
-214
-212
-211
-208
-201
-192
-189
-190
-194
-202
-204
-200
-187
-171
-162
-161
-168
-174
-175
-172
-167
-162
-158
-150
-141
-135
-136
-142
-147
-145
-136
-122
-113
-107
-105
-101
-93
-88
-82
-78
-73
-63
-49
-30
-14
-4
-1
1
8
20
32
42
50
56
69
84
96
99
98
98
102
109
119
126
132
134
138
148
154
157
154
152
158
172
186
194
192
186
184
188
195
202
202
196
195
199
200
196
183
172
167
167
168
165
156
144
135
129
121
111
100
95
93
95
96
94
90
86
81
80
80
81
82
83
81
76
72
67
61
56
51
49
44
35
24
13
2
-9
-19
-28
-38
-47
-58
-69
-79
-87
-93
-98
-101
-99
-96
-94
-95
-101
-108
-110
-110
-108
-106
-106
-105
-100
-99
-101
-108
-118
-125
-128
-126
-124
-123
-127
-130
-131
-137
-144
-154
-162
-163
-158
-152
-148
-150
-156
-158
-155
-151
-145
-143
-141
-136
-129
-121
-117
-113
-110
-101
-92
-87
-83
-79
-74
-69
-59
-48
-38
-34
-37
-42
-45
-45
-19
12
48
51
15
-25
-59
-54
-37
-8
26
56
79
64
33
-8
-25
5
53
109
122
103
76
57
68
84
102
111
114
116
112
101
88
87
103
125
139
139
128
114
102
97
98
112
127
139
141
135
126
119
113
105
105
112
124
139
137
119
91
81
91
113
128
119
108
106
107
95
68
47
44
59
74
72
51
20
-4
-11
-9
-11
-21
-25
-17
-5
-15
-44
-68
-67
-43
-27
-20
-27
-37
-45
-51
-51
-51
-52
-52
-40
-13
-6
-25
-50
-66
-56
-38
-26
-26
-23
-14
-17
-25
-50
-71
-63
-45
-20
-10
-15
-28
-47
-50
-39
-20
-25
-39
-48
-55
-43
-38
-37
-39
-46
-49
-46
-20
-21
-36
-62
-82
-77
-75
-63
-63
-63
-67
-78
-94
-122
-132
-124
-83
-47
-45
-74
-115
-138
-141
-111
-61
-35
-49
-76
-76
-79
-106
-116
-101
-59
-13
-5
-24
-41
-54
-65
-64
-59
-51
-21
9
26
24
0
-20
-19
6
35
47
54
71
97
97
73
54
51
62
74
69
61
67
96
101
63
43
57
82
73
58
54
67
91
112
116
76
49
52
70
82
71
71
79
127
155
120
52
7
32
75
123
123
88
65
88
96
67
46
7
67
161
166
121
66
39
70
110
52
26
51
80
153
130
29
1
6
30
71
50
22
70
96
64
37
-15
-12
54
64
45
22
-7
44
72
20
-27
-23
2
11
1
-44
-11
10
-20
-57
-100
-99
-62
-39
-43
-63
-114
-83
-1
-43
-144
-143
-111
-108
-116
-178
-194
-141
-104
-125
-193
-244
-260
-203
-96
-75
-184
-306
-296
-208
-177
-235
-270
-209
-135
-119
-196
-321
-365
-284
-174
-101
-108
-171
-188
-141
-108
-153
-241
-243
-137
2
63
24
-20
-11
17
25
6
0
58
153
220
193
118
63
38
60
87
94
115
154
182
164
100
23
6
44
83
114
126
118
108
95
56
18
40
109
187
201
162
134
120
114
94
94
146
207
255
231
171
122
118
163
170
193
223
215
196
224
236
142
66
103
209
257
219
186
160
151
196
167
81
102
184
220
218
193
114
48
57
80
117
82
61
151
162
51
-40
-27
-2
50
89
17
-39
-23
-4
-44
-121
-109
-41
-46
-69
-55
-68
-128
-140
-132
-137
-119
-128
-145
-145
-150
-198
-241
-223
-195
-236
-292
-233
-167
-227
-339
-412
-386
-307
-305
-363
-384
-324
-334
-439
-507
-495
-413
-365
-313
-289
-314
-343
-381
-363
-337
-297
-211
-121
-54
-59
-118
-152
-101
-33
-5
49
108
144
146
116
84
51
78
123
154
183
179
164
135
105
77
58
67
93
147
160
121
92
67
55
48
43
59
84
134
155
117
69
60
115
164
190
199
204
220
233
217
168
172
252
341
394
360
298
287
287
299
337
364
378
422
448
407
342
274
267
325
350
368
399
383
339
280
225
224
251
257
239
257
276
240
139
42
51
58
16
18
35
31
-4
-72
-129
-135
-112
-154
-181
-153
-153
-162
-177
-215
-229
-199
-196
-237
-257
-233
-208
-192
-171
-185
-241
-281
-301
-338
-338
-288
-261
-253
-261
-332
-384
-389
-419
-474
-507
-429
-332
-349
-452
-548
-569
-545
-516
-482
-436
-404
-393
-411
-420
-458
-460
-378
-278
-175
-147
-152
-161
-149
-126
-126
-57
40
107
120
88
95
103
92
85
83
131
185
214
193
128
93
61
75
88
106
159
170
152
117
68
27
29
66
105
153
174
142
99
59
59
73
99
153
225
289
277
235
202
212
261
323
377
416
434
450
455
429
403
436
504
541
554
524
500
480
464
461
459
457
439
438
425
402
386
331
263
219
252
298
259
195
155
177
180
98
5
-25
19
27
-15
-72
-109
-82
-106
-163
-194
-218
-222
-226
-230
-239
-224
-203
-223
-260
-319
-335
-267
-239
-278
-306
-288
-255
-275
-330
-371
-342
-287
-290
-328
-363
-385
-394
-397
-418
-445
-465
-473
-506
-545
-558
-525
-475
-490
-477
-498
-519
-517
-542
-514
-462
-351
-271
-217
-231
-278
-252
-197
-106
-40
12
70
123
147
128
90
104
165
225
249
255
250
212
190
166
186
218
201
188
165
143
115
94
88
67
51
47
43
37
10
-24
-51
-32
-1
21
34
22
18
-8
13
78
137
185
216
267
305
309
302
323
394
482
556
583
589
611
619
617
613
634
692
726
723
672
621
579
549
524
497
506
503
469
388
289
228
195
173
161
154
138
98
43
-25
-68
-90
-124
-129
-118
-99
-102
-148
-207
-257
-265
-274
-258
-235
-237
-247
-292
-334
-365
-381
-372
-332
-295
-282
-325
-355
-389
-439
-420
-395
-350
-323
-346
-421
-502
-541
-570
-570
-551
-510
-469
-469
-515
-584
-609
-608
-599
-568
-524
-454
-410
-402
-409
-399
-380
-323
-236
-168
-74
-45
-24
9
27
46
51
116
229
285
253
198
159
151
149
181
230
255
221
141
102
77
72
63
59
83
64
7
-58
-99
-109
-109
-108
-93
-90
-106
-143
-153
-142
-124
-102
-75
-54
-41
9
92
167
188
213
273
366
423
478
519
566
657
710
745
776
822
845
877
906
912
908
887
870
833
789
743
696
636
600
543
471
415
332
264
207
173
124
65
15
-43
-84
-131
-168
-189
-229
-262
-286
-298
-301
-323
-343
-339
-333
-340
-335
-331
-325
-317
-317
-317
-300
-289
-286
-280
-308
-326
-348
-344
-337
-334
-319
-337
-389
-449
-474
-491
-501
-500
-485
-473
-411
-430
-483
-544
-639
-593
-558
-438
-385
-362
-368
-421
-378
-403
-303
-248
-135
-41
-48
-26
-97
-94
-27
74
191
228
173
111
73
102
174
243
285
234
185
138
146
177
180
189
149
132
91
51
15
3
13
19
-5
-87
-138
-168
-133
-82
-81
-103
-175
-202
-207
-155
-53
15
80
70
88
102
179
289
359
429
473
541
594
652
685
736
804
861
901
890
888
875
884
891
862
809
740
681
641
599
532
459
374
306
260
203
127
51
-1
-54
-110
-158
-200
-241
-277
-331
-373
-382
-397
-413
-444
-449
-435
-429
-437
-469
-452
-430
-399
-385
-401
-396
-396
-385
-374
-356
-354
-352
-341
-333
-316
-335
-347
-385
-391
-393
-347
-306
-374
-322
-366
-355
-381
-477
-415
-412
-277
-284
-303
-314
-341
-294
-336
-221
-210
-148
-102
-145
-120
-202
-160
-71
7
54
-4
-29
-36
15
56
82
110
112
117
109
139
161
149
160
191
199
182
152
158
156
166
144
87
74
37
39
25
65
74
12
-11
-69
-43
-30
14
73
56
80
68
117
185
224
243
270
328
398
478
504
536
579
618
670
722
748
764
782
823
839
788
729
683
690
701
669
608
510
430
392
359
320
239
156
94
50
-1
-72
-137
-192
-229
-299
-340
-369
-406
-417
-460
-479
-487
-487
-493
-497
-491
-508
-490
-484
-482
-476
-472
-411
-393
-392
-404
-418
-377
-340
-308
-323
-328
-343
-372
-379
-370
-359
-333
-356
-344
-288
-353
-346
-432
-412
-339
-311
-290
-343
-295
-311
-265
-299
-293
-229
-250
-148
-147
-155
-173
-206
-121
-63
-31
-66
-57
-33
8
25
9
68
91
131
127
144
179
184
227
261
290
283
279
297
330
349
322
306
290
287
279
279
284
270
225
209
203
173
162
153
176
199
184
161
209
206
222
249
248
330
368
397
414
435
459
488
538
580
636
629
635
641
626
634
618
631
639
609
565
516
463
426
402
358
322
256
201
133
68
16
-66
-110
-155
-228
-286
-312
-339
-377
-428
-482
-513
-527
-549
-566
-567
-565
-575
-579
-568
-583
-595
-566
-525
-505
-522
-529
-502
-477
-442
-440
-442
-430
-429
-433
-411
-420
-419
-402
-338
-295
-379
-414
-457
-378
-328
-323
-338
-352
-294
-326
-295
-339
-303
-234
-229
-151
-211
-236
-235
-213
-119
-118
-118
-154
-112
-108
-94
-86
-88
18
37
70
52
49
82
129
196
218
237
241
283
321
331
323
321
372
380
382
367
386
415
423
390
361
363
372
421
390
380
359
346
386
394
373
369
389
399
444
439
448
475
475
502
501
514
534
561
592
605
584
555
571
576
599
570
514
504
488
471
427
401
367
331
289
220
159
112
89
48
6
-68
-159
-202
-242
-278
-310
-360
-387
-420
-479
-542
-579
-557
-550
-575
-570
-607
-638
-617
-608
-618
-626
-615
-596
-552
-547
-583
-583
-569
-524
-508
-542
-526
-532
-456
-397
-441
-474
-508
-432
-378
-371
-414
-421
-338
-325
-320
-389
-358
-315
-278
-210
-241
-234
-281
-260
-211
-194
-187
-211
-163
-158
-154
-193
-201
-118
-84
-58
-87
-61
-9
4
23
41
99
139
171
184
210
238
265
317
351
353
342
367
397
429
424
406
421
433
459
463
482
490
488
485
479
495
486
520
533
536
528
518
542
558
578
580
600
596
601
610
623
643
626
616
609
617
621
612
593
580
564
513
471
466
468
444
407
350
304
271
213
166
147
121
55
-18
-65
-108
-161
-207
-227
-282
-361
-405
-421
-448
-498
-529
-547
-569
-610
-614
-604
-640
-662
-669
-670
-663
-656
-695
-672
-638
-666
-677
-678
-649
-581
-547
-584
-591
-639
-596
-509
-501
-517
-512
-445
-427
-428
-475
-429
-344
-322
-288
-336
-319
-287
-281
-237
-220
-216
-243
-217
-201
-200
-203
-226
-174
-141
-151
-192
-162
-118
-108
-85
-87
-53
-22
0
4
30
67
83
116
139
162
165
188
235
265
265
272
296
325
357
343
373
421
441
437
438
464
481
497
513
560
568
568
559
570
623
629
636
657
663
654
657
683
697
710
697
689
680
663
658
643
662
655
605
573
569
558
513
486
474
446
385
322
332
323
251
189
155
110
56
27
-31
-79
-124
-193
-247
-292
-336
-400
-445
-456
-496
-559
-594
-569
-602
-675
-686
-674
-679
-701
-719
-740
-709
-716
-758
-784
-712
-637
-672
-702
-739
-695
-645
-611
-603
-597
-544
-524
-496
-520
-488
-432
-389
-319
-344
-346
-345
-326
-268
-233
-232
-259
-231
-222
-195
-202
-224
-172
-137
-131
-169
-171
-126
-102
-98
-114
-98
-73
-56
-39
-27
-13
5
33
37
50
64
84
121
146
165
175
188
208
244
244
256
311
349
374
379
392
425
454
473
496
531
564
589
597
613
642
652
668
698
716
728
724
725
732
731
744
756
757
718
694
710
703
690
674
644
617
614
599
549
530
514
464
422
403
383
321
278
277
244
165
96
65
37
5
-62
-133
-163
-171
-232
-325
-373
-395
-426
-453
-475
-542
-590
-610
-632
-668
-698
-725
-728
-723
-753
-797
-825
-754
-742
-752
-771
-822
-764
-721
-692
-701
-684
-636
-618
-600
-603
-556
-521
-457
-404
-419
-392
-398
-370
-286
-260
-268
-252
-223
-199
-183
-197
-177
-137
-113
-111
-130
-109
-78
-74
-74
-62
-55
-38
-34
-34
-19
-12
0
11
23
11
12
28
62
86
75
78
62
97
124
131
159
186
200
213
234
266
310
321
367
406
434
470
475
505
562
600
614
630
662
701
716
718
738
758
753
740
752
769
755
749
748
733
705
679
668
657
645
616
569
538
509
474
462
435
380
311
272
262
246
202
121
87
69
23
-40
-96
-110
-143
-200
-240
-301
-338
-350
-410
-448
-473
-538
-589
-614
-624
-661
-685
-713
-781
-785
-761
-750
-779
-841
-843
-795
-762
-792
-805
-739
-678
-663
-694
-681
-603
-555
-503
-480
-469
-444
-425
-370
-313
-289
-291
-269
-223
-201
-192
-196
-149
-108
-101
-112
-119
-74
-44
-36
-57
-47
-25
-28
-23
-21
3
0
-5
1
-4
0
1
23
28
3
-10
12
46
40
14
20
68
103
110
107
132
169
194
215
239
283
331
366
399
428
443
493
554
587
624
636
673
723
734
753
773
789
813
811
803
827
829
792
771
781
770
719
693
694
678
636
575
533
506
485
452
400
360
324
280
233
207
150
104
86
44
3
-48
-78
-114
-149
-207
-273
-281
-308
-328
-370
-438
-490
-553
-527
-558
-615
-613
-646
-605
-683
-757
-753
-733
-691
-707
-685
-718
-700
-690
-696
-636
-639
-588
-567
-519
-482
-549
-513
-448
-385
-382
-382
-373
-343
-304
-338
-309
-275
-236
-249
-271
-220
-205
-203
-189
-172
-151
-157
-168
-141
-108
-100
-106
-115
-114
-108
-108
-112
-78
-57
-69
-73
-83
-62
-64
-60
-35
-12
6
28
35
25
64
81
135
196
210
228
260
328
374
396
424
486
556
591
606
626
678
716
743
779
797
797
790
813
835
844
812
775
777
780
751
711
708
679
636
597
549
525
499
452
408
375
329
274
261
221
170
120
83
39
-2
4
-56
-100
-131
-172
-195
-245
-268
-333
-363
-361
-395
-501
-523
-441
-428
-453
-597
-601
-562
-522
-523
-582
-565
-531
-462
-529
-523
-508
-477
-379
-374
-352
-411
-449
-386
-308
-275
-329
-356
-349
-293
-322
-356
-349
-330
-293
-348
-371
-388
-367
-350
-336
-316
-350
-384
-392
-344
-332
-333
-345
-344
-333
-354
-353
-325
-273
-266
-276
-274
-277
-242
-201
-146
-142
-135
-99
-47
12
7
39
72
144
197
234
257
300
379
400
455
464
522
581
635
706
692
697
720
773
806
812
813
818
821
814
812
778
770
756
734
704
653
636
631
615
557
494
449
439
419
377
341
317
297
241
204
160
129
142
126
90
36
-18
-41
-40
-32
-99
-146
-188
-203
-245
-259
-197
-172
-151
-283
-353
-366
-300
-220
-223
-209
-215
-186
-250
-253
-228
-159
-67
-73
-62
-152
-226
-194
-127
-55
-102
-221
-305
-284
-282
-305
-338
-381
-402
-470
-517
-545
-536
-536
-560
-577
-624
-680
-691
-645
-617
-634
-700
-744
-720
-705
-688
-685
-668
-646
-653
-667
-662
-599
-538
-489
-482
-457
-391
-314
-202
-139
-105
-74
-29
74
175
270
314
341
404
440
497
558
621
677
738
763
740
737
738
778
809
808
769
722
688
668
662
635
588
542
509
463
428
412
383
346
319
294
256
227
224
232
211
188
161
135
128
139
140
115
120
104
80
53
29
45
38
43
8
-17
53
162
217
69
-22
-12
100
185
182
245
280
329
262
194
215
295
414
472
470
352
201
150
250
355
317
181
52
-7
-77
-150
-165
-169
-207
-325
-475
-568
-608
-600
-577
-609
-713
-854
-934
-915
-852
-833
-860
-908
-978
-1013
-1014
-952
-857
-803
-815
-872
-911
-880
-794
-683
-601
-582
-592
-575
-509
-367
-267
-178
-108
-135
-62
-28
69
188
240
319
327
337
340
403
471
546
560
505
502
480
500
515
511
496
437
376
346
343
341
334
280
242
190
148
171
185
203
170
120
86
69
85
117
136
120
85
52
56
65
74
93
98
83
48
18
25
23
116
180
298
311
173
158
172
349
426
476
545
657
744
643
619
617
774
926
1016
1026
885
749
672
779
881
870
733
593
505
397
312
238
254
224
100
-77
-234
-308
-322
-292
-313
-404
-576
-722
-771
-735
-685
-696
-746
-837
-927
-982
-966
-879
-802
-772
-834
-901
-926
-900
-792
-693
-595
-610
-633
-630
-591
-381
-304
-249
-265
-316
-242
-225
-157
-75
38
64
28
-46
-106
-29
33
137
172
86
-39
-125
-95
-9
29
0
-65
-150
-176
-190
-149
-93
-91
-95
-148
-184
-180
-153
-84
-37
-66
-124
-162
-147
-67
-36
-47
-92
-158
-124
-120
-104
-91
-110
-80
-162
-188
-122
3
235
248
189
41
2
168
360
602
690
781
743
687
676
695
892
1089
1272
1266
1093
889
807
934
1124
1198
1078
902
703
594
541
545
595
564
451
268
102
-11
-15
42
100
48
-117
-286
-370
-303
-221
-163
-189
-278
-372
-447
-432
-361
-261
-203
-233
-319
-408
-434
-393
-301
-198
-167
-209
-302
-391
-291
-200
-153
-167
-230
-190
-256
-284
-280
-220
-157
-190
-230
-299
-328
-357
-301
-206
-198
-282
-399
-406
-348
-313
-333
-359
-349
-367
-414
-401
-388
-372
-343
-340
-331
-380
-433
-422
-385
-371
-383
-383
-395
-421
-469
-489
-467
-458
-441
-471
-485
-517
-557
-527
-529
-426
-319
-136
-5
-82
-157
-248
-92
114
332
503
610
698
620
595
593
729
901
1071
1205
1164
992
759
702
822
961
984
892
724
533
362
258
288
335
352
287
173
35
-82
-107
-22
114
159
116
4
-63
-45
57
208
285
306
261
215
227
281
379
461
490
467
385
288
235
275
367
417
380
263
121
92
132
171
165
66
17
-45
-87
-92
-80
-34
-48
-60
-98
-154
-195
-190
-82
6
-9
-111
-217
-220
-188
-184
-190
-203
-242
-321
-384
-431
-481
-531
-557
-571
-602
-678
-777
-839
-868
-850
-819
-854
-877
-920
-935
-932
-926
-880
-852
-809
-790
-807
-835
-737
-490
-150
11
-60
-223
-326
-239
-71
258
600
846
837
589
344
190
292
592
959
1135
945
530
158
6
84
281
454
498
301
-50
-365
-511
-422
-219
-18
75
-15
-220
-392
-392
-215
39
224
306
283
203
148
188
331
487
583
607
600
567
515
466
464
497
497
471
402
329
250
204
242
282
293
244
213
215
219
232
269
359
458
539
566
540
519
496
563
677
772
808
728
616
492
398
381
386
371
284
121
-70
-266
-405
-466
-459
-451
-528
-684
-862
-986
-1012
-953
-875
-826
-825
-850
-845
-841
-834
-821
-746
-613
-561
-567
-608
-613
-588
-644
-584
-399
-106
46
-43
-177
-324
-369
-423
-274
78
395
518
321
73
-184
-328
-221
114
494
579
362
15
-269
-425
-443
-240
64
213
126
-145
-394
-555
-572
-352
-38
217
235
79
-97
-212
-189
-52
183
345
393
329
191
59
-56
-50
48
187
266
229
114
-67
-190
-227
-176
-72
7
69
81
76
60
61
138
246
403
560
671
716
706
716
772
845
921
973
994
1001
953
856
754
694
686
660
609
526
403
272
151
85
48
13
-23
-46
-59
-72
-88
-113
-100
-85
-68
-35
1
14
-26
-53
-60
-59
-112
-197
-263
-306
-344
-424
-525
-618
-712
-803
-892
-995
-987
-870
-657
-455
-407
-447
-587
-644
-622
-464
-118
212
524
594
486
246
-51
-106
52
417
663
643
419
41
-297
-563
-606
-454
-275
-128
-199
-404
-696
-953
-968
-767
-413
-134
1
-20
-143
-256
-314
-237
-77
136
326
380
285
62
-147
-264
-276
-198
-104
-56
-119
-256
-434
-600
-704
-698
-547
-324
-121
-31
-55
-115
-124
-26
188
456
690
829
859
828
777
738
757
829
911
958
928
827
688
561
452
386
374
371
377
340
274
197
108
84
125
228
351
439
467
413
338
307
342
408
457
457
378
262
137
33
-36
-119
-198
-274
-367
-467
-579
-663
-713
-770
-829
-889
-854
-661
-377
-55
127
121
-45
-208
-179
-13
294
660
967
1041
809
399
-7
-202
-175
30
266
348
205
-158
-577
-908
-1061
-970
-687
-360
-195
-226
-380
-547
-614
-541
-279
73
384
553
517
359
138
-28
-61
8
91
92
10
-170
-425
-707
-934
-1033
-1041
-967
-875
-811
-815
-898
-972
-996
-901
-675
-375
-42
229
383
403
349
332
389
537
696
826
867
786
607
364
188
107
130
213
267
253
149
30
-54
-74
-11
100
245
358
435
476
501
535
565
613
661
711
759
770
736
632
484
345
229
136
84
48
15
-65
-209
-365
-489
-508
-447
-341
-261
-248
-296
-380
-450
-481
-405
-178
120
388
596
668
561
301
95
73
174
372
638
860
855
580
142
-236
-418
-389
-167
126
343
322
86
-199
-423
-531
-496
-263
39
263
354
302
166
-52
-215
-220
-100
93
240
279
144
-140
-440
-666
-765
-750
-650
-540
-513
-614
-781
-933
-1009
-960
-803
-574
-370
-271
-270
-323
-383
-404
-327
-170
-5
103
166
199
144
14
-114
-172
-180
-185
-145
-61
16
37
-8
-85
-141
-135
-34
146
344
499
551
520
457
393
372
407
495
589
635
605
488
322
180
87
59
94
164
176
103
3
-89
-134
-155
-122
-60
-7
19
29
33
11
-20
-67
-76
-45
-8
4
-41
-107
-193
-301
-420
-419
-228
34
307
508
622
569
361
199
172
333
556
814
1015
1062
903
566
265
70
22
59
192
349
360
231
-11
-229
-430
-545
-467
-263
-12
127
178
148
51
-50
-99
-27
88
202
260
251
181
11
-182
-364
-491
-550
-556
-539
-562
-611
-688
-755
-801
-798
-722
-619
-526
-478
-453
-446
-438
-380
-279
-155
-68
-33
-33
-24
-6
4
20
57
94
82
33
1
18
85
185
249
274
266
207
154
141
176
202
199
216
229
193
96
8
-35
-68
-74
-57
-29
-39
-84
-109
-106
-87
-56
15
108
181
206
191
157
109
57
32
46
80
80
32
-34
-97
-131
-149
-180
-204
-234
-263
-299
-338
-339
-323
-171
95
366
572
711
826
765
628
525
524
593
677
833
910
882
662
356
80
-142
-238
-251
-110
15
71
39
-54
-153
-306
-338
-263
-77
125
300
450
456
395
264
167
81
20
38
34
34
-55
-182
-361
-579
-753
-874
-878
-834
-747
-672
-616
-586
-590
-553
-512
-432
-349
-235
-110
-25
37
61
83
68
43
15
-11
-3
37
95
114
119
112
84
36
9
10
14
57
109
141
120
83
33
-26
-48
-51
-46
-51
-31
-5
-24
-65
-118
-148
-148
-119
-76
-39
-2
23
18
-8
-8
11
27
55
83
95
58
-7
-60
-111
-146
-138
-93
-69
-85
-95
-72
-44
-16
26
56
71
59
61
59
33
13
-25
26
179
356
494
578
668
651
499
290
167
187
291
460
580
614
534
354
153
-19
-100
-111
-22
141
288
345
295
204
81
-30
-95
-79
3
89
152
150
84
-52
-198
-309
-374
-376
-345
-291
-275
-296
-354
-439
-503
-521
-474
-401
-303
-209
-117
-48
-23
-17
-3
44
72
72
47
-2
-57
-107
-120
-124
-129
-144
-170
-180
-166
-158
-150
-107
-28
50
96
124
141
141
142
158
176
192
187
163
142
105
47
-20
-72
-111
-147
-166
-153
-147
-173
-205
-218
-206
-191
-171
-141
-98
-61
-24
21
72
113
139
145
117
80
41
9
-3
5
21
31
38
36
31
33
51
70
96
111
102
98
94
83
54
0
-60
-93
-113
-102
-10
125
241
297
356
411
383
307
237
241
283
325
349
361
352
254
113
-14
-83
-131
-148
-97
-43
-20
-46
-66
-95
-125
-145
-155
-140
-129
-98
-65
-14
46
88
91
32
-28
-53
-34
-17
-9
-4
-21
-67
-139
-194
-221
-225
-239
-232
-171
-117
-90
-100
-99
-108
-152
-181
-190
-175
-168
-160
-136
-100
-67
-60
-51
-43
-10
33
73
92
89
70
21
-21
-44
-62
-102
-128
-127
-121
-108
-104
-93
-85
-86
-96
-113
-109
-96
-66
-14
43
73
74
78
78
79
65
56
49
53
71
81
86
60
31
10
2
20
61
112
150
170
164
143
127
147
202
253
287
289
256
197
133
77
1
-64
-94
-104
-122
-154
-181
-223
-268
-320
-348
-289
-127
60
183
278
333
303
219
150
133
138
174
217
244
235
169
74
-16
-71
-118
-141
-104
-14
74
97
81
51
15
-18
-18
22
61
78
79
86
96
106
107
79
32
-17
-60
-108
-134
-143
-149
-157
-164
-169
-184
-193
-201
-208
-209
-188
-153
-132
-124
-134
-160
-212
-265
-291
-289
-252
-201
-151
-115
-79
-49
-51
-66
-71
-59
-49
-23
22
59
75
89
99
71
29
14
22
38
49
55
42
24
19
31
73
116
131
126
141
172
195
220
257
276
263
234
210
189
158
141
131
115
91
56
28
-7
-30
-45
-59
-57
-39
-10
10
33
63
84
90
92
92
72
47
32
21
13
20
15
-14
-49
-91
-153
-221
-244
-232
-215
-196
-177
-142
-73
17
91
153
216
251
256
263
264
238
210
202
196
168
120
73
28
-17
-64
-123
-155
-154
-128
-87
-46
-14
-21
-54
-84
-85
-53
-12
23
40
26
-9
-52
-108
-152
-185
-214
-257
-296
-321
-348
-373
-382
-363
-338
-310
-271
-223
-170
-132
-110
-112
-133
-154
-165
-166
-163
-150
-142
-118
-79
-44
-24
-8
16
30
35
52
80
105
147
207
254
291
317
330
328
328
328
321
318
315
300
269
238
205
156
110
74
51
30
20
29
33
31
28
31
33
44
58
59
57
54
66
89
124
164
183
190
185
172
161
151
152
158
167
162
138
107
68
28
-23
-65
-87
-93
-79
-55
-21
14
25
9
-8
-25
-40
-40
-24
-13
-31
-57
-89
-143
-180
-189
-190
-180
-157
-124
-99
-79
-68
-79
-105
-123
-130
-138
-143
-130
-103
-92
-105
-120
-137
-164
-191
-210
-234
-270
-308
-314
-292
-265
-245
-232
-217
-206
-213
-213
-177
-120
-69
-19
39
68
56
23
-3
-27
-51
-66
-73
-72
-68
-67
-72
-77
-76
-72
-70
-48
4
56
86
107
136
158
153
146
152
158
151
142
148
165
179
179
168
156
135
103
79
82
97
110
133
166
182
180
180
177
171
178
198
212
215
221
223
198
150
112
91
85
88
109
140
158
159
166
186
211
232
247
264
270
258
235
206
180
139
101
79
71
58
37
25
19
18
23
19
-9
-41
-57
-72
-83
-83
-93
-120
-155
-186
-227
-261
-274
-274
-283
-313
-358
-408
-433
-424
-400
-387
-390
-381
-341
-276
-218
-170
-134
-117
-130
-168
-190
-180
-154
-128
-103
-92
-111
-151
-183
-189
-179
-156
-120
-80
-45
-10
19
26
21
18
4
-8
13
56
95
119
136
142
139
132
129
116
100
85
67
53
46
51
50
38
15
-30
-79
-102
-102
-98
-83
-59
-44
-40
-32
-21
-21
-24
-19
-3
29
81
131
161
183
207
220
220
230
254
268
269
277
282
268
243
219
194
168
147
132
128
131
147
172
194
206
205
199
192
192
200
214
231
240
242
237
225
206
178
146
112
82
65
66
65
39
1
-35
-63
-84
-84
-67
-59
-64
-76
-91
-112
-130
-137
-142
-142
-153
-177
-210
-244
-270
-281
-275
-276
-282
-278
-269
-275
-287
-263
-221
-195
-186
-180
-182
-187
-182
-164
-143
-118
-93
-78
-64
-55
-70
-106
-130
-143
-153
-153
-138
-119
-108
-100
-100
-102
-104
-109
-105
-86
-47
-4
36
59
67
68
52
32
21
25
20
13
10
-2
-28
-56
-81
-94
-84
-62
-42
-17
6
10
-4
-11
-6
-2
0
14
27
34
46
62
76
89
102
102
103
105
100
90
80
75
72
90
119
144
161
167
169
173
190
208
227
253
274
279
272
259
240
226
209
195
196
204
200
193
194
197
185
165
148
120
81
48
32
35
47
64
70
66
61
55
39
21
13
17
27
29
24
12
-16
-54
-88
-109
-120
-121
-117
-109
-96
-90
-97
-107
-115
-121
-116
-97
-88
-98
-112
-119
-118
-116
-108
-97
-94
-117
-147
-165
-167
-153
-120
-88
-69
-76
-116
-170
-187
-183
-192
-195
-168
-148
-153
-172
-208
-239
-246
-240
-233
-209
-187
-186
-181
-164
-154
-151
-143
-138
-138
-137
-135
-137
-123
-88
-51
-15
18
39
35
8
-22
-32
-20
1
18
26
30
26
23
29
49
69
83
102
126
151
160
168
183
194
195
198
212
232
250
251
234
221
213
194
168
153
144
122
95
83
83
86
83
83
94
102
97
94
102
109
113
120
137
152
150
143
147
143
129
116
109
107
105
105
111
119
125
121
115
108
96
86
72
62
55
54
52
57
71
86
88
79
68
61
64
75
90
99
96
82
56
25
-4
-32
-55
-69
-77
-80
-78
-84
-110
-147
-181
-207
-223
-229
-227
-216
-193
-172
-173
-189
-204
-222
-247
-275
-282
-273
-262
-246
-221
-207
-216
-237
-268
-298
-314
-309
-280
-230
-184
-166
-167
-172
-182
-190
-180
-156
-134
-118
-105
-88
-74
-64
-52
-40
-30
-18
3
22
43
66
80
82
74
63
60
73
84
89
97
102
88
72
70
77
84
90
102
113
118
117
118
119
117
124
129
131
127
118
108
105
107
105
105
108
105
92
75
58
50
55
66
77
89
92
88
91
100
110
122
137
153
171
190
203
213
208
193
178
171
168
165
162
160
154
148
139
126
108
90
79
74
76
83
93
103
109
111
108
97
80
65
51
42
39
36
30
14
-12
-48
-85
-112
-126
-129
-124
-121
-123
-143
-172
-193
-210
-222
-223
-220
-224
-224
-223
-218
-212
-211
-215
-217
-211
-205
-197
-176
-147
-131
-125
-121
-128
-137
-141
-143
-138
-134
-141
-147
-153
-159
-164
-159
-146
-135
-122
-107
-93
-70
-47
-35
-30
-27
-29
-29
-20
1
29
58
77
74
60
45
34
34
45
69
84
87
78
67
48
36
41
51
62
69
73
68
57
47
36
33
34
32
30
32
32
34
36
49
67
78
86
93
99
106
109
108
105
105
109
114
119
115
106
89
70
62
62
68
77
85
83
70
58
48
42
49
66
89
108
116
118
108
101
99
102
110
115
113
105
97
80
61
43
27
13
10
15
19
21
19
16
10
8
11
12
18
19
14
1
-14
-26
-38
-43
-45
-51
-62
-79
-99
-114
-125
-131
-129
-126
-127
-131
-137
-147
-153
-156
-155
-145
-132
-120
-116
-117
-124
-134
-139
-135
-119
-100
-85
-78
-79
-90
-100
-103
-94
-76
-57
-35
-24
-24
-29
-31
-31
-26
-17
-3
16
35
47
54
58
58
57
59
65
74
84
90
91
88
79
75
75
74
73
67
56
42
29
19
16
15
13
7
-7
-22
-37
-41
-42
-39
-28
-19
-13
-14
-18
-27
-36
-42
-43
-36
-25
-15
-13
-19
-32
-45
-54
-53
-40
-19
1
16
22
17
13
10
21
40
65
87
101
105
102
95
90
89
93
96
100
100
95
83
69
56
51
52
57
60
60
55
45
37
30
28
31
35
35
30
18
-1
-21
-40
-53
-58
-56
-51
-48
-52
-64
-80
-96
-105
-105
-95
-79
-65
-55
-53
-56
-65
-70
-69
-63
-51
-40
-31
-26
-21
-13
-5
9
25
39
49
56
58
58
54
51
51
54
60
65
69
73
80
91
100
109
116
118
114
104
93
81
69
60
54
47
42
35
26
20
13
6
-2
-11
-20
-30
-37
-43
-48
-52
-50
-48
-49
-53
-57
-69
-87
-102
-112
-120
-119
-111
-99
-94
-91
-93
-101
-107
-107
-105
-99
-86
-69
-56
-45
-39
-43
-54
-61
-63
-57
-44
-25
-9
-1
2
-5
-16
-26
-32
-32
-29
-27
-21
-13
-2
5
6
6
1
-4
-7
-7
-7
-5
-2
-2
-5
-7
-13
-24
-38
-51
-58
-58
-46
-30
-16
-5
0
-3
-14
-24
-29
-25
-14
2
12
18
21
21
20
24
28
29
27
30
37
48
59
68
74
79
84
90
102
114
121
122
121
117
115
118
124
129
127
121
105
93
89
88
90
97
107
110
104
97
91
86
84
87
89
90
90
86
79
69
59
49
38
31
29
26
19
9
-3
-15
-27
-30
-26
-23
-21
-21
-23
-28
-25
-19
-15
-16
-21
-32
-42
-46
-43
-35
-30
-29
-32
-45
-60
-72
-76
-72
-64
-52
-47
-50
-64
-79
-93
-101
-99
-93
-81
-73
-68
-75
-88
-104
-117
-121
-116
-104
-95
-94
-101
-112
-123
-131
-132
-126
-114
-105
-100
-101
-107
-114
-115
-113
-109
-104
-100
-101
-103
-106
-107
-105
-97
-86
-72
-60
-50
-46
-40
-32
-19
-6
6
20
31
40
47
55
61
66
74
81
87
92
93
93
92
93
98
105
116
124
130
133
131
128
128
129
133
139
146
151
153
153
151
147
139
131
123
115
113
115
113
117
119
116
109
99
89
81
77
79
84
90
95
96
93
89
83
74
67
62
58
57
59
59
59
56
50
42
34
26
17
10
3
-1
-6
-11
-15
-20
-25
-33
-44
-53
-57
-59
-57
-54
-51
-53
-62
-74
-90
-104
-115
-118
-119
-116
-115
-117
-125
-139
-155
-172
-186
-191
-188
-176
-159
-143
-137
-136
-140
-149
-156
-158
-159
-154
-145
-135
-126
-118
-117
-122
-128
-136
-141
-140
-128
-114
-97
-82
-73
-71
-72
-70
-68
-62
-51
-41
-30
-20
-12
-5
0
2
4
7
7
9
13
17
20
25
31
37
44
48
52
55
57
61
67
75
86
94
99
100
97
93
92
92
95
100
102
101
98
93
89
91
94
105
120
133
144
153
153
149
147
143
144
148
151
154
155
151
145
138
134
135
137
142
147
147
147
144
139
134
130
125
118
111
103
93
84
75
66
55
40
28
16
7
-2
-7
-14
-21
-29
-37
-44
-48
-51
-54
-57
-61
-67
-73
-82
-93
-104
-114
-119
-123
-125
-125
-126
-129
-133
-135
-135
-133
-129
-127
-126
-127
-131
-136
-143
-147
-147
-144
-138
-131
-128
-126
-127
-128
-126
-122
-118
-115
-115
-115
-117
-117
-118
-114
-109
-106
-101
-97
-93
-91
-88
-88
-86
-80
-73
-62
-54
-46
-44
-41
-39
-34
-26
-20
-12
-3
4
9
12
14
15
17
19
21
23
29
34
39
48
58
72
82
92
100
107
115
123
129
133
137
139
142
144
146
147
146
145
143
141
139
138
140
141
142
144
146
149
149
147
147
147
146
146
145
144
143
138
133
129
125
119
113
106
99
91
85
78
70
63
56
50
45
39
37
34
31
25
19
12
3
-8
-15
-22
-29
-35
-39
-43
-49
-56
-63
-69
-73
-79
-83
-86
-89
-93
-97
-103
-109
-116
-124
-130
-136
-141
-145
-148
-149
-148
-148
-145
-142
-142
-142
-144
-145
-151
-153
-155
-154
-152
-148
-144
-142
-137
-136
-133
-130
-126
-121
-114
-105
-98
-92
-86
-83
-84
-87
-87
-85
-81
-76
-69
-60
-51
-43
-38
-32
-28
-23
-19
-12
-4
7
16
24
30
35
38
42
44
49
53
58
67
72
78
84
86
88
89
89
91
94
99
101
101
104
107
109
109
110
112
115
118
118
120
120
120
119
118
120
120
118
116
113
110
108
106
105
105
104
101
98
94
93
88
84
79
73
69
63
57
53
49
45
42
38
33
29
24
18
14
11
6
3
0
-3
-7
-11
-16
-19
-22
-25
-32
-38
-43
-48
-55
-60
-64
-68
-71
-76
-82
-88
-91
-96
-96
-96
-98
-99
-98
-99
-97
-98
-96
-96
-95
-95
-97
-98
-98
-96
-95
-93
-92
-89
-87
-86
-84
-80
-78
-77
-77
-74
-73
-71
-67
-61
-55
-51
-49
-47
-44
-39
-35
-29
-23
-15
-8
-3
1
7
12
15
19
22
25
27
28
31
33
38
44
50
54
57
58
61
62
63
67
69
71
71
71
74
76
77
79
81
82
83
83
83
83
83
83
82
82
82
80
78
74
72
72
72
68
62
58
56
55
54
53
52
50
49
46
44
43
41
39
37
35
31
26
18
13
8
3
-1
-7
-12
-18
-21
-22
-24
-27
-31
-34
-39
-42
-44
-44
-42
-44
-46
-45
-46
-45
-46
-48
-49
-49
-51
-51
-53
-55
-57
-61
-62
-62
-65
-66
-66
-66
-63
-60
-57
-53
-50
-46
-44
-45
-43
-40
-38
-38
-38
-37
-37
-37
-38
-39
-38
-38
-39
-38
-38
-36
-35
-32
-28
-24
-21
-18
-17
-16
-15
-14
-14
-12
-10
-8
-6
-3
1
2
3
3
6
7
9
13
15
19
24
28
31
35
38
40
41
44
48
51
55
57
59
61
64
65
66
65
65
61
60
60
59
58
56
57
57
57
56
55
54
51
50
46
42
39
33
26
20
13
7
2
-1
-7
-13
-20
-26
-32
-37
-41
-43
-42
-44
-44
-44
-45
-46
-49
-49
-48
-48
-47
-47
-47
-46
-46
-46
-47
-49
-50
-50
-51
-51
-49
-46
-44
-41
-39
-35
-32
-28
-24
-21
-19
-18
-16
-14
-12
-9
-8
-7
-8
-8
-9
-11
-11
-12
-13
-15
-17
-20
-22
-22
-21
-20
-18
-15
-13
-11
-10
-9
-8
-6
-4
-1
0
0
1
2
4
4
7
9
12
14
17
19
19
21
25
29
34
38
44
47
52
57
60
66
70
74
78
83
85
88
91
93
93
92
92
91
92
92
90
87
85
82
80
78
77
77
77
74
70
65
60
56
51
49
45
42
39
36
33
29
20
13
7
2
-4
-9
-12
-16
-22
-27
-32
-35
-40
-44
-47
-48
-51
-53
-55
-57
-59
-62
-64
-66
-67
-69
-69
-70
-71
-71
-73
-75
-75
-74
-75
-72
-68
-66
-65
-66
-67
-66
-67
-66
-64
-64
-64
-65
-66
-66
-66
-65
-67
-64
-63
-65
-67
-68
-68
-69
-66
-65
-64
-60
-57
-55
-52
-48
-46
-45
-44
-41
-39
-34
-30
-27
-25
-25
-23
-21
-18
-13
-8
-3
3
9
17
25
33
39
43
49
52
56
62
67
72
75
78
81
85
87
90
93
93
96
98
99
103
104
107
106
107
106
107
108
107
106
104
101
97
94
90
87
82
76
72
66
62
58
55
54
53
49
44
39
37
32
28
24
18
12
9
5
3
0
-5
-13
-17
-20
-22
-23
-26
-30
-33
-38
-40
-42
-45
-49
-52
-54
-56
-59
-60
-63
-62
-63
-63
-65
-64
-64
-65
-67
-68
-70
-71
-72
-73
-74
-77
-78
-79
-78
-77
-78
-78
-77
-75
-74
-73
-71
-69
-68
-66
-65
-63
-62
-62
-62
-62
-59
-55
-53
-52
-51
-49
-47
-44
-42
-39
-35
-32
-29
-26
-24
-21
-19
-19
-17
-13
-9
-6
-3
1
3
5
8
12
16
17
20
24
28
32
34
38
43
47
51
53
56
57
59
61
63
66
69
70
72
73
76
80
83
85
86
88
90
90
95
97
98
99
101
103
102
102
101
101
99
99
97
94
92
90
87
84
81
77
75
71
65
61
59
55
51
46
43
39
34
29
25
22
18
12
6
1
-4
-11
-17
-23
-29
-34
-39
-43
-48
-51
-57
-61
-66
-69
-72
-76
-81
-84
-86
-90
-92
-95
-98
-99
-100
-101
-102
-101
-98
-97
-96
-95
-94
-93
-93
-91
-91
-89
-88
-87
-87
-86
-83
-80
-78
-73
-70
-67
-64
-63
-59
-55
-54
-52
-49
-47
-43
-41
-39
-35
-30
-28
-26
-23
-19
-15
-14
-11
-8
-7
-8
-7
-5
-2
0
3
5
9
12
18
23
26
27
30
34
38
43
47
52
53
55
56
59
62
66
69
71
73
77
78
81
84
84
85
87
91
94
97
99
99
100
100
100
99
100
100
99
98
96
94
91
88
86
83
80
75
71
68
66
62
57
52
47
41
35
29
26
22
17
12
7
1
-3
-9
-15
-19
-24
-30
-36
-40
-43
-47
-51
-54
-58
-60
-63
-65
-68
-70
-72
-74
-75
-76
-77
-80
-82
-85
-85
-85
-87
-89
-87
-89
-89
-90
-89
-89
-89
-89
-87
-85
-85
-85
-84
-83
-80
-79
-76
-74
-72
-69
-69
-66
-62
-59
-57
-55
-53
-50
-47
-44
-39
-35
-32
-29
-27
-24
-19
-16
-11
-7
-3
1
4
8
12
17
21
26
30
33
36
40
44
48
52
54
58
60
64
66
68
72
75
77
78
79
81
82
84
84
86
87
87
87
88
87
88
87
86
86
85
83
82
80
77
76
75
71
69
67
64
62
59
56
53
49
45
41
37
32
31
27
23
22
15
13
10
6
4
0
-4
-6
-10
-13
-16
-17
-20
-22
-25
-28
-30
-32
-33
-35
-38
-39
-42
-42
-43
-45
-47
-50
-51
-53
-54
-53
-53
-54
-54
-55
-55
-54
-56
-55
-58
-59
-59
-59
-58
-58
-57
-57
-56
-54
-54
-54
-54
-55
-56
-54
-53
-53
-51
-51
-50
-49
-46
-45
-44
-43
-42
-40
-38
-37
-34
-33
-30
-28
-23
-20
-19
-17
-15
-10
-7
-5
-3
-2
1
3
7
10
13
18
20
23
26
27
30
32
35
36
38
40
43
46
48
50
53
54
54
54
55
55
56
56
55
56
59
60
60
60
61
58
56
55
55
56
56
55
55
55
54
52
50
49
45
44
43
42
42
40
39
37
36
34
31
29
26
25
25
22
21
20
19
16
15
13
9
7
3
0
-2
-4
-6
-8
-11
-12
-14
-16
-17
-20
-21
-24
-26
-26
-27
-29
-30
-33
-35
-38
-43
-45
-46
-50
-52
-51
-52
-53
-54
-54
-54
-52
-52
-52
-52
-52
-51
-52
-53
-53
-54
-56
-57
-58
-58
-58
-59
-58
-56
-55
-52
-51
-47
-45
-42
-40
-39
-37
-36
-34
-33
-32
-29
-29
-28
-29
-27
-25
-23
-20
-16
-13
-9
-4
0
5
9
11
14
17
21
24
26
28
30
31
34
35
34
37
40
43
45
47
49
51
53
55
55
57
58
60
60
60
60
59
57
55
52
50
50
48
47
46
45
43
41
41
39
39
39
38
38
37
35
33
33
32
32
32
28
25
20
17
13
8
6
4
4
2
0
-5
-6
-7
-7
-9
-9
-9
-8
-10
-13
-14
-16
-18
-20
-21
-22
-23
-25
-27
-28
-30
-32
-34
-32
-33
-35
-37
-39
-38
-38
-40
-41
-40
-41
-41
-43
-45
-46
-47
-47
-46
-44
-42
-42
-40
-38
-34
-34
-34
-32
-29
-27
-25
-25
-23
-20
-20
-18
-16
-13
-11
-11
-8
-5
-3
-2
0
2
5
6
6
10
14
16
17
16
18
20
21
21
23
24
25
25
24
23
23
22
23
24
23
23
22
22
22
21
19
19
19
20
19
18
16
16
17
15
14
14
14
12
11
10
11
12
11
9
8
8
6
4
3
4
3
1
0
1
1
-2
-3
-4
-3
-2
-3
-2
-1
-1
-1
-1
-1
0
-1
-1
-1
0
-1
-3
-3
-2
-2
-3
-3
-5
-4
-3
-4
-5
-3
-2
-2
-2
-1
-1
-1
-1
-1
-1
-1
0
0
-1
-2
-3
-4
-5
-4
-4
-4
-6
-6
-6
-6
-7
-6
-7
-7
-7
-9
-9
-7
-8
-8
-9
-8
-8
-9
-10
-10
-9
-9
-7
-8
-5
-4
-3
-1
0
1
1
2
3
4
6
7
9
10
10
10
13
15
16
16
17
16
17
17
17
17
16
17
18
17
17
18
17
15
11
11
9
7
6
6
3
2
-1
-1
-2
-4
-7
-8
-10
-12
-13
-15
-17
-20
-20
-20
-22
-22
-23
-22
-22
-22
-21
-21
-21
-21
-20
-18
-16
-15
-13
-9
-7
-5
-4
-3
0
3
6
6
9
10
13
12
14
15
18
19
19
18
18
18
17
17
17
16
16
14
14
14
12
11
10
8
7
6
4
4
0
-1
-3
-4
-5
-6
-7
-10
-11
-11
-11
-12
-13
-14
-15
-15
-16
-17
-16
-15
-15
-13
-12
-12
-10
-8
-7
-8
-7
-5
-4
-3
-2
-1
1
1
2
4
6
8
7
7
8
7
7
7
7
8
9
9
8
10
9
9
10
10
9
9
8
6
5
4
3
3
4
4
4
4
4
3
2
2
3
3
2
1
1
0
-2
-2
-2
-3
-4
-4
-3
-4
-5
-6
-6
-7
-6
-7
-7
-7
-7
-8
-6
-5
-5
-5
-6
-6
-6
-8
-6
-8
-7
-4
-4
-2
-3
-5
-3
-4
-2
-1
0
2
2
2
3
3
3
4
6
6
7
8
8
7
7
6
7
6
5
3
3
2
1
1
1
0
-1
-2
-4
-4
-5
-5
-7
-7
-8
-8
-9
-9
-9
-10
-12
-12
-12
-12
-12
-12
-10
-10
-9
-8
-7
-6
-4
-2
-1
-1
-1
2
3
5
7
7
11
11
11
12
14
15
16
17
17
17
19
19
20
20
20
20
21
19
20
20
21
21
19
19
19
19
18
17
15
15
13
12
11
11
11
10
9
8
6
6
6
4
4
4
4
3
2
0
0
0
-1
-1
-2
-1
-2
-3
-4
-4
-4
-5
-5
-5
-6
-7
-11
-11
-11
-12
-11
-12
-13
-14
-15
-16
-19
-19
-19
-20
-21
-22
-22
-24
-25
-26
-28
-28
-28
-29
-28
-30
-32
-31
-31
-32
-31
-32
-31
-31
-30
-30
-30
-30
-28
-27
-26
-25
-24
-23
-21
-20
-18
-17
-16
-14
-12
-9
-9
-8
-6
-5
-3
-1
-1
2
1
3
5
7
9
11
13
13
15
17
19
20
21
23
24
26
28
29
29
29
30
32
34
35
36
36
36
37
38
38
39
41
41
41
43
41
40
39
39
39
40
39
38
35
34
34
31
32
28
26
25
24
20
17
17
14
12
10
7
4
2
0
-2
-4
-6
-8
-10
-13
-16
-17
-19
-20
-23
-25
-26
-26
-29
-31
-32
-34
-34
-35
-36
-36
-37
-38
-38
-38
-36
-37
-37
-37
-37
-36
-35
-34
-34
-33
-33
-33
-31
-30
-29
-28
-28
-25
-24
-23
-21
-21
-20
-18
-18
-16
-15
-14
-14
-12
-10
-8
-6
-5
-5
-4
-2
0
2
3
5
7
7
8
10
12
13
14
15
16
17
18
18
18
19
20
21
21
21
22
21
21
21
22
23
23
22
21
20
21
21
20
19
18
19
18
17
17
17
16
16
16
16
17
17
15
14
15
13
13
14
13
13
13
12
11
10
11
9
9
9
9
8
8
8
8
7
5
6
6
5
4
5
4
2
2
1
2
1
0
1
0
0
-2
-3
-5
-6
-7
-8
-9
-9
-10
-11
-13
-11
-13
-14
-13
-13
-13
-12
-13
-12
-12
-11
-13
-14
-13
-13
-13
-13
-13
-13
-13
-14
-14
-13
-13
-12
-12
-11
-9
-9
-8
-7
-7
-7
-6
-5
-5
-5
-5
-6
-4
-5
-5
-6
-5
-6
-7
-7
-7
-8
-9
-9
-8
-8
-8
-7
-7
-7
-6
-6
-7
-8
-8
-8
-7
-7
-7
-6
-5
-5
-4
-3
-2
-2
-1
0
2
2
4
5
6
8
11
13
13
14
15
18
20
19
20
20
21
21
22
23
23
24
23
23
24
25
25
25
23
24
24
24
24
23
23
22
20
21
20
20
18
17
16
17
15
15
14
12
11
9
10
8
7
6
5
4
4
4
2
2
1
1
0
-1
-2
-3
-5
-4
-7
-9
-10
-12
-12
-15
-17
-18
-20
-21
-23
-26
-25
-25
-27
-29
-31
-32
-35
-37
-38
-38
-40
-42
-43
-45
-45
-45
-46
-47
-47
-46
-46
-46
-45
-45
-45
-44
-43
-42
-41
-40
-38
-37
-35
-33
-31
-28
-25
-22
-18
-16
-14
-10
-6
-4
-2
-1
3
4
6
9
12
14
17
20
23
25
27
30
32
34
36
38
37
39
41
42
43
44
45
43
44
45
45
44
45
45
44
45
46
46
45
46
48
46
46
46
45
46
45
44
44
42
42
42
41
39
39
37
35
33
34
33
32
31
29
28
26
24
22
19
16
13
13
11
8
4
3
0
-3
-6
-7
-11
-13
-17
-20
-21
-24
-26
-29
-32
-33
-36
-39
-42
-43
-45
-47
-51
-53
-53
-54
-56
-57
-58
-57
-57
-58
-58
-58
-58
-58
-58
-59
-57
-56
-54
-53
-51
-50
-49
-47
-46
-46
-44
-43
-42
-39
-37
-35
-32
-30
-28
-27
-23
-20
-18
-15
-14
-13
-9
-7
-6
-2
1
4
8
10
13
16
18
18
21
24
26
28
29
32
34
35
37
40
42
45
46
46
48
49
50
50
50
51
51
50
50
50
51
51
48
47
46
46
45
44
42
42
41
41
39
37
36
34
32
29
26
24
23
20
18
17
15
14
13
11
9
7
6
5
2
-1
-1
-4
-7
-9
-11
-12
-12
-15
-17
-18
-19
-19
-20
-19
-20
-21
-22
-23
-21
-21
-20
-20
-20
-21
-21
-21
-22
-23
-23
-23
-25
-24
-25
-25
-24
-23
-22
-21
-19
-18
-17
-16
-16
-17
-16
-16
-15
-15
-16
-16
-17
-17
-16
-15
-14
-14
-12
-13
-12
-12
-9
-7
-7
-6
-4
-5
-5
-5
-5
-5
-6
-5
-5
-5
-4
-4
-5
-5
-4
-2
-3
-2
-2
-1
-1
-2
-2
0
1
2
2
2
2
3
2
3
4
4
5
4
5
6
5
6
6
6
8
8
8
8
8
7
8
8
10
10
10
9
8
7
6
8
8
9
8
7
7
8
6
7
7
7
7
6
7
7
7
6
5
5
6
7
5
5
6
6
4
4
3
4
4
3
3
3
3
3
2
2
3
2
1
1
1
3
3
3
3
3
3
3
3
3
2
1
1
0
1
0
-1
-1
-1
-1
-1
-2
-2
-4
-5
-4
-3
-3
-5
-6
-8
-7
-8
-10
-10
-11
-9
-9
-10
-9
-8
-9
-9
-9
-8
-7
-9
-10
-9
-8
-9
-9
-11
-10
-10
-10
-9
-7
-8
-7
-7
-6
-5
-4
-3
-1
0
0
1
2
2
3
4
5
5
6
5
5
5
6
5
7
6
7
10
11
13
12
12
15
14
14
14
15
13
15
15
16
15
15
13
13
13
12
14
14
14
15
13
13
14
12
12
12
11
9
10
9
9
8
8
7
6
7
6
4
4
3
2
1
0
0
0
0
-1
-1
-3
-4
-5
-6
-7
-7
-8
-8
-10
-10
-11
-11
-11
-10
-12
-11
-13
-13
-13
-14
-14
-15
-15
-18
-17
-18
-19
-18
-18
-19
-18
-18
-18
-18
-18
-18
-18
-18
-17
-17
-16
-17
-17
-18
-18
-18
-17
-16
-15
-14
-12
-13
-12
-12
-11
-10
-9
-7
-8
-7
-5
-4
-3
0
1
2
3
4
5
6
8
9
10
11
13
13
15
16
18
19
20
20
21
22
23
24
24
24
24
24
24
25
25
24
24
25
24
24
22
23
22
21
20
20
20
19
19
17
16
14
11
11
10
9
7
6
5
4
3
1
0
-1
-1
-2
-3
-5
-4
-7
-7
-7
-9
-9
-10
-11
-11
-11
-11
-13
-12
-12
-12
-14
-12
-13
-14
-13
-14
-15
-15
-16
-16
-15
-15
-15
-15
-14
-14
-13
-14
-14
-14
-14
-13
-12
-11
-11
-11
-11
-10
-10
-9
-8
-8
-8
-8
-8
-8
-7
-7
-6
-6
-6
-6
-3
-4
-3
-2
-2
-1
0
1
2
1
2
2
3
4
3
3
3
3
4
4
4
4
4
4
6
5
5
6
6
6
7
7
6
5
6
7
7
7
6
5
5
5
4
5
6
5
6
5
5
6
5
5
7
6
7
6
6
6
5
5
5
5
5
5
4
3
4
4
4
5
6
7
7
6
6
7
8
6
6
5
5
5
3
3
3
3
2
1
1
-1
0
-1
-2
-3
-4
-4
-3
-4
-5
-5
-6
-6
-4
-6
-6
-5
-6
-5
-4
-4
-3
-2
-4
-3
-2
-3
-2
-3
-4
-4
-4
-4
-4
-4
-4
-5
-5
-5
-5
-5
-7
-5
-6
-5
-5
-6
-5
-6
-6
-6
-4
-4
-5
-4
-3
-4
-3
-2
-2
-3
-4
-3
-2
-3
-3
-5
-4
-4
-3
-4
-5
-4
-3
-4
-5
-4
-2
-3
-4
-3
-3
-3
-3
-3
-3
-3
-1
-1
-2
-1
0
0
0
2
2
2
3
4
5
4
4
3
4
4
4
3
6
6
6
7
5
8
8
9
9
9
9
9
9
10
9
9
8
7
9
10
10
10
11
10
9
10
10
10
10
8
8
9
10
9
8
7
7
7
8
8
8
9
8
8
7
8
7
6
6
6
5
5
4
4
5
3
2
2
0
0
0
1
0
0
-2
-4
-4
-4
-6
-6
-6
-9
-9
-10
-9
-11
-10
-12
-13
-12
-11
-12
-12
-14
-14
-16
-15
-16
-16
-15
-15
-16
-16
-16
-16
-16
-16
-16
-15
-14
-14
-13
-14
-14
-15
-14
-14
-13
-12
-13
-14
-13
-13
-13
-12
-10
-10
-9
-8
-7
-6
-5
-3
-3
-2
-1
1
1
2
4
5
6
8
9
8
9
9
8
10
10
11
12
13
14
14
14
13
14
15
15
15
13
13
13
13
12
11
13
13
13
13
13
13
12
12
13
12
13
12
10
10
10
8
8
8
7
6
5
5
4
2
2
2
4
3
3
1
0
-1
-1
-1
0
0
0
-1
-1
-1
-2
-3
-4
-4
-5
-5
-5
-6
-5
-6
-7
-8
-6
-7
-8
-9
-10
-10
-11
-10
-10
-11
-12
-13
-13
-12
-12
-11
-11
-10
-10
-11
-10
-10
-10
-10
-8
-8
-6
-4
-4
-4
-3
-3
-1
-1
0
1
3
3
2
2
2
2
4
5
5
6
7
8
8
8
8
9
8
9
10
10
12
10
11
10
11
8
8
9
9
10
9
10
8
7
6
4
3
3
3
3
4
3
4
3
2
2
1
1
1
1
1
1
2
1
2
3
2
1
0
1
0
0
0
0
-1
-2
-3
-3
-4
-5
-6
-5
-4
-6
-7
-7
-8
-8
-9
-9
-10
-9
-9
-9
-9
-9
-9
-9
-9
-9
-8
-7
-8
-7
-7
-7
-6
-5
-4
-6
-5
-5
-4
-4
-3
-3
-2
1
-1
0
-1
0
2
2
2
2
2
2
3
2
3
4
2
3
3
3
2
3
3
3
4
5
4
6
7
8
8
7
6
7
6
6
6
7
5
6
6
7
6
6
5
5
6
6
5
6
6
6
6
5
6
6
6
5
5
5
4
2
2
2
2
4
3
2
1
1
0
1
1
1
0
0
-1
-2
-3
-4
-4
-5
-4
-3
-5
-6
-5
-8
-7
-6
-6
-5
-4
-3
-3
-5
-4
-4
-4
-4
-4
-3
-4
-3
-4
-4
-4
-4
-4
-3
-3
-2
-2
-2
-2
-2
-1
-2
-2
-2
0
-1
-1
0
-1
-1
-1
-1
0
1
1
0
-1
-1
-1
-2
-1
0
1
0
0
-1
-1
-1
0
-1
-1
0
0
0
-1
-2
-2
-2
1
1
1
1
0
0
0
0
1
0
0
0
1
1
0
1
2
1
1
2
1
2
2
1
1
1
1
1
0
0
-1
-1
0
0
0
0
0
0
1
1
2
2
1
1
1
1
0
1
2
2
1
1
1
1
0
1
0
0
-1
-1
0
0
-2
-2
-1
-1
-1
-1
-2
-1
0
-1
0
1
0
1
2
1
1
1
1
2
3
2
2
2
2
3
3
2
3
3
3
2
1
2
1
1
1
0
1
0
-1
-1
-1
-1
-1
-1
-1
0
1
-1
0
0
3
4
3
2
2
2
4
4
5
3
2
1
2
2
2
1
-1
0
0
-1
-2
-2
-1
-2
-2
-3
-1
0
-2
-3
-3
