2
3
2
2
4
3
3
4
3
3
3
3
1
1
1
1
0
0
-2
0
-1
-1
-2
-1
-1
0
0
-1
-1
0
-1
0
0
1
1
1
1
0
0
0
0
1
0
0
-1
0
0
-2
-2
-2
-2
-1
-1
0
-1
-1
-2
-1
0
0
0
0
1
2
1
2
1
1
2
1
2
1
2
1
1
1
1
-1
0
0
-1
0
-1
0
-1
-1
-1
0
-1
-1
0
0
0
0
0
0
-1
-1
0
0
-1
-2
-1
0
1
0
0
-3
-3
-2
-1
-1
-1
-2
-3
-3
-3
-2
-2
-3
-3
-2
-2
-1
-2
-1
-2
-2
-1
-2
-1
-2
-2
-2
-2
-2
-3
-3
-3
-2
-1
-1
-2
-3
-3
-2
-2
-1
-1
-1
-2
0
0
1
1
1
2
2
3
4
4
3
4
5
5
5
4
5
5
5
6
5
4
3
4
4
5
4
3
2
4
4
4
3
1
1
3
4
3
2
2
1
2
3
3
2
1
1
2
2
1
0
0
0
1
0
0
-1
-1
-1
-2
-1
-4
-4
-5
-6
-4
-3
-3
-3
-5
-4
-4
-3
-2
-2
-2
0
1
2
2
2
3
6
7
8
6
7
7
7
7
5
5
4
3
3
2
0
-1
-3
-5
-6
-7
-7
-10
-10
-11
-13
-12
-13
-12
-13
-14
-11
-10
-8
-6
-6
-3
-1
3
5
7
9
10
11
14
16
17
17
16
16
16
13
11
9
9
7
4
3
0
-3
-3
-6
-4
-5
-5
-4
-3
-1
1
2
5
7
9
12
14
15
15
16
15
15
13
11
8
4
0
-5
-8
-12
-16
-20
-22
-25
-26
-28
-28
-28
-28
-27
-28
-25
-25
-23
-19
-14
-10
-7
-1
1
5
3
3
2
-2
0
-2
-1
-4
-15
-24
-36
-46
-47
-50
-48
-48
-48
-52
-59
-70
-81
-85
-81
-63
-47
-28
-12
-6
3
8
10
18
22
38
59
76
93
91
88
84
77
68
55
40
41
44
42
36
9
-14
-35
-48
-52
-57
-61
-49
-49
-49
-32
-55
-58
-35
-31
2
19
27
37
40
48
46
52
49
58
63
59
71
46
44
32
2
17
-3
3
7
-11
-6
-19
-19
-24
-22
-13
8
40
59
78
74
75
81
86
113
125
146
172
170
173
155
126
115
107
110
119
111
92
70
35
7
-16
-33
-35
-30
-26
-25
-33
-48
-60
-66
-59
-45
-28
-9
8
21
25
25
19
15
19
26
39
44
35
20
-2
-23
-35
-46
-54
-66
-76
-89
-104
-112
-134
-147
-158
-165
-158
-158
-158
-163
-163
-159
-152
-144
-147
-144
-136
-128
-120
-117
-118
-122
-131
-139
-132
-106
-54
-12
22
13
-33
-61
-91
-66
-22
38
109
147
159
111
43
-23
-41
-4
55
117
138
127
78
9
-55
-106
-112
-84
-34
10
26
0
-54
-102
-135
-127
-101
-57
-14
20
38
24
-6
-41
-55
-34
13
59
87
87
69
54
35
32
27
31
50
72
92
94
81
62
46
47
64
90
115
137
143
148
147
143
141
142
157
174
193
200
204
190
171
157
142
142
137
131
124
111
94
71
50
23
0
-11
-16
-16
-13
-18
-31
-44
-52
-57
-52
-46
-39
-27
-12
-3
-7
-20
-25
-30
-26
-19
-14
-7
-12
-19
-29
-40
-49
-54
-57
-57
-60
-70
-76
-89
-92
-93
-95
-92
-99
-108
-114
-113
-111
-110
-107
-109
-108
-107
-104
-107
-106
-106
-105
-99
-96
-96
-103
-105
-110
-108
-106
-110
-109
-114
-112
-109
-105
-97
-96
-93
-94
-95
-93
-88
-76
-60
-37
-14
2
6
6
3
4
12
25
47
65
81
88
87
84
71
60
53
56
67
80
89
89
83
73
56
44
34
35
45
56
65
72
72
64
53
46
48
56
66
75
84
89
90
86
78
74
75
82
93
105
112
111
108
103
98
96
98
104
111
117
121
124
120
118
117
118
122
124
128
131
133
134
131
127
120
113
112
109
110
105
95
84
71
59
49
38
28
15
4
-6
-20
-36
-51
-63
-74
-82
-90
-101
-112
-123
-132
-139
-145
-148
-151
-155
-160
-164
-167
-169
-171
-168
-165
-162
-161
-160
-162
-160
-155
-149
-140
-135
-133
-133
-134
-133
-133
-131
-129
-130
-132
-135
-142
-148
-154
-161
-162
-162
-156
-146
-133
-124
-123
-126
-135
-137
-131
-113
-79
-44
-13
6
10
4
-4
-2
10
36
64
89
105
110
105
96
84
76
73
77
93
112
123
125
112
95
76
64
60
64
71
80
91
99
98
87
70
54
46
49
62
75
87
93
91
84
72
57
46
46
57
76
92
100
99
91
79
70
66
69
79
92
110
126
132
128
118
107
105
116
135
157
176
184
186
180
169
159
149
144
146
150
151
144
128
108
87
69
53
41
28
18
6
-5
-19
-37
-50
-66
-84
-94
-96
-100
-102
-105
-110
-115
-114
-120
-131
-138
-138
-136
-133
-128
-132
-140
-144
-147
-150
-152
-155
-160
-159
-149
-144
-146
-151
-161
-166
-167
-166
-168
-167
-160
-157
-155
-157
-167
-177
-183
-181
-172
-157
-140
-127
-119
-123
-136
-152
-157
-146
-118
-81
-45
-18
-5
-9
-26
-39
-39
-16
25
69
102
119
115
104
92
85
88
100
121
148
165
168
155
129
101
86
81
86
97
110
111
96
75
50
29
16
12
17
28
39
37
28
17
8
7
10
13
20
34
48
64
79
84
83
80
82
98
118
137
151
166
174
172
169
170
172
178
191
212
226
229
219
200
184
170
169
173
178
183
173
152
129
107
81
60
55
58
64
57
28
-8
-41
-58
-61
-65
-69
-74
-78
-89
-106
-129
-146
-139
-131
-130
-133
-138
-140
-142
-133
-136
-148
-149
-149
-154
-151
-143
-142
-130
-112
-127
-162
-199
-215
-196
-171
-159
-167
-179
-183
-203
-239
-274
-277
-256
-220
-207
-211
-219
-215
-199
-196
-198
-208
-207
-179
-125
-73
-39
-19
-8
13
21
15
26
59
114
172
201
203
182
160
152
156
169
185
198
202
195
161
126
91
72
78
84
92
89
64
27
-9
-37
-51
-51
-41
-26
-21
-32
-54
-85
-105
-108
-95
-61
-30
-10
-8
-21
-29
-24
-10
26
75
126
178
201
204
193
186
197
233
286
336
368
373
357
325
294
287
296
329
356
359
338
287
237
186
156
156
162
171
167
140
87
32
-20
-46
-41
-28
-12
-14
-30
-71
-129
-166
-184
-179
-154
-131
-119
-124
-158
-219
-267
-275
-249
-200
-159
-149
-173
-189
-218
-250
-252
-226
-195
-166
-137
-142
-163
-197
-214
-206
-187
-168
-175
-181
-192
-213
-239
-263
-271
-277
-279
-283
-288
-275
-276
-283
-290
-285
-262
-255
-235
-215
-172
-119
-83
-48
-27
6
23
62
112
158
203
221
244
260
261
262
250
263
287
294
288
254
219
178
151
141
145
142
114
91
54
22
-16
-53
-62
-60
-50
-48
-64
-86
-122
-146
-143
-121
-87
-63
-48
-50
-51
-53
-51
-19
15
63
108
153
193
219
226
229
250
287
331
372
408
427
441
439
436
433
429
428
428
439
439
406
361
309
269
248
229
218
195
163
115
65
27
-11
-37
-48
-46
-54
-71
-97
-132
-161
-183
-190
-170
-157
-148
-152
-174
-190
-207
-215
-219
-202
-187
-176
-174
-197
-212
-224
-230
-225
-214
-203
-211
-214
-212
-222
-223
-248
-253
-250
-236
-210
-219
-233
-272
-307
-346
-383
-399
-379
-313
-256
-241
-279
-348
-376
-382
-356
-277
-196
-96
-62
-67
-73
-95
-76
-13
102
225
290
271
238
218
219
244
276
349
417
396
323
238
174
166
167
207
250
235
158
55
-25
-55
-64
-57
-22
-16
-59
-140
-217
-247
-247
-242
-202
-155
-138
-156
-216
-226
-208
-173
-122
-63
-12
7
22
36
104
157
205
263
300
351
351
359
408
464
515
541
556
556
538
501
500
527
528
524
481
435
394
316
280
263
251
238
175
115
58
-11
-54
-68
-60
-57
-98
-145
-174
-204
-218
-218
-209
-189
-194
-222
-232
-236
-227
-211
-207
-183
-180
-202
-210
-208
-175
-158
-155
-170
-188
-208
-230
-204
-196
-161
-181
-223
-258
-319
-336
-343
-324
-296
-330
-383
-418
-439
-411
-432
-393
-381
-334
-355
-411
-393
-390
-256
-201
-121
-72
-101
-93
-90
-14
94
149
201
245
263
254
214
226
286
363
363
336
303
253
233
185
212
242
214
178
111
79
65
17
15
34
6
-29
-112
-129
-120
-132
-142
-144
-140
-161
-198
-232
-189
-159
-134
-128
-117
-109
-98
-91
-35
60
103
198
235
316
360
313
362
385
490
589
632
693
680
657
618
616
641
660
671
643
637
558
455
389
321
351
327
265
218
103
41
-25
-73
-55
-81
-116
-149
-210
-239
-266
-296
-269
-267
-278
-289
-322
-315
-296
-295
-267
-255
-253
-249
-262
-236
-212
-205
-209
-231
-222
-229
-228
-223
-213
-202
-212
-234
-274
-288
-329
-322
-307
-321
-286
-340
-351
-311
-356
-319
-370
-417
-354
-344
-263
-236
-258
-259
-235
-230
-156
-99
-92
3
-21
23
74
27
83
111
150
248
205
178
186
155
222
246
231
263
216
179
206
167
172
161
95
135
123
77
67
-2
-37
-31
-75
-71
-71
-131
-129
-147
-167
-138
-180
-192
-158
-168
-109
-86
-90
-43
-34
1
133
158
229
278
217
357
362
414
518
514
598
636
629
642
654
626
671
686
671
668
546
506
499
436
454
357
253
245
120
88
77
-22
-36
-123
-188
-180
-253
-276
-302
-350
-321
-369
-407
-393
-416
-397
-364
-371
-360
-348
-376
-326
-281
-240
-222
-255
-245
-240
-214
-185
-164
-155
-166
-187
-211
-202
-182
-193
-189
-241
-241
-282
-323
-265
-336
-217
-258
-311
-314
-429
-336
-319
-245
-241
-240
-243
-254
-215
-231
-117
-123
-63
-24
-88
-24
-54
-9
103
115
119
96
61
124
165
161
204
169
194
221
178
223
228
217
261
254
237
229
172
168
202
188
181
135
77
71
41
36
50
13
-23
-46
-86
-69
-60
-81
-74
-78
-53
-21
69
90
120
112
101
205
261
354
366
401
466
504
543
546
574
607
673
678
657
616
526
540
572
561
512
377
281
262
234
213
132
52
12
-70
-111
-153
-226
-249
-277
-325
-345
-404
-471
-460
-454
-441
-459
-504
-500
-499
-449
-429
-416
-373
-398
-392
-380
-326
-295
-276
-271
-303
-270
-248
-209
-210
-203
-246
-265
-219
-209
-218
-238
-209
-148
-113
-212
-285
-313
-207
-124
-171
-185
-215
-176
-135
-144
-168
-166
-139
-101
-20
-30
-93
-138
-111
28
40
-5
-50
-46
56
82
31
19
69
109
170
156
145
152
132
194
241
252
235
189
216
288
263
228
210
196
245
217
174
191
166
164
133
106
100
77
56
80
88
88
61
71
170
176
224
155
148
229
263
324
372
434
438
469
444
484
549
574
642
616
622
580
499
549
553
532
501
390
346
341
269
222
161
93
65
-25
-66
-107
-189
-213
-282
-355
-357
-435
-484
-453
-496
-515
-545
-599
-584
-569
-574
-542
-540
-525
-526
-555
-504
-469
-474
-446
-427
-416
-367
-375
-359
-321
-331
-325
-344
-303
-249
-304
-260
-185
-206
-235
-323
-332
-183
-116
-193
-235
-216
-119
-102
-201
-187
-173
-98
-22
-89
-90
-112
-176
-80
24
11
-49
-136
-87
33
15
-48
-86
-13
123
80
9
42
58
108
161
145
185
177
151
224
268
281
246
197
259
312
255
247
257
285
314
246
218
259
264
260
227
232
279
260
316
322
333
328
277
335
421
478
455
481
504
555
554
507
578
637
708
688
616
624
599
597
633
602
570
522
419
423
397
321
273
198
190
129
32
-20
-72
-104
-164
-277
-340
-348
-404
-431
-463
-509
-564
-634
-652
-634
-640
-660
-661
-666
-640
-656
-700
-655
-603
-592
-596
-610
-568
-529
-515
-508
-506
-489
-472
-446
-426
-370
-288
-293
-330
-378
-395
-284
-198
-172
-206
-222
-175
-141
-139
-155
-112
-80
-31
-54
-113
-80
-104
-68
-13
-48
-82
-140
-137
-67
-65
-117
-153
-158
-72
-53
-131
-100
-67
-24
-2
-44
-21
26
47
71
99
120
156
134
152
214
205
208
221
256
304
297
244
265
304
311
350
344
393
428
378
404
456
459
491
504
525
605
603
585
632
687
724
695
658
710
754
778
799
740
733
734
669
687
704
651
613
545
496
465
400
361
335
279
220
110
27
38
-30
-93
-148
-248
-291
-347
-410
-429
-456
-523
-577
-613
-627
-638
-687
-685
-683
-703
-738
-756
-719
-696
-703
-723
-702
-692
-664
-661
-653
-616
-615
-608
-617
-444
-353
-423
-474
-546
-408
-281
-271
-315
-268
-159
-113
-156
-261
-164
-80
9
50
-89
-69
-77
-74
61
55
-22
-83
-103
-26
10
-113
-149
-127
-79
-34
-186
-208
-104
-89
-95
-146
-189
-115
-83
-105
-53
-71
-58
-38
-64
26
53
7
46
84
96
133
75
128
228
208
241
232
278
367
359
350
405
434
473
523
547
616
614
589
655
697
758
774
736
783
816
800
798
807
832
859
804
772
758
734
730
681
665
621
536
479
452
424
388
331
255
198
136
66
18
-4
-43
-106
-189
-243
-283
-343
-371
-395
-436
-487
-560
-572
-577
-623
-651
-696
-699
-699
-718
-773
-773
-763
-767
-766
-777
-784
-784
-765
-798
-611
-592
-646
-691
-788
-540
-437
-425
-501
-457
-307
-224
-237
-368
-205
-126
-10
24
-142
-29
-53
-37
112
62
30
-35
-42
72
112
-48
-89
-80
-2
72
-154
-139
-69
-65
-48
-155
-189
-107
-111
-145
-95
-149
-128
-145
-181
-59
-81
-139
-92
-66
-15
23
-99
-37
69
54
122
113
175
271
231
255
316
364
445
489
517
613
609
601
709
751
839
817
793
881
929
940
920
908
935
977
916
905
897
869
865
786
761
728
672
624
596
543
482
404
329
311
276
218
145
80
25
-9
-56
-81
-118
-185
-243
-294
-305
-329
-388
-431
-471
-500
-559
-620
-612
-616
-635
-711
-795
-808
-786
-782
-860
-853
-904
-777
-690
-798
-779
-958
-866
-676
-624
-643
-688
-566
-454
-398
-530
-499
-368
-220
-48
-211
-247
-198
-184
11
39
-19
-77
-126
-46
60
-3
-78
-58
-45
62
-78
-182
-76
-71
-10
-75
-175
-122
-114
-166
-99
-120
-126
-132
-246
-173
-127
-161
-120
-120
-131
-111
-199
-159
-27
-24
-33
-61
-13
115
130
132
187
229
305
311
347
488
590
603
623
633
707
799
825
897
933
978
946
927
973
1013
1004
974
968
940
922
855
801
808
800
726
632
569
549
506
448
399
343
278
185
138
140
132
51
-40
-83
-102
-130
-176
-212
-220
-234
-280
-348
-395
-403
-401
-408
-444
-515
-570
-572
-573
-600
-668
-688
-748
-585
-535
-676
-692
-855
-727
-616
-603
-679
-693
-497
-459
-498
-694
-620
-441
-302
-201
-424
-401
-366
-376
-197
-174
-186
-258
-269
-210
-138
-209
-267
-193
-139
-53
-256
-308
-188
-130
-97
-192
-235
-215
-181
-237
-198
-169
-164
-191
-297
-232
-190
-219
-204
-167
-169
-172
-260
-248
-97
-55
-77
-137
-83
19
40
48
98
191
241
249
236
353
484
497
538
577
668
685
707
805
880
941
881
871
933
1008
1001
969
987
993
986
898
867
861
886
849
735
693
644
610
547
524
488
392
317
258
247
236
174
84
57
33
-29
-86
-112
-100
-116
-169
-247
-262
-266
-262
-276
-340
-329
-414
-443
-437
-446
-427
-566
-370
-334
-445
-527
-701
-521
-378
-315
-541
-556
-355
-294
-300
-569
-462
-347
-234
-159
-382
-335
-349
-400
-288
-221
-280
-387
-416
-367
-256
-401
-498
-465
-362
-223
-465
-583
-486
-404
-360
-432
-481
-447
-432
-502
-449
-402
-358
-396
-488
-409
-366
-394
-382
-304
-254
-232
-343
-373
-217
-120
-95
-145
-123
-26
-10
20
84
201
314
255
218
281
400
494
560
588
648
682
657
729
796
867
875
848
900
926
888
877
875
914
928
805
737
752
766
789
689
579
567
519
526
503
454
410
314
272
267
265
226
147
94
114
93
18
-12
-32
-25
-11
-70
-145
-133
-121
-129
-172
-242
-281
-315
-273
-290
-123
-90
-242
-303
-483
-298
-143
-112
-175
-218
-88
-89
-110
-242
-147
-29
29
88
-109
-100
-135
-176
-10
-21
-107
-265
-315
-260
-210
-341
-490
-490
-453
-372
-575
-664
-627
-639
-615
-683
-715
-721
-735
-774
-725
-697
-712
-783
-841
-738
-692
-714
-702
-652
-608
-555
-620
-616
-482
-424
-380
-353
-297
-183
-153
-96
-9
61
152
182
227
318
409
455
539
602
662
681
664
744
847
913
879
826
815
876
870
848
833
809
813
714
643
626
613
604
548
469
423
359
307
321
333
289
192
124
132
172
176
136
93
70
74
29
25
83
87
80
29
-15
-9
25
56
34
23
-60
-47
-124
46
309
179
111
-200
-163
135
285
251
136
255
233
255
76
121
338
372
485
241
151
133
14
217
330
220
-58
-261
-211
-27
-70
-326
-451
-483
-361
-508
-686
-654
-677
-680
-786
-869
-873
-862
-921
-881
-862
-900
-980
-1082
-958
-829
-863
-944
-938
-869
-774
-773
-799
-716
-646
-625
-601
-494
-320
-287
-271
-262
-178
2
46
110
199
283
319
350
399
539
650
630
656
646
722
775
753
813
824
767
728
657
664
732
670
591
518
439
422
368
341
356
281
202
128
76
112
73
28
41
-7
-22
-62
-94
-36
-12
-26
-53
-66
-70
4
17
36
42
-3
35
13
18
45
15
222
427
337
229
22
107
405
534
486
467
603
665
659
453
493
666
781
928
760
665
587
415
583
738
683
481
229
191
284
208
19
-73
-112
-59
-257
-463
-464
-529
-532
-617
-723
-779
-880
-996
-959
-874
-898
-1029
-1207
-1187
-1066
-1052
-1044
-1037
-1053
-1010
-1079
-1075
-926
-849
-802
-801
-787
-677
-615
-553
-462
-346
-179
-166
-142
-91
-27
94
182
257
325
380
372
448
518
525
516
480
554
638
632
572
450
446
506
454
404
338
287
301
230
131
95
42
61
59
44
16
-94
-142
-119
-64
-46
-82
-177
-165
-136
-148
-114
-117
-101
-77
-120
-128
-59
-46
-27
-26
-81
-20
-57
146
410
368
312
40
91
394
586
604
644
792
788
794
587
689
953
1057
1214
1029
929
832
686
900
1097
1056
826
543
449
584
559
423
336
240
209
4
-136
-111
-130
-178
-302
-433
-505
-591
-700
-661
-565
-601
-779
-985
-1005
-884
-843
-838
-856
-917
-955
-1035
-1014
-836
-747
-756
-831
-823
-698
-593
-562
-515
-411
-321
-258
-309
-230
-150
-70
46
73
136
141
140
172
261
295
263
221
196
270
264
221
161
96
123
88
28
22
-19
-45
-58
-110
-128
-135
-193
-186
-160
-146
-156
-233
-255
-233
-206
-213
-223
-247
-235
-213
-249
-223
-226
-230
-206
-238
-189
-207
-225
-256
-257
-212
-154
144
174
148
-4
-156
119
291
445
493
624
731
679
586
499
757
952
1129
1169
1030
949
745
791
1024
1137
1090
866
686
658
636
555
553
583
568
415
176
114
121
145
118
49
-8
-125
-266
-321
-225
-134
-176
-332
-459
-492
-472
-434
-376
-304
-345
-452
-587
-584
-450
-388
-348
-370
-361
-370
-408
-360
-259
-154
-145
-194
-208
-114
-75
-103
-46
-14
16
-9
-76
-40
50
89
73
37
-16
-75
-129
-76
5
-8
-84
-203
-234
-187
-200
-232
-241
-252
-281
-313
-335
-306
-291
-305
-302
-295
-278
-305
-351
-333
-301
-303
-325
-350
-358
-339
-355
-365
-347
-368
-382
-408
-429
-385
-457
-474
-406
-189
88
4
-128
-337
-218
42
187
389
489
654
550
447
392
524
791
885
1054
1021
884
680
530
723
881
882
739
592
530
418
246
153
253
313
284
117
-16
-77
-162
-135
-67
27
0
-151
-240
-186
-81
-38
-39
-27
35
8
-51
-57
64
212
248
187
98
91
68
112
186
271
295
173
111
78
108
113
77
150
191
153
6
-99
-90
-16
44
-2
5
-39
-83
-123
-171
-109
-94
-85
-72
-93
-114
-163
-217
-189
-133
-100
-117
-195
-263
-305
-295
-257
-242
-262
-291
-352
-411
-431
-458
-433
-425
-463
-529
-595
-616
-595
-575
-552
-522
-549
-610
-668
-692
-585
-544
-540
-515
-409
-68
28
10
-170
-213
-65
55
290
471
817
848
699
466
287
464
591
901
1095
980
682
234
129
258
354
351
262
195
53
-226
-528
-551
-412
-242
-160
-212
-274
-457
-575
-491
-244
16
81
43
74
169
207
199
251
396
592
674
652
630
563
504
486
546
648
598
433
316
270
281
234
165
203
217
147
44
-49
-39
45
69
135
201
159
144
120
172
325
366
372
385
377
389
328
275
276
234
189
143
68
-1
-141
-304
-372
-448
-510
-590
-664
-679
-722
-786
-868
-888
-844
-785
-729
-687
-645
-629
-635
-580
-485
-392
-315
-279
-246
-191
-226
-234
-220
-245
-148
-106
141
314
275
126
-74
-64
-80
-19
91
468
723
641
341
-135
-251
-206
61
425
541
463
98
-248
-416
-482
-422
-263
-32
80
-31
-445
-738
-731
-554
-243
-79
90
127
17
-105
-179
-101
48
237
433
606
570
371
157
67
164
291
378
438
438
335
133
-76
-130
-97
9
128
216
231
129
-15
26
220
387
552
573
642
684
587
562
658
823
976
970
834
721
582
472
429
419
431
333
156
26
-167
-328
-481
-542
-437
-380
-430
-535
-605
-625
-604
-606
-492
-330
-176
-86
-112
-130
-155
-154
-96
-14
48
87
1
-97
-235
-412
-458
-424
-371
-394
-539
-652
-760
-855
-869
-762
-326
3
104
-17
-198
-188
-168
-27
302
789
1107
1117
896
547
219
1
80
386
647
660
326
-109
-504
-840
-1013
-1011
-790
-544
-499
-665
-858
-1025
-1091
-1003
-754
-343
-29
175
213
143
60
-16
50
232
480
724
772
592
298
0
-183
-237
-132
63
154
56
-178
-399
-521
-544
-454
-233
39
240
371
385
438
554
663
859
947
1094
1183
1140
1097
991
940
895
845
762
663
479
246
107
-12
-40
-77
-159
-176
-270
-332
-384
-377
-272
-150
4
76
96
63
19
23
115
231
306
296
201
103
-17
-148
-299
-412
-418
-418
-431
-512
-656
-713
-750
-758
-714
-656
-556
-453
-416
-329
-245
-144
279
671
897
787
536
552
488
393
397
633
901
916
681
252
-213
-718
-910
-772
-500
-249
-313
-466
-682
-900
-1088
-1220
-1038
-616
-174
71
147
100
-47
-210
-242
-62
154
321
366
306
122
-152
-457
-711
-788
-709
-564
-528
-594
-715
-851
-934
-842
-593
-325
-141
-60
85
236
355
448
503
629
757
871
966
955
880
852
802
739
659
528
450
319
178
120
75
134
217
300
354
301
183
71
70
216
453
609
685
658
498
272
85
62
153
225
225
144
-16
-210
-349
-378
-340
-326
-297
-222
-143
-112
-137
-200
-234
-210
-138
-32
40
106
135
111
9
-90
-140
-193
-239
-320
-289
-218
-180
35
317
546
465
176
83
79
141
207
435
737
881
876
635
302
-123
-372
-393
-288
-85
-1
-35
-205
-418
-663
-958
-1129
-1046
-769
-485
-291
-213
-232
-340
-416
-371
-294
-223
-193
-146
-96
-105
-171
-309
-427
-488
-523
-588
-654
-653
-609
-526
-400
-241
-173
-250
-351
-325
-187
-42
78
192
350
469
476
428
339
270
204
211
350
519
634
594
502
425
340
255
189
256
440
627
705
640
519
375
246
180
218
285
283
235
188
189
164
44
-96
-211
-267
-247
-192
-82
55
117
115
135
179
207
195
204
285
332
308
257
226
212
162
76
17
-38
-86
-151
-217
-265
-347
-380
-414
-386
-355
-252
-48
174
493
716
764
680
625
505
304
185
251
510
664
667
449
50
-362
-663
-815
-851
-775
-686
-538
-425
-373
-401
-555
-631
-627
-551
-407
-242
-12
185
316
338
221
-12
-269
-420
-473
-436
-400
-415
-502
-606
-658
-716
-778
-817
-798
-720
-595
-433
-208
-9
80
109
104
97
59
14
10
107
266
362
360
266
154
29
-88
-148
-118
28
228
428
557
591
506
311
137
58
84
156
285
400
405
315
151
-4
-123
-166
-154
-114
-34
77
168
194
204
214
240
279
308
366
438
502
578
650
712
707
603
461
332
233
149
81
38
28
30
36
25
-21
-99
-155
-145
-83
-35
-40
-21
44
89
53
-65
-116
-39
124
374
609
735
650
424
200
-28
-220
-310
-232
-32
179
239
68
-235
-554
-743
-836
-809
-669
-494
-294
-138
-24
-14
-72
-162
-255
-295
-298
-246
-178
-65
56
102
38
-140
-320
-484
-587
-625
-635
-613
-602
-533
-423
-329
-298
-329
-346
-322
-269
-196
-85
44
183
268
273
219
80
-84
-240
-318
-300
-265
-224
-207
-197
-205
-234
-271
-308
-307
-271
-125
98
304
404
413
419
372
301
201
140
136
208
335
409
427
368
281
194
151
160
178
203
262
364
455
501
496
468
432
408
410
434
465
488
507
539
553
509
410
316
267
247
233
211
197
198
221
257
271
269
209
108
21
-71
-123
-199
-249
-246
-254
-300
-433
-528
-541
-393
-70
273
448
394
345
279
113
-119
-207
-73
116
298
303
166
-100
-351
-520
-676
-700
-652
-513
-356
-157
-23
-82
-193
-288
-275
-267
-229
-159
-115
-43
37
175
215
158
37
-83
-189
-313
-412
-538
-588
-577
-489
-402
-390
-454
-575
-622
-616
-527
-463
-426
-365
-304
-241
-267
-312
-385
-425
-420
-371
-276
-234
-173
-123
-16
96
160
181
131
83
27
40
101
204
328
429
491
466
435
372
283
179
100
111
199
344
461
533
545
547
565
559
541
483
457
486
547
613
625
590
532
478
412
336
253
206
207
269
381
450
438
353
290
259
203
105
25
30
51
79
98
76
2
-137
-272
-344
-387
-437
-489
-514
-488
-492
-530
-582
-623
-577
-467
-230
143
513
688
695
693
647
449
107
-128
-135
13
203
283
245
120
-25
-182
-353
-493
-549
-523
-409
-215
-72
-33
-70
-87
-92
-148
-227
-303
-343
-349
-304
-209
-149
-151
-209
-300
-417
-565
-722
-853
-924
-888
-754
-614
-498
-435
-415
-418
-438
-401
-361
-352
-328
-271
-215
-212
-232
-246
-230
-188
-119
-53
-29
-37
-53
-32
29
140
271
371
438
516
628
718
733
714
692
644
568
500
454
421
405
424
479
509
496
444
385
366
382
426
467
497
507
510
500
481
443
387
339
289
270
249
217
176
120
68
6
-42
-81
-116
-140
-139
-114
-99
-82
-68
-34
4
24
57
86
90
69
33
1
-25
-74
-147
-228
-291
-305
-315
-341
-378
-317
-58
294
551
613
595
568
496
319
77
-86
-115
-17
57
48
-43
-167
-273
-395
-534
-693
-782
-760
-626
-446
-298
-209
-165
-115
-101
-146
-266
-396
-472
-475
-399
-317
-257
-265
-322
-394
-482
-602
-755
-880
-945
-913
-809
-662
-506
-357
-187
-32
93
167
173
114
39
1
9
25
-14
-52
-65
-26
29
70
97
78
63
77
154
258
345
420
493
608
729
803
792
726
662
603
537
453
416
402
385
362
337
301
211
125
72
71
71
53
42
51
91
137
184
214
224
202
167
139
144
176
203
230
256
302
334
349
342
302
256
236
248
259
274
273
263
243
191
132
57
-46
-143
-197
-218
-254
-311
-362
-388
-399
-401
-399
-392
-345
-187
65
306
455
513
495
381
207
-4
-218
-373
-423
-379
-336
-324
-362
-428
-521
-602
-654
-719
-745
-697
-577
-450
-344
-247
-183
-169
-209
-275
-372
-469
-519
-503
-446
-379
-303
-241
-197
-191
-215
-275
-363
-420
-408
-338
-260
-176
-98
-15
76
163
222
216
162
84
18
-37
-73
-84
-88
-62
12
136
261
331
337
313
297
286
288
283
267
259
310
406
479
486
434
363
284
211
132
62
12
12
77
167
267
347
393
404
422
452
462
452
450
467
469
448
411
384
365
340
302
262
234
208
189
189
212
254
301
354
393
411
402
384
356
313
245
153
75
32
29
9
-36
-84
-120
-150
-215
-297
-373
-420
-443
-440
-422
-404
-387
-370
-365
-384
-444
-529
-529
-414
-248
-142
-89
-53
-72
-165
-340
-509
-607
-587
-510
-458
-425
-404
-345
-322
-314
-314
-322
-321
-325
-258
-187
-129
-109
-86
-38
-6
11
-59
-154
-218
-202
-154
-130
-116
-112
-92
-83
-65
-74
-126
-216
-295
-289
-230
-125
-31
37
62
57
56
30
-17
-81
-111
-121
-103
-62
-39
-28
-25
30
98
146
153
135
126
118
141
171
211
254
315
394
482
564
600
609
588
562
544
528
508
483
482
505
546
577
570
536
481
427
378
330
282
252
257
299
349
373
367
335
294
253
214
197
204
236
268
278
275
257
221
170
108
50
-22
-102
-167
-213
-238
-256
-286
-321
-352
-393
-446
-483
-489
-458
-441
-431
-398
-342
-297
-309
-359
-425
-474
-515
-561
-592
-593
-565
-537
-479
-366
-199
-47
57
122
115
54
-50
-158
-229
-222
-132
-26
38
61
62
10
-93
-199
-286
-354
-405
-402
-353
-294
-248
-210
-168
-131
-106
-121
-176
-229
-232
-200
-155
-102
-63
-50
-70
-103
-137
-203
-306
-398
-432
-409
-363
-323
-264
-170
-45
79
173
230
260
280
282
270
234
197
187
220
291
362
410
414
402
398
415
438
449
470
500
553
613
671
702
698
690
688
673
614
525
413
318
265
268
317
362
388
372
343
302
241
169
96
48
16
18
54
129
201
232
218
159
86
-12
-106
-177
-208
-207
-205
-198
-183
-151
-124
-115
-124
-142
-153
-161
-151
-118
-84
-63
-51
-33
-27
-65
-134
-204
-259
-316
-365
-379
-358
-330
-294
-265
-250
-240
-247
-262
-285
-306
-338
-371
-383
-376
-361
-331
-248
-153
-61
-1
21
-15
-110
-226
-365
-476
-528
-503
-445
-380
-325
-319
-331
-353
-360
-389
-416
-403
-357
-298
-242
-167
-97
-38
-3
6
-22
-81
-137
-185
-192
-154
-86
-20
49
153
268
356
365
315
236
176
150
139
147
163
190
212
249
312
380
424
438
449
458
468
445
400
366
375
433
493
536
553
566
565
543
490
416
346
287
245
209
186
151
97
33
-20
-30
-9
26
60
94
129
169
207
221
215
196
189
191
202
208
185
141
99
72
43
1
-38
-54
-41
-15
12
33
50
51
39
19
0
-21
-57
-84
-89
-68
-40
-26
-43
-92
-136
-162
-178
-188
-196
-208
-238
-274
-301
-321
-352
-390
-406
-405
-411
-425
-442
-466
-488
-484
-458
-424
-394
-382
-398
-428
-458
-497
-557
-623
-664
-663
-632
-583
-498
-354
-187
-67
-7
26
31
-21
-118
-205
-234
-191
-103
-32
-1
10
40
75
87
73
53
35
41
94
177
237
267
302
348
394
420
417
376
324
307
315
333
336
321
304
301
308
298
246
168
108
84
103
144
182
207
233
286
344
376
359
312
257
213
173
138
114
103
113
144
191
228
230
204
178
176
181
178
168
159
161
166
171
176
189
205
197
175
167
176
177
171
182
209
244
261
254
221
172
119
67
23
-19
-56
-88
-122
-149
-161
-168
-171
-172
-167
-161
-159
-159
-163
-175
-186
-200
-220
-255
-281
-283
-279
-286
-315
-331
-331
-325
-326
-333
-338
-346
-363
-386
-405
-414
-418
-421
-426
-420
-390
-350
-332
-323
-305
-293
-305
-345
-399
-439
-448
-414
-340
-248
-166
-102
-41
8
15
-22
-87
-151
-193
-199
-172
-124
-42
71
184
265
307
305
259
182
108
75
71
93
137
192
246
297
346
360
340
314
301
297
296
303
307
304
307
332
358
361
337
291
234
187
166
159
151
151
173
202
206
180
141
103
70
53
50
65
94
118
132
143
159
164
149
132
120
105
81
58
38
43
78
115
138
162
180
186
166
128
94
68
52
48
51
68
89
103
99
80
54
19
-16
-51
-84
-106
-111
-95
-61
-15
19
20
-2
-42
-86
-121
-151
-180
-207
-220
-212
-208
-218
-239
-261
-280
-289
-294
-305
-317
-318
-307
-288
-271
-258
-255
-262
-272
-288
-320
-355
-390
-425
-441
-430
-395
-353
-320
-281
-234
-190
-171
-169
-165
-147
-131
-109
-75
-61
-68
-76
-68
-58
-54
-43
-26
-2
47
118
171
203
229
251
266
279
282
267
250
247
250
242
237
249
273
285
286
282
272
264
275
292
291
288
302
313
309
292
266
232
198
175
148
124
117
130
138
121
84
42
10
-11
-22
-33
-36
-26
-13
4
19
27
22
19
20
17
16
13
12
20
36
49
50
37
10
-18
-37
-46
-50
-39
-15
20
61
101
140
169
179
164
135
98
64
36
7
-12
-13
-5
2
11
12
-1
-18
-38
-70
-104
-122
-133
-144
-154
-163
-169
-170
-169
-176
-196
-225
-255
-277
-290
-297
-306
-317
-321
-319
-313
-310
-312
-313
-299
-279
-261
-247
-226
-194
-159
-136
-128
-132
-136
-135
-131
-127
-119
-102
-81
-54
-7
47
91
116
124
134
153
181
199
197
183
175
183
197
205
206
214
232
246
248
245
244
241
235
229
226
219
204
182
151
123
104
89
66
43
27
15
20
34
38
21
2
8
22
19
-5
-39
-67
-82
-87
-92
-96
-104
-108
-94
-61
-30
-21
-31
-42
-44
-41
-39
-48
-52
-44
-24
3
30
54
71
79
81
82
73
63
48
34
21
13
9
3
-4
-9
-10
-1
14
17
12
6
7
13
20
25
20
4
-27
-55
-70
-69
-70
-83
-104
-116
-119
-133
-156
-179
-195
-196
-184
-159
-124
-87
-51
-26
-8
-2
-4
-29
-64
-90
-100
-100
-94
-84
-69
-48
-20
6
23
26
22
16
14
27
47
75
107
137
158
171
176
173
162
140
109
76
57
58
65
74
91
113
130
135
125
103
84
70
62
61
71
94
114
126
130
130
122
95
51
10
-7
-3
8
13
17
23
34
41
40
27
12
0
-9
-11
-9
-11
-18
-19
-6
12
25
20
-2
-32
-58
-75
-91
-99
-96
-84
-60
-31
-10
-4
-12
-25
-35
-42
-52
-64
-76
-84
-91
-95
-101
-108
-122
-133
-132
-124
-121
-124
-132
-132
-123
-106
-92
-89
-92
-94
-91
-83
-76
-72
-71
-74
-78
-80
-81
-88
-101
-113
-119
-115
-102
-86
-68
-51
-32
-10
12
27
35
35
31
22
12
-1
-13
-22
-23
-11
9
33
56
75
90
103
112
116
111
101
89
76
66
57
56
59
61
63
67
76
86
96
111
127
139
144
146
154
162
160
149
136
124
112
96
78
61
55
56
66
88
117
145
165
177
182
174
155
132
104
81
67
58
54
51
57
68
86
109
123
126
122
115
103
90
75
59
46
33
17
-1
-25
-58
-95
-120
-135
-138
-132
-126
-118
-109
-100
-99
-105
-114
-132
-152
-174
-189
-199
-202
-200
-195
-187
-181
-182
-187
-197
-210
-224
-236
-247
-255
-254
-247
-241
-229
-218
-207
-196
-180
-164
-149
-135
-124
-112
-99
-89
-90
-98
-110
-123
-129
-134
-131
-124
-108
-88
-66
-44
-25
-9
4
18
30
35
35
29
24
25
33
45
58
72
81
85
90
96
98
93
85
77
79
88
98
103
112
126
146
165
178
185
190
193
197
205
211
209
205
200
200
201
194
180
165
159
160
163
168
179
194
214
237
259
275
276
269
256
241
220
199
175
153
139
135
132
128
122
115
109
99
86
71
59
55
59
65
78
92
95
87
69
44
10
-32
-73
-101
-115
-118
-117
-110
-99
-88
-87
-94
-104
-117
-126
-136
-148
-158
-168
-179
-192
-204
-213
-223
-232
-241
-243
-243
-240
-233
-226
-216
-210
-208
-203
-196
-195
-199
-211
-228
-245
-260
-270
-273
-271
-265
-246
-222
-194
-175
-169
-169
-170
-172
-176
-181
-182
-178
-170
-160
-145
-130
-116
-104
-96
-94
-95
-98
-93
-85
-70
-50
-28
-5
15
37
53
59
60
61
67
82
100
117
132
147
162
176
184
188
186
180
175
175
183
193
207
228
250
267
279
283
286
288
284
274
264
259
258
260
260
259
258
253
242
229
213
200
191
188
186
187
191
193
187
175
157
139
122
107
98
93
91
93
93
93
87
70
51
31
12
1
-11
-23
-33
-36
-29
-16
-6
-1
-3
-7
-10
-16
-29
-52
-77
-98
-110
-112
-111
-117
-126
-129
-126
-124
-130
-143
-160
-167
-167
-173
-179
-186
-190
-191
-192
-196
-205
-216
-227
-237
-238
-234
-229
-232
-236
-238
-239
-243
-253
-265
-274
-277
-272
-262
-250
-232
-209
-194
-186
-182
-179
-170
-160
-150
-144
-136
-122
-103
-83
-69
-55
-40
-27
-14
-2
8
20
37
54
66
73
78
84
85
86
85
91
101
114
129
142
164
189
207
219
221
221
220
219
216
210
194
174
161
157
157
159
160
162
171
183
190
195
199
202
207
210
210
213
214
206
192
177
169
166
165
159
150
145
143
140
137
133
134
133
132
132
130
127
116
99
82
65
54
50
47
51
62
68
66
53
34
14
-8
-30
-53
-71
-88
-98
-98
-90
-85
-84
-95
-109
-124
-141
-156
-173
-188
-192
-186
-176
-172
-179
-189
-202
-218
-231
-244
-253
-257
-255
-250
-249
-249
-244
-240
-234
-226
-223
-223
-228
-228
-222
-209
-191
-177
-162
-152
-143
-142
-145
-151
-157
-162
-163
-155
-135
-112
-93
-78
-63
-48
-35
-28
-24
-22
-13
-5
7
16
28
39
47
55
61
68
72
73
77
83
93
106
121
135
143
150
153
157
166
169
171
169
167
164
164
166
174
182
186
185
182
177
173
169
169
169
170
173
177
183
189
189
186
182
182
181
182
186
189
189
184
177
166
152
134
114
97
84
72
65
63
62
63
62
58
54
49
48
40
31
25
18
10
-4
-21
-40
-58
-73
-87
-97
-103
-110
-117
-126
-129
-133
-134
-136
-136
-136
-136
-136
-136
-136
-134
-132
-135
-139
-145
-154
-166
-178
-185
-188
-188
-190
-185
-176
-164
-153
-144
-135
-130
-129
-131
-134
-134
-132
-129
-121
-113
-103
-91
-80
-74
-68
-66
-66
-66
-66
-62
-54
-46
-38
-32
-25
-21
-16
-9
-1
8
18
30
39
49
54
59
59
57
56
57
59
63
71
83
93
103
108
110
109
106
103
101
100
103
108
115
122
129
131
131
130
126
119
114
110
104
100
100
104
108
111
112
107
100
89
77
67
61
57
58
62
65
68
68
63
55
44
29
18
10
5
3
3
5
8
8
9
8
5
-1
-10
-20
-28
-34
-38
-38
-38
-38
-37
-34
-32
-32
-34
-36
-39
-42
-48
-54
-57
-63
-68
-72
-73
-74
-75
-77
-77
-78
-81
-88
-96
-101
-107
-108
-106
-103
-99
-93
-90
-90
-91
-100
-112
-123
-131
-133
-130
-124
-114
-104
-93
-87
-84
-83
-83
-84
-83
-78
-71
-58
-45
-34
-21
-13
-11
-13
-19
-24
-27
-24
-16
-2
15
33
54
71
83
90
91
87
82
78
75
77
83
90
100
109
118
123
126
125
120
115
110
106
103
100
98
101
105
107
104
100
94
91
86
81
74
68
62
60
60
58
57
52
49
47
48
46
42
39
36
37
37
34
29
25
22
21
21
19
17
17
19
21
22
21
16
10
6
3
-2
-8
-14
-17
-17
-14
-11
-10
-11
-14
-17
-21
-26
-33
-43
-54
-64
-69
-73
-78
-84
-90
-92
-92
-91
-94
-97
-102
-105
-106
-104
-102
-103
-107
-111
-114
-116
-120
-125
-129
-129
-126
-120
-113
-105
-98
-92
-84
-76
-67
-60
-54
-50
-45
-38
-33
-30
-28
-25
-20
-15
-7
0
6
12
19
29
41
52
60
67
75
83
89
93
93
94
92
90
90
89
89
89
90
91
92
95
96
94
95
97
97
100
99
99
100
97
97
97
95
93
88
84
79
74
69
67
65
62
59
56
55
54
52
49
45
41
40
38
38
37
36
36
34
29
22
13
4
-5
-12
-15
-21
-25
-29
-31
-33
-35
-40
-46
-51
-58
-61
-64
-68
-71
-75
-76
-77
-78
-82
-86
-91
-93
-97
-101
-104
-109
-112
-114
-114
-116
-117
-118
-119
-118
-114
-111
-110
-109
-108
-106
-101
-97
-94
-90
-88
-83
-79
-78
-78
-76
-76
-74
-70
-64
-59
-53
-47
-41
-35
-29
-24
-18
-13
-8
-2
2
8
14
20
24
29
32
32
33
37
41
45
49
52
57
64
71
77
83
88
91
94
98
100
102
107
109
111
114
116
116
115
111
108
107
106
106
106
109
112
114
117
117
120
121
119
116
112
111
108
106
104
101
97
92
88
83
77
72
68
63
58
56
52
49
45
42
38
31
26
19
10
1
-8
-18
-24
-31
-38
-42
-48
-54
-63
-71
-80
-86
-91
-98
-103
-103
-104
-104
-104
-105
-108
-111
-113
-116
-119
-123
-127
-128
-131
-132
-132
-133
-133
-130
-129
-126
-122
-119
-117
-112
-107
-103
-98
-91
-83
-75
-68
-63
-60
-57
-56
-55
-56
-55
-57
-55
-51
-48
-44
-40
-35
-33
-29
-24
-20
-14
-8
-2
4
8
12
14
15
17
18
21
23
24
25
27
30
33
34
36
38
40
41
46
51
56
62
69
77
82
85
90
92
95
97
100
102
105
107
111
113
116
119
122
124
124
126
128
128
128
128
129
129
129
129
129
131
130
128
126
121
116
110
103
97
89
83
78
75
70
63
56
48
39
31
21
11
3
-3
-9
-17
-24
-30
-36
-43
-48
-55
-63
-72
-80
-86
-93
-101
-109
-114
-120
-123
-128
-130
-130
-130
-131
-130
-131
-131
-132
-134
-134
-133
-131
-130
-129
-128
-127
-126
-125
-124
-122
-119
-116
-112
-108
-103
-97
-94
-88
-85
-82
-80
-78
-75
-75
-72
-69
-66
-60
-56
-53
-53
-51
-48
-46
-43
-38
-32
-25
-18
-12
-9
-4
-2
1
1
2
4
8
11
17
22
30
37
43
50
56
60
64
69
73
80
85
88
93
100
106
110
114
117
121
123
124
125
126
129
132
135
139
146
152
155
157
153
151
147
143
136
131
128
126
127
126
126
122
117
112
106
99
93
86
80
75
72
69
65
61
53
45
38
31
22
13
6
0
-4
-8
-11
-16
-21
-25
-32
-38
-48
-56
-63
-67
-67
-71
-74
-79
-85
-91
-95
-100
-108
-115
-121
-125
-123
-122
-120
-121
-124
-124
-127
-131
-135
-141
-148
-152
-152
-149
-147
-143
-140
-136
-133
-131
-132
-133
-134
-133
-130
-126
-121
-116
-112
-106
-100
-94
-91
-91
-90
-87
-84
-80
-72
-66
-60
-56
-49
-40
-30
-23
-17
-11
-5
3
13
21
31
36
39
44
49
56
58
60
62
65
70
75
77
82
89
93
100
106
112
118
122
126
129
131
133
131
129
129
130
128
127
124
121
120
120
120
120
121
124
123
123
124
124
119
113
108
103
98
95
94
92
87
84
81
76
71
68
60
52
47
42
36
33
31
27
22
18
14
8
2
-5
-12
-18
-25
-29
-34
-38
-41
-44
-49
-53
-59
-65
-70
-75
-80
-84
-86
-88
-87
-91
-94
-96
-99
-102
-104
-105
-106
-107
-107
-107
-106
-105
-105
-107
-108
-109
-108
-105
-101
-98
-95
-92
-87
-83
-81
-81
-80
-77
-76
-73
-70
-66
-60
-55
-50
-45
-41
-40
-36
-35
-32
-29
-25
-21
-19
-15
-10
-4
0
4
8
12
15
18
23
26
28
31
33
35
38
40
43
46
49
53
55
60
62
63
65
68
69
72
73
74
75
77
80
82
82
82
81
82
82
81
80
79
79
77
76
77
78
79
78
78
75
72
68
63
59
56
55
53
50
50
47
45
44
42
37
31
26
21
17
14
11
9
7
8
7
4
2
-1
-7
-11
-15
-21
-26
-28
-30
-31
-30
-30
-32
-33
-37
-39
-43
-48
-52
-53
-54
-55
-54
-55
-57
-57
-61
-62
-63
-65
-66
-68
-65
-66
-67
-67
-68
-68
-69
-73
-72
-69
-68
-67
-66
-62
-60
-58
-56
-54
-52
-51
-50
-50
-51
-51
-49
-48
-47
-44
-39
-34
-32
-30
-27
-25
-22
-21
-16
-14
-9
-4
0
4
8
8
8
9
10
13
15
17
18
21
25
29
33
39
43
46
50
54
57
57
57
59
61
62
60
61
60
60
58
55
52
50
47
46
44
44
47
48
49
49
50
50
48
47
46
46
44
42
39
36
33
31
26
21
19
18
16
13
11
10
11
10
11
10
11
11
9
8
6
3
0
1
1
1
1
0
0
0
1
-1
-1
-2
-2
-1
-2
-4
-5
-5
-6
-7
-9
-13
-15
-16
-17
-21
-22
-23
-24
-25
-28
-30
-32
-35
-34
-34
-37
-37
-39
-37
-39
-42
-42
-41
-42
-44
-43
-40
-39
-40
-40
-37
-36
-36
-36
-35
-34
-32
-32
-31
-29
-25
-22
-21
-15
-13
-10
-7
-5
-4
0
2
2
6
8
11
17
20
22
25
28
31
29
26
28
27
26
25
27
27
26
25
25
23
22
20
19
16
15
14
13
12
10
10
10
7
7
4
2
0
-1
-2
-3
-6
-6
-6
-6
-8
-8
-9
-8
-8
-10
-9
-8
-9
-10
-8
-8
-8
-9
-8
-5
-5
-6
-6
-3
-1
-2
-3
-1
0
0
-2
-1
2
2
1
2
5
6
6
5
5
7
6
5
4
5
5
6
6
6
5
5
5
5
3
3
2
0
1
1
1
-2
-1
-1
-2
-2
-1
0
0
0
-2
-1
0
-2
-4
-2
0
1
3
4
5
8
8
8
7
7
10
10
11
13
14
16
15
15
17
17
15
15
16
18
18
20
20
21
22
21
21
22
20
19
19
20
19
17
14
14
15
13
11
10
9
9
8
7
5
3
2
2
1
-2
-3
-4
-5
-6
-9
-11
-12
-12
-14
-14
-15
-17
-17
-17
-18
-19
-22
-22
-22
-23
-23
-23
-23
-24
-24
-24
-26
-27
-27
-26
-26
-26
-27
-26
-25
-24
-23
-23
-23
-22
-21
-20
-18
-19
-20
-18
-17
-15
-15
-16
-16
-16
-14
-13
-12
-12
-12
-9
-8
-7
-7
-6
-5
-5
-4
-5
-4
-2
-1
0
1
1
2
1
4
6
7
7
8
9
10
11
11
12
12
14
16
17
18
19
18
19
19
19
20
19
19
20
20
20
19
19
20
21
20
19
19
19
20
20
19
17
17
18
18
18
18
19
19
18
18
15
11
11
11
10
10
10
10
10
8
8
7
5
3
2
-1
-2
-3
-4
-4
-5
-5
-2
-2
-2
-2
-5
-6
-7
-10
-11
-11
-11
-11
-9
-9
-12
-13
-13
-14
-16
-18
-20
-22
-22
-20
-19
-19
-20
-20
-21
-22
-23
-23
-23
-24
-25
-23
-22
-21
-18
-17
-17
-18
-20
-19
-19
-19
-20
-20
-21
-19
-19
-18
-17
-16
-16
-17
-17
-17
-18
-18
-17
-15
-11
-10
-7
-6
-6
-4
-4
-4
-4
-3
-1
2
6
8
10
11
12
13
13
12
11
12
12
13
11
14
18
20
22
23
23
25
27
28
29
28
27
29
33
36
39
40
40
38
39
39
40
40
40
40
41
43
42
42
41
42
43
42
41
39
38
39
39
39
39
40
40
39
37
36
35
36
32
30
29
28
26
24
22
19
18
18
14
13
9
6
4
2
-2
-4
-6
-8
-10
-12
-16
-19
-20
-23
-25
-30
-33
-34
-37
-39
-41
-43
-45
-46
-50
-53
-55
-56
-59
-60
-61
-61
-64
-66
-68
-68
-69
-69
-69
-70
-68
-67
-66
-68
-67
-65
-64
-64
-64
-63
-60
-59
-57
-55
-56
-54
-52
-51
-50
-49
-45
-44
-40
-37
-34
-32
-29
-26
-24
-21
-19
-16
-14
-12
-8
-4
-2
0
5
9
12
16
17
20
23
27
30
30
31
35
37
40
44
45
48
53
57
60
60
63
66
68
71
71
72
74
75
77
78
78
78
77
79
79
81
79
79
81
80
81
81
78
76
74
72
71
69
67
63
61
57
54
52
48
45
42
37
34
30
28
26
23
19
15
11
7
3
0
-4
-7
-11
-15
-21
-25
-29
-32
-35
-41
-43
-46
-47
-49
-52
-55
-58
-59
-60
-63
-65
-66
-69
-69
-70
-72
-75
-76
-77
-78
-79
-79
-79
-79
-79
-80
-78
-76
-74
-74
-72
-70
-68
-66
-67
-67
-65
-63
-61
-60
-58
-56
-55
-53
-50
-47
-42
-39
-36
-33
-30
-26
-23
-19
-17
-14
-9
-7
-4
-1
1
6
9
10
12
13
17
21
26
29
33
36
40
42
43
46
48
51
52
55
57
58
59
59
60
60
61
62
63
64
66
67
69
68
69
70
71
72
70
69
68
67
67
65
63
63
61
61
58
56
54
51
48
45
43
43
42
40
39
37
35
33
31
28
25
20
15
11
9
5
2
0
-2
-3
-5
-9
-11
-14
-16
-19
-22
-24
-25
-28
-29
-30
-31
-31
-34
-37
-42
-43
-45
-46
-49
-51
-50
-51
-51
-53
-54
-54
-55
-57
-59
-60
-61
-61
-59
-57
-57
-57
-56
-55
-57
-55
-56
-55
-54
-54
-51
-49
-47
-44
-42
-37
-35
-34
-32
-31
-28
-27
-25
-23
-19
-15
-13
-10
-10
-8
-7
-6
-5
-5
-2
0
1
2
5
9
12
15
15
17
19
19
21
22
23
25
26
26
27
29
31
33
34
34
35
38
39
39
40
41
43
45
46
46
46
45
45
45
43
42
44
45
45
44
45
44
47
46
46
45
44
44
42
43
42
41
39
38
36
33
32
29
27
27
26
23
20
18
17
14
12
10
10
8
4
3
1
-1
-3
-7
-11
-13
-15
-17
-20
-20
-22
-24
-28
-30
-32
-32
-34
-37
-39
-40
-41
-43
-44
-45
-45
-46
-47
-46
-47
-46
-48
-48
-50
-49
-49
-48
-48
-47
-46
-44
-43
-42
-40
-40
-38
-38
-39
-38
-36
-35
-31
-29
-27
-26
-26
-25
-24
-23
-21
-19
-19
-17
-13
-10
-7
-3
0
2
3
3
5
4
7
8
9
12
14
16
18
19
22
23
22
20
21
23
25
26
28
27
28
29
31
31
31
30
31
30
28
26
27
26
28
30
29
27
26
27
28
29
27
26
22
22
23
23
23
21
20
19
19
20
18
17
16
15
14
13
11
8
8
8
9
8
6
5
5
5
6
3
0
-1
0
-1
-2
-5
-6
-6
-6
-7
-8
-10
-9
-8
-9
-11
-12
-13
-11
-10
-10
-11
-12
-13
-13
-14
-14
-16
-19
-20
-20
-22
-20
-20
-18
-17
-17
-16
-15
-15
-15
-16
-18
-18
-17
-17
-17
-17
-16
-15
-16
-17
-17
-18
-17
-17
-18
-17
-16
-15
-13
-11
-10
-9
-8
-5
-3
0
0
0
1
0
0
0
0
-1
-1
0
0
4
6
9
12
15
16
17
19
18
17
16
15
14
16
17
19
21
22
23
22
22
20
21
19
16
15
16
18
19
20
20
21
21
20
18
15
13
9
5
3
5
7
7
6
7
8
6
5
3
1
0
-2
-3
-3
-4
-2
-1
0
-1
-3
-2
-4
-6
-7
-8
-6
-5
-4
-3
-3
-2
-2
-1
-1
0
-1
-3
-2
-2
-3
-2
-3
-4
-4
-4
-4
-5
-8
-8
-6
-6
-6
-6
-8
-8
-7
-7
-8
-9
-11
-13
-14
-15
-17
-17
-19
-19
-21
-22
-23
-26
-26
-26
-25
-27
-25
-24
-24
-22
-20
-21
-21
-20
-19
-17
-19
-17
-16
-16
-14
-13
-12
-11
-8
-6
-5
-2
0
3
5
9
12
14
15
16
17
18
19
20
20
21
24
24
26
28
28
28
29
27
28
28
28
29
31
31
31
31
31
29
27
25
24
22
21
20
18
17
15
15
13
14
14
14
14
11
8
8
5
3
1
-1
-3
-2
-3
-3
-3
-2
-3
-3
-4
-5
-5
-6
-5
-6
-6
-5
-4
-3
-1
-1
-2
-2
-3
-4
-6
-8
-8
-10
-9
-9
-8
-8
-7
-7
-9
-10
-8
-10
-10
-12
-13
-12
-14
-15
-15
-15
-15
-14
-17
-16
-16
-18
-18
-18
-16
-19
-18
-17
-17
-16
-15
-15
-14
-14
-15
-14
-15
-15
-16
-15
-14
-12
-11
-11
-10
-10
-7
-6
-5
-4
-4
-4
-5
-5
-2
-2
-1
1
2
3
4
5
6
7
8
8
8
7
8
9
10
10
12
12
14
13
15
16
17
17
19
17
16
15
14
13
13
12
11
12
12
11
10
11
12
12
12
14
14
13
13
10
10
8
7
6
7
7
6
5
5
5
4
1
2
0
1
0
0
1
2
2
2
2
2
3
1
0
0
-3
-2
-3
-3
-4
-4
-5
-6
-4
-5
-5
-5
-4
-4
-4
-3
-3
-4
-5
-6
-6
-8
-7
-7
-6
-4
-3
-2
-3
-4
-3
-4
-6
-6
-9
-8
-9
-8
-6
-4
-4
-5
-7
-6
-7
-8
-8
-9
-7
-7
-4
-4
-2
-1
-2
-2
-1
-2
-3
-4
-4
-4
-3
-2
-2
-1
0
-1
-1
-1
-1
-1
1
1
3
3
2
4
5
4
4
4
4
4
5
6
6
4
4
5
4
6
6
7
8
8
10
10
10
9
9
9
8
7
8
6
7
8
8
9
9
8
8
8
7
8
7
5
5
5
5
4
3
4
3
2
0
0
0
-2
-3
-4
-4
-3
-3
-4
-5
-4
-5
-6
-8
-8
-7
-8
-9
-10
-11
-11
-10
-11
-10
-10
-10
-11
-10
-12
-12
-12
-13
-14
-13
-13
-13
-14
-14
-14
-12
-12
-12
-13
-12
-12
-14
-13
-15
-15
-13
-12
-13
-13
-13
-13
-14
-13
-14
-12
-11
-11
-11
-11
-10
-9
-9
-7
-6
-5
-4
-4
-4
-3
-3
-5
-6
-4
-1
1
2
3
5
5
5
6
5
7
8
9
9
10
12
13
14
14
14
16
16
17
17
18
19
19
21
20
20
20
20
20
20
21
22
22
22
22
23
23
20
19
19
18
19
20
19
19
19
17
17
16
14
15
14
15
14
11
10
9
8
7
5
5
5
3
3
3
2
1
0
0
-2
-3
-3
-5
-5
-5
-6
-7
-9
-11
-11
-9
-10
-10
-9
-10
-11
-12
-12
-12
-12
-12
-13
-14
-14
-13
-13
-14
-14
-15
-15
-15
-16
-14
-13
-13
-14
-13
-13
-13
-13
-14
-13
-12
-12
-12
-11
-11
-9
-8
-8
-8
-8
-9
-9
-7
-6
-6
-5
-4
-3
-2
-2
-1
1
1
1
0
1
1
2
3
3
5
6
8
7
7
9
11
10
11
12
13
14
15
14
15
15
15
14
14
14
14
15
13
14
14
13
13
12
11
11
10
11
11
10
9
9
7
7
8
7
6
5
4
3
3
4
3
3
3
3
2
1
1
0
1
0
-2
-4
-4
-4
-6
-5
-6
-5
-6
-6
-6
-8
-9
-9
-11
-11
-11
-12
-14
-14
-14
-14
-15
-14
-15
-16
-17
-17
-17
-17
-18
-20
-20
-20
-20
-20
-20
-21
-21
-20
-20
-19
-17
-16
-15
-15
-15
-15
-15
-14
-12
-13
-12
-10
-10
-9
-8
-9
-8
-8
-8
-8
-8
-6
-6
-5
-5
-5
-4
-3
-2
-1
0
-1
1
1
4
4
5
4
5
5
5
6
8
8
8
7
9
9
10
11
12
13
13
12
12
12
13
12
13
13
13
14
13
14
13
13
13
13
13
12
11
12
13
14
14
15
14
13
13
11
11
12
13
10
8
8
10
9
8
8
8
8
7
8
8
10
10
8
9
8
8
6
5
5
5
6
5
5
3
2
2
1
1
1
1
2
2
4
5
6
7
6
5
3
1
1
-1
-1
-2
-4
-2
-3
-5
-5
-5
-5
-6
-5
-5
-5
-5
-5
-4
-3
-3
-1
-2
-4
-5
-6
-6
-6
-9
-9
-10
-9
-8
-8
-8
-6
-4
-4
-3
-4
-4
-2
-3
-4
-5
-3
-3
-3
-3
-3
-3
-3
-2
-2
-3
-4
-4
-4
-3
-3
-1
-2
-1
-1
0
0
0
0
-2
-1
-2
-1
-1
0
0
2
2
2
1
0
0
-1
-1
-1
0
2
2
4
4
4
2
0
-1
-2
-4
-4
-3
-1
0
3
4
4
2
2
0
1
0
0
0
1
1
1
1
0
-1
-1
-2
-2
-2
-2
-1
0
0
1
0
1
1
0
0
0
1
1
1
0
-1
0
-1
0
0
-1
0
-1
-1
-1
-1
0
-1
-1
-1
0
0
0
0
1
0
1
1
-1
-1
-2
-2
-4
-2
-2
-2
-3
-3
-4
-4
-3
-2
-2
-2
-3
-2
-2
-4
-3
-1
0
-1
-1
-2
0
0
-1
-1
-1
0
-2
-1
-2
0
1
0
0
0
-1
-3
-2
-4
-1
1
0
2
2
1
2
4
3
1
1
0
0
1
3
4
5
4
3
5
4
4
3
3
2
4
4
4
3
