1
0
1
0
1
1
1
1
1
0
0
1
0
1
0
0
-1
0
-2
-1
0
0
0
0
0
-1
0
0
0
0
0
1
1
1
0
0
0
0
-1
0
0
0
0
-1
-1
-2
-2
-2
-1
-1
-1
-1
-1
-1
-1
-2
-1
-1
-1
0
-1
-1
-1
-2
-2
-3
-2
-2
-2
-2
-3
-3
-4
-4
-4
-4
-4
-4
-5
-4
-5
-4
-4
-3
-2
-2
-2
-2
-2
-3
-2
-3
-2
-2
-2
-2
-3
-2
-3
-3
-3
-3
-2
-2
-2
-2
-3
-3
-3
-2
-1
-1
0
1
1
1
1
2
2
2
3
4
4
4
4
3
2
2
3
4
4
4
4
3
3
3
2
4
4
4
4
5
5
4
4
5
6
6
6
6
6
7
6
5
4
5
4
4
4
4
5
4
4
2
2
1
1
1
1
3
2
3
3
2
3
3
4
3
4
4
4
4
3
3
2
1
2
1
2
1
1
1
0
-1
-1
-1
0
0
1
0
0
0
-1
0
0
0
0
0
0
0
-1
-1
-1
-1
-2
-1
0
0
0
-1
-2
-2
-2
-3
-2
-3
-3
-2
-3
-2
-2
-2
-2
-2
-2
-1
-1
-1
-1
0
-1
-1
-2
-1
-1
-1
-1
-1
-1
-2
-2
-2
-3
-3
-3
-2
-2
-1
-1
-1
-1
-1
-2
0
-1
0
0
-1
-1
-1
0
-1
-1
-1
0
0
-2
-1
-2
-2
-2
-2
-1
-2
-1
-1
-1
-2
-2
-1
-1
-2
-1
-1
-1
-1
-1
-1
-1
-2
-1
-1
0
0
1
0
0
-1
0
0
-1
0
0
1
0
0
0
0
1
1
1
1
2
2
3
2
2
3
4
3
4
3
2
3
3
4
4
4
4
4
4
4
3
4
4
3
0
-2
-1
-2
-1
-1
-1
-2
-4
-5
-6
-6
-5
-4
-3
-4
-3
-4
-5
-4
-3
-2
-1
0
0
0
0
1
1
2
1
3
3
1
0
0
-2
-3
-4
-3
-2
-2
-3
-2
-4
-4
-4
-3
-2
0
2
3
4
3
3
4
5
7
8
7
8
7
6
4
3
4
3
5
6
7
6
4
3
2
3
5
7
9
11
10
7
6
5
5
6
9
10
8
6
3
0
-3
-6
-8
-9
-9
-10
-12
-16
-20
-23
-28
-29
-29
-29
-30
-32
-33
-37
-40
-43
-45
-48
-48
-51
-55
-58
-61
-64
-67
-68
-70
-73
-76
-76
-71
-65
-46
-26
-8
2
11
15
18
34
52
75
91
105
111
102
94
85
83
80
86
87
75
56
33
15
-5
-12
-16
-21
-29
-35
-38
-48
-49
-44
-33
-19
-1
18
29
40
47
54
57
62
68
73
75
72
62
47
31
14
6
-4
-12
-17
-28
-39
-50
-56
-59
-54
-44
-29
-15
-2
12
20
28
38
51
66
88
109
122
129
125
116
105
97
94
92
92
86
75
57
33
12
-4
-11
-12
-9
-9
-14
-22
-31
-36
-38
-30
-16
0
10
15
15
7
5
2
4
12
17
17
9
-3
-21
-37
-51
-58
-61
-67
-71
-86
-98
-116
-131
-138
-140
-135
-134
-137
-144
-156
-171
-185
-193
-187
-165
-125
-78
-38
-17
-11
-17
-19
-5
19
61
101
145
168
166
149
112
86
67
77
90
97
88
57
18
-35
-76
-110
-119
-117
-107
-95
-102
-113
-131
-134
-123
-97
-58
-18
20
47
64
63
57
53
56
70
89
94
86
59
26
-8
-35
-50
-59
-61
-66
-76
-94
-114
-130
-134
-124
-101
-69
-36
-9
13
27
43
64
92
125
158
183
198
199
192
181
172
163
156
148
145
138
122
99
67
43
20
5
-3
-4
-4
-5
-2
-4
-3
-3
2
17
38
61
77
90
98
102
106
106
106
100
96
90
82
71
52
33
12
-2
-11
-20
-29
-38
-47
-60
-71
-81
-85
-86
-80
-78
-75
-76
-79
-76
-75
-70
-67
-62
-61
-58
-58
-63
-66
-70
-67
-69
-68
-73
-82
-91
-102
-107
-111
-105
-103
-96
-92
-89
-86
-84
-79
-71
-60
-54
-48
-45
-38
-32
-28
-27
-25
-17
-12
-4
-1
0
-3
-9
-12
-12
-10
-11
-9
-7
-9
-13
-22
-30
-31
-30
-25
-17
-9
-6
-5
-5
-5
-4
-2
5
13
20
28
31
35
37
42
46
54
59
68
74
77
78
74
77
78
83
90
97
101
101
102
96
96
95
100
108
114
120
121
120
116
107
99
98
101
106
110
108
101
88
73
60
52
46
45
49
46
39
26
9
-3
-16
-21
-22
-22
-18
-18
-16
-28
-43
-61
-77
-84
-89
-85
-86
-94
-107
-127
-148
-172
-189
-205
-219
-230
-239
-226
-198
-152
-116
-90
-77
-83
-95
-108
-85
-40
30
106
165
196
171
132
84
67
78
110
155
171
170
122
59
-17
-80
-111
-119
-102
-86
-76
-94
-130
-169
-198
-200
-181
-136
-88
-45
-24
-26
-41
-60
-63
-47
-13
20
46
57
48
34
14
0
-9
-4
13
25
32
25
12
-9
-19
-19
-5
14
29
43
46
49
48
52
57
64
75
88
97
101
109
109
110
116
124
139
150
153
143
126
106
89
80
83
89
89
84
64
35
5
-20
-32
-32
-16
-1
1
-11
-29
-45
-54
-49
-33
-11
11
30
40
45
52
58
64
66
79
93
102
102
94
86
73
55
39
30
21
12
2
-14
-29
-51
-68
-83
-89
-91
-96
-100
-105
-109
-110
-109
-107
-101
-93
-88
-86
-86
-85
-85
-84
-80
-80
-80
-88
-100
-111
-114
-111
-104
-98
-98
-106
-122
-136
-141
-138
-122
-104
-88
-75
-68
-70
-77
-82
-79
-65
-46
-25
-7
2
3
-2
-7
-8
-4
4
17
27
37
42
45
43
38
35
35
41
49
59
66
71
77
79
82
84
87
89
86
84
82
80
80
77
74
72
68
65
63
61
61
58
55
57
61
67
71
72
72
70
71
75
80
87
93
98
102
106
108
108
106
102
100
99
99
98
97
93
86
79
73
69
68
67
69
70
71
69
66
61
55
50
45
41
34
26
15
2
-12
-28
-42
-58
-74
-86
-96
-106
-117
-130
-143
-153
-160
-165
-166
-167
-169
-168
-166
-159
-150
-144
-140
-139
-141
-140
-138
-135
-132
-130
-132
-139
-148
-156
-160
-160
-157
-151
-146
-146
-150
-154
-160
-158
-148
-129
-108
-88
-71
-62
-58
-59
-54
-44
-23
4
30
49
57
56
49
46
47
54
65
74
83
89
91
87
82
78
76
82
90
98
107
110
110
105
97
92
90
93
96
98
99
95
91
86
79
73
68
65
62
61
62
62
63
63
59
53
51
53
56
63
69
73
77
77
77
80
80
89
96
103
111
118
122
124
127
134
140
146
156
167
171
174
173
163
160
152
150
150
142
137
125
117
102
77
69
63
50
37
23
-4
-30
-45
-52
-59
-73
-85
-99
-113
-133
-161
-175
-176
-176
-167
-162
-166
-179
-197
-198
-191
-187
-190
-195
-194
-194
-195
-200
-209
-225
-236
-235
-231
-231
-247
-261
-265
-258
-248
-238
-225
-212
-205
-199
-197
-201
-208
-195
-159
-117
-80
-51
-41
-40
-41
-25
-1
35
75
110
145
157
151
135
119
110
113
130
144
150
149
137
118
91
71
59
62
77
85
90
79
57
31
13
15
22
35
47
55
56
44
35
30
29
39
59
79
92
99
92
75
66
75
95
110
135
152
164
169
160
152
142
145
161
184
206
214
219
201
190
188
177
184
198
214
230
232
216
184
139
100
107
122
125
122
87
81
83
50
1
-44
-35
-7
-6
-12
-36
-82
-117
-131
-150
-160
-184
-192
-161
-143
-149
-176
-208
-217
-202
-179
-170
-150
-130
-123
-137
-150
-150
-154
-131
-109
-95
-93
-110
-121
-144
-159
-163
-175
-177
-185
-209
-240
-296
-357
-371
-348
-319
-290
-272
-285
-326
-365
-365
-322
-270
-202
-129
-83
-69
-88
-94
-72
-31
55
145
209
227
198
169
141
152
199
241
273
265
234
177
114
75
72
104
125
143
134
84
33
-12
-20
-4
25
59
74
64
28
-11
-37
-42
-6
36
73
86
71
44
6
-2
14
60
111
135
143
121
104
97
118
167
222
276
290
279
264
270
305
335
377
395
398
378
345
336
331
344
361
376
359
305
244
193
184
188
200
195
143
80
6
-38
-46
-38
-20
-29
-58
-110
-165
-204
-219
-195
-162
-131
-137
-175
-223
-272
-277
-244
-194
-158
-157
-175
-216
-246
-268
-262
-229
-197
-167
-178
-220
-259
-292
-307
-291
-255
-241
-253
-291
-342
-363
-405
-410
-376
-337
-305
-322
-353
-398
-404
-364
-300
-237
-208
-199
-200
-189
-143
-98
-20
41
85
127
133
151
148
177
242
289
323
306
272
234
212
229
238
255
238
200
161
107
89
73
84
99
81
67
26
-11
-26
-18
21
49
59
30
-7
-21
-21
17
50
74
73
36
26
25
42
66
92
129
136
141
148
168
181
186
213
252
302
322
332
322
301
302
311
349
377
381
372
347
318
297
291
281
275
261
237
200
141
98
68
45
36
7
-33
-77
-125
-146
-153
-152
-150
-168
-195
-218
-235
-239
-229
-222
-204
-203
-228
-241
-256
-247
-214
-185
-173
-184
-210
-219
-208
-190
-166
-169
-181
-199
-218
-221
-240
-248
-258
-270
-290
-327
-347
-391
-393
-383
-364
-343
-367
-400
-422
-413
-373
-317
-284
-268
-267
-253
-212
-142
-92
-37
9
39
87
109
138
185
219
272
295
286
283
255
266
279
283
293
263
224
192
167
161
157
152
143
118
89
59
38
24
28
41
48
39
0
-21
-28
-20
4
6
4
-5
-19
-12
2
7
8
8
15
41
71
97
119
130
138
167
196
241
304
342
363
359
348
376
404
438
491
511
501
483
432
406
403
396
422
402
338
275
199
167
164
143
121
65
-11
-50
-75
-97
-97
-129
-146
-162
-193
-194
-220
-234
-220
-222
-210
-227
-258
-260
-247
-227
-199
-210
-245
-251
-248
-227
-199
-215
-211
-247
-278
-260
-274
-257
-282
-284
-306
-335
-383
-422
-415
-421
-376
-375
-411
-455
-497
-469
-420
-400
-369
-382
-366
-339
-303
-247
-221
-180
-121
-60
-21
3
40
103
167
207
220
221
218
254
292
309
309
276
271
274
280
282
260
244
231
218
207
182
161
148
140
141
123
91
64
49
57
58
54
32
16
12
0
13
2
3
10
15
31
35
43
66
87
121
152
176
191
207
243
308
373
366
379
358
383
453
474
507
509
475
485
490
463
457
413
401
408
355
307
251
178
160
131
75
39
-40
-74
-75
-123
-151
-205
-252
-246
-263
-271
-277
-317
-315
-316
-335
-327
-341
-342
-308
-301
-294
-295
-303
-280
-275
-262
-237
-246
-249
-235
-257
-243
-255
-287
-246
-261
-264
-286
-332
-349
-395
-389
-360
-336
-382
-411
-417
-426
-409
-451
-425
-380
-377
-343
-337
-316
-294
-278
-203
-138
-118
-89
-60
2
52
75
112
150
180
213
223
217
224
240
275
296
291
275
274
268
277
287
272
269
257
249
262
231
204
192
171
186
156
124
112
79
78
47
38
25
9
-2
-9
-4
-22
-22
-9
5
34
47
69
98
93
127
150
258
286
292
316
309
386
412
450
502
526
533
555
534
505
513
520
562
558
465
413
360
326
331
262
214
143
74
54
11
-52
-94
-136
-173
-190
-246
-277
-294
-321
-313
-336
-385
-388
-402
-372
-347
-385
-380
-379
-368
-324
-320
-303
-271
-270
-282
-264
-270
-268
-250
-256
-215
-225
-268
-284
-291
-312
-312
-315
-290
-285
-324
-326
-332
-365
-382
-377
-347
-313
-338
-315
-298
-294
-290
-268
-240
-208
-178
-146
-90
-91
-82
-64
-30
16
37
51
79
81
108
143
154
177
178
193
222
239
245
281
288
266
269
290
313
289
281
298
290
274
248
219
204
221
212
190
178
132
113
109
121
115
85
78
91
88
94
87
108
129
143
179
202
235
224
260
294
327
349
387
449
462
462
472
476
486
509
518
528
492
454
420
403
364
319
275
230
178
128
98
44
-14
-77
-127
-162
-191
-233
-271
-302
-340
-371
-397
-408
-422
-434
-436
-429
-432
-435
-439
-413
-384
-394
-369
-355
-337
-328
-333
-313
-295
-280
-292
-279
-282
-293
-284
-291
-271
-304
-315
-304
-307
-317
-321
-304
-318
-341
-355
-316
-296
-303
-310
-279
-255
-248
-240
-221
-196
-193
-149
-124
-106
-116
-101
-62
-28
-19
-22
-16
-9
28
51
73
82
97
111
133
150
176
209
233
255
269
276
286
307
315
331
318
327
328
310
319
311
307
278
260
242
234
210
197
197
183
157
160
156
161
182
171
213
183
195
223
227
252
259
297
330
348
344
367
404
406
424
445
437
440
423
429
420
376
359
343
324
282
230
192
151
100
53
17
-24
-79
-120
-156
-205
-245
-281
-304
-335
-376
-402
-412
-422
-441
-463
-461
-447
-438
-430
-440
-433
-436
-422
-382
-373
-363
-362
-356
-356
-352
-346
-323
-292
-311
-320
-331
-318
-300
-282
-272
-267
-272
-295
-294
-297
-276
-261
-246
-229
-213
-215
-205
-201
-182
-160
-150
-120
-121
-105
-107
-98
-86
-59
-49
-34
-12
-5
-4
-5
20
42
66
69
100
106
117
133
153
188
204
224
235
252
259
280
300
323
331
322
315
324
340
343
345
327
319
299
288
293
285
291
284
289
293
263
282
308
327
337
314
317
345
368
382
410
427
430
443
447
466
496
499
503
494
473
460
445
436
414
382
344
306
276
236
193
154
100
62
11
-33
-69
-130
-174
-219
-271
-321
-355
-387
-424
-467
-502
-532
-548
-562
-571
-563
-573
-569
-579
-605
-573
-546
-526
-529
-511
-491
-506
-488
-462
-433
-435
-432
-412
-415
-417
-373
-333
-300
-332
-344
-343
-337
-273
-271
-268
-270
-222
-186
-187
-183
-173
-141
-123
-95
-78
-78
-85
-61
-45
-26
-27
-20
-8
-21
-22
-19
6
25
36
27
43
55
77
102
116
134
137
155
172
204
217
230
253
257
252
256
271
286
295
291
292
290
294
288
293
287
287
293
288
294
286
330
348
363
357
324
358
381
405
419
447
478
492
489
483
503
524
547
586
601
580
573
551
560
538
511
503
481
448
394
344
301
253
217
179
120
72
18
-21
-82
-151
-187
-226
-283
-345
-379
-396
-441
-496
-523
-571
-598
-617
-633
-635
-683
-687
-685
-659
-671
-685
-687
-676
-637
-657
-656
-644
-623
-586
-619
-599
-542
-476
-410
-450
-471
-479
-398
-344
-329
-311
-264
-205
-214
-223
-207
-143
-108
-79
-67
-55
-75
-59
-16
10
16
-12
-5
-4
-12
-30
-13
12
12
-12
-31
-18
7
29
24
26
27
47
62
74
85
97
120
134
132
131
150
173
206
210
224
232
239
241
253
275
286
290
300
305
323
378
385
418
395
396
447
474
504
513
551
584
609
616
623
645
672
690
713
708
692
689
692
697
680
647
628
620
582
528
496
474
433
381
338
305
256
207
158
103
60
5
-39
-89
-145
-185
-222
-272
-333
-391
-426
-447
-499
-541
-555
-580
-628
-662
-666
-687
-704
-723
-734
-744
-757
-752
-775
-754
-766
-754
-756
-696
-629
-655
-671
-707
-597
-559
-528
-495
-435
-334
-343
-349
-334
-252
-177
-122
-95
-64
-90
-88
-43
12
48
19
23
32
20
-12
-8
30
42
6
-33
-33
-12
-2
-12
-7
-8
-16
-26
-16
-2
15
17
20
10
-14
7
37
70
55
52
69
89
91
94
135
153
167
170
188
232
260
299
356
358
352
377
439
509
524
541
584
629
646
653
687
727
759
767
782
790
777
771
774
779
753
716
688
662
625
588
551
518
468
411
375
350
298
241
203
170
130
63
15
-11
-39
-82
-129
-163
-194
-242
-294
-310
-331
-377
-425
-467
-486
-507
-550
-595
-626
-661
-686
-736
-748
-758
-780
-787
-783
-721
-760
-795
-832
-780
-702
-711
-699
-665
-559
-531
-552
-541
-458
-385
-341
-291
-239
-216
-234
-210
-137
-78
-84
-76
-58
-50
-83
-110
-55
-14
-23
-47
-65
-60
-60
-56
-35
-31
-38
-49
-65
-70
-81
-61
-39
-53
-82
-113
-101
-69
-66
-58
-54
-62
-71
-71
-36
3
13
40
80
107
125
126
199
255
284
313
347
407
451
503
564
606
623
659
706
756
783
812
843
851
838
836
850
865
857
826
802
769
739
702
676
653
607
550
504
469
414
368
335
307
243
178
151
124
99
53
2
-37
-67
-79
-114
-162
-200
-212
-220
-275
-341
-366
-366
-374
-409
-459
-527
-545
-573
-563
-585
-570
-536
-604
-631
-704
-643
-612
-600
-602
-588
-520
-523
-547
-570
-499
-455
-403
-373
-339
-338
-375
-350
-278
-239
-253
-252
-227
-202
-250
-262
-223
-186
-189
-213
-208
-206
-220
-218
-184
-174
-183
-201
-191
-184
-204
-193
-166
-143
-167
-201
-185
-163
-159
-146
-133
-121
-125
-141
-101
-74
-61
-5
28
80
70
72
138
181
228
257
309
357
389
423
488
543
581
617
660
708
733
761
799
821
822
824
824
838
831
816
797
783
757
709
673
658
641
599
559
517
470
426
402
374
328
267
222
197
171
127
96
73
27
-16
-58
-66
-66
-94
-127
-177
-223
-235
-257
-256
-272
-345
-355
-391
-383
-409
-373
-297
-356
-440
-540
-463
-394
-384
-404
-372
-309
-342
-413
-446
-357
-295
-265
-260
-272
-329
-379
-359
-273
-245
-310
-357
-359
-348
-409
-449
-411
-362
-380
-450
-477
-456
-447
-438
-418
-420
-432
-452
-437
-407
-417
-418
-388
-361
-384
-425
-405
-337
-294
-298
-304
-294
-278
-269
-226
-171
-148
-124
-82
-15
17
16
55
121
186
219
253
309
365
409
454
498
526
548
590
662
709
701
689
702
724
725
711
720
742
728
684
646
620
603
584
586
576
527
466
432
434
417
382
353
338
304
266
256
265
251
216
185
158
136
119
115
135
108
61
2
-19
-17
-26
-36
-90
-120
-176
-152
-173
-109
-70
-117
-183
-291
-195
-148
-118
-134
-73
-19
-81
-135
-138
-41
-5
34
47
16
-82
-146
-90
-20
-43
-127
-182
-208
-246
-323
-349
-343
-345
-397
-478
-531
-554
-563
-562
-567
-590
-623
-663
-659
-658
-663
-668
-657
-646
-668
-691
-676
-626
-605
-570
-569
-546
-552
-531
-459
-422
-382
-361
-297
-239
-181
-136
-69
-31
1
82
143
202
215
287
382
438
469
473
508
560
611
657
687
674
663
661
671
667
646
646
641
598
533
486
470
465
449
426
375
323
297
288
283
280
266
247
213
179
169
181
221
224
183
144
133
134
158
180
170
149
110
122
106
88
53
59
80
65
20
54
167
141
69
-54
46
114
110
113
165
278
211
139
107
163
196
247
341
347
207
52
64
165
190
117
39
9
-59
-179
-263
-273
-240
-263
-331
-431
-523
-589
-596
-547
-534
-595
-693
-748
-752
-756
-765
-747
-721
-748
-823
-858
-809
-755
-720
-693
-692
-722
-741
-690
-618
-555
-502
-466
-431
-435
-401
-301
-209
-130
-94
-15
46
45
71
146
279
366
394
410
418
464
509
571
611
602
596
592
615
612
583
550
534
524
485
417
382
376
375
339
274
233
202
180
183
188
187
145
99
105
102
96
100
110
125
89
64
61
90
134
116
113
89
97
121
87
92
75
78
94
89
243
273
229
96
69
221
248
275
279
427
499
410
308
286
350
425
541
625
560
365
246
283
382
380
315
265
219
115
-42
-143
-119
-69
-81
-171
-310
-435
-534
-529
-459
-437
-522
-650
-711
-737
-770
-774
-716
-685
-745
-845
-890
-877
-836
-746
-676
-682
-769
-799
-743
-664
-600
-517
-447
-431
-463
-438
-327
-260
-172
-105
-14
28
-5
9
68
185
279
313
318
296
312
351
387
417
418
404
393
385
389
364
326
318
321
303
240
197
194
194
175
161
146
111
73
83
110
106
74
63
74
53
28
22
45
42
17
12
15
10
-21
-21
3
27
12
-27
-33
-26
-17
-7
-8
135
245
237
131
38
162
248
335
387
508
590
536
497
470
490
526
666
843
858
680
506
468
536
569
562
538
479
380
232
85
17
29
91
89
-26
-182
-361
-447
-421
-344
-316
-419
-533
-605
-655
-680
-673
-614
-592
-643
-698
-754
-777
-730
-652
-560
-579
-633
-669
-668
-605
-506
-394
-355
-371
-378
-312
-281
-243
-181
-85
-15
-24
-10
-15
20
65
131
193
173
157
162
178
196
199
209
196
178
191
190
170
133
118
129
113
100
89
77
58
42
46
43
20
26
32
38
-4
-40
-35
-49
-41
-57
-48
-77
-119
-136
-125
-105
-110
-123
-140
-130
-165
-211
-210
-174
-104
-126
-26
143
206
112
-57
63
218
320
365
531
709
678
583
550
596
595
672
920
1101
981
703
524
569
632
640
646
634
560
378
187
76
29
46
99
152
102
-116
-338
-410
-312
-207
-196
-243
-292
-352
-397
-396
-360
-331
-330
-304
-286
-296
-322
-336
-300
-271
-246
-252
-300
-318
-302
-230
-206
-256
-259
-244
-218
-228
-245
-217
-226
-227
-192
-141
-134
-163
-157
-142
-137
-130
-84
-9
14
2
-30
-43
-30
-15
38
83
91
57
5
-22
-52
-64
-59
-34
-15
-60
-138
-214
-243
-239
-228
-222
-233
-290
-352
-384
-375
-360
-362
-359
-356
-347
-343
-325
-341
-379
-360
-306
-272
-279
-240
2
252
304
155
5
50
160
284
467
737
911
863
712
552
440
425
625
964
1123
954
635
391
289
270
280
360
415
389
217
-49
-242
-320
-273
-152
0
87
-4
-168
-253
-202
-113
-54
70
190
249
248
222
229
195
179
231
319
402
424
375
248
123
59
30
8
-10
17
14
-88
-206
-279
-295
-311
-286
-197
-157
-208
-295
-295
-226
-154
-66
-3
41
37
40
88
117
140
160
184
200
160
95
22
-31
-46
-61
-108
-201
-305
-398
-462
-510
-544
-568
-595
-602
-601
-618
-657
-689
-664
-608
-535
-476
-429
-384
-367
-356
-340
-314
-240
-219
-202
-201
-195
-195
-172
95
357
392
157
6
77
69
15
151
539
800
725
571
344
69
-112
57
544
761
674
414
185
38
-196
-261
-172
61
233
159
1
-233
-360
-396
-248
40
190
206
143
200
273
227
205
222
315
397
506
620
588
468
315
234
162
160
254
321
332
247
130
-75
-307
-366
-250
-24
101
122
94
29
-17
-34
95
239
348
410
440
493
473
462
445
430
418
372
337
270
229
176
97
-8
-145
-277
-403
-457
-463
-460
-483
-529
-571
-624
-640
-595
-520
-439
-373
-268
-183
-154
-146
-125
-91
-95
-82
-44
-31
-62
-119
-177
-271
-368
-412
-461
-547
-603
-625
-648
-719
-780
-614
-293
-83
-83
-186
-150
-118
-183
-97
270
745
951
963
785
498
185
41
249
460
603
565
390
177
-176
-520
-769
-737
-494
-313
-326
-421
-433
-517
-591
-583
-389
-131
39
287
481
521
400
307
365
427
524
618
716
698
573
399
137
-35
-97
-31
29
-2
-49
-167
-293
-398
-395
-332
-240
-104
77
261
322
390
498
605
656
691
778
836
826
775
755
700
623
539
430
308
141
9
-76
-132
-195
-254
-281
-289
-325
-379
-388
-356
-275
-183
-107
-34
24
72
80
74
109
145
147
148
147
124
28
-131
-267
-374
-436
-491
-544
-573
-611
-670
-741
-781
-785
-754
-712
-664
-576
-510
-302
109
494
629
461
355
276
118
56
323
761
960
953
722
356
-235
-724
-768
-568
-254
-134
-148
-264
-497
-825
-1164
-1190
-947
-594
-328
-62
204
229
105
-14
51
138
182
317
533
692
629
433
150
-112
-308
-369
-324
-279
-249
-321
-442
-549
-534
-479
-428
-298
-136
26
92
185
318
445
565
680
800
825
786
721
679
610
553
600
648
614
445
278
132
-28
-144
-140
-8
141
275
312
247
108
4
22
141
324
462
540
519
432
294
138
37
-22
-14
-10
-39
-90
-147
-199
-269
-305
-322
-303
-264
-174
-91
-71
-79
-114
-126
-137
-88
-24
-39
-108
-169
-177
-249
-346
-428
-446
-502
-639
-710
-604
-183
247
470
383
190
51
-171
-312
-240
167
616
889
909
665
218
-338
-664
-708
-508
-300
-177
-88
-113
-309
-685
-958
-1020
-914
-760
-524
-218
-6
113
140
166
108
-1
-106
-132
-20
121
237
200
101
-27
-176
-323
-447
-467
-455
-393
-301
-130
46
144
134
32
-17
-33
22
128
312
527
646
666
572
468
321
185
129
143
220
273
347
386
387
358
311
313
380
513
604
624
614
577
475
338
230
190
210
236
250
209
96
-51
-174
-216
-193
-130
-67
-20
33
97
149
143
122
143
203
244
280
344
389
367
285
223
147
61
-29
-106
-142
-178
-194
-254
-318
-377
-415
-417
-448
-451
-481
-486
-488
-478
-396
-268
20
414
740
706
384
74
-151
-343
-478
-314
46
341
384
204
-116
-569
-952
-1116
-1005
-789
-559
-354
-197
-111
-189
-325
-466
-469
-384
-300
-178
-33
168
269
291
232
90
-90
-263
-341
-370
-363
-371
-351
-336
-311
-283
-314
-358
-424
-408
-325
-178
29
214
348
389
399
344
249
150
80
60
90
212
333
382
334
277
206
107
13
-16
60
141
269
411
530
583
539
461
318
174
74
54
101
190
311
383
393
345
277
176
82
56
110
230
362
490
554
537
461
384
317
245
208
195
217
258
314
346
283
151
19
-66
-140
-188
-173
-84
4
19
30
67
78
19
-49
-90
-109
-129
-171
-215
-308
-431
-574
-722
-829
-847
-776
-563
-208
122
223
77
-92
-245
-409
-536
-465
-145
191
357
280
59
-212
-445
-567
-581
-529
-494
-436
-335
-197
-115
-147
-228
-305
-365
-445
-465
-409
-276
-112
40
178
215
162
52
-34
-94
-144
-174
-197
-176
-116
-11
80
101
18
-115
-213
-218
-130
-46
43
130
188
133
-5
-103
-180
-225
-257
-188
-42
74
142
180
218
234
251
289
343
391
414
421
410
431
517
632
686
691
654
580
481
377
296
231
210
233
293
333
359
401
446
474
454
428
410
432
482
508
494
455
437
426
385
305
210
126
78
69
76
95
110
122
116
75
10
-47
-60
-67
-88
-113
-123
-146
-209
-266
-294
-323
-386
-464
-545
-630
-700
-736
-743
-791
-866
-891
-857
-715
-343
159
468
477
383
273
26
-344
-578
-525
-290
-17
156
146
-37
-255
-424
-559
-626
-604
-515
-415
-282
-118
-20
1
5
28
10
-54
-127
-179
-169
-90
24
73
76
42
-45
-195
-358
-503
-669
-788
-769
-591
-366
-193
-88
-48
-57
-84
-51
19
75
105
158
255
315
326
295
226
147
102
119
153
160
136
123
131
180
249
323
387
423
448
463
501
538
570
581
601
686
747
727
646
578
500
424
372
337
336
325
319
317
316
288
256
252
259
258
218
200
211
226
211
173
149
132
97
0
-98
-163
-208
-229
-219
-138
-43
-12
-69
-140
-171
-209
-263
-284
-253
-227
-232
-244
-254
-298
-373
-441
-485
-498
-483
-455
-452
-488
-546
-598
-639
-684
-707
-528
-93
380
611
604
548
398
64
-331
-543
-483
-289
-117
-79
-185
-356
-502
-608
-689
-708
-678
-621
-520
-344
-185
-126
-98
-14
77
74
11
-70
-168
-251
-244
-133
-30
21
17
-17
-102
-227
-360
-492
-578
-558
-374
-112
129
304
380
356
276
227
227
242
253
289
331
337
330
346
375
363
344
349
354
321
276
275
306
361
433
531
621
664
671
646
610
567
532
506
483
462
460
499
533
539
507
451
348
211
84
-15
-37
7
91
166
197
193
143
66
-9
-55
-94
-122
-70
61
189
252
267
256
203
128
81
60
53
86
164
223
218
195
168
109
-14
-157
-292
-421
-513
-546
-502
-414
-325
-277
-281
-300
-315
-351
-435
-522
-585
-620
-634
-657
-679
-694
-719
-791
-819
-632
-282
-19
22
12
10
-90
-294
-490
-548
-484
-316
-165
-134
-202
-292
-344
-442
-544
-595
-601
-578
-515
-368
-223
-105
-1
106
165
130
60
-19
-41
21
131
215
266
332
366
337
250
163
70
-60
-167
-173
-57
56
124
167
220
287
342
418
462
453
417
401
408
412
417
414
417
426
449
431
332
206
111
72
50
70
142
240
314
352
380
387
363
307
300
342
387
444
523
597
602
564
527
471
388
293
209
148
125
163
229
257
252
246
255
280
309
311
274
237
202
166
127
120
114
62
-17
-93
-163
-239
-283
-266
-232
-236
-257
-238
-180
-150
-189
-272
-351
-413
-464
-520
-580
-634
-681
-697
-678
-640
-628
-681
-769
-869
-935
-923
-843
-748
-673
-620
-597
-588
-605
-681
-773
-851
-833
-608
-192
195
358
390
352
194
-86
-360
-460
-407
-272
-131
-47
-19
2
53
54
-8
-61
-84
-85
-62
22
107
183
302
455
546
516
406
242
73
-6
19
85
149
245
351
403
403
372
263
69
-112
-197
-167
-83
13
96
151
208
304
439
536
559
529
472
400
307
246
240
274
342
442
564
645
666
646
595
499
399
349
334
338
357
369
347
325
350
409
439
416
384
334
264
210
208
217
203
193
199
216
201
155
110
54
-17
-87
-126
-139
-147
-157
-172
-181
-173
-162
-178
-229
-291
-348
-413
-452
-445
-432
-441
-428
-363
-319
-355
-422
-453
-472
-501
-485
-425
-389
-417
-445
-442
-447
-486
-504
-468
-421
-384
-335
-274
-246
-255
-269
-254
-228
-225
-229
-274
-335
-374
-396
-422
-463
-486
-541
-620
-561
-246
126
285
326
398
396
210
-13
-91
-63
0
84
138
111
62
58
61
36
35
39
-24
-95
-88
-36
-10
68
247
406
461
474
473
427
378
377
396
401
427
474
481
445
408
362
261
160
140
175
191
197
245
309
357
408
491
564
578
555
503
413
282
162
82
44
79
188
282
294
262
232
183
105
49
42
45
43
60
100
131
154
170
150
91
21
-31
-79
-129
-162
-170
-150
-117
-78
-53
-51
-66
-90
-101
-121
-152
-167
-171
-184
-186
-146
-91
-65
-59
-55
-79
-137
-194
-240
-289
-320
-284
-215
-174
-157
-144
-155
-204
-251
-260
-269
-308
-333
-311
-284
-277
-271
-255
-271
-324
-395
-469
-520
-535
-494
-421
-364
-331
-307
-310
-345
-372
-388
-400
-413
-414
-392
-360
-334
-302
-255
-208
-175
-170
-184
-218
-255
-191
15
232
363
468
558
540
417
302
241
201
206
278
353
389
411
435
402
321
260
232
225
269
345
371
356
396
479
509
472
429
398
369
356
361
366
352
303
226
167
150
135
65
-39
-107
-132
-145
-141
-98
-35
10
19
32
73
100
55
-33
-115
-178
-212
-204
-150
-78
-26
-2
15
38
52
42
27
28
69
141
202
253
298
303
255
184
130
106
94
54
0
-32
-46
-51
-62
-94
-137
-171
-174
-138
-85
-47
-42
-60
-67
-47
-20
-34
-90
-155
-191
-197
-195
-200
-223
-258
-301
-335
-350
-350
-354
-366
-369
-338
-272
-217
-202
-207
-197
-188
-194
-203
-219
-255
-291
-305
-297
-276
-245
-201
-155
-119
-59
38
108
104
72
57
54
60
85
107
104
88
78
72
70
82
86
66
47
57
94
143
191
234
284
342
387
411
419
425
422
399
361
313
259
201
157
119
96
123
190
242
249
212
138
60
19
12
-1
-11
13
47
48
51
94
128
117
86
42
-10
-46
-43
-31
-21
-5
5
-10
-33
-39
-53
-94
-136
-144
-131
-116
-95
-74
-69
-77
-82
-81
-73
-69
-84
-104
-91
-30
37
75
92
84
50
6
-21
-41
-77
-117
-138
-127
-90
-34
30
79
87
53
7
-35
-87
-149
-196
-198
-156
-104
-81
-67
-48
-37
-41
-46
-39
-38
-58
-80
-91
-91
-104
-127
-148
-161
-171
-189
-211
-230
-228
-204
-166
-114
-46
26
78
105
122
122
80
5
-51
-69
-65
-49
-11
39
77
94
90
84
86
97
89
55
30
23
20
18
19
19
16
28
56
79
90
89
88
101
136
186
228
260
283
282
257
226
185
124
65
40
36
32
26
13
-16
-40
-43
-27
-10
0
-12
-44
-67
-69
-65
-62
-66
-77
-68
-19
39
71
106
138
123
80
39
-26
-130
-206
-218
-218
-208
-160
-101
-80
-69
-42
-52
-116
-160
-157
-172
-209
-213
-184
-148
-111
-78
-47
-13
13
20
27
34
27
-1
-22
-28
-30
-35
-37
-44
-53
-55
-49
-38
-31
-39
-54
-63
-50
-26
-7
11
33
50
69
98
128
139
142
150
173
199
208
193
159
110
54
7
-22
-42
-62
-81
-82
-55
-18
0
3
15
43
77
112
150
177
172
139
104
77
51
25
-14
-51
-66
-55
-44
-38
-27
5
47
86
127
168
199
204
186
169
168
169
161
144
119
102
96
87
82
93
118
140
147
140
133
126
95
53
24
36
72
101
116
124
115
82
39
0
-24
-44
-75
-113
-141
-167
-203
-235
-248
-243
-227
-196
-157
-137
-141
-168
-206
-248
-278
-285
-276
-254
-228
-212
-205
-201
-202
-216
-234
-252
-263
-268
-272
-272
-258
-227
-202
-181
-138
-92
-81
-104
-125
-133
-125
-97
-66
-33
-15
-14
-34
-60
-80
-94
-89
-67
-39
-1
47
84
96
102
112
118
119
121
117
110
93
62
28
11
13
14
12
31
61
86
116
156
191
213
232
245
250
245
238
221
193
164
144
125
110
117
144
163
180
198
220
238
256
271
279
277
260
232
205
187
175
176
180
184
183
182
183
188
195
208
220
222
215
203
173
121
65
26
3
-6
-3
1
-5
-15
-24
-27
-22
-10
-1
-10
-22
-30
-54
-97
-128
-139
-149
-158
-150
-130
-129
-149
-170
-183
-204
-239
-260
-245
-207
-182
-175
-163
-160
-187
-225
-253
-276
-296
-306
-310
-305
-275
-237
-218
-202
-179
-175
-197
-235
-268
-284
-283
-275
-256
-223
-199
-195
-202
-219
-239
-249
-250
-255
-237
-188
-138
-107
-84
-58
-43
-42
-54
-70
-76
-66
-54
-45
-27
-9
-5
-13
-13
-5
8
36
69
103
153
211
253
276
286
275
243
209
184
176
179
177
173
190
224
262
293
319
345
360
354
339
327
318
308
296
293
297
291
273
254
241
230
218
197
175
168
175
190
208
223
227
218
200
184
176
171
160
137
122
120
120
120
117
104
79
52
39
38
32
15
-3
-13
-11
-7
-11
-16
-21
-32
-51
-65
-71
-80
-88
-90
-89
-86
-80
-76
-74
-83
-110
-145
-177
-201
-224
-248
-264
-264
-252
-234
-225
-238
-262
-274
-282
-298
-313
-316
-316
-320
-321
-315
-305
-299
-301
-300
-290
-276
-271
-273
-277
-291
-311
-323
-322
-308
-288
-263
-233
-199
-176
-169
-165
-160
-166
-187
-190
-176
-150
-111
-69
-39
-24
-11
4
16
20
16
10
15
35
59
88
128
169
195
200
204
212
209
193
173
159
159
177
203
218
229
246
266
279
285
286
280
265
245
231
231
244
256
268
279
290
297
299
293
281
263
244
240
249
258
255
244
236
231
223
217
213
205
190
172
164
164
166
158
150
148
144
137
131
129
121
107
92
85
94
95
76
49
27
10
-13
-41
-57
-67
-84
-96
-98
-84
-75
-74
-80
-90
-92
-96
-112
-139
-170
-199
-225
-241
-235
-225
-229
-244
-254
-250
-244
-246
-257
-268
-275
-278
-273
-269
-270
-274
-284
-293
-286
-264
-247
-251
-259
-257
-254
-247
-233
-221
-219
-219
-208
-189
-170
-162
-173
-195
-210
-209
-197
-180
-157
-130
-97
-68
-46
-26
-7
5
7
8
9
8
9
12
18
27
44
62
73
76
70
63
62
68
79
94
112
132
152
174
190
200
207
211
215
225
239
244
242
235
220
203
193
189
173
154
146
152
168
189
213
232
250
268
280
286
285
280
267
249
236
233
234
224
207
194
179
157
132
116
104
94
83
74
72
75
78
74
69
59
45
29
11
-6
-22
-39
-47
-44
-30
-16
-9
-16
-43
-85
-127
-156
-172
-171
-162
-151
-145
-139
-134
-133
-138
-153
-180
-206
-217
-219
-221
-220
-206
-193
-181
-172
-168
-172
-183
-199
-213
-216
-209
-196
-181
-168
-158
-148
-147
-156
-168
-179
-184
-180
-169
-157
-144
-130
-116
-112
-109
-104
-103
-108
-109
-106
-106
-108
-106
-92
-70
-48
-27
-11
1
2
-4
-11
-13
-4
6
14
19
27
38
43
45
50
59
72
89
107
121
126
123
123
124
122
120
121
128
142
159
178
189
187
178
173
177
185
187
178
168
161
154
144
138
132
118
101
90
90
92
91
92
95
103
118
135
152
163
159
142
125
120
122
120
110
92
71
52
30
10
2
1
-4
-10
-3
13
21
22
26
34
35
31
31
24
2
-25
-51
-62
-55
-39
-33
-34
-41
-55
-75
-93
-106
-115
-118
-117
-109
-96
-84
-82
-85
-86
-85
-84
-86
-96
-113
-138
-160
-166
-154
-139
-129
-119
-110
-105
-102
-106
-114
-128
-136
-136
-125
-104
-88
-75
-66
-56
-46
-33
-19
-14
-19
-26
-26
-21
-8
6
6
1
0
4
7
10
13
13
15
24
38
55
65
70
72
72
67
62
59
58
50
40
35
38
43
47
48
45
47
51
59
66
68
65
61
56
52
53
52
42
30
24
18
13
4
-2
-1
5
16
29
43
55
62
60
54
51
45
41
32
26
21
21
25
27
27
21
19
16
13
17
24
32
37
42
50
53
54
49
43
32
14
-3
-19
-29
-31
-29
-22
-17
-19
-21
-22
-25
-30
-36
-44
-48
-51
-56
-64
-69
-76
-85
-89
-88
-87
-92
-97
-101
-102
-102
-101
-100
-95
-86
-73
-62
-60
-63
-66
-68
-71
-75
-77
-74
-64
-44
-24
-6
3
9
12
12
14
17
16
16
18
16
12
14
24
41
52
55
56
54
53
52
49
48
52
59
67
74
79
77
69
62
59
55
42
32
29
30
38
46
56
66
72
73
65
62
59
56
46
32
23
32
48
53
48
40
31
23
22
22
24
23
15
0
-5
0
1
-3
-4
-1
6
12
11
5
-2
-8
-15
-19
-19
-23
-29
-33
-36
-43
-49
-48
-47
-49
-53
-58
-59
-55
-50
-49
-48
-50
-53
-60
-74
-85
-82
-77
-77
-77
-73
-70
-62
-52
-51
-61
-75
-85
-86
-82
-75
-69
-66
-64
-59
-48
-41
-37
-32
-28
-24
-25
-20
-8
-5
-5
-2
1
3
4
7
9
12
13
8
8
12
13
13
14
23
38
54
61
59
53
46
41
35
33
33
39
55
68
82
95
100
96
89
87
90
96
103
108
103
96
89
89
93
93
86
75
66
62
61
66
70
68
62
60
64
74
83
84
83
78
75
71
68
65
62
62
61
57
55
52
49
41
35
28
23
20
17
9
-2
-11
-14
-18
-24
-29
-32
-33
-32
-29
-29
-34
-42
-51
-56
-62
-70
-81
-92
-103
-112
-120
-123
-126
-131
-140
-148
-153
-151
-147
-148
-150
-151
-147
-142
-138
-134
-131
-127
-127
-128
-127
-127
-128
-128
-127
-124
-119
-112
-105
-96
-89
-83
-74
-68
-62
-58
-55
-49
-43
-33
-24
-19
-15
-8
-1
5
5
2
-1
1
6
13
22
30
34
36
43
49
51
53
54
59
65
70
78
88
94
95
93
93
93
90
84
83
82
85
90
94
98
100
100
99
97
97
99
105
115
125
138
149
156
156
154
150
142
132
126
120
117
120
123
128
130
129
124
120
118
119
120
122
122
121
119
114
107
98
84
68
55
41
25
15
8
4
1
-6
-10
-10
-15
-22
-32
-43
-53
-64
-74
-83
-92
-99
-106
-112
-118
-126
-138
-149
-159
-162
-162
-160
-160
-161
-160
-161
-166
-168
-170
-173
-174
-175
-171
-165
-161
-158
-158
-161
-162
-159
-156
-155
-154
-153
-152
-148
-137
-126
-119
-115
-108
-99
-90
-84
-80
-79
-75
-67
-57
-46
-38
-35
-33
-35
-36
-35
-32
-27
-22
-14
-5
7
19
32
41
45
48
52
57
67
72
74
76
78
83
91
94
93
90
90
93
102
109
113
116
123
128
135
142
144
146
145
141
138
136
137
143
149
153
154
156
157
156
153
145
136
135
138
141
141
137
134
131
125
119
114
114
115
116
116
113
109
103
93
88
81
73
64
55
48
47
42
33
25
17
7
-4
-15
-24
-33
-40
-48
-52
-52
-51
-54
-61
-73
-86
-98
-113
-129
-141
-149
-156
-161
-165
-165
-168
-172
-177
-180
-181
-185
-186
-184
-179
-177
-178
-184
-188
-188
-184
-182
-181
-178
-174
-171
-168
-165
-162
-158
-149
-136
-120
-105
-89
-75
-68
-63
-57
-51
-45
-39
-37
-34
-28
-22
-13
-2
5
12
22
36
45
53
58
64
70
78
84
84
88
88
89
95
95
95
95
91
89
91
93
90
90
90
90
94
100
106
108
109
111
114
115
115
115
112
108
101
98
94
93
96
100
101
102
106
109
111
115
115
118
120
121
120
119
114
107
103
100
100
104
108
108
109
107
98
90
84
77
70
65
60
56
54
50
47
39
33
24
14
1
-11
-23
-34
-43
-47
-51
-58
-65
-73
-81
-89
-97
-105
-112
-118
-123
-134
-144
-152
-161
-170
-177
-180
-181
-180
-177
-177
-173
-167
-163
-161
-158
-155
-156
-158
-160
-161
-158
-155
-151
-143
-132
-121
-112
-105
-99
-94
-89
-83
-75
-66
-58
-56
-50
-43
-40
-36
-31
-28
-25
-20
-15
-5
1
8
12
15
18
18
17
15
15
20
24
27
33
39
41
41
43
45
45
45
44
45
45
48
52
55
58
59
60
60
61
65
67
69
73
80
85
88
91
95
98
100
104
106
107
107
106
106
105
105
105
104
103
104
106
104
103
101
99
97
95
93
92
89
88
83
77
69
60
53
47
39
35
30
25
21
17
12
8
2
-5
-12
-17
-21
-26
-31
-36
-41
-46
-52
-55
-58
-59
-60
-65
-69
-73
-73
-76
-79
-83
-85
-86
-86
-85
-85
-84
-82
-81
-78
-75
-75
-73
-68
-67
-68
-70
-72
-72
-71
-71
-70
-69
-68
-66
-67
-66
-64
-63
-59
-57
-53
-49
-44
-38
-34
-29
-22
-19
-15
-13
-12
-10
-11
-10
-11
-12
-10
-8
-6
-2
2
7
12
14
20
25
32
36
39
43
48
50
54
59
63
64
66
69
72
73
73
75
73
73
75
76
77
76
76
76
74
72
72
72
72
72
74
74
73
72
73
73
72
68
65
63
59
57
54
51
46
38
34
31
28
25
23
21
20
19
16
12
10
7
5
0
-4
-7
-9
-13
-15
-18
-20
-23
-26
-28
-27
-27
-30
-33
-35
-36
-36
-37
-37
-37
-39
-41
-42
-45
-48
-52
-55
-58
-59
-58
-58
-57
-55
-53
-51
-52
-51
-52
-53
-53
-53
-53
-54
-53
-52
-51
-50
-50
-50
-49
-49
-48
-45
-43
-40
-34
-31
-30
-27
-22
-21
-20
-22
-26
-28
-27
-27
-27
-24
-23
-20
-16
-14
-10
-7
-5
-3
2
7
8
12
14
17
18
19
18
17
15
14
11
10
11
11
12
16
20
23
23
25
27
29
29
27
25
26
27
30
32
31
31
28
27
27
26
23
18
15
14
14
14
13
13
14
14
14
13
11
10
8
7
7
7
6
6
5
4
4
1
-1
-5
-7
-9
-10
-12
-12
-11
-9
-9
-7
-7
-9
-11
-13
-13
-12
-11
-12
-12
-14
-16
-17
-17
-17
-16
-16
-15
-14
-14
-14
-14
-13
-11
-9
-9
-9
-8
-8
-12
-13
-13
-12
-9
-9
-10
-10
-10
-11
-9
-8
-8
-7
-6
-4
-3
-3
-2
-3
-2
0
2
5
6
7
8
8
9
8
8
7
4
6
6
9
13
15
18
17
18
17
17
18
19
20
24
27
30
31
32
31
30
31
30
29
28
28
26
27
27
27
28
28
29
29
30
29
27
27
26
26
28
29
29
27
26
24
19
14
13
10
9
9
11
14
15
15
13
12
10
8
5
1
-1
-2
-4
-4
-6
-8
-11
-14
-14
-16
-15
-15
-16
-14
-13
-14
-13
-12
-10
-8
-8
-11
-12
-14
-15
-19
-22
-23
-20
-18
-15
-13
-11
-11
-11
-10
-11
-10
-10
-7
-6
-5
-5
-6
-4
-7
-10
-10
-12
-11
-10
-10
-9
-7
-5
-3
-2
-1
1
1
0
0
-1
-1
-4
-6
-7
-7
-7
-8
-8
-7
-7
-7
-7
-7
-4
-3
-3
-3
-1
1
1
2
-1
-3
-4
-6
-6
-6
-6
-6
-7
-6
-4
-2
0
0
-1
0
2
2
5
7
9
10
11
12
14
13
11
10
10
7
7
9
12
11
10
10
12
14
13
12
9
8
6
2
1
1
1
-1
-4
-5
-4
-5
-7
-11
-13
-16
-20
-22
-22
-21
-24
-26
-29
-30
-31
-34
-38
-41
-44
-46
-47
-47
-48
-48
-49
-50
-49
-49
-49
-48
-49
-47
-47
-47
-45
-42
-38
-36
-35
-30
-29
-27
-26
-24
-22
-20
-19
-17
-15
-13
-10
-9
-6
-4
-1
2
4
7
11
15
17
21
23
23
22
23
24
26
26
26
26
26
27
28
28
29
32
33
32
33
35
36
38
38
41
42
43
45
45
47
46
44
43
42
43
43
44
46
47
49
51
53
57
56
56
55
56
58
59
58
58
57
56
56
56
56
56
54
51
50
50
48
44
42
41
39
35
31
31
26
23
19
15
10
7
4
0
-2
-6
-9
-12
-16
-18
-20
-25
-28
-31
-34
-37
-40
-43
-47
-51
-54
-55
-57
-58
-60
-61
-60
-60
-60
-60
-59
-58
-58
-56
-56
-57
-56
-55
-54
-52
-52
-51
-49
-48
-46
-44
-43
-40
-39
-36
-33
-31
-28
-27
-24
-22
-20
-16
-15
-14
-14
-11
-9
-9
-7
-5
-4
-3
-1
3
4
6
8
9
10
12
12
13
13
14
15
14
15
18
18
19
21
22
27
29
29
32
33
37
40
39
41
41
44
45
46
46
45
45
45
43
45
44
44
45
44
44
45
47
47
47
47
45
46
44
44
42
40
37
36
34
31
30
28
27
25
23
20
17
15
12
10
7
4
0
-3
-7
-10
-13
-16
-18
-21
-25
-29
-31
-34
-35
-36
-38
-40
-41
-46
-47
-48
-49
-50
-53
-54
-56
-58
-60
-63
-64
-66
-67
-68
-68
-70
-71
-70
-71
-71
-71
-69
-69
-68
-69
-70
-70
-68
-66
-65
-63
-63
-62
-60
-58
-56
-55
-54
-51
-49
-46
-43
-39
-36
-34
-31
-28
-24
-23
-21
-19
-17
-13
-10
-6
-2
2
4
8
12
14
17
20
24
26
31
33
36
39
42
44
45
50
51
53
55
55
56
58
61
63
64
65
65
64
67
68
70
70
69
69
70
70
70
69
68
67
68
67
67
65
65
64
62
61
62
63
61
58
57
56
55
53
51
49
47
46
43
42
40
38
35
32
31
29
27
23
19
17
14
12
8
5
2
0
-3
-9
-13
-16
-18
-23
-26
-30
-33
-37
-40
-43
-45
-48
-51
-55
-59
-61
-62
-65
-68
-71
-71
-73
-73
-72
-73
-74
-77
-76
-76
-74
-74
-75
-76
-73
-72
-70
-68
-67
-64
-63
-60
-56
-52
-48
-46
-43
-40
-36
-32
-29
-26
-22
-19
-16
-14
-11
-7
-6
-5
-3
-1
1
5
5
8
9
11
15
17
20
22
23
26
27
28
29
29
29
30
29
30
30
30
29
29
29
31
32
33
34
35
37
38
40
42
42
43
44
44
45
47
47
48
48
48
50
51
51
51
52
53
53
52
52
53
54
53
54
53
54
53
51
50
51
49
49
45
42
41
39
37
35
31
28
25
22
19
14
11
9
6
4
2
-1
-5
-7
-12
-14
-19
-22
-23
-26
-28
-32
-35
-37
-40
-44
-47
-48
-50
-50
-53
-53
-55
-56
-56
-59
-60
-62
-62
-62
-63
-62
-63
-62
-61
-62
-61
-60
-60
-60
-58
-56
-54
-53
-51
-51
-51
-48
-47
-46
-43
-42
-40
-38
-36
-34
-32
-29
-27
-25
-25
-23
-20
-18
-15
-12
-11
-9
-8
-4
-2
-1
0
1
3
5
7
7
8
10
13
14
16
15
17
19
19
20
24
25
27
27
28
30
32
34
34
34
35
33
34
35
36
36
37
38
38
38
38
39
39
39
40
41
41
41
42
42
40
40
42
42
41
39
38
38
35
34
32
31
31
29
27
25
25
24
24
22
20
19
18
15
13
13
11
8
6
6
5
0
-4
-5
-6
-8
-9
-10
-13
-14
-15
-16
-19
-21
-21
-22
-23
-25
-26
-28
-29
-30
-31
-33
-33
-34
-35
-37
-38
-38
-40
-39
-38
-38
-38
-40
-39
-40
-39
-41
-42
-41
-40
-41
-40
-39
-39
-39
-38
-36
-34
-35
-34
-32
-31
-30
-30
-27
-26
-24
-22
-21
-20
-19
-18
-17
-16
-13
-12
-10
-8
-5
-5
-3
1
4
6
9
11
11
12
15
18
20
22
23
25
25
24
26
28
28
28
29
30
31
31
33
33
33
35
36
35
36
35
35
35
36
35
33
33
34
34
33
31
31
30
28
26
26
24
23
21
21
20
18
18
18
16
16
16
14
13
13
13
13
12
10
10
8
7
7
4
4
4
2
2
3
2
1
-1
0
1
-1
-1
-1
-2
-3
-4
-4
-6
-7
-7
-9
-9
-10
-11
-10
-12
-13
-13
-12
-14
-13
-13
-15
-16
-16
-16
-17
-18
-17
-18
-18
-18
-17
-17
-17
-16
-16
-16
-15
-15
-14
-12
-12
-12
-10
-8
-8
-7
-6
-5
-5
-5
-3
-2
-2
0
2
3
5
5
6
8
10
11
12
14
14
13
14
14
15
18
17
19
19
20
20
19
19
19
20
19
20
19
18
16
15
13
12
11
10
9
8
7
5
4
3
1
1
0
0
-1
-3
-4
-5
-7
-7
-8
-9
-10
-12
-13
-14
-15
-16
-17
-18
-18
-18
-19
-19
-19
-20
-20
-20
-18
-18
-18
-17
-17
-18
-18
-18
-19
-19
-19
-19
-19
-19
-19
-19
-18
-19
-17
-18
-17
-17
-17
-19
-18
-18
-18
-19
-20
-21
-21
-21
-22
-22
-21
-21
-20
-21
-19
-18
-18
-18
-17
-16
-15
-13
-12
-12
-12
-11
-10
-10
-8
-8
-7
-5
-4
-4
-1
0
1
3
5
8
10
11
13
15
16
15
16
17
17
18
19
19
19
19
20
22
23
23
24
26
26
28
28
29
30
31
30
30
29
30
29
30
29
29
28
29
30
30
31
30
29
31
30
31
29
28
27
27
27
25
25
23
22
20
18
16
15
12
9
7
6
4
3
2
0
-3
-4
-5
-8
-10
-13
-14
-18
-18
-19
-20
-21
-22
-22
-23
-23
-24
-24
-24
-23
-23
-25
-25
-25
-24
-25
-23
-24
-23
-21
-21
-19
-19
-18
-17
-17
-16
-14
-11
-10
-10
-8
-7
-6
-5
-5
-3
-4
-4
-1
-2
0
1
2
3
3
3
2
2
1
0
0
-1
0
-1
-3
-2
-1
-3
-3
-4
-5
-5
-4
-4
-4
-4
-3
-3
-2
-2
-3
-3
-2
-1
-1
0
0
1
3
3
4
5
7
7
8
8
9
9
10
13
14
14
15
18
18
21
21
22
22
24
25
24
26
27
28
27
27
26
27
27
27
26
25
24
25
25
23
22
19
20
18
17
15
12
11
10
9
6
5
2
0
-2
-4
-7
-8
-9
-11
-12
-13
-16
-17
-18
-18
-19
-21
-22
-23
-24
-25
-27
-28
-29
-30
-31
-32
-32
-31
-31
-30
-31
-31
-30
-30
-28
-27
-27
-27
-26
-24
-25
-23
-21
-20
-19
-17
-17
-17
-15
-15
-13
-12
-12
-11
-11
-10
-8
-6
-6
-5
-5
-4
-3
-3
-4
-3
-3
-5
-5
-7
-6
-7
-6
-7
-7
-8
-8
-7
-6
-5
-5
-4
-3
-4
-3
-3
-3
0
-1
-1
-1
0
2
3
3
5
7
7
9
9
11
12
13
16
17
20
22
25
26
28
29
30
32
33
33
34
36
38
37
39
40
38
38
38
38
38
37
34
33
32
31
30
29
26
24
23
22
19
17
17
16
14
12
10
8
4
3
2
0
-2
-3
-4
-7
-9
-9
-11
-14
-16
-17
-19
-18
-20
-22
-23
-23
-23
-24
-25
-26
-26
-26
-26
-26
-25
-26
-24
-25
-25
-24
-25
-24
-22
-23
-22
-20
-19
-18
-18
-18
-16
-17
-16
-17
-16
-16
-17
-17
-18
-16
-15
-12
-10
-10
-9
-7
-8
-7
-6
-6
-7
-6
-4
-4
-3
-3
-1
-1
0
2
2
3
3
3
3
4
4
5
6
8
9
10
11
12
13
12
14
13
13
13
15
15
16
17
18
18
19
19
19
19
22
21
20
20
20
21
22
22
22
23
22
21
22
22
20
20
19
18
17
16
15
15
14
14
13
12
13
12
11
9
7
5
4
2
0
-1
-1
-1
-1
-2
-1
-3
-5
-6
-8
-10
-10
-10
-11
-10
-11
-11
-12
-14
-16
-16
-18
-18
-19
-19
-18
-17
-18
-19
-20
-20
-20
-21
-21
-21
-20
-21
-21
-20
-21
-20
-19
-20
-20
-18
-18
-17
-17
-17
-17
-16
-15
-14
-14
-13
-11
-11
-9
-9
-8
-7
-6
-6
-5
-3
-2
-1
0
2
4
4
5
6
7
6
8
8
9
9
9
9
10
10
11
13
13
13
15
15
15
15
14
13
13
14
13
13
12
13
13
15
15
14
15
14
14
14
14
12
12
13
14
15
16
15
15
14
13
13
12
11
11
11
11
12
11
11
12
12
12
11
10
9
7
6
5
5
4
5
4
3
3
2
1
-1
-1
-4
-5
-5
-5
-5
-6
-6
-6
-7
-8
-10
-9
-12
-12
-13
-16
-17
-16
-16
-16
-17
-17
-16
-18
-19
-19
-18
-17
-18
-18
-18
-18
-18
-20
-19
-20
-20
-20
-21
-21
-19
-18
-18
-18
-17
-16
-15
-15
-14
-14
-15
-14
-13
-13
-12
-11
-11
-10
-10
-9
-8
-7
-8
-6
-6
-5
-3
-3
-2
-2
-1
0
2
2
2
3
4
5
5
6
8
9
8
9
8
9
9
11
12
13
14
13
13
13
14
14
12
13
13
14
15
16
14
12
12
12
13
13
12
11
13
13
13
13
11
12
11
11
10
12
11
11
10
8
8
7
8
7
7
6
5
5
5
5
4
4
4
3
3
2
3
3
1
0
0
0
0
1
-1
-1
-2
-2
-2
-1
-2
-2
-3
-3
-2
-2
-3
-2
-3
-3
-5
-5
-4
-5
-5
-4
-4
-4
-3
-3
-3
-5
-4
-5
-6
-5
-5
-5
-5
-5
-4
-4
-4
-4
-4
-4
-5
-6
-5
-5
-5
-5
-4
-4
-4
-4
-3
-3
-3
-4
-5
-3
-5
-4
-4
-3
-3
-2
-1
-1
0
0
-1
-2
-2
-2
-1
-1
0
1
1
2
2
3
2
2
2
2
1
2
2
2
2
2
2
3
4
4
5
4
5
4
4
3
5
3
3
4
4
4
5
5
6
6
6
5
5
5
4
4
3
3
2
4
4
5
4
4
4
4
4
4
2
3
3
3
2
3
3
3
3
3
3
3
2
2
1
1
1
1
0
0
-1
0
2
1
1
0
-1
0
-2
-2
-3
-3
-3
-3
-3
-1
-3
-3
-1
-3
-3
-3
-3
-2
-3
-4
-4
-3
-3
-4
-3
-3
-3
-2
-3
-4
-3
-2
-3
-3
-4
-4
-4
-3
-2
-4
-4
-3
-3
-2
-3
-2
-3
-2
-2
-3
-2
-2
-2
-2
-1
-1
-1
-2
-1
-1
-1
-1
0
1
-1
-1
-1
0
1
1
1
0
0
1
1
0
0
-1
-1
-2
0
-1
-1
-1
-2
-2
-1
-2
-2
-2
-3
-1
-1
-3
-3
-4
-4
-4
-5
-5
-5
-4
-5
-5
-5
-5
-4
-4
-4
-5
-6
-5
-5
-5
-6
-5
-5
-6
-6
-8
-7
-7
-7
-7
-7
-7
-6
-6
-6
-5
-6
-6
-6
-6
-7
-5
-5
-5
-6
-6
-6
-5
-5
-5
-4
-5
-4
-4
-4
-4
-4
-3
-1
-1
-2
0
-1
0
0
0
1
2
2
3
3
3
3
5
5
7
7
7
9
10
10
10
11
12
13
14
13
14
14
14
15
16
17
18
19
20
18
19
20
20
21
21
21
21
23
22
23
23
22
23
22
23
22
21
21
21
21
21
21
21
20
18
17
16
16
16
15
15
15
14
12
12
10
8
7
6
5
4
3
2
0
-1
-2
-2
-4
-6
-6
-7
-8
-8
-10
-11
-12
-13
-14
-14
-16
-19
-20
-19
-20
-21
-21
-22
-22
-23
-23
-22
-24
-24
-23
-25
-25
-24
-24
-26
-25
-25
-26
-26
-25
-25
-24
-24
-23
-23
-21
-20
-19
-20
-20
-18
-18
-16
-16
-15
-16
-15
-13
-10
-8
-9
-7
-5
-4
-3
-4
-2
1
1
2
2
1
3
5
6
7
8
10
11
12
14
14
14
15
16
17
16
17
17
17
17
18
18
20
20
19
19
19
20
20
20
19
18
18
19
18
18
17
17
16
15
16
15
15
15
15
14
12
11
11
11
9
8
7
7
7
7
7
7
5
5
5
4
4
3
1
0
-1
-1
-3
-3
-2
-4
-4
-4
-6
-6
-6
-8
-8
-8
-9
-10
-12
-12
-14
-16
-17
-17
-18
-17
-18
-19
-19
-19
-19
-19
-21
-22
-23
-24
-25
-26
-25
-26
-26
-26
-25
-24
-24
-24
-24
-25
-24
-24
-24
-23
-23
-24
-23
-23
-23
-22
-21
-21
-20
-20
-18
-17
-15
-13
-12
-11
-12
-12
-10
-10
-8
-8
-8
-6
-6
-6
-5
-4
-3
-3
-2
-1
0
2
3
4
7
7
7
8
7
9
11
12
12
12
13
14
15
16
17
18
18
19
23
23
24
25
27
29
30
30
29
28
29
30
31
30
30
30
31
31
31
31
32
30
31
33
32
31
30
29
28
28
26
26
25
23
23
22
21
20
19
18
18
16
16
16
15
13
12
11
10
9
8
8
6
4
3
2
1
-1
-1
-2
-3
-5
-6
-7
-8
-9
-10
-11
-12
-12
-13
-15
-16
-17
-17
-18
-19
-20
-19
-20
-21
-22
-23
-23
-23
-23
-23
-22
-23
-23
-22
-23
-23
-22
-22
-20
-20
-21
-21
-20
-20
-20
-20
-20
-19
-17
-16
-16
-16
-16
-14
-14
-12
-10
-9
-11
-10
-8
-6
-6
-7
-6
-5
-4
-3
-1
-1
-1
0
1
2
3
5
7
7
6
6
7
8
10
10
10
10
11
12
14
14
14
15
15
16
16
17
17
18
17
17
18
18
19
18
18
17
19
20
18
19
19
19
18
17
17
17
15
15
15
14
13
13
11
12
12
10
9
8
8
9
7
7
6
5
3
1
2
1
-1
-2
-1
-3
-3
-5
-8
-8
-8
-9
-11
-11
-12
-12
-15
-15
-15
-16
-17
-18
-18
-19
-20
-19
-19
-20
-20
-21
-21
-20
-21
-21
-22
-22
-20
-22
-20
-20
-21
-20
-21
-21
-20
-19
-18
-18
-17
-18
-17
-17
-16
-16
-15
-13
-13
-13
-11
-10
-10
-9
-9
-8
-7
-5
-4
-3
-3
-2
-3
-2
-1
-1
1
1
1
1
3
4
4
5
5
6
7
8
9
9
9
10
9
9
9
9
10
9
9
10
9
9
9
11
11
11
9
9
9
10
10
8
8
8
7
8
7
7
7
7
7
8
8
8
9
8
7
6
7
6
6
6
6
7
6
5
6
4
6
5
4
4
3
4
3
2
2
2
2
2
1
1
0
0
1
0
-1
-2
-3
-3
-2
-4
-4
-4
-4
-5
-5
-6
-7
-7
-8
-8
-7
-8
-8
-8
-7
-8
-8
-8
-7
-8
-7
-7
-7
-6
-6
-6
-6
-7
-6
-6
-6
-6
-4
-4
-4
-3
-2
-1
0
1
2
3
4
4
4
5
6
6
6
7
9
9
10
10
10
11
12
12
12
12
13
12
14
14
12
15
14
14
14
13
13
13
12
12
11
11
11
11
9
7
6
7
8
8
7
6
5
6
5
6
6
4
2
2
2
0
0
0
-1
0
0
0
1
2
-1
-1
-1
-1
-1
1
1
-1
-2
-2
-2
0
0
0
-1
-1
-3
-2
-2
-2
-1
-1
-2
-3
-2
-2
-2
-2
-2
-3
-2
-3
-3
-4
-4
-6
-5
-5
-5
-6
-6
-5
-6
-7
-7
-7
-6
-6
-5
-7
-8
-7
-9
-8
-8
-9
-9
-9
-8
-8
-8
-8
-8
-8
-8
-8
-7
-7
-7
-9
-8
-6
-6
-6
-7
-7
-6
-6
-6
-6
-6
-7
-6
-5
-6
-4
-4
-5
-4
-6
-5
-4
-3
-3
-5
-3
-3
-4
-4
-5
-3
-4
-3
-4
-3
-2
-3
-2
-3
-3
-1
-1
1
0
0
1
0
1
2
2
2
2
3
3
2
4
4
3
5
5
5
5
4
4
5
4
5
6
7
6
6
7
6
4
4
6
6
6
5
6
7
6
5
6
6
5
6
5
5
5
4
3
3
2
3
2
1
2
2
1
1
1
1
0
0
0
0
1
0
0
0
0
0
-2
-1
-2
-2
0
-1
-1
0
-1
-1
-1
-1
0
-1
-1
-1
-2
-2
-2
-3
-2
-1
-3
-1
-1
-2
-2
-1
0
0
0
0
0
-1
0
0
-1
-2
-1
-1
-1
0
0
-1
-1
0
-1
0
0
0
1
1
1
1
1
0
0
0
1
1
1
0
0
0
0
1
2
2
3
2
3
2
3
3
1
2
1
1
1
1
1
2
0
1
0
2
2
2
2
1
1
1
2
2
2
3
3
3
3
2
1
2
1
1
1
1
1
1
1
1
1
1
2
3
3
2
3
3
1
1
1
2
2
1
1
0
0
1
1
1
0
-1
0
1
1
1
1
1
1
1
1
2
1
1
1
1
1
1
0
1
1
1
1
1
2
1
1
1
1
2
2
2
2
2
2
1
2
2
1
3
2
1
1
1
1
3
2
1
1
1
2
1
0
0
1
1
1
1
0
-2
-2
0
0
-1
-1
0
-1
-2
-2
-2
-3
-3
-4
-3
-4
-5
-4
-5
-6
-6
-5
-5
-5
-6
-6
-6
-6
-6
-6
-6
-7
-7
-7
-7
-7
-7
-6
-7
-5
-6
-6
-6
-5
-6
-5
-6
-6
-5
-4
-5
-5
-5
-6
-6
-6
-5
-4
-5
-4
-3
-3
-4
-4
-4
-4
-4
-3
-4
-3
-4
-3
-3
-4
-3
-4
-3
-2
-3
-3
-4
-3
-3
-3
-3
-4
-3
-3
-3
-2
-2
-3
-2
-2
-3
-2
-1
-1
0
-1
-1
0
-1
0
1
-1
0
1
2
2
2
2
3
4
5
6
5
4
6
5
5
7
7
8
8
9
8
8
8
8
8
8
8
9
9
8
7
7
8
9
9
9
10
9
8
8
7
8
7
7
6
6
5
5
5
5
6
6
6
6
5
5
5
4
5
4
4
4
3
2
3
2
2
0
1
1
1
1
0
-1
0
-1
-1
-1
-2
-2
-2
-2
-2
-2
-2
-2
-3
-3
-3
-3
-4
-3
-4
-4
-4
-4
-4
-4
-5
-5
-5
-4
-4
-4
-4
-5
-5
-5
-5
-5
-5
-5
-5
-5
-4
-5
-5
-4
-4
-5
-5
-5
-5
-5
-6
-5
-5
-5
-4
-3
-3
-3
-2
-2
-1
-1
-1
0
-1
0
0
0
0
1
0
0
0
1
0
1
1
1
2
3
4
3
4
5
4
4
5
5
5
4
6
6
6
5
6
6
6
6
6
6
6
6
7
7
7
7
8
7
7
8
9
8
8
7
7
7
7
8
7
8
9
8
8
7
8
8
8
8
8
7
8
8
8
7
7
7
6
6
6
5
5
6
6
6
5
5
5
3
4
3
3
2
3
2
1
0
0
0
0
-1
-1
-2
-3
-3
-5
-4
-6
-5
-5
-5
-6
-7
-8
-8
-10
-11
-10
-12
-12
-13
-13
-15
-15
-15
-14
-16
-16
-17
-18
-18
-20
-20
-20
-20
-20
-21
-20
-22
-22
-23
-23
-23
-22
-22
-22
-22
-21
-22
-21
-21
-20
-20
-19
-20
-20
-19
-17
-16
-15
-14
-14
-12
-12
-11
-11
-9
-8
-7
-5
-3
-2
-2
-1
0
2
3
4
4
5
5
6
7
8
8
9
10
12
13
12
13
13
14
13
15
16
15
14
13
14
15
14
15
17
15
15
16
15
15
14
15
14
15
15
15
13
14
15
14
15
14
15
15
13
12
13
12
12
12
13
12
12
11
11
12
12
11
10
8
9
8
7
7
5
5
6
6
6
5
4
3
3
4
1
0
0
-2
-1
0
-2
-1
-3
-3
-3
-4
-5
-6
-7
-8
-7
-6
-6
-6
-6
-6
-7
-7
-7
-8
-7
-8
-7
-7
-7
-6
-7
-8
-6
-5
-4
-4
-5
-4
-4
-5
-5
-6
-4
-5
-4
-3
-3
-3
-3
-2
-2
-2
-2
-1
-3
-3
-2
-1
-2
-2
-1
-1
-1
-2
-2
-2
-1
-1
-1
-1
-1
0
0
-1
-2
-1
0
1
0
1
1
1
0
1
1
0
1
1
1
2
2
2
1
2
2
2
3
3
2
3
2
2
2
2
3
3
4
3
2
2
2
3
2
3
4
4
4
4
2
2
1
2
2
4
4
3
3
3
1
1
1
1
2
3
2
2
1
2
1
1
1
2
1
2
2
3
1
1
1
1
2
1
2
3
3
2
1
1
2
1
2
1
0
1
1
0
-1
-2
-1
-2
-2
-2
-2
-3
-2
-2
-3
-1
-2
-2
-2
-1
-2
-3
-3
-3
-2
-2
-4
-3
-4
-3
-3
-3
-4
-3
-3
-3
-3
-2
-2
-2
-1
-3
-2
-2
-2
-3
-4
-3
-4
-3
-3
-4
-2
-2
-2
-3
-3
-2
-2
-1
-1
-1
-1
-2
-1
-3
-1
-2
-1
-1
-1
0
-1
-1
0
0
1
1
1
1
0
0
0
0
0
0
0
-1
-1
-1
-2
-2
-2
-1
-1
-1
0
-1
-1
0
0
-1
0
0
0
1
-1
0
0
1
1
1
1
2
2
2
2
3
2
2
2
3
2
3
2
2
1
1
1
1
0
0
0
0
0
0
-1
-1
-1
0
-1
0
0
1
0
-1
-1
-1
1
1
1
0
1
0
-1
0
0
1
1
0
1
1
1
1
1
1
0
1
2
1
1
1
0
-1
0
0
0
-1
0
0
-1
-1
