-2
-3
-3
-1
1
2
4
2
0
-2
-2
-1
1
3
4
4
2
0
-2
-3
-3
0
3
4
4
3
0
-2
-3
-2
0
4
5
5
4
0
-2
-3
-3
1
3
4
4
3
-1
-5
-6
-4
-2
2
5
4
3
0
-1
-3
-2
1
3
4
4
2
0
-3
-4
-4
-2
0
1
2
1
-1
-3
-3
-2
0
2
3
2
1
-1
-2
-2
-1
-1
0
1
2
1
1
0
-1
-1
0
1
1
3
2
3
1
1
1
0
1
1
2
0
1
1
0
1
1
1
1
1
1
1
-1
0
0
0
-2
-1
-2
-1
-1
-1
-2
-1
0
1
1
2
1
1
1
0
2
1
1
2
2
0
0
-1
-2
-1
0
1
1
1
0
-1
-2
-3
-1
0
0
0
2
1
0
-1
-3
-2
0
2
3
4
2
1
0
-2
0
0
2
2
2
3
0
-2
-2
-2
0
0
3
2
2
1
-2
-2
-3
-1
1
2
4
2
0
-3
-5
-4
-2
1
2
1
-2
-4
-6
-6
-5
-3
0
2
1
-1
-3
-5
-6
-4
-1
1
2
0
-1
-3
-6
-4
-5
-3
-1
-1
-2
-4
-5
-6
-6
-5
-5
-4
-3
-3
-3
-3
-3
-3
0
0
0
1
-1
1
0
0
0
-1
-1
1
1
0
1
-3
-4
-4
-1
2
2
2
1
0
-2
-2
0
1
4
6
6
6
4
3
-1
0
3
5
6
5
4
3
1
-1
-2
-2
-1
0
2
2
1
-2
-3
-4
-2
1
2
3
4
3
2
1
0
1
2
4
6
5
2
-1
-1
-2
-1
-1
0
0
-1
-1
-2
-5
-3
-1
0
0
2
0
0
-1
0
1
3
4
4
4
3
3
1
2
2
2
4
2
3
1
0
0
-2
-2
-1
1
2
4
6
3
4
4
4
7
6
6
8
9
11
11
10
10
8
5
3
1
0
-1
-1
-2
-2
-4
-7
-9
-12
-12
-14
-13
-10
-9
-7
-7
-7
-9
-8
-6
-4
2
2
2
3
3
3
5
4
7
8
11
15
14
14
13
12
15
17
19
22
24
26
31
30
30
29
28
31
33
37
38
38
37
34
31
31
30
33
34
37
36
35
32
29
29
29
30
30
30
28
22
17
9
6
2
2
1
-7
-14
-21
-21
-20
-22
-29
-36
-39
-41
-42
-45
-46
-50
-46
-50
-51
-60
-67
-67
-69
-57
-55
-56
-64
-80
-86
-86
-82
-82
-88
-101
-108
-114
-121
-124
-134
-132
-129
-129
-125
-143
-158
-170
-172
-154
-129
-90
-48
-22
-21
-16
0
33
48
50
75
116
175
203
195
167
134
123
131
131
116
93
78
91
79
27
-35
-89
-99
-78
-66
-54
-64
-87
-84
-76
-58
-44
-42
-7
39
76
102
89
71
66
72
97
113
104
97
79
62
49
17
-3
-24
-38
-30
-17
-2
13
12
9
16
20
42
67
98
138
176
221
245
247
232
217
217
232
256
272
275
255
219
180
134
98
72
58
55
46
24
-11
-55
-96
-114
-117
-97
-78
-67
-63
-70
-76
-86
-87
-76
-52
-20
3
11
4
-22
-47
-66
-78
-71
-67
-58
-64
-83
-116
-158
-188
-197
-188
-184
-178
-184
-192
-203
-222
-232
-244
-239
-214
-191
-172
-180
-207
-229
-251
-253
-228
-176
-98
-31
10
11
-11
-52
-75
-74
-32
59
150
236
255
208
128
40
12
32
85
149
187
196
156
68
-44
-129
-163
-135
-74
-29
-9
-39
-88
-132
-166
-161
-137
-79
-7
54
82
64
27
-9
-15
11
62
113
144
160
144
114
74
43
40
53
80
104
109
91
63
48
57
81
106
130
147
167
179
182
194
215
250
288
314
322
310
293
294
310
328
325
305
280
257
224
183
134
97
82
74
70
45
-2
-47
-74
-76
-74
-82
-91
-91
-87
-82
-91
-105
-112
-101
-67
-28
-9
-19
-42
-62
-67
-67
-64
-60
-54
-49
-52
-70
-101
-143
-171
-181
-178
-177
-177
-182
-197
-219
-260
-296
-321
-322
-302
-282
-265
-274
-300
-342
-390
-428
-436
-384
-292
-189
-131
-138
-184
-251
-280
-269
-207
-108
5
112
163
150
68
-27
-74
-45
50
141
200
209
181
128
49
-22
-77
-79
-34
34
90
92
45
-31
-82
-99
-86
-52
-16
25
57
74
63
23
-15
-31
-4
46
95
123
126
120
108
102
90
85
88
102
129
156
184
197
210
224
233
248
248
251
257
274
309
347
383
388
376
347
320
300
295
310
321
336
333
309
267
206
156
123
115
129
139
133
110
71
24
-13
-37
-43
-46
-42
-35
-42
-59
-91
-119
-128
-127
-123
-111
-87
-75
-71
-90
-120
-133
-134
-120
-114
-102
-66
-53
-67
-98
-131
-160
-168
-154
-135
-122
-121
-136
-174
-213
-239
-260
-259
-238
-220
-217
-236
-270
-302
-323
-329
-332
-334
-337
-356
-375
-377
-364
-337
-309
-284
-282
-295
-310
-322
-308
-270
-207
-138
-71
-33
-36
-63
-83
-71
-34
20
77
130
175
190
185
159
127
108
105
131
165
198
214
217
202
172
142
111
97
102
125
154
171
172
152
120
84
57
53
61
78
89
100
107
112
109
96
83
74
85
108
142
172
197
218
229
234
240
248
258
274
302
331
356
367
361
350
335
324
313
310
321
326
325
310
285
249
213
184
168
160
149
134
106
74
49
37
15
-12
-23
-28
-17
-21
-50
-99
-139
-135
-108
-85
-91
-121
-168
-198
-209
-230
-257
-257
-235
-211
-211
-248
-301
-335
-324
-301
-284
-271
-272
-284
-294
-289
-285
-281
-274
-269
-277
-280
-276
-280
-285
-278
-269
-270
-273
-289
-311
-337
-346
-342
-337
-329
-319
-299
-271
-249
-256
-278
-303
-306
-279
-217
-139
-66
-17
2
3
-9
-15
-1
42
111
190
245
271
272
259
239
219
221
238
265
290
310
321
313
285
245
208
190
191
198
216
232
234
215
182
141
106
81
68
79
105
125
125
112
94
80
69
64
73
95
119
147
172
197
199
193
196
206
234
266
297
321
332
330
326
318
310
303
296
303
313
319
309
284
256
233
212
201
188
176
167
147
139
125
75
34
34
35
26
-2
-32
-53
-64
-88
-125
-146
-163
-179
-201
-226
-274
-308
-284
-268
-287
-307
-335
-358
-348
-337
-347
-359
-350
-321
-298
-305
-321
-328
-327
-324
-323
-306
-280
-269
-265
-269
-281
-295
-320
-343
-356
-349
-326
-303
-294
-313
-369
-439
-468
-457
-417
-343
-266
-222
-222
-285
-347
-362
-328
-233
-115
13
115
142
118
69
22
31
111
252
396
484
476
412
325
265
260
282
346
412
445
436
379
290
203
144
139
187
235
255
230
174
106
32
-29
-39
-14
35
80
86
63
-2
-74
-111
-93
-26
49
103
122
117
103
95
110
144
195
253
315
372
382
372
348
346
373
407
452
490
508
486
440
392
356
336
335
350
360
338
294
224
158
110
79
68
66
76
75
50
2
-52
-107
-148
-159
-137
-98
-92
-139
-195
-228
-267
-309
-320
-302
-271
-243
-249
-289
-342
-386
-396
-371
-349
-330
-314
-297
-292
-319
-342
-360
-351
-324
-297
-263
-257
-266
-285
-300
-314
-334
-345
-325
-281
-286
-329
-400
-439
-426
-427
-422
-452
-448
-372
-299
-240
-290
-385
-443
-397
-245
-95
23
52
69
75
76
82
74
139
266
424
557
554
458
338
258
315
415
511
551
523
461
362
263
177
169
207
279
329
306
222
92
-13
-44
-21
19
64
85
91
45
-44
-131
-176
-154
-75
22
92
104
33
-40
-91
-81
1
101
233
345
410
404
312
221
191
276
447
623
728
724
642
506
401
357
376
474
572
653
627
465
250
47
-22
38
157
254
245
124
-54
-215
-304
-306
-246
-152
-66
-53
-120
-257
-390
-448
-429
-328
-205
-147
-176
-252
-342
-407
-431
-415
-345
-272
-216
-216
-283
-363
-424
-428
-373
-296
-246
-237
-277
-338
-370
-405
-398
-347
-301
-287
-316
-352
-386
-428
-482
-503
-510
-486
-466
-414
-335
-294
-301
-421
-493
-500
-415
-260
-123
9
70
60
-10
-48
-46
31
165
320
491
560
478
335
211
222
353
463
578
596
525
416
269
214
244
300
364
415
392
328
162
18
4
44
120
143
117
79
2
-112
-156
-159
-123
-74
-73
-40
-29
-92
-163
-190
-149
-43
29
75
165
208
235
247
203
245
273
314
449
551
634
639
565
523
522
515
552
606
639
675
596
462
359
232
213
226
235
278
181
32
-102
-214
-221
-199
-190
-157
-184
-273
-348
-441
-455
-410
-382
-305
-277
-311
-353
-425
-435
-370
-320
-265
-229
-247
-258
-288
-332
-320
-284
-248
-206
-200
-205
-235
-293
-297
-283
-272
-242
-246
-265
-278
-333
-363
-381
-404
-398
-408
-429
-368
-320
-289
-290
-434
-504
-514
-425
-245
-128
-63
-66
-129
-197
-161
-92
70
209
285
380
355
285
234
236
375
533
589
600
530
436
366
330
400
509
547
507
427
313
246
187
200
306
349
305
154
15
-45
-44
-40
1
28
-32
-115
-227
-247
-214
-218
-205
-186
-173
-170
-207
-162
-45
59
90
38
17
51
140
258
403
516
534
471
401
432
507
588
651
707
732
644
483
377
371
439
487
465
402
262
94
-31
-42
44
88
30
-82
-199
-293
-356
-378
-312
-245
-261
-352
-478
-525
-513
-468
-375
-313
-314
-398
-502
-510
-444
-350
-296
-296
-303
-362
-398
-413
-358
-267
-233
-217
-270
-298
-317
-318
-261
-221
-211
-249
-302
-345
-328
-324
-272
-187
-186
-211
-358
-444
-419
-331
-181
-86
-74
-143
-245
-326
-253
-120
-1
107
105
106
54
-35
5
121
287
404
363
292
237
209
294
408
515
547
451
354
338
366
430
466
472
467
379
268
211
224
270
278
229
158
79
-12
-61
-33
21
39
-37
-138
-174
-193
-152
-109
-14
70
58
33
-63
-18
40
128
271
354
402
359
299
306
411
499
563
586
582
589
527
470
481
476
491
470
401
377
288
185
155
125
146
101
-19
-90
-151
-185
-197
-256
-285
-320
-419
-468
-487
-464
-419
-451
-469
-487
-512
-520
-518
-470
-405
-386
-435
-458
-473
-430
-380
-358
-305
-306
-332
-366
-374
-308
-258
-234
-269
-289
-315
-348
-327
-348
-271
-259
-227
-189
-237
-261
-382
-352
-277
-165
-105
-153
-170
-223
-184
-172
-130
-73
-57
-18
-8
11
-26
-67
-41
56
189
210
152
76
75
156
242
311
333
310
275
276
324
395
430
425
423
428
421
379
344
362
405
407
373
288
222
196
192
243
245
203
86
5
3
69
119
123
134
80
105
78
64
156
181
240
287
295
328
355
351
395
461
469
516
513
530
556
479
441
421
424
465
434
352
295
205
159
143
104
105
25
-73
-129
-183
-213
-242
-316
-349
-374
-438
-453
-504
-520
-531
-560
-556
-566
-580
-583
-572
-557
-508
-513
-558
-557
-560
-518
-454
-427
-398
-407
-425
-432
-421
-362
-311
-296
-293
-338
-377
-353
-340
-266
-209
-188
-188
-253
-304
-300
-231
-178
-126
-144
-157
-115
-127
-97
-99
-104
-66
-35
17
57
30
-33
-49
-7
94
148
111
60
49
77
127
162
185
216
223
233
270
280
297
310
339
418
440
402
353
344
414
475
469
443
383
344
350
365
411
406
321
252
231
262
298
287
305
286
278
244
172
218
283
319
356
356
343
359
347
358
427
454
471
485
490
521
466
403
410
425
472
441
343
301
257
225
208
146
119
73
-16
-47
-104
-174
-234
-317
-345
-343
-402
-468
-517
-559
-549
-586
-616
-617
-640
-643
-641
-655
-622
-606
-647
-626
-620
-595
-552
-563
-529
-490
-496
-479
-484
-470
-412
-391
-357
-340
-371
-385
-411
-400
-322
-234
-206
-244
-305
-350
-296
-257
-215
-193
-185
-125
-128
-116
-169
-190
-142
-101
4
30
-23
-109
-132
-41
73
108
30
-46
-48
56
131
136
130
107
129
165
208
231
233
245
298
382
406
371
293
302
396
465
474
432
389
369
379
385
429
425
418
409
380
430
371
332
344
369
412
416
380
365
403
397
414
423
449
495
481
488
492
483
510
520
538
556
498
435
436
461
504
453
361
313
270
268
254
214
184
134
35
-39
-95
-132
-147
-194
-216
-274
-364
-453
-527
-536
-513
-520
-578
-615
-676
-705
-729
-731
-695
-693
-686
-704
-703
-684
-671
-668
-671
-635
-600
-565
-566
-533
-513
-529
-487
-517
-482
-449
-410
-357
-334
-313
-382
-387
-358
-242
-207
-234
-229
-234
-119
-107
-135
-158
-154
-86
-24
40
41
2
-75
-73
12
74
88
8
-12
28
62
51
5
25
76
124
131
152
154
153
164
178
251
285
279
267
292
337
342
321
318
356
386
397
400
405
418
404
385
414
448
457
437
431
471
487
484
480
501
548
566
550
536
570
609
634
649
644
632
605
621
671
713
697
618
562
566
599
587
548
510
469
424
366
338
305
276
215
138
104
46
-21
-95
-143
-181
-242
-324
-403
-444
-477
-527
-587
-626
-684
-718
-761
-799
-782
-802
-830
-870
-897
-882
-859
-859
-865
-852
-854
-826
-822
-810
-782
-799
-770
-714
-719
-592
-537
-602
-530
-630
-599
-442
-390
-309
-284
-303
-285
-206
-234
-166
-87
-88
11
-35
-29
18
-42
45
84
105
118
26
-4
71
95
80
69
-6
95
115
68
107
49
79
124
118
153
182
134
145
189
208
280
222
211
277
272
310
318
293
343
345
301
357
389
417
431
397
432
479
470
463
479
514
586
592
585
603
579
599
641
707
765
742
692
672
713
751
771
753
750
745
698
676
653
657
642
578
514
478
461
425
385
325
275
190
107
77
56
34
-54
-143
-219
-259
-299
-359
-409
-446
-495
-579
-622
-663
-695
-720
-777
-818
-840
-851
-878
-887
-918
-944
-958
-977
-954
-950
-940
-943
-969
-1004
-848
-805
-799
-758
-896
-780
-659
-622
-577
-552
-507
-422
-357
-421
-337
-294
-215
-61
-109
-78
-135
-189
-44
66
137
89
-35
-41
64
92
93
55
38
156
105
61
65
39
111
145
113
112
83
33
103
143
165
162
66
94
154
155
194
187
186
239
200
189
260
287
329
334
309
375
442
442
531
520
515
580
544
638
719
713
733
753
771
815
812
796
870
891
909
886
821
848
834
816
839
795
751
690
621
638
632
576
499
404
383
383
295
253
193
113
96
34
-40
-59
-111
-179
-207
-274
-326
-367
-416
-464
-475
-504
-585
-632
-679
-718
-731
-737
-771
-836
-837
-910
-930
-903
-927
-947
-1005
-870
-861
-841
-878
-1069
-944
-817
-729
-706
-720
-711
-630
-544
-574
-484
-465
-386
-252
-256
-183
-249
-305
-172
-34
66
0
-146
-140
-22
43
53
-14
-27
72
9
-21
-1
-9
65
43
17
26
-20
-52
-19
26
76
41
-79
-56
8
23
67
53
60
79
1
2
93
174
237
185
146
221
260
301
376
399
457
466
451
548
629
686
718
731
791
865
834
863
935
970
1026
970
950
993
993
995
988
970
952
872
786
805
816
789
693
559
521
518
459
398
331
260
199
111
58
38
-11
-73
-142
-182
-202
-273
-332
-346
-356
-382
-466
-556
-546
-516
-520
-575
-676
-740
-735
-723
-709
-765
-802
-905
-846
-735
-798
-762
-989
-1020
-842
-771
-748
-810
-818
-755
-604
-702
-737
-664
-617
-401
-401
-414
-420
-556
-452
-287
-166
-139
-287
-378
-254
-147
-152
-179
-227
-88
-54
-148
-146
-163
-71
-2
-50
-48
-33
-98
-89
-40
-11
64
-44
-111
-29
-47
-14
4
-21
43
1
-89
-19
65
134
121
16
39
153
177
219
273
275
344
323
304
428
522
566
597
646
703
745
744
803
891
949
974
936
977
1029
1016
986
996
1043
1022
931
838
846
886
852
777
661
628
605
541
519
490
442
358
251
208
194
148
102
23
-29
-69
-168
-202
-214
-234
-257
-344
-394
-408
-434
-478
-500
-564
-588
-603
-645
-711
-611
-511
-620
-591
-834
-871
-632
-586
-545
-613
-640
-618
-509
-558
-580
-499
-505
-338
-372
-397
-384
-549
-441
-312
-247
-270
-468
-526
-402
-286
-306
-401
-512
-391
-329
-399
-379
-418
-373
-346
-380
-345
-331
-359
-359
-342
-293
-229
-321
-348
-270
-283
-232
-213
-206
-123
-174
-253
-195
-111
-3
6
-47
24
111
147
148
152
232
344
351
395
449
485
553
551
611
694
717
718
777
852
885
856
810
881
938
962
925
872
926
931
886
850
844
852
802
739
691
699
670
608
559
517
500
440
366
353
366
311
233
144
111
129
106
66
22
-3
-68
-153
-150
-167
-132
-187
-311
-379
-378
-409
-360
-221
-314
-324
-559
-672
-425
-296
-249
-374
-470
-426
-291
-330
-375
-330
-307
-183
-252
-282
-286
-413
-359
-276
-172
-184
-417
-556
-447
-298
-325
-459
-613
-484
-390
-510
-576
-655
-605
-556
-605
-604
-597
-641
-692
-707
-657
-580
-652
-712
-649
-629
-614
-632
-630
-520
-488
-578
-567
-484
-368
-308
-383
-331
-195
-150
-124
-105
31
177
194
203
198
300
437
476
550
666
678
636
678
757
890
945
877
898
930
952
909
867
943
986
918
809
773
817
840
768
674
648
627
596
527
506
534
482
378
297
302
313
284
255
248
227
174
99
51
129
169
105
27
-8
23
19
-19
-105
-81
-84
11
82
-8
-5
-207
-194
-23
57
78
-22
-25
51
130
26
-38
-14
92
269
202
134
13
-119
-30
85
167
59
-186
-314
-257
-180
-237
-369
-487
-417
-456
-557
-620
-684
-642
-662
-716
-770
-822
-862
-880
-862
-815
-822
-932
-985
-970
-938
-877
-852
-854
-852
-900
-922
-841
-739
-663
-666
-697
-598
-509
-443
-403
-369
-222
-187
-126
-74
-62
81
172
211
314
386
374
435
510
578
662
644
676
744
756
770
701
719
815
789
723
667
654
693
661
563
523
514
530
508
412
395
359
309
295
286
283
240
170
157
192
187
167
130
111
194
166
97
119
107
150
167
92
97
67
152
328
306
292
133
10
211
386
434
432
399
393
473
423
386
497
526
630
615
533
528
382
368
495
539
487
266
91
155
220
152
3
-144
-122
-126
-281
-371
-423
-455
-491
-591
-658
-672
-754
-834
-837
-834
-847
-974
-1076
-1021
-993
-1018
-1048
-1062
-1017
-1026
-1113
-1081
-979
-890
-895
-958
-900
-760
-713
-654
-549
-495
-401
-438
-423
-227
-90
-36
-13
55
163
229
200
257
386
463
491
445
490
541
487
464
499
585
593
469
370
399
462
419
327
239
268
285
204
168
155
148
107
28
1
36
28
-30
-56
-16
1
-54
-107
-93
-33
15
-27
-55
-28
-7
-27
-40
7
78
253
265
240
207
99
245
392
497
560
559
595
666
707
681
744
810
908
994
962
942
845
792
885
964
975
854
674
625
650
618
546
443
378
374
235
134
62
-24
-37
-110
-191
-279
-396
-501
-506
-504
-554
-658
-814
-843
-838
-879
-876
-897
-903
-940
-1053
-1096
-1041
-957
-893
-922
-945
-910
-876
-832
-725
-574
-551
-543
-588
-585
-388
-247
-174
-115
-70
-77
-68
-7
91
214
252
220
189
192
221
195
213
275
261
196
89
54
96
132
103
23
-42
-61
-65
-84
-63
-97
-156
-204
-224
-197
-193
-225
-240
-261
-261
-255
-299
-283
-231
-198
-233
-254
-290
-251
-204
-185
-187
-136
76
73
90
-19
-75
172
307
376
367
451
558
640
601
540
709
825
957
996
985
978
825
815
963
1137
1154
924
719
755
852
793
707
623
645
601
409
340
329
354
293
182
130
84
-42
-158
-104
-31
-47
-252
-445
-433
-390
-385
-422
-449
-448
-520
-687
-696
-575
-513
-518
-619
-632
-555
-541
-512
-439
-316
-304
-402
-439
-351
-198
-151
-153
-112
-30
-34
-110
-87
32
152
138
52
26
41
17
-26
-7
35
5
-135
-252
-235
-154
-164
-261
-351
-388
-384
-413
-418
-372
-389
-464
-541
-546
-453
-418
-466
-507
-495
-452
-479
-496
-452
-392
-344
-402
-449
-418
-385
-318
-316
-202
-34
-48
-91
-245
-191
105
277
297
247
299
424
549
525
509
626
707
828
879
912
902
744
738
872
998
1010
817
668
684
699
656
609
582
599
502
343
307
311
323
291
235
222
184
46
-34
13
106
136
19
-105
-123
-146
-124
-61
-24
10
-109
-263
-244
-119
-11
-11
-74
-86
-72
-52
9
66
157
132
35
52
109
167
192
205
230
258
167
75
115
200
247
187
91
42
-7
-58
-115
-112
-79
-160
-296
-402
-427
-403
-417
-471
-510
-547
-623
-687
-680
-606
-575
-628
-704
-733
-689
-666
-662
-641
-628
-624
-660
-694
-653
-555
-498
-538
-571
-616
-594
-515
-522
-352
-145
-164
-242
-455
-445
-109
92
117
120
169
254
300
206
286
501
589
622
584
634
647
506
510
648
764
743
517
390
454
416
343
324
348
371
212
25
39
104
109
42
-24
38
27
-118
-176
-100
40
81
-40
-111
-73
-86
-67
12
107
192
88
-31
25
155
244
252
279
337
356
287
288
426
560
629
591
567
567
516
489
567
724
739
614
507
509
572
539
433
366
401
382
240
123
64
25
-26
-126
-193
-203
-275
-394
-458
-480
-487
-545
-632
-629
-613
-653
-700
-722
-678
-631
-686
-727
-721
-683
-656
-669
-653
-634
-608
-633
-649
-644
-608
-580
-539
-572
-487
-291
-265
-257
-464
-504
-254
-87
-21
18
129
225
235
58
76
305
444
547
525
544
489
272
241
385
550
563
368
211
190
76
-41
7
108
176
-35
-309
-339
-256
-202
-255
-294
-247
-238
-384
-479
-404
-237
-132
-193
-234
-216
-254
-240
-112
76
245
138
-48
7
166
306
345
381
474
523
419
375
547
715
822
730
675
749
731
716
747
848
907
815
647
627
728
749
708
623
595
546
406
318
327
387
345
163
27
8
-20
-91
-140
-153
-136
-210
-376
-431
-391
-355
-348
-398
-432
-457
-536
-568
-532
-453
-427
-502
-602
-645
-607
-575
-541
-559
-564
-592
-649
-655
-670
-429
-199
-165
-283
-543
-501
-294
-116
-3
124
258
257
118
-70
36
235
408
547
524
459
224
30
87
279
396
296
102
-12
-99
-282
-381
-345
-236
-206
-416
-625
-710
-729
-690
-642
-552
-519
-648
-799
-794
-632
-464
-414
-398
-355
-332
-367
-350
-180
67
190
124
70
77
147
233
334
515
636
570
438
403
522
714
763
772
764
682
667
651
686
818
816
746
707
646
615
618
627
722
769
631
472
367
406
493
473
426
359
278
194
73
29
78
92
66
-28
-175
-266
-324
-323
-244
-215
-275
-385
-502
-538
-497
-469
-475
-497
-501
-473
-502
-567
-599
-565
-490
-458
-489
-467
-306
-92
36
-27
-161
-190
-66
78
237
415
580
651
514
348
249
281
436
664
836
749
418
56
-60
42
148
154
62
-61
-294
-615
-809
-798
-638
-516
-559
-722
-913
-1093
-1125
-948
-703
-549
-603
-736
-770
-710
-597
-446
-293
-171
-156
-256
-297
-198
-45
99
157
157
104
-18
-85
-14
154
272
244
151
102
133
207
246
311
349
352
374
364
410
474
550
648
741
770
736
708
723
827
896
899
857
787
742
663
575
504
458
452
398
267
113
-38
-141
-154
-165
-195
-243
-362
-464
-523
-515
-438
-378
-328
-328
-359
-394
-423
-345
-196
-64
-14
-87
-173
-183
-115
-72
28
125
293
461
330
200
65
105
224
285
440
588
678
562
346
134
64
106
262
517
566
391
30
-303
-386
-348
-227
-78
-30
-156
-479
-807
-919
-779
-559
-365
-309
-390
-564
-766
-767
-617
-404
-243
-218
-267
-371
-497
-527
-425
-287
-228
-278
-359
-402
-445
-496
-508
-471
-398
-392
-445
-474
-448
-394
-353
-269
-154
10
138
192
239
256
305
387
517
679
799
839
800
740
704
704
712
710
715
678
574
417
247
151
103
96
83
33
-52
-160
-237
-282
-263
-193
-118
-53
-6
25
44
71
85
133
224
302
310
263
237
248
220
158
119
106
135
30
-111
-217
-274
-287
-290
-327
-305
-231
-140
143
268
301
166
44
203
362
609
846
1040
1127
999
746
492
388
469
681
818
732
452
35
-306
-511
-538
-423
-365
-368
-496
-706
-922
-1059
-1003
-789
-515
-332
-262
-297
-377
-429
-403
-273
-79
79
114
49
-107
-292
-430
-489
-453
-404
-420
-463
-572
-723
-831
-930
-912
-807
-673
-494
-402
-374
-346
-252
-14
205
386
482
533
592
551
551
596
664
722
720
659
527
320
109
34
73
135
118
9
-110
-219
-310
-331
-252
-100
11
48
41
30
44
18
20
116
276
399
393
285
168
58
-55
-84
-57
17
18
-88
-175
-278
-339
-388
-395
-251
-125
-56
-38
-89
-76
-90
-74
170
553
941
1129
1132
932
664
563
565
703
913
1150
1214
975
576
132
-235
-413
-244
113
336
254
-52
-372
-608
-691
-598
-365
-55
194
263
145
-23
-165
-233
-139
105
385
463
281
-28
-294
-489
-597
-622
-585
-537
-547
-650
-841
-1006
-1114
-1093
-931
-649
-384
-272
-298
-360
-341
-272
-153
20
208
359
411
375
265
155
106
133
231
261
215
80
-92
-223
-295
-254
-146
-12
90
113
38
-99
-160
-104
40
193
249
248
196
89
-36
-143
-170
-120
-92
-121
-190
-295
-386
-453
-439
-337
-230
-139
-110
-109
-99
-93
-51
-27
18
115
209
288
298
254
177
97
49
73
114
137
95
12
-75
-165
-127
80
485
842
978
897
676
536
463
502
676
955
1270
1337
1144
766
294
-65
-201
-44
237
424
406
182
-133
-419
-608
-660
-513
-206
68
171
117
-31
-157
-237
-206
-63
72
147
115
36
-81
-230
-367
-499
-563
-545
-478
-404
-377
-403
-456
-523
-533
-446
-322
-187
-101
-48
-15
-26
-62
-112
-100
-25
43
56
23
-29
-90
-125
-98
-2
99
133
107
74
45
18
-8
4
78
162
188
121
-2
-146
-247
-286
-278
-237
-218
-242
-306
-396
-473
-537
-588
-572
-490
-346
-212
-176
-185
-175
-138
-60
51
169
279
290
236
171
103
55
8
23
108
184
170
100
30
-14
-32
-53
-22
56
140
185
177
103
86
198
442
701
869
982
955
766
521
355
282
330
477
648
711
577
299
-34
-297
-396
-352
-233
-28
164
248
180
21
-138
-247
-239
-105
122
310
378
307
143
-15
-128
-177
-163
-111
-48
-42
-80
-169
-274
-361
-423
-405
-325
-226
-178
-156
-102
-37
-17
-42
-47
-17
19
30
42
65
67
32
-18
-41
-55
-86
-126
-135
-107
-77
-42
4
70
136
131
32
-99
-187
-239
-299
-337
-316
-282
-283
-338
-410
-475
-514
-523
-503
-435
-335
-257
-194
-136
-98
-93
-131
-143
-95
-10
46
69
95
125
129
108
100
108
102
71
37
26
12
-7
-36
-44
-4
61
122
178
228
254
257
245
234
218
187
173
150
81
-5
-94
-96
50
307
585
728
681
486
256
68
-68
-98
23
295
555
619
426
55
-307
-532
-538
-364
-100
154
328
400
349
197
-12
-153
-161
-41
108
196
224
198
150
81
9
-64
-123
-141
-128
-60
41
104
78
12
-11
7
18
-4
12
83
179
266
296
280
194
66
-46
-103
-137
-220
-325
-377
-347
-304
-299
-351
-434
-495
-506
-441
-319
-171
-44
30
77
100
59
-67
-191
-254
-246
-214
-184
-151
-139
-149
-202
-275
-337
-364
-336
-269
-158
-46
31
48
29
17
11
23
51
90
139
175
180
177
184
201
198
166
139
114
115
124
137
171
191
185
157
145
164
173
150
131
134
116
85
23
-66
-160
-243
-300
-376
-444
-496
-479
-318
-40
232
390
490
483
367
220
99
30
10
143
312
392
332
156
-69
-274
-333
-302
-204
-82
69
226
332
394
360
254
124
61
73
124
210
283
358
409
426
377
258
138
52
6
-16
-19
-42
-69
-71
-59
-71
-165
-308
-422
-423
-321
-170
-42
15
-14
-111
-216
-314
-389
-425
-396
-308
-206
-111
-47
-22
-49
-110
-162
-185
-169
-113
-25
48
71
58
25
-26
-88
-139
-157
-138
-85
-18
32
63
75
74
72
79
103
129
153
176
202
207
193
166
134
91
30
-21
-47
-28
24
93
154
175
173
140
85
31
-1
-22
-48
-78
-90
-73
-78
-106
-147
-185
-219
-257
-268
-245
-205
-215
-265
-334
-394
-429
-447
-414
-351
-279
-232
-127
72
279
430
521
600
584
452
278
134
72
93
200
311
387
388
303
170
62
37
31
53
131
253
345
369
340
242
96
-63
-167
-201
-165
-67
50
158
200
165
74
-26
-99
-135
-140
-148
-154
-154
-149
-168
-213
-244
-284
-329
-345
-320
-295
-291
-279
-255
-226
-218
-214
-218
-215
-195
-169
-115
-37
51
119
151
166
186
191
173
157
193
281
348
370
387
408
360
239
114
23
-27
-27
44
146
229
257
225
165
114
88
65
72
111
147
141
83
19
-46
-110
-179
-225
-234
-230
-226
-219
-201
-198
-224
-280
-331
-343
-332
-302
-272
-238
-203
-167
-113
-58
-5
9
-4
7
43
73
98
124
98
8
-109
-205
-263
-257
-199
-132
-74
-47
5
136
317
454
514
576
609
542
374
212
116
80
104
135
174
184
158
75
-47
-137
-215
-237
-189
-60
75
148
162
125
61
-37
-122
-193
-236
-246
-224
-159
-101
-63
-85
-166
-259
-318
-335
-355
-372
-358
-303
-245
-167
-74
11
69
89
123
155
156
119
82
57
35
20
-4
-34
-66
-64
-50
-30
36
123
209
256
297
324
325
320
339
407
472
503
475
420
338
228
110
-11
-86
-111
-93
-75
-76
-88
-117
-157
-188
-178
-162
-161
-162
-153
-129
-110
-96
-79
-75
-99
-142
-169
-149
-100
-49
-9
9
26
46
78
106
126
148
153
130
99
99
122
149
161
133
69
-16
-87
-130
-135
-113
-93
-95
-89
-76
-85
-112
-134
-131
-99
-40
-18
-55
-123
-165
-122
-39
32
65
117
172
163
63
-91
-205
-265
-253
-235
-225
-216
-211
-192
-162
-114
-125
-171
-197
-163
-97
-59
-52
-83
-84
-64
-28
-18
-43
-72
-98
-59
24
132
209
251
271
255
236
195
148
90
69
87
114
141
142
133
105
86
61
38
28
37
87
139
179
187
181
164
146
145
130
85
28
-3
-36
-49
-32
-3
16
34
67
69
31
-24
-69
-102
-104
-68
-16
36
52
55
59
67
73
86
120
142
136
95
43
-17
-62
-68
-63
-51
-42
-39
-55
-71
-45
28
120
210
282
316
316
268
188
95
20
-10
-8
9
14
6
-12
-47
-86
-115
-140
-165
-168
-131
-86
-68
-64
-72
-95
-120
-148
-211
-306
-381
-444
-506
-532
-529
-544
-573
-557
-480
-352
-214
-112
-62
4
83
106
52
8
20
35
27
12
13
16
29
66
89
65
22
6
20
48
81
112
145
181
224
249
239
203
161
120
100
125
155
175
189
210
217
188
142
81
19
-18
-25
-33
-38
-33
-28
-24
-17
2
-16
-67
-117
-143
-150
-152
-138
-110
-67
-40
-36
-44
-54
-51
-40
-11
49
117
161
199
250
306
333
316
274
230
198
166
145
135
131
133
127
125
119
110
105
98
83
65
59
77
100
122
144
153
140
105
72
55
53
62
73
91
98
95
67
11
-45
-91
-121
-146
-166
-182
-191
-196
-189
-170
-149
-144
-163
-189
-196
-178
-158
-149
-153
-180
-212
-227
-221
-218
-239
-258
-264
-273
-276
-266
-257
-249
-217
-186
-187
-185
-161
-126
-66
28
118
156
172
206
255
281
250
198
163
129
62
-7
-33
-32
-15
19
53
46
12
-14
-35
-49
-46
-26
-13
14
68
94
77
40
12
-9
-38
-60
-69
-72
-84
-83
-68
-56
-52
-47
-33
-16
5
12
-6
-33
-29
-2
22
33
33
16
-7
-5
18
40
54
85
115
129
135
128
129
135
158
189
222
267
332
386
374
334
303
257
182
125
90
60
62
91
113
100
72
44
23
10
-12
-48
-72
-53
-13
9
7
-13
-41
-69
-93
-113
-129
-139
-122
-75
-29
-14
-25
-50
-69
-70
-57
-46
-45
-46
-36
-21
-11
-10
-20
-44
-68
-89
-106
-118
-129
-132
-121
-94
-55
-15
8
-3
-32
-57
-73
-94
-132
-165
-170
-145
-117
-98
-106
-131
-137
-128
-128
-152
-184
-199
-195
-157
-100
-58
-56
-63
-50
-41
-71
-120
-140
-131
-122
-112
-81
-44
-21
11
39
32
9
-3
-11
-25
-24
-1
24
46
82
116
121
105
103
109
95
87
114
157
177
175
166
144
109
95
86
42
3
5
24
44
83
129
142
149
180
205
187
160
143
115
74
49
29
0
-13
-6
-2
-1
9
18
14
2
-5
-18
-31
-40
-34
0
47
87
117
146
158
144
118
100
93
90
93
94
86
71
60
46
30
23
37
62
86
111
130
131
110
90
74
52
24
1
-15
-29
-33
-28
-22
-16
-2
15
25
18
2
-24
-56
-76
-82
-87
-103
-114
-125
-146
-189
-238
-269
-277
-284
-287
-263
-223
-197
-183
-180
-195
-211
-206
-185
-164
-153
-152
-148
-144
-150
-168
-190
-205
-213
-217
-228
-239
-214
-140
-69
-19
48
112
128
124
122
95
50
45
78
104
106
119
139
142
135
133
124
105
104
120
122
103
96
114
132
133
124
102
63
30
24
20
14
20
35
40
40
45
40
20
7
10
17
26
43
56
59
62
74
95
112
119
109
84
61
46
35
15
-7
-7
4
15
22
28
31
38
50
71
97
109
115
125
148
173
200
218
222
224
236
238
208
158
114
83
57
45
45
38
16
-15
-44
-75
-101
-128
-136
-121
-99
-79
-60
-43
-25
-15
-11
-11
-18
-26
-41
-66
-86
-101
-119
-139
-153
-154
-149
-150
-140
-114
-98
-112
-139
-154
-159
-160
-140
-100
-67
-45
-30
-41
-85
-143
-194
-217
-211
-181
-143
-112
-80
-50
-33
-29
-37
-58
-69
-68
-66
-70
-85
-98
-108
-129
-163
-196
-200
-178
-152
-122
-85
-45
-10
10
10
-1
10
44
54
39
52
92
103
89
95
109
101
92
119
151
169
182
190
187
178
153
108
66
56
61
49
41
69
104
110
101
92
79
57
42
38
36
45
67
94
112
110
91
75
70
61
44
15
-4
-1
7
-2
-17
-22
-22
-25
-27
-20
-13
-23
-35
-31
-14
4
25
58
92
120
132
122
100
82
82
82
74
73
88
93
84
76
69
56
42
47
67
83
83
69
55
44
32
14
-6
-22
-22
-15
-12
-15
-23
-40
-57
-70
-78
-91
-108
-130
-154
-183
-212
-226
-217
-185
-149
-122
-114
-112
-119
-151
-185
-202
-201
-193
-178
-164
-150
-129
-105
-78
-58
-42
-32
-21
-6
-1
-15
-36
-38
-19
7
29
45
51
56
52
37
22
22
36
56
84
115
138
156
180
200
199
189
181
161
119
83
64
51
52
83
120
131
121
101
64
15
-30
-59
-73
-80
-82
-82
-83
-90
-101
-106
-109
-110
-101
-78
-48
-21
-10
-15
-29
-43
-52
-63
-70
-64
-43
-25
-15
-6
1
-1
-3
2
7
5
3
9
18
28
38
50
63
83
109
137
162
176
175
166
154
142
131
119
102
87
69
47
25
14
16
23
25
19
17
19
16
14
14
12
6
-3
-12
-23
-36
-51
-61
-64
-68
-79
-97
-112
-115
-109
-98
-88
-83
-85
-92
-92
-83
-70
-58
-43
-32
-32
-38
-42
-51
-62
-61
-52
-37
-26
-12
3
13
26
44
59
67
73
79
80
75
75
78
72
61
60
61
50
36
28
21
11
6
11
14
10
7
5
-3
-19
-37
-52
-62
-57
-45
-40
-38
-38
-36
-36
-42
-52
-70
-92
-111
-116
-104
-89
-81
-80
-84
-93
-102
-107
-112
-115
-108
-95
-76
-56
-36
-12
7
13
5
-13
-30
-34
-30
-17
2
22
37
54
66
75
73
61
42
33
34
36
39
47
56
66
74
75
69
65
62
57
52
53
56
50
41
32
33
34
26
14
1
-11
-23
-37
-39
-30
-17
-5
-2
-6
-8
-9
-12
-14
-12
-6
-6
2
26
56
79
86
82
71
56
33
11
1
1
3
3
14
28
42
52
60
71
84
92
94
97
105
108
108
106
103
92
79
63
37
15
-3
-21
-29
-25
-4
23
42
62
68
66
58
38
19
7
-1
-6
-18
-29
-40
-52
-56
-59
-61
-58
-58
-57
-56
-52
-48
-45
-40
-37
-41
-43
-47
-50
-54
-57
-55
-52
-45
-37
-29
-27
-30
-34
-42
-53
-56
-48
-35
-24
-16
-7
-6
-12
-18
-29
-44
-62
-74
-78
-79
-75
-68
-61
-54
-49
-49
-54
-61
-69
-78
-82
-84
-80
-67
-54
-45
-38
-32
-30
-34
-39
-39
-40
-36
-27
-19
-18
-24
-30
-37
-41
-39
-30
-19
-7
8
23
41
58
68
68
66
69
79
92
96
95
87
79
76
76
76
78
87
98
107
115
122
125
121
116
111
99
76
52
34
27
27
33
44
53
57
58
56
56
56
56
61
66
65
58
42
18
-5
-21
-28
-27
-23
-16
-6
3
8
8
14
27
37
43
47
50
45
33
20
13
17
20
23
26
29
29
30
35
41
45
45
40
30
15
-4
-29
-56
-73
-77
-73
-67
-58
-48
-41
-41
-48
-56
-66
-78
-97
-104
-104
-110
-117
-121
-123
-127
-133
-147
-163
-174
-176
-167
-156
-142
-126
-109
-97
-93
-99
-111
-122
-126
-122
-116
-105
-95
-88
-78
-69
-57
-50
-43
-42
-41
-40
-41
-42
-41
-38
-32
-23
-12
-1
10
18
22
21
20
24
33
42
52
61
62
59
55
50
42
34
34
40
48
57
66
68
67
67
68
69
71
71
72
79
88
94
95
94
94
90
87
87
85
90
98
106
112
116
119
122
122
120
115
112
114
122
132
136
133
125
117
109
102
99
99
100
102
99
93
88
83
79
76
74
72
69
62
57
55
50
45
39
34
28
19
5
-11
-27
-41
-45
-45
-42
-40
-42
-47
-50
-55
-63
-69
-67
-68
-66
-66
-66
-72
-82
-90
-96
-103
-105
-107
-109
-111
-112
-112
-111
-112
-113
-116
-119
-124
-129
-130
-124
-112
-103
-97
-93
-92
-95
-95
-97
-103
-108
-110
-107
-99
-90
-81
-75
-72
-72
-75
-79
-81
-80
-74
-65
-58
-49
-40
-33
-27
-28
-32
-37
-40
-39
-25
-9
7
21
31
35
38
40
43
45
47
49
51
51
50
51
52
55
59
62
67
72
73
78
88
96
101
105
105
102
99
97
100
103
105
106
106
108
113
116
115
110
101
91
83
79
79
81
84
86
86
87
85
81
75
68
60
53
49
48
51
60
64
66
62
53
40
25
10
3
-1
-1
-1
2
4
8
8
5
-1
-8
-15
-25
-32
-37
-40
-45
-51
-59
-69
-77
-86
-92
-95
-97
-98
-98
-96
-91
-85
-82
-85
-91
-101
-111
-118
-121
-120
-115
-113
-113
-113
-116
-117
-116
-116
-116
-119
-121
-120
-119
-114
-103
-96
-94
-93
-94
-94
-93
-91
-84
-79
-71
-61
-49
-37
-29
-24
-19
-16
-11
-8
-7
-8
-5
0
7
13
18
19
20
20
22
26
30
36
40
44
50
58
63
64
62
59
55
53
55
60
63
69
76
84
91
96
97
95
90
84
78
68
64
65
65
66
71
77
82
88
94
96
99
96
93
93
95
99
105
108
111
113
115
112
109
107
102
97
92
89
87
86
86
84
81
80
79
74
69
63
53
44
38
32
27
23
16
9
0
-11
-22
-30
-37
-42
-43
-48
-52
-55
-60
-64
-70
-79
-86
-93
-99
-101
-105
-110
-114
-115
-114
-114
-112
-115
-115
-116
-111
-106
-98
-93
-90
-85
-87
-87
-88
-87
-82
-75
-66
-57
-51
-47
-45
-44
-45
-42
-41
-41
-38
-34
-30
-27
-23
-21
-18
-16
-13
-14
-16
-19
-19
-18
-14
-7
-2
0
2
2
2
0
-5
-7
-8
-5
-4
-1
3
5
6
10
12
16
17
17
19
21
22
27
31
36
41
44
45
47
47
48
49
54
60
65
73
80
83
83
82
81
74
70
68
66
67
67
71
68
65
60
56
52
49
47
46
44
43
44
43
41
37
34
28
20
13
5
-1
-11
-17
-21
-23
-25
-24
-23
-25
-27
-31
-39
-47
-54
-57
-58
-58
-52
-48
-47
-47
-46
-48
-46
-43
-41
-41
-38
-34
-31
-30
-29
-28
-27
-23
-22
-22
-22
-24
-29
-28
-30
-29
-29
-28
-26
-24
-23
-22
-25
-26
-27
-27
-26
-24
-23
-23
-21
-20
-20
-20
-19
-19
-21
-18
-17
-18
-18
-17
-19
-23
-23
-25
-27
-28
-27
-25
-27
-25
-22
-16
-12
-5
1
8
13
17
23
26
30
34
38
42
43
45
50
55
58
60
62
63
65
65
64
64
66
68
69
70
69
68
65
63
58
50
46
43
40
39
37
35
30
29
27
25
22
16
13
10
6
3
3
0
-3
-8
-14
-20
-26
-30
-36
-37
-38
-38
-39
-40
-43
-43
-39
-34
-28
-23
-18
-14
-10
-8
-7
-7
-9
-12
-15
-18
-21
-23
-24
-22
-21
-17
-15
-13
-9
-3
4
8
9
7
4
2
-3
-9
-15
-18
-19
-22
-26
-28
-30
-28
-25
-21
-18
-17
-18
-20
-22
-26
-28
-31
-32
-36
-38
-39
-40
-39
-35
-28
-21
-15
-11
-8
-8
-6
-4
0
4
8
9
11
8
5
6
7
9
13
17
20
21
20
23
29
32
37
40
43
41
43
46
47
48
49
49
50
46
44
40
37
34
33
34
32
29
24
19
15
10
7
4
1
-2
-5
-7
-10
-12
-11
-11
-8
-9
-8
-7
-7
-5
-5
-6
-10
-10
-11
-11
-12
-12
-10
-12
-12
-12
-13
-12
-9
-8
-8
-8
-9
-8
-8
-8
-9
-7
-7
-8
-6
-4
0
0
1
0
-2
-2
-4
-5
-7
-7
-8
-10
-9
-9
-7
-5
-6
-7
-8
-10
-13
-16
-18
-20
-22
-23
-24
-23
-24
-25
-23
-23
-25
-24
-22
-19
-15
-12
-9
-7
-4
-2
-1
-1
-2
0
0
0
2
4
5
5
5
6
7
8
8
10
13
17
21
23
25
26
27
26
25
22
21
21
23
24
25
27
27
26
24
21
20
18
16
17
17
20
24
27
28
29
30
28
26
22
19
18
17
20
21
22
24
23
23
23
23
25
24
23
23
23
23
23
22
17
14
10
7
3
-2
-4
-6
-7
-8
-9
-12
-15
-21
-25
-29
-34
-39
-44
-48
-50
-52
-54
-56
-57
-59
-59
-59
-59
-60
-63
-63
-63
-65
-66
-65
-66
-64
-64
-64
-62
-59
-56
-54
-53
-49
-45
-41
-37
-35
-32
-27
-22
-19
-17
-15
-15
-16
-13
-8
-6
-2
2
6
11
16
19
22
22
21
23
25
25
24
24
24
25
26
26
27
26
26
25
25
25
24
25
24
25
26
27
27
25
24
23
22
21
19
21
22
25
28
29
32
33
36
38
39
39
41
40
43
44
44
46
46
49
51
54
56
56
56
55
54
55
54
53
53
51
52
52
51
49
45
43
41
38
34
28
25
20
15
11
6
3
0
-4
-7
-11
-14
-17
-23
-28
-32
-36
-40
-45
-49
-53
-57
-60
-64
-66
-68
-68
-68
-69
-69
-69
-68
-68
-67
-66
-65
-64
-62
-61
-58
-58
-57
-54
-52
-50
-47
-43
-38
-35
-31
-26
-23
-20
-18
-16
-14
-13
-12
-12
-12
-11
-11
-9
-8
-6
-4
-2
0
0
-1
0
-1
-1
0
0
0
2
3
5
5
3
3
2
0
0
1
1
2
4
6
8
10
11
13
17
21
24
26
30
35
39
43
47
51
54
56
57
58
56
59
60
60
62
65
69
71
73
76
78
77
77
74
73
70
66
63
60
60
57
56
54
52
49
47
44
40
37
36
32
26
22
16
11
4
-3
-8
-13
-17
-22
-25
-30
-35
-38
-41
-44
-45
-45
-47
-47
-49
-50
-52
-53
-54
-56
-57
-61
-64
-67
-71
-72
-73
-72
-72
-67
-63
-60
-59
-57
-55
-54
-53
-53
-54
-53
-54
-55
-55
-54
-56
-55
-55
-54
-52
-50
-50
-50
-47
-45
-42
-40
-36
-35
-32
-30
-30
-28
-27
-28
-28
-25
-23
-20
-20
-18
-16
-13
-12
-12
-9
-8
-6
-3
1
5
7
11
13
19
23
26
28
28
31
31
32
31
31
32
34
37
42
46
50
50
53
57
62
65
65
64
65
65
63
61
60
59
58
60
61
63
64
65
65
66
66
66
66
64
63
60
58
55
51
47
45
43
42
41
40
38
38
38
37
38
36
35
31
27
24
21
16
12
7
4
0
-3
-6
-8
-10
-11
-14
-14
-16
-18
-19
-22
-25
-28
-31
-35
-39
-41
-45
-48
-52
-54
-55
-55
-54
-53
-53
-53
-52
-52
-52
-52
-52
-52
-53
-53
-53
-54
-54
-54
-56
-56
-55
-53
-54
-51
-49
-46
-45
-43
-41
-41
-39
-37
-36
-34
-33
-32
-30
-29
-28
-27
-25
-24
-23
-21
-17
-16
-13
-11
-9
-6
-3
-2
1
4
6
8
10
11
14
15
14
16
16
18
20
21
22
23
25
27
29
30
35
35
35
38
39
39
40
41
41
42
41
42
43
44
44
45
45
45
46
47
49
49
49
49
49
48
47
46
46
44
42
41
38
40
37
35
34
32
30
29
30
29
27
25
23
20
18
15
12
10
8
5
3
2
0
-1
-3
-5
-5
-7
-10
-10
-11
-13
-14
-16
-17
-17
-19
-21
-23
-25
-29
-31
-34
-36
-37
-38
-39
-41
-42
-43
-43
-43
-44
-43
-44
-44
-46
-45
-46
-47
-46
-47
-47
-47
-44
-44
-43
-42
-41
-42
-41
-40
-39
-39
-37
-36
-33
-32
-31
-30
-28
-27
-26
-25
-22
-22
-22
-21
-19
-19
-19
-16
-15
-14
-10
-9
-7
-5
-3
-2
0
1
5
7
8
9
13
15
18
19
22
24
25
25
24
27
28
29
31
31
31
32
34
34
33
35
36
37
39
39
40
40
40
41
39
40
39
39
40
39
38
36
35
33
33
33
32
32
32
31
31
28
29
27
26
26
24
24
22
22
19
15
13
9
6
6
3
1
0
-1
-2
-5
-5
-7
-8
-8
-8
-9
-8
-9
-9
-9
-10
-12
-14
-15
-16
-18
-18
-18
-17
-15
-16
-16
-19
-20
-19
-20
-22
-21
-22
-23
-24
-25
-25
-27
-27
-28
-28
-28
-29
-29
-29
-30
-29
-28
-29
-28
-27
-27
-29
-29
-27
-28
-26
-27
-26
-24
-25
-25
-24
-23
-22
-22
-20
-17
-16
-15
-14
-12
-11
-9
-7
-5
-1
0
3
6
7
10
13
15
16
19
22
23
24
26
26
27
26
28
28
28
29
28
26
26
27
26
26
24
25
25
25
25
24
25
23
22
21
21
19
19
18
17
14
11
9
8
5
3
0
2
1
0
-1
-1
-2
-3
-2
-2
-1
0
0
0
1
1
3
5
6
7
8
8
9
11
12
12
14
14
15
15
14
13
13
12
11
10
9
8
8
7
5
5
3
1
0
-1
-4
-5
-7
-9
-10
-11
-13
-15
-15
-17
-19
-22
-24
-23
-24
-25
-29
-29
-28
-30
-30
-29
-29
-27
-28
-28
-25
-26
-25
-23
-21
-20
-20
-17
-13
-11
-8
-7
-4
-1
1
4
5
8
9
10
13
14
14
16
15
15
16
15
16
17
17
15
15
13
13
12
11
10
11
9
8
7
4
4
2
2
1
-1
-2
-3
-4
-6
-8
-10
-9
-11
-12
-11
-12
-13
-15
-15
-15
-13
-14
-13
-12
-13
-12
-11
-10
-8
-7
-5
-3
-1
2
3
4
4
7
8
8
8
10
11
10
13
12
12
13
12
12
12
12
11
10
10
9
9
8
6
6
6
6
5
3
3
2
1
1
0
-1
-3
-5
-5
-5
-6
-8
-8
-10
-10
-11
-11
-9
-8
-9
-10
-10
-9
-7
-7
-8
-7
-6
-6
-5
-4
-2
-2
-1
0
1
1
1
2
4
4
5
5
6
7
8
6
5
7
7
7
7
8
8
8
8
7
6
7
9
6
6
8
8
7
7
7
5
3
2
3
2
2
1
0
0
0
0
-1
-1
-1
-1
-1
-1
-1
0
1
-1
-1
0
-1
-2
-2
-1
-2
-2
-2
-3
-2
-2
-3
-4
-3
-3
-4
-3
-2
-2
-2
-3
-4
-3
-4
-3
-4
-2
-3
-2
-2
-2
-1
-2
-3
-2
-2
-3
-2
-1
-2
-2
-2
-3
-3
-2
-4
-4
-5
-4
-4
-5
-4
-4
-3
-4
-5
-3
-2
-1
0
0
0
1
0
0
1
1
2
2
2
2
3
2
2
3
4
4
3
2
3
3
3
3
3
3
3
2
2
1
2
2
0
0
-1
-1
-1
-2
-1
-1
-1
-2
-1
-2
-2
-1
-2
-3
-3
-2
-3
-3
-2
0
0
0
1
2
3
4
5
6
7
9
8
8
8
10
9
8
8
9
9
9
8
8
8
7
7
7
7
6
6
6
4
3
2
2
0
0
-1
-3
-3
-4
-6
-6
-8
-8
-7
-7
-7
-7
-9
-9
-9
-8
-9
-10
-8
-9
-8
-9
-10
-9
