0
-2
-3
-4
-4
-2
0
0
0
-1
-1
-1
-1
-2
-2
-1
2
1
1
2
0
-2
1
2
1
1
0
-2
-3
-1
-1
1
1
3
2
0
-1
-2
-2
-3
1
1
2
4
1
0
0
-2
-1
2
3
3
2
1
-1
-2
-5
-4
-3
0
3
2
1
0
-3
-5
-3
-2
-2
0
3
6
3
0
-1
-1
0
0
0
0
1
3
3
1
0
-2
-2
-1
-2
-1
1
1
-1
-1
-3
-2
-3
-2
1
1
0
1
4
2
2
0
0
2
1
2
5
6
6
3
0
-2
-1
-3
-1
4
3
2
1
-2
-2
-3
-5
0
3
4
5
0
0
-2
-3
0
4
6
6
6
4
2
-1
-2
0
2
5
4
4
-2
-2
-2
-3
0
1
2
3
4
-1
-1
-3
-5
0
2
4
3
3
4
1
-1
-1
0
1
0
1
1
0
2
-4
-7
-4
-6
-6
-2
-3
-1
0
-4
-1
-4
-8
-6
-5
-3
-1
-2
-4
-5
-5
-6
-3
-1
0
1
2
-1
-3
-8
-12
-6
-5
1
3
-1
-1
-8
-10
-12
-7
-1
1
5
3
1
-9
-11
-17
-11
-2
-3
5
2
-1
-8
-15
-14
-12
-5
-2
4
2
0
-7
-12
-12
-12
-2
4
11
8
5
2
-2
1
-3
6
6
11
13
8
8
3
2
1
8
8
10
13
9
10
5
2
-1
1
4
8
13
12
11
9
2
-3
-2
-4
3
8
8
12
5
-7
-10
-12
-13
-2
1
4
8
-6
-9
-19
-22
-19
-15
-6
3
10
4
3
-9
-13
-8
-6
8
14
24
20
15
11
-9
-6
-9
-3
16
21
23
15
0
-16
-22
-22
-15
-1
8
12
6
-3
-19
-27
-25
-22
0
10
12
12
-2
-9
-17
-21
-11
-3
12
25
18
13
5
-3
1
13
26
35
47
49
48
45
35
37
40
47
63
66
64
61
49
44
45
40
43
45
47
49
42
33
22
18
19
22
23
25
22
22
19
15
17
8
1
-1
-1
2
-5
-8
-16
-21
-30
-42
-42
-50
-58
-61
-67
-65
-55
-65
-71
-71
-77
-72
-79
-69
-58
-58
-50
-51
-57
-57
-61
-69
-44
-33
-28
-15
-39
-47
-63
-81
-84
-83
-90
-94
-94
-102
-102
-131
-163
-187
-215
-206
-183
-133
-44
27
61
44
-17
-65
-84
-48
38
157
270
326
311
224
124
37
6
50
124
210
233
204
116
-13
-116
-203
-215
-172
-106
-29
-8
-33
-96
-166
-202
-197
-150
-69
31
104
144
123
71
29
4
33
87
146
198
211
191
155
103
59
35
44
79
136
173
176
152
92
52
26
38
87
141
199
230
241
213
175
137
120
147
179
232
255
249
218
153
100
45
15
14
27
45
48
26
-23
-78
-128
-155
-154
-143
-122
-110
-110
-130
-168
-201
-224
-219
-200
-165
-137
-123
-122
-134
-142
-147
-144
-133
-118
-113
-110
-119
-130
-145
-158
-163
-152
-142
-161
-188
-236
-249
-238
-205
-154
-139
-124
-132
-121
-89
-76
-58
-49
-11
49
87
112
111
126
139
165
182
174
165
129
142
147
145
121
61
39
12
-10
-43
-92
-111
-126
-114
-104
-105
-119
-145
-144
-144
-129
-126
-114
-79
-50
-16
-3
-8
-6
-21
-7
21
62
86
87
83
74
83
75
65
56
54
76
94
113
109
86
65
56
72
86
112
129
172
210
236
259
237
225
205
224
268
306
344
344
340
308
273
234
196
185
171
183
171
143
102
35
-10
-57
-78
-86
-92
-86
-88
-88
-89
-96
-105
-112
-111
-102
-73
-52
-40
-35
-44
-58
-67
-53
-29
-15
-13
-21
-30
-44
-58
-68
-75
-63
-52
-59
-91
-127
-144
-141
-124
-120
-128
-132
-136
-147
-167
-194
-205
-204
-186
-166
-158
-171
-190
-214
-226
-218
-214
-214
-211
-209
-201
-205
-203
-185
-169
-154
-152
-154
-158
-156
-154
-145
-127
-94
-59
-37
-26
-35
-43
-38
-30
-6
12
25
47
63
78
78
69
57
47
47
62
84
90
91
89
86
98
102
101
94
77
69
67
75
83
94
104
110
113
107
98
87
80
83
93
116
126
127
124
118
128
134
146
161
177
196
207
210
206
192
186
193
215
241
266
272
268
255
233
227
219
222
231
228
230
218
206
189
168
150
122
112
101
93
84
75
70
57
44
18
-2
-20
-43
-57
-60
-56
-53
-53
-64
-82
-98
-121
-136
-149
-154
-152
-148
-144
-152
-171
-188
-207
-211
-210
-211
-209
-212
-206
-205
-207
-213
-221
-219
-211
-203
-200
-195
-193
-195
-195
-201
-204
-213
-218
-212
-210
-210
-220
-237
-252
-267
-280
-283
-272
-253
-219
-194
-186
-185
-201
-213
-213
-190
-146
-92
-37
4
35
42
38
32
33
57
92
133
168
186
204
206
206
197
185
176
165
168
179
190
193
184
179
171
157
141
118
100
82
87
96
109
125
122
120
105
85
67
53
55
66
95
119
135
139
127
130
132
149
164
159
162
162
175
191
199
210
218
225
223
223
221
209
199
193
219
240
241
227
197
181
174
159
145
130
136
134
122
114
87
58
23
14
16
12
-4
-44
-62
-70
-96
-132
-157
-162
-171
-180
-208
-228
-236
-249
-257
-263
-267
-282
-289
-282
-278
-284
-286
-283
-265
-252
-255
-260
-249
-231
-215
-210
-223
-230
-234
-225
-203
-201
-221
-237
-232
-223
-239
-254
-273
-271
-269
-281
-272
-259
-232
-242
-233
-212
-209
-200
-217
-178
-131
-80
-37
-19
16
28
55
66
85
119
143
189
220
243
249
228
224
213
221
228
223
241
237
239
223
197
178
143
128
120
124
125
100
96
87
82
74
51
49
41
51
58
65
74
68
77
82
96
99
93
99
106
137
159
168
192
217
254
295
285
273
227
205
232
266
317
339
356
355
339
286
224
205
202
253
314
352
365
269
190
142
103
94
66
95
136
153
107
21
-55
-114
-125
-144
-138
-110
-121
-137
-191
-240
-286
-341
-340
-314
-272
-252
-265
-292
-294
-281
-293
-291
-255
-203
-179
-213
-242
-256
-242
-229
-234
-208
-173
-171
-193
-209
-211
-241
-290
-291
-259
-236
-261
-295
-310
-309
-331
-383
-406
-390
-354
-307
-282
-253
-258
-277
-281
-279
-236
-194
-134
-79
-19
33
51
63
61
88
131
191
255
286
309
315
312
311
289
278
268
268
286
292
294
265
224
187
172
165
139
122
108
110
112
79
61
36
22
28
23
39
40
34
35
47
68
64
57
41
55
81
92
107
120
138
147
162
185
208
243
268
296
323
325
325
312
318
337
362
391
403
403
374
334
298
286
293
297
304
289
260
217
167
130
80
37
9
11
34
12
-34
-87
-138
-164
-175
-185
-204
-203
-216
-240
-268
-312
-340
-364
-356
-314
-298
-300
-302
-320
-336
-338
-320
-278
-235
-226
-231
-223
-216
-217
-226
-237
-226
-180
-152
-161
-184
-192
-188
-194
-209
-214
-225
-230
-221
-229
-254
-295
-308
-298
-295
-290
-310
-318
-314
-315
-286
-260
-228
-212
-198
-203
-198
-164
-151
-114
-87
-32
13
38
67
73
80
90
129
176
212
234
235
243
244
238
238
218
209
216
233
252
245
223
197
181
177
177
174
164
162
158
147
142
123
107
101
96
97
91
84
78
79
85
87
78
66
55
51
53
52
71
98
117
131
150
171
182
193
189
184
191
207
251
284
301
303
301
300
283
260
246
258
276
294
294
261
229
187
151
131
120
131
129
119
101
66
39
21
2
-25
-46
-44
-28
-37
-82
-121
-143
-146
-131
-139
-171
-203
-202
-173
-167
-195
-236
-248
-232
-202
-190
-215
-248
-260
-244
-223
-233
-257
-261
-239
-211
-211
-242
-260
-248
-233
-225
-221
-217
-223
-234
-232
-214
-201
-203
-207
-195
-187
-193
-202
-212
-212
-210
-198
-182
-172
-165
-160
-150
-129
-121
-133
-148
-131
-86
-40
-11
1
24
46
62
73
82
97
121
155
191
208
216
223
226
224
220
209
200
202
212
221
218
207
194
173
150
132
118
103
95
96
97
88
65
42
25
17
17
19
23
36
50
57
50
38
28
31
52
78
107
136
160
168
152
131
122
128
152
195
235
251
247
229
212
193
178
182
201
239
267
258
223
181
148
135
140
152
167
160
137
123
110
85
53
26
17
17
9
-19
-53
-77
-110
-147
-165
-163
-163
-182
-198
-198
-211
-241
-275
-283
-275
-269
-262
-251
-245
-269
-289
-280
-252
-234
-235
-215
-189
-187
-194
-218
-225
-200
-161
-123
-116
-133
-164
-186
-184
-180
-174
-161
-143
-138
-158
-177
-187
-188
-185
-174
-158
-151
-153
-154
-155
-149
-136
-111
-70
-44
-33
-14
11
29
43
65
95
132
156
169
175
180
185
186
185
199
209
220
221
208
188
160
138
122
120
124
119
101
68
39
20
-7
-26
-41
-43
-40
-51
-57
-78
-93
-100
-105
-98
-93
-87
-71
-46
-29
-22
-3
28
78
123
134
143
127
136
173
218
280
323
349
351
337
314
289
288
319
375
411
414
374
300
233
181
179
202
213
241
246
213
137
48
-4
-25
12
73
78
32
-8
-51
-112
-181
-232
-223
-157
-75
-49
-111
-184
-229
-250
-248
-257
-217
-110
-46
-51
-120
-214
-255
-231
-189
-152
-109
-43
-15
-63
-155
-220
-236
-210
-140
-98
-87
-120
-173
-249
-338
-356
-327
-235
-176
-178
-210
-284
-337
-378
-357
-308
-235
-152
-117
-102
-141
-176
-197
-180
-101
-1
93
133
123
100
83
83
106
148
208
270
302
287
234
172
132
144
188
245
269
258
222
154
84
37
25
38
65
86
83
31
-47
-123
-168
-165
-136
-104
-94
-112
-153
-205
-238
-238
-205
-163
-103
-49
-14
36
36
81
95
110
168
195
288
342
428
478
467
471
448
455
479
541
577
609
618
537
472
369
311
327
320
362
330
259
180
51
-3
-45
-50
5
43
25
-58
-154
-213
-258
-258
-202
-164
-163
-170
-205
-277
-324
-358
-340
-264
-184
-130
-159
-223
-283
-339
-346
-294
-218
-158
-124
-129
-193
-255
-303
-298
-240
-186
-137
-138
-174
-251
-340
-353
-326
-306
-253
-226
-222
-250
-317
-360
-377
-336
-242
-145
-108
-113
-154
-174
-155
-119
-40
39
93
144
148
117
107
105
165
242
294
318
285
260
230
223
253
299
314
293
272
236
206
182
160
158
155
114
71
9
-32
-58
-82
-86
-121
-166
-203
-240
-265
-263
-270
-281
-278
-288
-283
-276
-262
-220
-166
-68
20
67
92
65
46
106
231
391
520
582
560
499
468
492
572
689
771
775
730
625
498
424
433
481
516
476
364
215
93
33
19
62
78
13
-89
-198
-272
-293
-269
-237
-241
-276
-338
-398
-408
-371
-328
-302
-283
-318
-364
-377
-367
-282
-211
-183
-215
-290
-306
-295
-231
-148
-105
-110
-165
-208
-261
-237
-204
-169
-120
-167
-144
-243
-259
-188
-194
-84
-160
-176
-242
-258
-189
-180
-61
-83
-69
-144
-146
-121
-101
41
39
116
85
27
10
22
119
179
220
202
163
101
135
158
216
286
272
222
148
150
147
193
230
229
200
124
80
35
53
71
56
35
1
-79
-149
-147
-142
-108
-125
-188
-245
-287
-261
-234
-184
-161
-110
-114
-73
2
-59
42
29
112
240
302
402
381
416
429
459
493
605
628
652
692
573
575
554
522
570
532
496
420
277
264
213
175
205
83
17
-32
-104
-112
-147
-196
-236
-306
-322
-336
-382
-367
-382
-411
-398
-413
-462
-445
-409
-358
-308
-295
-325
-367
-401
-352
-292
-229
-183
-234
-300
-276
-289
-229
-192
-216
-185
-224
-187
-180
-98
-106
-103
-149
-216
-95
-124
3
-20
-60
-23
-86
-13
-28
34
17
71
55
30
80
-44
46
64
90
130
18
-10
-5
33
83
116
63
85
69
32
124
118
138
141
91
122
149
124
130
111
113
135
77
61
50
30
49
35
24
-15
-46
-90
-69
-51
-42
-71
-111
-78
-1
60
42
68
-29
14
125
174
275
308
278
271
358
375
440
469
492
568
550
573
483
434
505
508
524
507
378
300
277
234
259
200
119
68
-17
-18
-61
-131
-146
-208
-260
-301
-340
-344
-363
-382
-416
-485
-494
-484
-471
-429
-423
-442
-450
-471
-449
-413
-459
-346
-358
-387
-344
-422
-387
-323
-297
-312
-314
-321
-306
-218
-127
-164
-208
-287
-249
-170
-61
-8
-63
-12
-45
12
-44
-20
81
118
255
154
97
25
19
159
190
219
103
34
18
90
101
59
67
-2
64
26
13
47
59
107
45
23
2
38
68
121
135
90
74
29
91
127
138
132
98
97
94
94
72
121
100
101
81
103
160
167
252
144
147
158
153
265
380
396
380
382
301
384
413
471
552
518
549
454
420
485
479
496
481
383
341
338
274
298
254
188
154
36
34
21
-38
-51
-109
-184
-226
-296
-315
-297
-360
-381
-467
-507
-487
-504
-515
-515
-531
-578
-557
-576
-581
-536
-553
-546
-550
-550
-577
-557
-504
-478
-436
-494
-482
-369
-315
-274
-270
-368
-287
-196
-187
-104
-36
20
57
-3
-74
22
111
261
295
167
162
68
105
239
245
244
180
101
82
82
21
80
120
114
104
-83
-89
-5
33
71
1
-65
-56
-56
-56
6
-23
-6
-20
-73
-11
-20
-24
41
75
62
41
-20
13
113
141
190
146
209
263
207
278
251
308
433
416
409
515
510
494
566
488
547
612
647
707
624
614
546
529
642
623
544
562
483
414
436
331
321
326
277
231
133
96
73
12
-23
-42
-127
-152
-193
-254
-243
-285
-312
-359
-393
-418
-434
-457
-438
-460
-548
-541
-563
-553
-537
-576
-568
-579
-600
-605
-622
-656
-575
-587
-585
-369
-515
-473
-497
-609
-359
-348
-335
-323
-259
-206
-116
-195
-248
-58
-92
138
87
-18
125
-34
88
134
92
149
137
92
68
60
-42
114
89
78
63
-139
-8
32
12
6
-67
-86
-44
-75
-142
-50
-83
-49
-79
-193
-109
-154
-148
-67
-89
-69
-82
-141
-45
-13
-7
58
15
96
181
113
180
261
258
350
352
351
467
495
554
560
547
625
604
678
744
696
700
716
694
728
720
658
686
654
641
596
539
541
494
447
399
336
286
261
208
187
147
90
43
-35
-51
-69
-93
-130
-176
-228
-288
-275
-286
-322
-355
-405
-408
-425
-440
-459
-505
-543
-532
-609
-621
-612
-606
-441
-588
-622
-692
-743
-545
-530
-539
-536
-417
-462
-398
-460
-487
-237
-257
-107
-220
-300
-140
-189
-46
-29
-80
-95
-35
-23
-38
-16
-114
24
-12
-22
-22
-107
34
28
-22
-91
-67
-44
-22
-32
-123
-40
-72
-69
-121
-197
-108
-142
-163
-145
-165
-176
-146
-182
-178
-135
-150
-96
-88
-59
-35
-48
26
85
111
162
195
212
299
338
371
442
475
536
549
583
620
646
688
718
731
714
727
703
732
746
720
710
665
659
625
594
582
557
498
426
403
365
354
333
273
200
168
128
86
81
84
32
-59
-74
-124
-156
-123
-175
-209
-261
-280
-331
-343
-334
-372
-425
-381
-230
-443
-361
-460
-514
-271
-374
-397
-391
-249
-245
-230
-353
-354
-172
-205
-49
-232
-227
-82
-216
-92
-160
-181
-153
-155
-177
-214
-227
-291
-144
-240
-230
-270
-373
-208
-244
-266
-304
-291
-270
-260
-313
-358
-246
-283
-246
-315
-379
-282
-319
-313
-274
-296
-303
-304
-345
-268
-224
-234
-192
-230
-189
-124
-134
-49
8
7
42
52
81
168
220
265
321
297
341
358
403
486
489
521
525
502
534
576
588
633
589
536
538
515
558
578
546
506
439
383
373
368
387
390
317
242
196
188
179
195
165
117
63
15
11
-32
-6
-24
-93
-90
-159
-199
-185
-170
-182
-248
-111
-229
-219
-171
-336
-166
-143
-138
-159
-93
-40
8
27
-96
70
76
227
270
89
220
140
180
276
209
224
222
196
101
75
-14
58
88
-35
-30
-233
-213
-172
-251
-248
-317
-331
-383
-452
-553
-487
-468
-507
-541
-693
-635
-617
-666
-632
-628
-647
-638
-700
-679
-532
-560
-505
-497
-568
-423
-394
-394
-254
-186
-149
-100
-117
-63
65
116
240
248
250
337
322
407
492
488
508
552
535
566
582
583
639
593
564
517
472
544
556
508
436
377
336
314
283
266
262
189
158
85
43
83
71
30
-7
-42
-82
-66
-57
-102
-124
-136
-161
-181
-164
-167
-176
-197
-122
-65
-178
-98
-175
-166
-11
-54
-61
16
156
137
153
81
119
295
344
463
339
352
439
365
472
464
452
476
476
405
334
307
296
403
312
244
141
44
149
96
22
-39
-67
-92
-172
-286
-325
-246
-303
-357
-497
-587
-523
-580
-623
-637
-678
-703
-751
-824
-798
-767
-713
-701
-765
-763
-749
-709
-593
-536
-532
-453
-414
-378
-314
-273
-192
-73
6
26
37
105
189
245
315
341
351
396
437
460
487
505
493
467
454
474
471
476
481
424
350
308
294
314
318
249
169
131
112
87
81
57
28
-38
-77
-109
-119
-92
-145
-178
-184
-232
-285
-259
-268
-242
-252
-128
-162
-260
-167
-328
-157
-35
-53
-31
73
196
162
213
125
297
426
536
600
401
558
565
582
689
612
654
652
676
565
522
510
538
580
426
429
276
294
354
237
174
76
100
33
-12
-122
-131
-105
-205
-258
-416
-392
-370
-452
-473
-522
-570
-600
-646
-688
-622
-613
-637
-665
-694
-653
-660
-610
-573
-568
-495
-459
-452
-407
-357
-357
-271
-188
-134
-109
-109
-51
-40
50
90
76
125
178
181
146
170
173
205
210
207
174
172
204
161
131
101
112
92
70
48
2
3
-8
-27
-42
-29
-47
-79
-111
-110
-73
-88
-125
-157
-169
-196
-208
-240
-219
-198
-44
-80
-227
-167
-313
-106
11
-65
-33
0
138
147
156
67
246
376
461
554
369
510
521
574
696
630
685
659
687
662
627
573
625
692
574
572
395
439
499
406
374
260
277
247
186
59
89
110
34
-32
-193
-153
-150
-202
-244
-295
-309
-366
-439
-470
-409
-410
-406
-453
-486
-434
-439
-437
-419
-391
-359
-324
-309
-295
-236
-211
-175
-153
-108
-70
-52
6
9
11
12
20
30
55
81
62
43
6
-8
-35
-44
-23
-61
-91
-128
-177
-197
-194
-232
-262
-286
-334
-347
-367
-367
-354
-361
-415
-438
-437
-443
-407
-416
-426
-460
-427
-497
-500
-449
-383
-92
-286
-310
-406
-453
-77
-67
-49
-60
105
142
190
164
136
457
479
649
523
465
704
649
803
816
756
751
776
787
750
763
665
766
669
598
551
410
583
539
422
270
233
273
261
168
2
66
18
17
-90
-190
-95
-154
-205
-212
-223
-242
-242
-330
-305
-254
-251
-195
-187
-119
-145
-154
-130
-89
38
88
82
128
193
186
222
266
298
386
398
393
353
370
424
369
384
352
288
272
261
211
150
106
15
-29
-95
-113
-183
-243
-300
-415
-445
-507
-531
-572
-623
-649
-687
-737
-754
-771
-788
-776
-785
-781
-790
-827
-792
-797
-753
-811
-814
-802
-660
-349
-578
-525
-648
-647
-296
-278
-231
-239
10
21
85
22
18
346
411
635
449
423
606
551
752
756
725
703
738
734
699
694
607
738
651
611
467
320
499
474
406
246
164
153
164
71
-39
16
-62
-67
-217
-302
-221
-243
-259
-286
-319
-335
-333
-378
-285
-264
-272
-231
-273
-167
-73
35
85
62
140
115
189
376
435
449
574
593
569
691
653
694
783
867
863
762
806
741
700
747
721
602
584
529
394
384
268
226
149
66
9
-183
-199
-198
-307
-417
-522
-594
-595
-624
-719
-794
-849
-860
-853
-951
-950
-965
-1010
-988
-1005
-1036
-1028
-1064
-862
-666
-841
-788
-995
-877
-476
-444
-461
-426
-236
-179
-66
-170
-22
240
346
494
257
371
527
511
690
714
679
632
609
590
675
630
555
583
472
510
330
213
345
347
252
57
-36
-44
14
-125
-194
-203
-289
-289
-482
-516
-421
-448
-517
-552
-569
-567
-571
-628
-513
-485
-464
-446
-486
-341
-242
-240
-180
14
97
117
198
168
290
482
552
585
693
811
786
845
871
893
964
1074
1093
1026
1047
941
895
961
933
824
761
704
622
588
503
432
341
294
232
96
47
-5
-79
-131
-193
-304
-368
-441
-473
-487
-529
-579
-650
-689
-741
-721
-761
-824
-770
-875
-837
-902
-746
-545
-721
-602
-873
-840
-540
-435
-377
-352
-198
-250
-70
-186
-112
106
222
512
291
278
301
299
549
643
566
442
432
374
457
386
330
399
262
281
79
-26
83
102
36
-116
-215
-330
-287
-345
-313
-317
-486
-541
-652
-624
-548
-600
-664
-600
-609
-680
-732
-755
-560
-481
-515
-545
-563
-427
-310
-308
-246
-133
19
85
84
140
166
278
439
497
555
667
655
702
804
807
835
860
936
970
938
922
830
827
885
782
702
697
651
629
558
408
368
338
313
278
165
157
105
45
6
-60
-93
-135
-187
-212
-226
-262
-274
-316
-342
-345
-408
-490
-486
-451
-441
-442
-578
-401
-267
-354
-344
-640
-510
-197
-155
-142
-107
-7
69
137
-56
45
217
385
588
390
425
320
226
484
607
605
488
310
244
340
250
222
233
189
211
-94
-232
-121
-102
-94
-211
-356
-442
-498
-573
-503
-447
-503
-638
-826
-775
-685
-732
-740
-688
-698
-705
-824
-884
-692
-570
-498
-554
-637
-549
-483
-398
-266
-188
-163
-31
-11
43
169
63
217
389
415
485
488
510
628
705
599
589
653
753
787
747
713
562
534
565
516
545
515
363
318
289
199
170
154
194
166
38
-37
-76
-60
-13
-37
-112
-157
-237
-286
-267
-175
-139
-235
-300
-397
-430
-404
-380
-316
-333
-295
-171
-208
-201
-285
-422
-164
6
32
103
173
288
392
295
179
368
536
773
800
692
692
495
505
676
783
823
670
448
373
334
264
303
305
289
141
-157
-235
-219
-176
-119
-205
-353
-516
-681
-687
-519
-434
-480
-644
-820
-818
-808
-749
-593
-550
-568
-665
-842
-787
-609
-483
-349
-358
-407
-442
-479
-392
-167
9
51
29
-70
-45
45
160
305
394
389
285
253
303
444
553
538
463
406
403
386
424
485
460
360
267
177
177
252
230
206
152
35
-42
-42
9
67
23
-59
-121
-159
-124
-134
-143
-145
-206
-251
-293
-299
-282
-281
-305
-342
-421
-508
-511
-502
-460
-380
-153
-117
-178
-340
-553
-267
-27
123
248
376
475
458
360
264
555
772
956
1041
989
934
668
660
858
1045
1085
878
660
562
457
355
435
500
432
197
-87
-137
-127
-140
-172
-196
-216
-383
-627
-687
-518
-406
-396
-501
-616
-650
-717
-700
-513
-317
-279
-415
-599
-577
-486
-386
-224
-136
-88
-189
-340
-330
-200
-26
63
65
44
-17
-120
-84
190
335
377
234
-9
43
128
251
416
475
399
288
148
88
252
335
411
442
319
178
31
48
142
220
230
85
-44
-96
-194
-205
-112
-123
-168
-249
-387
-427
-433
-490
-464
-441
-483
-605
-739
-723
-676
-600
-643
-752
-762
-803
-755
-644
-326
-93
-58
-185
-505
-389
-191
114
511
775
927
760
519
346
603
906
1191
1418
1342
1165
729
493
602
849
1028
907
646
354
36
-184
-133
32
126
35
-239
-425
-582
-678
-558
-346
-174
-216
-436
-593
-541
-390
-226
-52
40
15
-143
-260
-177
25
214
303
212
37
-130
-270
-168
31
139
86
-116
-289
-353
-402
-306
-78
-3
40
-191
-343
-214
-141
37
174
266
339
341
228
272
442
530
682
701
681
619
518
492
420
433
409
333
304
141
-94
-283
-383
-394
-388
-451
-550
-671
-801
-879
-900
-834
-751
-725
-735
-781
-799
-772
-716
-556
-415
-374
-422
-533
-551
-454
-303
-150
102
362
395
245
-12
-69
105
272
485
731
965
967
740
435
246
289
495
846
1086
1044
640
203
15
-7
133
309
445
453
200
-207
-457
-429
-236
32
246
320
180
-108
-264
-172
74
318
432
444
366
173
11
-19
89
200
206
117
-35
-186
-312
-383
-406
-401
-437
-545
-562
-560
-596
-623
-610
-487
-333
-258
-190
79
207
306
365
358
595
650
665
757
839
919
947
850
764
709
452
386
368
378
369
131
-88
-303
-432
-519
-546
-435
-351
-415
-546
-640
-689
-551
-394
-214
-1
15
2
-93
-116
-13
-5
19
-4
-37
-120
-320
-445
-518
-556
-605
-777
-896
-951
-1046
-1139
-1185
-1154
-1024
-659
-268
-28
-63
-317
-307
-142
185
622
1058
1435
1491
1252
887
650
527
735
1083
1277
1191
720
246
-140
-366
-457
-359
-133
-34
-150
-448
-671
-818
-745
-453
-82
328
464
437
348
230
234
331
546
764
869
815
581
215
-114
-306
-342
-250
-217
-242
-418
-732
-994
-1139
-1110
-954
-707
-472
-340
-299
-298
-211
-4
165
375
720
1011
1213
1183
993
809
639
591
658
791
878
799
516
173
-212
-453
-416
-243
19
111
19
-146
-341
-429
-381
-170
137
381
437
361
195
19
-26
21
139
230
249
151
-115
-392
-687
-869
-882
-851
-746
-730
-835
-1009
-1116
-1135
-1098
-962
-750
-504
-391
-417
-558
-568
-453
-68
599
985
1080
661
322
196
78
206
432
862
1126
1027
595
12
-551
-797
-573
-131
331
444
319
58
-331
-573
-664
-397
76
473
723
745
581
241
-18
-2
337
667
805
737
497
240
-103
-361
-488
-491
-390
-310
-276
-362
-576
-813
-930
-826
-520
-197
-2
69
81
48
-14
-2
164
399
627
723
693
634
458
323
234
249
442
549
555
432
328
252
102
22
53
253
463
603
607
499
350
158
80
194
420
512
452
340
199
35
-167
-313
-349
-342
-343
-315
-305
-340
-454
-590
-576
-449
-309
-203
-179
-206
-274
-390
-441
-380
-306
-273
-276
-338
-409
-551
-699
-752
-715
-661
-629
-688
-774
-715
-592
-176
267
538
609
425
379
351
347
319
502
884
1171
1261
871
360
-195
-511
-468
-258
42
121
61
-86
-260
-523
-772
-812
-626
-236
123
383
461
373
220
95
88
129
189
243
313
293
164
-72
-375
-548
-616
-565
-453
-382
-327
-314
-322
-287
-226
-174
-111
-28
130
295
375
376
320
304
345
401
409
392
345
285
256
251
268
309
424
558
693
758
735
681
578
514
480
507
548
557
504
349
218
72
-53
-141
-201
-200
-212
-203
-230
-299
-390
-433
-390
-366
-331
-278
-205
-111
-19
69
98
58
-60
-142
-143
-143
-172
-250
-322
-372
-401
-457
-520
-569
-583
-556
-539
-540
-544
-536
-464
-379
-335
-228
-102
165
547
805
868
627
382
226
86
34
107
326
499
574
431
70
-362
-711
-791
-710
-451
-148
32
144
101
-50
-282
-449
-409
-258
11
254
408
386
229
75
-96
-185
-280
-327
-334
-299
-228
-261
-319
-452
-550
-569
-539
-417
-316
-173
-81
21
163
225
226
143
130
160
219
301
349
419
449
480
455
394
296
209
234
302
416
480
529
526
469
523
548
520
437
347
270
142
18
-97
-115
-55
52
90
50
6
-120
-197
-211
-123
29
178
333
391
332
192
75
-29
-49
-17
13
93
111
89
4
-100
-216
-308
-340
-331
-301
-300
-234
-199
-159
-122
-131
-90
-53
-2
-8
-64
-119
-187
-256
-306
-331
-349
-353
-277
1
367
567
455
191
-1
-142
-303
-367
-197
147
490
600
394
3
-401
-664
-745
-632
-422
-242
-43
134
194
64
-155
-319
-409
-410
-326
-214
-140
-39
36
53
-18
-185
-339
-477
-495
-432
-346
-238
-158
-52
45
89
49
-25
-42
34
157
268
386
443
458
412
308
212
97
-30
-159
-177
-85
20
73
50
13
-33
-43
-31
40
158
280
366
445
575
610
592
563
522
445
334
260
182
105
43
33
28
51
100
82
17
-44
-75
-75
7
121
235
324
381
422
380
286
195
138
128
166
199
208
199
134
85
52
40
32
12
37
53
44
17
-15
-36
-29
-8
-33
-110
-211
-270
-333
-408
-452
-471
-511
-589
-669
-699
-450
-4
336
358
214
149
-11
-272
-467
-390
-101
186
340
204
-110
-480
-727
-838
-830
-744
-663
-484
-241
5
53
-33
-101
-143
-167
-218
-177
-129
-39
95
227
304
239
128
-18
-98
-147
-185
-249
-331
-291
-162
-7
26
-27
-146
-273
-374
-389
-219
-44
99
162
191
163
41
-105
-241
-229
-130
43
169
232
295
313
353
336
325
296
240
222
253
337
364
388
397
387
328
209
100
10
6
64
184
322
420
444
418
382
354
369
385
404
422
483
546
554
503
395
283
167
99
102
166
233
254
274
278
278
272
221
159
96
54
15
-49
-101
-114
-92
-75
-108
-190
-362
-575
-728
-745
-672
-668
-694
-738
-749
-729
-641
-396
-91
193
326
378
361
234
-21
-289
-317
-161
61
147
103
-45
-269
-467
-632
-689
-673
-545
-334
-54
162
207
151
27
-46
-136
-211
-268
-326
-328
-301
-195
-79
21
45
-21
-124
-234
-311
-405
-443
-398
-260
-100
11
73
10
-108
-239
-290
-266
-210
-137
-90
-38
-29
-48
-117
-190
-230
-228
-163
-82
38
165
302
411
463
475
449
475
532
612
658
653
609
538
471
410
381
372
427
470
482
438
344
298
283
343
417
469
500
532
575
571
515
416
362
328
316
310
274
240
191
159
141
107
45
-46
-108
-119
-127
-179
-241
-283
-296
-291
-284
-265
-244
-213
-202
-204
-217
-255
-300
-334
-342
-345
-346
-356
-384
-467
-569
-584
-491
-286
-58
144
330
422
392
220
-7
-171
-248
-230
-178
-114
-80
-80
-123
-211
-337
-464
-540
-548
-453
-313
-177
-115
-134
-179
-248
-287
-334
-397
-443
-414
-305
-180
-64
-9
-13
-72
-167
-279
-395
-467
-514
-539
-529
-488
-438
-391
-336
-264
-179
-134
-134
-124
-54
57
159
247
296
315
299
282
270
238
219
195
217
273
357
431
455
491
521
545
587
646
671
676
695
721
739
720
682
635
628
640
618
557
497
459
424
386
343
293
213
148
109
95
86
33
-31
-88
-96
-66
-32
11
70
130
153
146
115
77
41
29
39
28
11
-6
4
50
91
97
66
50
28
-24
-81
-116
-147
-197
-260
-336
-413
-491
-569
-658
-713
-701
-644
-556
-427
-249
-84
41
126
216
274
245
122
-32
-117
-193
-286
-366
-358
-328
-370
-443
-540
-619
-691
-721
-724
-695
-626
-551
-434
-309
-197
-182
-240
-284
-308
-318
-349
-335
-297
-260
-219
-183
-157
-183
-225
-265
-277
-271
-251
-211
-156
-59
64
184
250
296
350
384
369
320
276
215
173
181
240
297
300
289
289
333
412
486
530
561
579
618
710
773
763
709
646
558
451
357
277
237
240
275
279
252
226
198
163
149
167
182
217
278
346
382
376
349
293
240
225
247
256
231
176
112
68
39
20
-1
-15
-34
-64
-87
-70
-2
74
146
189
202
179
128
68
3
-53
-117
-191
-254
-296
-349
-418
-496
-572
-593
-546
-481
-428
-393
-378
-371
-386
-412
-417
-398
-378
-366
-328
-296
-276
-266
-311
-417
-502
-575
-677
-733
-712
-639
-583
-525
-472
-458
-439
-396
-336
-313
-290
-269
-253
-197
-123
-69
-97
-129
-121
-99
-76
-49
-7
-2
8
32
70
104
105
110
108
109
116
122
123
145
200
255
292
304
305
289
276
265
249
221
181
166
183
232
285
346
389
389
364
325
309
329
342
327
343
412
469
453
382
321
297
330
371
378
376
395
447
499
537
529
449
367
345
384
420
429
415
384
345
283
210
137
98
94
113
137
153
158
150
170
232
286
293
275
237
176
114
52
-1
-39
-51
-38
-40
-72
-154
-274
-405
-497
-539
-555
-552
-554
-544
-500
-428
-411
-465
-533
-565
-583
-612
-649
-714
-756
-798
-828
-777
-657
-540
-498
-434
-352
-315
-298
-277
-250
-251
-208
-191
-242
-276
-272
-273
-293
-223
-156
-155
-186
-162
-105
-97
-73
-55
-28
10
66
94
60
60
75
82
75
123
163
140
129
130
134
94
63
37
14
23
32
10
-47
-53
-43
-30
9
75
127
147
179
189
183
187
212
224
238
269
285
302
329
378
411
443
476
492
480
455
454
451
486
537
583
598
582
579
565
549
519
484
451
443
447
435
409
369
321
274
248
263
296
306
287
268
246
224
201
183
166
129
73
1
-63
-119
-181
-232
-254
-264
-276
-304
-340
-378
-418
-430
-420
-400
-386
-379
-389
-415
-423
-418
-391
-363
-335
-333
-374
-422
-483
-535
-554
-548
-560
-586
-578
-554
-527
-490
-459
-449
-419
-371
-334
-307
-265
-238
-239
-220
-182
-148
-125
-84
-49
-28
-5
-10
-57
-107
-136
-187
-228
-216
-183
-172
-165
-134
-118
-116
-111
-99
-104
-89
-30
20
45
65
79
63
63
88
71
22
3
22
21
43
83
101
106
132
187
222
256
284
285
277
286
307
294
285
303
335
361
392
420
418
426
451
482
516
558
597
622
651
669
671
656
650
654
655
646
602
527
433
344
262
201
159
128
100
71
62
59
50
35
21
19
7
-6
-1
18
43
57
48
27
2
-25
-62
-106
-143
-176
-211
-240
-256
-267
-278
-281
-285
-284
-277
-274
-275
-268
-256
-256
-273
-293
-312
-324
-327
-340
-354
-352
-319
-273
-242
-233
-232
-233
-252
-290
-316
-322
-344
-384
-404
-396
-388
-391
-381
-364
-340
-311
-313
-348
-370
-366
-380
-417
-431
-428
-438
-426
-362
-291
-252
-220
-203
-211
-190
-128
-75
-51
2
64
76
56
46
32
-1
-14
-13
-2
18
47
91
154
234
286
306
321
365
409
419
394
369
378
392
405
416
426
415
389
368
347
329
329
358
390
420
430
405
380
373
371
358
340
331
327
336
352
371
366
347
321
293
281
273
247
218
212
213
199
189
180
152
124
128
135
126
110
88
57
24
14
6
-16
-34
-55
-78
-86
-66
-48
-30
-5
20
44
53
41
18
-14
-45
-84
-116
-149
-193
-252
-311
-351
-376
-386
-392
-394
-391
-371
-340
-325
-331
-337
-330
-317
-305
-293
-284
-295
-325
-354
-370
-363
-346
-337
-323
-316
-325
-346
-376
-390
-382
-360
-329
-295
-269
-256
-261
-269
-275
-270
-265
-260
-252
-229
-204
-189
-178
-159
-135
-109
-82
-51
-16
3
22
46
80
113
128
137
146
140
127
122
114
105
107
123
151
189
218
231
245
281
311
321
327
344
362
369
357
336
326
335
351
358
366
368
359
355
371
399
405
387
379
384
382
360
329
299
273
261
242
215
192
180
157
135
136
139
121
93
94
117
130
124
108
78
51
51
58
54
39
23
6
7
24
27
-3
-42
-68
-86
-101
-120
-140
-155
-151
-143
-153
-173
-199
-223
-238
-236
-238
-249
-258
-257
-248
-231
-212
-207
-210
-212
-214
-214
-222
-247
-280
-305
-317
-323
-319
-313
-309
-302
-293
-283
-277
-275
-271
-253
-225
-201
-194
-204
-223
-233
-241
-252
-265
-270
-254
-229
-215
-211
-200
-183
-167
-146
-107
-61
-30
-18
-4
12
16
15
18
26
32
27
19
24
48
69
88
102
126
170
233
291
332
360
368
373
387
393
369
341
322
304
285
275
278
291
313
336
344
348
353
360
357
350
350
352
348
341
329
304
278
256
227
192
165
135
97
66
45
27
27
38
26
-2
-20
-33
-50
-60
-54
-48
-40
-39
-46
-54
-59
-66
-81
-97
-103
-109
-122
-136
-146
-149
-155
-166
-167
-151
-131
-112
-109
-114
-111
-110
-115
-123
-124
-130
-143
-146
-137
-122
-103
-85
-77
-78
-85
-104
-133
-148
-146
-150
-159
-163
-167
-173
-177
-181
-182
-180
-175
-171
-169
-166
-167
-174
-187
-199
-207
-209
-204
-198
-198
-189
-169
-150
-138
-129
-108
-84
-60
-37
-17
-6
-5
-12
-16
-9
10
27
54
84
106
116
126
148
171
182
182
175
176
198
219
233
241
255
272
277
286
297
303
304
310
307
292
275
265
267
276
287
286
271
249
216
176
139
121
105
98
96
85
72
67
62
45
26
8
-8
-24
-37
-50
-80
-108
-119
-117
-109
-107
-114
-128
-134
-138
-154
-179
-192
-182
-168
-161
-160
-167
-176
-172
-156
-141
-136
-137
-139
-140
-135
-123
-111
-106
-106
-116
-140
-164
-171
-156
-129
-101
-77
-54
-37
-37
-56
-81
-97
-106
-111
-106
-96
-99
-112
-126
-123
-115
-116
-118
-117
-112
-109
-115
-122
-126
-128
-131
-132
-128
-119
-115
-106
-92
-89
-94
-100
-100
-87
-66
-44
-31
-22
-2
23
48
69
83
90
94
103
114
126
144
173
206
227
236
242
240
235
234
250
272
290
302
313
320
325
323
310
294
285
281
276
269
268
272
271
266
267
269
266
254
239
212
168
123
98
99
116
127
124
112
98
79
54
25
-2
-25
-40
-45
-53
-68
-85
-100
-110
-111
-111
-121
-138
-153
-161
-161
-157
-156
-153
-149
-136
-128
-127
-130
-138
-147
-150
-148
-151
-155
-152
-153
-155
-156
-154
-158
-164
-167
-174
-181
-178
-169
-165
-166
-166
-169
-177
-182
-185
-188
-193
-186
-174
-167
-159
-149
-146
-151
-161
-169
-176
-180
-190
-201
-202
-188
-169
-151
-137
-124
-112
-95
-75
-69
-73
-70
-68
-62
-42
-14
13
32
49
67
76
85
96
108
118
123
132
147
164
180
189
189
197
212
224
232
236
239
238
239
243
252
263
275
289
306
308
294
275
262
258
259
255
249
243
238
235
236
234
231
230
226
219
216
209
191
165
138
114
91
74
67
65
69
76
80
69
54
46
41
40
39
32
22
11
0
-11
-24
-39
-57
-78
-97
-117
-140
-162
-184
-199
-203
-200
-193
-189
-185
-182
-182
-187
-195
-205
-217
-229
-236
-242
-252
-263
-269
-277
-283
-287
-296
-306
-312
-319
-326
-328
-328
-317
-303
-291
-277
-264
-252
-240
-233
-233
-233
-225
-214
-199
-189
-190
-197
-199
-197
-195
-189
-177
-161
-139
-111
-81
-53
-34
-18
-7
2
15
26
32
42
56
67
80
98
118
141
159
168
171
174
175
172
175
184
196
207
223
249
271
282
285
280
275
273
275
276
283
291
296
298
296
293
282
263
248
240
237
239
246
258
269
278
283
288
289
286
281
273
268
259
248
234
221
212
203
185
168
151
133
114
96
86
85
86
86
83
73
57
38
20
7
-5
-20
-38
-56
-76
-98
-125
-151
-172
-190
-206
-213
-212
-211
-217
-229
-241
-249
-254
-262
-271
-280
-288
-290
-293
-300
-310
-327
-346
-350
-344
-344
-351
-352
-340
-323
-309
-298
-284
-270
-258
-251
-250
-252
-254
-251
-244
-229
-213
-202
-190
-175
-159
-149
-140
-135
-130
-122
-112
-94
-69
-48
-35
-34
-28
-18
-6
7
13
16
27
41
55
65
72
77
84
93
102
115
130
147
161
176
186
190
194
202
213
220
219
217
221
230
240
248
254
259
263
266
274
283
291
290
290
293
295
296
291
287
288
296
303
308
311
305
297
287
276
267
257
247
235
220
205
194
185
172
159
143
129
115
101
82
63
53
48
47
45
35
20
0
-17
-36
-59
-79
-98
-114
-125
-135
-145
-149
-154
-160
-170
-183
-196
-206
-215
-220
-225
-228
-230
-231
-237
-248
-264
-277
-287
-292
-295
-294
-291
-288
-283
-278
-276
-277
-276
-279
-280
-276
-273
-267
-258
-247
-232
-220
-217
-219
-226
-231
-234
-234
-227
-217
-204
-194
-183
-173
-163
-158
-153
-146
-138
-128
-112
-91
-68
-49
-39
-32
-20
1
20
38
54
71
87
103
115
120
124
129
135
142
148
150
151
157
167
180
192
206
223
238
249
260
269
276
285
293
298
300
294
285
273
261
248
239
234
233
236
236
241
248
251
252
249
242
232
218
202
188
180
173
167
164
161
153
143
133
120
107
96
87
82
79
74
65
51
33
15
-2
-18
-30
-40
-49
-55
-60
-65
-70
-80
-89
-96
-103
-112
-123
-136
-154
-172
-188
-198
-205
-205
-206
-213
-221
-229
-237
-243
-248
-250
-251
-252
-253
-254
-258
-263
-266
-268
-270
-272
-272
-275
-275
-274
-267
-256
-246
-236
-229
-219
-213
-205
-198
-188
-174
-158
-143
-130
-117
-110
-100
-92
-85
-74
-61
-51
-39
-22
-8
8
26
40
51
64
74
82
93
101
108
124
140
156
170
177
180
184
186
186
183
184
189
200
210
219
229
237
241
244
247
249
250
249
248
248
247
243
243
244
243
240
233
226
217
208
197
190
187
188
188
190
191
191
188
183
180
175
169
165
162
156
145
132
119
106
95
81
63
48
34
19
5
-10
-23
-33
-43
-53
-58
-65
-75
-83
-90
-95
-101
-109
-117
-124
-138
-156
-173
-191
-211
-226
-239
-251
-259
-263
-264
-263
-264
-266
-265
-262
-261
-260
-262
-263
-263
-260
-256
-251
-245
-240
-233
-226
-221
-216
-209
-205
-197
-190
-181
-171
-159
-147
-133
-121
-112
-100
-90
-81
-70
-61
-53
-46
-40
-34
-28
-22
-14
-6
4
16
29
44
55
64
69
71
74
80
84
90
100
111
122
133
140
146
150
151
153
153
155
156
159
163
166
169
176
183
191
197
200
203
204
203
206
207
208
212
210
208
206
200
193
186
179
176
172
172
172
173
172
168
161
154
147
139
129
115
101
86
72
61
49
38
30
19
10
1
-11
-19
-30
-41
-52
-62
-69
-76
-87
-98
-110
-123
-134
-145
-156
-165
-171
-176
-181
-187
-191
-195
-199
-201
-202
-204
-207
-208
-208
-207
-203
-203
-205
-208
-207
-203
-200
-199
-195
-191
-186
-182
-178
-177
-171
-165
-157
-149
-140
-132
-127
-121
-115
-110
-104
-98
-92
-83
-72
-64
-57
-48
-40
-32
-26
-21
-15
-8
1
10
18
29
39
48
58
64
73
81
87
97
106
114
120
123
128
133
139
145
150
152
155
158
162
167
170
173
177
182
191
198
205
209
210
210
207
203
198
193
189
184
179
178
177
172
168
165
159
153
147
141
135
130
124
118
109
101
88
74
62
49
39
31
25
22
18
14
9
3
-4
-14
-27
-38
-47
-53
-59
-67
-75
-83
-89
-95
-102
-110
-116
-123
-126
-128
-130
-131
-132
-135
-138
-141
-146
-153
-157
-160
-160
-160
-160
-160
-162
-163
-163
-162
-162
-164
-165
-163
-157
-153
-147
-141
-136
-132
-127
-124
-121
-120
-117
-115
-112
-107
-103
-98
-93
-86
-78
-75
-71
-67
-61
-52
-41
-31
-21
-12
-4
4
12
19
25
32
36
40
48
54
64
75
85
91
98
102
109
115
121
128
133
139
142
146
151
155
157
156
153
153
155
158
161
164
167
168
167
164
161
158
156
153
153
151
152
149
147
143
138
132
125
116
108
100
94
88
83
76
69
57
48
39
28
22
16
11
7
3
1
1
-2
-4
-10
-18
-27
-36
-46
-56
-66
-74
-82
-89
-95
-101
-107
-111
-118
-124
-129
-134
-137
-140
-142
-143
-145
-147
-150
-152
-155
-159
-161
-165
-166
-168
-170
-171
-172
-171
-171
-171
-170
-170
-170
-167
-165
-161
-155
-148
-142
-137
-130
-126
-120
-117
-113
-110
-106
-102
-96
-90
-80
-71
-61
-53
-45
-37
-29
-19
-10
0
9
17
26
38
45
56
66
74
82
88
94
100
104
110
113
115
120
125
130
135
141
147
155
159
163
166
170
173
175
175
175
175
176
175
175
175
175
175
170
166
164
161
157
153
150
147
146
144
142
139
139
137
132
129
123
115
106
98
92
83
78
72
66
60
54
48
43
37
32
27
19
12
3
-7
-14
-21
-29
-36
-43
-50
-60
-68
-74
-81
-90
-99
-109
-117
-127
-138
-147
-156
-160
-163
-165
-168
-172
-174
-176
-178
-180
-182
-185
-187
-191
-194
-196
-197
-200
-200
-200
-198
-196
-193
-190
-186
-180
-172
-165
-159
-151
-146
-137
-128
-120
-111
-104
-97
-88
-80
-74
-67
-61
-57
-51
-44
-38
-29
-22
-12
-4
4
16
28
36
45
55
62
71
77
82
88
95
100
104
106
111
117
122
128
131
135
139
142
145
149
151
150
152
155
157
159
162
166
169
172
173
177
180
181
180
180
181
181
179
177
175
174
170
166
163
158
155
149
143
136
131
125
121
116
110
102
95
89
85
80
73
64
57
52
44
33
26
17
8
-5
-17
-27
-35
-46
-57
-68
-75
-84
-91
-101
-109
-117
-128
-138
-148
-157
-166
-174
-179
-183
-188
-192
-195
-198
-201
-204
-208
-210
-208
-207
-205
-203
-198
-193
-188
-185
-183
-183
-184
-182
-184
-183
-182
-180
-175
-169
-162
-156
-148
-138
-130
-122
-114
-107
-100
-94
-88
-80
-71
-62
-54
-46
-36
-26
-19
-16
-9
-4
1
8
15
21
28
34
40
44
50
55
58
64
71
77
83
89
94
100
105
109
114
120
126
133
139
147
156
162
168
175
182
187
188
188
189
188
188
188
188
189
190
192
193
195
196
198
198
196
194
192
191
189
186
183
178
172
165
158
153
144
135
125
115
104
95
85
76
67
57
47
36
25
13
0
-11
-23
-34
-43
-54
-64
-72
-80
-88
-97
-108
-117
-127
-135
-140
-146
-152
-156
-161
-166
-170
-173
-177
-180
-183
-185
-189
-189
-187
-186
-183
-179
-175
-173
-170
-169
-170
-169
-168
-168
-168
-166
-162
-158
-153
-147
-142
-134
-129
-125
-120
-116
-113
-107
-102
-97
-91
-85
-79
-72
-67
-61
-56
-52
-46
-41
-38
-31
-25
-19
-10
-4
3
9
15
22
27
33
41
46
52
61
67
73
82
87
93
98
104
110
113
118
124
127
135
141
145
151
156
159
163
163
165
166
165
166
166
167
167
167
165
164
162
159
155
149
145
142
137
132
130
126
120
115
108
102
95
87
79
73
66
62
56
50
44
37
31
24
16
9
0
-7
-14
-23
-29
-38
-44
-50
-57
-62
-69
-76
-82
-87
-93
-98
-102
-104
-107
-109
-111
-115
-118
-121
-124
-128
-132
-133
-137
-138
-138
-139
-138
-137
-137
-137
-138
-136
-134
-134
-136
-135
-131
-127
-124
-121
-119
-115
-113
-112
-108
-103
-98
-93
-88
-81
-75
-68
-61
-55
-49
-41
-34
-31
-26
-20
-14
-10
-4
3
10
15
19
24
28
33
38
42
48
54
60
66
72
80
86
90
94
96
97
99
102
104
106
109
110
111
111
114
115
118
119
120
121
121
122
124
124
123
120
118
117
115
113
109
105
101
96
93
89
85
83
80
78
73
68
63
57
52
49
44
40
34
30
24
20
15
10
5
-1
-7
-10
-15
-18
-21
-28
-33
-39
-43
-47
-52
-56
-58
-61
-64
-69
-71
-73
-74
-75
-78
-79
-82
-85
-87
-90
-93
-96
-98
-98
-99
-98
-97
-97
-96
-95
-95
-96
-95
-92
-90
-88
-87
-83
-79
-77
-76
-72
-69
-67
-63
-63
-60
-56
-52
-50
-47
-43
-40
-34
-27
-22
-16
-12
-8
-5
0
3
5
7
9
13
17
17
21
26
31
33
36
39
42
46
51
54
56
58
61
61
62
65
65
66
67
69
69
70
70
69
71
73
73
71
72
74
75
74
73
72
72
71
71
71
69
66
66
65
63
60
57
53
51
47
44
40
34
31
28
26
22
20
17
13
9
5
2
-2
-7
-9
-14
-18
-22
-28
-33
-38
-42
-46
-50
-52
-55
-59
-63
-65
-68
-71
-72
-75
-76
-79
-80
-82
-82
-81
-82
-81
-82
-82
-83
-83
-80
-78
-77
-77
-75
-72
-70
-68
-66
-65
-62
-59
-55
-51
-50
-48
-45
-40
-35
-32
-30
-28
-24
-21
-17
-16
-15
-12
-8
-5
-5
-3
0
2
4
6
10
12
12
15
17
19
21
24
24
26
29
31
32
33
34
37
39
39
41
44
46
49
51
52
54
56
60
62
64
66
67
69
72
71
72
73
75
75
74
75
75
75
76
77
76
77
75
74
75
76
75
74
72
70
69
66
63
60
58
56
51
48
44
42
37
33
30
27
23
19
16
13
9
6
0
-4
-7
-9
-14
-19
-24
-27
-31
-35
-39
-44
-47
-49
-52
-54
-55
-58
-60
-64
-67
-68
-70
-72
-75
-76
-78
-78
-79
-81
-82
-83
-85
-85
-85
-87
-85
-85
-86
-85
-83
-82
-82
-80
-78
-76
-76
-73
-69
-67
-67
-65
-62
-58
-53
-50
-48
-44
-40
-36
-33
-28
-23
-21
-16
-12
-9
-5
-3
0
5
9
14
19
24
28
34
35
39
43
48
51
54
56
59
63
65
67
69
71
75
75
79
81
82
84
85
85
84
87
86
85
85
84
82
82
80
80
79
79
75
74
73
70
66
64
61
59
53
50
46
43
39
36
30
25
23
18
13
11
6
3
0
-5
-9
-13
-18
-21
-26
-30
-32
-34
-39
-43
-46
-48
-51
-52
-55
-58
-60
-61
-62
-65
-67
-67
-69
-69
-70
-72
-71
-73
-74
-75
-75
-74
-74
-72
-71
-72
-70
-70
-70
-69
-68
-66
-64
-62
-63
-60
-57
-56
-53
-51
-48
-46
-46
-43
-41
-40
-37
-35
-31
-28
-25
-23
-22
-19
-18
-17
-13
-9
-6
-2
0
4
8
12
17
21
24
28
31
32
35
38
42
45
48
52
55
56
56
57
60
62
65
65
68
69
69
71
71
72
73
71
70
71
71
69
67
66
66
67
65
63
61
61
58
56
56
55
55
54
51
48
45
42
37
34
31
31
29
26
23
21
17
16
15
12
10
7
3
0
-3
-6
-9
-11
-13
-15
-19
-21
-25
-28
-30
-32
-33
-34
-37
-38
-40
-43
-45
-46
-47
-49
-51
-54
-55
-55
-57
-58
-57
-55
-55
-54
-56
-55
-55
-55
-56
-56
-56
-57
-55
-55
-53
-52
-52
-52
-48
-44
-42
-40
-37
-36
-35
-34
-32
-31
-28
-27
-27
-26
-25
-21
-18
-16
-13
-9
-8
-6
-6
-3
-1
0
1
4
6
8
10
12
14
17
20
23
26
29
30
32
33
36
38
40
42
44
46
46
48
47
49
50
50
50
53
55
56
58
58
58
59
60
60
62
63
63
63
63
64
63
63
62
61
60
58
56
58
56
54
52
49
50
49
47
45
41
39
38
34
32
30
26
22
17
16
13
11
8
5
3
-2
-8
-11
-14
-17
-20
-26
-28
-32
-36
-42
-46
-49
-51
-55
-60
-62
-64
-68
-73
-76
-78
-79
-84
-86
-87
-89
-94
-96
-96
-96
-97
-100
-99
-99
-98
-97
-97
-95
-93
-92
-91
-88
-87
-82
-81
-79
-74
-70
-67
-64
-61
-57
-54
-51
-46
-42
-36
-33
-28
-24
-20
-16
-12
-8
-3
4
7
11
16
22
26
30
33
38
42
45
47
51
55
56
59
61
65
68
69
70
72
75
78
79
80
83
86
88
86
89
89
89
89
90
91
90
91
92
90
90
92
92
92
93
92
90
89
87
86
85
83
80
78
75
70
66
63
60
57
53
49
44
39
34
29
24
21
16
9
4
-1
-8
-12
-15
-19
-24
-31
-35
-38
-44
-50
-54
-58
-63
-68
-72
-78
-83
-86
-88
-93
-96
-99
-100
-104
-105
-108
-108
-108
-108
-108
-108
-107
-108
-108
-105
-104
-103
-102
-102
-101
-100
-97
-94
-91
-87
-85
-82
-79
-76
-73
-68
-65
-63
-59
-56
-53
-50
-46
-43
-39
-36
-31
-29
-25
-20
-15
-10
-5
-1
3
5
9
13
17
22
27
31
34
39
42
46
50
54
58
61
65
69
72
77
81
85
88
90
93
96
98
101
103
105
107
108
109
110
110
110
112
114
114
114
114
113
112
112
111
110
108
107
103
100
97
94
92
88
83
80
74
71
66
62
57
51
46
41
37
33
27
22
16
12
7
3
-3
-7
-13
-18
-23
-29
-33
-34
-39
-44
-48
-52
-57
-61
-65
-69
-72
-77
-78
-82
-85
-88
-89
-92
-95
-96
-99
-100
-102
-103
-103
-104
-105
-105
-104
-104
-106
-107
-104
-103
-100
-100
-98
-96
-94
-92
-91
-88
-85
-83
-80
-76
-73
-70
-67
-63
-60
-57
-53
-49
-44
-39
-35
-29
-26
-20
-14
-9
-5
-2
2
6
10
15
19
22
27
30
33
36
40
44
48
50
53
56
59
61
63
65
68
70
72
75
74
75
75
77
77
77
77
77
75
77
77
75
76
74
73
73
71
70
69
66
66
65
62
61
58
56
53
51
50
47
46
43
41
38
36
34
33
31
26
22
21
18
17
14
10
8
6
3
0
-3
-7
-9
-11
-15
-18
-21
-24
-26
-29
-31
-33
-35
-38
-41
-44
-47
-48
-51
-54
-57
-58
-60
-61
-63
-64
-66
-66
-67
-68
-69
-70
-70
-71
-70
-72
-71
-71
-71
-70
-71
-70
-69
-68
-65
-65
-63
-59
-59
-57
-54
-52
-49
-47
-43
-41
-38
-35
-32
-30
-26
-21
-20
-17
-14
-11
-7
-4
0
5
6
9
15
17
19
22
23
27
30
32
34
36
38
42
43
45
48
50
51
52
52
55
56
58
59
60
61
60
60
61
60
61
62
59
60
59
59
58
58
56
56
56
53
51
50
48
47
46
43
41
38
35
34
32
29
27
26
23
20
18
15
13
11
10
8
4
2
-1
-4
-4
-5
-6
-9
-11
-13
-16
-18
-20
-22
-24
-23
-25
-25
-27
-29
-31
-30
-30
-32
-32
-33
-33
-33
-33
-33
-33
-33
-33
-34
-35
-35
-35
-36
-36
-35
-36
-36
-37
-37
-35
-33
-34
-33
-33
-34
-32
-32
-31
-30
-29
-28
-27
-28
-29
-29
-29
-28
-26
-25
-26
-24
-22
-21
-19
-17
-15
-13
-10
-8
-6
-3
-1
1
5
7
9
11
12
16
19
21
22
25
28
31
34
36
38
40
44
45
47
50
52
54
55
57
57
58
57
57
58
58
58
59
57
57
56
54
54
54
53
53
51
51
48
45
42
39
36
34
31
27
24
20
15
12
10
6
3
-1
-3
-7
-9
-12
-15
-17
-20
-24
-27
-29
-33
-36
-39
-40
-41
-43
-45
-46
-47
-47
-49
-51
-53
-53
-53
-54
-55
-55
-55
-56
-54
-55
-54
-54
-53
-54
-56
-55
-57
-57
-58
-58
-57
-57
-57
-58
-57
-55
-54
-54
-53
-52
-52
-51
-51
-51
-46
-45
-42
-40
-38
-36
-33
-32
-30
-27
-23
-21
-18
-15
-12
-8
-5
-1
2
6
9
12
15
19
23
26
30
34
37
41
45
48
50
53
56
58
61
63
65
69
71
74
76
78
79
80
80
81
81
80
79
78
77
74
72
71
70
69
68
66
63
60
58
56
54
52
48
46
43
40
36
32
29
26
22
20
16
16
12
8
5
3
3
-1
-3
-7
-8
-10
-14
-16
-19
-22
-24
-26
-28
-30
-31
-32
-35
-37
-39
-39
-39
-42
-42
-42
-43
-43
-45
-46
-47
-48
-48
-49
-49
-49
-50
-51
-50
-50
-48
-48
-49
-49
-48
-46
-47
-47
-47
-48
-48
-47
-45
-44
-44
-44
-43
-42
-41
-39
-37
-36
-34
-34
-33
-30
-28
-25
-22
-19
-16
-15
-15
-12
-12
-9
-7
-5
-4
-3
0
1
3
5
8
10
12
16
18
19
21
23
25
28
29
31
33
34
34
35
37
38
38
40
41
42
43
45
45
47
49
51
52
53
53
54
54
55
56
55
54
54
53
53
52
51
50
50
51
50
49
48
47
46
45
44
43
41
40
39
39
37
35
34
31
30
29
26
24
21
19
16
14
12
9
6
3
1
-3
-4
-7
-9
-11
-13
-16
-19
-23
-25
-27
-30
-33
-35
-37
-40
-42
-44
-46
-47
-50
-52
-54
-56
-57
-58
-61
-63
-65
-67
-67
-67
-68
-68
-70
-70
-70
-70
-71
-71
-72
-72
-73
-71
-69
-67
-65
-63
-62
-59
-57
-54
-53
-51
-48
-45
-42
-39
-36
-33
-31
-27
-24
-21
-17
-14
-11
-7
-3
-1
2
4
7
10
14
16
19
22
25
27
30
32
34
36
38
40
42
45
47
48
51
53
55
57
57
56
58
59
59
61
60
62
63
63
64
64
65
64
65
64
64
63
61
61
61
60
59
59
58
58
56
55
53
51
49
46
46
45
42
38
36
33
30
27
23
21
18
15
11
7
4
1
-2
-5
-9
-12
-14
-18
-21
-25
-28
-31
-34
-37
-39
-41
-44
-47
-49
-51
-51
-53
-56
-56
-58
-59
-59
-61
-61
-62
-63
-64
-64
-63
-63
-61
-61
-60
-59
-58
-57
-56
-56
-55
-53
-52
-50
-49
-47
-47
-45
-43
-41
-38
-36
-35
-33
-29
-27
-25
-23
-21
-20
-18
-15
-12
-10
-8
-6
-4
1
3
6
9
11
13
15
18
22
25
27
30
32
33
36
37
40
42
42
44
47
48
49
50
51
51
52
54
53
54
53
54
53
53
53
52
50
48
48
48
48
47
45
44
42
41
40
39
37
36
33
31
29
26
25
21
18
16
14
12
9
5
3
1
-1
-3
-6
-10
-12
-15
-17
-19
-19
-21
-22
-22
-23
-24
-28
-29
-32
-33
-34
-35
-35
-35
-36
-36
-36
-37
-38
-39
-40
-40
-41
-41
-41
-42
-44
-43
-40
-39
-40
-37
-37
-35
-35
-34
-31
-31
-30
-28
-25
-24
-22
-22
-20
-18
-16
-11
-10
-10
-9
-7
-5
-4
-2
-2
-1
0
2
3
5
7
7
8
10
12
14
14
15
17
18
20
22
24
25
27
28
29
30
31
32
33
35
35
35
36
36
36
37
38
38
38
37
37
37
38
35
33
30
31
30
29
29
29
27
26
25
24
23
21
20
18
17
16
15
13
11
9
7
5
2
2
1
0
-3
-5
-8
-9
-12
-14
-14
-16
-17
-20
-21
-21
-21
-22
-23
-22
-24
-22
-23
-22
-22
-23
-24
-24
-24
-25
-25
-27
-27
-26
-26
-25
-25
-25
-25
-26
-28
-30
-29
-30
-30
-30
-29
-29
-29
-28
-28
-29
-28
-29
-28
-26
-26
-25
-23
-22
-23
-23
-24
-24
-21
-20
-18
-17
-17
-14
-13
-12
-12
-11
-11
-10
-10
-7
-6
-6
-5
-4
0
1
3
2
4
5
7
10
13
14
16
16
16
18
19
20
22
24
26
27
28
28
28
26
26
27
28
29
29
29
31
30
30
30
30
30
31
32
32
32
34
34
33
34
34
34
33
31
31
30
29
28
26
24
24
21
22
19
17
16
14
13
12
10
8
7
4
2
0
-2
-4
-6
-6
-8
-9
-9
-11
-12
-13
-13
-13
-15
-16
-16
-17
-18
-18
-20
-20
-20
-21
-22
-22
-23
-23
-23
-24
-23
-24
-24
-24
-24
-23
-23
-23
-23
-21
-22
-22
-20
-18
-18
-16
-14
-14
-13
-11
-12
-10
-9
-9
-10
-9
-9
-9
-8
-8
-9
-10
-9
-8
-6
-4
-4
-3
-1
-2
-1
-1
0
2
2
3
5
5
7
8
7
8
10
9
10
10
9
10
11
12
13
11
12
13
13
14
15
14
15
16
16
16
16
17
17
16
17
17
17
17
15
15
15
14
15
14
14
16
15
15
15
13
14
14
14
14
13
13
13
10
11
10
9
8
7
6
6
5
2
2
1
1
0
-1
-1
-2
-4
-5
-4
-5
-7
-10
-11
-12
-14
-13
-15
-17
-18
-21
-20
-22
-24
-24
-25
-25
-25
-26
-25
-27
-29
-29
-28
-28
-28
-29
-29
-28
-28
-27
-25
-24
-23
-22
-20
-19
-17
-15
-17
-14
-12
-12
-9
-9
-7
-6
-5
-4
-2
-2
-1
0
1
3
4
5
5
8
7
9
10
10
12
12
13
15
17
17
17
18
19
19
20
20
21
22
22
23
23
25
23
22
23
23
24
23
23
23
22
22
21
19
19
18
17
17
17
18
17
16
16
15
14
14
13
12
11
11
11
9
9
8
6
5
3
3
1
0
-2
-3
-4
-4
-4
-6
-7
-10
-12
-14
-15
-15
-15
-16
-16
-16
-15
-15
-15
-17
-17
-17
-18
-18
-17
-18
-19
-18
-18
-16
-18
-18
-19
-19
-20
-18
-18
-18
-18
-17
-17
-16
-15
-16
-16
-15
-14
-14
-14
-13
-11
-9
-9
-9
-9
-8
-6
-6
-6
-5
-1
0
-1
0
0
-1
1
3
2
1
1
1
3
4
5
5
5
6
7
6
5
6
6
6
7
9
9
9
8
8
9
10
11
11
11
11
11
9
10
11
12
12
11
10
10
9
11
10
10
8
10
9
10
10
9
8
10
10
11
12
11
10
9
9
8
8
8
9
4
5
5
2
3
4
3
4
4
5
5
3
2
2
1
1
-1
-2
-1
-3
-5
-5
-5
-4
-4
-3
-4
-3
-4
-4
-5
-5
-4
-5
-5
-6
-7
-9
-9
-10
-9
-9
-11
-11
-11
-12
-10
-12
-13
-13
-12
-13
-14
-14
-17
-17
-16
-16
-16
-16
-17
-16
-16
-15
-15
-16
-14
-13
-14
-13
-11
-10
-11
-11
-9
-9
-9
-8
-9
-8
-8
-6
-6
-6
-6
-5
-3
-1
0
2
2
4
5
8
10
11
13
13
14
16
17
18
19
20
21
23
24
26
26
27
27
27
28
29
28
27
28
30
32
31
31
29
31
32
30
31
32
32
33
34
32
33
33
32
30
30
28
27
25
23
22
21
19
16
16
14
11
10
7
6
4
3
1
0
-3
-4
-4
-6
-7
-9
-10
-12
-13
-14
-16
-16
-19
-20
-20
-22
-23
-25
-28
-29
-30
-31
-33
-35
-37
-39
-40
-41
-42
-43
-46
-46
-45
-46
-47
-46
-46
-45
-45
-44
-44
-43
-42
-41
-40
-39
-37
-38
-37
-35
-34
-33
-32
-31
-29
-28
-28
-27
-26
-23
-23
-23
-21
-21
-19
-17
-16
-16
-13
-11
-10
-9
-5
-3
-1
2
5
8
11
12
15
16
19
21
22
26
26
27
28
30
31
32
34
35
36
36
38
37
38
39
39
39
38
40
39
40
38
39
39
38
40
38
37
37
39
38
37
37
37
35
36
34
34
34
32
28
29
27
25
24
23
19
18
16
14
12
12
12
11
9
7
6
6
4
3
2
-1
-2
-4
-5
-7
-10
-11
-11
-12
-14
-15
-16
-16
-16
-17
-19
-19
-21
-22
-23
-24
-24
-24
-26
-28
-30
-30
-29
-30
-31
-30
-30
-30
-29
-29
-28
-27
-27
-27
-26
-26
-26
-29
-28
-27
-27
-27
-29
-29
-28
-27
-27
-25
-24
-23
-22
-19
-19
-17
-18
-18
-16
-15
-14
-12
-12
-11
-9
-9
-7
-4
-3
-1
1
2
4
6
6
8
9
11
13
15
16
17
17
17
20
22
24
24
26
27
29
30
31
32
33
34
35
35
36
35
34
34
35
36
36
35
34
34
34
32
32
33
32
33
33
31
31
30
28
29
27
25
23
21
22
21
19
18
16
15
14
13
12
10
9
8
6
4
3
0
-1
-3
-5
-6
-8
-9
-9
-9
-12
-14
-16
-18
-19
-17
-19
-21
-22
-24
-24
-23
-25
-26
-26
-27
-27
-27
-28
-28
-27
-29
-28
-27
-28
-28
-28
-28
-29
-28
-27
-25
-25
-25
-24
-24
-24
-23
-24
-23
-22
-22
-20
-20
-20
-19
-18
-17
-16
-15
-14
-15
-13
-12
-12
-11
-11
-10
-9
-9
-7
-7
-6
-6
-5
-5
-4
-3
-2
-2
-1
0
2
1
2
2
2
3
4
5
5
6
5
6
6
8
9
9
10
9
10
12
11
11
12
13
13
14
15
14
15
15
15
16
16
16
17
18
17
18
18
17
17
18
20
19
19
19
18
18
18
17
17
19
19
18
17
17
18
17
17
16
16
16
15
14
14
13
12
11
10
9
7
5
5
5
4
0
0
0
-2
-2
-5
-6
-7
-7
-9
-10
-10
-11
-12
-14
-15
-15
-16
-16
-18
-17
-17
-18
-18
-19
-19
-19
-18
-19
-19
-19
-19
-18
-17
-17
-17
-17
-17
-16
-16
-17
-14
-14
-14
-13
-11
-11
-9
-10
-9
-9
-8
-8
-8
-6
-6
-4
-3
-3
-2
-1
1
1
1
2
3
3
4
5
5
5
7
7
7
7
6
7
9
8
9
9
10
11
12
10
12
11
11
12
11
13
13
11
11
13
11
11
12
11
13
11
11
10
11
10
11
10
9
9
9
9
7
8
8
9
10
9
9
9
9
9
9
8
7
8
8
6
6
5
4
3
3
1
1
0
-1
-2
-2
-3
-3
-3
-4
-3
-5
-6
-7
-7
-7
-9
-10
-10
-12
-12
-12
-13
-13
-13
-13
-13
-15
-14
-14
-14
-13
-13
-14
-14
-15
-13
-13
-15
-15
-15
-15
-16
-16
-16
-16
-17
-16
-15
-14
-14
-13
-12
-10
-9
-9
-9
-6
-7
-5
-6
-5
-4
-3
-2
-2
-1
1
2
2
3
4
7
7
8
9
10
10
10
13
13
15
14
15
16
17
16
17
18
18
18
20
21
23
23
22
25
25
26
25
26
24
25
23
21
19
18
16
14
12
12
10
10
9
8
8
7
5
3
4
1
1
-2
-4
-4
-7
-9
-9
-11
-11
-12
-12
-12
-12
-12
-13
-12
-12
-13
-14
-14
-13
-13
-13
-14
-13
-13
-11
-11
-12
-9
-9
-8
-6
-4
-3
-3
-3
-3
-1
0
1
1
3
2
2
2
2
2
1
2
2
1
-1
-1
-2
-1
-3
-4
-4
-5
-4
-5
-7
-7
-8
-9
-10
-10
-9
-8
-9
-10
-11
-11
-11
-11
-11
-10
-10
-11
-10
-9
-9
-7
-7
-6
-6
-4
-4
-3
-4
-2
-2
-2
-1
-1
1
0
2
3
5
6
7
7
8
10
11
11
10
10
10
10
9
10
9
8
7
7
7
8
7
7
6
5
7
7
5
4
3
3
3
2
2
1
1
1
1
0
1
1
1
1
1
1
1
1
0
0
1
1
0
0
-2
-1
-2
-2
-2
-2
-2
-1
-1
-2
-1
-2
-2
-2
-2
-2
-1
-2
-1
-2
-2
-2
-2
-2
-2
-1
-2
-2
-2
-2
-3
-4
-4
-2
-2
-3
-2
-3
-2
-3
-2
-2
-2
-1
-2
-2
-2
-2
-1
-2
-1
0
-1
1
1
1
2
1
1
1
2
1
2
3
2
3
2
1
2
2
3
1
1
1
1
1
0
0
0
2
0
1
1
0
0
-1
1
1
1
1
1
2
2
1
1
1
0
-1
-1
-1
0
-1
-1
0
1
0
0
0
-2
-1
0
0
1
2
2
1
3
4
6
6
6
7
8
9
10
11
11
11
11
11
12
14
12
11
12
12
11
10
10
10
10
10
11
10
9
8
7
7
6
6
5
5
4
4
3
2
3
2
1
1
-1
-1
-1
-3
-3
-4
-4
-6
-10
-11
-11
-13
-12
-13
-14
-17
-18
-18
-18
-18
-20
-22
-22
-22
-22
-20
-20
-20
-20
-18
-18
-16
-15
-14
-13
-13
-10
-8
-7
-5
-4
-3
-1
0
1
3
4
6
5
6
7
7
8
10
11
12
13
12
12
11
12
11
11
12
11
12
11
11
10
10
10
10
10
7
6
6
5
5
5
5
4
3
3
2
1
0
0
1
0
-1
-1
-3
-3
-3
-2
-3
-2
-1
-2
-4
-3
-4
-5
-3
-3
-3
-1
-2
-3
-3
-3
-3
-3
-2
-1
-1
-2
-2
-2
-2
-1
-1
-1
-3
-3
-2
-2
-2
-2
-1
0
-1
-2
-3
-4
-4
-4
-4
-3
-4
-5
-6
-6
-6
-6
-6
-6
-7
-6
-7
-7
-7
-9
-7
-7
-6
-7
-7
-7
-8
-8
-8
-8
-7
-6
-8
-7
-8
-8
-8
-7
-6
-7
-6
-7
-7
-7
-7
-7
-6
-6
-6
-6
-7
-6
-5
-5
-5
-3
-3
-2
-1
0
1
2
2
2
4
4
4
5
5
6
7
9
10
10
11
12
14
15
15
14
17
17
18
19
18
18
20
21
22
21
20
20
19
20
20
20
20
20
20
21
22
21
20
19
18
17
18
17
16
14
14
12
12
13
12
11
9
8
7
7
6
4
3
3
3
2
3
1
0
-1
-2
-2
-3
-5
-5
-7
-7
-8
-8
-8
-10
-9
-9
-10
-9
-10
-10
-11
-13
-12
-13
-13
-15
-15
-15
-15
-14
-14
-15
-13
-13
-13
-14
-14
-14
-16
-16
-17
-17
-14
-14
-14
-13
-12
-10
-11
-11
-11
-10
-12
-12
-11
-11
-10
-10
-8
-7
-5
-5
-4
-3
-2
-3
-2
-2
-1
-1
-1
0
0
0
1
2
2
2
3
2
3
3
2
2
2
3
5
5
4
6
5
6
5
5
5
5
5
6
6
5
5
6
5
6
6
6
5
5
5
5
3
3
3
3
3
4
3
3
3
3
3
3
2
3
3
4
4
4
4
3
5
5
5
5
4
3
4
3
1
1
2
1
1
1
1
2
1
1
1
0
-1
-2
-2
-2
-3
-3
-3
-2
-2
-1
-1
-1
-1
0
-1
-2
-2
-5
-4
-5
-5
-6
-7
-8
-8
-7
-7
-8
-8
-8
-8
-7
-9
-11
-10
-10
-11
-11
-10
-9
-9
-9
-8
-8
-8
-7
-8
-7
-7
-7
-6
-6
-5
-5
-4
-3
-3
-4
-2
-3
-3
-3
-2
-2
-1
-1
0
1
0
2
2
2
2
2
3
5
4
5
4
4
6
7
7
7
6
7
7
7
8
7
7
8
7
7
6
6
6
6
7
6
6
4
5
5
6
5
5
5
6
6
7
7
5
4
5
5
6
6
5
5
5
6
4
4
5
5
5
5
3
4
4
3
4
4
3
3
3
2
2
0
1
1
0
0
1
1
1
1
1
1
1
1
0
0
-1
-2
-2
-3
-1
-2
-3
-5
-5
-4
-4
-4
-4
-5
-4
-4
-3
-3
-2
-3
-4
-4
-3
-5
-4
-4
-5
-4
-3
-2
0
0
0
0
0
-1
0
0
1
1
0
0
0
0
0
1
2
1
1
1
0
3
1
1
0
0
1
1
1
1
0
0
0
1
1
0
-1
0
0
0
0
0
-1
-1
-2
-1
-1
-1
-1
0
0
-1
0
1
1
1
0
0
1
1
0
0
-1
-1
-1
1
1
0
0
0
0
