0
0
0
0
0
1
2
2
3
3
2
3
4
4
4
4
4
4
4
4
3
3
4
3
2
2
2
2
1
1
0
2
0
-1
-2
-1
-2
-2
-3
-3
-3
-4
-4
-5
-6
-6
-6
-6
-7
-7
-7
-7
-8
-9
-8
-9
-10
-10
-12
-12
-13
-13
-13
-14
-13
-15
-16
-18
-18
-17
-17
-16
-16
-14
-14
-13
-12
-13
-10
-9
-9
-9
-10
-9
-8
-9
-10
-10
-10
-12
-15
-16
-21
-19
-23
-23
-26
-26
-24
-26
-22
-20
-14
-8
-4
1
6
12
17
22
29
36
46
53
59
65
69
75
77
79
79
80
78
76
71
68
64
62
55
50
45
41
37
31
24
19
14
13
10
6
5
3
3
1
1
0
0
-1
-1
-2
1
4
6
7
7
5
3
3
3
4
4
3
2
1
1
-1
-4
-7
-11
-13
-15
-17
-19
-20
-21
-23
-24
-25
-28
-27
-32
-34
-39
-42
-45
-49
-54
-60
-66
-70
-74
-80
-84
-91
-97
-106
-116
-124
-132
-136
-138
-128
-111
-91
-74
-62
-51
-44
-41
-37
-24
1
26
46
59
70
87
103
119
127
131
131
127
118
108
102
100
97
87
68
54
48
42
28
9
-7
-19
-32
-44
-53
-62
-65
-76
-87
-96
-99
-95
-94
-96
-101
-102
-93
-88
-73
-59
-41
-22
-13
4
17
34
54
66
85
98
117
132
142
151
157
170
176
179
174
168
167
158
153
144
135
131
119
110
103
91
82
72
61
50
40
30
22
8
-2
-3
-7
-10
-15
-21
-25
-33
-43
-48
-52
-60
-69
-77
-83
-88
-93
-96
-98
-103
-111
-116
-118
-122
-125
-130
-130
-133
-138
-137
-140
-141
-146
-151
-159
-164
-149
-120
-84
-59
-52
-38
-31
-31
-32
-20
17
43
67
77
81
99
110
128
134
135
132
120
112
94
89
94
92
83
55
43
42
40
32
8
-6
-19
-30
-44
-55
-59
-69
-81
-99
-118
-125
-126
-124
-134
-151
-158
-152
-144
-141
-139
-132
-124
-126
-126
-117
-96
-76
-60
-43
-28
-6
20
51
79
99
131
153
176
187
196
223
227
231
227
233
256
261
263
253
245
240
224
217
193
175
147
121
105
78
73
64
54
40
15
9
2
-7
-19
-32
-39
-49
-59
-66
-67
-69
-73
-74
-78
-82
-86
-85
-88
-99
-117
-124
-127
-133
-137
-146
-144
-147
-157
-159
-169
-168
-176
-185
-196
-222
-228
-225
-185
-143
-111
-79
-72
-51
-59
-68
-53
-37
18
42
61
75
83
122
140
168
173
170
169
144
133
110
112
119
103
93
63
65
71
63
51
26
11
-8
-27
-39
-48
-51
-62
-76
-96
-104
-99
-98
-100
-119
-142
-153
-156
-154
-152
-152
-144
-139
-142
-135
-122
-95
-72
-66
-56
-52
-34
-6
23
51
69
96
120
154
187
217
257
270
278
271
271
291
298
313
315
310
308
294
290
278
265
239
206
173
134
113
96
81
62
31
12
-10
-24
-27
-38
-47
-67
-88
-97
-99
-96
-92
-91
-97
-109
-116
-113
-106
-106
-114
-121
-126
-123
-121
-121
-117
-127
-140
-157
-173
-170
-170
-176
-199
-235
-267
-288
-288
-259
-210
-163
-133
-121
-119
-121
-133
-131
-108
-71
-29
-2
17
40
78
113
145
161
162
157
138
125
109
106
118
118
113
96
85
88
87
74
50
28
4
-17
-36
-45
-47
-61
-73
-92
-108
-112
-118
-122
-141
-166
-185
-196
-191
-184
-173
-163
-155
-151
-146
-124
-104
-84
-70
-62
-48
-35
-10
25
58
98
130
162
198
230
277
312
335
342
339
350
357
372
385
402
421
421
417
400
384
364
333
300
257
220
190
163
141
112
87
62
34
11
-13
-27
-40
-61
-82
-98
-105
-107
-115
-116
-121
-126
-135
-147
-153
-160
-165
-166
-166
-166
-164
-162
-154
-155
-155
-163
-178
-187
-203
-212
-219
-240
-253
-274
-294
-306
-309
-267
-219
-173
-153
-157
-153
-173
-193
-191
-148
-63
-12
11
11
20
65
96
129
137
133
129
98
81
76
98
138
139
105
57
34
42
36
16
-14
-34
-52
-80
-95
-86
-73
-76
-112
-157
-185
-197
-190
-192
-204
-223
-235
-226
-213
-192
-169
-143
-132
-147
-152
-139
-104
-70
-51
-25
-7
17
55
94
142
177
201
230
258
296
347
391
427
444
432
439
450
464
485
499
507
490
462
435
417
407
384
352
314
277
238
205
192
162
127
95
54
30
12
-5
-8
-21
-50
-80
-102
-109
-109
-112
-114
-133
-160
-178
-195
-203
-204
-213
-214
-212
-218
-215
-199
-185
-192
-214
-237
-253
-262
-265
-276
-292
-308
-341
-366
-374
-338
-266
-201
-150
-160
-170
-170
-195
-196
-183
-110
-25
18
35
30
74
130
155
168
153
154
143
131
125
119
155
164
138
95
39
29
31
8
-35
-82
-96
-100
-115
-118
-114
-113
-136
-194
-244
-262
-260
-257
-267
-287
-302
-290
-266
-256
-243
-232
-213
-208
-219
-211
-182
-131
-89
-62
-24
11
51
88
128
165
200
241
280
334
386
444
491
518
538
540
556
573
582
592
600
601
584
556
532
523
515
483
436
387
342
299
256
219
184
153
129
89
56
36
23
10
-26
-73
-112
-132
-146
-156
-162
-166
-176
-196
-224
-245
-250
-248
-250
-263
-276
-284
-283
-265
-256
-262
-273
-291
-303
-314
-326
-339
-349
-389
-428
-430
-407
-308
-234
-177
-138
-166
-175
-212
-224
-176
-110
-7
50
74
78
92
144
174
199
186
172
165
127
130
142
166
198
148
99
43
-6
-12
-44
-72
-106
-138
-148
-157
-164
-153
-153
-185
-247
-321
-358
-360
-349
-352
-352
-349
-352
-333
-317
-290
-259
-251
-243
-247
-238
-195
-136
-57
-3
40
75
103
138
169
210
260
313
372
435
500
562
602
622
624
623
630
645
671
679
673
656
630
612
596
578
560
521
459
388
320
277
241
209
176
129
88
49
19
-4
-26
-51
-89
-128
-165
-192
-193
-195
-202
-225
-257
-281
-301
-311
-317
-314
-314
-323
-334
-344
-333
-319
-303
-308
-326
-351
-373
-376
-388
-387
-417
-439
-423
-412
-324
-254
-183
-130
-170
-195
-236
-231
-167
-76
47
125
162
150
140
161
179
203
193
177
170
144
161
190
222
256
208
137
48
-30
-56
-70
-81
-90
-107
-120
-119
-136
-142
-158
-209
-284
-374
-425
-426
-389
-361
-340
-329
-337
-333
-338
-328
-308
-304
-296
-298
-285
-225
-143
-46
31
73
105
128
147
169
225
302
392
477
530
599
659
709
737
722
718
720
739
754
750
735
740
733
706
667
614
582
537
465
386
322
284
260
227
176
134
98
59
15
-49
-87
-105
-124
-134
-163
-175
-167
-180
-209
-259
-301
-321
-339
-354
-364
-356
-342
-336
-337
-354
-361
-370
-396
-428
-471
-486
-487
-481
-511
-529
-473
-440
-314
-263
-230
-172
-228
-248
-316
-327
-230
-88
105
218
271
255
228
201
166
167
158
188
210
185
198
241
277
322
252
143
36
-83
-135
-166
-176
-139
-122
-134
-148
-218
-251
-279
-355
-440
-547
-604
-594
-550
-506
-460
-413
-425
-458
-522
-551
-524
-497
-455
-420
-376
-291
-197
-101
-16
37
74
99
114
133
235
386
528
659
703
753
791
795
801
802
847
885
910
916
932
954
980
966
885
804
704
631
574
500
459
453
455
420
361
293
244
189
87
-2
-66
-69
-41
-46
-41
-45
-75
-103
-171
-235
-274
-291
-294
-321
-343
-352
-338
-326
-350
-392
-429
-446
-484
-544
-577
-617
-624
-674
-687
-630
-558
-357
-281
-182
-179
-290
-332
-431
-395
-298
-91
154
318
374
307
267
232
242
233
221
256
251
248
250
255
286
308
224
94
-73
-199
-214
-190
-172
-155
-161
-188
-231
-364
-423
-478
-536
-592
-713
-735
-697
-611
-544
-522
-546
-619
-687
-765
-786
-744
-647
-534
-467
-422
-364
-273
-170
-117
-113
-108
-79
-21
72
233
435
660
811
861
849
785
775
765
779
830
912
1042
1140
1174
1153
1122
1057
943
800
673
631
628
630
619
583
558
503
411
306
192
116
72
30
6
12
50
85
80
9
-74
-148
-220
-267
-319
-315
-283
-253
-232
-252
-280
-313
-377
-462
-553
-620
-644
-623
-642
-666
-628
-593
-410
-280
-214
-160
-261
-311
-402
-420
-307
-75
271
497
596
466
335
232
189
226
229
342
437
479
474
430
403
404
294
89
-134
-298
-309
-229
-146
-67
-14
-51
-135
-338
-521
-587
-654
-675
-747
-782
-717
-615
-526
-511
-548
-647
-746
-881
-961
-935
-823
-658
-548
-500
-470
-422
-366
-328
-328
-316
-273
-205
-120
3
195
435
624
704
686
619
594
603
629
694
822
987
1136
1180
1116
1039
961
874
762
652
614
635
672
679
648
610
559
447
292
131
20
3
18
35
57
115
167
158
69
-56
-146
-206
-247
-281
-267
-193
-130
-101
-145
-224
-285
-358
-424
-518
-599
-605
-612
-599
-567
-525
-318
-148
-62
-74
-232
-313
-370
-356
-237
31
413
703
790
620
446
352
342
390
389
474
578
621
602
523
477
477
381
172
-97
-283
-285
-189
-113
-70
-48
-88
-192
-434
-650
-729
-738
-709
-745
-781
-726
-628
-561
-585
-670
-770
-843
-908
-953
-923
-795
-620
-507
-520
-567
-568
-531
-484
-498
-484
-390
-274
-141
-9
121
285
423
465
451
396
395
473
559
642
729
871
1029
1111
1059
954
848
750
675
598
610
689
739
741
647
521
417
318
208
101
29
24
69
86
80
87
90
75
-28
-174
-257
-277
-235
-190
-153
-101
-63
-78
-152
-244
-329
-357
-394
-441
-498
-503
-487
-470
-421
-412
-232
-90
-14
-29
-199
-255
-283
-211
-72
192
536
791
875
661
469
331
334
441
481
612
738
806
807
680
562
504
385
205
-37
-200
-191
-66
34
71
75
-13
-136
-399
-648
-745
-760
-684
-672
-680
-639
-576
-543
-594
-709
-849
-924
-980
-1006
-946
-816
-615
-478
-486
-567
-642
-660
-649
-643
-605
-502
-350
-200
-68
69
216
348
394
341
267
236
305
412
544
688
834
973
998
927
814
725
650
589
543
538
614
668
684
620
511
394
251
104
-22
-59
-27
46
85
85
89
59
9
-94
-216
-278
-296
-278
-250
-218
-154
-113
-115
-182
-288
-352
-396
-411
-431
-455
-445
-456
-417
-411
-332
-112
10
146
47
-100
-175
-194
-46
142
492
782
971
907
695
549
477
568
627
689
780
807
831
790
724
699
626
475
250
7
-79
-29
94
172
179
122
6
-163
-408
-529
-594
-570
-553
-607
-611
-571
-504
-481
-540
-673
-802
-906
-982
-996
-929
-787
-628
-568
-598
-664
-700
-700
-707
-725
-699
-607
-481
-339
-202
-24
152
263
275
188
122
127
191
308
460
635
804
884
837
739
641
576
521
478
460
491
554
571
538
450
361
251
124
-8
-83
-54
15
66
53
20
-17
-75
-161
-261
-335
-328
-295
-270
-250
-236
-224
-225
-268
-350
-404
-427
-439
-428
-453
-454
-473
-498
-451
-421
-222
-38
102
174
68
-13
-106
-61
61
321
651
869
988
849
730
643
635
708
721
782
822
828
828
805
783
784
692
521
291
107
54
113
196
229
243
192
103
-76
-243
-318
-354
-347
-390
-436
-430
-385
-322
-311
-365
-468
-564
-641
-708
-725
-676
-580
-505
-525
-586
-633
-644
-658
-690
-719
-702
-642
-562
-460
-350
-187
-44
51
39
-36
-79
-72
-9
73
209
389
579
673
646
560
461
386
319
278
291
357
454
511
487
421
331
239
140
7
-50
-31
19
73
74
65
42
-19
-105
-210
-294
-310
-297
-295
-303
-316
-327
-309
-317
-357
-377
-394
-393
-427
-467
-472
-467
-469
-457
-403
-337
-156
-35
53
85
18
28
11
45
122
269
457
594
628
549
514
491
531
565
563
601
606
608
598
561
557
572
521
430
291
194
183
217
238
254
266
241
221
117
46
7
-9
0
-54
-99
-99
-60
-10
17
-12
-59
-106
-204
-287
-342
-342
-270
-246
-282
-331
-401
-428
-465
-523
-537
-548
-532
-526
-525
-489
-385
-274
-220
-207
-267
-280
-278
-270
-205
-108
53
193
254
243
214
190
207
230
217
252
304
357
401
377
356
338
292
247
189
152
187
258
258
243
202
132
119
43
-23
-80
-122
-95
-152
-185
-188
-202
-198
-203
-232
-274
-259
-276
-282
-300
-324
-305
-319
-328
-334
-345
-321
-276
-261
-222
-187
-120
-49
-60
-97
-142
-145
-110
-36
41
124
182
192
206
189
200
235
258
266
242
217
224
242
270
295
291
296
274
235
204
215
249
288
316
309
317
309
325
327
314
301
272
238
205
186
176
187
185
163
127
71
19
-30
-87
-136
-201
-266
-310
-347
-359
-369
-383
-429
-466
-496
-501
-466
-450
-429
-442
-448
-437
-418
-367
-300
-220
-168
-136
-137
-138
-92
-10
79
153
203
231
234
238
241
267
327
353
364
337
337
343
360
385
364
356
328
302
262
227
203
190
183
119
77
53
56
64
42
3
-40
-83
-130
-164
-195
-173
-161
-157
-176
-241
-269
-294
-312
-358
-371
-354
-319
-281
-291
-284
-289
-274
-279
-304
-300
-272
-204
-162
-136
-127
-92
-43
-6
24
26
58
82
87
82
82
121
173
195
195
192
207
249
277
298
321
346
357
351
335
327
357
389
407
379
327
278
250
229
218
227
229
214
144
44
-33
-89
-115
-140
-183
-219
-263
-302
-334
-370
-382
-394
-418
-468
-508
-511
-474
-410
-371
-340
-343
-346
-331
-329
-282
-203
-126
-62
-36
-12
40
95
138
167
179
199
225
229
247
281
311
352
344
314
316
307
329
313
281
270
244
239
204
186
198
205
207
168
139
96
78
68
17
3
-30
-38
-39
-65
-74
-101
-125
-154
-224
-277
-301
-341
-339
-358
-365
-350
-353
-338
-354
-369
-381
-406
-414
-411
-381
-343
-288
-239
-196
-152
-117
-86
-54
-32
2
30
58
95
137
207
261
302
312
318
323
326
339
349
381
409
434
464
469
465
444
404
363
326
295
292
301
313
318
289
242
173
91
20
-49
-106
-143
-178
-198
-199
-206
-215
-255
-310
-373
-430
-447
-459
-444
-416
-386
-352
-325
-298
-284
-253
-227
-202
-172
-133
-64
3
56
101
136
160
188
194
205
224
254
292
294
315
317
325
325
306
293
278
296
285
270
247
240
245
247
242
216
213
194
179
131
82
63
33
31
-5
-26
-57
-76
-81
-126
-145
-197
-241
-303
-387
-451
-492
-511
-510
-512
-515
-493
-492
-502
-535
-581
-600
-618
-603
-564
-492
-406
-345
-297
-281
-253
-216
-171
-114
-67
-9
46
95
145
194
254
318
361
382
387
394
418
442
459
477
489
497
509
497
475
449
402
368
320
279
278
285
294
253
180
100
12
-52
-103
-121
-125
-130
-152
-205
-249
-288
-311
-317
-335
-344
-356
-357
-363
-367
-350
-307
-244
-192
-154
-120
-82
-51
-23
-4
17
56
119
171
224
280
317
341
349
348
358
377
393
409
413
412
414
417
424
422
421
418
399
382
348
329
316
320
323
296
299
258
209
180
109
73
31
11
-5
-49
-68
-127
-173
-225
-280
-318
-353
-377
-421
-459
-504
-544
-590
-632
-647
-649
-621
-601
-589
-593
-601
-614
-625
-612
-565
-487
-421
-372
-345
-318
-264
-206
-133
-63
-13
52
85
105
142
182
253
310
334
341
338
339
354
364
365
375
364
342
310
274
257
242
219
185
121
68
32
-2
-17
-35
-54
-83
-126
-178
-227
-250
-261
-266
-286
-290
-291
-282
-251
-255
-243
-239
-245
-244
-239
-203
-148
-85
-32
24
57
88
129
143
165
198
213
245
299
342
404
439
460
461
453
464
465
470
473
474
465
459
438
432
446
439
436
415
383
356
342
312
304
290
252
243
214
202
175
133
92
30
-17
-50
-87
-108
-123
-169
-185
-232
-279
-307
-349
-374
-421
-451
-496
-543
-591
-623
-601
-570
-506
-473
-468
-480
-510
-531
-544
-502
-419
-311
-221
-175
-173
-153
-112
-64
5
47
89
119
114
121
144
201
275
314
302
252
188
152
139
139
160
172
167
133
74
9
-27
-60
-93
-139
-200
-229
-235
-227
-222
-235
-271
-318
-374
-422
-435
-402
-341
-288
-269
-265
-262
-249
-213
-193
-168
-155
-137
-98
-63
5
68
152
224
276
301
305
332
327
357
383
437
530
590
652
639
608
571
548
538
543
586
576
583
557
506
470
439
435
409
401
359
303
276
247
204
179
177
150
124
76
26
-10
-61
-121
-185
-224
-240
-234
-234
-267
-320
-372
-437
-497
-530
-552
-564
-578
-635
-768
-807
-732
-514
-278
-226
-269
-393
-514
-650
-727
-551
-125
346
527
404
165
34
74
122
198
302
466
614
593
506
476
557
615
435
117
-108
-100
63
200
238
228
212
74
-194
-491
-632
-538
-424
-420
-502
-535
-439
-368
-417
-549
-648
-665
-684
-745
-741
-583
-339
-155
-177
-328
-400
-372
-287
-237
-210
-99
46
143
160
163
257
396
464
416
364
397
525
636
648
669
707
784
817
753
704
706
738
702
607
556
602
681
675
569
425
355
320
243
177
147
182
214
142
22
-72
-79
-64
-121
-208
-254
-244
-218
-237
-326
-382
-402
-458
-520
-605
-616
-541
-517
-572
-730
-867
-1012
-937
-656
-252
132
68
-86
-383
-620
-729
-680
-115
632
1214
1147
692
270
132
285
380
572
781
973
1056
793
581
530
592
561
132
-280
-361
-107
200
245
101
-46
-184
-522
-881
-1064
-926
-537
-415
-505
-686
-748
-624
-672
-844
-969
-912
-716
-614
-586
-450
-180
-23
-109
-426
-648
-538
-327
-79
52
128
282
297
195
65
34
273
483
522
466
451
581
663
591
435
416
525
663
677
619
709
782
774
606
386
398
512
585
497
339
316
374
349
201
65
30
96
56
-91
-163
-147
-36
-69
-264
-399
-470
-447
-471
-578
-624
-567
-494
-547
-701
-855
-886
-988
-992
-704
-227
348
341
7
-374
-644
-629
-499
90
1011
1774
1782
1103
355
47
321
671
994
1303
1514
1597
1190
632
315
288
392
148
-220
-266
63
422
376
-52
-474
-704
-952
-1168
-1203
-922
-381
-182
-408
-820
-1093
-1009
-929
-981
-977
-789
-447
-258
-321
-387
-281
-187
-257
-506
-619
-321
50
331
350
200
136
31
-129
-199
-58
306
617
582
352
171
137
197
153
146
311
528
620
476
284
274
351
356
253
175
338
558
581
425
252
207
240
133
-49
-96
-3
139
110
-67
-178
-219
-266
-415
-643
-721
-668
-583
-588
-669
-712
-715
-813
-1049
-1310
-1430
-952
-216
446
521
60
-252
-474
-569
-627
-142
1090
2303
2542
1596
510
81
409
870
1173
1631
2065
2219
1694
763
238
273
545
468
27
-66
312
663
445
-278
-824
-877
-853
-1014
-1059
-741
-108
118
-335
-954
-1215
-959
-684
-728
-747
-460
-8
153
-168
-481
-398
-139
-89
-283
-354
40
454
515
267
-57
-101
-105
-231
-259
-34
426
696
452
-35
-344
-309
-114
-3
59
275
480
456
166
-155
-120
103
260
256
184
297
455
419
191
-32
-69
2
-3
-73
-29
89
109
-133
-536
-720
-643
-520
-508
-678
-769
-766
-832
-959
-1148
-1166
-1084
-1145
-1393
-1605
-1176
-300
482
485
-179
-632
-780
-625
-468
149
1448
2584
2712
1539
264
-155
359
1131
1610
2078
2442
2450
1739
588
-60
43
536
679
419
375
633
765
244
-665
-1219
-1093
-721
-562
-469
-269
52
-30
-644
-1194
-1238
-697
-177
-45
-11
139
368
260
-191
-489
-308
121
362
369
375
576
631
394
46
-177
-76
37
64
88
214
458
452
144
-294
-476
-330
-107
48
159
395
496
301
-105
-335
-129
215
455
488
454
474
353
109
-119
-104
133
267
153
-87
-206
-222
-300
-524
-724
-724
-631
-618
-798
-992
-1087
-1147
-1222
-1327
-1317
-1182
-1151
-1337
-1742
-1860
-1227
-307
418
212
-400
-724
-807
-685
-549
330
1741
2718
2338
907
-137
-205
552
1207
1659
2143
2345
2038
949
-116
-366
106
667
670
429
471
636
363
-470
-1240
-1248
-673
-287
-243
-251
-122
7
-370
-947
-1117
-705
14
363
305
252
355
425
164
-228
-209
296
745
813
565
432
498
360
109
-67
54
366
398
228
55
34
123
37
-165
-282
-158
76
183
117
83
191
268
217
76
132
390
540
528
403
400
518
471
299
150
181
293
270
78
-92
-147
-202
-330
-543
-653
-635
-635
-751
-947
-1092
-1151
-1216
-1260
-1250
-1173
-1142
-1274
-1572
-1871
-1440
-569
391
553
-173
-678
-954
-761
-604
33
1443
2564
2524
1056
-238
-510
179
974
1395
1899
2098
1821
772
-429
-782
-358
278
380
75
32
146
-97
-892
-1626
-1533
-802
-298
-270
-332
-342
-330
-705
-1090
-928
-310
403
660
503
398
423
410
252
88
306
825
1134
1093
853
665
608
274
-31
9
300
648
529
193
6
-25
2
-161
-338
-334
-109
79
137
86
61
185
170
109
67
242
624
794
740
527
371
399
391
349
360
495
608
484
71
-362
-542
-499
-367
-323
-341
-373
-522
-825
-1113
-1245
-1188
-1084
-1021
-947
-851
-862
-1082
-1365
-1709
-1453
-577
391
998
448
-164
-566
-587
-374
-14
1253
2484
2851
1697
231
-377
-26
763
1200
1695
1952
1709
842
-437
-1014
-745
-157
139
-140
-319
-274
-503
-1241
-2014
-2039
-1259
-579
-510
-581
-654
-706
-1079
-1558
-1316
-501
336
648
392
244
349
337
168
17
333
1031
1369
1176
832
630
662
413
22
104
478
853
695
125
-149
-204
-96
-83
-205
-87
98
204
106
-103
-138
94
330
385
406
446
662
729
580
521
496
624
632
475
394
356
411
361
88
-248
-507
-598
-550
-546
-604
-656
-772
-953
-1133
-1230
-1137
-1083
-1063
-1042
-941
-885
-970
-1257
-1517
-914
39
1085
1079
291
-101
-323
-64
-38
765
2417
3444
2909
934
-300
-181
785
1459
1804
2239
2188
1522
15
-1120
-1129
-367
358
264
-167
-345
-396
-970
-1977
-2531
-1905
-709
-191
-342
-667
-837
-1028
-1597
-1803
-1203
-67
814
748
231
-92
-45
-22
-175
-112
485
1242
1326
810
182
12
100
-49
-93
121
496
567
99
-385
-541
-385
-214
-222
-197
-63
93
143
86
26
62
190
346
482
584
741
908
955
859
631
480
475
490
485
408
362
339
211
-73
-479
-861
-999
-904
-775
-718
-819
-965
-1185
-1459
-1578
-1522
-1262
-1064
-948
-978
-965
-1167
-1331
-730
98
1124
952
345
71
-25
264
232
1241
2808
3724
2873
884
-200
-13
963
1584
2143
2586
2367
1347
-314
-1241
-1108
-287
423
430
158
-200
-583
-1288
-2044
-2221
-1511
-527
-82
-24
-240
-474
-948
-1510
-1410
-707
366
1086
1114
795
330
-30
-240
-236
206
929
1476
1422
808
70
-317
-438
-374
-42
317
540
254
-298
-672
-760
-614
-512
-404
-199
1
-28
-127
-167
-60
107
150
329
555
733
743
600
599
694
685
550
392
362
337
138
-76
-190
-197
-252
-567
-922
-1146
-1186
-1127
-1149
-1221
-1313
-1412
-1450
-1487
-1474
-1374
-1154
-1068
-1072
-1285
-1387
-622
225
1078
769
97
7
66
378
217
1097
2660
3619
2843
873
-58
231
1091
1411
1758
2369
2392
1440
-301
-1299
-1134
-367
199
202
137
18
-375
-1311
-2191
-2225
-1324
-306
-23
-104
-173
-166
-494
-1104
-1178
-514
508
1125
1114
877
686
469
63
-196
103
936
1568
1429
769
126
-146
-299
-404
-172
371
753
497
-177
-659
-668
-420
-248
-116
75
337
357
160
-24
-53
205
440
665
830
873
872
717
567
475
448
443
375
275
102
-78
-309
-509
-660
-744
-806
-986
-1146
-1294
-1324
-1343
-1386
-1423
-1559
-1576
-1533
-1395
-1231
-1264
-1238
-1324
-1308
-734
92
861
682
-53
-352
-134
275
363
1002
2360
3285
2619
782
-353
-31
1069
1758
2044
2196
1966
1084
-315
-1156
-973
-205
334
296
-5
-258
-611
-1275
-1897
-2000
-1266
-347
133
109
-272
-616
-952
-1115
-878
-222
607
1109
1034
596
168
-76
-59
101
484
934
1157
971
429
-24
-290
-389
-320
-23
448
600
281
-194
-450
-369
-217
-49
237
579
721
575
364
293
402
534
745
953
1113
1163
970
743
558
604
730
666
412
95
-104
-301
-486
-625
-617
-563
-736
-1000
-1262
-1406
-1436
-1445
-1289
-1112
-1075
-1162
-1357
-1459
-1390
-1249
-1075
-1023
-1074
-671
137
930
883
-25
-635
-623
-113
284
969
2217
3037
2476
598
-875
-801
421
1610
2165
2281
1919
940
-485
-1506
-1331
-316
580
666
256
-146
-562
-1233
-1881
-1793
-954
15
411
282
-8
-391
-791
-1073
-911
-219
597
1082
1017
556
87
-252
-433
-348
118
788
1142
802
50
-515
-716
-610
-445
-110
328
426
142
-355
-532
-307
-17
210
371
592
724
656
500
458
636
867
1036
1069
1030
924
746
615
561
632
667
562
306
-32
-328
-579
-696
-722
-698
-699
-777
-874
-1030
-1217
-1339
-1274
-1058
-879
-845
-908
-952
-955
-940
-904
-861
-913
-773
-172
661
1085
582
-182
-451
-217
91
359
1209
2345
2661
1587
-109
-839
-259
861
1687
2018
1935
1294
161
-948
-1276
-665
304
791
579
0
-585
-1042
-1457
-1534
-1082
-277
371
436
63
-454
-855
-1002
-831
-337
341
826
843
421
-130
-429
-458
-269
85
511
764
596
29
-554
-810
-679
-350
-52
208
266
112
-269
-579
-512
-122
394
680
770
712
586
453
392
538
823
1168
1355
1298
1011
640
372
257
334
524
681
553
115
-414
-773
-863
-870
-885
-876
-837
-863
-1067
-1332
-1454
-1340
-1080
-841
-726
-749
-892
-1082
-1136
-935
-543
-317
-407
-477
-126
524
802
451
-94
-217
-48
158
574
1482
2426
2308
1032
-353
-598
207
1220
1919
2210
2011
1064
-280
-1095
-848
98
907
1111
814
187
-567
-1223
-1447
-1051
-332
297
535
411
34
-501
-987
-1125
-726
-9
645
856
605
55
-552
-859
-786
-342
217
593
675
273
-389
-986
-1122
-741
-265
126
269
267
17
-467
-795
-644
10
695
1015
893
631
351
223
312
626
1112
1390
1406
1138
814
564
329
255
336
551
666
448
-20
-578
-955
-1047
-929
-763
-698
-755
-938
-1253
-1611
-1731
-1488
-1066
-796
-785
-859
-994
-1230
-1457
-1354
-863
-450
-412
-607
-409
170
491
250
-337
-439
-207
36
315
1004
2077
2302
1288
-261
-782
-3
1097
1851
2144
2104
1380
103
-883
-798
127
982
1260
980
449
-212
-792
-1021
-798
-233
288
564
541
284
-118
-587
-842
-655
-75
581
898
785
330
-259
-666
-689
-317
206
591
673
357
-264
-868
-1009
-644
-154
137
209
217
57
-323
-656
-530
44
602
879
841
701
472
212
188
458
997
1370
1470
1313
951
586
228
142
367
726
963
762
229
-408
-869
-989
-876
-614
-416
-403
-603
-1034
-1456
-1622
-1425
-1021
-788
-762
-848
-984
-1163
-1381
-1335
-1014
-668
-684
-997
-1097
-713
0
292
111
-348
-541
-542
-568
-199
706
1883
2087
1097
-194
-638
-106
664
1391
1958
2122
1427
189
-665
-604
101
714
975
845
416
-161
-661
-807
-632
-258
42
225
278
185
-53
-425
-647
-581
-248
186
494
616
418
-4
-371
-496
-279
152
560
671
327
-253
-555
-457
-187
-14
93
281
321
47
-307
-344
-16
343
423
465
604
680
571
266
242
468
805
1026
1112
1213
1094
774
315
113
321
695
946
833
484
20
-408
-668
-686
-429
-127
-50
-315
-762
-1103
-1192
-1081
-907
-751
-696
-774
-1006
-1178
-1148
-975
-880
-979
-1108
-1243
-1166
-953
-410
118
220
-79
-613
-837
-884
-507
283
1325
1951
1574
618
-250
-413
-32
710
1593
2178
1982
992
-90
-595
-423
30
520
865
825
307
-450
-874
-871
-640
-424
-242
-12
74
-51
-331
-600
-742
-728
-523
-117
327
550
394
-87
-487
-503
-170
221
414
448
358
160
-135
-323
-215
117
407
442
295
159
79
54
58
101
260
403
503
460
349
334
356
450
483
585
778
897
808
505
334
402
573
611
559
564
525
304
-90
-331
-240
-22
47
-100
-292
-445
-607
-794
-850
-761
-654
-695
-871
-942
-907
-913
-997
-1125
-1154
-1115
-1142
-1028
-876
-543
-248
-162
-187
-470
-604
-686
-403
233
995
1603
1499
979
292
-72
15
547
1418
2056
2032
1283
372
-240
-404
-175
383
936
955
398
-362
-758
-858
-847
-712
-448
-137
-82
-248
-492
-744
-991
-1124
-933
-426
107
349
190
-162
-465
-621
-604
-348
174
689
775
395
-98
-294
-167
46
312
604
793
670
245
-115
-179
32
274
410
504
509
443
266
90
28
118
352
556
653
583
452
332
223
193
303
569
748
658
364
83
-35
-39
57
205
293
162
-160
-468
-589
-562
-512
-489
-486
-496
-599
-781
-976
-1053
-987
-850
-727
-668
-657
-787
-971
-1011
-798
-340
18
159
65
-139
-316
-316
42
626
1173
1340
1093
616
223
158
491
1030
1457
1494
1125
574
102
-27
177
498
693
603
323
-60
-362
-493
-427
-246
-168
-196
-332
-454
-541
-586
-606
-640
-597
-455
-265
-182
-270
-419
-494
-490
-413
-231
15
219
175
-50
-248
-274
-91
151
368
419
281
49
-137
-150
5
238
428
443
295
124
51
125
236
298
311
251
203
206
279
393
429
368
260
206
223
283
305
286
263
258
272
231
110
-36
-174
-268
-279
-207
-80
-64
-245
-518
-734
-779
-673
-511
-336
-275
-359
-530
-692
-713
-612
-448
-280
-154
-66
-45
-99
-153
-160
-33
195
349
386
365
357
329
233
128
149
305
440
445
357
276
170
65
36
108
235
269
220
150
100
53
-4
0
26
52
59
82
99
67
44
27
34
41
33
75
139
154
97
28
42
124
186
171
99
32
3
-3
13
42
29
-66
-213
-303
-244
-81
6
-94
-265
-335
-280
-209
-221
-249
-244
-250
-266
-266
-167
-12
90
74
-25
-99
-83
14
104
150
166
198
218
179
120
61
26
-36
-87
-48
30
84
28
-101
-221
-311
-318
-218
-88
-7
-47
-142
-233
-284
-274
-213
-115
-41
13
45
51
29
1
18
46
54
81
160
251
227
82
-42
-52
21
84
106
116
84
-34
-188
-262
-178
-18
48
-3
-90
-135
-149
-194
-199
-110
19
76
46
34
94
144
109
33
7
96
245
359
368
285
185
166
206
284
356
405
407
283
119
34
91
181
167
71
16
36
32
-48
-109
-51
57
76
-29
-110
-94
-66
-98
-139
-75
68
155
127
40
-8
-3
21
56
85
131
169
157
78
-30
-106
-111
-107
-122
-125
-138
-187
-305
-423
-431
-365
-308
-304
-327
-318
-319
-357
-391
-379
-289
-187
-132
-126
-132
-91
-28
15
29
64
138
199
204
172
167
191
203
194
173
173
173
163
146
112
86
53
13
-53
-96
-60
33
86
16
-104
-186
-187
-158
-125
-78
-41
-9
4
25
38
12
-19
-20
50
150
227
264
249
223
195
186
198
221
251
271
277
250
199
137
77
39
36
84
113
71
-8
-43
-5
20
-14
-59
-70
-71
-106
-141
-83
25
89
62
-3
-28
-20
1
41
115
179
180
119
68
54
32
-20
-60
-24
48
50
-45
-167
-242
-275
-293
-278
-220
-172
-172
-231
-298
-354
-405
-407
-338
-209
-118
-106
-145
-186
-205
-211
-171
-75
49
135
138
77
-3
-62
-65
3
120
214
227
153
53
-6
-25
-20
-2
52
110
118
49
-49
-105
-109
-82
-45
-4
22
2
-61
-106
-96
-34
16
21
24
56
96
111
99
109
151
195
246
283
298
277
219
174
159
197
268
310
268
148
33
-9
7
42
105
167
183
107
-13
-77
-92
-85
-76
-28
58
114
98
22
-57
-97
-68
14
113
169
165
123
62
1
-59
-79
-34
46
112
102
13
-114
-221
-248
-186
-77
17
34
-43
-167
-270
-301
-282
-245
-197
-145
-110
-145
-212
-250
-239
-220
-222
-193
-113
-29
-25
-103
-182
-204
-175
-138
-81
-14
30
8
-74
-127
-109
-48
-4
7
16
17
-6
-39
-48
-25
-14
-18
-24
-4
12
-3
-21
-11
22
33
25
28
56
78
62
45
66
132
192
208
201
186
186
191
184
183
194
217
220
180
125
75
45
21
17
57
117
145
105
41
-2
-21
-32
-28
18
103
165
159
90
8
-33
-25
23
97
178
223
188
78
-28
-71
-51
-5
46
97
103
30
-97
-189
-181
-119
-67
-32
-8
7
-24
-90
-132
-139
-118
-99
-64
-11
18
-3
-50
-74
-59
-35
-7
25
47
34
-9
-34
-15
20
32
10
-8
-5
1
-6
-24
-26
-26
-36
-36
-12
13
-3
-72
-115
-99
-54
-34
-48
-61
-80
-104
-117
-89
-39
-22
-42
-61
-62
-62
-69
-59
-28
15
48
60
58
30
-3
-23
-14
31
86
124
97
14
-61
-87
-73
-48
-12
36
49
-1
-70
-84
-48
-22
-32
-26
18
71
90
83
72
54
36
34
69
123
163
169
147
106
59
17
6
29
74
116
106
36
-65
-137
-129
-69
-6
16
-5
-43
-92
-129
-127
-83
-26
0
-22
-59
-81
-75
-53
-38
-38
-41
-21
16
28
-14
-70
-96
-83
-45
-6
24
25
-16
-71
-97
-62
-4
31
33
28
39
46
41
30
33
60
89
113
133
145
133
95
66
90
144
179
186
181
177
142
89
54
68
112
147
161
143
96
27
-42
-73
-53
12
66
61
-7
-103
-174
-211
-208
-141
-47
-9
-64
-165
-212
-187
-141
-98
-67
-34
-20
-35
-46
-47
-31
-14
-7
0
8
25
31
15
-8
-27
-47
-79
-102
-83
-38
-15
-47
-108
-159
-178
-167
-127
-73
-20
0
-23
-70
-103
-92
-50
3
53
86
87
49
11
6
11
12
21
62
97
69
-15
-94
-111
-80
-47
-40
-55
-94
-146
-186
-183
-138
-100
-104
-142
-158
-130
-92
-72
-60
-28
1
6
8
48
118
152
143
141
177
227
250
257
274
292
293
272
253
256
274
285
269
233
198
167
120
76
75
114
127
68
-21
-85
-109
-107
-80
-25
9
-23
-101
-147
-114
-44
7
16
5
5
20
46
60
64
62
62
67
77
101
104
70
13
-25
-28
-24
-34
-52
-62
-83
-130
-182
-200
-173
-146
-155
-191
-212
-191
-146
-114
-107
-112
-112
-105
-91
-54
-3
36
51
42
21
1
0
32
71
78
37
-12
-38
-46
-49
-55
-63
-87
-130
-167
-180
-174
-174
-188
-205
-220
-216
-203
-187
-175
-164
-147
-119
-89
-52
-15
12
33
63
111
159
198
225
250
271
285
304
322
335
335
322
312
304
303
295
265
215
167
140
126
106
79
52
17
-26
-58
-72
-70
-77
-97
-108
-99
-77
-63
-66
-75
-78
-69
-49
-14
28
55
43
0
-36
-38
-6
29
45
37
6
-37
-81
-105
-99
-78
-65
-79
-108
-134
-149
-149
-143
-133
-124
-113
-95
-72
-62
-67
-69
-57
-30
-9
14
47
79
83
53
23
27
60
90
90
76
59
42
22
-3
-29
-49
-61
-63
-60
-66
-87
-125
-171
-204
-205
-170
-131
-115
-134
-163
-176
-169
-148
-113
-67
-22
5
10
13
31
59
87
114
148
186
216
228
218
199
190
193
209
226
232
226
195
148
104
76
67
70
75
81
69
35
-10
-45
-49
-28
2
37
59
55
31
1
-11
3
39
91
132
136
103
52
19
14
30
55
69
62
31
-11
-47
-71
-89
-98
-98
-93
-95
-115
-146
-174
-180
-165
-142
-122
-103
-92
-97
-116
-122
-100
-65
-32
-6
20
29
12
-12
-17
9
39
55
58
50
34
12
-11
-28
-40
-45
-42
-41
-49
-70
-95
-117
-132
-135
-127
-113
-108
-115
-131
-139
-132
-111
-86
-62
-41
-28
-23
-18
-1
35
69
84
85
93
113
132
142
143
142
137
132
132
135
129
111
79
47
26
21
24
17
0
-16
-27
-37
-49
-59
-56
-43
-25
-10
0
5
10
11
14
23
43
74
99
101
86
71
68
68
66
67
75
74
58
30
11
11
18
14
-9
-31
-41
-45
-49
-57
-54
-41
-33
-43
-51
-39
-19
-11
-16
-19
-7
10
30
42
44
37
26
21
26
36
52
62
52
22
-6
-15
-10
-8
-19
-34
-43
-52
-68
-90
-104
-100
-90
-89
-98
-106
-97
-83
-83
-86
-74
-42
-14
-7
-13
-5
22
45
58
69
86
102
104
102
107
124
138
133
114
102
101
101
89
67
45
29
14
-7
-25
-40
-52
-66
-90
-111
-120
-115
-108
-109
-113
-108
-98
-94
-93
-83
-57
-30
-15
-13
-9
2
10
11
12
25
46
59
53
34
24
25
21
16
18
29
34
17
-7
-20
-17
-10
-5
0
4
7
7
13
19
26
30
29
28
38
59
78
83
67
49
45
51
59
63
63
58
39
6
-20
-28
-16
-9
-24
-49
-71
-86
-102
-111
-108
-95
-94
-107
-119
-115
-105
-103
-99
-84
-57
-35
-28
-24
-15
-1
15
34
58
80
90
86
79
82
97
116
128
135
131
110
84
67
69
78
81
67
45
22
0
-15
-21
-23
-28
-41
-54
-61
-59
-51
-48
-57
-70
-76
-66
-42
-12
1
-9
-28
-38
-36
-25
-5
14
25
18
-3
-18
-16
-9
-5
-7
-3
3
0
-11
-20
-23
-25
-29
-25
-10
7
14
7
1
3
12
20
30
43
57
61
54
49
48
57
66
63
53
39
27
19
18
14
1
-21
-43
-62
-70
-73
-79
-94
-112
-122
-127
-124
-123
-122
-124
-123
-120
-107
-81
-54
-40
-42
-42
-27
-4
20
39
57
69
75
77
81
92
104
109
112
119
130
134
123
104
86
75
70
73
74
71
52
26
4
-8
-12
-15
-15
-15
-21
-35
-47
-51
-53
-57
-60
-50
-37
-30
-34
-43
-47
-43
-43
-39
-26
-8
-2
-16
-29
-30
-18
-9
-5
2
12
17
9
0
1
12
21
27
34
43
47
43
39
41
52
65
71
70
76
81
81
70
59
63
75
77
74
61
46
29
10
-2
-4
-3
-10
-27
-51
-75
-91
-103
-107
-105
-100
-102
-115
-127
-128
-124
-118
-114
-100
-78
-64
-61
-65
-62
-45
-22
-1
16
28
31
36
35
41
55
71
82
85
83
81
84
84
85
82
76
76
77
77
73
63
50
42
42
39
35
28
21
14
7
-2
-11
-16
-19
-23
-24
-23
-22
-31
-43
-55
-61
-60
-54
-44
-43
-50
-63
-74
-84
-83
-73
-56
-43
-44
-51
-54
-51
-40
-28
-14
1
14
21
22
27
29
38
50
59
64
68
70
74
70
60
51
55
69
77
71
55
36
21
4
-8
-7
0
-5
-28
-54
-71
-81
-89
-99
-99
-98
-106
-117
-121
-114
-111
-113
-111
-100
-82
-71
-62
-54
-49
-48
-47
-37
-20
-4
1
-1
-2
1
13
23
30
34
37
39
40
43
47
50
53
53
49
41
44
51
57
58
54
58
62
68
67
66
69
67
61
63
85
83
161
189
150
136
40
18
13
15
49
81
143
139
100
15
-52
-87
-71
-41
-54
-8
19
38
33
-32
-70
-86
-77
-61
-26
-3
54
94
95
103
52
46
38
2
-15
-5
55
83
97
88
63
27
-5
-26
-30
-11
-8
22
39
25
-23
-66
-99
-138
-164
-131
-60
-23
7
-20
-85
-174
-256
-248
-188
-112
-50
3
7
-54
-127
-181
-189
-164
-97
-16
48
80
66
15
-59
-103
-111
-76
-17
42
75
47
-1
-46
-83
-93
-75
-37
-2
13
9
-9
-37
-61
-69
-61
-37
5
46
63
56
40
2
-32
-32
5
63
110
139
138
103
34
-30
-51
-35
4
68
139
162
130
62
-15
-87
-121
-95
-15
82
133
143
113
37
-39
-85
-81
-6
92
149
161
151
107
30
-11
-19
14
58
104
141
145
131
69
12
-28
-47
-20
25
66
67
38
-5
-54
-100
-130
-116
-89
-78
-61
-34
-46
-77
-109
-133
-144
-133
-107
-76
-35
-2
15
-1
0
-2
-17
-4
21
52
67
85
106
108
76
48
16
-8
18
34
57
120
152
111
65
36
-23
-73
-45
32
68
102
120
72
-6
-78
-108
-96
-48
-3
37
48
29
-41
-116
-137
-146
-147
-101
-24
16
-6
-32
-46
-86
-130
-118
-77
-37
9
43
53
5
-49
-75
-86
-59
-4
50
75
69
47
5
-29
-25
11
42
63
92
101
82
51
45
56
68
78
94
101
67
41
41
19
16
44
59
44
12
-5
-33
-47
-45
-32
-23
-28
-34
-53
-73
-96
-108
-98
-88
-81
-71
-44
-51
-81
-75
-82
-97
-73
-28
2
10
21
21
3
-17
-22
15
51
61
85
98
75
35
25
18
12
42
69
106
103
77
67
23
-9
-8
22
46
61
88
83
37
-8
-12
-16
-17
31
58
47
36
16
-8
-41
-47
-36
-23
4
8
-9
-19
-26
-40
-49
-43
-51
-48
-31
-30
-40
-32
-9
-12
-26
-21
-9
-19
-15
13
12
7
25
40
32
23
21
28
24
24
44
50
57
54
39
12
-9
-11
-2
11
7
20
2
-32
-39
-65
-80
-66
-26
-21
-45
-54
-76
-85
-104
-101
-76
-45
-25
-43
-49
-54
-61
-62
-58
-34
-7
-7
-1
11
-6
-20
-22
-11
3
28
49
57
42
0
-21
-16
-3
12
53
82
75
29
-22
-25
-17
7
40
76
99
73
37
8
0
5
29
67
82
80
73
51
23
18
25
22
32
39
37
26
0
-12
-4
-10
-25
-31
-41
-39
-41
-42
-19
-25
-34
-30
-43
-58
-56
-31
-5
0
8
19
13
-2
-8
-6
-5
3
10
22
35
29
26
20
6
-7
-13
-8
-26
-42
-33
-20
-8
-5
1
-19
-39
-64
-91
-67
-35
-4
27
24
-24
-58
-63
-65
-39
-3
38
42
14
5
-22
-51
-34
3
16
21
30
23
5
-24
-34
-22
1
22
33
40
38
23
8
8
6
15
41
60
53
35
42
45
40
40
52
55
47
60
58
43
44
51
51
36
31
39
38
27
28
42
35
37
42
29
17
-4
-8
3
6
10
22
41
19
-16
-30
-42
-47
-30
1
15
28
31
-4
-28
-41
-56
-52
-17
11
12
20
23
1
-28
-44
-46
-43
-31
-5
5
4
-8
-23
-41
-60
-63
-65
-44
-18
-4
-11
-30
-40
-63
-84
-79
-53
-33
-15
1
-7
-29
-56
-67
-60
-38
-13
12
29
24
-4
-44
-61
-52
-24
5
14
21
17
5
-15
-25
-22
-16
-11
-8
9
11
-3
10
27
17
-9
-15
-18
-15
14
42
58
76
76
38
-4
-24
-12
15
51
85
96
92
59
19
-12
-26
-4
36
75
101
91
42
-6
-28
-43
-32
7
42
60
56
31
3
-16
-16
-12
2
21
32
34
20
11
3
-3
1
12
19
22
22
8
-2
1
11
10
11
23
7
-18
-28
-27
-25
-13
8
10
2
-9
-27
-51
-55
-34
-27
-15
8
14
-3
-36
-51
-47
-43
-29
1
20
10
-2
-25
-48
-47
-35
-23
-7
2
-1
-23
-38
-43
-45
-41
-34
-24
-18
-19
-31
-39
-30
-36
-42
-27
-7
-6
-5
-6
-19
-28
-25
-12
0
22
30
20
5
-9
-14
-17
-4
17
26
24
14
9
-2
-10
-10
-7
-3
-4
1
10
16
15
7
0
-15
-23
-13
5
22
32
44
39
15
0
-5
-5
3
25
46
55
52
37
17
-1
-14
-9
8
30
46
48
35
9
-13
-24
-29
-15
16
36
42
35
19
2
-19
-29
-17
1
19
42
51
27
2
-19
-34
-28
-5
27
46
47
30
5
-16
-31
-21
3
21
27
24
8
-16
-26
-14
2
10
16
12
-5
-20
-27
-10
16
29
35
26
-5
-29
-35
-24
5
50
72
58
23
-16
-50
-64
-41
1
43
61
54
23
-24
-65
-75
-51
-18
18
50
47
14
-24
-51
-59
-47
-22
12
38
32
8
-15
-34
-46
-39
-18
4
17
16
9
-2
-19
-31
-26
-15
-6
-1
6
7
-1
-10
-17
-19
-14
-10
-8
4
10
7
5
1
-6
-12
-17
-14
-2
6
8
13
10
-1
-13
-17
-21
-19
-14
-6
2
4
2
-5
-12
-22
-31
-29
-16
-1
6
2
-4
-10
-22
-30
-25
-17
-10
-2
6
7
-1
-12
-12
-7
-8
-4
3
8
6
3
7
11
17
25
24
23
23
24
23
30
38
41
40
38
31
23
20
22
22
25
34
35
30
19
8
3
1
2
10
23
27
21
13
7
5
7
10
16
29
39
29
13
8
9
3
-1
12
23
23
20
13
4
-10
-21
-25
-22
-12
-5
-6
-9
-14
-28
-43
-45
-41
-36
-26
-17
-21
-22
-26
-34
-42
-37
-30
-26
-20
-16
-17
-20
-23
-25
-27
-26
-20
-15
-14
-16
-22
-29
-31
-31
-30
-22
-15
-15
-22
-27
-30
-29
-26
-17
-14
-11
-12
-17
-13
-7
-6
-8
-4
-1
-2
8
18
24
28
25
17
13
19
25
31
42
47
42
34
28
23
20
28
41
45
37
31
21
8
3
10
18
29
34
32
17
4
0
-1
10
25
33
32
22
8
-6
-12
0
13
26
31
28
15
3
-4
-8
2
19
27
24
15
-1
-19
-27
-21
-9
5
12
10
0
-20
-36
-39
-31
-16
2
10
2
-16
-34
-49
-46
-34
-20
-2
6
0
-16
-30
-41
-39
-26
-10
2
6
-1
-13
-28
-36
-32
-22
-11
-1
1
-8
-15
-19
-25
-28
-19
-9
2
6
5
1
-2
-9
-9
-4
4
12
18
21
18
17
16
10
6
6
13
20
25
29
33
26
16
10
8
13
23
37
39
37
33
27
21
13
16
24
33
38
40
40
30
17
14
20
23
27
33
36
33
24
19
17
15
17
18
16
16
22
22
14
7
5
5
3
-1
-4
0
3
1
-3
-11
-17
-20
-23
-20
-16
-12
-9
-16
-30
-37
-40
-41
-37
-29
-24
-25
-27
-38
-49
-51
-44
-39
-36
-31
-33
-39
-49
-56
-56
-51
-44
-39
-39
-46
-51
-54
-56
-50
-40
-36
-33
-31
-37
-43
-38
-30
-23
-15
-4
1
0
2
1
-3
1
8
15
21
25
27
21
12
8
4
6
12
18
20
22
21
15
7
2
5
12
19
27
33
35
31
24
18
18
26
33
42
51
52
44
32
24
23
24
30
39
41
34
26
15
6
0
4
11
19
22
19
14
3
-7
-9
-5
3
13
17
14
9
2
-4
-8
-3
3
7
11
15
14
8
1
-4
-8
-8
-2
6
8
6
3
-3
-6
-9
-6
-3
-3
-4
-6
-9
-7
-7
-10
-13
-14
-15
-18
-18
-16
-13
-11
-10
-14
-16
-16
-20
-21
-18
-11
-2
3
7
5
-3
-7
-7
-4
5
12
15
12
4
-1
-3
-4
-2
2
3
-1
-6
-11
-12
-9
-5
1
3
2
-3
-10
-11
-7
1
10
17
17
11
4
-3
-4
-1
7
11
12
9
0
-6
-10
-12
-7
4
7
7
6
0
-9
-11
-8
0
7
15
20
14
5
-6
-12
-16
-13
-3
8
11
6
-2
-12
-21
-22
-18
-5
4
8
7
1
-1
-3
-2
2
6
5
6
6
5
4
6
9
10
6
-2
-9
-11
-9
-4
2
5
4
-2
-8
-12
-10
-5
3
9
13
13
10
8
6
3
3
6
11
12
10
9
7
1
-4
-6
-7
-5
-1
5
7
5
1
-3
-4
-1
5
12
16
15
11
10
9
7
9
11
13
12
9
6
5
6
6
5
4
4
6
4
4
6
4
4
4
3
3
3
4
5
6
6
1
0
0
-6
-11
-11
-8
-6
-8
-14
-18
-21
-27
-30
-28
-23
-21
-21
-23
-25
-31
-35
-36
-32
-27
-23
-21
-21
-27
-34
-39
-38
-33
-26
-18
-14
-18
-28
-37
-40
-37
-27
-14
-3
0
-3
-10
-17
-20
-15
-5
8
17
22
22
15
9
2
1
5
16
25
29
28
24
15
7
3
7
15
20
26
29
28
23
15
12
12
15
19
25
29
29
25
22
22
24
25
23
21
22
20
18
20
24
28
29
26
21
16
9
4
8
13
18
21
21
17
11
6
5
3
5
10
13
11
8
4
-2
-10
-15
-16
-13
-10
-3
-1
-2
-5
-10
-13
-13
-10
-7
-3
1
4
5
1
-5
-10
-15
-17
-16
-15
-11
-10
-13
-17
-20
-23
-25
-25
-22
-17
-15
-12
-9
-9
-11
-11
-9
-6
-1
0
0
-2
-4
-3
-4
-3
0
2
3
2
0
-2
-2
-3
0
4
6
6
3
0
-1
-1
1
4
4
6
7
5
3
1
0
0
-1
1
3
4
2
2
2
2
4
3
3
3
-1
-3
0
2
5
6
5
3
0
-2
0
1
4
7
5
1
-4
-8
-11
-11
-10
-6
-4
-2
-4
-6
-7
-6
-7
-6
-3
-1
1
1
0
-1
0
0
-2
-2
-1
2
3
3
3
3
2
0
-1
-2
0
1
1
1
2
0
-4
-6
-6
-5
-2
1
4
5
5
3
-1
-3
-1
2
4
3
6
5
4
0
-2
-2
1
4
6
6
6
2
0
-2
-3
-2
0
0
1
2
0
0
-1
-4
-4
-3
-1
1
4
6
7
5
2
-1
-3
-1
0
4
7
