0
1
0
1
1
1
1
0
0
1
2
1
1
2
1
1
1
1
2
1
2
3
2
2
3
2
3
2
3
1
2
3
1
1
2
1
0
1
1
1
2
2
4
4
4
3
2
3
3
4
4
4
4
3
4
2
4
3
3
5
4
5
4
6
6
8
9
10
12
12
13
13
14
15
16
17
17
20
20
22
22
21
23
22
23
24
23
24
22
22
21
19
20
19
18
18
16
16
17
14
15
13
13
12
10
11
5
4
3
0
0
-3
-4
-4
-6
-6
-10
-11
-15
-15
-18
-20
-20
-22
-22
-26
-28
-30
-29
-31
-34
-33
-37
-36
-37
-37
-38
-37
-38
-40
-40
-43
-43
-40
-45
-48
-52
-52
-53
-53
-52
-54
-55
-56
-55
-57
-56
-56
-55
-52
-59
-54
-56
-58
-56
-65
-62
-68
-69
-69
-74
-68
-68
-56
-50
-44
-36
-28
-21
-18
-11
-6
7
16
21
30
37
52
65
76
84
91
96
101
102
98
100
97
95
93
85
84
82
82
81
77
76
74
72
70
66
67
70
69
66
66
65
66
66
61
62
61
60
57
55
54
55
53
49
43
38
34
30
27
23
18
19
18
16
12
14
17
16
18
15
17
18
20
19
19
21
14
16
17
15
15
15
11
8
5
-3
-8
-14
-25
-31
-39
-46
-55
-63
-72
-80
-80
-86
-90
-91
-101
-104
-111
-121
-127
-131
-133
-137
-139
-145
-149
-152
-151
-154
-157
-161
-168
-170
-172
-169
-155
-144
-129
-115
-105
-92
-82
-70
-59
-43
-28
-12
5
17
40
57
80
98
108
124
125
129
130
126
126
121
114
105
98
92
87
79
70
63
50
41
28
15
7
-2
-11
-18
-24
-26
-26
-27
-26
-28
-28
-27
-29
-26
-25
-22
-16
-13
-6
-1
8
18
27
34
43
56
68
87
104
119
136
149
163
179
185
196
201
203
207
211
220
225
228
223
219
215
209
204
192
183
165
144
131
112
98
88
76
64
52
34
17
5
-12
-26
-40
-53
-64
-78
-90
-103
-116
-131
-144
-148
-152
-151
-152
-151
-154
-153
-157
-161
-164
-177
-181
-190
-193
-191
-189
-181
-183
-186
-195
-207
-212
-229
-233
-243
-258
-266
-284
-275
-254
-233
-198
-184
-172
-171
-176
-162
-147
-121
-91
-66
-40
-20
9
44
79
107
127
146
148
152
156
161
174
171
163
158
148
144
141
128
119
99
74
60
41
28
18
2
-11
-31
-49
-57
-63
-70
-79
-87
-95
-96
-97
-89
-76
-70
-66
-66
-64
-57
-48
-30
-14
-2
11
25
42
60
78
102
123
142
160
182
202
227
249
283
321
348
378
379
388
392
372
375
374
391
402
398
387
362
347
325
304
280
251
217
177
143
103
81
67
48
23
-14
-51
-77
-96
-124
-140
-158
-175
-186
-205
-203
-197
-195
-198
-213
-225
-238
-243
-246
-245
-245
-241
-226
-222
-217
-219
-222
-226
-245
-262
-276
-283
-290
-305
-316
-333
-353
-369
-387
-406
-421
-437
-430
-408
-378
-341
-309
-281
-278
-276
-264
-230
-173
-113
-50
3
41
81
119
170
210
238
253
248
244
240
252
273
285
289
276
261
235
213
191
169
142
106
78
47
31
19
10
-2
-34
-69
-103
-125
-132
-137
-131
-128
-131
-135
-123
-106
-87
-71
-71
-71
-75
-60
-32
5
45
68
93
115
145
180
212
247
268
282
297
309
348
383
438
487
510
536
534
540
532
512
502
489
485
480
480
473
465
443
407
373
326
282
237
183
137
88
55
34
3
-25
-64
-109
-152
-199
-240
-254
-264
-265
-266
-280
-283
-299
-311
-322
-341
-347
-355
-352
-339
-322
-296
-279
-274
-287
-314
-335
-352
-361
-383
-404
-409
-417
-414
-435
-461
-483
-535
-564
-583
-579
-527
-488
-419
-369
-363
-371
-388
-354
-290
-223
-153
-72
5
76
117
160
213
266
291
293
293
291
313
327
340
342
326
318
296
249
207
167
151
137
93
77
72
77
69
22
-22
-62
-105
-146
-174
-179
-167
-154
-140
-130
-120
-109
-95
-97
-106
-107
-91
-59
-32
6
59
117
155
177
195
225
261
280
301
330
366
409
452
497
557
601
651
668
653
637
609
602
583
580
601
642
664
647
604
552
507
441
384
332
297
273
233
193
157
118
75
18
-61
-139
-195
-233
-257
-265
-265
-244
-237
-260
-295
-335
-365
-403
-447
-463
-458
-426
-383
-360
-332
-324
-338
-373
-416
-452
-472
-485
-494
-512
-521
-522
-535
-563
-604
-670
-727
-738
-758
-697
-632
-542
-421
-398
-417
-468
-462
-424
-352
-289
-166
-9
93
154
151
207
259
279
286
275
281
316
347
358
374
361
349
323
230
123
73
61
74
42
9
37
40
18
-60
-128
-158
-196
-242
-272
-263
-231
-173
-143
-151
-159
-166
-150
-149
-170
-147
-84
-8
33
76
146
223
262
260
266
288
332
363
414
495
584
657
718
773
781
801
766
723
705
667
687
734
778
812
816
770
690
578
485
438
401
383
356
334
325
271
202
145
69
-15
-90
-166
-200
-198
-202
-189
-187
-217
-242
-290
-341
-386
-421
-419
-417
-406
-381
-351
-314
-298
-319
-347
-371
-422
-448
-454
-435
-389
-381
-387
-416
-462
-508
-597
-671
-734
-763
-724
-697
-615
-529
-419
-356
-408
-499
-585
-575
-526
-425
-283
-74
126
185
160
80
56
74
80
132
187
285
367
397
381
327
273
198
96
-34
-103
-73
-7
57
64
48
30
-62
-193
-322
-375
-370
-347
-317
-279
-213
-167
-145
-185
-244
-286
-312
-287
-245
-157
-23
102
188
201
198
202
214
240
267
338
430
532
622
701
756
831
878
883
874
819
826
848
862
879
905
958
985
933
814
723
626
566
509
469
486
474
455
384
275
170
91
20
-36
-92
-130
-115
-125
-173
-214
-257
-273
-305
-373
-398
-407
-396
-394
-416
-425
-425
-430
-448
-463
-479
-462
-428
-413
-406
-420
-425
-426
-463
-519
-564
-585
-595
-626
-685
-705
-663
-614
-545
-492
-426
-362
-395
-489
-538
-493
-357
-197
-75
77
211
227
140
20
-21
67
166
262
350
395
441
399
291
180
79
37
22
-27
-52
-5
44
56
-32
-169
-250
-326
-409
-453
-446
-362
-288
-293
-318
-363
-395
-417
-462
-481
-450
-375
-277
-196
-144
-80
-12
15
2
7
69
185
291
381
488
593
665
675
671
694
787
880
969
1038
1052
1098
1078
1027
975
953
1002
1042
1026
937
886
827
772
696
605
572
508
431
323
209
147
107
59
3
-80
-143
-165
-210
-272
-315
-339
-344
-373
-441
-466
-470
-472
-497
-530
-535
-536
-551
-578
-588
-592
-572
-561
-570
-555
-571
-564
-548
-570
-590
-625
-627
-647
-694
-725
-702
-615
-501
-382
-327
-275
-335
-436
-472
-441
-291
-92
133
331
434
372
195
55
16
111
256
418
569
625
597
465
294
166
64
26
30
19
44
70
65
-11
-143
-286
-392
-484
-556
-555
-488
-382
-352
-398
-482
-568
-631
-672
-682
-633
-541
-442
-363
-311
-281
-242
-206
-184
-163
-107
8
143
285
402
510
595
624
628
638
729
883
1024
1136
1193
1235
1254
1220
1162
1142
1201
1264
1301
1249
1182
1134
1065
966
851
776
730
693
629
551
479
411
315
175
43
-47
-88
-96
-143
-195
-215
-247
-307
-400
-476
-512
-525
-553
-593
-609
-595
-594
-628
-676
-738
-756
-758
-761
-747
-722
-717
-735
-764
-814
-813
-827
-832
-823
-841
-802
-794
-719
-546
-389
-249
-315
-482
-597
-586
-447
-229
89
404
637
580
261
-25
-118
27
258
435
629
750
744
549
246
74
44
82
88
65
68
131
141
14
-148
-320
-422
-497
-608
-645
-584
-444
-389
-484
-650
-757
-790
-793
-796
-756
-625
-517
-492
-522
-536
-481
-395
-343
-299
-200
-50
100
205
279
358
456
517
558
607
747
967
1121
1257
1266
1261
1273
1219
1208
1225
1330
1448
1534
1502
1406
1327
1208
1113
1004
944
946
940
906
788
658
557
439
317
222
164
166
171
111
35
-40
-143
-217
-291
-352
-357
-361
-350
-375
-422
-477
-552
-608
-668
-723
-742
-727
-713
-707
-728
-788
-833
-882
-948
-987
-1030
-1019
-1013
-986
-934
-912
-713
-550
-423
-438
-662
-737
-747
-582
-413
-150
225
501
563
217
-71
-177
-12
237
386
608
750
756
563
223
17
17
78
138
118
87
126
125
-12
-228
-400
-462
-465
-575
-646
-598
-484
-431
-599
-808
-935
-952
-931
-909
-863
-756
-638
-642
-716
-788
-749
-616
-512
-464
-381
-213
-50
38
57
127
267
385
444
520
663
914
1130
1199
1248
1208
1226
1255
1220
1272
1389
1581
1669
1632
1457
1325
1272
1186
1155
1098
1136
1170
1095
954
753
610
529
429
349
324
341
398
373
208
67
-16
-102
-137
-178
-155
-49
-50
-106
-238
-364
-412
-472
-482
-500
-483
-456
-461
-534
-604
-634
-688
-707
-813
-891
-927
-950
-934
-909
-818
-818
-733
-660
-590
-519
-696
-733
-722
-568
-405
-304
-15
233
390
188
-114
-234
-126
142
293
463
599
625
528
195
-63
-109
-17
131
144
88
83
70
-61
-293
-481
-527
-442
-486
-585
-622
-601
-524
-644
-846
-1003
-1030
-967
-928
-927
-874
-766
-747
-832
-969
-978
-821
-652
-552
-481
-366
-207
-123
-124
-110
1
176
331
438
543
783
979
1114
1158
1076
1132
1146
1186
1260
1367
1588
1702
1695
1493
1317
1211
1170
1192
1184
1261
1294
1243
1066
791
624
535
475
450
421
467
525
474
323
171
60
-4
-34
-75
-28
39
67
41
-83
-194
-285
-333
-342
-359
-329
-290
-294
-347
-449
-529
-566
-609
-658
-700
-734
-759
-776
-800
-760
-792
-759
-605
-513
-360
-510
-641
-659
-610
-471
-401
-139
152
399
278
-48
-233
-235
11
153
280
436
509
489
219
-88
-173
-106
16
47
-58
-73
-50
-109
-283
-454
-535
-468
-486
-636
-714
-712
-596
-622
-782
-961
-1035
-1007
-999
-1012
-987
-867
-797
-848
-971
-1045
-937
-793
-710
-652
-556
-389
-266
-227
-227
-134
26
175
288
374
598
846
1023
1102
1014
1033
1068
1109
1196
1302
1517
1677
1691
1501
1295
1185
1158
1212
1214
1247
1278
1241
1110
849
656
566
527
510
436
431
503
502
403
264
157
107
91
40
34
84
129
139
62
-36
-119
-154
-160
-195
-209
-198
-201
-223
-272
-330
-354
-384
-443
-504
-576
-643
-671
-677
-627
-621
-605
-480
-363
-219
-309
-503
-585
-583
-463
-332
-99
199
438
397
67
-212
-314
-147
54
205
360
441
437
197
-128
-295
-286
-179
-105
-169
-203
-189
-226
-342
-498
-624
-633
-651
-756
-829
-830
-709
-654
-731
-907
-1058
-1081
-1083
-1099
-1076
-986
-865
-833
-909
-994
-951
-826
-751
-703
-652
-520
-368
-270
-237
-179
-54
78
195
276
460
682
886
999
956
983
994
1042
1128
1225
1406
1543
1581
1442
1294
1191
1169
1197
1176
1160
1149
1140
1047
877
732
645
583
514
404
371
428
451
417
328
229
189
143
85
68
101
161
178
144
47
-13
-13
-14
-37
-68
-76
-95
-127
-179
-228
-208
-190
-230
-302
-414
-500
-538
-540
-503
-477
-429
-317
-175
-77
-130
-309
-390
-386
-317
-205
-54
246
508
558
302
15
-133
-82
56
147
283
416
469
321
33
-202
-279
-262
-256
-326
-363
-320
-304
-390
-534
-689
-750
-798
-934
-1034
-1044
-938
-829
-848
-977
-1104
-1147
-1187
-1238
-1258
-1207
-1058
-959
-950
-997
-970
-881
-839
-821
-805
-698
-521
-386
-289
-208
-86
16
100
149
228
463
668
859
904
913
988
1019
1062
1053
1146
1307
1425
1433
1315
1238
1193
1183
1139
1060
1056
1059
1057
954
805
714
648
590
477
386
391
451
481
420
339
275
236
192
121
117
147
201
200
127
63
35
47
27
-16
-54
-59
-52
-67
-92
-103
-82
-86
-135
-204
-281
-317
-313
-316
-336
-335
-333
-253
-126
-34
22
-68
-182
-282
-314
-250
-107
142
391
534
429
197
-6
-84
-12
75
207
333
382
358
195
8
-117
-192
-233
-295
-377
-406
-367
-352
-390
-493
-627
-714
-862
-1009
-1079
-1068
-940
-890
-934
-1016
-1099
-1147
-1194
-1254
-1253
-1178
-1105
-1032
-996
-949
-838
-773
-759
-768
-771
-674
-572
-455
-314
-177
-24
86
131
156
276
404
569
671
715
849
914
974
983
990
1073
1145
1170
1128
1108
1088
1114
1082
1015
979
922
912
835
717
660
627
622
587
515
469
462
423
347
280
231
279
314
297
283
218
176
107
17
-16
-7
65
127
116
76
39
-12
-58
-86
-108
-62
-3
11
15
-52
-100
-105
-148
-161
-225
-247
-184
-112
13
89
183
162
28
-120
-233
-188
-117
57
230
369
419
276
115
-47
-82
-42
7
80
113
151
121
44
-53
-142
-205
-313
-439
-537
-552
-495
-463
-462
-519
-577
-681
-836
-948
-1032
-1014
-973
-936
-920
-942
-950
-970
-983
-1019
-1052
-1032
-994
-916
-842
-752
-661
-600
-554
-571
-564
-532
-461
-325
-215
-99
0
103
188
236
363
470
607
646
633
672
662
728
763
866
991
1080
1093
974
890
799
804
826
839
884
852
840
754
648
572
526
530
490
456
442
459
461
433
370
312
322
311
282
263
215
214
206
154
98
57
69
61
32
5
14
58
62
42
27
35
16
-23
-27
-16
55
79
61
-3
-56
-93
-107
-98
-63
68
129
178
77
-27
-83
-133
-123
-128
-11
115
224
187
59
-41
-109
-85
-95
-93
-79
-60
-37
-105
-196
-265
-300
-328
-413
-523
-588
-582
-570
-592
-613
-641
-629
-685
-796
-885
-953
-921
-913
-906
-890
-867
-808
-798
-802
-825
-803
-756
-735
-711
-692
-589
-497
-431
-397
-385
-316
-283
-236
-196
-132
-43
19
82
145
223
312
426
505
570
573
549
540
522
547
628
755
882
955
918
836
737
661
668
660
715
758
718
740
701
621
590
562
501
444
403
387
437
476
507
473
404
376
286
235
238
221
231
201
166
128
109
138
139
94
43
61
32
40
75
63
112
116
103
42
-5
32
44
74
52
25
-6
-46
-83
-98
13
83
162
108
27
-31
-121
-140
-177
-101
17
125
112
-15
-110
-163
-139
-160
-213
-229
-244
-220
-252
-307
-313
-319
-352
-466
-605
-692
-695
-664
-665
-669
-679
-671
-706
-795
-857
-885
-841
-835
-846
-840
-787
-693
-640
-622
-632
-625
-625
-629
-626
-579
-450
-328
-241
-208
-203
-174
-160
-139
-113
-74
-13
34
77
125
215
312
400
438
415
409
399
410
443
508
649
747
785
756
683
653
632
609
595
626
681
746
746
683
642
596
539
485
443
454
476
489
492
436
415
412
392
367
333
283
262
246
223
220
171
197
201
159
124
50
48
66
85
110
135
187
214
187
130
118
108
119
114
91
89
88
68
10
-36
-76
9
58
102
122
61
42
-91
-173
-223
-180
-65
15
53
-53
-132
-237
-281
-311
-347
-291
-289
-278
-319
-377
-386
-401
-421
-508
-608
-679
-722
-728
-737
-689
-639
-572
-576
-680
-760
-842
-832
-815
-796
-715
-639
-556
-540
-568
-585
-600
-586
-586
-538
-469
-350
-238
-196
-164
-187
-178
-195
-216
-175
-126
-32
37
92
135
172
205
209
266
305
401
475
487
547
518
536
519
512
584
624
711
722
707
661
634
637
630
648
623
639
603
549
508
446
494
497
439
434
395
372
369
339
318
340
335
296
268
201
200
190
137
130
101
144
164
182
200
164
192
183
166
170
199
193
170
171
125
127
90
51
-3
-101
-84
-103
-58
36
91
155
56
-47
-183
-283
-306
-260
-117
-27
66
-32
-148
-258
-345
-283
-294
-227
-181
-195
-191
-259
-294
-327
-351
-414
-503
-571
-617
-556
-533
-469
-443
-484
-512
-635
-706
-751
-737
-640
-591
-553
-548
-547
-560
-591
-593
-580
-515
-499
-454
-419
-375
-279
-289
-272
-290
-291
-239
-225
-169
-127
-66
-38
-24
-24
-15
55
108
223
288
362
461
463
474
405
402
441
468
550
623
730
778
766
679
601
567
554
609
606
639
645
591
544
456
448
429
415
383
330
331
315
325
288
317
320
268
245
154
139
108
109
125
93
125
135
161
143
101
76
49
55
62
97
108
127
110
20
-46
-130
-160
-214
-234
-224
-184
-64
1
77
-37
-127
-242
-351
-362
-334
-97
95
254
180
-7
-161
-250
-213
-192
-91
23
102
118
7
-77
-136
-162
-230
-359
-445
-456
-350
-314
-274
-286
-326
-378
-562
-693
-747
-670
-541
-494
-492
-527
-528
-528
-566
-590
-598
-536
-511
-488
-466
-412
-283
-266
-255
-308
-299
-244
-223
-158
-120
-37
15
43
40
30
77
122
176
253
345
466
522
512
459
397
405
429
512
595
687
756
730
650
519
480
486
537
578
570
586
552
490
402
356
336
303
290
225
230
258
293
320
249
216
139
82
81
75
115
149
151
120
54
-3
-21
-7
-2
31
32
23
9
-39
-86
-157
-223
-245
-294
-313
-271
-275
-131
-56
-3
-23
-197
-269
-385
-338
-251
-27
263
466
535
289
98
-106
-90
5
91
313
396
486
381
180
29
-104
-148
-244
-290
-305
-211
-129
-169
-206
-382
-461
-622
-784
-801
-809
-623
-539
-521
-564
-665
-697
-773
-806
-815
-732
-628
-557
-488
-488
-399
-407
-444
-458
-497
-344
-254
-122
-27
15
78
45
39
21
71
132
202
280
374
510
577
587
529
437
408
366
415
550
693
852
842
730
558
406
357
363
432
516
605
605
549
432
313
260
182
155
136
176
271
287
282
201
104
23
-43
-49
2
92
145
153
58
-42
-105
-140
-119
-134
-102
-59
-63
-98
-191
-278
-363
-446
-495
-439
-347
-129
100
221
226
-73
-275
-393
-310
-99
155
577
878
961
635
275
51
98
303
477
726
837
863
673
336
86
-88
-105
-136
-168
-134
-56
1
-145
-376
-662
-776
-848
-915
-855
-765
-562
-530
-651
-837
-1008
-1034
-1029
-961
-842
-676
-519
-472
-506
-589
-588
-589
-579
-524
-440
-188
-24
78
76
14
12
-56
-50
-5
163
357
516
575
526
513
417
368
287
277
396
504
656
690
676
619
485
347
219
213
315
478
565
581
505
340
183
7
-45
-10
87
216
270
275
200
69
-73
-185
-218
-167
-60
47
111
82
-18
-158
-307
-374
-405
-335
-214
-141
-116
-224
-368
-528
-643
-625
-505
-214
121
392
433
176
-111
-292
-219
27
454
1022
1446
1522
1109
599
285
325
607
929
1266
1428
1378
1031
565
192
8
38
67
115
127
135
56
-241
-576
-868
-945
-927
-889
-781
-669
-578
-686
-935
-1182
-1272
-1170
-981
-755
-577
-437
-444
-571
-713
-785
-669
-498
-329
-183
-79
28
34
-36
-130
-177
-140
-54
82
251
410
464
435
304
189
129
150
255
356
455
498
522
473
400
331
287
304
323
385
439
490
483
394
267
122
41
22
70
140
152
108
0
-125
-261
-350
-384
-363
-319
-306
-288
-306
-317
-373
-457
-530
-584
-572
-535
-455
-391
-354
-391
-505
-647
-803
-788
-651
-307
178
511
637
334
-16
-242
-256
22
494
1286
1928
2091
1569
803
349
347
771
1271
1834
2127
1987
1409
624
116
-44
141
376
560
632
516
213
-356
-860
-1124
-1032
-777
-602
-451
-447
-548
-862
-1247
-1440
-1390
-1086
-745
-449
-293
-319
-515
-804
-977
-916
-597
-215
56
177
129
4
-201
-371
-378
-263
-54
119
268
372
369
226
18
-82
-67
90
263
446
556
487
346
165
136
217
359
530
639
706
653
520
366
288
307
377
443
441
407
304
182
13
-155
-238
-275
-263
-277
-318
-372
-480
-617
-749
-834
-837
-795
-744
-741
-780
-842
-886
-915
-896
-857
-831
-885
-925
-898
-562
1
357
382
-82
-303
-319
-144
128
574
1444
1989
1910
1050
322
165
542
1135
1632
2150
2238
1808
900
93
-137
102
578
831
938
834
526
3
-692
-1017
-957
-508
-144
0
40
-151
-464
-948
-1232
-1140
-759
-299
1
124
51
-195
-536
-766
-705
-352
125
431
483
339
46
-237
-476
-484
-225
74
283
250
121
-53
-260
-394
-417
-258
-38
152
220
185
77
-76
-139
-108
93
317
471
541
504
473
410
371
379
438
539
593
579
503
395
248
97
-27
-67
-35
-41
-115
-301
-477
-599
-687
-724
-785
-787
-796
-855
-956
-1093
-1115
-1115
-1020
-988
-968
-1038
-1180
-1200
-1098
-515
2
327
95
-338
-490
-528
-223
142
966
1757
1957
1396
454
48
209
821
1419
1963
2224
1890
1128
228
-119
20
480
883
991
915
502
-15
-639
-980
-840
-401
98
254
184
-114
-506
-878
-1058
-849
-389
106
407
456
283
-37
-369
-532
-372
78
589
942
917
627
214
-135
-236
-132
211
530
642
482
145
-163
-387
-497
-423
-149
131
285
157
-99
-369
-588
-565
-342
54
389
474
365
133
-82
-165
-57
241
599
774
720
483
197
8
-98
-63
40
154
200
88
-144
-422
-646
-746
-733
-652
-573
-568
-657
-788
-947
-1066
-1111
-1056
-953
-926
-968
-1079
-1135
-1131
-732
-143
255
131
-443
-666
-684
-454
-201
450
1469
1938
1534
382
-331
-318
249
946
1602
2078
1913
1146
84
-513
-477
20
593
879
911
523
-83
-826
-1334
-1239
-736
-51
282
281
-16
-506
-941
-1151
-884
-346
165
463
514
375
78
-260
-411
-227
201
693
1026
1057
797
374
43
-29
139
500
834
931
749
390
122
2
-26
80
261
463
543
412
260
116
22
-8
78
335
540
538
385
254
240
243
198
206
294
386
361
186
33
-64
-121
-186
-249
-248
-277
-379
-523
-612
-611
-634
-732
-835
-897
-917
-949
-970
-894
-783
-764
-836
-991
-1089
-1141
-1288
-1011
-275
555
790
60
-504
-670
-447
-389
-147
981
2120
2345
1131
-224
-702
-285
389
1108
1896
2214
1672
326
-732
-1009
-556
118
544
811
642
110
-789
-1609
-1765
-1328
-526
30
209
0
-534
-1116
-1459
-1307
-754
-148
251
423
343
47
-382
-694
-628
-226
309
766
932
751
300
-196
-395
-242
197
643
800
675
331
37
-102
-61
194
465
624
601
453
377
355
366
440
559
777
946
940
817
656
600
664
739
838
873
829
711
487
310
141
22
-30
-36
14
-56
-266
-551
-807
-940
-950
-872
-777
-748
-853
-1029
-1171
-1174
-1089
-1056
-999
-1039
-996
-1162
-1277
-774
-24
673
303
-344
-589
-363
-59
-90
539
1589
2342
1798
436
-443
-336
383
1073
1745
2112
1858
821
-337
-827
-584
141
647
885
719
189
-470
-1229
-1480
-1246
-579
87
340
212
-346
-972
-1345
-1237
-686
-59
350
506
368
25
-407
-730
-673
-351
102
495
612
362
-162
-684
-861
-706
-337
112
318
226
-253
-736
-911
-806
-415
-24
346
516
278
-55
-272
-170
147
458
806
1058
1093
900
614
481
554
731
980
1145
1171
988
640
366
204
176
215
254
296
211
-10
-299
-586
-713
-722
-612
-484
-411
-469
-679
-890
-962
-865
-688
-592
-585
-747
-907
-1089
-1041
-339
448
928
375
-386
-647
-503
-298
-237
647
1868
2448
1533
-74
-929
-733
32
868
1763
2228
1757
372
-907
-1294
-862
-26
631
1067
963
309
-610
-1452
-1586
-1123
-245
532
855
670
-4
-734
-1118
-924
-287
411
889
1073
855
350
-234
-547
-385
46
554
892
893
446
-301
-912
-1062
-771
-307
92
199
-55
-600
-1088
-1232
-1033
-604
-212
29
-18
-317
-534
-550
-287
69
367
606
621
500
329
257
369
528
697
795
748
572
283
68
8
29
101
118
67
-53
-262
-424
-533
-574
-514
-392
-227
-215
-388
-582
-706
-625
-471
-288
-101
-60
-186
-485
-747
-937
-525
377
1198
1276
435
-214
-428
-301
-263
166
1353
2351
2282
863
-527
-1009
-595
302
1284
2089
2067
1060
-350
-1232
-1289
-647
195
839
1048
557
-230
-1108
-1593
-1428
-777
151
715
751
247
-479
-973
-1038
-602
103
740
1120
1067
637
86
-361
-397
-130
357
894
1159
960
259
-482
-829
-713
-328
82
367
382
-26
-598
-952
-891
-552
-257
-17
100
52
-161
-407
-418
-190
123
384
506
469
320
108
19
91
259
438
446
344
108
-128
-296
-404
-407
-391
-328
-335
-416
-534
-691
-798
-843
-738
-506
-303
-287
-446
-603
-615
-484
-350
-201
-93
-60
-237
-509
-759
-716
-64
772
1273
913
108
-385
-465
-368
-142
713
1908
2448
1634
55
-1001
-1036
-312
724
1754
2221
1675
327
-897
-1356
-1007
-158
669
1161
981
254
-601
-1264
-1385
-953
-92
706
967
619
-71
-605
-788
-590
-98
505
1005
1146
835
284
-191
-323
-124
264
730
1050
990
405
-374
-787
-664
-232
164
395
410
103
-426
-832
-842
-487
-69
262
442
347
81
-236
-310
-105
236
609
835
852
621
312
93
42
114
299
507
537
307
-103
-442
-617
-671
-652
-551
-449
-502
-703
-960
-1090
-1093
-1045
-878
-658
-459
-435
-588
-700
-672
-532
-395
-295
-184
-134
-224
-469
-716
-626
-7
775
1084
649
-70
-423
-491
-464
-239
646
1788
2086
1145
-365
-1175
-1042
-327
648
1545
1865
1179
-133
-1150
-1391
-947
-167
570
960
724
13
-759
-1285
-1299
-801
27
738
903
534
-57
-495
-630
-449
37
696
1226
1328
947
370
-62
-169
17
429
970
1320
1147
449
-340
-661
-481
-58
328
560
542
154
-385
-720
-619
-233
152
413
503
377
112
-130
-90
184
546
816
905
834
646
441
304
296
413
585
666
566
300
-3
-274
-456
-524
-497
-422
-412
-525
-708
-901
-980
-983
-921
-800
-649
-530
-541
-599
-637
-600
-544
-470
-323
-184
-175
-314
-520
-656
-526
14
713
1031
662
-42
-469
-591
-535
-183
724
1729
1893
919
-462
-1208
-1091
-396
568
1431
1673
965
-295
-1289
-1556
-1119
-290
476
793
435
-339
-1098
-1560
-1470
-889
-70
506
516
127
-364
-722
-882
-751
-221
521
1074
1114
660
68
-331
-394
-113
415
992
1248
937
224
-425
-594
-358
39
418
639
574
139
-392
-623
-447
-4
407
673
692
429
55
-144
47
460
875
1083
1055
838
538
354
342
479
669
816
816
583
202
-137
-307
-329
-305
-272
-239
-284
-462
-711
-891
-921
-865
-742
-580
-419
-362
-451
-566
-633
-571
-418
-237
-67
-49
-133
-343
-596
-564
-28
819
1235
934
259
-204
-385
-438
-74
869
1902
2081
1182
-115
-917
-943
-352
620
1502
1732
1049
-107
-1035
-1404
-1143
-420
397
779
468
-261
-964
-1396
-1445
-1053
-354
260
400
88
-388
-756
-950
-931
-607
6
629
850
528
-94
-591
-693
-461
-34
438
740
640
82
-581
-890
-748
-372
-17
233
265
-19
-449
-701
-602
-293
78
396
566
474
188
3
56
302
614
948
1183
1136
816
463
365
500
679
816
876
804
519
120
-192
-299
-267
-197
-151
-186
-327
-569
-778
-866
-818
-706
-596
-522
-479
-479
-513
-568
-593
-556
-468
-340
-199
-184
-351
-474
-229
397
851
813
432
141
-74
-230
4
846
1829
2007
1274
271
-325
-416
-61
722
1564
1780
1106
90
-606
-792
-619
-167
422
691
391
-242
-744
-930
-914
-738
-379
68
327
213
-207
-653
-857
-744
-393
27
380
568
452
35
-466
-694
-488
-25
382
554
418
2
-503
-811
-761
-487
-190
-5
14
-194
-528
-739
-700
-478
-243
-22
172
216
70
-123
-154
-8
194
424
712
901
807
497
265
319
500
602
613
604
520
283
5
-124
-92
-68
-146
-272
-364
-421
-496
-564
-603
-600
-604
-640
-652
-596
-493
-443
-452
-476
-509
-544
-616
-631
-451
-18
495
673
448
90
-84
-150
-159
173
1007
1821
1839
1071
196
-227
-218
173
960
1729
1812
1066
99
-473
-603
-383
190
823
945
389
-317
-655
-704
-686
-498
-67
312
326
79
-134
-291
-523
-694
-501
42
563
683
421
17
-340
-492
-366
25
470
686
541
104
-364
-581
-471
-153
127
215
81
-194
-463
-585
-504
-321
-157
-92
-95
-132
-166
-172
-151
-120
-97
-36
102
288
384
344
230
129
124
184
290
365
315
131
-80
-177
-145
-69
-55
-165
-392
-642
-758
-676
-498
-382
-423
-585
-762
-845
-802
-668
-540
-413
-281
-271
-401
-650
-734
-529
-162
270
530
608
438
92
-206
-232
115
712
1276
1511
1316
688
15
-311
-42
649
1269
1500
1228
614
-68
-469
-374
129
663
854
656
224
-188
-413
-435
-266
-14
211
328
283
109
-111
-302
-383
-343
-179
127
423
503
241
-214
-489
-413
-83
272
468
438
224
-92
-291
-244
-8
248
344
261
60
-161
-261
-176
-15
112
125
41
-60
-148
-183
-134
-46
35
27
-41
-76
-87
-73
-30
25
74
50
-18
-47
-52
-76
-142
-161
-90
-23
-50
-159
-298
-433
-533
-518
-366
-225
-233
-385
-532
-608
-602
-536
-426
-337
-322
-301
-251
-231
-289
-382
-370
-288
-181
-9
171
289
233
82
-9
7
76
176
267
356
380
290
214
136
101
93
117
165
181
224
281
307
237
116
35
34
113
226
334
362
296
194
129
125
138
175
227
270
265
235
173
100
67
58
57
27
20
100
205
234
119
-61
-159
-146
-35
112
227
245
124
-70
-213
-240
-146
6
103
93
11
-57
-111
-166
-186
-118
-6
51
29
-1
-13
-54
-112
-117
-33
59
72
29
6
-1
-31
-39
28
121
113
4
-97
-130
-126
-122
-67
15
20
-88
-192
-193
-127
-83
-57
-14
-10
-84
-175
-129
22
101
33
-57
-36
44
100
127
178
200
121
2
-23
73
124
48
-49
-53
-49
-123
-213
-225
-202
-240
-327
-355
-293
-218
-206
-261
-326
-363
-348
-257
-134
-56
-37
-47
-50
-30
17
79
117
129
142
178
222
240
218
192
187
210
234
242
260
265
258
225
163
108
85
142
231
238
152
49
8
9
1
19
57
51
-23
-106
-119
-108
-131
-148
-132
-104
-115
-136
-137
-149
-194
-229
-179
-88
-41
-58
-82
-100
-120
-125
-78
19
63
23
-52
-87
-70
-35
11
49
43
9
-2
38
91
114
127
153
177
185
182
194
237
313
362
349
306
299
348
383
379
374
401
412
359
285
242
211
159
115
102
95
32
-73
-181
-267
-320
-325
-281
-252
-287
-365
-429
-474
-507
-498
-440
-363
-324
-306
-265
-225
-210
-233
-239
-212
-167
-71
62
166
151
27
-78
-83
10
145
255
286
221
115
47
23
10
17
78
161
164
74
-27
-68
-69
-90
-113
-90
-37
-27
-84
-151
-172
-174
-189
-185
-110
2
24
-78
-193
-217
-163
-104
-41
38
70
-2
-107
-126
-64
-25
-30
2
59
37
-72
-141
-112
-93
-140
-158
-84
-9
-40
-107
-101
-42
-14
-14
28
93
119
114
158
257
334
335
309
307
334
375
434
506
551
535
464
372
302
284
301
326
331
301
233
124
12
-57
-67
-48
-44
-64
-96
-136
-190
-275
-356
-369
-296
-186
-114
-91
-92
-125
-198
-272
-242
-91
67
134
123
93
28
-73
-124
-44
112
199
161
80
28
-6
-47
-66
-23
38
48
-1
-56
-85
-107
-143
-174
-178
-169
-172
-179
-173
-157
-164
-190
-210
-198
-174
-163
-155
-148
-147
-158
-158
-131
-95
-75
-74
-72
-66
-64
-80
-89
-72
-29
8
2
-46
-113
-162
-176
-147
-91
-51
-63
-113
-149
-146
-121
-93
-62
-22
6
1
1
36
104
162
181
184
188
214
259
324
392
429
422
378
329
298
294
315
338
346
330
289
227
149
75
41
48
72
72
29
-24
-66
-103
-140
-150
-110
-44
-3
-4
-22
-22
-13
0
35
101
161
179
164
163
171
161
143
161
215
244
207
144
104
95
97
95
98
86
36
-37
-97
-126
-132
-126
-121
-129
-179
-244
-283
-275
-246
-227
-211
-203
-223
-276
-315
-308
-277
-261
-249
-223
-195
-186
-192
-193
-190
-199
-189
-137
-70
-40
-50
-49
-46
-80
-136
-153
-108
-52
-32
-44
-62
-81
-100
-101
-68
-28
-12
-27
-39
-33
-24
-17
-12
7
33
46
40
35
56
94
115
118
123
132
127
104
81
78
91
105
108
95
71
38
4
-11
4
32
29
-17
-61
-58
-29
-11
-8
14
57
88
85
79
104
152
192
214
241
280
300
284
260
266
298
320
321
320
336
344
317
268
246
262
273
247
198
154
118
72
34
35
58
47
-18
-90
-126
-128
-124
-118
-108
-116
-161
-220
-254
-243
-220
-225
-254
-274
-268
-248
-227
-214
-217
-247
-285
-284
-219
-140
-102
-113
-136
-156
-184
-203
-180
-114
-64
-67
-89
-97
-105
-123
-127
-85
-30
-13
-33
-53
-50
-44
-52
-53
-22
28
49
31
3
0
20
40
47
54
66
70
46
6
-22
-22
-7
-12
-38
-55
-65
-86
-125
-148
-138
-135
-164
-198
-201
-174
-149
-137
-126
-102
-73
-52
-39
-22
10
59
102
125
138
162
192
208
212
227
251
263
257
259
291
319
311
285
263
254
233
207
205
227
240
210
159
114
93
89
88
95
100
89
68
40
16
4
9
26
35
26
-1
-40
-69
-65
-26
10
20
4
-23
-60
-95
-84
-22
35
29
-26
-73
-84
-78
-71
-58
-39
-38
-62
-87
-98
-98
-89
-76
-63
-66
-85
-98
-100
-93
-83
-77
-76
-75
-63
-47
-39
-36
-29
-17
-15
-20
-9
25
60
61
31
0
-15
-14
-1
12
12
-12
-58
-102
-126
-126
-116
-117
-135
-153
-158
-158
-163
-165
-145
-108
-85
-92
-104
-91
-64
-44
-29
-7
14
21
17
24
49
75
90
102
118
128
126
119
112
104
95
94
107
117
107
72
18
-20
-20
16
50
54
33
3
-33
-65
-68
-34
6
7
-21
-43
-46
-48
-58
-53
-26
-2
0
-6
2
19
20
15
30
63
85
82
76
82
87
80
75
86
97
88
69
64
74
79
73
70
66
50
28
20
34
45
37
20
8
2
0
3
18
30
27
16
15
25
37
50
65
71
56
30
25
45
66
62
33
-5
-37
-50
-39
-15
-3
-19
-59
-97
-110
-94
-67
-45
-35
-38
-57
-91
-113
-95
-55
-22
-15
-22
-31
-42
-51
-48
-30
-15
-7
3
24
36
22
-12
-36
-40
-31
-17
-6
-8
-31
-73
-112
-128
-115
-93
-82
-93
-114
-135
-149
-151
-140
-128
-124
-129
-137
-136
-133
-135
-137
-129
-119
-110
-104
-86
-62
-50
-57
-62
-42
-4
33
56
66
64
54
48
59
87
116
134
137
133
130
126
125
129
133
131
126
124
132
134
125
104
85
83
95
107
109
105
96
88
81
79
89
112
132
132
110
85
79
87
99
101
90
69
45
31
33
29
12
-9
-12
2
17
18
7
-9
-20
-19
-8
6
17
27
33
28
15
14
29
43
44
36
35
45
52
49
48
42
26
-3
-30
-37
-34
-40
-62
-91
-119
-148
-170
-173
-153
-144
-160
-186
-199
-203
-216
-225
-212
-186
-183
-204
-217
-214
-209
-221
-229
-211
-181
-159
-148
-138
-137
-144
-149
-131
-85
-35
-7
-4
-13
-20
-17
6
47
88
110
114
110
110
117
128
141
150
154
150
148
154
159
148
128
118
121
127
132
138
144
134
114
100
103
118
139
159
156
134
97
78
88
111
127
121
92
50
18
16
36
51
49
37
15
-7
-21
-8
21
42
49
44
36
31
35
51
69
83
93
105
113
115
112
107
107
110
114
118
121
112
91
59
32
17
11
2
-20
-49
-78
-101
-123
-134
-143
-156
-173
-190
-198
-202
-212
-223
-229
-235
-244
-249
-247
-240
-246
-259
-262
-253
-235
-222
-215
-211
-210
-214
-210
-185
-138
-93
-81
-98
-120
-117
-87
-46
-3
26
30
8
-16
-15
11
44
67
81
81
72
58
48
50
62
76
90
103
110
104
89
73
76
98
126
144
155
160
150
122
95
94
123
153
162
149
122
83
42
25
43
72
85
77
60
45
24
8
13
41
73
91
90
80
67
57
62
81
106
131
144
144
138
130
125
128
135
144
156
164
158
137
104
75
59
51
49
49
41
20
-15
-48
-66
-69
-65
-63
-65
-78
-107
-139
-151
-138
-116
-107
-118
-136
-157
-173
-174
-155
-128
-111
-116
-133
-152
-154
-139
-116
-93
-81
-80
-89
-104
-113
-102
-79
-59
-54
-62
-71
-81
-91
-92
-84
-74
-67
-65
-62
-66
-79
-92
-93
-76
-52
-35
-30
-34
-38
-41
-33
-11
12
24
23
21
26
28
24
20
23
27
26
22
15
6
-10
-24
-30
-27
-23
-19
-14
-13
-23
-37
-44
-32
-6
18
34
36
28
16
20
44
77
102
110
113
115
118
122
131
141
154
165
172
175
165
145
128
120
120
123
126
121
103
76
52
42
46
54
59
55
42
22
4
2
11
25
29
20
5
-7
-7
2
8
10
5
-3
-10
-9
1
15
23
19
9
7
15
24
28
30
32
28
19
15
20
27
24
12
1
-4
-8
-13
-18
-23
-30
-43
-56
-61
-61
-64
-73
-80
-81
-78
-76
-78
-79
-82
-90
-95
-91
-79
-74
-81
-89
-87
-88
-98
-105
-103
-100
-109
-117
-114
-104
-103
-115
-124
-123
-121
-120
-112
-92
-71
-63
-65
-66
-62
-53
-34
-5
21
35
41
46
50
52
59
72
90
105
113
116
111
97
76
65
72
88
93
87
71
52
31
15
14
25
35
32
23
14
5
-4
-10
-4
9
15
12
12
17
16
8
6
12
21
23
24
37
49
52
48
49
60
72
81
90
100
107
106
105
108
112
115
115
116
117
110
104
98
94
88
81
75
65
51
39
37
36
33
22
8
-3
-11
-15
-17
-22
-33
-46
-55
-62
-70
-79
-83
-88
-98
-107
-115
-118
-125
-134
-141
-143
-145
-142
-135
-126
-124
-134
-143
-141
-124
-104
-93
-85
-86
-92
-98
-91
-70
-45
-31
-27
-27
-28
-27
-23
-12
3
12
15
11
5
3
0
0
0
-4
-11
-19
-24
-24
-25
-26
-31
-38
-41
-42
-43
-41
-36
-33
-34
-37
-36
-31
-30
-26
-17
-3
2
3
4
11
18
26
38
55
71
77
78
81
87
97
108
120
128
127
122
120
126
134
138
137
136
134
127
121
121
126
127
118
108
99
100
101
100
95
85
71
62
59
63
60
49
36
24
16
8
3
-2
-9
-23
-38
-49
-53
-54
-57
-64
-74
-81
-86
-89
-90
-87
-85
-88
-91
-91
-86
-80
-79
-80
-79
-74
-62
-50
-42
-38
-38
-37
-32
-22
-11
-4
-3
-9
-13
-12
-10
-6
-6
-8
-16
-27
-35
-41
-42
-43
-49
-57
-61
-63
-61
-61
-63
-68
-74
-77
-75
-68
-60
-58
-62
-66
-63
-54
-44
-39
-36
-35
-36
-30
-16
3
15
18
18
19
24
32
46
61
68
64
59
58
62
68
74
79
77
73
69
71
74
75
72
69
68
68
70
75
74
67
55
50
54
59
65
64
58
43
33
33
42
50
48
45
40
35
22
17
19
25
26
20
15
7
-2
-11
-8
1
3
0
-7
-10
-13
-14
-12
-7
0
0
0
3
4
2
0
4
7
6
4
4
2
-1
-7
-10
-10
-14
-24
-27
-29
-36
-45
-53
-56
-56
-61
-64
-63
-67
-75
-83
-87
-87
-82
-75
-73
-74
-79
-82
-79
-72
-66
-61
-61
-65
-70
-69
-62
-49
-41
-35
-32
-30
-28
-26
-22
-17
-8
-1
0
-5
-4
0
3
3
7
10
5
-2
-7
-12
-12
-11
-6
1
-3
-9
-10
-9
-13
-23
-28
-19
-13
-4
-5
31
60
28
8
-3
-14
-39
-33
13
61
99
109
101
55
14
-23
-26
5
34
86
128
148
114
61
15
-7
-4
10
118
214
230
225
173
106
0
-46
3
67
150
235
264
207
109
5
-51
-50
-11
81
172
219
180
86
-9
-77
-117
-97
52
154
188
186
119
14
-147
-206
-160
-85
14
94
127
78
-40
-178
-239
-244
-202
-93
16
85
57
-26
-100
-184
-249
-208
-102
-8
64
85
67
-6
-108
-156
-163
-133
-67
-1
46
55
9
-64
-131
-179
-176
-136
-70
-1
19
-5
-53
-115
-169
-190
-173
-128
-86
-64
-41
-75
-58
-31
-96
-121
-130
-101
-97
-71
-8
25
57
30
-35
-139
-184
-180
-113
-5
65
119
103
38
-76
-174
-177
-114
-28
80
187
190
118
26
-43
-62
-37
73
195
253
251
199
142
93
38
48
109
151
193
219
206
169
103
56
38
27
59
111
129
138
114
61
24
14
15
11
34
75
85
52
40
34
-6
-24
-2
26
38
50
66
52
18
-2
-7
4
19
34
52
64
47
17
8
26
29
32
32
30
22
-7
-17
0
39
54
43
33
-1
-46
-76
-77
-59
-32
-2
11
-1
-32
-89
-140
-153
-123
-83
-46
-4
-7
-56
-102
-137
-150
-128
-91
-59
-40
-39
-51
-80
-110
-117
-113
-92
-77
-82
-82
-87
-101
-110
-116
-93
-68
-59
-33
-20
-26
-38
-49
-49
-48
-32
-17
21
50
35
32
44
40
-2
3
52
62
73
94
90
50
5
-6
0
23
48
73
73
56
21
-21
-16
-10
-4
26
54
37
12
9
3
-11
6
61
78
76
82
80
57
31
34
61
86
107
126
112
81
62
41
41
62
96
117
103
74
45
2
-14
7
37
57
58
62
31
-15
-21
-24
-35
-13
29
38
37
27
-4
-35
-48
-40
-20
15
56
67
28
-10
-46
-70
-63
-40
-12
6
10
-12
-43
-76
-80
-80
-81
-59
-44
-26
-28
-51
-62
-87
-103
-89
-71
-47
-18
-20
-47
-68
-77
-81
-76
-51
-23
-18
-33
-49
-64
-68
-71
-68
-51
-52
-50
-43
-56
-60
-54
-58
-57
-50
-44
-37
-45
-38
-23
-28
-25
-16
-17
-8
-5
-9
4
22
21
11
17
28
35
36
50
58
53
55
57
47
48
60
65
59
69
73
67
69
80
81
60
47
45
50
62
81
86
85
81
54
34
21
22
48
67
73
83
68
33
17
14
2
7
42
67
59
57
55
21
0
2
-2
-2
19
22
16
8
-5
-17
-21
-21
-25
-23
-22
-17
-23
-25
-30
-29
-23
-31
-28
-33
-43
-39
-20
-15
-19
-16
-32
-49
-61
-67
-61
-45
-31
-29
-36
-45
-62
-72
-70
-67
-60
-47
-46
-51
-52
-60
-74
-75
-69
-61
-43
-23
-16
-27
-41
-47
-58
-55
-36
-14
3
8
0
-16
-31
-25
-19
-11
8
22
20
18
21
12
7
8
12
23
43
56
55
51
48
34
27
46
60
60
68
70
54
40
52
69
76
81
76
58
34
31
39
49
68
82
76
53
39
28
25
34
43
48
54
57
45
36
31
23
13
15
20
25
36
37
23
14
10
-7
-13
1
7
-2
1
9
0
-11
-8
-11
-26
-32
-27
-25
-21
-15
-18
-27
-32
-38
-57
-64
-48
-40
-46
-43
-35
-43
-57
-60
-61
-63
-55
-43
-41
-39
-41
-55
-62
-56
-54
-57
-48
-46
-61
-68
-62
-61
-56
-42
-35
-33
-33
-39
-52
-58
-50
-41
-30
-17
-14
-19
-31
-41
-44
-33
-16
-5
1
0
-7
-20
-23
-7
9
17
19
15
0
-11
-4
8
17
28
32
23
9
0
1
13
32
46
47
45
42
35
32
38
54
57
50
52
53
47
47
61
64
56
58
60
49
45
59
70
62
62
62
53
49
52
57
55
61
60
49
44
43
45
46
52
57
52
45
43
38
36
45
51
46
44
42
28
14
8
6
8
18
27
18
5
-6
-25
-36
-28
-11
0
2
-2
-21
-43
-52
-52
-44
-30
-15
-17
-32
-44
-50
-55
-57
-49
-41
-45
-46
-36
-32
-42
-48
-47
-58
-71
-67
-54
-48
-40
-30
-38
-60
-71
-72
-74
-63
-45
-34
-35
-42
-51
-64
-77
-81
-75
-63
-48
-41
-40
-44
-53
-61
-63
-58
-44
-29
-17
-15
-19
-26
-35
-37
-29
-14
-4
4
10
5
0
1
0
2
5
12
18
24
25
25
23
19
17
15
18
27
37
41
44
47
43
40
41
46
46
52
61
62
62
67
62
53
53
50
49
54
61
62
61
57
51
44
42
42
42
45
45
42
40
38
35
35
36
35
36
37
35
33
33
33
33
32
35
34
29
22
20
17
16
19
22
17
14
7
-3
-8
-8
-6
-1
6
5
-2
-9
-17
-26
-30
-24
-17
-13
-11
-12
-18
-28
-36
-37
-37
-33
-29
-27
-29
-31
-34
-39
-46
-47
-46
-48
-43
-39
-39
-36
-34
-40
-48
-48
-47
-46
-40
-32
-27
-27
-27
-30
-35
-36
-34
-31
-23
-15
-9
-12
-16
-18
-21
-21
-18
-8
3
6
2
-5
-13
-16
-16
-8
4
16
18
10
2
-11
-19
-15
-3
10
21
21
14
0
-15
-16
-5
7
22
32
29
15
2
-5
-3
5
17
29
33
27
18
10
7
8
15
23
29
27
24
20
15
13
16
22
29
34
37
38
33
25
23
23
28
36
42
46
44
37
28
25
24
26
33
39
38
34
29
22
15
9
8
12
15
19
23
21
15
4
-7
-12
-11
-7
2
9
6
-3
-16
-29
-35
-36
-29
-21
-18
-20
-26
-37
-49
-52
-48
-40
-31
-25
-26
-35
-47
-54
-53
-47
-34
-22
-21
-29
-40
-48
-54
-51
-40
-25
-15
-17
-23
-30
-38
-41
-38
-28
-17
-10
-8
-10
-17
-25
-31
-30
-25
-16
-5
1
4
0
-5
-10
-15
-15
-8
3
12
18
20
17
9
2
-3
1
7
18
26
29
26
20
17
15
15
18
25
29
30
34
37
37
32
28
27
26
24
29
36
42
43
40
36
28
21
21
27
36
44
47
43
35
23
15
14
13
21
27
31
28
21
12
3
-5
-4
3
10
14
14
11
6
-5
-11
-13
-10
-7
-2
1
2
-4
-10
-14
-20
-20
-17
-12
-8
-9
-11
-13
-17
-22
-22
-21
-22
-23
-22
-21
-22
-25
-28
-32
-35
-36
-37
-34
-30
-28
-26
-29
-33
-38
-43
-46
-43
-40
-35
-34
-34
-33
-35
-35
-35
-31
-26
-22
-19
-14
-12
-11
-8
-6
-7
-8
-7
-6
-4
3
11
17
20
21
18
14
15
18
24
31
37
38
36
31
26
23
26
33
41
47
49
46
40
38
36
35
38
44
46
45
41
38
35
34
36
36
36
38
35
31
29
27
27
26
25
24
22
20
18
14
15
15
13
11
9
6
4
2
3
2
1
1
-2
-6
-7
-10
-13
-13
-14
-13
-14
-17
-20
-24
-28
-31
-31
-29
-27
-27
-29
-31
-35
-40
-44
-45
-43
-42
-39
-39
-41
-44
-48
-52
-51
-46
-41
-37
-35
-34
-36
-39
-40
-39
-37
-32
-29
-26
-24
-22
-22
-22
-21
-19
-15
-10
-6
-4
-3
-1
-2
-2
-1
4
5
5
6
7
9
8
10
12
10
11
14
16
15
15
15
16
16
17
19
23
23
20
18
16
16
17
22
25
27
25
21
18
17
17
21
27
30
33
31
25
21
20
21
28
32
34
37
31
25
21
19
22
27
32
34
31
26
21
16
14
17
22
27
29
25
20
14
10
9
10
16
19
20
17
14
11
5
2
3
7
10
9
6
4
0
-5
-6
-8
-7
-7
-6
-7
-10
-15
-21
-22
-21
-22
-21
-21
-22
-27
-29
-31
-31
-30
-29
-27
-26
-28
-31
-34
-36
-37
-35
-30
-28
-28
-31
-32
-35
-35
-34
-28
-24
-22
-21
-21
-22
-21
-22
-20
-17
-16
-15
-14
-12
-12
-12
-9
-9
-8
-9
-8
-8
-6
-2
0
0
-2
-4
-2
-2
-2
-1
3
5
6
4
3
2
-1
-1
3
6
5
2
1
2
1
1
2
4
5
4
3
3
2
0
0
3
3
2
2
2
3
2
1
1
3
4
5
5
5
2
3
4
8
8
8
10
9
10
8
10
12
14
15
15
14
15
15
15
19
21
23
23
22
21
22
21
22
23
25
27
28
27
26
24
24
26
26
26
26
27
26
25
24
25
23
22
23
22
22
22
20
19
18
17
15
15
14
13
13
12
10
7
5
2
-1
-2
-3
-3
-5
-8
-11
-14
-15
-18
-17
-18
-18
-21
-26
-28
-31
-32
-31
-30
-28
-28
-31
-34
-37
-40
-39
-39
-36
-35
-34
-36
-36
-35
-34
-32
-31
-31
-32
-32
-32
-33
-31
-28
-25
-22
-20
-19
-22
-24
-22
-20
-15
-9
-5
-4
-4
-6
-5
-5
-3
-1
2
5
5
6
7
7
8
10
13
16
19
19
20
23
23
24
24
25
25
25
27
28
28
27
27
25
25
25
27
26
27
26
28
27
26
25
23
23
25
25
25
24
24
23
23
22
21
20
20
18
16
14
13
12
10
8
6
5
3
1
-2
-4
-6
-7
-7
-8
-9
-12
-14
-16
-18
-18
-20
-21
-21
-22
-23
-23
-25
-25
-24
-23
-23
-26
-28
-27
-28
-29
-28
-27
-26
-24
-25
-26
-28
-27
-25
-23
-21
-19
-19
-19
-20
-20
-20
-18
-15
-12
-9
-7
-7
-7
-8
-7
-5
-4
1
4
6
5
5
4
6
7
10
12
15
17
17
15
14
14
15
17
20
24
24
24
24
21
18
17
20
23
26
27
26
25
23
21
20
20
22
25
25
23
22
20
17
14
14
17
20
20
19
16
14
9
7
5
5
5
3
1
0
-2
-8
-11
-11
-12
-12
-12
-13
-16
-19
-23
-25
-25
-24
-25
-25
-25
-24
-25
-27
-26
-26
-24
-23
-21
-20
-19
-21
-23
-23
-21
-18
-15
-15
-14
-15
-17
-16
-15
-14
-12
-12
-11
-11
-12
-12
-12
-11
-11
-9
-6
-5
-6
-6
-6
-6
-4
-2
2
4
4
4
3
3
4
3
4
7
12
14
14
14
12
11
12
15
19
22
23
22
19
18
19
20
23
25
28
28
27
26
27
26
26
28
30
31
32
31
29
28
27
27
26
27
26
24
23
20
18
16
14
13
12
13
11
9
6
2
1
0
-1
-1
0
-1
-4
-6
-8
-9
-7
-6
-6
-5
-7
-9
-13
-13
-13
-12
-11
-11
-12
-12
-13
-14
-13
-13
-13
-11
-12
-11
-11
-11
-12
-12
-11
-10
-10
-11
-11
-12
-12
-13
-13
-13
-14
-14
-14
-14
-14
-14
-14
-13
-14
-13
-14
-15
-14
-14
-12
-12
-11
-11
-14
-16
-16
-16
-16
-14
-12
-11
-10
-11
-12
-14
-14
-13
-13
-12
-8
-7
-7
-9
-10
-10
-9
-8
-5
-3
-2
-2
-1
-1
-2
-2
0
0
1
4
4
5
6
5
5
5
5
5
6
9
10
10
9
10
10
9
8
8
8
9
11
12
10
9
8
9
8
8
9
10
9
10
10
10
8
8
7
8
9
10
10
9
9
9
8
9
8
9
10
9
8
7
8
9
8
8
8
8
8
5
5
6
7
8
8
7
6
5
5
5
6
9
8
7
6
6
7
6
4
4
5
5
3
3
2
1
1
-1
0
1
2
2
1
0
-1
-2
-1
-2
-1
0
-1
-3
-6
-5
-4
-5
-5
-5
-5
-5
-7
-8
-9
-10
-10
-10
-11
-13
-15
-14
-17
-18
-19
-19
-19
-20
-20
-21
-22
-22
-23
-22
-22
-22
-22
-22
-23
-24
-24
-24
-25
-24
-24
-24
-24
-24
-23
-24
-22
-21
-19
-16
-15
-13
-13
-10
-7
-5
-3
-2
-2
0
1
4
5
8
10
10
11
13
15
17
18
19
21
22
24
25
25
25
25
26
28
28
29
31
31
32
34
33
31
31
32
33
34
35
34
32
31
30
27
28
27
25
25
24
24
23
21
18
18
17
16
16
16
16
15
14
12
10
7
8
6
7
9
7
5
3
0
-1
-4
-4
-4
-4
-5
-9
-13
-15
-19
-19
-19
-20
-20
-21
-21
-23
-24
-26
-27
-26
-27
-26
-25
-26
-27
-28
-29
-30
-30
-29
-30
-29
-29
-27
-26
-27
-27
-28
-28
-25
-24
-22
-22
-21
-20
-19
-19
-17
-16
-13
-12
-9
-8
-7
-5
-4
-2
0
2
3
5
5
6
6
7
8
9
11
11
12
12
12
12
