-1
-2
-1
-2
-1
-2
-1
-1
-1
-1
-1
-1
-1
-1
-1
-1
-1
-2
-1
-1
-1
-1
-1
-1
-1
-1
0
0
0
1
0
0
0
0
0
-1
-1
-1
-1
0
-1
0
0
1
1
0
-1
-1
-1
0
1
-1
0
0
1
1
1
1
2
1
1
2
3
2
2
3
4
5
5
6
6
7
6
7
6
5
5
4
3
2
1
1
1
0
0
-1
-2
-3
-4
-5
-6
-6
-6
-7
-6
-6
-5
-5
-4
-5
-4
-3
-2
-2
-1
1
2
4
7
7
9
11
12
13
14
16
17
18
20
22
23
22
24
24
26
26
26
25
24
23
23
21
21
20
19
18
16
15
13
12
10
9
8
8
8
6
6
7
6
5
5
5
5
4
2
0
-1
-4
-5
-6
-8
-9
-9
-12
-14
-16
-17
-21
-23
-27
-28
-30
-32
-32
-35
-34
-37
-38
-38
-40
-43
-45
-47
-48
-53
-56
-59
-59
-61
-64
-67
-68
-72
-78
-86
-94
-101
-108
-112
-117
-120
-117
-111
-101
-90
-79
-62
-47
-33
-24
-14
2
15
31
44
65
85
103
118
130
138
143
145
140
133
121
112
99
83
71
58
49
35
21
8
-9
-21
-36
-46
-57
-66
-73
-76
-77
-77
-75
-73
-69
-66
-64
-58
-52
-45
-38
-31
-20
-8
4
17
31
43
60
74
88
98
107
120
126
131
132
139
151
154
164
170
176
182
183
186
182
178
175
168
158
150
140
136
128
117
110
98
89
76
62
52
37
25
13
-1
-10
-22
-31
-41
-52
-60
-69
-76
-82
-92
-101
-109
-116
-119
-123
-126
-124
-129
-130
-134
-139
-139
-143
-143
-143
-144
-138
-135
-134
-129
-129
-129
-130
-135
-137
-147
-151
-160
-171
-178
-187
-183
-173
-151
-124
-93
-64
-44
-32
-33
-30
-29
-14
6
30
61
86
111
128
138
148
152
149
143
127
111
96
79
66
52
38
27
9
-7
-25
-45
-63
-84
-101
-112
-119
-116
-113
-107
-104
-103
-103
-101
-99
-97
-94
-88
-78
-68
-57
-44
-28
-8
11
26
41
53
64
73
80
93
104
123
140
159
182
200
216
223
226
230
230
235
235
242
247
252
258
261
262
259
255
245
232
217
199
184
171
158
145
129
118
101
85
65
45
23
1
-19
-39
-55
-65
-79
-89
-101
-110
-116
-123
-129
-140
-147
-154
-164
-170
-173
-169
-166
-164
-161
-160
-156
-157
-159
-160
-164
-164
-170
-171
-177
-186
-194
-209
-220
-236
-251
-265
-285
-302
-315
-311
-287
-247
-199
-153
-126
-104
-102
-105
-97
-78
-34
8
60
105
140
176
196
211
218
215
206
186
168
147
134
124
115
103
86
68
40
15
-14
-43
-68
-91
-104
-111
-111
-107
-106
-109
-114
-123
-128
-125
-122
-111
-100
-84
-60
-41
-17
7
28
49
60
71
80
90
102
110
124
138
155
181
212
236
259
270
278
277
272
277
281
291
301
307
316
322
327
330
321
311
296
277
259
240
229
223
212
202
187
170
153
127
99
66
35
9
-16
-38
-58
-72
-89
-109
-129
-144
-161
-174
-185
-196
-198
-200
-199
-194
-193
-190
-191
-194
-196
-197
-196
-190
-191
-194
-194
-197
-197
-207
-220
-231
-253
-269
-290
-309
-318
-337
-347
-377
-397
-392
-356
-288
-236
-195
-175
-165
-171
-194
-195
-156
-71
16
83
125
159
190
204
205
196
197
195
182
165
149
152
153
152
129
90
51
10
-24
-61
-89
-102
-104
-96
-92
-77
-67
-67
-82
-111
-132
-146
-141
-125
-97
-64
-35
-6
22
48
65
72
71
71
73
80
99
123
152
181
200
211
224
231
248
255
258
265
261
275
282
301
320
327
342
344
346
349
342
339
332
324
321
308
300
295
282
269
244
220
201
172
147
118
91
70
42
18
-6
-30
-56
-88
-119
-150
-174
-186
-194
-197
-197
-201
-203
-205
-210
-211
-219
-221
-211
-202
-191
-180
-175
-168
-174
-192
-196
-211
-220
-240
-267
-282
-308
-325
-338
-347
-356
-391
-450
-493
-495
-428
-341
-285
-246
-226
-216
-246
-302
-303
-217
-94
4
39
62
100
125
135
130
141
160
160
142
121
115
128
138
124
83
31
-12
-41
-71
-94
-105
-106
-101
-108
-106
-95
-91
-99
-129
-159
-170
-156
-123
-78
-33
1
23
36
51
65
84
95
101
115
136
165
204
247
283
296
289
285
284
297
309
328
362
387
413
421
434
448
437
416
390
389
404
416
427
433
435
436
415
385
355
332
308
269
232
211
201
195
173
143
113
74
31
-19
-63
-93
-123
-151
-169
-177
-175
-173
-176
-185
-200
-222
-245
-257
-255
-248
-236
-217
-199
-181
-172
-170
-171
-189
-210
-236
-256
-262
-272
-279
-298
-318
-335
-361
-391
-425
-475
-531
-606
-625
-556
-431
-318
-299
-291
-298
-326
-396
-449
-360
-184
-23
43
48
74
113
124
106
85
95
117
109
96
93
120
159
143
87
4
-64
-97
-127
-146
-155
-140
-117
-106
-106
-100
-91
-102
-145
-199
-217
-186
-126
-61
-4
50
81
89
83
92
117
127
138
160
200
255
300
347
380
385
366
338
326
340
374
411
445
465
486
502
509
509
492
468
433
403
403
424
451
468
476
475
445
395
338
297
266
233
202
186
186
185
168
133
84
25
-37
-94
-138
-168
-186
-197
-206
-211
-209
-209
-219
-245
-277
-308
-328
-334
-318
-289
-255
-223
-201
-190
-192
-205
-210
-224
-236
-259
-270
-263
-255
-256
-289
-311
-344
-377
-423
-479
-504
-569
-610
-579
-462
-291
-236
-240
-265
-298
-364
-479
-481
-301
-51
106
145
123
149
149
103
72
52
111
147
148
158
164
212
221
162
65
-57
-128
-161
-159
-136
-97
-55
-33
-44
-83
-105
-131
-160
-212
-254
-225
-150
-50
27
73
98
85
47
19
20
52
102
152
212
276
320
358
378
376
340
286
260
283
343
420
510
561
585
545
498
460
410
392
375
401
449
489
528
540
521
487
427
354
280
221
215
220
222
232
233
238
205
131
55
-35
-109
-167
-196
-183
-169
-160
-167
-183
-210
-251
-299
-341
-373
-388
-388
-374
-333
-280
-244
-229
-241
-251
-264
-282
-278
-254
-211
-200
-210
-219
-218
-221
-257
-289
-311
-339
-371
-421
-442
-475
-537
-496
-417
-242
-186
-232
-253
-312
-333
-448
-469
-307
-44
155
185
117
74
74
37
31
35
107
194
189
186
158
166
191
127
52
-80
-160
-177
-167
-118
-79
-25
-15
-51
-134
-186
-199
-211
-231
-274
-244
-159
-62
26
58
66
38
-20
-60
-61
10
102
189
258
309
341
353
361
352
341
306
288
322
406
516
613
674
690
649
581
532
496
490
484
504
550
600
643
662
647
600
521
424
337
269
251
277
298
306
292
267
226
134
39
-47
-119
-169
-205
-194
-166
-159
-190
-241
-293
-343
-400
-444
-460
-465
-457
-448
-425
-383
-349
-329
-345
-369
-384
-397
-379
-351
-297
-255
-256
-263
-285
-292
-332
-377
-409
-425
-429
-461
-485
-506
-541
-545
-491
-376
-279
-303
-337
-382
-414
-487
-527
-398
-145
92
161
115
36
9
-23
-41
-16
46
161
212
208
174
143
164
131
45
-71
-158
-164
-146
-101
-53
8
39
7
-79
-163
-186
-191
-192
-216
-199
-111
-8
86
122
127
110
49
0
-9
61
176
283
364
417
450
451
450
431
423
415
405
443
519
627
744
802
808
761
692
656
618
604
620
640
667
688
701
736
735
695
630
514
409
317
279
308
328
339
334
296
245
138
26
-57
-131
-181
-223
-231
-207
-204
-242
-302
-374
-433
-488
-541
-543
-532
-518
-521
-539
-513
-483
-450
-432
-447
-445
-457
-462
-444
-408
-353
-329
-325
-344
-375
-413
-454
-471
-482
-477
-485
-495
-500
-531
-589
-659
-615
-508
-374
-358
-412
-405
-434
-447
-550
-516
-286
-34
120
66
-12
-28
-16
-27
-27
28
148
230
198
148
119
136
153
69
-12
-79
-88
-64
-68
-18
35
82
52
-33
-100
-122
-100
-102
-110
-102
-39
42
103
149
158
157
120
82
93
148
245
320
392
450
482
481
461
473
485
502
494
533
616
711
800
825
842
812
760
703
659
661
680
703
727
759
784
792
743
670
599
515
431
360
340
371
373
359
321
269
196
75
-25
-94
-137
-165
-189
-194
-194
-224
-284
-358
-436
-498
-556
-587
-578
-560
-533
-523
-517
-501
-503
-513
-538
-558
-545
-529
-493
-440
-381
-325
-325
-368
-419
-461
-483
-497
-499
-462
-440
-444
-469
-523
-535
-618
-647
-589
-495
-356
-396
-412
-431
-439
-462
-529
-455
-259
-42
20
-18
-97
-82
-63
-71
-38
1
103
139
92
70
43
89
83
16
-40
-107
-89
-85
-52
-25
6
24
-12
-60
-112
-95
-75
-52
-57
-63
-4
57
133
164
162
169
130
124
137
201
296
365
433
456
481
469
484
504
525
550
548
606
649
714
782
838
885
855
789
754
731
727
713
715
762
808
830
819
765
692
628
529
464
401
389
409
396
379
325
254
166
54
-30
-83
-135
-161
-187
-192
-204
-255
-324
-389
-459
-513
-553
-576
-560
-563
-550
-547
-547
-519
-522
-526
-546
-559
-539
-523
-500
-455
-393
-338
-342
-408
-449
-482
-505
-538
-552
-514
-471
-460
-490
-536
-590
-653
-669
-611
-506
-431
-453
-453
-487
-486
-525
-529
-386
-210
-42
-39
-97
-148
-129
-104
-76
-30
44
124
99
51
13
18
59
27
-10
-58
-90
-68
-73
-34
-10
16
15
-39
-81
-104
-65
-41
-25
-40
-32
21
71
133
145
160
164
147
162
186
256
340
400
456
469
479
476
494
521
549
573
600
666
722
799
836
868
885
850
826
791
795
805
810
820
832
852
854
838
793
731
649
571
513
464
453
450
431
393
320
240
148
56
-6
-55
-94
-125
-155
-175
-214
-281
-351
-418
-473
-515
-551
-561
-554
-557
-566
-587
-583
-565
-554
-551
-565
-558
-538
-514
-491
-462
-401
-364
-383
-426
-450
-466
-487
-505
-506
-476
-469
-471
-492
-519
-573
-653
-760
-772
-700
-587
-474
-489
-479
-524
-555
-620
-668
-561
-365
-193
-152
-165
-178
-144
-139
-134
-87
-37
20
24
12
56
75
128
127
98
68
5
-11
-25
16
64
111
118
120
112
89
89
55
54
49
65
113
160
234
274
276
273
252
246
242
260
310
374
441
474
493
487
514
532
537
541
546
598
645
683
711
739
770
796
786
774
764
761
762
745
751
772
791
794
764
719
675
601
533
474
438
434
421
401
355
279
198
108
19
-50
-110
-141
-176
-217
-263
-317
-368
-415
-464
-503
-532
-552
-556
-580
-591
-597
-597
-593
-602
-597
-566
-534
-520
-507
-483
-454
-431
-426
-446
-442
-422
-415
-421
-432
-409
-387
-385
-412
-452
-476
-506
-563
-623
-663
-688
-719
-734
-688
-613
-528
-527
-551
-578
-600
-653
-713
-671
-520
-310
-191
-155
-169
-180
-189
-207
-178
-100
-3
80
120
157
187
217
245
247
235
188
153
139
180
243
315
368
380
369
315
284
268
268
276
275
302
352
406
453
469
476
452
400
351
323
354
413
487
533
548
527
506
491
485
492
494
506
516
522
546
597
650
689
682
666
643
605
578
572
591
611
618
619
621
590
556
507
464
422
373
351
333
298
253
192
128
55
-18
-72
-131
-180
-215
-250
-283
-327
-370
-397
-445
-484
-525
-562
-571
-581
-580
-574
-568
-565
-566
-577
-569
-547
-517
-504
-515
-501
-471
-450
-453
-448
-422
-400
-394
-418
-433
-439
-441
-468
-505
-510
-519
-519
-537
-564
-584
-619
-651
-712
-786
-785
-747
-656
-587
-559
-526
-539
-553
-605
-634
-597
-473
-329
-214
-147
-111
-60
-35
-3
18
61
139
191
244
287
337
410
451
477
456
418
392
384
411
451
504
540
564
551
523
499
469
469
462
481
502
525
560
572
582
570
541
511
479
468
468
489
510
510
491
461
449
434
429
413
399
402
401
408
407
428
450
453
435
416
407
400
389
386
403
420
434
421
403
383
360
323
281
237
205
182
148
110
65
30
-16
-65
-119
-174
-212
-243
-285
-319
-351
-364
-386
-420
-458
-473
-493
-503
-522
-538
-531
-528
-519
-531
-522
-520
-526
-539
-525
-503
-484
-468
-457
-457
-472
-490
-513
-519
-523
-517
-516
-510
-492
-485
-507
-529
-555
-575
-604
-629
-642
-645
-645
-660
-689
-713
-671
-629
-533
-497
-481
-464
-475
-457
-482
-428
-323
-175
-63
3
33
72
109
151
215
273
345
400
431
467
502
543
602
611
634
601
582
565
565
602
624
654
660
675
657
639
618
614
620
608
606
605
620
647
643
631
597
560
529
475
449
426
428
419
394
364
342
330
306
282
235
210
181
160
168
177
211
223
229
241
242
231
204
177
174
181
180
180
175
181
188
171
146
107
63
28
-7
-36
-64
-94
-122
-158
-199
-244
-274
-298
-319
-347
-374
-386
-393
-407
-430
-440
-436
-438
-446
-452
-458
-456
-463
-474
-490
-503
-497
-481
-474
-474
-484
-492
-494
-501
-497
-507
-507
-511
-510
-506
-499
-493
-499
-499
-520
-533
-546
-571
-587
-592
-579
-569
-577
-578
-592
-611
-579
-508
-388
-338
-312
-305
-304
-299
-331
-283
-167
25
174
252
249
246
266
289
344
395
492
581
621
654
654
690
719
714
729
702
701
675
674
705
749
785
772
744
693
672
648
648
659
656
663
634
619
599
564
542
487
446
403
353
320
287
289
285
262
197
138
95
61
32
-11
-9
-10
-3
3
7
27
22
10
-2
-9
-11
-20
-25
-11
-2
5
12
12
16
9
-9
-25
-57
-84
-103
-129
-138
-132
-136
-154
-184
-222
-258
-287
-290
-283
-288
-286
-300
-317
-326
-347
-350
-357
-352
-354
-365
-382
-399
-408
-415
-415
-415
-411
-408
-397
-394
-412
-429
-442
-440
-441
-459
-449
-448
-442
-440
-461
-467
-463
-442
-457
-475
-480
-477
-469
-470
-445
-435
-433
-463
-502
-472
-404
-259
-178
-145
-117
-135
-134
-192
-175
-63
142
339
431
443
414
407
398
419
477
575
684
732
756
757
761
781
751
738
698
683
679
680
721
746
769
741
693
613
546
517
522
548
540
530
504
468
440
385
355
310
264
224
174
156
134
132
110
70
18
-40
-76
-101
-103
-116
-126
-146
-161
-169
-180
-158
-141
-131
-137
-145
-132
-118
-112
-110
-94
-83
-85
-101
-105
-81
-50
-33
-43
-64
-88
-116
-132
-139
-134
-133
-150
-178
-216
-252
-270
-275
-279
-268
-270
-272
-281
-305
-325
-349
-355
-354
-353
-348
-342
-339
-349
-384
-406
-415
-412
-398
-385
-374
-372
-370
-367
-387
-399
-396
-405
-397
-397
-392
-400
-398
-367
-342
-347
-372
-402
-419
-425
-433
-416
-425
-406
-326
-213
-66
-38
-46
-90
-120
-145
-180
-96
114
401
579
616
527
440
393
391
454
559
731
861
904
888
826
799
747
698
669
642
650
668
727
769
785
741
644
517
394
352
356
416
463
473
450
369
307
243
201
175
141
132
117
111
110
101
96
50
-9
-81
-129
-145
-121
-81
-67
-68
-107
-151
-205
-228
-207
-177
-144
-103
-62
-33
-46
-78
-104
-132
-134
-120
-68
-4
53
72
43
-34
-111
-139
-122
-82
-60
-63
-91
-156
-228
-299
-332
-328
-327
-308
-314
-325
-348
-382
-426
-459
-464
-458
-442
-424
-396
-394
-421
-462
-500
-503
-487
-444
-394
-372
-364
-387
-406
-421
-423
-403
-389
-368
-376
-403
-431
-449
-435
-415
-402
-393
-397
-436
-479
-542
-466
-284
-59
74
24
-28
-115
-149
-192
-106
165
532
797
810
662
477
410
411
509
694
914
1087
1078
971
832
699
646
587
615
639
669
705
695
687
601
487
349
253
200
214
293
379
430
363
254
137
49
47
53
123
185
231
245
187
155
109
94
82
69
89
102
132
141
136
92
36
0
-17
13
38
74
82
69
52
4
-21
-53
-44
-28
-8
28
33
34
7
-17
-39
-65
-86
-92
-66
-40
-37
-73
-120
-174
-251
-316
-370
-389
-389
-395
-412
-452
-497
-546
-591
-627
-630
-618
-603
-599
-606
-611
-629
-641
-645
-631
-592
-555
-531
-512
-504
-492
-469
-429
-379
-367
-393
-419
-446
-442
-442
-447
-449
-462
-523
-569
-635
-537
-271
6
203
67
-64
-244
-316
-312
-149
321
816
1132
1010
668
308
172
239
504
883
1201
1347
1175
851
540
316
316
367
534
671
679
649
478
342
174
56
15
43
133
243
347
372
316
130
-50
-142
-106
74
237
393
436
351
242
90
82
155
291
457
515
529
441
351
297
261
245
244
293
366
420
403
345
290
254
220
170
183
257
309
281
171
109
64
38
39
69
113
63
-21
-78
-81
-80
-106
-156
-210
-266
-353
-436
-477
-458
-431
-477
-573
-650
-682
-714
-757
-760
-733
-712
-735
-786
-801
-814
-825
-835
-822
-762
-703
-648
-627
-610
-612
-626
-624
-598
-529
-476
-460
-475
-500
-541
-636
-688
-711
-480
-127
200
289
6
-225
-423
-402
-313
-4
582
1112
1290
908
320
-104
-132
167
672
1175
1448
1336
840
305
-67
-139
97
411
774
843
632
270
-120
-300
-378
-264
-26
227
390
354
205
1
-202
-336
-300
-79
257
548
639
559
301
57
-72
-31
242
525
775
851
729
526
275
173
227
374
572
715
797
745
574
371
251
275
373
514
632
760
754
587
340
183
230
337
490
581
607
515
314
142
42
38
62
75
59
1
-128
-316
-476
-572
-594
-617
-635
-631
-642
-689
-809
-928
-1001
-1028
-1000
-958
-888
-825
-830
-884
-965
-1008
-991
-951
-861
-778
-734
-731
-768
-791
-784
-795
-795
-866
-870
-841
-705
-326
2
249
1
-348
-578
-580
-371
-104
467
1041
1353
1019
337
-241
-323
58
660
1272
1561
1406
780
36
-414
-493
-160
316
753
894
529
-15
-562
-805
-774
-530
-95
267
401
206
-141
-434
-577
-551
-363
16
400
659
624
390
99
-144
-151
21
407
774
973
960
711
402
136
69
279
602
881
976
883
694
473
350
411
574
763
869
886
844
736
637
593
645
776
872
881
838
775
740
662
577
524
475
458
396
327
241
100
-40
-202
-313
-368
-410
-429
-472
-527
-615
-746
-880
-978
-1001
-972
-905
-845
-818
-843
-936
-1054
-1144
-1129
-1031
-909
-831
-852
-897
-1004
-1084
-1173
-1227
-1208
-1151
-737
-251
102
-122
-664
-966
-978
-740
-485
116
883
1349
1053
175
-575
-745
-340
359
1104
1567
1451
733
-152
-673
-694
-298
253
720
845
400
-294
-903
-1116
-949
-584
-101
240
271
-38
-478
-744
-810
-697
-414
28
453
602
410
60
-250
-388
-271
87
584
919
930
668
304
23
-73
69
430
780
932
822
568
363
279
301
463
719
973
1043
905
759
662
664
695
844
1082
1265
1290
1146
962
817
762
819
971
1101
1111
905
583
322
189
201
262
298
264
99
-141
-383
-541
-553
-497
-428
-437
-487
-557
-647
-705
-731
-671
-603
-570
-579
-611
-639
-680
-744
-784
-757
-716
-743
-882
-995
-1101
-953
-579
-139
4
-387
-847
-1149
-1084
-855
-384
312
862
855
140
-739
-1182
-906
-171
636
1127
1062
440
-426
-1005
-1074
-689
-124
318
461
94
-533
-1108
-1355
-1196
-836
-368
-27
13
-259
-684
-962
-1007
-838
-500
-71
309
416
234
-134
-462
-571
-361
102
590
832
708
332
-88
-315
-257
36
447
705
690
422
74
-81
-11
249
545
778
882
810
662
549
558
664
829
1028
1210
1294
1263
1149
1039
1024
1065
1152
1198
1206
1176
1021
809
606
498
505
525
510
377
159
-34
-144
-165
-153
-115
-120
-191
-316
-416
-448
-382
-260
-155
-131
-217
-321
-375
-350
-276
-216
-227
-245
-368
-506
-697
-638
-206
260
462
149
-247
-551
-685
-678
-382
287
940
1102
586
-222
-837
-943
-514
254
944
1066
511
-369
-1034
-1269
-1104
-624
-92
214
-62
-748
-1414
-1727
-1589
-1217
-745
-372
-313
-601
-1062
-1351
-1349
-1128
-781
-415
-102
-15
-158
-413
-653
-732
-593
-217
219
448
351
29
-327
-534
-534
-318
42
318
351
82
-266
-459
-426
-205
157
514
658
490
211
110
245
524
779
989
1078
1034
896
779
825
1002
1197
1275
1214
1071
871
716
663
701
746
698
557
368
196
82
7
-32
15
108
153
49
-170
-330
-359
-255
-86
80
188
146
-10
-169
-213
-112
12
128
170
89
-116
-372
-305
175
728
902
539
69
-192
-236
-87
302
944
1462
1432
838
66
-411
-378
137
883
1445
1415
733
-174
-796
-932
-669
-197
275
459
103
-611
-1285
-1612
-1510
-1122
-594
-168
-124
-504
-1088
-1495
-1527
-1240
-773
-293
8
-50
-412
-843
-1088
-1033
-730
-286
73
157
-82
-495
-832
-940
-800
-543
-294
-182
-259
-504
-802
-911
-782
-509
-214
-32
-3
-148
-329
-360
-189
115
423
633
666
555
385
299
392
643
953
1129
1080
845
529
303
274
428
618
690
561
264
-77
-294
-283
-105
75
156
90
-102
-329
-465
-404
-188
57
210
205
76
-88
-214
-195
-56
146
264
245
131
15
77
370
730
872
712
457
339
376
549
872
1298
1584
1478
1004
490
272
455
903
1370
1588
1359
758
125
-205
-188
15
268
432
362
-16
-540
-911
-992
-819
-535
-258
-96
-169
-463
-816
-1000
-930
-667
-322
-29
123
16
-263
-560
-691
-568
-285
43
216
150
-136
-478
-699
-723
-575
-365
-209
-238
-459
-763
-944
-932
-743
-475
-285
-238
-339
-483
-581
-575
-433
-189
65
223
226
83
-116
-237
-164
90
355
498
443
228
-49
-259
-308
-175
42
142
39
-236
-509
-637
-594
-420
-248
-176
-253
-430
-596
-645
-526
-304
-105
-33
-105
-253
-366
-370
-279
-163
-64
-7
10
121
409
708
751
504
233
173
323
625
1077
1559
1813
1607
1063
552
403
714
1311
1879
2054
1679
966
355
98
170
461
838
1075
925
378
-241
-614
-649
-419
-69
252
355
135
-269
-610
-695
-522
-209
122
315
260
-7
-284
-418
-359
-162
98
307
327
127
-194
-430
-465
-313
-112
11
-10
-190
-458
-666
-687
-507
-273
-119
-90
-189
-347
-455
-411
-230
-4
134
183
136
42
-52
-117
-72
41
164
188
73
-125
-343
-488
-530
-478
-414
-405
-482
-657
-878
-1053
-1102
-1017
-859
-708
-653
-742
-930
-1069
-1064
-890
-645
-460
-402
-513
-682
-782
-740
-586
-440
-383
-380
-337
-151
146
342
320
111
-79
-88
79
443
928
1335
1423
1087
569
212
285
773
1410
1833
1784
1295
645
220
178
460
859
1149
1139
780
237
-184
-298
-134
196
517
694
611
310
-29
-223
-185
34
360
636
714
543
230
-46
-165
-84
151
430
595
520
247
-69
-235
-178
32
242
331
265
52
-195
-350
-305
-60
253
478
494
302
35
-123
-59
210
531
741
753
584
342
125
10
60
247
464
543
399
77
-300
-579
-657
-555
-396
-308
-388
-639
-976
-1249
-1320
-1184
-944
-755
-726
-893
-1168
-1355
-1301
-1048
-807
-720
-800
-945
-1085
-1174
-1167
-1070
-954
-862
-757
-535
-239
-84
-196
-462
-623
-547
-282
122
606
981
1006
608
56
-237
-67
465
1064
1423
1355
874
259
-126
-85
234
586
771
711
439
14
-342
-460
-301
29
309
451
408
217
-14
-152
-86
142
431
663
745
641
390
141
25
88
297
518
614
493
226
-18
-125
-45
135
289
327
228
51
-122
-174
-40
220
476
614
601
473
341
326
497
787
1065
1177
1076
865
706
691
777
904
994
999
881
662
429
269
223
239
242
169
8
-216
-433
-562
-593
-555
-517
-518
-584
-693
-811
-921
-985
-954
-825
-686
-660
-762
-960
-1152
-1280
-1279
-1152
-1024
-935
-868
-695
-490
-477
-713
-985
-1025
-792
-452
-40
382
616
455
-78
-585
-682
-283
402
976
1136
745
18
-556
-662
-304
170
515
553
242
-287
-766
-928
-740
-363
22
217
180
-57
-363
-528
-466
-168
195
481
601
520
298
60
-57
2
170
375
501
471
249
-84
-325
-362
-192
31
159
122
-77
-337
-514
-475
-234
74
306
377
306
173
82
155
417
788
1084
1162
1024
798
664
710
914
1172
1319
1267
1013
677
446
411
553
722
759
610
320
31
-130
-122
15
169
237
146
-50
-259
-383
-402
-308
-135
8
27
-100
-315
-516
-673
-700
-604
-478
-384
-376
-298
-168
-167
-372
-651
-713
-546
-325
-66
245
508
473
66
-414
-628
-429
68
604
894
711
119
-526
-822
-665
-290
111
311
183
-297
-900
-1225
-1136
-747
-339
-120
-124
-343
-650
-861
-824
-523
-140
171
302
248
37
-217
-337
-246
10
268
376
294
45
-248
-440
-446
-258
-49
62
-8
-216
-455
-636
-664
-504
-153
169
249
83
-179
-334
-315
-58
391
772
910
750
443
214
177
398
731
999
1061
842
459
126
20
127
344
552
584
381
36
-227
-267
-94
183
383
409
267
62
-94
-139
-56
146
333
409
295
52
-205
-365
-370
-263
-54
175
395
500
353
-21
-406
-486
-166
289
684
901
958
777
308
-177
-337
6
659
1191
1294
886
197
-387
-569
-301
152
521
559
244
-299
-834
-1062
-927
-549
-175
-30
-157
-485
-816
-962
-852
-531
-187
42
72
-74
-271
-397
-357
-193
-12
124
135
15
-206
-421
-503
-449
-296
-184
-193
-334
-549
-721
-774
-635
-392
-220
-183
-253
-349
-429
-418
-249
-9
214
334
342
265
158
129
204
338
462
508
462
316
132
-9
-37
35
80
38
-96
-255
-396
-480
-437
-318
-203
-142
-147
-183
-219
-206
-140
-35
82
181
208
177
120
55
3
-15
-11
-5
-4
84
333
580
586
281
-94
-225
-37
289
638
951
1151
1057
609
92
-129
116
700
1275
1527
1271
622
-22
-305
-130
326
784
952
716
152
-433
-719
-603
-198
211
389
241
-133
-515
-687
-568
-242
111
314
308
133
-91
-230
-203
-23
193
329
326
177
-77
-318
-428
-361
-193
-78
-103
-276
-516
-718
-802
-720
-528
-345
-298
-415
-511
-529
-479
-354
-166
35
118
73
7
-12
69
222
313
279
163
59
1
-29
-33
-26
-59
-164
-313
-482
-609
-651
-628
-559
-503
-504
-581
-659
-646
-537
-398
-283
-226
-212
-184
-127
-70
-53
-52
-48
-80
-130
-153
-166
-143
-62
144
386
378
107
-256
-441
-327
-43
371
794
1036
914
396
-158
-354
-34
679
1374
1681
1383
661
-29
-277
10
579
1107
1258
935
292
-328
-575
-391
71
508
649
439
2
-392
-533
-370
13
419
650
606
344
60
-73
21
276
552
734
742
553
239
-29
-92
55
283
433
408
188
-139
-421
-501
-364
-133
18
0
-183
-426
-529
-446
-228
21
196
228
86
-94
-145
-37
187
391
453
310
57
-132
-180
-98
27
73
-50
-298
-545
-713
-740
-654
-548
-521
-605
-742
-846
-840
-727
-580
-492
-472
-473
-483
-481
-414
-304
-217
-236
-327
-398
-429
-420
-438
-439
-339
-132
110
118
-145
-495
-707
-592
-273
155
543
705
571
117
-360
-519
-215
463
1082
1306
974
322
-189
-289
29
492
869
923
578
-5
-501
-612
-376
-15
262
318
128
-227
-520
-548
-310
54
349
450
348
136
-21
-8
196
481
687
732
620
431
247
162
265
492
697
724
544
265
33
-36
49
218
367
389
251
22
-176
-212
-61
230
557
694
572
269
7
-15
201
554
846
902
708
355
42
-75
26
264
437
423
187
-157
-453
-566
-503
-354
-238
-257
-403
-589
-712
-726
-649
-516
-399
-333
-347
-388
-416
-411
-351
-270
-211
-212
-269
-359
-454
-537
-631
-679
-608
-407
-113
-20
-195
-557
-855
-845
-608
-236
162
409
432
132
-295
-537
-438
46
621
981
922
508
35
-233
-194
65
410
622
515
105
-406
-702
-675
-429
-140
22
-12
-235
-522
-673
-589
-324
-52
76
56
-57
-170
-227
-174
-4
170
273
265
195
132
83
119
241
385
466
419
301
182
113
134
212
327
384
355
256
162
146
180
332
515
573
516
396
377
418
476
592
650
662
606
537
482
426
447
494
507
436
336
263
213
198
144
96
53
-2
-48
-117
-159
-202
-218
-187
-175
-205
-274
-304
-307
-282
-201
-122
-122
-282
-470
-576
-588
-495
-413
-387
-530
-770
-827
-698
-393
-156
-130
-284
-625
-830
-782
-474
48
456
621
396
-87
-435
-438
30
665
1087
1076
615
9
-418
-402
-4
449
655
455
-56
-632
-955
-847
-439
-33
117
-58
-453
-831
-968
-794
-450
-162
-81
-233
-511
-725
-727
-531
-245
-32
37
-9
-132
-221
-233
-134
53
204
265
214
120
54
28
88
185
279
320
305
260
189
156
171
248
379
493
528
467
362
302
327
428
575
689
715
664
572
501
495
572
727
857
869
741
530
371
334
406
523
561
485
301
99
-29
-79
-44
22
50
-10
-160
-299
-385
-401
-377
-339
-302
-334
-392
-444
-484
-505
-561
-590
-592
-566
-440
-310
-171
-113
-180
-294
-459
-494
-351
-93
238
459
527
340
-15
-238
-198
177
624
891
835
448
-4
-277
-221
93
419
556
384
-18
-458
-687
-576
-230
83
125
-110
-505
-841
-941
-777
-480
-301
-340
-541
-788
-901
-821
-592
-352
-264
-324
-458
-552
-508
-365
-169
-18
21
-37
-152
-216
-177
-72
61
159
181
121
26
-25
-14
49
125
184
200
189
199
249
284
277
279
316
392
501
654
789
806
742
657
605
634
749
914
984
902
733
557
474
496
555
571
484
329
132
-24
-86
-83
-53
-69
-104
-159
-236
-292
-343
-338
-293
-214
-137
-110
-118
-175
-246
-257
-183
-73
-42
-126
-231
-253
-130
87
211
150
-67
-315
-421
-364
-79
272
479
426
77
-271
-405
-216
220
595
736
507
106
-182
-228
0
273
460
427
157
-171
-403
-409
-259
-118
-84
-241
-486
-690
-747
-672
-559
-493
-535
-655
-782
-820
-743
-614
-488
-450
-493
-562
-602
-538
-420
-298
-257
-297
-348
-385
-344
-239
-142
-96
-134
-184
-224
-217
-146
-58
8
17
-4
-9
41
168
282
336
341
357
408
462
551
628
666
660
627
621
631
659
691
690
662
604
539
463
394
339
283
241
210
193
143
73
-2
-77
-115
-117
-56
20
82
125
98
62
27
43
112
189
271
295
282
233
179
158
197
271
295
250
155
70
-14
-46
10
88
143
103
19
-101
-247
-273
-189
22
211
265
187
-42
-220
-266
-102
191
383
394
183
-98
-281
-292
-91
123
216
91
-189
-424
-509
-382
-176
-47
-81
-286
-511
-633
-584
-416
-255
-191
-269
-436
-588
-615
-512
-360
-263
-276
-385
-521
-587
-535
-420
-316
-293
-350
-443
-503
-487
-397
-265
-158
-124
-143
-181
-180
-128
-28
98
172
174
135
115
149
231
335
396
375
306
254
268
328
394
408
357
283
232
237
259
277
267
222
175
145
161
195
215
221
201
174
160
174
224
265
260
215
178
175
208
250
268
244
180
142
160
222
280
277
230
161
118
125
164
219
247
241
195
154
158
187
224
214
195
168
131
117
117
133
107
59
24
-20
-49
-91
-122
-129
-132
-134
-146
-159
-198
-250
-271
-243
-181
-144
-142
-186
-240
-263
-244
-196
-178
-179
-199
-223
-221
-210
-189
-191
-200
-208
-235
-259
-279
-268
-247
-233
-230
-249
-263
-281
-267
-227
-198
-180
-188
-192
-205
-226
-216
-185
-136
-107
-108
-138
-194
-228
-215
-159
-120
-126
-165
-211
-225
-199
-128
-68
-59
-82
-119
-120
-90
-29
32
39
21
-3
22
84
144
195
213
203
160
130
160
213
272
303
294
237
162
135
153
194
233
271
298
293
271
241
223
215
227
275
325
357
339
290
245
218
229
266
313
328
301
254
201
173
173
212
247
232
179
107
67
62
92
132
128
95
30
-26
-54
-56
-26
-7
-3
-22
-71
-114
-131
-106
-69
-44
-51
-92
-132
-159
-159
-149
-140
-126
-118
-119
-131
-140
-156
-171
-157
-126
-80
-60
-83
-119
-154
-157
-133
-96
-74
-84
-110
-146
-161
-154
-140
-138
-163
-198
-228
-235
-212
-186
-182
-220
-261
-271
-233
-163
-105
-89
-128
-179
-200
-165
-93
-38
-25
-69
-126
-156
-152
-107
-61
-33
-34
-65
-101
-134
-148
-140
-114
-89
-89
-100
-120
-132
-135
-125
-97
-59
-22
0
4
-6
-4
24
74
146
210
239
231
212
213
239
284
329
363
375
376
373
365
380
412
442
450
423
392
362
337
316
299
293
272
240
209
191
187
179
164
132
95
77
75
82
86
85
72
50
32
30
43
59
61
49
37
36
46
66
78
74
62
50
54
65
79
83
70
44
13
-11
-17
-3
11
10
-15
-61
-113
-148
-154
-142
-134
-150
-178
-216
-247
-257
-249
-234
-243
-271
-293
-293
-277
-252
-231
-230
-251
-274
-279
-271
-267
-263
-268
-289
-319
-336
-326
-304
-284
-280
-305
-353
-390
-381
-331
-273
-242
-254
-289
-323
-320
-276
-208
-153
-140
-160
-185
-191
-170
-121
-56
-10
-3
-19
-29
-19
21
75
126
161
176
177
173
182
215
269
316
331
314
282
261
266
292
321
330
307
261
216
200
214
243
264
254
214
153
108
102
136
186
220
217
174
120
99
132
195
256
286
277
239
207
215
266
318
333
313
280
258
255
271
294
303
287
257
230
215
218
226
226
218
200
171
138
110
95
88
91
90
77
39
-14
-64
-94
-91
-74
-71
-86
-122
-168
-206
-222
-220
-229
-250
-273
-299
-324
-350
-372
-398
-416
-417
-397
-375
-381
-411
-449
-468
-455
-422
-389
-382
-402
-434
-451
-439
-392
-337
-310
-321
-348
-360
-342
-298
-249
-219
-215
-221
-208
-176
-135
-93
-61
-42
-34
-21
-2
15
30
48
70
91
100
98
96
104
124
153
178
181
160
131
113
116
136
159
171
163
141
120
115
125
149
170
176
160
138
132
145
171
195
208
210
196
185
186
203
227
239
249
245
233
223
232
262
298
328
336
319
298
291
313
348
379
386
368
336
306
298
312
337
350
335
300
258
226
207
196
189
171
142
98
52
14
-14
-29
-50
-75
-105
-131
-147
-157
-160
-173
-199
-228
-248
-247
-243
-244
-259
-279
-301
-321
-332
-338
-336
-330
-338
-356
-381
-394
-388
-370
-344
-328
-321
-323
-330
-329
-327
-313
-287
-257
-232
-225
-227
-229
-215
-190
-167
-151
-145
-141
-146
-153
-154
-151
-138
-118
-93
-81
-85
-94
-99
-90
-72
-47
-24
-15
-13
-17
-23
-21
-9
11
23
29
25
19
18
15
17
31
51
68
74
76
77
86
106
129
152
173
191
210
230
244
254
270
294
322
353
376
387
386
380
377
387
400
407
399
379
354
331
325
323
319
299
263
230
207
198
188
169
139
101
76
68
71
72
58
27
-11
-33
-35
-23
-16
-27
-53
-88
-119
-133
-121
-95
-85
-99
-133
-167
-183
-179
-158
-138
-138
-157
-181
-192
-185
-161
-134
-114
-115
-133
-154
-163
-148
-115
-82
-68
-82
-112
-136
-140
-126
-105
-93
-97
-117
-146
-165
-172
-171
-163
-155
-149
-153
-165
-178
-184
-181
-171
-160
-156
-164
-174
-178
-171
-162
-155
-159
-165
-171
-175
-173
-169
-167
-166
-169
-170
-166
-152
-129
-108
-94
-87
-77
-58
-28
14
58
94
113
125
143
177
216
254
287
308
319
325
331
342
353
360
364
363
360
350
335
310
292
286
287
288
278
260
239
217
203
197
197
187
167
142
117
102
93
86
73
49
22
-3
-21
-30
-36
-49
-74
-103
-128
-137
-134
-129
-128
-131
-137
-142
-139
-127
-113
-104
-100
-88
-71
-56
-49
-49
-49
-45
-33
-19
-10
-6
-12
-21
-25
-18
-2
11
7
-13
-38
-55
-58
-48
-35
-26
-31
-50
-69
-78
-76
-71
-71
-74
-85
-105
-129
-143
-143
-136
-131
-143
-170
-197
-215
-214
-197
-184
-184
-205
-232
-253
-250
-225
-192
-172
-175
-190
-203
-198
-171
-129
-91
-72
-68
-67
-54
-26
16
56
81
83
72
70
88
124
159
179
174
155
137
138
161
194
224
238
230
205
189
192
213
239
255
255
239
218
201
198
203
208
206
193
170
149
135
128
125
119
113
103
85
64
48
38
29
29
32
30
17
-2
-22
-33
-30
-15
1
10
6
-5
-13
-13
-8
5
18
21
19
16
14
17
15
11
5
-1
-5
-6
-3
-3
-9
-18
-24
-26
-23
-22
-24
-35
-51
-63
-67
-64
-61
-63
-72
-90
-109
-119
-118
-107
-101
-104
-117
-134
-147
-151
-142
-132
-131
-142
-153
-162
-167
-166
-165
-164
-166
-163
-153
-142
-135
-135
-144
-150
-143
-124
-100
-85
-83
-87
-89
-79
-61
-43
-31
-31
-37
-40
-33
-15
5
20
29
27
24
27
39
58
71
78
81
74
69
72
84
97
107
112
109
102
98
102
116
126
127
120
111
108
117
131
136
129
113
97
92
101
114
124
123
110
92
82
86
96
104
104
100
94
94
98
104
108
106
104
100
101
106
110
107
96
85
80
83
90
88
75
55
36
29
33
41
41
28
3
-22
-32
-26
-14
-8
-19
-40
-55
-59
-52
-41
-34
-40
-57
-71
-74
-67
-60
-61
-76
-96
-112
-118
-116
-115
-118
-126
-140
-157
-171
-178
-179
-174
-175
-179
-183
-185
-187
-188
-186
-181
-175
-166
-161
-158
-156
-155
-149
-140
-132
-123
-118
-114
-110
-105
-100
-98
-94
-89
-83
-75
-70
-64
-57
-49
-41
-33
-22
-15
-9
-7
-6
-1
8
22
34
40
38
35
34
38
46
55
59
57
53
54
61
70
79
83
81
80
87
100
117
133
141
139
136
142
160
184
204
210
205
198
198
208
218
224
218
207
198
196
196
189
177
158
143
134
129
127
120
108
95
89
88
91
93
92
91
90
92
95
100
97
91
88
88
90
91
85
70
53
39
29
24
14
1
-17
-35
-54
-69
-78
-85
-94
-105
-119
-131
-138
-143
-146
-149
-153
-152
-145
-139
-139
-148
-160
-169
-165
-152
-138
-135
-145
-159
-166
-161
-151
-140
-138
-144
-152
-154
-149
-142
-137
-135
-139
-144
-144
-136
-124
-116
-115
-120
-126
-127
-121
-113
-104
-101
-106
-112
-112
-105
-95
-89
-86
-86
-86
-81
-71
-56
-42
-29
-20
-13
-3
11
28
46
62
80
94
106
118
130
143
155
166
177
188
193
193
189
184
184
189
194
197
193
182
170
160
156
161
168
171
165
153
139
131
131
138
146
149
142
127
109
96
91
96
102
102
90
71
48
32
26
29
33
32
16
-5
-26
-38
-37
-29
-24
-31
-40
-51
-55
-52
-44
-37
-32
-33
-38
-43
-43
-39
-32
-28
-29
-34
-42
-48
-50
-49
-49
-52
-59
-69
-79
-88
-95
-96
-94
-95
-100
-112
-126
-136
-137
-134
-128
-130
-140
-157
-172
-179
-173
-160
-151
-153
-169
-191
-205
-204
-191
-176
-169
-175
-190
-201
-202
-187
-168
-154
-148
-147
-145
-137
-121
-102
-79
-57
-35
-16
-2
10
24
42
65
87
105
118
124
127
134
149
167
185
192
190
182
179
185
195
204
204
198
193
192
199
204
205
196
186
178
175
177
180
181
175
164
153
143
140
138
134
125
114
105
97
90
80
71
61
56
52
46
40
30
22
15
10
11
14
18
19
16
12
8
9
12
17
18
16
9
5
3
3
5
5
3
-1
-10
-20
-29
-31
-28
-28
-30
-38
-51
-66
-77
-83
-85
-85
-89
-96
-107
-120
-134
-142
-147
-149
-154
-160
-168
-177
-185
-191
-195
-196
-199
-200
-204
-210
-215
-213
-208
-199
-191
-187
-182
-179
-170
-158
-140
-123
-112
-104
-96
-86
-70
-51
-31
-17
-10
-5
3
15
33
49
60
65
65
66
72
84
98
110
114
111
105
104
109
118
127
136
137
133
131
130
128
132
137
145
150
151
148
141
136
134
136
142
146
146
140
132
125
122
122
122
118
112
103
96
93
96
101
101
97
90
85
81
81
86
88
89
85
78
70
68
69
71
69
63
56
47
40
36
33
28
22
15
5
-3
-12
-16
-23
-29
-41
-55
-69
-77
-81
-84
-89
-101
-115
-129
-138
-143
-146
-151
-159
-167
-174
-180
-184
-190
-194
-198
-200
-196
-193
-191
-193
-197
-201
-197
-188
-176
-168
-166
-170
-169
-161
-145
-127
-115
-112
-113
-113
-105
-94
-78
-65
-61
-63
-65
-62
-54
-42
-33
-29
-30
-27
-23
-17
-10
-5
-1
7
16
28
37
44
48
53
63
77
89
99
104
105
106
111
119
126
130
132
129
126
124
122
126
126
128
127
125
124
123
124
127
133
139
142
143
143
140
142
149
158
165
166
161
153
150
149
151
155
156
152
145
135
127
122
118
114
109
102
92
79
66
57
50
47
41
35
22
10
-2
-12
-14
-14
-19
-26
-39
-54
-67
-76
-81
-84
-89
-99
-112
-126
-135
-141
-140
-142
-147
-153
-161
-167
-168
-165
-159
-158
-159
-164
-166
-164
-159
-151
-142
-138
-139
-141
-141
-137
-127
-118
-113
-112
-114
-116
-116
-110
-105
-99
-94
-91
-88
-86
-83
-80
-74
-68
-60
-52
-42
-36
-31
-26
-23
-17
-11
-4
4
10
13
15
15
16
19
26
32
36
38
40
43
48
53
58
65
69
74
77
84
94
102
108
113
117
120
122
123
124
129
132
132
132
130
126
122
122
124
125
121
119
115
110
107
104
104
101
100
98
94
89
86
86
84
84
83
81
81
78
74
69
62
58
55
53
50
46
40
32
23
18
13
9
7
2
-6
-12
-18
-26
-34
-40
-44
-46
-48
-50
-54
-62
-67
-69
-71
-69
-69
-70
-77
-84
-88
-92
-87
-83
-84
-90
-98
-101
-103
-102
-99
-98
-98
-100
-104
-106
-104
-100
-94
-90
-88
-91
-93
-97
-97
-96
-91
-86
-85
-88
-88
-84
-87
-85
-85
-84
-84
-84
-79
-76
-68
-56
-47
-46
-40
-42
-40
-37
-24
-16
-1
73
96
60
22
-4
-34
-64
-18
57
130
193
198
112
-4
-84
-108
-13
122
223
258
235
145
-20
-131
-146
-72
66
218
283
236
128
-2
-104
-147
-81
41
160
236
225
151
34
-68
-113
-83
0
105
195
219
168
63
-22
-70
-82
-40
42
121
156
135
70
-2
-64
-80
-56
-3
60
95
106
84
29
-31
-70
-70
-37
16
63
89
74
37
-8
-51
-66
-52
-13
33
58
54
26
-16
-52
-78
-75
-44
-12
18
24
3
-29
-68
-95
-99
-84
-55
-29
-27
-44
-71
-97
-115
-117
-99
-72
-53
-47
-54
-71
-86
-95
-94
-81
-64
-50
-43
-43
-48
-61
-71
-69
-53
-37
-22
-15
-19
-31
-36
-33
-28
-15
1
12
20
18
7
-1
-2
7
19
34
44
43
38
34
29
27
32
36
40
44
52
61
59
51
50
48
39
42
60
69
73
75
74
67
57
54
55
58
61
66
70
66
57
50
48
42
39
44
54
59
60
55
44
37
33
38
43
45
43
42
40
35
25
19
22
22
21
22
25
20
19
19
14
1
-13
-21
-24
-18
-7
-1
-8
-25
-47
-62
-71
-73
-57
-36
-32
-47
-66
-81
-92
-97
-89
-72
-62
-69
-77
-87
-101
-116
-111
-93
-86
-86
-85
-89
-100
-107
-105
-96
-82
-76
-77
-76
-76
-82
-83
-75
-68
-61
-55
-50
-52
-51
-44
-40
-39
-37
-33
-28
-26
-19
-13
-7
0
1
0
-4
-6
-3
8
18
25
28
30
25
16
16
26
41
54
70
84
80
69
63
59
61
80
104
113
114
112
103
89
84
90
101
113
120
122
120
116
110
101
99
104
106
107
113
120
118
109
108
105
100
99
99
95
96
99
96
90
89
86
74
63
60
59
55
49
45
40
29
17
6
0
0
-2
-9
-16
-25
-38
-44
-44
-42
-41
-42
-51
-68
-85
-94
-95
-84
-69
-65
-73
-92
-120
-142
-144
-131
-110
-90
-83
-98
-128
-154
-172
-174
-153
-119
-96
-94
-102
-124
-159
-175
-163
-145
-114
-80
-67
-79
-107
-131
-143
-136
-111
-78
-46
-43
-55
-66
-82
-91
-83
-60
-36
-21
-12
-14
-25
-27
-24
-23
-7
15
31
35
35
32
18
19
34
47
60
73
80
80
78
74
72
81
86
85
88
98
109
107
108
105
103
101
92
98
116
124
125
128
124
105
93
99
108
110
122
135
132
120
113
98
87
114
136
130
126
126
99
53
52
71
80
106
130
117
71
35
12
0
12
47
71
65
58
18
-37
-62
-61
-50
-36
-6
0
-20
-44
-64
-87
-97
-75
-59
-42
-21
-23
-39
-68
-95
-122
-130
-104
-78
-60
-47
-57
-99
-141
-169
-180
-168
-135
-93
-81
-91
-118
-160
-188
-191
-172
-134
-88
-60
-57
-81
-116
-141
-154
-136
-94
-55
-32
-30
-46
-77
-111
-116
-98
-75
-41
-13
-13
-39
-57
-70
-84
-79
-47
-17
-2
11
12
-7
-21
-17
-5
8
35
66
76
73
75
65
49
58
77
88
96
114
115
95
84
85
82
76
87
99
100
95
94
87
74
78
91
92
96
107
107
99
95
99
103
107
115
118
111
109
104
92
91
103
103
98
91
78
62
56
65
64
58
58
49
38
32
28
21
19
29
32
21
14
27
27
14
9
7
3
1
6
6
-3
-11
-15
-24
-32
-32
-41
-51
-51
-55
-66
-75
-71
-69
-77
-86
-85
-88
-99
-106
-103
-94
-96
-94
-87
-88
-89
-89
-95
-95
-88
-82
-76
-62
-55
-60
-64
-62
-68
-74
-67
-57
-52
-47
-49
-55
-55
-57
-63
-58
-50
-42
-31
-26
-30
-37
-37
-31
-28
-16
0
6
10
14
4
-9
-6
11
16
22
39
42
30
24
26
18
11
18
32
41
47
50
43
36
33
28
25
37
58
68
68
69
65
52
46
50
60
69
78
81
73
66
63
58
52
55
64
68
66
67
65
57
50
47
48
48
47
48
51
48
36
29
26
22
23
24
19
15
15
11
10
13
8
-4
-9
-11
-13
-17
-19
-21
-23
-28
-38
-39
-39
-45
-44
-42
-45
-53
-53
-53
-54
-53
-57
-63
-67
-69
-73
-69
-60
-56
-56
-60
-67
-72
-73
-72
-65
-45
-40
-52
-65
-74
-80
-79
-68
-55
-52
-52
-57
-69
-71
-61
-58
-52
-37
-31
-41
-39
-30
-33
-39
-28
-12
-10
-4
10
12
8
8
10
4
11
33
45
47
54
53
37
32
34
33
36
47
59
61
52
46
38
30
32
34
41
50
59
61
56
52
45
37
39
49
62
71
72
62
51
43
39
41
47
57
65
65
61
56
50
46
43
50
57
61
69
69
64
57
48
40
32
32
46
58
55
45
39
28
12
5
11
19
27
28
19
6
-8
-26
-38
-37
-31
-30
-30
-33
-42
-55
-69
-75
-80
-80
-71
-66
-64
-64
-69
-79
-87
-91
-96
-93
-80
-71
-69
-68
-72
-85
-95
-99
-96
-84
-67
-50
-45
-49
-53
-60
-62
-57
-45
-37
-29
-23
-21
-23
-29
-31
-27
-22
-14
-6
0
5
2
-6
-9
-8
-3
6
16
24
25
18
8
1
2
11
21
30
35
33
27
23
23
31
39
43
48
50
46
43
45
49
53
56
59
62
63
64
65
65
63
63
65
69
75
80
80
78
76
72
66
67
73
74
69
68
62
53
48
52
57
61
64
61
53
41
31
26
27
30
33
31
26
14
3
-3
-8
-7
0
1
-7
-15
-22
-32
-40
-39
-35
-36
-37
-37
-40
-49
-58
-62
-63
-63
-61
-58
-55
-55
-57
-61
-64
-66
-67
-63
-60
-59
-59
-60
-62
-63
-61
-60
-57
-56
-53
-52
-54
-53
-51
-51
-54
-55
-54
-52
-52
-49
-45
-42
-41
-41
-40
-37
-38
-39
-37
-35
-36
-33
-29
-25
-22
-19
-18
-18
-20
-21
-20
-17
-14
-10
-8
-5
-3
-3
-3
-2
1
2
7
14
20
21
20
17
15
19
25
34
42
48
50
49
46
46
48
51
57
65
68
69
70
68
66
64
64
66
69
70
73
73
69
68
66
64
68
72
72
73
71
67
62
58
57
54
54
52
50
46
41
36
31
28
25
24
19
18
14
11
8
6
4
1
-1
-3
-7
-10
-13
-16
-17
-19
-20
-20
-21
-21
-22
-23
-24
-26
-29
-34
-38
-39
-41
-40
-39
-38
-42
-47
-52
-56
-58
-60
-61
-60
-61
-61
-62
-61
-63
-65
-66
-67
-65
-63
-62
-63
-64
-66
-71
-71
-71
-68
-63
-60
-56
-55
-56
-56
-57
-57
-53
-49
-44
-39
-36
-35
-33
-32
-29
-26
-22
-15
-8
-4
0
2
4
7
9
15
20
24
30
36
39
39
38
39
39
43
47
51
57
63
64
62
61
62
62
61
61
64
66
68
70
70
70
68
64
63
64
67
69
68
67
65
58
53
51
51
53
54
55
56
55
50
46
40
38
36
36
36
37
36
33
28
22
18
15
15
17
19
18
17
13
8
2
-3
-5
-5
-4
-4
-6
-8
-12
-17
-21
-25
-25
-25
-26
-27
-29
-32
-36
-41
-45
-46
-47
-48
-49
-50
-52
-54
-56
-58
-60
-62
-63
-66
-65
-63
-63
-62
-63
-62
-63
-66
-66
-64
-60
-54
-51
-49
-48
-51
-52
-52
-52
-46
-39
-32
-29
-29
-31
-34
-35
-33
-29
-21
-13
-6
-2
-1
-2
-2
-2
-1
4
11
17
19
20
19
19
17
16
20
27
33
36
39
38
35
32
28
30
35
41
45
46
44
43
42
39
35
37
43
49
52
51
47
45
41
35
30
30
32
35
36
37
35
29
21
17
17
20
20
21
20
17
16
12
6
4
6
9
9
7
5
2
-3
-9
-15
-15
-13
-11
-11
-12
-14
-15
-19
-23
-25
-23
-19
-17
-18
-19
-18
-20
-22
-26
-26
-26
-26
-29
-31
-31
-29
-27
-29
-29
-29
-26
-25
-24
-22
-20
-19
-20
-20
-18
-16
-16
-17
-18
-17
-15
-15
-15
-17
-15
-14
-13
-13
-10
-5
-3
-5
-4
-3
-1
-2
-3
-3
-1
0
0
2
6
9
11
11
11
12
16
20
21
22
23
21
19
17
18
20
22
20
19
19
20
19
19
20
22
25
27
25
24
24
24
22
21
23
24
27
25
22
18
15
14
15
15
16
17
17
15
14
16
17
16
14
12
12
11
13
14
11
5
2
1
-4
-3
1
2
0
-3
-5
-5
-4
-5
-2
1
0
-2
-8
-13
-15
-13
-15
-18
-18
-15
-17
-17
-20
-23
-23
-23
-24
-21
-20
-19
-22
-24
-25
-26
-25
-24
-22
-21
-21
-24
-28
-32
-31
-28
-25
-24
-23
-22
-22
-22
-23
-22
-19
-18
-17
-17
-18
-19
-22
-24
-24
-21
-17
-16
-15
-14
-14
-14
-15
-13
-9
-3
-1
1
1
2
2
2
2
7
10
10
10
9
9
9
9
9
13
16
20
22
24
24
24
25
25
27
29
33
36
36
36
34
33
33
33
34
36
39
40
40
39
38
40
41
42
41
42
42
39
35
32
31
30
29
28
28
28
26
23
21
18
16
14
12
13
13
13
11
8
6
2
-2
-5
-8
-7
-8
-10
-12
-15
-17
-17
-20
-22
-23
-23
-24
-24
-26
-28
-29
-30
-33
-36
-36
-38
-39
-40
-42
-43
-44
-43
-44
-44
-43
-43
-44
-45
-45
-44
-45
-45
-45
-45
-44
-44
-43
-42
-39
-35
-36
-36
-35
-37
-38
-37
-36
-33
-29
-27
-26
-26
-25
-25
-23
-20
-17
-14
-11
-9
-9
-8
-6
-4
-1
3
5
8
11
12
13
15
16
17
16
20
23
25
26
28
29
32
34
35
38
41
45
44
43
43
46
48
48
50
51
53
52
51
52
53
52
49
49
51
51
51
50
49
50
50
48
45
46
44
43
42
38
38
38
37
35
32
31
28
26
24
21
20
17
16
14
12
10
8
6
3
2
1
-2
-4
-7
-11
-12
-13
-16
-17
-17
-20
-23
-28
-32
-31
-35
-37
-38
-39
-40
-42
-44
-44
-45
-45
-46
-46
-47
-48
-49
-52
-51
-50
-50
-50
-50
-49
-48
-47
-46
-47
-46
-44
-43
-42
-40
-40
-40
-37
-34
-30
-29
-26
-26
-26
-24
-22
-19
-18
-17
-16
-13
-12
-12
-9
-5
-3
-2
-1
1
3
5
5
6
7
8
11
15
14
16
17
18
19
20
23
25
26
29
28
30
31
31
32
33
33
35
35
33
32
31
32
31
31
31
31
30
29
29
28
28
29
29
28
26
25
24
21
21
20
19
18
15
14
12
11
11
10
11
12
9
9
9
9
7
7
9
9
8
6
4
0
-2
-4
-6
-6
-6
-7
-9
-10
-9
-8
-9
-8
-9
-10
-10
-11
-10
-9
-11
-11
-13
-13
-15
-16
-15
-16
-17
-17
-17
-15
-14
-12
-12
-12
-11
-7
-7
-7
-7
-8
-10
-9
-10
-11
-11
-13
-12
-12
-12
-11
-8
-9
-7
-6
-7
-7
-5
-2
-3
-2
-1
0
-1
-2
-3
-2
-1
-3
-4
-4
-4
-4
-6
-4
-2
-1
0
3
5
5
5
4
5
5
4
3
0
-2
-4
-2
-3
-3
-2
-3
-4
-4
-3
-1
-1
-1
0
3
5
5
5
6
6
4
3
4
2
3
1
0
1
2
5
8
8
10
11
12
12
12
11
11
11
10
11
12
10
10
8
8
7
6
6
4
3
2
4
4
4
6
8
8
8
6
7
6
2
-1
-4
-4
-5
-7
-7
-8
-8
-8
-9
-9
-8
-9
-9
-8
-8
-8
-9
-9
-10
-9
-10
-12
-12
-12
-13
-14
-15
-17
-17
-19
-19
-18
-18
-18
-17
-16
-14
-13
-12
-10
-10
-12
-14
-16
-16
-18
-18
-17
-16
-16
-14
-13
-12
-9
-9
-6
-3
1
3
3
2
4
7
8
8
8
9
8
7
6
6
6
9
9
10
13
15
16
17
19
22
23
23
25
28
28
29
26
26
27
25
23
21
19
18
17
16
17
19
21
22
23
24
25
26
23
22
21
19
17
16
15
14
14
13
12
10
10
10
10
9
9
9
8
8
9
10
11
9
6
7
3
1
-2
-4
-4
-6
-9
-11
-12
-13
-13
-14
-15
-14
-15
-15
-15
-15
-15
-16
-18
-20
-23
-26
-30
-32
-31
-32
-33
-35
-36
-37
-36
-35
-32
-31
-30
-29
-28
-27
-27
-29
-29
-31
-32
-33
-34
-35
-35
-34
-31
-27
-24
-22
-22
-20
-17
-14
-12
-10
-9
-8
-7
-5
-4
-2
-2
-2
-3
-3
-4
-2
0
4
8
9
11
15
19
21
24
25
28
29
29
28
27
26
26
27
28
30
31
30
30
31
36
36
36
38
40
40
41
39
40
40
38
37
37
35
33
32
29
31
29
28
27
27
27
26
24
23
24
24
22
18
15
13
11
9
5
3
0
-2
-3
-4
-4
-6
-9
-10
-11
-12
-13
-15
-14
-13
-15
-17
-18
-21
-24
-26
-28
-29
-30
-32
-31
-30
-31
-31
-33
-32
-30
-31
-31
-30
-29
-29
-28
-30
-28
-29
-30
-31
-31
-33
-32
-34
-34
-32
-30
-29
-29
-28
-26
-23
-22
-21
-19
-17
-15
-15
-13
-12
-12
-12
-10
-11
-10
-11
-11
-8
-7
-5
-5
-2
1
3
5
6
7
7
10
11
12
12
12
13
13
13
12
13
12
12
12
12
13
15
16
18
20
19
18
20
21
21
19
18
18
18
18
17
17
19
18
17
17
18
18
17
18
20
22
22
22
21
20
20
18
16
16
15
13
10
10
10
10
9
11
11
11
10
10
11
9
10
9
11
10
9
9
7
3
1
-2
-2
-3
-5
-4
-2
-1
-1
-4
-4
-4
-3
-5
-6
-5
-4
-5
-6
-7
-6
-7
-10
-12
-12
-12
-12
-12
-12
-12
-11
-10
-10
-8
-7
-8
-9
-11
-11
-11
-11
-10
-11
-10
-9
-10
-11
-14
-15
-15
-15
-16
-14
-11
-9
-8
-7
-5
-3
-4
-4
-5
-5
-6
-7
-8
-9
-8
-6
-5
-5
-5
-4
-3
-2
-2
-1
0
2
5
5
5
6
6
6
4
2
2
2
2
4
5
8
8
8
8
10
9
9
9
11
12
13
13
13
14
13
12
12
11
9
8
9
9
9
10
9
9
9
8
6
7
5
4
4
3
2
2
0
1
1
0
-1
-2
-2
-2
-5
-6
-5
-4
-3
-3
-4
-5
-5
-4
-4
-3
-4
-4
-3
-2
-1
0
-2
-2
1
-1
-3
-3
-5
-5
-5
-5
-4
-2
-3
-4
-4
-3
