1
1
3
2
4
4
3
3
3
3
3
3
2
2
2
2
2
3
2
2
2
2
1
1
0
0
-1
-1
-2
-3
-2
-2
-4
-3
-4
-4
-4
-4
-4
-4
-2
-2
-1
-1
0
1
2
3
3
3
4
4
4
4
4
4
4
3
4
5
4
4
4
5
4
5
3
3
2
1
0
0
-1
-1
-2
-2
-3
-3
-3
-3
-2
-1
-2
-1
-2
-2
-3
-4
-5
-5
-6
-6
-7
-6
-7
-8
-8
-9
-9
-9
-9
-11
-12
-12
-12
-14
-14
-14
-14
-15
-16
-16
-16
-16
-17
-17
-17
-16
-17
-16
-18
-18
-18
-18
-20
-21
-21
-22
-22
-23
-25
-25
-25
-26
-27
-27
-30
-31
-33
-35
-37
-38
-38
-38
-37
-37
-33
-25
-18
-13
-8
1
9
17
20
26
37
45
52
56
63
71
79
86
89
93
94
95
89
85
78
72
67
58
49
42
37
35
29
24
20
19
17
14
9
9
10
9
8
7
11
15
21
29
35
42
50
59
66
67
71
75
76
73
70
68
68
62
57
51
48
47
44
40
36
31
23
20
16
9
7
4
1
-4
-8
-6
-4
-6
-8
-11
-15
-17
-20
-27
-33
-38
-43
-50
-57
-61
-67
-74
-81
-94
-105
-116
-128
-137
-150
-160
-167
-174
-176
-182
-187
-192
-197
-204
-211
-214
-216
-211
-206
-193
-173
-155
-127
-100
-72
-47
-26
-1
21
43
62
80
98
118
136
149
167
178
187
190
187
177
164
151
135
113
90
73
53
36
20
4
-3
-15
-26
-42
-56
-66
-78
-92
-103
-110
-115
-114
-112
-107
-99
-92
-81
-72
-66
-57
-47
-37
-29
-23
-12
2
17
31
43
59
71
81
90
100
110
118
125
132
145
161
177
191
198
207
212
212
211
211
212
214
213
206
200
197
198
198
192
182
171
159
142
124
104
90
75
58
40
22
13
3
-8
-25
-43
-56
-68
-83
-97
-105
-111
-112
-114
-116
-116
-117
-117
-119
-122
-125
-124
-121
-118
-118
-120
-117
-118
-116
-120
-124
-128
-137
-149
-168
-184
-197
-210
-225
-239
-252
-266
-273
-274
-262
-235
-204
-169
-142
-125
-114
-107
-98
-75
-44
-2
41
74
106
134
160
181
192
195
190
179
160
140
121
105
96
81
69
49
27
6
-21
-46
-75
-99
-116
-129
-140
-147
-145
-143
-146
-152
-153
-146
-139
-132
-127
-120
-106
-88
-68
-45
-23
-2
16
29
43
52
67
81
91
104
116
133
152
171
192
211
227
233
241
250
259
272
278
284
292
295
304
314
324
332
333
329
318
304
290
278
262
243
222
203
187
170
150
132
105
74
38
5
-23
-45
-69
-93
-116
-133
-144
-149
-150
-152
-158
-163
-175
-190
-199
-203
-197
-190
-187
-180
-172
-167
-163
-168
-171
-174
-187
-197
-212
-227
-241
-261
-283
-299
-315
-329
-345
-370
-384
-372
-336
-271
-209
-164
-132
-130
-143
-159
-154
-100
-19
61
126
162
187
213
232
249
252
238
217
188
155
137
135
145
150
125
78
29
-18
-55
-92
-128
-146
-160
-161
-154
-142
-124
-115
-126
-152
-180
-196
-187
-161
-129
-96
-67
-35
-5
21
46
66
77
79
70
69
82
108
145
175
187
196
197
200
204
204
207
205
204
212
228
262
302
329
341
328
310
295
286
291
301
319
339
356
360
353
342
320
286
243
207
180
162
152
141
124
107
81
47
7
-49
-99
-141
-179
-198
-202
-184
-157
-146
-149
-175
-204
-235
-259
-268
-264
-244
-221
-195
-175
-160
-146
-154
-178
-209
-249
-280
-305
-327
-332
-332
-338
-348
-370
-413
-458
-483
-459
-390
-310
-250
-209
-189
-202
-241
-263
-210
-88
46
139
170
182
195
198
201
203
211
231
231
203
176
168
182
187
141
55
-36
-96
-131
-150
-155
-138
-112
-104
-120
-151
-160
-165
-179
-205
-229
-217
-167
-100
-35
18
47
52
35
17
23
56
106
148
178
204
235
258
268
261
241
213
189
177
195
239
288
327
336
319
295
283
281
297
303
314
329
342
366
383
403
418
411
382
343
299
279
274
272
280
277
267
239
195
143
83
26
-30
-72
-103
-128
-143
-159
-179
-205
-230
-252
-271
-283
-295
-312
-318
-315
-307
-278
-255
-228
-210
-211
-210
-216
-210
-208
-206
-200
-206
-218
-252
-287
-326
-356
-392
-428
-453
-503
-511
-462
-366
-251
-216
-227
-250
-298
-354
-405
-351
-141
100
253
270
200
143
98
60
61
107
208
300
325
281
221
180
141
73
-56
-170
-207
-186
-141
-109
-83
-58
-93
-182
-287
-348
-326
-280
-238
-195
-146
-83
-34
-29
-41
-59
-65
-53
-47
8
124
247
338
350
304
259
224
208
223
259
319
382
412
423
428
421
415
377
323
312
338
404
471
496
515
499
437
376
334
357
419
455
453
425
382
358
328
293
270
247
230
200
163
140
130
107
58
-17
-95
-145
-183
-209
-212
-208
-200
-205
-235
-256
-276
-306
-331
-365
-379
-344
-286
-221
-180
-177
-188
-221
-249
-257
-250
-210
-170
-145
-167
-235
-308
-378
-421
-449
-476
-482
-516
-532
-484
-399
-259
-238
-285
-361
-438
-483
-518
-431
-194
108
275
248
84
-60
-122
-118
-56
59
220
341
356
242
97
-7
-59
-94
-153
-190
-166
-109
-71
-80
-126
-165
-231
-324
-393
-394
-291
-166
-103
-101
-128
-137
-135
-143
-135
-80
9
92
145
182
237
289
305
279
245
237
278
347
418
482
512
495
441
374
358
391
446
491
510
545
562
565
534
486
452
419
408
426
475
552
609
610
536
425
327
275
279
311
351
370
349
278
179
88
32
-2
-29
-56
-74
-90
-131
-188
-246
-289
-317
-339
-353
-339
-304
-284
-301
-348
-394
-405
-386
-348
-298
-255
-229
-224
-241
-257
-270
-264
-246
-251
-278
-335
-387
-424
-438
-448
-485
-513
-583
-595
-522
-406
-250
-255
-310
-396
-487
-534
-555
-384
-63
265
362
235
11
-131
-152
-111
26
212
405
502
415
203
3
-109
-134
-133
-154
-133
-69
-33
-52
-142
-226
-275
-347
-429
-457
-400
-255
-146
-125
-162
-224
-243
-238
-226
-169
-64
43
125
140
147
192
243
285
288
301
345
397
441
468
499
503
482
440
412
454
516
584
598
566
570
562
570
539
508
523
528
525
504
522
589
639
617
527
425
362
364
393
426
449
448
407
294
159
75
62
77
73
37
-14
-70
-165
-266
-335
-357
-343
-337
-344
-345
-346
-361
-411
-481
-520
-504
-444
-368
-314
-270
-246
-274
-325
-372
-378
-331
-270
-226
-227
-278
-358
-432
-512
-555
-579
-573
-573
-611
-534
-394
-217
-195
-359
-499
-580
-585
-585
-459
-126
281
469
307
-15
-247
-256
-149
17
227
450
593
514
238
-66
-212
-203
-122
-88
-64
14
59
10
-144
-292
-350
-351
-389
-420
-367
-212
-64
-61
-176
-289
-327
-295
-250
-191
-55
106
200
199
143
134
186
226
254
297
374
469
523
529
521
510
500
471
455
501
593
672
690
662
631
649
651
624
606
589
616
630
618
625
653
692
699
638
534
453
418
431
449
455
472
442
355
223
103
55
52
41
10
-32
-90
-167
-267
-358
-396
-392
-391
-396
-419
-434
-455
-509
-563
-585
-557
-492
-449
-418
-390
-393
-391
-423
-449
-435
-413
-367
-353
-372
-430
-515
-577
-627
-642
-648
-662
-672
-618
-492
-342
-299
-394
-512
-587
-602
-597
-493
-201
159
367
273
2
-210
-254
-160
-3
209
429
583
547
319
36
-151
-186
-122
-67
-25
42
79
38
-102
-256
-325
-333
-345
-355
-331
-221
-103
-86
-156
-251
-300
-276
-245
-185
-71
62
178
196
156
134
166
235
289
330
401
488
561
576
560
547
552
558
543
571
639
736
786
757
722
716
720
702
658
638
669
687
682
673
685
716
703
628
528
455
440
451
454
451
447
431
366
241
111
45
43
48
28
-18
-67
-132
-246
-360
-422
-417
-382
-383
-408
-432
-462
-509
-587
-653
-644
-571
-492
-444
-444
-445
-441
-456
-480
-507
-498
-445
-385
-381
-419
-474
-513
-528
-583
-623
-666
-675
-723
-694
-547
-347
-182
-302
-454
-610
-655
-636
-570
-280
103
392
343
52
-233
-294
-192
-38
133
307
472
493
316
44
-148
-194
-146
-122
-133
-75
9
47
-38
-207
-313
-328
-338
-383
-401
-326
-162
-79
-124
-211
-256
-221
-197
-216
-175
-43
121
226
221
208
255
310
337
325
351
461
574
632
628
631
665
688
660
645
698
779
838
818
805
848
897
889
806
722
696
715
737
765
805
854
856
771
622
491
433
452
487
498
510
505
460
337
160
33
-12
-15
-18
-45
-62
-88
-172
-292
-404
-444
-429
-430
-453
-470
-469
-480
-537
-606
-633
-586
-532
-507
-505
-504
-479
-463
-470
-499
-507
-479
-447
-436
-491
-541
-576
-593
-620
-680
-711
-737
-746
-716
-583
-409
-282
-346
-520
-646
-716
-682
-577
-319
40
276
232
-32
-270
-334
-218
-68
86
240
348
365
222
9
-147
-193
-188
-182
-209
-177
-81
-32
-71
-203
-312
-350
-370
-410
-412
-343
-204
-112
-143
-207
-234
-209
-185
-211
-200
-89
63
191
234
238
291
339
335
308
308
409
554
634
663
668
688
712
692
675
713
771
831
837
825
869
924
964
913
819
743
728
753
779
820
865
914
882
759
601
489
466
493
516
535
552
532
441
279
123
50
31
27
-5
-46
-74
-128
-214
-311
-373
-398
-418
-445
-467
-482
-498
-538
-585
-607
-592
-549
-519
-502
-503
-509
-496
-496
-502
-508
-489
-450
-455
-509
-585
-633
-634
-639
-652
-685
-714
-735
-772
-704
-556
-391
-327
-461
-604
-706
-690
-598
-446
-168
84
184
36
-198
-311
-245
-89
38
145
227
277
228
77
-69
-144
-143
-140
-178
-211
-169
-81
-46
-113
-230
-305
-322
-350
-381
-365
-283
-175
-145
-188
-222
-196
-143
-138
-168
-155
-57
77
174
213
258
315
335
317
301
355
463
560
613
639
673
712
752
777
799
820
825
824
829
863
932
1001
1010
967
893
844
831
839
863
872
893
882
830
728
626
576
553
538
507
492
485
430
325
196
113
64
29
-17
-69
-97
-145
-211
-299
-365
-403
-438
-464
-492
-512
-527
-562
-600
-622
-618
-592
-577
-560
-542
-522
-511
-520
-538
-552
-537
-500
-472
-484
-531
-580
-614
-632
-664
-697
-728
-739
-752
-730
-615
-486
-364
-411
-559
-663
-722
-678
-597
-413
-139
67
85
-90
-256
-286
-188
-88
-22
62
149
228
182
66
-26
-61
-69
-132
-226
-241
-134
-15
30
-34
-123
-163
-198
-273
-325
-316
-217
-122
-114
-127
-111
-44
-4
-51
-111
-111
-32
84
176
251
342
402
397
348
308
361
459
549
600
632
690
763
828
848
841
829
823
819
814
866
955
1037
1082
1023
970
924
879
865
805
792
812
827
821
755
698
641
565
467
390
367
362
340
263
203
143
67
-10
-116
-197
-253
-311
-354
-379
-399
-405
-424
-481
-525
-584
-637
-650
-659
-629
-591
-570
-545
-541
-537
-532
-550
-560
-552
-549
-506
-479
-474
-470
-511
-547
-581
-640
-675
-703
-712
-720
-740
-757
-710
-600
-529
-491
-600
-670
-717
-755
-718
-655
-437
-198
-77
-120
-247
-323
-292
-226
-186
-121
-24
75
134
66
5
-14
-16
-40
-137
-199
-154
-38
46
69
26
5
-7
-66
-134
-177
-151
-59
-27
-14
14
79
168
161
83
18
18
83
174
246
334
414
448
449
411
393
445
492
536
563
596
713
816
879
883
858
848
835
805
804
868
949
1045
1078
1062
1051
987
927
848
755
753
771
812
828
803
757
669
544
427
354
301
288
259
226
189
107
37
-46
-148
-235
-328
-391
-416
-433
-432
-416
-421
-444
-498
-565
-608
-643
-646
-634
-627
-592
-540
-498
-478
-496
-533
-537
-548
-559
-545
-531
-485
-463
-477
-488
-538
-594
-638
-693
-712
-706
-719
-745
-794
-795
-707
-618
-577
-636
-714
-768
-806
-837
-797
-619
-391
-200
-202
-302
-385
-405
-349
-310
-269
-178
-66
23
29
2
5
45
52
-7
-78
-88
1
98
164
192
203
218
178
92
28
26
102
162
191
216
269
329
339
300
251
254
281
302
319
358
443
523
552
529
488
499
533
565
586
611
665
724
766
780
791
809
819
799
758
760
829
910
958
939
921
911
860
782
700
695
739
761
726
665
622
600
559
454
363
308
284
241
156
100
76
44
-49
-175
-272
-318
-337
-369
-406
-443
-456
-475
-525
-573
-595
-592
-593
-636
-668
-665
-623
-580
-573
-571
-551
-518
-518
-542
-559
-557
-526
-521
-532
-542
-524
-484
-489
-539
-612
-668
-699
-728
-754
-754
-760
-766
-750
-717
-658
-652
-687
-726
-776
-816
-844
-782
-610
-396
-277
-289
-375
-453
-449
-402
-316
-208
-99
12
59
55
40
66
125
144
101
48
52
120
209
267
296
319
325
296
237
192
218
275
308
309
316
382
454
475
445
413
418
430
419
422
474
552
619
637
622
621
630
640
631
617
628
656
687
694
694
712
747
763
729
690
679
707
745
743
733
725
718
708
646
597
581
584
575
517
468
456
458
420
333
251
198
165
102
33
-32
-79
-118
-190
-250
-298
-321
-356
-422
-491
-533
-525
-513
-507
-519
-533
-537
-579
-617
-642
-622
-568
-541
-534
-542
-522
-489
-486
-522
-552
-553
-534
-505
-512
-514
-503
-528
-564
-626
-658
-655
-665
-685
-734
-791
-822
-811
-751
-646
-588
-594
-644
-725
-784
-812
-774
-637
-452
-315
-263
-301
-333
-314
-262
-190
-133
-78
-5
55
112
159
209
264
279
237
167
127
145
221
295
359
412
437
439
393
316
273
274
313
346
369
432
518
584
586
536
479
453
450
473
533
612
705
759
755
724
675
647
624
599
597
619
667
714
739
748
742
702
636
560
509
516
566
628
676
678
643
580
497
432
391
394
408
403
391
372
348
310
248
174
102
29
-33
-67
-83
-95
-131
-199
-277
-355
-400
-437
-479
-511
-535
-535
-541
-553
-551
-544
-561
-582
-604
-625
-622
-602
-565
-537
-529
-519
-503
-495
-501
-513
-525
-531
-535
-545
-563
-573
-575
-585
-607
-644
-693
-732
-762
-795
-819
-851
-852
-813
-729
-643
-616
-647
-706
-752
-802
-818
-731
-518
-254
-91
-75
-145
-193
-185
-146
-78
10
147
281
348
354
347
371
389
350
260
192
212
316
439
516
547
536
487
396
279
232
281
387
470
485
490
527
576
583
542
503
507
536
565
615
699
791
841
795
701
623
604
623
636
655
682
716
723
702
667
633
599
539
481
438
458
541
604
627
567
494
436
358
294
261
306
373
408
374
296
223
150
88
1
-55
-65
-64
-78
-149
-216
-284
-367
-462
-555
-587
-579
-556
-565
-592
-620
-639
-645
-670
-678
-664
-648
-636
-645
-645
-623
-591
-562
-550
-544
-537
-528
-535
-552
-567
-564
-555
-571
-588
-610
-637
-671
-744
-810
-848
-869
-874
-884
-820
-682
-522
-462
-570
-706
-816
-823
-788
-651
-356
-23
206
161
-34
-204
-219
-97
26
174
318
477
549
478
372
284
282
246
169
124
189
368
500
515
422
323
254
174
113
117
254
426
509
492
427
430
452
440
405
397
483
607
717
784
833
858
821
740
639
628
704
807
891
891
867
818
765
712
650
625
629
639
629
619
624
665
674
600
483
368
353
368
378
401
437
488
461
350
205
102
50
38
33
43
84
80
9
-146
-318
-429
-505
-542
-561
-562
-556
-581
-656
-750
-809
-828
-811
-800
-793
-771
-752
-748
-777
-794
-765
-717
-672
-652
-646
-633
-605
-587
-588
-606
-634
-655
-696
-733
-767
-787
-814
-870
-913
-950
-835
-654
-456
-408
-573
-702
-795
-754
-662
-454
-71
266
372
119
-207
-366
-241
10
233
440
551
615
476
228
35
-38
27
47
62
99
195
267
199
27
-173
-238
-199
-112
-4
101
237
259
169
47
24
155
290
384
432
525
639
706
702
664
698
765
837
898
952
1074
1135
1113
1006
883
845
845
886
926
978
1008
975
884
754
663
643
697
762
806
818
796
729
604
488
468
545
635
662
597
484
366
269
210
184
187
185
127
-10
-179
-320
-409
-478
-547
-601
-650
-699
-772
-869
-944
-987
-1001
-1002
-994
-975
-948
-954
-981
-995
-994
-949
-909
-853
-811
-806
-813
-840
-842
-833
-831
-826
-867
-928
-970
-967
-710
-384
-116
-169
-511
-756
-873
-756
-553
-147
450
853
734
78
-528
-685
-361
64
391
670
738
595
89
-448
-703
-630
-352
-175
-41
38
54
-140
-538
-904
-1029
-812
-465
-164
13
48
-5
-244
-508
-591
-369
54
381
517
521
499
433
338
265
320
539
759
921
989
1005
1011
891
746
656
686
850
1012
1156
1225
1170
1007
796
683
692
881
1183
1445
1562
1394
1141
874
721
791
991
1311
1530
1557
1321
908
529
361
433
589
775
828
741
436
-15
-387
-629
-625
-510
-364
-252
-273
-450
-801
-1134
-1316
-1244
-1024
-803
-627
-618
-733
-996
-1238
-1311
-1215
-966
-785
-672
-704
-828
-992
-1181
-1291
-1340
-1247
-1086
-694
-201
57
-144
-828
-1246
-1224
-878
-459
4
709
1141
872
-76
-917
-1011
-430
276
729
1015
1010
657
-129
-912
-1193
-962
-431
-28
180
153
-130
-662
-1301
-1656
-1539
-966
-339
19
44
-238
-615
-1020
-1221
-1035
-514
110
473
511
316
53
-191
-318
-231
78
497
776
850
742
494
224
-19
-28
256
645
940
980
842
630
423
301
380
648
1040
1448
1611
1572
1290
991
860
888
1227
1661
2029
2146
1947
1564
1130
803
764
1033
1351
1567
1461
1092
604
73
-229
-318
-153
116
268
235
-16
-374
-733
-935
-903
-626
-300
-80
-49
-233
-490
-735
-883
-853
-669
-418
-248
-288
-487
-788
-1078
-1320
-1375
-1290
-879
-212
211
112
-772
-1492
-1673
-1395
-899
-380
528
1230
1082
-93
-1316
-1588
-838
172
775
1111
1050
599
-341
-1241
-1421
-992
-245
236
384
210
-285
-970
-1671
-1925
-1608
-827
-97
158
-71
-658
-1203
-1579
-1589
-1173
-472
196
427
205
-293
-725
-934
-833
-425
88
525
620
377
-29
-446
-609
-529
-204
225
479
489
252
-22
-183
-192
-53
223
519
828
1078
1104
968
661
541
643
923
1391
1806
2062
1964
1606
1174
912
941
1299
1752
1951
1828
1369
854
441
244
313
499
704
761
611
294
-66
-361
-509
-432
-165
202
418
369
104
-206
-394
-402
-229
69
334
400
221
-49
-317
-464
-605
-661
-663
-508
143
637
743
-105
-1060
-1314
-1121
-662
-335
467
1369
1486
329
-1228
-1810
-1114
87
785
1138
1077
543
-417
-1433
-1587
-1128
-380
160
284
67
-555
-1273
-1872
-1995
-1632
-867
-128
118
-191
-973
-1655
-1956
-1760
-1128
-424
169
299
-27
-638
-1175
-1321
-1084
-536
25
376
344
-76
-583
-1002
-1116
-895
-444
72
266
41
-446
-869
-935
-714
-287
159
460
537
387
229
147
219
381
609
921
1227
1413
1337
1119
934
934
1024
1115
1264
1405
1462
1194
776
473
419
552
604
605
517
350
129
-57
-62
54
142
122
83
97
172
201
210
283
357
384
301
252
328
410
444
364
297
178
3
-215
31
770
1334
1161
109
-459
-355
-1
122
323
1279
2083
1754
227
-997
-1027
-85
800
1336
1723
1465
597
-730
-1416
-1129
-466
205
537
597
115
-843
-1747
-2053
-1670
-955
-220
153
12
-680
-1550
-1982
-1888
-1311
-599
11
256
-92
-781
-1434
-1613
-1312
-692
-36
333
248
-287
-939
-1347
-1352
-1025
-607
-248
-55
-207
-680
-1228
-1460
-1244
-783
-275
96
231
-4
-430
-712
-579
-111
355
644
783
797
624
337
169
399
835
1118
1082
809
561
359
201
172
285
459
409
118
-156
-265
-262
-312
-353
-236
-42
9
-145
-338
-366
-236
-62
154
325
384
254
47
12
210
451
624
510
326
65
30
713
1450
1845
1123
275
109
390
682
765
1459
2394
2562
1372
-3
-383
360
1251
1592
1865
1839
1411
416
-517
-635
-259
343
753
935
677
-76
-947
-1456
-1270
-660
106
565
502
-87
-901
-1338
-1290
-831
-277
210
489
335
-166
-777
-1118
-1042
-642
-72
354
406
7
-657
-1195
-1354
-1097
-662
-306
-197
-392
-856
-1369
-1600
-1457
-999
-561
-263
-139
-331
-685
-1068
-1061
-634
-47
391
523
423
117
-228
-489
-318
174
699
869
608
215
-204
-463
-515
-291
-13
62
-135
-469
-745
-940
-993
-927
-741
-512
-410
-493
-680
-830
-838
-696
-445
-162
-10
-79
-290
-453
-417
-202
-22
71
-15
106
602
1019
1070
418
17
124
487
802
1033
1751
2325
2098
953
36
108
981
1765
2067
2191
1838
1223
391
15
253
634
1069
1260
1231
727
-46
-651
-770
-405
152
731
952
674
-22
-634
-684
-341
123
417
613
660
424
50
-310
-364
-168
209
618
765
536
-2
-481
-616
-428
-90
163
222
13
-410
-829
-1001
-807
-439
-170
-88
-128
-229
-454
-660
-669
-379
6
235
295
180
-15
-278
-444
-368
-60
259
310
69
-268
-506
-676
-752
-667
-468
-314
-474
-847
-1207
-1379
-1290
-1077
-826
-694
-804
-1065
-1296
-1326
-1154
-935
-750
-623
-631
-679
-791
-856
-833
-757
-611
-590
-626
-710
-265
448
867
455
-451
-604
-261
206
331
809
1801
2190
1379
-60
-546
132
1232
1808
2083
2079
1493
591
-220
-72
423
877
1182
1325
1205
426
-485
-932
-598
108
757
1115
1046
502
-311
-778
-581
121
801
1120
1121
790
317
-154
-334
-51
492
1080
1361
1161
599
-11
-321
-181
197
659
921
806
388
-218
-578
-543
-158
337
611
625
375
20
-242
-249
23
433
766
835
697
420
162
7
7
301
636
767
521
59
-317
-510
-538
-465
-326
-264
-390
-795
-1221
-1500
-1543
-1364
-1098
-828
-822
-1138
-1534
-1726
-1573
-1295
-1062
-857
-746
-812
-1103
-1409
-1424
-1173
-845
-773
-856
-1037
-930
-353
152
314
-385
-911
-931
-534
-35
276
986
1466
1199
52
-896
-756
325
1318
1684
1649
1146
505
-289
-558
-208
329
927
1139
1026
380
-473
-1000
-985
-439
342
1054
1248
740
-220
-873
-781
-173
567
1028
1181
921
305
-225
-459
-252
156
634
1101
1183
765
51
-488
-428
7
522
903
967
731
192
-343
-423
-39
553
930
970
977
856
665
422
387
698
1040
1283
1354
1373
1269
999
626
443
585
938
1198
1105
812
371
-2
-252
-298
-157
-13
6
-273
-673
-1030
-1147
-1096
-961
-810
-786
-878
-1052
-1095
-1085
-1065
-1106
-1105
-996
-941
-910
-1062
-1219
-1307
-1396
-1342
-1377
-974
-248
229
-16
-1001
-1443
-1228
-722
-376
92
961
1392
704
-694
-1408
-973
142
956
1445
1511
845
-174
-1007
-847
-283
190
530
718
591
-206
-1088
-1395
-992
-375
131
494
594
190
-602
-1078
-842
-134
503
806
846
548
-21
-507
-617
-278
186
545
723
539
80
-475
-743
-493
-8
418
511
280
-67
-458
-650
-488
12
602
862
753
470
231
199
419
848
1339
1547
1449
1225
1111
1138
1105
1084
1201
1472
1647
1501
1115
770
586
601
704
809
828
624
288
-47
-220
-234
-205
-149
-73
-21
-148
-425
-637
-561
-336
-237
-277
-394
-455
-574
-667
-628
-581
-581
-860
-1051
-1146
-954
-372
107
292
-411
-1147
-1375
-1028
-431
7
662
1098
800
-295
-1270
-1288
-422
486
986
1119
703
-4
-817
-1103
-861
-489
37
402
469
-151
-1103
-1660
-1540
-970
-337
192
406
121
-644
-1243
-1227
-688
-17
406
652
565
84
-500
-897
-758
-304
166
537
524
98
-563
-1098
-1018
-548
-64
170
27
-253
-672
-1051
-1097
-759
-145
308
376
184
-40
-148
-54
218
652
1016
1084
996
870
884
915
891
951
1073
1215
1251
1149
975
746
543
505
619
772
781
545
271
63
3
54
107
223
284
186
-44
-203
-83
182
261
169
58
43
6
-84
-99
-31
-113
-338
-508
-492
85
616
859
314
-536
-713
-490
5
252
748
1451
1496
617
-571
-974
-347
574
1170
1493
1216
430
-551
-1006
-592
-164
165
338
408
70
-847
-1539
-1600
-1103
-531
-93
162
12
-609
-1266
-1341
-849
-222
101
230
235
-60
-491
-834
-777
-455
-146
132
156
-153
-675
-1119
-1088
-699
-268
-45
-291
-710
-1088
-1238
-1085
-803
-395
-110
-161
-431
-637
-608
-330
-51
281
540
539
351
48
61
360
690
867
801
612
365
133
125
358
554
581
390
194
46
-117
-130
-64
88
198
125
14
-107
-139
-129
-159
-62
183
363
313
-2
-223
-220
-95
28
116
105
-32
-399
-553
76
898
1259
494
-261
-276
5
186
305
1258
2287
2176
805
-481
-507
410
1256
1770
2079
1734
747
-389
-592
78
623
846
811
746
256
-631
-1197
-1068
-454
149
461
490
121
-595
-1087
-973
-283
421
694
637
287
-175
-499
-552
-258
38
242
323
160
-243
-757
-1056
-953
-612
-254
-59
-214
-649
-1224
-1557
-1376
-903
-323
-27
-75
-392
-859
-1040
-840
-325
244
541
538
234
-150
-314
-260
7
329
598
664
339
-206
-603
-570
-218
81
97
-91
-365
-611
-745
-684
-456
-271
-215
-260
-335
-434
-538
-560
-388
-128
95
92
-115
-372
-562
-538
-359
-187
-160
-347
-491
-136
431
732
223
-419
-441
-80
233
331
931
1747
1788
782
-323
-421
371
1196
1720
1987
1665
768
-192
-330
256
752
1027
1130
1066
448
-472
-884
-546
79
506
726
821
525
-216
-774
-597
181
845
1103
1107
878
389
-119
-206
229
743
966
893
590
121
-376
-640
-430
-14
258
233
-69
-384
-731
-1010
-1047
-771
-168
270
254
-148
-675
-885
-778
-331
307
763
794
312
-233
-421
-266
14
269
493
555
231
-367
-804
-855
-599
-327
-155
-197
-554
-1068
-1390
-1221
-780
-444
-404
-557
-703
-835
-916
-857
-592
-244
-65
-144
-332
-506
-631
-678
-629
-456
-355
-473
-616
-385
136
339
-155
-752
-752
-379
-149
-67
503
1272
1295
350
-651
-631
168
952
1386
1550
1288
496
-333
-474
62
566
808
860
765
297
-455
-889
-730
-178
334
579
566
267
-244
-612
-525
31
653
984
998
804
506
272
235
472
842
1120
1195
968
568
188
23
164
435
664
687
420
53
-246
-318
-230
-98
78
252
333
245
23
-124
-74
108
403
656
812
718
426
245
272
431
488
454
448
421
240
-20
-218
-269
-321
-453
-492
-522
-582
-807
-1008
-972
-814
-682
-703
-766
-773
-764
-749
-691
-590
-475
-416
-452
-477
-518
-519
-589
-703
-791
-775
-617
-293
96
147
-259
-937
-1089
-800
-378
-68
336
920
881
41
-1042
-1231
-429
603
1246
1388
1016
112
-791
-1049
-410
368
777
777
454
-106
-890
-1268
-991
-339
144
234
142
-104
-561
-965
-930
-384
260
594
617
428
101
-167
-169
190
648
917
951
766
450
107
4
195
547
767
738
534
236
3
-111
-14
257
532
691
617
389
155
78
232
543
861
1069
1091
935
740
643
676
785
880
998
1024
849
529
239
190
259
292
209
51
-169
-385
-517
-480
-385
-371
-444
-506
-485
-444
-470
-523
-511
-383
-259
-260
-345
-414
-430
-430
-424
-397
-436
-601
-732
-582
-14
379
205
-505
-1005
-948
-606
-223
203
790
959
348
-718
-1272
-897
-7
799
1201
1101
363
-639
-1226
-942
-179
398
582
363
-130
-865
-1403
-1346
-810
-255
-69
-193
-449
-791
-1133
-1230
-870
-239
198
215
-40
-337
-534
-532
-282
146
457
480
242
-60
-254
-288
-151
89
305
358
179
-140
-336
-306
-98
106
224
324
338
273
117
79
220
454
695
845
909
810
647
606
768
985
1016
920
851
816
707
539
474
523
521
358
190
51
-34
-132
-152
-34
29
-28
-192
-248
-126
6
70
64
57
71
23
10
49
128
124
11
-107
-141
-213
-304
-290
4
496
597
219
-431
-706
-549
-236
200
745
1217
1030
136
-761
-898
-294
573
1222
1452
1054
56
-815
-966
-334
409
722
650
188
-508
-1200
-1405
-948
-343
-66
-194
-493
-778
-1138
-1385
-1228
-681
-108
63
-159
-518
-823
-907
-727
-302
137
303
97
-330
-679
-762
-562
-265
-8
73
-75
-409
-713
-743
-538
-282
-145
-93
-102
-216
-377
-388
-111
229
440
467
453
390
262
232
459
856
1056
935
636
402
329
419
597
723
650
340
25
-146
-128
-45
8
35
-32
-155
-324
-395
-288
-77
108
150
92
17
-34
-13
105
272
392
362
213
68
-32
-49
-81
-3
176
430
591
457
156
-240
-382
-263
145
679
1104
1240
863
210
-344
-299
323
1173
1690
1567
912
110
-287
-157
402
928
1140
863
175
-524
-857
-636
-226
32
44
-115
-387
-799
-1083
-1004
-620
-226
-91
-149
-332
-587
-784
-739
-434
-51
90
-25
-288
-548
-679
-689
-476
-193
-41
-188
-526
-758
-777
-674
-565
-446
-370
-364
-509
-619
-581
-422
-221
-91
43
102
60
-56
-83
95
361
569
618
508
304
141
159
327
481
468
304
106
-64
-155
-136
-37
22
-38
-213
-337
-343
-260
-178
-155
-140
-162
-198
-194
-107
36
102
96
49
16
-8
-40
-15
-13
-39
-186
-294
-260
16
368
449
242
-155
-328
-309
-57
377
899
1262
1067
477
-78
-83
399
1064
1559
1666
1313
659
192
195
618
995
1107
944
567
105
-302
-337
-84
170
193
15
-130
-277
-451
-562
-466
-175
56
56
-118
-300
-374
-335
-257
-139
-58
-44
-131
-287
-365
-375
-315
-251
-196
-138
-196
-356
-525
-620
-601
-536
-414
-284
-280
-416
-606
-656
-464
-201
8
54
-44
-200
-323
-231
32
306
403
317
169
30
-52
-19
134
292
333
193
13
-110
-142
-141
-130
-52
5
-21
-171
-327
-363
-329
-278
-222
-154
-109
-183
-295
-342
-295
-208
-167
-145
-170
-279
-416
-512
-502
-496
-488
-417
-249
-1
67
-22
-269
-442
-423
-222
158
573
914
946
632
160
-50
197
748
1257
1579
1548
1047
467
158
309
714
1093
1212
941
506
-7
-310
-155
218
498
506
317
52
-208
-323
-231
13
221
237
123
-22
-173
-258
-278
-187
-13
96
74
-59
-176
-211
-179
-100
-1
78
57
-95
-261
-317
-245
-122
-49
-50
-97
-183
-263
-291
-231
-119
-62
-20
2
-41
-125
-189
-135
-65
-20
21
76
101
49
-26
-84
-78
-47
61
183
276
258
100
-94
-244
-231
-90
81
142
49
-144
-353
-469
-467
-376
-279
-230
-216
-299
-440
-615
-702
-667
-570
-465
-410
-399
-468
-569
-665
-682
-653
-525
-334
-117
-14
-84
-212
-335
-352
-267
-54
218
434
527
491
358
178
109
241
557
831
898
799
579
366
222
334
611
795
716
495
350
284
240
236
345
476
487
368
239
158
84
7
-13
35
75
47
-27
-102
-145
-171
-153
-90
-36
-42
-107
-150
-131
-74
-23
-1
5
-2
-22
-30
-10
25
54
61
80
102
93
43
-19
11
106
191
200
149
86
7
-37
0
131
257
276
213
170
177
194
219
265
324
338
273
189
153
170
185
181
148
74
-32
-134
-164
-167
-196
-294
-402
-454
-478
-502
-547
-570
-569
-576
-615
-636
-595
-536
-491
-468
-431
-406
-384
-322
-249
-182
-160
-182
-220
-246
-217
-123
6
63
15
-96
-175
-200
-190
-146
-65
13
31
21
-19
-76
-145
-139
-9
162
256
235
164
126
74
47
137
327
459
399
233
96
18
-8
65
239
362
282
85
-50
-59
-18
28
108
181
168
57
-50
-57
12
86
142
159
132
67
-4
-26
-13
29
70
81
69
25
-27
-67
-79
-56
-12
32
49
40
8
-26
-17
70
223
351
384
347
318
327
344
389
498
616
651
580
475
408
381
410
489
538
491
333
168
68
39
46
48
37
-2
-84
-191
-285
-343
-342
-295
-217
-167
-175
-213
-259
-297
-315
-300
-228
-145
-104
-135
-226
-303
-330
-276
-178
-115
-132
-226
-340
-411
-379
-261
-158
-149
-234
-303
-297
-259
-244
-216
-151
-107
-116
-147
-156
-158
-159
-140
-73
-20
-43
-128
-200
-212
-200
-182
-151
-141
-176
-241
-278
-242
-172
-108
-99
-144
-201
-223
-168
-82
-27
-31
-50
-40
0
24
2
-34
-32
31
84
106
92
79
56
35
53
90
94
52
36
94
176
209
193
192
233
276
316
357
398
405
384
382
405
430
425
400
403
431
435
395
330
305
301
271
208
162
175
193
175
124
82
62
42
32
63
95
73
18
5
68
138
154
132
103
89
76
79
110
111
78
31
6
23
39
31
-23
-94
-114
-89
-70
-95
-118
-112
-117
-168
-217
-194
-146
-130
-144
-142
-151
-201
-245
-220
-148
-128
-178
-233
-255
-261
-288
-297
-266
-233
-256
-331
-382
-376
-322
-279
-258
-256
-270
-295
-301
-268
-227
-230
-258
-233
-160
-116
-151
-213
-223
-174
-117
-75
-42
-45
-94
-140
-127
-63
-25
-34
-45
-32
-12
-18
-26
-1
45
100
143
169
168
144
132
151
188
227
249
256
257
250
232
201
188
216
254
268
233
189
164
161
181
214
240
233
210
206
222
223
213
214
232
253
272
296
305
279
238
215
235
268
277
261
218
175
139
113
84
52
37
36
25
-6
-29
-18
-2
-14
-51
-80
-82
-72
-62
-45
-22
-14
-32
-57
-60
-55
-50
-51
-47
-37
-45
-77
-115
-141
-150
-149
-153
-166
-180
-204
-232
-255
-256
-234
-230
-254
-284
-293
-287
-293
-295
-282
-273
-284
-304
-298
-264
-238
-224
-219
-219
-207
-187
-158
-158
-164
-141
-102
-68
-71
-82
-75
-51
-10
43
81
85
57
39
57
91
113
106
87
88
99
108
98
68
43
35
47
55
46
27
2
-18
-10
23
57
68
66
80
103
107
94
98
138
179
194
197
199
199
186
188
221
263
266
224
184
171
178
178
184
193
181
134
71
51
82
133
154
133
112
89
67
53
59
86
98
96
104
129
137
97
56
61
92
101
79
65
77
77
52
30
43
69
54
7
-37
-42
-30
-31
-53
-85
-123
-165
-188
-187
-183
-201
-237
-265
-282
-297
-311
-310
-302
-312
-335
-337
-316
-300
-299
-293
-268
-239
-225
-219
-202
-175
-142
-106
-72
-57
-50
-38
-8
28
52
58
46
39
52
85
111
108
86
66
52
44
48
58
50
14
-12
-2
20
12
-23
-41
-24
4
26
36
39
20
-3
0
35
78
101
98
85
68
49
31
27
44
71
87
78
54
31
4
-35
-59
-22
55
96
60
-10
-58
-59
-24
37
88
95
50
-6
-21
7
59
106
132
129
109
96
94
103
126
164
201
218
217
213
201
188
195
234
280
297
272
223
181
156
167
197
204
165
98
56
47
44
31
14
-13
-59
-106
-128
-122
-121
-137
-157
-164
-171
-189
-212
-213
-191
-168
-159
-158
-160
-174
-192
-193
-163
-122
-111
-134
-156
-151
-136
-136
-144
-128
-100
-87
-98
-105
-100
-104
-111
-102
-69
-46
-54
-72
-76
-61
-45
-27
-3
7
-11
-44
-59
-43
-12
16
37
37
8
-37
-62
-45
-8
8
-2
-27
-50
-72
-83
-72
-45
-26
-31
-49
-68
-89
-101
-85
-45
-15
-33
-81
-109
-102
-68
-38
-21
-13
-23
-48
-70
-53
2
47
51
24
19
49
91
122
142
154
155
158
186
241
283
280
252
231
233
252
279
304
301
268
230
212
216
227
232
223
197
164
135
122
119
114
114
111
99
74
49
42
35
26
26
35
39
17
-15
-35
-40
-40
-43
-43
-45
-61
-88
-107
-104
-88
-75
-67
-72
-87
-90
-88
-82
-83
-76
-50
-30
-44
-78
-99
-84
-58
-41
-24
-16
-39
-94
-139
-131
-84
-48
-50
-87
-131
-162
-172
-167
-153
-140
-149
-175
-205
-215
-192
-180
-185
-186
-180
-179
-193
-201
-179
-156
-154
-157
-165
-169
-182
-189
-167
-142
-125
-125
-138
-144
-141
-119
-89
-66
-53
-34
-18
-7
2
18
48
80
105
120
131
136
141
155
178
206
222
222
205
189
184
195
223
242
241
221
198
185
176
176
188
210
218
195
168
158
169
177
169
160
152
136
117
113
118
111
83
58
55
61
59
42
31
24
23
26
29
31
20
15
33
64
78
54
30
40
76
107
124
130
116
83
56
64
98
125
116
81
44
16
1
-2
1
0
-22
-56
-86
-102
-112
-127
-144
-160
-169
-170
-167
-177
-207
-239
-255
-240
-225
-226
-241
-261
-275
-288
-300
-300
-286
-273
-277
-295
-306
-306
-307
-295
-272
-246
-231
-228
-222
-210
-185
-148
-115
-98
-94
-85
-63
-34
-9
12
24
30
46
63
86
99
94
87
83
97
120
125
125
133
145
142
135
147
166
167
156
154
175
197
201
190
175
165
165
173
184
186
167
144
124
120
125
124
118
111
100
95
99
106
107
97
90
96
109
126
141
149
153
148
143
159
190
212
207
189
180
189
201
207
201
179
148
117
106
118
131
120
76
30
5
-3
0
3
4
-11
-42
-61
-63
-61
-71
-81
-90
-97
-104
-106
-113
-139
-172
-195
-196
-194
-195
-209
-231
-262
-289
-300
-298
-286
-274
-277
-298
-322
-328
-310
-284
-262
-248
-245
-251
-255
-246
-225
-203
-183
-161
-143
-136
-137
-139
-132
-112
-88
-67
-60
-62
-64
-55
-42
-31
-25
-15
-5
-1
8
23
38
45
51
54
57
57
62
81
95
94
87
85
91
96
93
93
92
86
82
84
94
111
114
105
105
107
107
118
134
154
170
178
186
194
194
196
211
234
256
266
267
262
254
243
230
225
233
242
233
213
189
163
149
143
141
147
139
124
109
95
82
78
80
78
70
52
46
54
43
16
-3
-8
-4
-5
-22
-36
-52
-73
-89
-94
-93
-93
-99
-116
-135
-152
-155
-151
-140
-136
-146
-166
-179
-180
-172
-167
-172
-179
-178
-176
-178
-183
-184
-183
-179
-172
-173
-179
-181
-178
-172
-167
-168
-164
-159
-162
-167
-160
-141
-128
-126
-130
-124
-113
-102
-99
-100
-94
-90
-92
-86
-74
-66
-64
-73
-80
-74
-64
-57
-50
-41
-26
-17
-16
-19
-22
-15
5
32
57
65
61
55
51
55
74
106
133
140
131
117
117
127
142
157
160
155
146
143
151
163
164
156
147
144
147
153
169
181
177
164
152
152
160
172
176
175
167
155
154
160
161
160
157
152
146
136
130
130
132
130
119
107
95
85
84
89
93
82
54
30
20
23
24
18
5
-15
-37
-52
-57
-51
-50
-54
-62
-77
-89
-96
-93
-84
-82
-89
-100
-108
-110
-114
-119
-120
-119
-119
-126
-136
-143
-146
-146
-145
-144
-148
-162
-175
-179
-176
-171
-174
-181
-185
-184
-184
-190
-191
-182
-170
-155
-151
-151
-154
-155
-145
-120
-95
-82
-81
-90
-96
-93
-76
-50
-30
-26
-31
-37
-40
-39
-31
-16
-4
1
-5
-12
-14
-16
-5
12
22
19
9
6
14
27
46
60
64
58
54
61
74
86
93
96
101
101
105
112
121
133
136
136
138
147
157
162
160
157
163
172
178
176
173
171
168
166
167
168
164
153
142
137
131
121
115
112
108
100
88
79
70
69
73
76
73
62
52
48
46
51
56
52
43
32
22
19
20
20
11
-2
-16
-27
-32
-32
-32
-42
-62
-79
-89
-91
-89
-91
-97
-111
-124
-128
-123
-116
-112
-118
-124
-126
-124
-119
-113
-110
-112
-118
-120
-114
-109
-109
-113
-117
-120
-122
-121
-122
-123
-126
-129
-129
-124
-124
-124
-124
-124
-119
-114
-106
-102
-101
-99
-91
-74
-59
-52
-52
-54
-53
-44
-29
-12
-1
-2
-5
-2
8
19
27
32
38
48
56
67
71
69
70
78
93
106
111
109
102
103
107
115
121
124
122
116
107
98
94
91
91
88
83
74
67
60
54
51
54
62
68
66
55
46
48
56
63
71
75
76
72
69
69
70
75
79
81
82
78
67
58
52
51
51
47
41
34
24
17
13
12
11
6
2
-1
-3
-6
-11
-16
-20
-23
-24
-23
-23
-33
-45
-52
-54
-54
-57
-62
-71
-83
-93
-95
-95
-95
-101
-111
-120
-126
-128
-124
-117
-113
-120
-129
-131
-124
-108
-93
-84
-86
-93
-93
-86
-73
-63
-57
-53
-48
-48
-48
-43
-32
-21
-12
-7
-3
-2
-2
1
11
23
34
37
31
26
26
30
38
49
53
49
41
36
37
42
49
53
49
42
33
28
30
33
34
32
32
27
23
22
24
28
30
31
31
28
27
27
34
40
46
47
49
52
59
61
60
64
70
78
81
81
76
70
71
78
91
97
90
80
74
78
83
90
91
83
69
57
55
58
59
52
39
27
12
3
-3
-8
-13
-21
-30
-38
-50
-61
-70
-73
-77
-82
-88
-95
-102
-108
-111
-111
-110
-109
-111
-113
-114
-113
-110
-105
-102
-98
-99
-97
-93
-86
-79
-74
-68
-64
-60
-59
-57
-53
-44
-33
-21
-12
-6
-4
-5
-6
-1
8
18
25
26
22
13
8
10
11
11
11
7
-2
-10
-14
-11
-11
-16
-27
-36
-39
-42
-45
-42
-43
-45
-50
-57
-54
-49
-46
-47
-46
-39
-27
-21
-18
-13
-6
3
9
20
33
44
51
53
58
66
77
85
88
92
99
107
114
120
128
133
131
129
130
135
145
150
144
136
132
127
127
128
125
121
114
106
98
96
93
87
78
76
73
63
55
45
38
30
26
21
13
2
-8
-21
-28
-29
-30
-34
-44
-56
-63
-65
-66
-69
-69
-74
-75
-79
-90
-27
-2
-25
-66
-112
-137
-175
-148
-82
0
69
73
-8
-121
-212
-253
-193
-101
68
209
211
100
-84
-241
-357
-341
-194
26
212
275
170
-61
-281
-434
-416
-251
-31
145
196
157
-2
-224
-360
-349
-235
-87
63
130
94
-8
-123
-215
-253
-193
-80
19
67
63
11
-60
-113
-120
-76
-14
70
122
123
93
46
8
-8
11
64
121
161
181
160
115
81
73
92
115
145
179
187
172
157
129
106
106
119
145
165
178
184
155
126
104
98
115
130
145
148
130
108
89
80
81
83
84
91
90
79
55
33
18
12
18
36
45
44
22
-6
-21
-30
-33
-24
-4
9
1
-16
-36
-52
-72
-81
-71
-52
-35
-33
-53
-75
-90
-108
-123
-115
-90
-79
-83
-94
-104
-133
-158
-164
-152
-130
-111
-109
-123
-134
-149
-161
-161
-143
-133
-135
-130
-129
-129
-132
-126
-121
-122
-119
-113
-110
-110
-103
-95
-94
-96
-85
-84
-80
-64
-60
-64
-58
-35
-26
-25
-23
-19
-6
9
14
13
14
17
18
24
36
52
57
56
66
66
62
74
90
89
79
86
103
101
102
114
117
111
105
114
120
113
118
121
125
133
143
151
141
115
96
99
115
127
139
150
140
112
83
74
79
87
105
128
134
111
77
56
45
51
75
99
102
93
72
42
13
5
16
39
59
58
45
15
-9
-14
-11
-12
-10
3
4
-16
-38
-42
-46
-53
-59
-58
-48
-57
-71
-81
-87
-95
-97
-85
-68
-63
-78
-95
-107
-111
-116
-102
-77
-73
-88
-104
-117
-133
-136
-117
-102
-100
-100
-101
-106
-107
-105
-103
-97
-82
-68
-70
-86
-85
-80
-81
-71
-63
-53
-54
-56
-57
-61
-55
-36
-28
-35
-36
-33
-29
-19
9
31
13
-12
-23
-15
1
16
38
69
81
53
18
-2
-4
7
37
78
105
108
85
47
17
0
4
39
93
127
117
89
61
33
15
29
61
99
125
117
95
74
46
38
59
92
115
108
88
69
58
52
50
71
97
92
75
64
43
31
35
54
73
69
51
40
26
9
17
31
48
58
37
8
-12
-19
-25
-19
26
49
22
-21
-60
-79
-83
-72
-34
13
22
-14
-65
-108
-134
-133
-81
-13
21
-2
-52
-97
-133
-141
-111
-59
-15
-12
-49
-99
-130
-143
-132
-83
-47
-42
-47
-64
-98
-126
-119
-87
-52
-19
-3
-28
-60
-81
-97
-71
-48
-13
1
-9
7
-15
-42
-38
-20
-2
0
7
13
20
26
29
26
17
9
11
21
27
41
50
52
53
50
25
-4
22
35
40
53
59
58
38
31
30
44
78
95
81
70
75
71
70
84
101
111
116
122
113
100
101
100
94
96
110
116
111
111
107
79
57
54
52
50
54
72
59
41
35
9
-15
-16
-5
-8
-2
8
4
-19
-40
-30
-22
-22
-17
-7
-10
-32
-44
-37
-38
-40
-30
-40
-65
-77
-81
-88
-95
-80
-71
-100
-113
-118
-134
-138
-131
-102
-84
-77
-74
-95
-132
-128
-94
-67
-44
-21
-6
-29
-60
-61
-54
-44
-26
-5
1
-24
-56
-65
-54
-47
-55
-68
-72
-63
-65
-67
-65
-48
-43
-70
-83
-62
-41
-33
-9
15
12
-19
-26
-8
1
10
11
33
69
76
54
45
37
22
14
26
52
69
82
78
56
37
10
-8
11
46
71
84
92
79
45
28
34
60
86
96
103
103
88
75
83
93
92
93
97
99
93
84
83
88
74
53
57
62
57
48
48
45
29
19
22
30
32
27
18
16
12
15
16
22
20
2
-6
-6
-3
4
4
5
5
-1
-19
-38
-36
-25
-25
-17
1
-7
-32
-47
-51
-56
-49
-28
-11
-24
-36
-50
-72
-75
-58
-41
-42
-40
-32
-49
-74
-72
-64
-68
-59
-42
-52
-70
-68
-64
-74
-66
-45
-57
-68
-57
-61
-78
-67
-41
-34
-42
-46
-53
-57
-56
-62
-59
-37
-15
-15
-24
-39
-52
-54
-44
-21
-3
-3
-14
-19
-27
-40
-35
-7
13
20
17
6
-4
-12
-3
23
47
57
50
37
25
19
15
27
50
60
62
57
40
23
18
34
60
72
75
74
66
52
34
38
56
77
91
84
70
53
39
36
49
77
90
87
78
61
36
21
42
70
74
75
74
51
26
18
22
35
48
52
46
32
24
24
20
24
30
17
4
10
11
10
18
23
16
-2
-17
-26
-26
-20
-10
6
10
-5
-27
-47
-62
-57
-34
-14
3
5
-13
-45
-73
-84
-73
-42
-10
-2
-18
-48
-81
-105
-106
-78
-43
-20
-9
-23
-58
-88
-98
-83
-55
-27
-12
-12
-31
-54
-72
-75
-55
-32
-27
-25
-21
-33
-50
-58
-53
-46
-38
-29
-25
-29
-38
-48
-54
-45
-31
-16
-2
5
-7
-29
-33
-25
-7
15
29
32
24
5
-15
-16
2
23
34
42
39
21
4
-7
-4
14
33
45
48
36
27
21
19
26
33
42
53
54
52
50
45
42
48
52
51
56
62
57
51
51
45
39
40
40
40
46
52
47
40
42
39
28
22
23
31
37
39
40
35
25
15
8
6
14
26
37
47
37
10
-16
-24
-16
1
19
29
20
-4
-29
-43
-45
-32
-14
1
4
-8
-31
-52
-55
-49
-39
-26
-19
-24
-37
-51
-59
-66
-59
-43
-34
-36
-40
-46
-56
-59
-49
-39
-42
-47
-46
-53
-57
-52
-44
-39
-38
-38
-47
-54
-52
-42
-37
-28
-18
-23
-32
-34
-34
-36
-32
-19
-9
-4
-4
-8
-8
-8
-5
4
18
23
20
19
15
12
15
25
36
43
40
26
14
11
22
38
50
53
49
35
18
13
21
39
57
62
57
42
32
28
33
49
62
69
65
51
37
30
30
35
46
61
59
41
26
16
13
19
32
44
41
23
4
-6
-10
-6
4
15
18
13
1
-9
-15
-11
-4
1
2
1
-7
-16
-22
-25
-30
-30
-27
-25
-26
-30
-39
-46
-48
-46
-43
-35
-32
-37
-44
-48
-53
-51
-39
-30
-27
-28
-31
-37
-39
-34
-27
-24
-22
-21
-18
-13
-12
-14
-20
-25
-27
-25
-16
-3
0
-5
-10
-15
-21
-21
-13
0
11
10
5
1
-6
-7
-1
6
11
22
27
24
17
10
8
12
21
32
36
33
24
16
15
23
31
39
41
41
37
28
25
32
42
55
64
64
57
46
36
37
45
54
65
73
71
59
45
33
32
36
43
54
58
53
41
28
15
6
9
17
24
28
26
16
3
-8
-13
-10
-6
0
4
-1
-11
-22
-31
-36
-32
-26
-26
-32
-36
-42
-46
-45
-43
-41
-44
-52
-58
-64
-68
-65
-60
-60
-62
-65
-70
-75
-75
-71
-65
-55
-53
-56
-63
-71
-74
-74
-67
-59
-56
-59
-63
-68
-71
-68
-60
-49
-47
-47
-50
-55
-54
-49
-40
-33
-32
-37
-43
-45
-40
-30
-20
-11
-9
-11
-17
-20
-14
-3
10
20
27
23
18
14
14
19
32
46
57
60
58
51
44
43
49
63
78
86
89
82
69
63
65
74
86
93
96
91
82
74
71
75
83
90
94
94
87
80
78
78
81
82
81
79
75
73
72
68
66
62
54
51
51
51
50
45
37
28
17
15
16
18
19
12
4
-6
-13
-13
-10
-8
-10
-16
-23
-30
-31
-30
-30
-31
-32
-37
-44
-48
-52
-53
-55
-53
-55
-60
-65
-73
-80
-81
-77
-72
-68
-66
-68
-76
-83
-83
-80
-73
-64
-58
-60
-65
-71
-73
-71
-62
-51
-44
-42
-47
-54
-59
-59
-51
-47
-44
-42
-45
-50
-50
-49
-45
-39
-35
-34
-34
-32
-28
-20
-13
-10
-11
-11
-11
-4
5
13
21
23
20
19
19
23
32
42
46
43
38
33
30
31
41
50
56
55
50
44
39
39
45
53
58
63
59
52
45
43
43
50
58
63
61
55
48
42
38
40
44
47
47
43
37
32
31
30
34
39
39
37
37
34
31
31
32
35
34
32
31
29
29
31
32
31
29
28
26
23
23
25
23
20
18
15
9
5
6
7
5
4
0
-6
-11
-13
-11
-15
-17
-20
-24
-30
-35
-37
-38
-37
-36
-41
-48
-57
-61
-62
-59
-56
-56
-60
-66
-74
-78
-76
-70
-64
-61
-62
-65
-73
-74
-70
-67
-61
-55
-52
-52
-55
-55
-56
-53
-47
-39
-34
-33
-35
-36
-37
-36
-33
-29
-23
-18
-17
-18
-20
-20
-18
-15
-10
-7
-6
-4
-4
-6
-7
-3
1
7
10
12
10
7
7
10
14
19
24
29
26
23
21
21
24
34
42
45
44
42
38
36
39
45
51
55
56
52
48
45
45
49
54
58
61
59
58
55
53
54
54
55
55
54
53
48
45
45
45
44
45
44
40
36
32
31
30
29
26
23
18
13
10
7
3
5
3
1
-3
-7
-12
-16
-17
-18
-16
-15
-17
-20
-25
-30
-35
-36
-35
-32
-31
-31
-36
-42
-46
-48
-48
-46
-42
-41
-42
-44
-50
-51
-52
-50
-47
-45
-45
-43
-43
-46
-45
-43
-41
-38
-37
-36
-32
-33
-31
-27
-27
-25
-26
-26
-25
-21
-17
-12
-11
-9
-8
-10
-9
-7
-4
1
7
9
9
9
7
8
11
16
22
27
27
25
22
23
26
29
32
36
36
35
32
31
30
31
34
37
38
41
38
34
30
30
31
34
37
36
35
32
29
27
29
30
34
34
30
24
21
17
16
18
21
21
18
13
10
7
8
8
8
8
7
4
1
-1
-1
-3
-5
-6
-7
-7
-6
-8
-12
-13
-15
-14
-15
-14
-16
-17
-19
-20
-20
-21
-21
-21
-23
-24
-23
-22
-21
-22
-22
-24
-26
-27
-27
-24
-21
-20
-19
-21
-25
-25
-23
-20
-17
-14
-16
-16
-18
-19
-17
-16
-12
-11
-10
-11
-11
-12
-10
-6
-4
-2
0
0
1
0
1
1
2
5
6
8
9
9
7
8
9
11
12
11
12
13
13
13
13
16
16
16
15
15
14
14
15
16
15
13
11
10
8
10
12
12
13
13
9
7
7
6
8
8
10
11
6
5
3
3
2
3
4
6
4
4
2
-1
-2
-3
-2
-1
0
0
-2
-4
-5
-6
-4
-3
-3
-1
-2
-4
-5
-5
-5
-5
-5
-4
-4
-5
-5
-7
-7
-6
-6
-6
-7
-8
-11
-13
-14
-13
-12
-11
-11
-11
-12
-15
-15
-15
-13
-10
-11
-11
-11
-11
-13
-12
-10
-8
-7
-8
-8
-9
-9
-10
-11
-9
-8
-8
-8
-10
-8
-8
-7
-7
-7
-6
-5
-7
-6
-6
-7
-4
-2
-3
-2
-3
-3
-1
0
1
2
2
3
1
0
2
4
6
8
8
9
7
7
6
7
11
12
11
11
9
11
11
13
15
16
16
16
15
16
19
20
20
20
21
20
19
20
22
23
25
24
24
22
20
20
20
22
24
23
24
22
21
20
18
17
18
20
22
20
19
18
16
15
15
15
15
13
14
13
11
10
10
10
8
5
3
4
4
4
3
1
-1
-2
-4
-4
-6
-7
-8
-8
-8
-11
-12
-14
-14
-15
-15
-15
-17
-17
-21
-21
-22
-23
-24
-25
-26
-27
-29
-30
-29
-29
-29
-31
-32
-33
-35
-36
-36
-35
-34
-34
-34
-34
-35
-36
-34
-34
-35
-35
-35
-36
-35
-33
-32
-33
-32
-31
-29
-27
-25
-24
-24
-22
-22
-21
-18
-14
-11
-11
-9
-8
-7
-5
-3
-1
0
2
5
7
9
11
12
12
13
15
19
23
24
26
26
28
28
29
32
33
35
36
37
38
39
40
39
40
41
42
43
44
44
46
47
45
45
46
47
46
45
44
44
43
42
40
39
38
37
36
35
33
31
28
26
24
22
21
20
17
15
12
9
6
3
2
0
-1
-4
-8
-10
-11
-15
-16
-17
-18
-20
-22
-23
-26
-28
-30
-32
-32
-33
-33
-35
-37
-39
-39
-41
-41
-43
-44
-44
-44
-44
-45
-45
-45
-45
-45
-45
-43
-42
-41
-41
-42
-40
-40
-38
-37
-36
-34
-32
-31
-29
-28
-27
-28
-26
-23
-20
-18
-16
-16
-16
-13
-11
-9
-6
-5
-4
-2
0
1
3
5
7
8
10
12
13
15
16
18
21
22
23
25
27
28
29
31
33
33
33
34
36
38
38
37
37
38
38
40
41
42
42
41
39
36
37
36
34
34
32
31
29
27
24
23
24
22
23
24
21
19
16
11
11
9
8
8
8
7
3
1
-2
-3
-1
0
-1
0
-3
-6
-7
-11
-12
-11
-12
-12
-13
-14
-16
-19
-20
-21
-20
-19
-20
-20
-22
-22
-24
-24
-26
-25
-23
-22
-23
-24
-23
-22
-21
-21
-21
-21
-21
-20
-19
-18
-17
-16
-16
-16
-16
-15
-13
-11
-9
-9
-9
-9
-10
-9
-6
-4
-3
-2
0
1
0
1
2
3
5
7
9
10
10
9
10
11
12
14
16
17
16
17
16
16
16
18
19
18
20
19
17
17
16
16
16
15
14
15
14
12
11
12
12
11
10
10
9
7
7
7
7
6
5
5
3
2
2
1
2
0
0
0
-2
-3
-5
-6
-6
-8
-7
-8
-11
-12
-12
-12
-13
-12
-13
-13
-14
-14
-13
-12
-13
-13
-12
-12
-11
-10
-9
-8
-7
-7
-6
-6
-6
-5
-3
-4
-3
-3
-4
-4
-4
-3
-3
-5
-4
-4
-4
-3
-3
-4
-4
-5
-4
-4
-5
-3
-4
-4
-4
-4
-5
-6
-5
-6
-5
-5
-6
-4
-4
-4
-4
-4
-3
-3
-3
-1
-1
0
0
2
2
3
3
4
4
5
7
8
8
9
8
10
10
10
11
11
11
12
11
10
11
11
10
9
10
10
9
8
7
6
4
5
6
6
5
3
2
3
1
2
1
-1
0
0
0
2
-1
-2
-2
-3
-1
0
0
0
0
-1
0
-1
-1
0
0
-1
2
0
1
3
1
0
1
0
0
-1
0
2
1
0
1
-1
-1
0
-3
-3
-4
-3
-2
-4
-3
-4
-4
-4
-4
-5
-4
-4
-5
-5
-6
-6
-5
-6
-5
-5
-6
-5
-7
-7
-6
-6
-6
-7
-8
-7
-8
-8
-9
-9
-8
-8
-11
-10
-10
-11
-12
-13
-12
-11
-11
-12
-12
-13
-13
-13
-14
-16
-16
-16
-14
-14
-14
-13
-13
-14
-13
-13
-12
-11
-13
-12
