-3
-2
-1
0
2
3
4
4
4
4
4
5
5
6
6
6
7
7
7
8
7
7
6
5
5
5
4
2
2
2
2
3
3
2
3
1
1
-1
-1
-1
-2
-2
-2
-3
-3
-3
-4
-4
-4
-5
-4
-4
-4
-6
-6
-7
-6
-6
-5
-4
-2
-1
-2
-1
-1
-1
-3
-4
-6
-8
-9
-10
-11
-11
-11
-14
-14
-16
-18
-20
-23
-24
-25
-28
-29
-32
-34
-36
-37
-40
-42
-44
-46
-48
-51
-51
-54
-54
-55
-51
-47
-42
-35
-28
-18
-11
-2
7
13
22
27
34
40
45
51
57
64
70
74
78
81
82
82
81
77
73
68
61
55
47
40
32
25
17
14
8
2
1
-3
-6
-7
-10
-10
-13
-13
-11
-9
-7
-5
0
7
14
20
25
31
34
38
39
38
37
36
34
31
29
28
28
29
30
30
30
31
32
32
30
32
31
31
31
28
28
27
27
28
29
29
29
31
29
24
20
15
6
-2
-12
-22
-29
-37
-44
-51
-59
-64
-71
-76
-82
-85
-90
-94
-95
-99
-100
-105
-105
-106
-109
-110
-108
-105
-103
-102
-102
-102
-102
-105
-108
-110
-112
-115
-115
-111
-104
-94
-83
-67
-52
-40
-27
-17
-1
13
23
36
45
55
63
71
79
91
103
113
124
134
139
141
137
133
123
108
91
77
63
45
30
20
14
6
-3
-9
-11
-16
-23
-33
-44
-50
-60
-72
-82
-87
-89
-90
-86
-80
-71
-58
-44
-30
-17
-1
18
38
54
67
82
100
117
128
142
161
184
197
202
209
217
224
225
223
223
226
224
217
208
199
193
189
185
173
162
152
142
125
107
92
80
76
64
48
33
22
10
-6
-22
-37
-45
-58
-74
-92
-112
-125
-134
-143
-153
-163
-171
-176
-186
-197
-203
-203
-200
-201
-206
-205
-201
-196
-193
-190
-179
-170
-166
-170
-177
-181
-186
-196
-208
-222
-234
-247
-262
-275
-279
-268
-246
-227
-206
-185
-165
-143
-131
-118
-98
-75
-51
-38
-26
-7
15
42
70
102
130
156
176
189
193
185
174
163
142
120
94
74
63
48
35
30
30
35
31
23
17
9
-4
-30
-51
-68
-78
-86
-96
-98
-94
-82
-65
-51
-36
-18
4
22
32
42
56
77
97
118
144
170
203
231
263
295
324
354
372
385
389
388
385
378
372
365
363
361
353
342
324
307
290
269
249
229
208
186
158
135
109
86
66
48
38
22
8
-4
-23
-43
-74
-103
-125
-148
-164
-184
-194
-205
-218
-228
-241
-242
-243
-248
-250
-261
-265
-269
-272
-263
-260
-250
-244
-235
-226
-225
-222
-222
-217
-221
-231
-246
-265
-279
-296
-322
-344
-362
-355
-335
-300
-264
-241
-208
-189
-162
-157
-157
-141
-120
-85
-70
-55
-28
8
56
89
124
155
181
195
186
171
149
128
108
86
49
27
11
11
10
-2
1
4
10
-1
-26
-43
-62
-76
-107
-130
-137
-132
-114
-106
-87
-63
-37
-9
10
27
43
58
73
82
90
100
122
156
193
229
274
314
357
382
401
416
425
439
441
446
445
446
444
443
452
455
462
458
445
427
398
367
333
297
269
248
223
205
188
167
147
123
102
79
58
35
12
-17
-45
-71
-102
-128
-150
-165
-174
-193
-206
-219
-234
-244
-256
-262
-270
-278
-281
-286
-293
-299
-296
-292
-287
-283
-284
-279
-277
-277
-287
-297
-300
-307
-320
-342
-362
-389
-418
-449
-481
-472
-435
-353
-296
-268
-242
-224
-189
-192
-203
-182
-124
-54
-28
-32
-13
47
120
161
177
189
210
216
183
132
97
84
79
55
11
-7
-7
19
23
0
-10
-9
-1
-25
-71
-92
-93
-92
-119
-147
-138
-105
-58
-40
-31
-15
11
38
40
38
44
64
91
106
120
140
181
234
269
300
329
363
392
396
397
395
406
420
434
442
456
467
466
457
446
450
450
439
413
383
359
337
311
283
263
245
222
193
155
129
108
85
57
25
2
-20
-42
-73
-106
-138
-172
-201
-227
-244
-253
-265
-275
-292
-299
-296
-291
-286
-290
-297
-303
-309
-315
-317
-310
-290
-271
-262
-263
-265
-260
-258
-267
-286
-297
-306
-324
-350
-391
-427
-465
-506
-479
-422
-301
-202
-188
-163
-198
-191
-218
-256
-204
-131
-20
12
3
24
87
189
239
250
233
224
205
141
75
44
58
83
73
12
-8
-1
23
26
-43
-72
-99
-106
-126
-172
-163
-137
-105
-117
-148
-133
-87
-20
-13
-36
-34
-25
11
25
38
83
132
183
205
211
242
288
336
370
376
402
444
482
507
512
527
544
556
555
554
564
570
564
530
502
503
515
522
497
462
433
394
344
287
241
223
208
173
134
103
96
87
57
16
-23
-50
-85
-131
-187
-226
-254
-281
-306
-327
-329
-320
-322
-339
-360
-364
-355
-347
-351
-352
-346
-340
-338
-346
-334
-315
-291
-292
-313
-321
-327
-306
-316
-347
-374
-406
-429
-469
-538
-580
-527
-462
-328
-268
-261
-207
-249
-254
-335
-387
-304
-191
-42
-4
-4
14
64
138
143
151
139
138
123
42
0
9
57
117
97
16
-24
-75
-73
-84
-133
-118
-130
-118
-127
-150
-110
-75
-41
-71
-124
-140
-115
-42
-15
6
39
60
114
123
142
201
233
282
274
253
275
316
384
435
460
489
529
571
597
614
612
613
605
576
575
592
631
660
644
607
576
553
541
522
490
467
429
376
331
287
270
260
229
177
111
58
22
-7
-38
-53
-74
-97
-128
-173
-200
-235
-283
-334
-382
-407
-420
-418
-415
-409
-406
-406
-405
-404
-404
-411
-426
-447
-462
-460
-425
-370
-333
-309
-307
-327
-344
-397
-424
-443
-458
-488
-546
-622
-612
-508
-375
-208
-201
-196
-213
-296
-365
-474
-423
-232
-50
74
65
57
81
117
119
102
116
107
108
48
8
32
87
136
141
53
-56
-132
-219
-228
-231
-207
-136
-136
-112
-111
-128
-118
-145
-174
-229
-275
-276
-214
-104
-14
84
127
152
171
148
167
183
218
263
279
306
364
450
543
605
615
605
606
595
600
618
665
734
747
753
758
780
803
772
713
648
591
556
546
561
586
608
589
534
466
387
323
263
199
132
75
31
26
28
34
28
-19
-72
-154
-232
-292
-345
-373
-386
-396
-404
-402
-398
-398
-409
-449
-487
-508
-520
-498
-474
-445
-426
-426
-419
-418
-414
-416
-418
-423
-438
-466
-488
-503
-495
-518
-545
-622
-656
-580
-479
-305
-269
-263
-277
-365
-437
-542
-510
-307
-77
96
80
22
-8
-15
11
-15
32
79
134
114
41
31
80
140
125
2
-144
-220
-267
-264
-244
-187
-85
-51
-78
-147
-209
-206
-215
-235
-278
-287
-243
-173
-70
-12
65
94
72
49
-2
37
116
219
314
376
428
476
520
540
553
541
543
568
590
661
740
850
947
962
936
865
832
820
797
781
768
778
785
787
785
782
766
703
596
478
381
324
297
283
277
251
209
153
80
19
-43
-107
-163
-218
-252
-264
-283
-297
-329
-364
-411
-474
-522
-558
-567
-571
-563
-543
-527
-511
-506
-505
-519
-533
-544
-537
-520
-502
-465
-436
-424
-437
-483
-513
-541
-563
-578
-631
-675
-632
-532
-366
-266
-275
-271
-320
-401
-522
-612
-489
-224
11
101
39
-7
-13
-13
-53
-82
-20
73
139
78
6
34
101
154
85
-74
-176
-243
-261
-251
-217
-120
-37
-32
-91
-187
-237
-232
-220
-218
-223
-197
-144
-74
-30
6
50
42
16
-29
-35
61
173
297
375
408
436
447
446
447
451
488
538
576
644
738
873
967
1003
968
901
829
760
745
772
835
898
922
920
894
856
811
731
630
529
468
435
421
415
425
430
369
249
115
17
-46
-91
-128
-137
-136
-152
-194
-253
-306
-351
-400
-464
-519
-558
-556
-547
-537
-523
-512
-496
-508
-530
-560
-570
-555
-540
-504
-471
-440
-402
-381
-379
-427
-487
-519
-526
-534
-544
-552
-545
-551
-626
-605
-546
-405
-315
-376
-430
-506
-558
-634
-677
-569
-297
-51
31
-70
-183
-211
-188
-197
-223
-150
-29
101
82
2
4
71
141
100
-71
-179
-212
-194
-142
-115
-15
100
133
54
-75
-145
-115
-83
-101
-119
-86
3
76
94
89
135
164
167
126
87
149
257
363
421
432
432
449
445
445
449
483
560
642
711
767
820
857
884
853
826
805
802
814
833
867
913
944
925
882
825
782
731
659
574
529
509
504
474
424
382
316
220
100
12
-30
-26
-40
-64
-107
-173
-246
-327
-386
-413
-417
-432
-453
-503
-540
-557
-565
-571
-589
-598
-595
-594
-585
-564
-527
-486
-458
-462
-485
-497
-510
-505
-505
-502
-473
-439
-421
-416
-436
-441
-460
-526
-609
-674
-723
-677
-624
-554
-475
-504
-504
-557
-586
-632
-668
-629
-508
-356
-283
-271
-299
-266
-213
-184
-205
-190
-154
-67
-39
-57
-37
16
98
135
97
58
54
50
79
85
127
199
256
265
225
173
162
174
175
171
195
246
316
349
338
355
365
372
344
290
293
337
401
432
447
453
492
512
497
494
491
541
584
610
638
692
737
770
748
714
692
691
717
751
791
820
839
800
744
678
643
639
628
596
583
561
525
463
385
345
302
251
189
134
89
56
7
-56
-107
-162
-231
-314
-390
-432
-449
-478
-492
-515
-521
-517
-553
-598
-632
-637
-637
-623
-613
-594
-569
-555
-555
-576
-596
-586
-571
-550
-541
-541
-513
-488
-488
-512
-542
-545
-544
-568
-618
-656
-668
-674
-686
-747
-734
-697
-629
-583
-630
-632
-635
-625
-654
-692
-650
-522
-385
-314
-315
-313
-270
-228
-221
-233
-169
-78
21
59
58
110
178
236
255
224
229
243
243
254
264
341
427
484
484
456
432
428
433
422
423
453
503
557
582
560
546
523
521
502
461
456
481
529
553
539
508
507
506
509
493
486
517
556
592
592
597
588
591
579
560
564
596
622
643
629
603
578
537
527
512
515
508
490
457
419
374
332
294
252
205
150
88
30
-15
-55
-74
-113
-158
-208
-270
-320
-375
-420
-446
-466
-481
-495
-516
-538
-552
-577
-595
-609
-618
-620
-615
-615
-614
-609
-595
-573
-559
-555
-536
-526
-526
-539
-573
-585
-589
-570
-549
-537
-519
-508
-521
-550
-588
-611
-616
-630
-635
-643
-648
-628
-600
-547
-510
-504
-506
-529
-548
-575
-584
-526
-416
-294
-208
-177
-153
-137
-102
-71
-35
30
85
155
201
235
289
344
415
456
459
447
423
410
423
458
520
578
625
633
617
594
582
595
598
602
609
622
639
640
632
633
632
626
603
571
552
544
546
532
514
496
493
491
466
437
429
436
434
415
387
387
376
350
341
342
358
367
357
361
353
328
283
237
220
233
254
253
239
202
173
125
73
34
6
-8
-29
-66
-104
-123
-154
-178
-215
-254
-277
-320
-369
-408
-425
-420
-423
-434
-461
-479
-484
-495
-506
-532
-537
-532
-535
-526
-530
-520
-501
-504
-518
-542
-557
-548
-538
-532
-534
-535
-534
-534
-537
-539
-528
-513
-519
-541
-572
-584
-572
-563
-544
-543
-550
-565
-586
-583
-540
-468
-405
-362
-367
-371
-370
-364
-332
-276
-178
-75
-6
29
55
97
157
204
238
266
308
346
381
418
470
537
579
591
579
559
555
565
576
601
624
651
671
679
687
687
685
682
674
666
659
658
659
657
650
635
617
578
539
508
487
479
457
433
403
370
338
301
249
210
183
175
169
161
153
143
121
88
58
29
20
13
14
8
1
-9
-17
-35
-47
-49
-56
-62
-83
-115
-136
-147
-162
-170
-177
-185
-201
-226
-246
-251
-256
-265
-269
-273
-278
-284
-291
-303
-300
-302
-299
-303
-314
-318
-335
-339
-351
-360
-368
-382
-384
-383
-383
-389
-403
-411
-420
-419
-432
-448
-448
-457
-458
-463
-470
-476
-487
-495
-501
-494
-482
-470
-452
-432
-414
-411
-418
-428
-430
-427
-413
-381
-321
-247
-180
-129
-107
-82
-73
-62
-44
-12
54
132
211
279
319
354
381
409
441
464
495
519
538
549
565
589
623
654
670
674
675
670
668
676
689
717
730
725
699
667
652
652
654
652
642
625
594
548
494
455
420
383
347
295
260
240
216
182
136
86
38
-16
-65
-100
-118
-122
-129
-156
-165
-186
-200
-217
-243
-246
-253
-262
-267
-261
-257
-245
-244
-248
-246
-237
-231
-230
-224
-221
-217
-218
-216
-211
-208
-200
-205
-210
-199
-184
-160
-152
-154
-147
-151
-168
-185
-201
-201
-199
-201
-209
-235
-248
-249
-254
-257
-258
-269
-292
-308
-339
-372
-384
-395
-394
-396
-404
-403
-403
-397
-392
-391
-393
-392
-391
-392
-395
-378
-347
-328
-312
-301
-280
-257
-245
-242
-250
-238
-211
-168
-117
-58
0
42
66
75
84
97
139
202
279
350
395
419
430
440
462
492
534
577
609
630
630
633
641
665
678
678
664
647
643
638
638
646
653
643
609
559
511
483
472
464
451
425
392
349
306
261
216
181
139
95
46
11
-25
-48
-74
-106
-142
-188
-224
-264
-290
-307
-322
-330
-330
-344
-333
-309
-290
-286
-318
-321
-320
-310
-297
-265
-199
-143
-136
-167
-197
-197
-167
-133
-108
-98
-79
-72
-80
-105
-106
-92
-81
-84
-118
-127
-126
-131
-147
-141
-128
-132
-140
-167
-183
-193
-212
-227
-259
-278
-285
-279
-276
-290
-295
-297
-304
-317
-322
-325
-326
-336
-351
-346
-351
-345
-322
-305
-286
-274
-278
-293
-293
-285
-270
-240
-222
-219
-216
-230
-220
-191
-115
-28
31
68
54
49
21
7
39
142
286
412
493
504
491
474
466
477
512
564
648
711
748
734
717
703
687
655
606
570
569
591
603
612
598
571
515
440
354
320
316
341
345
322
289
245
192
129
76
41
31
11
-6
-33
-49
-64
-92
-138
-194
-248
-301
-324
-336
-330
-316
-306
-302
-314
-335
-340
-330
-301
-270
-236
-205
-180
-175
-176
-164
-158
-119
-89
-49
-10
6
6
-15
-51
-73
-77
-63
-39
-34
-42
-57
-84
-122
-155
-182
-185
-185
-195
-202
-221
-254
-275
-294
-297
-298
-292
-280
-282
-287
-293
-306
-323
-334
-326
-305
-289
-288
-287
-283
-280
-292
-292
-288
-272
-257
-254
-258
-254
-241
-249
-259
-267
-269
-256
-265
-293
-238
-109
86
183
142
81
24
18
-17
4
176
482
748
812
672
476
382
383
439
534
682
872
982
908
755
614
576
553
487
426
417
456
504
503
454
407
329
227
95
16
50
176
254
254
164
70
-8
-86
-115
-100
-32
48
94
64
29
-30
-61
-82
-125
-156
-157
-133
-82
-46
-45
-60
-120
-180
-235
-260
-236
-179
-125
-81
-43
-14
8
-37
-98
-143
-137
-87
-42
30
126
183
163
49
-95
-174
-162
-87
5
70
72
24
-111
-267
-364
-387
-348
-314
-300
-301
-333
-402
-479
-538
-556
-537
-507
-471
-440
-423
-428
-471
-518
-539
-514
-441
-372
-312
-293
-300
-319
-352
-357
-353
-322
-294
-286
-305
-352
-357
-365
-362
-405
-449
-334
-116
184
286
194
76
-21
-58
-120
-22
375
931
1282
1180
777
411
298
370
529
815
1139
1380
1303
941
577
363
351
389
426
487
549
548
452
302
162
61
-45
-141
-151
-66
105
229
208
76
-120
-247
-283
-209
-50
113
219
229
156
30
-52
-68
0
112
192
242
260
252
237
182
106
44
10
37
92
156
201
209
143
24
-84
-114
-23
84
170
205
174
105
-2
-77
-50
42
136
152
106
52
4
-41
-84
-98
-100
-108
-163
-239
-299
-341
-380
-464
-554
-625
-669
-696
-710
-699
-683
-682
-710
-748
-767
-760
-743
-729
-703
-653
-602
-546
-506
-485
-470
-468
-462
-436
-416
-366
-304
-251
-251
-320
-444
-530
-584
-542
-211
160
497
386
29
-215
-340
-253
-134
277
956
1497
1466
864
217
-28
192
570
954
1351
1549
1469
953
371
81
110
368
581
728
770
659
378
75
-178
-286
-246
-135
46
223
287
271
93
-163
-386
-490
-305
19
332
474
428
269
79
-89
-162
-37
197
479
634
588
461
260
122
51
54
165
304
439
499
435
278
97
-56
-73
76
289
503
569
499
366
174
57
49
147
336
506
580
507
290
76
-51
-96
-73
-14
67
93
-7
-205
-429
-629
-739
-776
-752
-673
-629
-658
-779
-943
-1069
-1116
-1088
-995
-851
-736
-693
-761
-880
-961
-991
-934
-815
-653
-517
-472
-501
-593
-694
-775
-802
-708
-587
-510
-532
-628
-427
-142
123
62
-280
-352
-346
-213
-118
181
845
1343
1290
648
10
-177
107
585
1038
1458
1547
1229
550
-48
-167
32
403
687
852
787
451
-26
-340
-385
-278
-78
85
264
365
254
54
-177
-326
-302
-159
168
521
705
614
292
-41
-184
-79
174
525
773
857
725
381
122
2
127
386
584
707
702
619
462
275
140
139
237
393
646
863
983
850
517
257
104
216
488
788
1046
1068
835
411
8
-135
32
281
456
493
365
107
-290
-610
-709
-637
-483
-407
-423
-506
-682
-895
-1066
-1130
-1041
-878
-752
-695
-723
-842
-974
-1107
-1117
-1001
-854
-694
-624
-637
-760
-940
-1001
-962
-872
-848
-840
-828
-820
-901
-985
-686
-297
53
-138
-548
-629
-548
-319
-232
127
783
1176
928
178
-313
-204
296
788
1142
1359
1180
665
-50
-372
-201
184
574
739
707
368
-158
-608
-671
-459
-148
119
261
276
60
-273
-454
-461
-304
-118
123
453
606
516
205
-61
-119
10
246
526
789
841
694
376
125
92
201
458
694
820
770
525
319
229
297
454
602
844
985
967
769
557
536
577
686
850
1097
1258
1179
956
667
463
389
496
753
959
969
670
241
-120
-285
-283
-212
-80
20
-36
-324
-634
-823
-847
-767
-683
-553
-475
-512
-622
-777
-884
-923
-894
-793
-693
-649
-691
-792
-906
-992
-1041
-1009
-962
-935
-1051
-1177
-1282
-1115
-667
-341
-197
-598
-935
-1063
-960
-615
-196
471
962
895
231
-500
-731
-380
277
879
1278
1211
661
-55
-585
-572
-301
122
457
568
310
-281
-824
-1052
-845
-529
-193
50
116
-45
-466
-823
-875
-653
-258
112
427
537
312
-82
-387
-360
-57
370
735
910
774
386
40
-134
-2
270
569
825
831
650
326
95
67
206
429
644
797
814
831
750
685
624
601
782
940
1152
1291
1269
1160
981
877
847
853
902
1010
1008
868
655
427
321
203
131
99
52
13
-140
-315
-419
-433
-427
-418
-423
-390
-358
-410
-443
-461
-434
-375
-346
-338
-375
-424
-432
-401
-397
-465
-579
-688
-754
-861
-1025
-1047
-984
-710
-380
-294
-370
-892
-1248
-1252
-981
-469
-80
370
613
379
-257
-879
-962
-431
332
899
1110
835
183
-510
-932
-747
-250
283
578
478
8
-676
-1209
-1350
-1018
-538
-77
123
-48
-433
-935
-1192
-1097
-746
-225
149
321
186
-185
-514
-641
-463
-90
329
607
612
333
-30
-194
-173
21
248
466
616
523
276
33
-15
135
332
501
616
616
604
576
586
672
729
843
910
970
1064
1129
1148
1125
1149
1189
1166
1044
955
970
997
979
839
680
526
348
218
136
143
154
76
-56
-162
-275
-361
-368
-320
-196
-168
-213
-232
-240
-179
-163
-178
-181
-176
-167
-186
-220
-241
-275
-345
-436
-497
-633
-700
-788
-647
-211
33
78
-502
-956
-997
-806
-401
-77
453
828
646
-55
-732
-848
-392
290
813
1103
889
230
-519
-952
-726
-300
102
302
221
-190
-851
-1354
-1441
-1099
-724
-418
-305
-450
-785
-1237
-1426
-1255
-875
-421
-143
-40
-212
-595
-875
-891
-586
-177
154
279
188
-105
-409
-464
-320
-40
142
206
214
63
-132
-262
-180
99
311
430
434
409
433
453
535
655
757
829
844
867
995
1132
1221
1245
1223
1185
1085
985
993
1067
1133
1068
911
764
597
429
239
190
256
306
226
53
-57
-183
-270
-274
-132
92
166
111
12
-51
-87
-119
-54
112
274
277
155
-1
-114
-210
-314
-308
-301
-303
-390
-453
-195
70
126
-249
-735
-805
-608
-283
3
383
754
699
155
-460
-635
-286
313
810
1089
942
342
-377
-804
-669
-249
148
341
249
-156
-783
-1282
-1407
-1125
-715
-401
-282
-456
-855
-1334
-1576
-1405
-980
-518
-233
-171
-366
-751
-1070
-1094
-795
-396
-64
56
-50
-368
-728
-875
-717
-387
-118
-40
-152
-358
-588
-696
-600
-317
-15
118
131
55
60
176
300
487
595
685
730
717
821
948
1078
1166
1186
1165
1055
921
894
966
1047
1051
909
716
541
382
259
174
183
227
207
119
4
-113
-214
-209
-104
74
191
204
172
106
61
43
96
262
450
529
465
284
129
-20
-124
-144
-57
81
193
346
447
405
-10
-453
-550
-262
215
519
780
947
794
277
-327
-452
19
721
1211
1310
975
329
-330
-664
-421
79
531
628
333
-195
-815
-1197
-1203
-841
-397
-131
-124
-401
-842
-1297
-1470
-1227
-743
-288
-111
-200
-489
-840
-1064
-1035
-732
-320
-22
12
-212
-565
-863
-979
-885
-617
-355
-258
-385
-692
-971
-1116
-1037
-754
-463
-246
-248
-340
-312
-234
-93
-18
104
302
390
450
544
725
898
903
770
635
562
620
757
882
933
763
463
211
95
92
81
84
76
37
-64
-194
-287
-333
-312
-261
-155
-11
100
136
81
16
49
157
264
305
347
423
444
398
313
264
238
196
168
236
530
798
828
472
35
-92
42
391
730
1070
1267
1058
534
48
-35
318
818
1237
1412
1154
515
-92
-314
-57
316
598
701
494
42
-503
-786
-727
-427
-142
33
37
-189
-574
-945
-1014
-743
-371
-110
-88
-224
-433
-658
-741
-635
-367
-130
-54
-139
-329
-570
-759
-783
-635
-421
-332
-418
-592
-814
-986
-1069
-987
-743
-526
-403
-493
-605
-653
-611
-428
-253
-26
73
50
25
63
224
389
497
537
512
417
352
331
361
404
349
262
98
-69
-181
-224
-190
-217
-300
-403
-447
-456
-464
-471
-460
-411
-344
-263
-178
-99
-73
-91
-107
-61
39
119
177
216
181
56
-66
-58
110
375
685
884
787
371
-33
-100
180
606
987
1314
1432
1199
649
162
106
509
1119
1589
1690
1277
531
-98
-234
98
548
849
862
575
52
-467
-682
-531
-133
248
469
401
28
-439
-735
-642
-252
204
490
502
243
-138
-398
-392
-117
220
477
532
344
-13
-376
-507
-371
-98
91
62
-178
-502
-767
-879
-793
-612
-432
-383
-446
-553
-664
-720
-671
-468
-231
-99
-124
-218
-274
-237
-104
65
208
269
233
120
-9
-70
-32
48
90
38
-122
-337
-545
-663
-659
-576
-479
-492
-611
-774
-901
-925
-846
-676
-514
-404
-395
-464
-553
-577
-470
-260
-72
18
-8
-120
-238
-327
-319
-212
-36
293
667
827
596
30
-268
-125
318
789
1114
1387
1379
967
392
75
263
815
1381
1748
1673
1087
310
-213
-153
315
772
1021
891
443
-173
-636
-656
-318
150
459
507
262
-170
-555
-624
-317
156
531
654
530
232
-70
-163
11
358
663
808
760
513
165
-86
-59
222
507
578
395
84
-219
-421
-422
-261
-33
138
163
39
-213
-475
-545
-359
-9
300
388
234
-61
-301
-334
-174
89
344
465
378
70
-275
-461
-395
-176
4
9
-210
-570
-918
-1072
-1000
-798
-661
-684
-840
-1043
-1203
-1283
-1228
-1038
-803
-649
-649
-769
-906
-1000
-962
-749
-463
-237
-217
-380
-599
-805
-779
-428
238
765
745
216
-363
-510
-231
313
914
1414
1531
1141
466
-22
-39
398
1079
1670
1827
1348
493
-176
-302
50
526
882
943
578
-83
-718
-929
-675
-206
232
455
364
-52
-602
-884
-698
-190
329
629
655
428
55
-205
-136
228
677
962
996
798
461
173
103
290
586
772
725
489
176
-64
-146
-40
193
406
459
302
95
-6
49
189
337
481
548
500
406
381
465
546
555
515
466
414
374
352
344
287
139
-29
-152
-216
-309
-440
-577
-668
-711
-776
-861
-979
-1089
-1137
-1130
-1064
-998
-966
-962
-977
-985
-975
-939
-897
-815
-766
-726
-736
-753
-774
-802
-738
-494
-57
205
104
-319
-604
-533
-236
171
564
900
940
599
106
-172
-41
396
930
1287
1265
790
169
-209
-167
173
490
675
587
259
-218
-609
-717
-548
-231
30
112
-66
-409
-728
-791
-588
-282
-40
40
-31
-183
-290
-265
-119
93
296
423
411
282
151
149
295
485
621
628
529
349
191
163
254
410
516
531
477
384
338
377
491
611
685
721
731
724
717
739
801
871
899
883
842
789
746
717
692
649
544
427
302
195
91
-24
-125
-220
-295
-370
-449
-533
-646
-733
-769
-760
-757
-788
-810
-814
-790
-732
-659
-658
-740
-834
-832
-735
-663
-643
-695
-755
-714
-506
-164
-25
-186
-507
-668
-557
-294
58
410
648
593
251
-136
-275
-56
411
881
1083
870
335
-154
-322
-149
178
427
496
287
-135
-571
-786
-711
-442
-149
22
-59
-402
-800
-1008
-895
-588
-293
-151
-210
-401
-602
-681
-562
-330
-97
45
71
7
-127
-224
-183
-1
206
307
265
147
30
-39
-11
98
233
310
308
277
275
292
348
430
528
628
677
692
681
727
840
944
974
938
883
846
855
883
917
893
781
629
507
451
384
271
147
58
23
-9
-63
-147
-254
-361
-442
-494
-481
-434
-375
-368
-432
-497
-570
-594
-574
-540
-461
-416
-377
-424
-553
-579
-431
-32
221
193
-97
-357
-405
-289
4
372
714
792
568
175
-112
-125
188
685
1024
963
528
46
-176
-145
54
240
351
244
-68
-416
-636
-625
-480
-281
-144
-163
-372
-636
-782
-721
-548
-381
-308
-346
-506
-685
-736
-631
-429
-285
-215
-238
-359
-493
-545
-435
-234
-88
-46
-108
-237
-367
-422
-339
-168
-17
58
55
19
-29
-38
38
180
343
439
457
456
454
495
567
665
752
775
748
714
712
735
750
730
684
595
485
386
326
298
256
168
51
-65
-134
-169
-181
-185
-207
-257
-330
-378
-385
-343
-307
-294
-294
-316
-339
-378
-399
-395
-347
-339
-276
-140
94
340
318
172
-89
-168
-16
237
566
756
820
741
516
287
198
344
690
993
1032
803
373
63
-12
136
398
490
436
153
-203
-507
-620
-469
-211
-15
-28
-243
-534
-737
-739
-516
-246
-93
-153
-376
-600
-719
-671
-485
-279
-144
-157
-306
-488
-624
-626
-479
-282
-125
-128
-301
-513
-669
-633
-447
-234
-95
-115
-184
-268
-287
-230
-89
94
225
275
241
208
217
312
450
557
581
545
522
534
580
601
592
551
471
394
314
263
216
160
89
-3
-90
-163
-192
-192
-227
-307
-395
-422
-386
-367
-383
-432
-439
-443
-455
-454
-424
-398
-428
-463
-519
-480
-368
-109
239
400
361
70
-147
-142
89
526
921
1164
1098
745
350
174
379
882
1344
1489
1230
706
264
90
259
579
789
777
484
86
-262
-417
-323
-97
118
175
6
-282
-533
-598
-450
-201
17
62
-92
-347
-545
-540
-364
-161
-41
-70
-205
-361
-487
-474
-332
-178
-79
-141
-300
-482
-622
-597
-464
-285
-161
-175
-250
-359
-413
-365
-227
-22
124
168
121
41
26
88
227
384
466
471
414
360
359
394
449
481
447
365
244
146
90
62
46
-20
-136
-275
-403
-448
-447
-438
-449
-486
-511
-554
-619
-668
-677
-630
-567
-514
-499
-554
-679
-770
-831
-718
-491
-169
148
168
32
-291
-429
-294
57
576
933
1066
905
547
265
216
493
1017
1453
1557
1257
715
364
308
574
929
1065
965
566
158
-102
-115
95
320
422
328
70
-179
-298
-238
-35
146
251
210
52
-112
-218
-185
-49
87
167
116
-34
-178
-265
-211
-89
10
48
-34
-174
-322
-420
-396
-323
-247
-214
-255
-287
-346
-373
-361
-297
-169
-64
4
5
-30
-30
25
127
214
231
232
246
300
358
370
355
321
272
246
220
208
176
114
45
-45
-141
-241
-318
-362
-397
-451
-521
-603
-663
-704
-698
-681
-702
-747
-837
-857
-848
-779
-747
-777
-886
-967
-886
-649
-315
-180
-199
-405
-548
-533
-364
18
399
687
707
441
124
-35
130
569
1016
1217
1073
677
351
254
409
698
879
904
663
323
50
-20
131
338
459
415
220
24
-62
-14
143
267
335
304
212
128
81
115
207
281
296
230
140
73
63
127
243
312
290
169
44
-10
-8
58
97
89
26
-44
-39
-8
2
-24
-45
-28
7
43
65
72
70
85
117
167
185
180
175
190
235
279
305
294
247
205
188
192
213
205
166
80
-25
-96
-136
-145
-183
-271
-378
-469
-517
-532
-542
-563
-608
-708
-817
-866
-842
-759
-768
-824
-932
-1036
-987
-848
-537
-327
-300
-414
-623
-693
-627
-357
62
382
499
330
9
-177
-135
195
608
819
777
475
175
60
99
325
493
540
403
110
-104
-207
-129
49
165
186
57
-123
-193
-160
-4
109
141
120
21
-36
-39
34
157
191
163
76
-19
-38
-2
94
190
236
236
179
105
75
91
168
230
236
235
201
215
237
262
313
300
317
320
338
386
393
408
384
350
357
352
376
392
384
387
363
357
366
348
332
297
287
327
329
315
245
162
118
95
129
135
65
-40
-165
-232
-263
-291
-305
-367
-443
-555
-641
-646
-629
-637
-710
-830
-890
-964
-925
-792
-597
-419
-467
-561
-704
-735
-636
-440
-117
116
171
70
-96
-182
-149
26
331
549
559
391
150
48
36
153
320
371
306
66
-125
-207
-185
-76
0
9
-69
-202
-238
-196
-94
-19
-46
-101
-172
-180
-117
-47
2
-27
-103
-157
-186
-157
-107
-55
-17
-27
-54
-69
-85
-74
-50
11
73
77
57
37
62
110
168
238
286
298
270
264
298
341
383
406
436
432
410
365
334
344
392
460
499
476
385
307
293
369
466
512
492
396
300
255
288
363
399
372
291
191
106
57
42
24
-26
-95
-143
-184
-234
-308
-381
-424
-437
-432
-423
-464
-532
-630
-710
-669
-562
-349
-246
-276
-420
-592
-619
-509
-249
17
135
67
-118
-285
-309
-163
121
376
413
227
-56
-224
-169
5
233
316
225
0
-226
-278
-176
12
159
163
40
-150
-264
-216
-86
53
80
4
-145
-265
-277
-194
-81
-30
-86
-214
-328
-348
-278
-183
-140
-171
-246
-301
-311
-261
-182
-122
-96
-139
-192
-212
-156
-31
83
142
121
75
49
67
153
268
362
360
286
232
225
289
383
467
501
449
384
369
414
497
537
544
506
431
393
412
485
538
515
464
402
356
353
363
368
312
213
143
94
74
64
48
39
-21
-108
-181
-219
-200
-176
-161
-161
-192
-237
-271
-272
-239
-203
-165
-147
-174
-215
-214
-168
-134
-128
-111
-92
-119
-172
-205
-166
-97
-57
-90
-158
-213
-235
-196
-136
-97
-124
-175
-182
-162
-130
-110
-84
-71
-89
-104
-106
-95
-81
-68
-77
-85
-84
-84
-90
-107
-107
-110
-118
-135
-172
-206
-222
-208
-185
-185
-199
-227
-272
-290
-274
-242
-229
-259
-286
-310
-309
-293
-269
-248
-251
-263
-271
-246
-200
-156
-131
-109
-95
-81
-62
-23
64
165
254
294
276
245
252
333
451
547
591
565
513
479
506
587
657
686
644
572
493
436
439
465
479
459
403
333
265
216
199
184
180
157
133
129
109
84
46
18
1
5
42
65
49
9
-46
-69
-40
4
60
73
32
-43
-120
-110
-51
17
37
-2
-63
-124
-133
-106
-67
-59
-81
-118
-142
-153
-154
-158
-147
-134
-142
-144
-146
-160
-187
-214
-201
-165
-147
-158
-202
-222
-223
-202
-183
-184
-200
-233
-264
-265
-256
-245
-247
-254
-237
-236
-245
-272
-299
-296
-289
-272
-265
-274
-283
-298
-302
-298
-291
-287
-286
-269
-231
-203
-197
-217
-219
-175
-114
-52
-38
-53
-64
-59
-18
29
77
102
104
108
117
141
157
170
188
214
237
241
223
207
214
234
267
284
296
289
273
260
245
243
249
273
312
348
361
351
311
285
282
312
352
372
377
350
308
277
279
317
340
325
282
233
211
209
232
252
242
198
146
108
106
120
142
143
118
77
29
-2
-12
-4
9
13
-4
-36
-77
-97
-101
-80
-62
-71
-103
-150
-170
-159
-132
-109
-112
-139
-174
-202
-204
-203
-193
-183
-180
-184
-206
-236
-254
-263
-255
-241
-242
-255
-288
-318
-330
-328
-308
-297
-300
-302
-317
-317
-318
-310
-287
-263
-228
-210
-211
-217
-226
-214
-181
-149
-126
-127
-137
-138
-127
-106
-89
-86
-93
-102
-100
-82
-54
-31
-30
-50
-62
-59
-33
2
21
35
29
17
10
16
49
92
129
152
157
151
139
138
165
208
249
267
261
243
222
214
229
256
284
292
285
271
260
254
256
263
274
285
285
282
277
277
282
285
280
269
264
261
254
251
240
231
212
198
194
191
187
174
161
132
106
91
94
101
85
56
23
2
-13
-25
-31
-38
-50
-64
-84
-99
-107
-110
-114
-119
-131
-140
-154
-165
-170
-167
-159
-166
-171
-172
-172
-176
-177
-164
-138
-115
-107
-113
-126
-135
-133
-116
-97
-92
-107
-133
-156
-166
-166
-158
-154
-170
-207
-244
-264
-260
-246
-233
-237
-259
-289
-306
-304
-289
-272
-263
-259
-264
-272
-273
-261
-233
-203
-173
-152
-138
-129
-122
-112
-91
-57
-15
16
25
18
12
14
24
40
69
99
116
118
109
96
85
95
125
165
191
193
179
166
165
174
197
221
239
236
219
206
208
223
247
270
277
269
252
238
241
255
270
279
277
259
240
229
225
222
213
203
191
182
170
154
140
124
114
107
100
92
76
59
43
30
34
38
40
35
22
11
6
11
27
45
59
64
58
50
50
66
84
99
99
87
71
52
45
41
41
28
2
-29
-66
-92
-108
-112
-121
-144
-185
-231
-263
-274
-268
-262
-274
-305
-338
-355
-352
-333
-316
-312
-321
-337
-338
-321
-297
-280
-278
-277
-272
-259
-242
-233
-235
-237
-236
-237
-235
-227
-209
-191
-185
-188
-196
-203
-202
-181
-149
-116
-107
-117
-127
-121
-89
-46
-10
12
20
27
36
49
73
111
148
167
178
188
203
214
227
251
274
288
290
285
277
273
279
295
312
314
305
294
291
289
289
290
278
264
245
233
232
235
234
219
197
172
166
170
171
167
164
163
158
148
143
147
153
156
161
169
170
157
142
141
150
163
170
165
144
121
109
109
111
105
87
60
28
2
-12
-19
-33
-56
-83
-112
-139
-162
-178
-185
-190
-200
-212
-224
-240
-250
-252
-252
-255
-262
-266
-265
-257
-248
-250
-262
-278
-286
-279
-263
-251
-256
-268
-281
-289
-293
-289
-283
-281
-280
-284
-290
-303
-310
-308
-294
-269
-254
-251
-256
-260
-249
-223
-187
-157
-145
-144
-138
-115
-79
-39
-14
-9
-10
-7
18
56
95
115
112
106
106
123
156
187
201
196
187
185
192
203
219
229
232
228
220
209
206
216
227
236
233
224
215
217
227
243
255
256
246
234
236
252
272
286
289
280
269
265
272
282
287
287
285
283
278
269
256
241
225
213
204
199
189
163
135
100
72
56
48
39
23
0
-27
-55
-76
-85
-89
-93
-102
-116
-132
-145
-151
-153
-154
-157
-162
-172
-188
-199
-198
-193
-187
-191
-201
-217
-231
-238
-238
-232
-228
-230
-244
-266
-287
-297
-288
-269
-255
-260
-277
-291
-292
-283
-269
-258
-252
-249
-244
-235
-223
-213
-203
-197
-187
-174
-151
-131
-116
-110
-108
-99
-83
-60
-44
-30
-20
-16
-10
-5
5
18
34
50
62
68
67
63
62
67
82
99
112
114
113
110
111
116
130
149
166
171
167
161
164
174
189
207
223
232
234
232
232
240
258
283
303
307
296
278
269
273
283
295
293
278
255
231
217
214
218
214
193
162
131
116
114
115
106
84
56
32
18
14
14
8
-10
-36
-57
-68
-69
-70
-73
-89
-104
-116
-120
-119
-120
-129
-143
-151
-151
-148
-151
-160
-171
-176
-177
-171
-166
-166
-175
-189
-197
-197
-186
-174
-168
-171
-181
-189
-188
-180
-169
-160
-153
-151
-155
-158
-159
-151
-139
-126
-117
-113
-116
-117
-115
-108
-97
-89
-86
-85
-86
-85
-84
-75
-68
-65
-67
-71
-68
-63
-53
-45
-40
-40
-43
-41
-31
-18
-4
4
7
7
8
18
38
58
73
82
86
86
88
100
126
156
176
177
169
162
165
182
207
226
225
211
197
193
203
212
215
209
194
183
182
185
186
176
167
160
152
151
149
144
135
121
113
111
108
101
89
77
65
56
51
44
34
24
12
0
-10
-17
-18
-24
-37
-50
-61
-62
-60
-61
-64
-76
-89
-98
-97
-90
-84
-81
-86
-98
-107
-109
-103
-93
-85
-76
-77
-87
-98
-101
-88
-75
-66
-68
-78
-88
-93
-87
-78
-74
-76
-84
-95
-99
-98
-89
-84
-88
-99
-113
-119
-119
-109
-96
-95
-106
-124
-138
-131
-112
-96
-90
-95
-109
-121
-118
-102
-84
-69
-62
-62
-63
-62
-57
-46
-29
-10
7
18
17
13
14
25
45
64
77
79
77
74
79
92
104
109
110
108
108
115
120
125
127
129
132
137
141
142
142
141
138
140
144
149
151
145
138
130
128
129
129
126
119
108
100
97
93
90
85
78
71
69
66
61
54
45
37
35
34
33
27
15
6
0
-3
-2
-4
-10
-16
-24
-30
-33
-36
-37
-37
-38
-43
-49
-55
-57
-61
-60
-59
-60
-67
-77
-86
-91
-88
-87
-88
-95
-108
-120
-122
-119
-114
-112
-117
-123
-133
-139
-134
-127
-119
-119
-125
-127
-129
-127
-119
-111
-105
-104
-104
-101
-98
-92
-85
-80
-76
-74
-69
-61
-57
-53
-54
-55
-53
-49
-42
-35
-31
-29
-33
-34
-31
-26
-14
-4
1
0
-3
2
12
22
33
40
42
45
48
56
66
75
85
91
95
97
98
103
110
116
122
124
124
125
124
124
125
126
129
126
124
123
122
123
123
121
119
117
115
114
114
115
115
116
117
113
108
105
104
109
112
113
111
102
93
87
84
84
83
80
75
66
55
47
40
35
31
25
16
3
-12
-23
-30
-32
-36
-45
-55
-65
-74
-78
-80
-83
-89
-96
-102
-105
-107
-105
-104
-103
-103
-107
-109
-109
-107
-105
-100
-98
-97
-101
-108
-112
-110
-105
-101
-103
-110
-121
-129
-132
-130
-126
-130
-138
-148
-158
-161
-158
-152
-147
-148
-152
-160
-160
-153
-145
-136
-127
-121
-117
-112
-105
-94
-78
-63
-50
-42
-35
-29
-19
-5
11
25
34
37
38
44
57
71
84
89
87
81
79
86
99
112
117
113
107
103
107
118
131
139
141
140
137
137
142
151
162
173
180
181
181
178
176
181
189
199
203
199
188
177
172
171
172
171
163
150
132
115
110
104
99
88
73
56
39
30
25
19
8
-6
-18
-24
-26
-27
-29
-37
-45
-51
-52
-51
-48
-45
-46
-48
-55
-59
-57
-56
-54
-51
-53
-60
-71
-81
-87
-86
-83
-84
-92
-106
-123
-134
-138
-136
-137
-139
-147
-159
-170
-177
-179
-175
-169
-164
-164
-167
-171
-172
-167
-158
-145
-134
-129
-128
-130
-128
-120
-107
-93
-82
-77
-76
-77
-75
-66
-53
-42
-36
-36
-41
-41
-37
-29
-18
-13
-13
-15
-15
-11
-4
4
14
20
25
28
33
41
49
59
69
80
91
100
106
110
118
130
143
154
159
162
163
166
171
175
178
182
182
180
176
171
168
166
163
163
159
155
146
137
129
123
118
115
111
107
101
94
87
82
78
76
75
75
73
68
64
56
51
48
47
47
45
38
27
18
9
6
4
0
-9
-20
-31
-40
-48
-55
-60
-68
-77
-87
-97
-105
-112
-115
-118
-123
-130
-136
-140
-140
-138
-137
-137
-138
-137
-138
-136
-130
-125
-122
-122
-120
-122
-118
-113
-109
-103
-103
-103
-103
-104
-104
-104
-102
-97
-94
-93
-98
-101
-106
-106
-104
-101
-102
-103
-101
-98
-97
-92
-89
-86
-80
-77
-70
-64
-57
-49
-41
-31
-20
-11
-5
5
18
28
38
48
58
70
79
92
103
112
116
123
131
138
146
151
154
153
153
153
148
150
155
155
156
154
149
144
138
132
133
136
135
133
124
115
109
107
116
118
115
106
93
85
84
85
85
84
80
70
64
58
49
45
42
42
37
30
17
3
-1
-6
-8
-11
-11
-17
-24
-33
-37
-39
-41
-42
-39
-51
-44
-65
-16
85
46
-39
-114
-141
-184
-183
-82
66
179
172
30
-211
-381
-446
-340
-100
102
211
167
-2
-260
-478
-536
-383
-125
98
207
127
-66
-300
-378
-316
-185
-12
122
126
-39
-219
-321
-312
-191
-2
137
133
7
-163
-294
-304
-194
-32
130
205
157
22
-124
-177
-142
-33
120
226
235
163
58
-26
-37
19
126
216
235
190
103
24
-7
26
107
190
224
201
132
50
12
27
85
145
176
161
114
73
42
40
73
116
145
138
107
71
45
45
74
103
110
94
61
33
25
31
48
73
85
70
41
10
-6
-5
17
45
64
55
34
4
-26
-27
-18
-1
27
40
34
16
-9
-32
-44
-31
-9
2
6
-5
-20
-40
-65
-65
-48
-37
-38
-39
-54
-81
-99
-101
-91
-85
-83
-78
-81
-102
-132
-141
-140
-142
-131
-120
-121
-123
-142
-155
-161
-155
-140
-135
-118
-120
-121
-107
-99
-101
-102
-89
-79
-82
-75
-65
-68
-58
-44
-29
-34
-44
-39
-45
-45
-33
-13
4
16
16
-5
-17
-24
-18
-2
35
70
69
58
39
18
6
26
63
90
101
99
84
67
54
56
80
107
119
127
125
107
86
88
107
122
130
146
153
136
109
96
117
139
145
152
153
131
103
111
124
127
130
133
131
116
102
100
104
115
116
113
104
73
55
67
86
91
76
58
35
17
16
9
5
28
40
26
-3
-38
-67
-68
-30
-4
-13
-33
-53
-77
-110
-120
-103
-76
-53
-49
-79
-127
-153
-161
-155
-112
-73
-77
-112
-147
-174
-196
-185
-137
-104
-104
-114
-137
-179
-207
-189
-152
-118
-91
-89
-121
-167
-181
-178
-151
-104
-70
-55
-90
-134
-168
-171
-121
-66
-13
2
-25
-67
-119
-153
-139
-66
21
98
97
31
-32
-86
-104
-76
16
110
151
155
114
28
-44
-53
-9
65
134
173
161
106
52
22
33
79
118
133
145
136
125
112
108
134
139
140
146
143
134
137
160
185
185
153
122
97
112
134
150
179
163
114
76
59
57
76
113
143
139
93
49
11
1
28
57
98
101
68
26
-21
-38
-23
16
55
59
40
6
-37
-65
-60
-41
-8
32
26
-10
-60
-93
-92
-87
-63
-45
-27
-32
-74
-112
-124
-119
-120
-111
-93
-94
-110
-121
-129
-137
-130
-115
-112
-108
-120
-136
-130
-105
-88
-96
-102
-98
-91
-87
-95
-102
-99
-87
-75
-75
-81
-86
-91
-91
-83
-71
-70
-78
-88
-93
-84
-69
-50
-32
-34
-43
-56
-51
-44
-39
-15
17
43
37
16
3
-2
5
35
67
84
79
73
66
45
25
39
74
100
99
97
78
48
42
65
88
80
95
105
83
64
65
79
100
133
138
117
110
108
82
76
114
138
135
124
113
94
79
85
85
77
75
83
82
75
66
53
52
53
57
42
32
55
57
40
26
22
29
33
42
41
33
22
0
-19
-19
-3
-4
0
-5
-22
-46
-75
-71
-62
-58
-49
-38
-51
-92
-112
-118
-111
-92
-51
-24
-43
-70
-112
-151
-141
-82
-37
-21
-21
-37
-83
-128
-123
-100
-71
-32
-5
-22
-76
-120
-117
-115
-101
-72
-72
-58
-58
-82
-110
-132
-120
-99
-72
-60
-60
-58
-48
-49
-76
-84
-61
-19
-1
8
15
2
-6
-15
-9
6
32
44
43
34
9
0
9
37
49
45
53
42
28
37
42
52
80
87
66
75
92
79
74
101
124
106
93
95
84
83
101
121
115
98
91
76
64
62
72
80
78
81
75
53
38
50
57
42
49
62
52
34
34
34
29
47
60
47
31
27
32
31
25
27
31
36
38
20
1
5
7
-1
-12
-26
-23
-12
-12
-16
-31
-58
-73
-54
-32
-33
-45
-46
-40
-67
-87
-83
-59
-36
-20
-20
-50
-77
-85
-92
-97
-64
-44
-60
-66
-72
-101
-125
-109
-88
-92
-96
-94
-106
-119
-117
-108
-97
-79
-72
-93
-107
-99
-93
-91
-74
-48
-47
-55
-46
-42
-50
-46
-29
-16
-5
-2
-2
4
7
1
-8
-7
0
13
25
20
14
16
17
13
13
26
38
62
74
64
57
55
58
63
67
83
103
110
102
92
87
80
92
110
116
120
118
117
102
82
70
77
101
118
121
121
107
80
63
58
56
71
105
119
101
86
75
55
37
51
74
71
69
66
57
42
35
37
31
26
25
18
12
20
27
17
2
-8
-21
-33
-26
-20
-21
-21
-20
-39
-73
-84
-79
-74
-69
-62
-69
-100
-118
-128
-136
-126
-102
-89
-98
-117
-142
-157
-152
-131
-113
-108
-106
-111
-122
-138
-143
-124
-102
-93
-95
-104
-121
-132
-129
-115
-95
-80
-72
-87
-109
-121
-120
-101
-76
-57
-51
-55
-62
-69
-74
-57
-31
-13
8
22
9
7
20
30
36
53
68
72
74
73
73
81
93
97
99
94
86
88
92
97
105
117
118
107
98
98
106
112
126
141
140
134
133
132
129
137
154
158
156
156
153
139
138
142
139
139
137
131
121
106
96
93
92
92
87
87
82
65
53
49
42
41
51
55
47
38
26
9
-2
-1
5
3
-4
-12
-28
-48
-59
-64
-64
-61
-68
-81
-96
-117
-134
-134
-131
-127
-122
-125
-133
-144
-157
-164
-165
-158
-142
-134
-131
-133
-145
-153
-160
-154
-137
-124
-120
-125
-131
-132
-132
-129
-116
-109
-112
-123
-125
-120
-120
-110
-94
-90
-90
-91
-91
-88
-83
-65
-41
-35
-30
-28
-35
-36
-21
-2
12
20
27
24
18
24
31
43
58
64
66
65
60
56
59
70
86
92
91
87
81
79
80
87
97
105
111
110
108
106
103
110
118
117
125
133
127
123
125
126
124
127
133
129
118
112
113
109
105
101
98
93
88
78
73
72
69
60
54
49
41
35
33
33
32
36
31
20
10
0
-5
-5
0
3
3
0
-9
-25
-41
-49
-52
-48
-37
-32
-38
-55
-74
-88
-93
-84
-67
-55
-58
-68
-84
-100
-102
-89
-74
-66
-61
-69
-90
-108
-109
-97
-82
-67
-61
-72
-92
-102
-102
-93
-74
-57
-52
-58
-68
-74
-78
-70
-53
-39
-32
-33
-42
-50
-53
-46
-36
-21
-10
-11
-17
-24
-24
-20
-11
1
9
14
11
6
2
3
11
21
28
34
33
28
21
18
20
29
42
53
55
51
46
38
36
42
52
64
69
67
60
49
45
45
50
59
65
69
66
55
48
44
45
52
61
64
59
51
43
40
41
47
51
52
50
44
34
26
27
33
35
38
35
26
18
13
11
13
19
27
26
18
12
3
-3
-8
-1
7
8
14
12
2
-10
-19
-18
-17
-15
-13
-15
-21
-26
-30
-35
-38
-38
-38
-40
-40
-40
-44
-44
-45
-52
-59
-58
-56
-52
-48
-44
-46
-52
-59
-65
-65
-59
-53
-42
-37
-41
-46
-49
-53
-54
-48
-41
-37
-31
-32
-33
-36
-38
-37
-35
-29
-23
-23
-25
-26
-28
-27
-22
-14
-7
-4
-8
-12
-13
-8
-3
5
12
15
10
1
-2
-1
2
11
21
25
21
17
12
8
7
12
20
28
31
29
22
18
14
15
21
31
42
47
46
42
37
35
36
39
45
50
51
48
41
37
36
37
42
45
47
45
40
39
39
37
37
36
34
30
28
28
30
32
32
28
24
20
18
15
19
24
24
23
19
10
2
-1
0
3
4
8
6
0
-6
-14
-18
-17
-13
-10
-11
-13
-19
-26
-29
-31
-29
-27
-29
-31
-35
-39
-42
-43
-42
-40
-41
-43
-45
-48
-49
-45
-45
-44
-42
-47
-49
-48
-45
-39
-35
-32
-33
-38
-42
-44
-41
-32
-24
-20
-19
-23
-26
-27
-25
-19
-14
-8
-5
-6
-9
-10
-10
-5
3
7
9
11
9
8
9
14
21
26
26
26
24
22
23
29
32
36
38
38
36
33
37
41
48
52
55
53
48
45
45
47
52
56
57
57
56
53
47
44
47
52
55
57
57
52
45
41
37
37
41
42
43
41
36
31
26
24
25
24
22
19
15
11
3
-1
-3
-5
-5
-6
-9
-14
-18
-24
-29
-30
-32
-31
-30
-36
-43
-44
-51
-56
-54
-49
-49
-49
-51
-55
-59
-62
-64
-62
-60
-58
-56
-59
-64
-63
-65
-68
-63
-59
-57
-56
-54
-54
-58
-60
-58
-57
-56
-52
-48
-46
-46
-47
-49
-48
-45
-42
-37
-36
-33
-30
-30
-31
-27
-25
-26
-23
-18
-16
-10
-5
-1
1
1
2
4
9
13
19
25
26
27
29
27
29
35
38
43
48
52
52
49
48
52
53
53
58
62
63
61
60
60
61
61
62
66
68
65
63
61
57
57
56
56
59
58
56
53
51
48
48
47
48
45
41
38
39
38
32
31
30
26
22
19
16
16
15
13
10
5
0
-1
-3
-6
-7
-9
-10
-14
-18
-19
-23
-24
-25
-24
-26
-28
-30
-31
-33
-36
-36
-37
-36
-35
-37
-40
-42
-44
-43
-41
-42
-43
-41
-41
-43
-42
-43
-42
-42
-45
-44
-42
-42
-40
-37
-37
-38
-39
-41
-41
-38
-35
-34
-31
-31
-29
-29
-29
-28
-28
-26
-21
-19
-19
-18
-16
-16
-12
-12
-10
-7
-7
-7
-4
-3
-2
0
2
4
6
7
8
9
10
11
11
13
15
17
17
18
20
22
25
27
26
27
29
28
30
34
34
36
36
37
36
36
38
38
41
41
41
40
40
41
42
42
42
41
41
38
38
38
37
36
39
39
35
34
30
28
26
28
27
24
22
22
17
18
17
13
12
11
10
7
5
5
3
1
-3
-5
-6
-6
-7
-11
-13
-14
-18
-19
-21
-23
-23
-24
-25
-25
-29
-33
-30
-33
-33
-34
-35
-36
-38
-36
-38
-38
-33
-34
-38
-37
-37
-39
-38
-36
-33
-32
-34
-35
-32
-31
-30
-28
-27
-30
-28
-25
-25
-23
-20
-19
-17
-15
-16
-18
-18
-15
-14
-13
-10
-8
-5
-3
-4
-4
-3
-1
-1
1
5
5
6
9
9
12
10
11
13
16
16
18
18
17
17
19
22
24
25
25
25
24
24
23
23
25
28
27
26
26
26
29
28
30
28
26
27
27
28
28
28
29
30
27
24
23
21
24
24
22
22
20
17
16
16
14
14
14
12
8
4
3
3
1
2
2
-2
-6
-5
-8
-9
-10
-11
-10
-11
-12
-15
-18
-17
-16
-17
-20
-21
-22
-22
-21
-22
-23
-24
-25
-24
-26
-29
-28
-26
-24
-26
-28
-30
-28
-28
-29
-30
-28
-26
-26
-27
-27
-26
-27
-23
-24
-22
-21
-22
-21
-20
-20
-17
-16
-15
-14
-12
-12
-13
-11
-10
-8
-4
-6
-6
-3
-2
-1
-1
0
3
4
5
6
7
8
9
10
13
17
15
15
16
17
16
18
21
22
22
21
22
21
23
25
25
25
28
26
27
26
25
25
24
25
27
27
26
25
25
24
25
24
23
22
22
21
17
16
16
17
16
15
15
14
11
10
10
9
7
7
8
6
4
1
-2
-4
-4
-4
-5
-5
-8
-10
-11
-11
-11
-13
-13
-17
-18
-20
-19
-18
-19
-21
-20
-21
-22
-24
-26
-26
-22
-21
-22
-23
-23
-23
-25
-25
-25
-24
-22
-20
-21
-22
-21
-22
-22
-20
-19
-19
-20
-21
-21
-19
-17
-14
-14
-13
-15
-15
-13
-13
-9
-6
-7
-8
-7
-4
-3
-1
-1
-3
1
4
4
8
8
9
12
13
11
12
15
19
21
23
23
22
23
24
25
28
31
31
31
32
33
34
36
39
39
39
39
39
39
41
39
40
40
42
42
40
38
36
36
38
37
33
32
30
30
30
28
29
27
22
19
20
19
17
18
16
13
9
6
6
6
6
5
3
-1
-4
-5
-7
-9
-10
-11
-12
-16
-18
-21
-21
-24
-24
-26
-29
-30
-35
-36
-35
-36
-37
-39
-40
-44
-46
-46
-46
-45
-46
-46
-45
-48
-47
-47
-46
-47
-46
-44
-41
-41
-43
-42
-41
-40
-39
-38
-35
-34
-34
-34
-31
-30
-29
-26
-25
-25
-23
-21
-18
-17
-17
-15
-12
-9
-7
-4
-3
0
1
1
5
6
10
10
13
14
14
17
19
17
17
19
21
21
21
23
22
22
22
22
24
24
25
25
23
25
27
25
24
25
25
26
26
26
27
25
24
24
23
23
24
23
22
21
20
19
16
17
16
17
18
15
15
12
11
11
8
10
11
10
10
8
6
5
2
3
3
4
4
3
0
-1
-2
-1
-2
-3
-4
-6
-5
-3
-5
-5
-3
-6
-7
-6
-6
-5
-7
-9
-8
-7
-6
-8
-10
-10
-9
-9
-10
-9
-10
-10
-11
-10
-11
-10
-11
-12
-11
-12
-13
-11
-12
-13
-10
-10
-9
-8
-9
-7
-7
-5
-5
-5
-5
-6
-5
-4
-4
-1
1
-1
-2
-2
-1
-2
-1
-1
-1
1
1
0
2
0
0
-1
1
3
3
2
2
2
2
3
3
1
1
0
0
2
0
1
3
4
2
3
3
4
3
1
2
3
3
1
2
5
4
6
8
8
8
8
9
7
7
7
8
7
7
7
7
8
6
7
8
8
7
7
9
7
7
5
4
5
4
3
1
1
0
2
5
4
3
1
3
3
3
3
2
2
1
0
-2
-2
-2
-1
1
2
1
-1
-1
-1
-3
-3
-3
-2
-1
-2
-3
-4
-5
-5
-3
-1
-5
-3
-5
-6
-5
-5
-6
-5
-5
-3
-4
-7
-7
-7
-7
-4
-3
-6
-5
-4
-4
-5
-5
-5
-5
-3
-3
-5
-7
-8
-6
-5
-3
-3
-3
-5
-4
-4
-5
-6
-5
-3
-2
-1
-2
-3
-4
-3
-3
-3
-2
0
0
0
-1
-2
-2
1
2
1
2
3
2
1
2
1
0
3
3
4
3
3
4
4
2
3
4
4
4
5
5
5
4
4
4
6
5
4
4
5
5
4
6
6
4
4
6
5
6
6
5
6
5
7
7
6
5
5
6
5
5
5
4
4
3
4
3
3
3
3
3
2
2
-1
-1
0
0
-1
-1
-2
-3
-4
-4
-4
-6
-6
-4
-5
-5
-6
-7
-8
-7
-6
-6
-7
-7
-8
-8
-8
-7
-7
-8
-8
-6
-8
-7
-7
-8
-6
-5
-5
-6
-4
-4
-5
-5
-4
-3
-5
-4
-3
-1
-2
-2
0
0
0
-1
0
0
1
1
0
1
1
-1
-2
2
2
1
3
3
2
3
3
1
2
4
3
4
3
3
4
3
2
5
5
4
4
5
5
6
4
3
5
7
7
6
4
5
6
6
6
4
6
7
6
6
6
6
5
7
6
6
5
4
3
5
5
2
3
3
2
3
2
1
2
0
0
0
-1
0
0
-1
0
0
-1
-3
-4
-1
1
-1
-2
-2
-2
-4
-4
-5
-6
-5
-6
-6
-6
-6
-6
-6
-7
-7
-7
-7
-7
-6
-6
-5
-6
-7
-4
-3
-3
-4
-5
-4
-4
-3
-2
-2
-4
-5
-5
-4
-3
