-1
-1
-1
-2
0
-1
-2
-2
-2
-2
-1
-2
-2
-2
-2
-2
-2
-1
-2
-2
-1
-2
-2
-2
-2
-3
-3
-3
-3
-4
-4
-4
-5
-6
-5
-5
-6
-6
-7
-8
-8
-8
-7
-8
-7
-7
-7
-7
-6
-6
-6
-6
-6
-5
-6
-6
-6
-5
-5
-4
-4
-5
-5
-7
-7
-9
-8
-10
-10
-12
-13
-15
-17
-17
-20
-20
-19
-16
-12
-9
-6
-3
0
1
3
6
9
13
17
20
24
28
31
33
36
36
38
37
36
34
33
31
29
26
24
22
20
16
13
10
7
3
1
1
2
3
4
4
5
6
7
9
10
13
15
16
18
19
20
21
22
24
25
26
25
25
23
22
18
15
13
11
9
7
6
4
2
1
0
0
-1
-2
-1
-5
-4
-5
-4
-4
-4
-3
-2
-3
-3
-3
-5
-8
-12
-16
-21
-25
-31
-37
-44
-51
-57
-64
-69
-75
-79
-85
-91
-98
-105
-112
-114
-111
-105
-97
-83
-66
-51
-40
-30
-20
-11
-2
5
18
33
49
64
78
89
99
106
108
105
101
94
84
73
62
54
45
39
30
21
10
-1
-10
-21
-32
-40
-49
-53
-56
-58
-58
-58
-56
-56
-55
-53
-50
-47
-45
-42
-38
-32
-26
-20
-15
-10
-6
-1
6
10
13
16
20
25
27
32
38
45
52
60
71
85
94
100
104
108
110
111
110
114
120
126
132
135
136
135
131
124
115
107
98
86
76
66
56
47
36
26
15
6
-4
-16
-29
-40
-49
-57
-63
-68
-69
-69
-70
-71
-71
-74
-76
-78
-78
-80
-79
-78
-74
-70
-66
-61
-57
-53
-55
-58
-63
-70
-75
-81
-86
-91
-97
-102
-109
-116
-125
-135
-143
-152
-161
-169
-178
-185
-188
-183
-173
-158
-134
-110
-91
-73
-59
-48
-38
-27
-11
11
37
62
86
106
122
134
140
142
140
136
130
121
111
102
94
84
73
62
50
35
20
4
-10
-23
-31
-37
-44
-44
-42
-39
-38
-37
-37
-36
-33
-31
-26
-20
-15
-6
2
11
20
31
39
44
50
53
59
63
70
78
85
92
101
110
118
125
130
137
141
151
162
175
183
192
201
207
208
206
210
213
212
211
205
197
190
182
171
158
146
132
113
92
71
50
26
2
-20
-39
-58
-73
-88
-100
-113
-124
-133
-139
-145
-149
-148
-152
-153
-153
-151
-150
-148
-143
-141
-138
-135
-134
-132
-131
-128
-126
-129
-136
-143
-150
-161
-175
-190
-202
-213
-227
-239
-255
-270
-290
-308
-315
-309
-293
-274
-250
-224
-196
-175
-159
-143
-115
-84
-54
-22
16
58
100
137
169
193
213
225
227
221
215
209
199
186
173
161
149
138
121
101
76
51
28
9
-9
-20
-27
-33
-39
-41
-44
-48
-50
-51
-53
-50
-47
-39
-28
-18
-7
2
11
21
30
39
46
48
53
58
64
71
85
100
113
125
134
144
152
160
168
176
182
187
194
201
208
218
227
233
245
258
272
278
279
277
266
252
234
224
216
212
210
199
187
170
151
127
97
69
41
12
-15
-40
-61
-80
-95
-110
-127
-142
-154
-163
-173
-183
-188
-190
-188
-184
-175
-163
-155
-152
-150
-151
-150
-152
-152
-150
-152
-154
-158
-162
-169
-179
-192
-209
-228
-248
-268
-290
-316
-343
-366
-384
-405
-415
-407
-388
-369
-353
-332
-306
-276
-255
-227
-196
-156
-113
-72
-26
21
70
118
155
186
211
232
244
250
250
249
247
239
231
221
210
193
171
145
122
97
72
50
31
17
4
-4
-10
-14
-18
-24
-25
-29
-31
-30
-28
-25
-20
-14
-7
0
7
17
23
32
41
50
59
67
78
88
96
104
114
123
131
143
154
165
177
188
199
211
221
229
244
248
264
280
295
308
319
335
335
328
313
305
298
290
287
272
260
246
229
204
174
147
119
85
49
18
-6
-32
-57
-77
-99
-117
-136
-152
-165
-180
-187
-198
-202
-204
-199
-194
-194
-194
-201
-201
-202
-201
-195
-190
-184
-180
-182
-187
-196
-211
-232
-257
-279
-300
-321
-342
-359
-377
-404
-431
-465
-495
-509
-497
-472
-447
-419
-374
-334
-314
-299
-279
-238
-195
-144
-96
-36
30
90
145
184
222
250
265
271
266
264
265
262
257
249
246
233
209
177
147
116
85
52
33
21
15
17
14
10
3
-5
-17
-29
-35
-34
-27
-22
-9
10
27
42
51
54
58
59
58
62
68
86
98
109
118
129
142
151
157
162
172
178
187
198
215
236
252
264
276
295
316
335
339
342
352
358
357
355
364
370
376
370
353
333
312
295
271
243
212
190
167
140
111
77
48
16
-20
-56
-87
-112
-135
-156
-174
-182
-190
-196
-202
-208
-215
-223
-231
-237
-235
-228
-218
-209
-207
-204
-205
-210
-223
-237
-250
-265
-286
-311
-331
-350
-370
-392
-423
-454
-480
-512
-550
-596
-640
-645
-621
-578
-536
-483
-413
-356
-341
-351
-338
-290
-216
-141
-67
22
120
199
255
284
311
334
335
326
321
329
350
363
366
362
343
315
265
209
153
108
71
43
31
35
50
58
53
31
2
-28
-53
-69
-72
-63
-39
-12
11
34
48
51
45
32
25
21
19
32
53
85
110
119
124
126
129
124
124
125
132
146
164
191
219
240
257
260
275
295
311
325
334
360
374
377
374
379
391
395
389
372
354
340
320
292
258
233
208
175
139
109
78
43
-3
-47
-82
-113
-131
-152
-169
-184
-198
-205
-217
-225
-227
-227
-229
-238
-240
-243
-233
-220
-205
-188
-185
-183
-183
-195
-211
-235
-263
-281
-304
-320
-337
-354
-377
-410
-446
-493
-542
-597
-645
-697
-702
-667
-588
-516
-454
-398
-368
-365
-401
-405
-367
-263
-135
-13
99
189
259
301
314
320
320
333
339
352
375
421
461
461
435
380
329
255
189
129
104
91
89
94
101
116
112
83
32
-26
-69
-96
-91
-62
-17
26
56
68
67
58
35
17
-5
-9
1
28
61
97
130
143
134
103
73
61
62
76
99
129
157
191
209
227
228
229
253
272
304
313
344
372
389
398
393
406
406
418
416
397
378
357
346
325
305
286
257
216
162
112
64
26
-15
-47
-80
-106
-127
-153
-172
-196
-210
-224
-239
-246
-249
-243
-248
-253
-257
-254
-244
-236
-223
-212
-203
-204
-211
-215
-221
-232
-251
-281
-312
-342
-358
-384
-412
-444
-476
-521
-576
-643
-685
-736
-777
-775
-732
-626
-568
-477
-418
-373
-403
-450
-435
-373
-238
-94
75
205
290
335
343
343
342
362
396
428
461
485
531
533
529
462
397
314
227
177
138
149
155
173
175
160
139
103
68
10
-36
-59
-54
-18
28
89
133
148
125
99
60
45
37
47
71
90
116
143
163
160
148
118
82
49
31
52
87
127
154
168
164
154
149
146
174
198
239
257
296
337
360
368
353
354
349
354
347
349
357
358
359
326
291
246
202
156
99
54
19
3
-24
-49
-85
-116
-156
-209
-252
-281
-280
-273
-261
-248
-243
-237
-244
-252
-269
-271
-264
-255
-234
-209
-171
-153
-150
-168
-187
-212
-251
-282
-310
-331
-366
-390
-396
-413
-453
-514
-579
-643
-713
-787
-809
-781
-680
-580
-502
-456
-439
-428
-461
-466
-450
-340
-180
-8
141
227
297
326
338
333
336
372
419
473
498
532
553
551
506
421
353
272
223
176
169
184
203
219
191
155
103
67
29
-13
-22
-12
32
70
106
139
152
143
111
78
57
66
89
131
166
192
201
194
171
140
115
102
98
90
99
130
157
178
186
179
162
128
138
175
228
269
300
346
361
362
333
330
340
350
371
364
371
368
377
368
334
297
251
210
147
97
53
26
0
-41
-66
-108
-133
-179
-220
-255
-288
-294
-297
-276
-270
-259
-255
-273
-298
-326
-325
-312
-290
-268
-241
-216
-196
-194
-209
-229
-262
-291
-329
-360
-386
-402
-412
-426
-441
-489
-539
-612
-661
-740
-789
-797
-749
-642
-567
-460
-434
-424
-470
-503
-488
-441
-292
-116
81
204
251
273
255
266
266
304
354
414
476
506
537
519
511
436
361
267
199
182
172
203
209
225
216
179
129
56
16
-17
-22
-10
14
74
120
164
169
155
125
93
71
67
98
154
225
272
296
287
261
220
168
136
129
151
184
227
262
278
276
252
213
163
149
166
204
245
298
355
374
362
324
307
289
282
282
296
324
339
351
339
313
273
224
166
96
46
9
-18
-45
-72
-85
-112
-147
-202
-256
-297
-325
-332
-327
-302
-280
-255
-254
-263
-278
-298
-305
-307
-291
-262
-224
-186
-167
-161
-168
-184
-216
-241
-277
-312
-334
-356
-366
-395
-421
-458
-499
-556
-627
-675
-725
-721
-706
-672
-625
-590
-503
-469
-458
-478
-470
-420
-369
-253
-127
47
172
242
256
226
235
254
309
354
411
478
518
531
484
459
411
364
296
223
212
212
254
257
258
245
206
159
84
40
5
18
44
70
107
134
174
176
157
123
94
84
87
115
153
224
276
299
287
250
220
186
169
164
184
219
258
292
303
301
282
238
214
211
236
272
292
324
330
327
301
291
296
310
321
303
286
258
246
240
230
223
201
166
113
58
5
-43
-83
-131
-163
-195
-209
-233
-261
-287
-318
-336
-358
-360
-350
-331
-320
-327
-336
-350
-346
-337
-313
-279
-246
-218
-208
-206
-214
-213
-219
-226
-239
-248
-256
-282
-323
-359
-391
-423
-464
-507
-535
-556
-578
-637
-643
-662
-626
-567
-496
-416
-432
-422
-451
-430
-423
-346
-199
-34
130
183
218
207
204
230
245
305
365
447
493
510
516
499
494
417
376
302
283
279
287
322
325
344
317
282
214
154
114
75
75
68
103
151
192
227
213
189
143
110
74
67
84
129
189
225
254
246
229
200
158
133
135
160
194
228
257
270
279
259
249
249
247
259
244
246
247
250
250
253
275
287
303
273
225
173
131
123
119
132
132
113
85
30
-29
-96
-146
-192
-222
-250
-262
-254
-254
-266
-303
-329
-349
-355
-352
-347
-329
-317
-305
-299
-297
-280
-264
-236
-221
-208
-189
-185
-179
-187
-177
-170
-168
-170
-186
-219
-266
-305
-328
-346
-365
-398
-407
-440
-471
-531
-586
-602
-595
-534
-515
-453
-436
-411
-413
-442
-438
-427
-318
-206
-68
30
83
127
132
161
174
212
268
314
371
389
432
457
490
483
458
425
376
358
327
343
356
387
411
397
374
335
309
257
203
174
161
190
208
243
264
269
254
219
173
124
103
100
124
146
172
185
187
173
146
122
110
99
96
111
141
159
180
197
197
188
179
187
203
200
203
209
207
207
207
235
244
252
249
222
173
121
102
94
99
83
66
52
16
-35
-86
-127
-167
-199
-225
-254
-275
-285
-282
-297
-324
-332
-343
-335
-344
-342
-326
-324
-316
-315
-300
-287
-253
-233
-226
-207
-209
-210
-200
-199
-178
-174
-192
-208
-239
-250
-268
-276
-275
-276
-278
-306
-334
-383
-416
-442
-464
-492
-536
-551
-529
-461
-409
-374
-370
-357
-345
-384
-406
-383
-273
-144
-54
-4
19
60
92
121
145
183
236
287
329
355
399
454
494
496
482
471
469
471
466
476
492
519
533
522
498
478
472
450
417
388
392
412
418
419
402
394
369
332
288
250
232
220
210
179
153
136
120
103
85
74
62
37
14
-5
-20
-36
-44
-50
-49
-38
-1
39
52
57
42
39
17
6
0
25
67
97
115
105
101
70
47
18
-13
-15
-17
-16
-30
-44
-43
-84
-112
-142
-166
-186
-214
-215
-240
-219
-231
-232
-224
-246
-235
-250
-246
-260
-267
-271
-286
-263
-265
-253
-252
-252
-226
-233
-233
-258
-274
-266
-289
-286
-284
-268
-258
-260
-247
-260
-255
-285
-313
-328
-359
-357
-357
-360
-364
-363
-362
-373
-378
-370
-340
-302
-288
-265
-249
-222
-222
-217
-190
-143
-70
-18
29
56
105
161
207
252
275
322
373
402
431
463
517
560
588
589
587
594
591
592
584
579
586
602
606
601
587
580
561
525
490
459
435
424
409
387
370
330
284
233
169
123
89
63
51
23
12
-5
-50
-96
-152
-192
-222
-250
-265
-262
-252
-237
-226
-222
-215
-208
-214
-209
-202
-200
-182
-163
-125
-85
-50
-19
2
-2
-1
2
9
23
36
46
48
60
54
56
36
14
-7
-37
-49
-61
-62
-49
-37
-39
-57
-80
-105
-135
-156
-175
-184
-191
-198
-187
-204
-203
-211
-246
-243
-276
-288
-292
-316
-291
-304
-282
-260
-257
-241
-248
-241
-281
-313
-328
-334
-314
-290
-250
-232
-210
-199
-210
-220
-231
-227
-233
-219
-214
-201
-184
-168
-125
-107
-78
-59
-56
-44
-37
-26
-9
34
81
133
166
202
239
264
299
324
361
392
415
438
452
466
483
514
540
555
562
557
548
535
520
505
499
495
503
501
491
471
436
401
357
314
283
258
239
223
200
173
135
87
33
-21
-66
-114
-154
-190
-224
-250
-264
-274
-295
-318
-345
-388
-419
-436
-435
-420
-395
-361
-325
-299
-277
-266
-264
-258
-246
-220
-187
-130
-82
-30
13
43
71
71
72
73
76
82
107
122
142
160
165
164
145
155
114
104
92
57
73
47
48
32
18
19
-20
-34
-64
-94
-110
-127
-144
-153
-171
-177
-167
-192
-181
-199
-209
-217
-233
-218
-239
-228
-211
-227
-218
-207
-214
-203
-197
-179
-173
-170
-153
-155
-144
-141
-125
-114
-116
-95
-95
-93
-83
-71
-56
-36
-15
7
27
33
64
69
78
102
107
139
162
183
208
220
249
272
301
317
335
357
358
364
367
362
369
371
368
370
369
370
363
349
325
305
279
257
235
212
200
183
162
142
114
78
37
-5
-43
-82
-122
-149
-179
-201
-225
-252
-271
-306
-329
-362
-376
-387
-399
-387
-392
-380
-373
-362
-346
-343
-312
-286
-261
-224
-194
-164
-132
-113
-97
-67
-48
-12
14
45
78
96
124
149
160
169
195
199
205
210
214
214
211
216
199
209
192
190
199
165
171
150
135
126
99
100
81
71
57
37
28
4
-10
-26
-47
-63
-71
-94
-93
-113
-109
-105
-119
-97
-127
-113
-119
-126
-116
-127
-114
-115
-115
-118
-118
-110
-116
-97
-100
-94
-74
-81
-75
-86
-87
-92
-90
-81
-76
-43
-34
-6
3
2
15
-6
9
10
27
44
65
94
110
142
153
177
189
196
210
212
224
230
241
244
245
251
240
236
216
202
183
164
153
142
144
128
116
92
53
23
-14
-50
-78
-101
-122
-140
-162
-184
-226
-261
-293
-332
-344
-360
-354
-358
-353
-349
-359
-355
-361
-360
-351
-337
-317
-296
-269
-234
-202
-175
-140
-121
-96
-73
-53
-40
-16
16
43
72
104
134
147
179
185
200
221
224
245
257
260
265
277
281
265
279
270
263
277
269
261
256
251
246
228
213
204
185
181
151
147
134
112
101
86
57
42
21
-8
-20
-31
-28
-24
-19
-18
-27
-30
-39
-59
-51
-75
-66
-63
-63
-62
-68
-51
-76
-66
-76
-85
-96
-96
-104
-124
-114
-128
-117
-113
-94
-77
-67
-58
-60
-68
-86
-90
-83
-71
-36
9
45
80
98
104
105
106
106
107
116
121
135
151
153
161
151
140
108
81
59
32
27
15
18
13
6
-16
-45
-80
-126
-155
-190
-210
-220
-221
-219
-230
-240
-255
-279
-307
-327
-339
-347
-339
-331
-325
-312
-310
-302
-281
-273
-251
-239
-229
-219
-200
-179
-159
-123
-91
-51
-17
8
31
44
48
64
72
102
129
156
191
216
241
261
264
272
274
296
290
311
404
358
338
326
318
298
303
325
332
357
374
331
260
234
193
191
195
239
241
197
176
151
111
82
59
65
49
64
68
52
74
62
47
15
-1
-24
-33
-49
-57
-62
-73
-76
-107
-123
-156
-205
-238
-277
-309
-343
-357
-317
-245
-182
-152
-157
-183
-228
-301
-325
-288
-161
-8
101
158
151
126
78
56
58
102
182
250
291
299
280
252
221
158
87
42
26
41
59
69
67
39
-13
-108
-191
-244
-258
-243
-231
-224
-232
-251
-282
-332
-379
-410
-416
-417
-409
-387
-361
-347
-343
-351
-372
-384
-392
-365
-321
-277
-232
-195
-168
-153
-152
-121
-72
-5
82
144
181
201
215
223
227
244
298
352
401
427
431
426
401
388
389
397
412
422
417
389
364
330
296
267
248
248
245
242
237
228
205
179
150
119
109
114
126
124
106
80
48
27
12
-1
-7
11
30
27
11
-6
-14
-31
-52
-78
-113
-129
-144
-177
-218
-248
-286
-335
-395
-461
-378
-183
49
69
-81
-225
-300
-342
-432
-343
-34
416
639
511
214
-23
-82
-77
-6
201
504
700
638
418
190
78
-24
-118
-147
-101
38
109
84
-30
-155
-286
-431
-539
-566
-469
-328
-222
-210
-294
-379
-483
-563
-596
-553
-436
-308
-227
-209
-222
-265
-291
-311
-300
-236
-154
-77
-9
27
40
4
-53
-80
-59
-3
69
134
201
245
255
229
194
180
184
211
241
308
379
421
431
411
378
322
272
268
326
405
452
459
407
328
251
180
140
143
180
197
180
135
76
5
-70
-128
-141
-99
-42
-7
-6
-37
-93
-168
-223
-229
-176
-85
-6
37
17
-45
-97
-131
-115
-103
-76
-47
-11
1
-85
-208
-331
-394
-486
-387
-70
314
420
124
-179
-318
-305
-359
-257
194
824
1144
838
269
-150
-200
-55
148
511
900
1077
820
315
-118
-293
-274
-206
-52
91
200
123
-135
-440
-691
-784
-764
-638
-470
-308
-229
-283
-450
-696
-837
-817
-659
-450
-273
-143
-107
-176
-328
-469
-497
-383
-198
0
159
217
170
55
-49
-94
-71
17
154
295
359
345
251
142
58
62
148
285
414
486
492
426
349
254
211
245
368
542
633
610
495
375
275
204
204
263
367
418
367
240
105
-4
-90
-150
-152
-98
-55
-72
-142
-226
-308
-375
-404
-371
-274
-193
-174
-210
-277
-324
-367
-354
-286
-182
-107
-74
-89
-129
-214
-333
-392
-399
-340
-366
-203
171
560
541
46
-326
-372
-210
-188
8
634
1388
1594
956
108
-338
-199
176
596
1146
1555
1480
768
-62
-516
-462
-147
167
469
578
442
-36
-616
-998
-1065
-851
-547
-265
-120
-176
-419
-758
-1027
-1148
-997
-653
-262
-3
8
-152
-419
-657
-783
-665
-346
48
315
369
231
-47
-310
-415
-290
-16
242
390
426
369
208
1
-150
-132
18
198
416
611
699
581
320
123
79
182
366
620
838
923
791
469
194
82
191
359
494
580
544
349
31
-238
-348
-291
-183
-99
-53
-98
-250
-474
-652
-662
-559
-420
-300
-216
-228
-343
-515
-612
-580
-475
-350
-221
-136
-109
-240
-408
-508
-485
-456
-477
-552
-464
6
492
669
171
-365
-503
-267
-107
-11
492
1284
1767
1313
370
-295
-310
143
710
1378
1897
1853
1122
142
-446
-471
-85
385
874
1053
770
84
-664
-1037
-1002
-694
-285
85
245
21
-489
-978
-1154
-1058
-792
-410
-56
163
32
-348
-734
-878
-724
-411
-95
154
272
203
-55
-377
-572
-491
-202
142
347
370
260
53
-194
-327
-207
67
345
490
573
586
469
252
69
106
340
642
827
876
830
722
555
333
237
320
525
686
731
672
456
135
-180
-308
-244
-111
-51
-110
-216
-346
-496
-650
-722
-645
-522
-436
-419
-428
-442
-465
-528
-604
-611
-550
-401
-305
-280
-322
-416
-539
-632
-690
-660
-745
-647
-145
455
616
-61
-712
-817
-445
-251
-81
558
1413
1710
924
-119
-555
-214
424
993
1583
1898
1551
569
-313
-518
-133
420
818
1087
961
420
-366
-947
-1007
-665
-165
246
414
221
-301
-828
-1083
-946
-635
-249
122
293
205
-182
-560
-696
-568
-273
71
332
407
220
-110
-356
-426
-338
-132
107
287
252
34
-197
-265
-218
-105
12
145
333
365
273
143
115
172
241
358
584
806
839
706
547
486
509
573
706
835
901
784
513
249
134
142
150
171
187
178
13
-284
-524
-607
-555
-476
-392
-311
-294
-423
-634
-720
-626
-445
-347
-332
-309
-337
-409
-504
-524
-441
-377
-411
-534
-601
-800
-735
-315
298
493
-112
-678
-806
-548
-486
-281
448
1333
1489
567
-464
-835
-400
292
932
1544
1695
1121
42
-672
-647
-131
402
796
1029
726
-1
-821
-1156
-914
-427
66
398
418
-2
-681
-1147
-1112
-690
-265
120
374
412
136
-388
-751
-716
-336
155
515
637
505
96
-341
-550
-418
-78
269
470
444
145
-253
-501
-455
-187
117
296
345
335
239
94
-19
17
224
388
490
590
681
708
644
587
548
499
468
577
761
862
766
522
284
146
91
76
67
57
54
-44
-238
-417
-508
-508
-511
-489
-390
-282
-273
-343
-395
-398
-394
-405
-338
-190
-67
-18
-22
-20
-83
-256
-485
-573
-488
-425
-156
324
793
630
-203
-836
-822
-436
-197
174
928
1583
1299
101
-905
-983
-255
561
1205
1610
1445
573
-565
-1091
-800
-91
504
841
836
294
-568
-1306
-1423
-972
-353
129
346
197
-358
-1036
-1393
-1192
-680
-201
168
357
277
-138
-666
-898
-670
-173
296
538
524
257
-203
-571
-610
-318
65
325
367
175
-190
-521
-567
-338
-14
192
209
142
92
93
115
193
338
490
535
525
563
661
764
815
822
765
653
588
661
790
835
742
567
413
275
135
18
-46
-32
-9
-78
-234
-410
-543
-620
-660
-613
-469
-341
-333
-405
-427
-406
-396
-456
-443
-307
-133
-69
-100
-111
-132
-284
-553
-667
-629
-196
411
866
740
-11
-607
-723
-462
-210
260
1072
1718
1509
396
-641
-932
-362
563
1428
1961
1687
692
-464
-972
-735
-69
627
1072
1044
350
-574
-1227
-1305
-905
-342
204
477
273
-385
-1065
-1289
-1010
-548
-186
146
334
214
-223
-684
-806
-588
-183
234
490
457
114
-358
-673
-664
-399
-29
226
250
-17
-489
-870
-900
-581
-156
142
195
91
-154
-353
-343
-96
251
503
610
624
578
518
520
622
819
961
929
798
720
752
734
605
468
417
415
354
239
47
-152
-290
-320
-238
-199
-249
-384
-540
-621
-622
-533
-385
-222
-145
-196
-346
-452
-460
-354
-218
-86
-58
-68
-176
-363
-582
-627
-70
636
919
391
-297
-495
-349
-287
-172
501
1403
1686
910
-200
-706
-509
83
771
1501
1788
1144
-52
-886
-851
-382
145
611
951
730
-163
-1075
-1388
-1019
-409
63
350
361
-24
-671
-1127
-1028
-470
57
304
345
242
0
-325
-506
-358
19
392
588
513
244
-88
-315
-341
-224
-71
72
147
87
-180
-539
-767
-713
-505
-261
-12
121
19
-305
-537
-444
-148
115
253
387
492
468
308
194
320
574
788
838
772
654
488
337
279
316
336
252
81
-46
-119
-236
-425
-552
-492
-354
-342
-513
-655
-655
-586
-538
-488
-366
-256
-310
-438
-506
-429
-316
-251
-265
-277
-450
-478
35
788
1129
502
-233
-320
59
214
284
915
1846
2042
1022
-178
-558
-43
681
1267
1824
1929
1195
-82
-907
-817
-210
367
716
837
382
-528
-1352
-1548
-1072
-449
6
214
120
-334
-967
-1303
-1045
-449
0
244
359
300
-48
-521
-696
-406
126
577
758
608
238
-201
-450
-345
-31
291
413
311
17
-400
-717
-737
-441
-59
211
218
8
-315
-542
-508
-221
172
449
515
385
169
-14
-81
49
355
691
830
698
413
140
-13
-38
117
330
426
264
-72
-402
-619
-683
-589
-384
-228
-267
-505
-802
-972
-910
-705
-436
-239
-171
-320
-607
-833
-808
-557
-235
-46
-53
-297
-627
-488
107
733
708
190
-83
44
174
153
463
1271
1892
1573
607
-81
-66
405
931
1511
1885
1605
709
-183
-437
-155
330
730
916
657
-34
-747
-1107
-982
-563
-107
251
283
-53
-608
-1009
-958
-569
-133
154
326
320
86
-294
-496
-323
93
488
652
564
310
33
-141
-109
89
307
398
287
90
-159
-350
-385
-239
1
137
143
13
-172
-289
-198
55
250
281
216
201
220
222
215
232
309
365
351
258
170
141
102
31
-38
-38
-59
-189
-406
-584
-655
-651
-573
-501
-513
-692
-947
-1058
-970
-760
-633
-594
-585
-607
-684
-799
-812
-697
-511
-430
-457
-645
-759
-360
380
849
501
-193
-403
-158
15
111
674
1603
1992
1278
160
-369
-92
564
1278
1952
2103
1358
184
-472
-302
181
591
939
1137
762
-178
-989
-1141
-693
-148
194
340
205
-278
-908
-1212
-895
-252
216
349
237
-40
-422
-727
-700
-326
185
581
664
374
-96
-439
-450
-128
285
585
638
433
93
-278
-457
-302
88
468
614
499
269
25
-80
98
471
785
836
674
532
521
564
599
636
707
763
700
528
357
274
277
259
183
59
-127
-298
-416
-487
-528
-578
-654
-715
-771
-809
-887
-998
-967
-822
-725
-809
-930
-934
-892
-919
-935
-841
-686
-651
-799
-1039
-1018
-417
320
540
52
-472
-520
-402
-365
-50
804
1632
1575
645
-275
-552
-218
481
1370
2044
1861
803
-237
-507
-196
197
635
1110
1214
520
-506
-1021
-848
-355
95
456
652
371
-303
-855
-842
-363
125
395
494
376
-30
-506
-697
-498
-137
145
311
303
-21
-497
-785
-636
-193
119
172
68
-110
-374
-674
-700
-339
161
422
422
288
68
-145
-170
180
681
955
897
707
615
613
608
619
736
903
981
910
753
600
435
331
308
344
328
207
60
-87
-216
-358
-456
-472
-447
-401
-418
-500
-619
-672
-582
-451
-405
-492
-613
-674
-649
-555
-502
-558
-735
-917
-922
-558
68
432
213
-344
-622
-540
-396
-221
314
1094
1424
891
-91
-658
-533
65
790
1386
1510
928
9
-552
-482
-87
313
623
715
401
-239
-787
-916
-654
-203
194
342
147
-273
-605
-633
-358
13
293
431
395
196
-63
-224
-198
-62
120
294
324
117
-243
-505
-508
-284
-16
100
-9
-281
-568
-748
-747
-536
-194
101
185
16
-269
-419
-310
47
497
819
858
613
320
238
418
704
926
1032
972
756
496
358
399
500
562
546
442
215
-65
-243
-240
-149
-117
-188
-317
-437
-518
-569
-576
-513
-392
-313
-338
-432
-521
-582
-619
-569
-433
-344
-452
-710
-853
-495
176
545
248
-348
-566
-427
-318
-162
453
1331
1637
942
-129
-675
-467
214
1030
1695
1714
861
-269
-770
-434
149
568
787
776
307
-516
-1084
-1043
-577
-77
258
382
150
-411
-914
-930
-451
126
450
501
371
88
-227
-333
-159
124
307
367
336
129
-223
-526
-557
-300
-12
101
10
-234
-557
-857
-917
-645
-245
-35
-37
-129
-271
-421
-425
-144
272
555
596
505
395
347
357
465
672
866
927
757
489
305
282
395
509
492
316
85
-98
-176
-165
-116
-92
-133
-206
-302
-406
-493
-490
-420
-326
-241
-213
-258
-429
-607
-709
-684
-555
-451
-440
-443
-200
159
205
-199
-599
-516
-160
30
130
500
1028
1121
547
-169
-415
-109
512
1169
1592
1381
525
-328
-571
-221
271
696
920
732
60
-704
-985
-744
-286
123
367
343
-47
-601
-898
-708
-183
297
518
512
331
39
-232
-280
-32
335
587
591
370
18
-299
-425
-329
-74
116
111
-70
-284
-446
-601
-701
-614
-326
-34
43
-122
-326
-454
-432
-211
137
466
553
366
135
82
244
449
551
590
604
538
343
122
29
81
175
241
228
43
-269
-523
-536
-320
-87
-4
-115
-326
-480
-523
-459
-329
-150
7
36
-108
-321
-497
-570
-556
-438
-303
-285
-368
-325
22
242
-3
-483
-572
-234
-32
-67
140
729
1057
627
-134
-474
-278
150
672
1219
1400
844
-88
-588
-378
100
459
706
773
445
-247
-794
-823
-457
-12
292
390
205
-194
-543
-604
-326
90
423
545
478
309
138
51
63
187
380
562
611
442
136
-132
-223
-104
97
206
138
-77
-303
-454
-492
-412
-268
-111
4
15
-101
-264
-334
-206
79
378
536
479
272
122
129
252
384
467
514
468
282
53
-73
-44
21
-1
-76
-166
-295
-470
-594
-569
-423
-288
-241
-272
-349
-433
-498
-483
-337
-111
57
41
-118
-290
-392
-439
-441
-432
-412
-298
-43
293
333
-82
-601
-755
-475
-143
90
442
879
959
412
-388
-741
-445
239
971
1441
1333
557
-398
-837
-546
94
660
927
747
107
-697
-1117
-920
-374
116
325
233
-121
-598
-872
-710
-227
227
420
392
255
64
-77
-24
235
507
618
591
496
322
99
-52
14
238
388
319
118
-74
-220
-321
-306
-121
91
151
48
-78
-140
-162
-119
78
356
537
521
399
311
299
334
409
522
637
653
501
243
55
24
64
85
53
-53
-251
-484
-616
-582
-453
-372
-399
-462
-492
-493
-488
-490
-416
-288
-178
-144
-167
-226
-281
-315
-298
-265
-327
-331
-175
172
475
373
-55
-492
-617
-377
-23
400
807
982
723
69
-537
-671
-258
495
1171
1382
981
165
-564
-791
-427
219
764
856
431
-288
-916
-1079
-771
-228
226
293
-47
-598
-961
-905
-571
-157
149
263
142
-134
-312
-254
-27
209
388
494
468
282
55
-30
48
176
271
307
273
123
-113
-259
-234
-90
58
125
120
41
-112
-219
-176
22
248
372
410
391
309
222
239
387
538
572
516
449
363
241
139
117
174
189
82
-100
-308
-482
-559
-498
-333
-245
-333
-520
-658
-643
-509
-340
-218
-189
-220
-266
-298
-317
-282
-225
-144
-155
-242
-221
-47
297
478
373
108
-162
-240
-184
32
487
959
1137
818
161
-358
-453
-45
632
1186
1278
838
133
-428
-548
-256
282
738
779
370
-294
-793
-901
-650
-176
201
227
-157
-694
-972
-878
-578
-259
-16
74
-68
-336
-494
-425
-216
-9
136
216
220
94
-105
-210
-139
54
201
221
174
74
-75
-216
-230
-25
220
333
295
144
-16
-139
-111
136
415
566
520
377
268
204
212
306
470
606
611
477
263
84
18
79
180
180
62
-156
-365
-478
-491
-417
-339
-322
-391
-507
-582
-583
-500
-395
-310
-240
-217
-249
-311
-351
-304
-237
-199
-212
-307
-356
-258
-26
238
320
223
12
-244
-348
-246
89
536
882
968
663
102
-338
-331
156
820
1283
1286
840
180
-317
-341
74
640
957
866
431
-176
-628
-695
-338
142
375
233
-167
-560
-780
-757
-537
-233
-12
-6
-179
-384
-476
-460
-374
-211
-34
80
56
-81
-222
-303
-279
-162
-22
92
116
20
-143
-272
-277
-148
44
212
269
171
-6
-107
-59
130
369
534
549
407
242
172
215
338
484
577
585
482
308
167
134
223
308
278
135
-47
-175
-227
-216
-162
-139
-190
-295
-371
-353
-298
-256
-260
-264
-243
-222
-200
-169
-141
-130
-162
-194
-199
-189
-184
-250
-284
-207
-70
20
-33
-113
-187
-319
-390
-291
22
314
386
309
133
-56
-157
-43
317
676
809
680
434
221
106
164
395
670
737
541
207
-81
-181
-146
-6
126
151
41
-204
-419
-482
-386
-254
-205
-208
-215
-247
-331
-407
-393
-308
-242
-216
-190
-181
-209
-287
-336
-311
-223
-135
-86
-67
-95
-167
-236
-212
-88
30
76
61
17
-17
-3
103
253
339
319
253
213
205
219
275
365
422
380
283
206
189
198
196
203
184
125
57
8
26
55
39
-12
-91
-117
-74
-1
39
-11
-92
-129
-104
-49
11
58
69
21
-48
-55
-15
42
68
41
-17
-102
-167
-182
-156
-137
-164
-187
-176
-145
-148
-157
-158
-188
-205
-176
-52
83
126
124
106
89
66
107
287
477
533
443
334
272
244
240
303
392
414
312
127
-2
-16
63
138
119
50
-12
-68
-124
-153
-137
-137
-181
-225
-234
-242
-287
-351
-372
-368
-373
-381
-368
-346
-336
-348
-383
-416
-415
-379
-328
-292
-282
-279
-272
-259
-214
-145
-91
-75
-93
-106
-78
-7
77
129
139
107
63
36
40
91
167
247
269
216
140
100
138
233
336
406
405
354
297
264
280
323
379
407
392
357
317
286
222
171
159
185
212
199
158
40
-126
-240
-239
-166
-91
-60
-106
-202
-317
-369
-340
-252
-129
-66
-70
-92
-126
-157
-132
-37
68
128
137
111
84
110
165
197
187
153
131
132
138
127
118
103
76
60
76
107
70
3
-10
38
92
75
53
84
104
57
-30
-72
-40
5
1
-25
-58
-122
-196
-213
-144
-60
-59
-133
-224
-280
-292
-255
-170
-97
-92
-159
-236
-267
-245
-196
-141
-101
-115
-167
-215
-231
-209
-181
-171
-170
-187
-208
-224
-218
-190
-168
-165
-176
-177
-154
-122
-79
-3
89
133
103
52
57
133
228
304
343
343
320
298
288
285
289
310
346
361
310
200
100
57
61
77
88
83
53
-6
-71
-105
-98
-69
-34
5
25
22
5
0
26
62
88
103
96
92
113
161
214
223
176
108
60
67
115
167
179
134
73
39
31
26
29
58
107
119
57
-20
-31
16
55
61
47
26
-20
-75
-89
-75
-79
-116
-142
-130
-106
-109
-136
-170
-212
-248
-253
-205
-123
-76
-102
-185
-260
-266
-197
-107
-66
-96
-156
-204
-222
-218
-198
-149
-107
-116
-177
-242
-249
-204
-149
-100
-67
-79
-147
-215
-198
-84
51
133
136
74
3
-15
50
166
271
317
288
211
141
112
134
185
233
245
192
88
-5
-38
-17
-1
-5
-22
-50
-85
-119
-152
-190
-219
-208
-145
-67
-24
-38
-74
-94
-84
-48
5
60
97
114
114
105
104
125
169
211
225
198
148
117
131
184
247
271
231
164
137
160
198
224
238
237
204
152
122
132
145
139
129
135
133
95
36
-6
-21
-16
-6
9
4
-45
-114
-152
-126
-67
-17
-12
-56
-127
-185
-181
-110
-36
-17
-66
-131
-166
-175
-169
-146
-113
-104
-137
-176
-187
-187
-191
-182
-149
-110
-115
-166
-200
-161
-68
8
29
8
-24
-38
-19
49
134
176
158
101
61
54
64
86
113
139
123
42
-50
-90
-69
-34
-22
-38
-71
-113
-157
-178
-174
-155
-134
-126
-121
-111
-99
-84
-68
-46
-24
-6
6
25
58
86
85
44
0
6
56
105
113
79
20
-39
-53
-1
70
94
58
7
-10
7
35
64
86
86
70
53
53
65
74
88
106
116
105
81
60
46
38
35
41
45
36
18
-7
-26
-25
-9
16
32
25
0
-25
-24
7
39
46
26
11
18
30
30
21
20
26
28
32
42
43
29
17
16
21
16
12
28
60
77
71
57
53
66
96
130
145
138
120
103
85
69
60
58
60
54
39
9
-43
-99
-135
-127
-102
-101
-134
-168
-189
-209
-222
-214
-189
-168
-158
-150
-144
-140
-136
-117
-88
-58
-40
-23
-7
-1
-12
-18
-13
3
20
30
38
20
-28
-75
-87
-60
-34
-37
-58
-73
-75
-75
-75
-68
-53
-47
-55
-58
-42
-24
-27
-44
-43
-26
-12
-2
9
14
2
-20
-25
-13
5
12
6
-10
-23
-27
-18
-5
0
0
-3
-5
-16
-31
-41
-36
-25
-20
-19
-17
-20
-30
-39
-31
-6
14
21
17
25
41
50
48
47
73
105
116
103
98
124
162
197
229
246
237
203
194
222
253
263
254
242
221
193
170
161
158
145
126
104
74
41
12
-8
-18
-17
-5
-4
-23
-47
-48
-31
-12
-4
-2
2
-2
-7
1
19
30
19
6
5
10
7
-3
-5
-7
-25
-48
-63
-68
-79
-104
-133
-143
-129
-110
-107
-126
-154
-181
-196
-188
-153
-118
-114
-141
-164
-159
-142
-127
-111
-88
-75
-85
-106
-106
-79
-47
-29
-25
-26
-23
-21
-19
-18
-5
12
21
18
3
-17
-41
-55
-41
-15
-8
-32
-63
-82
-89
-91
-82
-68
-66
-74
-78
-73
-61
-47
-32
-14
0
6
11
21
35
55
82
116
140
138
126
119
126
142
159
168
165
152
140
136
135
126
116
104
91
77
69
67
60
48
46
55
57
42
29
39
61
72
70
70
70
64
60
68
83
91
81
66
59
53
43
32
29
37
39
20
-12
-35
-48
-64
-82
-81
-57
-46
-73
-117
-146
-150
-135
-112
-88
-85
-112
-150
-168
-154
-128
-107
-96
-89
-100
-123
-137
-129
-98
-69
-55
-53
-51
-54
-58
-54
-30
5
24
20
8
-1
-8
-8
5
28
35
22
0
-17
-22
-18
-13
-13
-23
-40
-59
-66
-60
-49
-39
-35
-40
-48
-54
-48
-29
2
29
40
34
27
28
36
53
77
94
96
91
87
82
79
80
92
107
112
103
95
94
97
100
105
114
114
109
109
121
132
135
135
140
140
130
120
122
133
131
121
114
118
115
90
57
33
25
27
30
20
-10
-49
-87
-113
-119
-103
-78
-73
-102
-142
-171
-179
-165
-135
-103
-97
-125
-161
-174
-167
-161
-151
-130
-106
-108
-132
-148
-142
-130
-121
-107
-79
-53
-45
-52
-61
-56
-39
-11
18
39
39
24
7
4
23
50
72
77
63
42
30
36
53
65
63
50
22
-3
-7
8
29
32
19
-4
-27
-38
-29
-9
10
10
-4
-22
-32
-30
-16
-4
-1
-6
-13
-21
-24
-18
-15
-16
-20
-16
2
23
27
18
19
46
75
87
97
114
129
124
115
135
168
185
181
176
176
169
162
169
190
202
187
160
135
115
103
100
104
101
83
50
15
-22
-41
-36
-25
-28
-57
-96
-125
-139
-141
-136
-131
-133
-149
-169
-183
-191
-189
-185
-181
-180
-176
-170
-167
-170
-169
-161
-151
-134
-109
-85
-81
-89
-86
-60
-29
-7
5
10
9
7
18
39
53
55
50
42
30
25
36
59
71
64
44
27
19
22
31
47
55
49
28
10
5
18
32
31
20
9
-5
-18
-20
-13
-12
-33
-56
-60
-54
-52
-63
-74
-83
-92
-96
-83
-67
-57
-56
-56
-50
-44
-35
-13
18
43
53
57
60
73
89
106
118
131
142
151
154
148
142
139
141
141
139
136
128
113
93
79
75
74
73
71
68
60
45
25
11
11
19
29
23
-4
-31
-44
-47
-51
-52
-47
-50
-74
-101
-108
-97
-89
-92
-96
-92
-88
-92
-90
-81
-70
-65
-59
-47
-31
-23
-23
-22
-20
-11
-1
15
25
30
23
11
4
12
25
35
37
32
23
14
10
13
16
19
22
28
25
19
17
25
35
34
25
18
16
17
17
14
-1
-24
-45
-51
-47
-47
-50
-54
-63
-77
-83
-82
-81
-78
-63
-47
-47
-59
-65
-57
-40
-23
-7
12
19
15
9
11
23
40
54
65
70
63
47
34
35
47
57
62
60
50
29
8
2
13
31
41
37
29
15
-2
-9
1
17
26
25
17
3
-19
-40
-39
-17
-2
-11
-35
-54
-62
-63
-57
-43
-29
-30
-39
-52
-51
-41
-28
-13
-1
3
-1
-5
-2
9
25
33
34
35
41
43
42
41
42
43
41
40
45
47
42
36
33
30
27
28
29
32
33
31
31
30
25
21
18
17
18
16
13
8
-3
-10
-10
-10
-21
-31
-28
-20
-19
-27
-33
-35
-41
-39
-26
-20
-23
-25
-20
-14
-16
-15
-3
8
8
3
4
8
12
17
24
27
21
8
0
3
4
3
0
-7
-18
-30
-36
-32
-30
-35
-41
-42
-42
-47
-50
-44
-35
-38
-47
-52
-45
-36
-34
-38
-41
-43
-45
-46
-46
-45
-46
-50
-50
-43
-34
-33
-38
-41
-41
-35
-22
-3
9
6
-4
-7
-1
15
33
45
47
43
35
34
43
57
68
71
70
63
57
59
70
83
86
84
74
65
60
60
68
77
77
70
57
43
34
35
38
36
28
15
0
-11
-16
-12
-9
-20
-38
-52
-55
-47
-40
-38
-40
-47
-55
-56
-46
-33
-25
-20
-16
-10
-5
-1
4
8
9
10
15
26
34
35
27
17
9
5
8
13
15
10
-3
-16
-23
-25
-22
-15
-12
-17
-30
-37
-33
-20
-11
-13
-17
-17
-19
-21
-19
-10
-2
-2
-3
-4
-6
-12
-13
-7
1
2
-3
-5
-7
-14
-24
-25
-17
-6
-3
-12
-22
-31
-36
-33
-24
-14
-13
-22
-31
-29
-25
-22
-16
-10
-3
-4
-7
-8
2
13
25
31
35
34
28
25
33
47
56
61
59
50
38
36
46
56
57
49
33
19
13
20
32
34
18
-4
-18
-17
-4
5
9
4
-10
-25
-25
-11
4
13
15
15
14
10
10
16
23
27
29
32
32
28
21
14
12
10
9
9
6
-4
-18
-29
-34
-34
-34
-32
-36
-47
-59
-65
-64
-57
-52
-49
-54
-59
-59
-54
-50
-48
-46
-43
-40
-36
-32
-26
-24
-23
-19
-14
-9
-4
2
9
9
6
8
13
18
19
21
23
21
17
13
14
14
9
7
6
2
-9
-15
-12
-12
-14
-18
-20
-23
-26
-23
-18
-13
-13
-15
-17
-16
-10
-3
6
9
8
8
11
17
23
26
29
29
30
33
38
42
45
43
41
37
35
38
41
44
43
39
37
38
41
47
50
51
50
53
59
62
58
55
54
56
60
67
67
59
48
39
37
40
40
43
38
25
12
4
3
8
8
6
-4
-19
-29
-31
-27
-25
-27
-30
-33
-40
-47
-49
-48
-44
-41
-40
-43
-49
-51
-47
-43
-44
-45
-48
-47
-41
-36
-34
-37
-44
-46
-43
-36
-32
-31
-31
-32
-36
-40
-40
-39
-35
-34
-37
-43
-46
-50
-47
-46
-49
-53
-56
-56
-54
-50
-49
-51
-50
-48
-46
-44
-40
-36
-35
-36
-34
-28
-23
-18
-14
-13
-12
-9
2
16
27
27
24
22
25
34
46
54
54
50
47
47
52
62
69
74
72
67
68
71
77
84
82
78
72
68
68
66
64
61
57
51
46
39
35
35
30
31
29
21
18
17
14
13
9
2
3
5
-1
-8
-13
-14
-11
-7
-7
-10
-20
-22
-16
-7
2
8
6
8
9
11
19
23
23
25
25
22
22
22
24
29
31
29
28
22
16
19
25
30
30
25
16
8
-1
-4
-3
-7
-14
-26
-36
-45
-50
-52
-54
-59
-68
-75
-80
-79
-79
-79
-79
-83
-91
-93
-93
-92
-90
-89
-90
-92
-96
-91
-80
-70
-68
-67
-66
-63
-55
-41
-26
-18
-14
-14
-10
-1
9
18
25
28
30
33
37
41
46
52
54
54
56
58
59
58
56
56
55
52
49
45
40
36
31
30
27
21
14
7
5
6
8
10
7
4
0
-5
-7
-5
0
0
-3
-7
-6
-7
-4
1
7
10
10
12
14
19
24
31
33
31
30
31
33
38
42
44
44
43
43
43
46
49
57
58
54
47
40
40
41
40
37
36
29
23
17
12
12
7
3
0
-4
-12
-16
-23
-25
-28
-33
-38
-44
-50
-56
-61
-63
-63
-63
-66
-64
-64
-66
-67
-64
-60
-58
-58
-61
-57
-54
-57
-53
-48
-42
-35
-32
-29
-27
-24
-23
-18
-9
-5
-3
-1
1
3
-2
-8
-6
-3
-5
-4
2
5
-1
-6
-2
3
5
3
5
7
0
-4
-2
0
2
2
-1
-5
-6
0
9
16
11
12
9
12
12
18
77
95
43
4
40
55
15
13
41
63
66
67
41
12
18
32
49
46
41
47
59
67
48
35
39
49
41
50
61
45
29
34
45
24
7
22
36
16
2
15
11
-24
-39
-14
-3
-19
-19
-5
-16
-46
-48
-32
-41
-53
-31
-7
-9
-27
-37
-40
-45
-48
-34
-23
-25
-27
-24
-25
-34
-41
-36
-27
-25
-21
-17
-17
-28
-36
-27
-24
-31
-30
-18
-8
-13
-24
-27
-32
-41
-35
-21
-13
-17
-24
-23
-31
-41
-41
-29
-19
-18
-21
-25
-32
-36
-29
-22
-23
-24
-19
-13
-17
-25
-23
-15
-12
-10
-8
0
3
2
6
10
11
15
13
17
25
33
35
32
33
36
36
40
43
43
48
57
60
56
55
50
47
46
55
66
65
62
58
57
54
47
53
58
57
55
52
48
39
34
32
29
26
26
25
25
22
17
14
10
1
-1
0
-3
-4
-3
-6
-13
-17
-10
-6
-11
-23
-26
-22
-19
-17
-16
-16
-24
-29
-28
-21
-16
-20
-23
-26
-31
-38
-38
-26
-23
-32
-37
-39
-41
-38
-29
-22
-24
-28
-30
-34
-41
-45
-36
-22
-16
-17
-11
-10
-20
-24
-19
-11
-8
-3
8
12
1
-7
-7
-11
-12
-3
12
13
8
4
-1
-15
-18
-11
-4
-1
-2
2
-3
-20
-30
-25
-16
-11
-3
6
3
-7
-11
-15
-20
-13
6
19
24
21
13
-6
-16
-9
10
28
39
38
27
8
-5
-7
0
13
29
36
31
14
-6
-16
-18
-8
8
19
27
24
6
-8
-11
-4
0
9
27
30
16
1
-6
-5
0
10
28
36
27
21
15
9
12
23
27
24
27
24
9
1
7
11
5
4
10
8
2
-6
-9
-12
-6
3
-1
3
15
13
-5
-15
-15
-17
-9
16
26
10
-5
-10
-17
-27
-21
5
24
21
11
3
-14
-33
-21
3
7
7
11
-2
-25
-29
-29
-36
-26
1
7
-5
-15
-25
-41
-41
-26
-10
-1
7
1
-17
-27
-36
-45
-35
-10
-3
-8
-5
-4
-24
-39
-35
-23
-17
-17
-16
-9
-14
-29
-28
-20
-22
-27
-27
-30
-31
-22
-16
-11
-8
-12
-26
-33
-28
-20
-1
12
14
7
-10
-26
-32
-21
-3
14
31
40
26
0
-18
-13
-2
15
40
59
54
32
10
-2
-4
9
28
46
61
63
44
17
10
19
34
52
63
65
64
56
37
26
35
46
53
59
60
56
46
31
27
33
42
50
60
63
50
37
31
27
31
46
57
48
38
32
23
13
13
26
30
27
21
12
4
-1
-2
0
7
12
5
-6
-16
-25
-31
-26
-19
-22
-31
-36
-37
-46
-56
-53
-39
-42
-50
-47
-48
-53
-57
-51
-41
-39
-40
-44
-52
-59
-63
-55
-47
-46
-46
-49
-57
-63
-67
-66
-57
-51
-53
-54
-50
-50
-58
-63
-53
-51
-55
-49
-38
-33
-39
-42
-37
-36
-39
-28
-10
-7
-10
-5
-3
-9
-10
-1
8
16
19
9
0
4
9
8
15
23
23
18
16
17
11
13
25
34
35
36
38
35
25
25
33
38
46
58
63
56
43
38
40
34
44
66
70
59
54
43
23
21
36
42
44
51
43
22
12
12
9
18
30
30
21
18
12
-3
-4
9
17
14
17
21
13
3
0
4
4
3
11
19
14
6
3
-3
-8
-9
-10
-5
1
0
-10
-4
3
-8
-19
-17
-7
-1
-1
2
12
10
-4
-12
-8
0
-1
-4
5
12
2
-10
-14
-18
-23
-23
-13
-9
-8
-7
-17
-27
-36
-37
-34
-31
-18
-7
-14
-25
-32
-36
-45
-41
-21
-8
-3
-4
-7
-17
-24
-25
-20
-11
1
2
-3
-9
-9
-15
-20
-10
1
5
3
1
3
5
5
11
17
19
16
9
6
6
11
22
27
25
21
15
6
3
5
12
23
30
32
23
12
3
-6
-7
1
14
20
19
13
3
-7
-15
-15
-6
2
5
6
7
-1
-12
-14
-12
-12
-5
2
1
0
0
-8
-18
-18
-14
-11
-4
4
3
-3
-10
-12
-13
-13
-8
-1
-1
-1
1
-4
-11
-11
-11
-12
-7
-3
1
7
6
0
-6
-9
-9
-6
5
11
11
7
5
0
-7
-4
2
9
13
12
11
6
3
0
-2
1
8
12
9
3
1
-2
-4
0
8
9
7
0
-4
-9
-12
-9
1
9
7
3
-5
-17
-22
-18
-5
6
12
11
-1
-13
-20
-22
-13
4
12
12
11
2
-12
-18
-11
3
9
15
18
12
3
-5
-5
-1
5
12
16
13
8
-1
-3
0
6
10
13
13
5
0
-1
3
6
8
11
10
4
-2
-4
1
8
9
8
3
-2
-6
-8
-4
3
3
2
1
-5
-12
-13
-8
-5
-1
2
2
-6
-13
-15
-13
-10
-8
-6
-5
-9
-13
-13
-13
-14
-11
-9
-6
-7
-9
-9
-12
-10
-10
-11
-11
-9
-5
-3
-5
-4
-5
-9
-9
-5
-2
0
4
4
0
-1
1
1
3
9
14
13
9
8
6
4
8
14
17
15
16
11
6
4
5
8
15
19
17
12
7
3
0
1
4
10
13
12
10
5
-1
-4
-4
-1
4
9
10
8
5
2
-2
-6
-5
2
8
11
11
8
2
-4
-6
-2
3
8
10
9
5
1
0
-2
-2
0
5
7
7
4
2
-1
-4
-3
0
4
5
7
7
4
-2
-3
-4
-5
1
6
7
4
1
-4
-7
-8
-9
-6
-2
-1
-3
-3
-4
-5
-8
-13
-15
-12
-7
-2
2
-2
-8
-13
-17
-19
-15
-7
-2
1
-1
-8
-14
-18
-15
-8
-1
4
4
0
-4
-10
-11
-7
-1
1
3
2
-1
-6
-7
-8
-7
-5
-1
1
-2
-6
-7
-7
-7
-5
-2
0
-1
1
1
-2
-1
0
2
3
4
4
5
4
5
6
7
9
8
9
8
6
5
6
8
6
4
6
8
6
5
3
-1
-2
-3
0
0
2
3
-1
-4
-6
-7
-7
-5
-1
-1
0
1
-1
-3
-3
-3
-2
1
5
6
4
3
2
0
0
3
6
8
8
8
6
3
3
1
3
4
5
5
5
5
4
3
3
4
5
3
3
4
2
3
3
2
1
2
2
2
1
1
-1
-2
-3
-1
0
2
-1
-1
-3
-5
-5
-5
-5
-1
-2
-3
-4
-7
-8
-8
-6
-3
-2
-1
-1
-3
-5
-8
-6
-4
-1
1
1
1
