2
2
2
1
1
1
1
2
2
2
2
2
3
3
4
4
3
3
3
3
3
2
3
2
1
0
0
1
0
0
0
-2
-2
-2
-3
-3
-2
-2
-2
-1
-1
-1
0
0
0
1
2
3
3
4
4
5
5
5
5
6
6
6
6
7
7
8
7
8
9
8
9
9
8
11
9
9
9
9
9
8
8
8
8
7
6
7
6
5
5
5
5
5
5
4
4
3
2
2
1
0
-3
-4
-4
-7
-7
-8
-9
-10
-11
-13
-13
-13
-17
-17
-20
-21
-23
-24
-26
-29
-30
-31
-32
-33
-36
-37
-38
-38
-39
-39
-40
-42
-41
-43
-44
-45
-46
-46
-45
-46
-48
-51
-52
-57
-59
-62
-62
-63
-61
-59
-56
-51
-44
-37
-29
-21
-11
-4
3
9
17
26
34
45
54
64
75
81
88
92
96
96
95
92
87
82
75
69
65
59
54
48
45
41
38
35
30
28
25
23
24
24
25
26
28
32
34
39
42
43
47
49
49
49
50
50
49
48
47
48
47
44
42
39
36
31
28
26
24
23
20
18
16
13
13
12
12
11
10
11
10
11
10
8
6
1
-2
-6
-10
-16
-19
-26
-34
-44
-55
-64
-73
-85
-93
-101
-107
-117
-126
-132
-141
-149
-158
-161
-166
-172
-176
-180
-182
-187
-190
-189
-190
-181
-171
-148
-124
-93
-61
-40
-18
-8
4
19
37
65
91
119
141
155
169
178
190
195
196
190
178
161
141
125
109
98
85
69
52
31
16
-3
-20
-37
-56
-70
-83
-92
-98
-101
-102
-105
-110
-112
-110
-105
-98
-91
-84
-77
-70
-58
-43
-29
-10
12
39
66
89
113
130
146
155
160
164
174
194
210
226
233
238
240
240
240
233
228
214
197
180
165
158
150
142
130
115
102
85
72
58
46
37
28
19
12
4
-2
-12
-26
-45
-65
-81
-93
-99
-107
-112
-120
-126
-132
-139
-145
-156
-165
-175
-184
-187
-195
-193
-191
-189
-186
-185
-178
-170
-160
-157
-156
-160
-168
-176
-184
-185
-186
-189
-204
-226
-249
-254
-241
-201
-151
-106
-65
-61
-71
-95
-110
-93
-60
-2
48
91
123
135
153
164
184
192
190
176
149
134
120
123
125
123
112
86
55
18
-13
-40
-61
-79
-96
-102
-102
-93
-83
-79
-84
-99
-119
-134
-139
-130
-112
-93
-73
-61
-46
-29
-3
23
39
56
69
97
126
162
194
221
244
250
257
263
281
306
323
334
335
340
348
357
364
363
358
341
317
290
274
270
264
255
230
208
186
169
154
137
124
104
84
60
40
26
13
-6
-36
-67
-96
-114
-128
-143
-157
-173
-193
-213
-230
-236
-238
-242
-254
-265
-264
-270
-274
-278
-280
-279
-281
-278
-272
-255
-237
-230
-231
-246
-259
-271
-283
-298
-321
-339
-371
-397
-388
-337
-237
-163
-115
-98
-108
-131
-186
-210
-170
-73
47
118
148
165
186
205
199
184
180
190
185
155
124
131
163
177
152
96
36
-23
-83
-131
-153
-144
-127
-116
-114
-113
-108
-113
-135
-178
-219
-234
-224
-200
-156
-102
-49
-19
-16
-8
2
15
24
31
53
83
139
207
291
350
385
396
373
353
319
326
366
411
459
480
505
519
525
524
503
468
420
379
346
341
348
367
388
369
335
282
237
204
160
128
100
88
86
91
103
96
75
31
-28
-91
-143
-166
-174
-169
-162
-153
-150
-161
-176
-193
-220
-256
-297
-323
-330
-314
-288
-263
-245
-241
-242
-257
-273
-299
-319
-331
-347
-351
-351
-339
-340
-363
-404
-474
-542
-553
-486
-345
-237
-187
-165
-180
-215
-311
-362
-281
-107
60
114
115
117
128
131
111
117
150
180
169
129
98
106
140
134
83
-1
-78
-135
-183
-199
-184
-148
-128
-135
-152
-169
-180
-194
-218
-245
-266
-246
-199
-139
-79
-25
17
16
-16
-41
-30
13
63
116
172
234
289
340
394
420
421
396
365
348
341
387
464
547
600
601
580
548
513
475
448
424
414
410
412
437
451
458
435
368
293
214
170
152
150
167
186
197
185
161
133
93
37
-31
-83
-118
-134
-125
-112
-93
-99
-131
-177
-232
-265
-296
-309
-313
-308
-290
-283
-271
-270
-278
-294
-328
-346
-363
-359
-348
-321
-281
-271
-276
-323
-367
-418
-486
-535
-613
-613
-524
-361
-168
-124
-116
-167
-250
-359
-509
-472
-260
34
220
233
183
144
113
49
7
21
112
188
182
156
139
172
181
101
-26
-157
-241
-282
-285
-231
-137
-54
-47
-104
-199
-268
-301
-329
-330
-315
-257
-170
-99
-39
-2
12
-11
-71
-133
-133
-64
42
167
258
321
357
352
357
344
344
365
377
407
434
496
582
652
686
663
615
547
504
491
514
558
586
613
601
565
529
479
443
383
313
276
255
266
280
288
287
248
179
98
34
-9
-29
-41
-52
-58
-77
-102
-141
-186
-225
-272
-315
-341
-353
-338
-324
-315
-302
-309
-333
-368
-386
-378
-375
-376
-362
-321
-286
-283
-296
-286
-274
-296
-344
-403
-422
-435
-450
-494
-552
-513
-406
-235
-140
-149
-177
-253
-336
-469
-506
-337
-38
224
303
230
99
-7
-89
-109
-62
61
216
283
260
170
93
61
-2
-98
-201
-270
-272
-249
-206
-138
-84
-77
-158
-274
-379
-406
-370
-308
-235
-184
-122
-86
-76
-83
-86
-75
-68
-67
-45
32
146
269
358
386
397
386
379
384
377
440
530
613
668
667
693
702
691
648
598
588
612
670
709
729
716
673
610
516
451
427
434
449
427
400
370
321
266
207
170
144
98
58
32
20
15
-5
-47
-96
-158
-217
-271
-326
-342
-339
-330
-320
-333
-341
-361
-405
-442
-471
-470
-459
-442
-408
-374
-358
-355
-365
-374
-386
-402
-393
-368
-333
-319
-334
-364
-421
-485
-576
-634
-589
-444
-237
-129
-137
-217
-322
-439
-568
-585
-397
-63
205
272
162
20
-77
-149
-177
-143
3
169
255
228
145
97
67
10
-101
-203
-247
-238
-209
-173
-116
-53
-42
-112
-237
-333
-355
-317
-266
-218
-156
-95
-51
-57
-79
-84
-80
-68
-69
-29
58
167
280
352
385
379
357
335
346
422
523
644
703
732
754
726
710
672
691
739
763
783
789
810
811
782
727
671
614
565
549
530
523
502
461
415
324
241
183
146
135
115
100
96
76
42
-12
-78
-136
-184
-229
-260
-285
-284
-268
-271
-284
-317
-357
-405
-459
-481
-466
-435
-408
-384
-365
-354
-377
-419
-442
-436
-426
-427
-428
-395
-352
-347
-367
-422
-458
-514
-593
-683
-718
-609
-413
-211
-174
-231
-346
-459
-576
-685
-600
-323
40
237
195
23
-116
-183
-211
-199
-118
56
207
248
178
82
45
21
-52
-171
-258
-268
-226
-184
-142
-85
-50
-86
-196
-325
-395
-380
-321
-257
-206
-153
-99
-80
-90
-119
-133
-127
-118
-86
-20
89
214
318
371
378
358
334
343
357
423
527
652
760
799
860
879
880
816
732
724
738
818
878
960
1010
989
915
775
674
594
583
603
618
633
609
570
474
369
285
228
204
156
136
137
138
130
80
35
-24
-94
-165
-243
-287
-302
-291
-280
-280
-294
-330
-373
-445
-497
-511
-489
-452
-433
-396
-390
-402
-436
-474
-485
-515
-503
-480
-433
-405
-422
-440
-473
-502
-573
-637
-697
-731
-692
-589
-429
-330
-328
-397
-512
-628
-735
-745
-592
-336
-87
9
-38
-151
-244
-284
-292
-262
-178
-35
78
106
68
25
30
3
-74
-171
-245
-246
-213
-155
-88
-26
15
-3
-89
-194
-267
-278
-240
-195
-144
-72
-4
38
36
0
-30
-55
-51
-22
36
137
243
334
381
386
375
362
349
348
395
464
560
654
760
854
895
889
829
763
707
706
761
853
940
1001
1027
976
878
764
692
666
667
693
698
676
621
557
499
422
352
287
240
184
128
100
95
98
80
40
-33
-129
-232
-318
-357
-356
-336
-317
-311
-334
-382
-423
-458
-493
-503
-486
-450
-426
-418
-402
-390
-397
-412
-429
-427
-421
-413
-418
-429
-440
-438
-444
-465
-486
-519
-539
-597
-647
-729
-726
-669
-584
-508
-550
-567
-632
-658
-708
-734
-653
-509
-331
-284
-305
-347
-332
-305
-296
-248
-186
-86
-37
-44
-48
-52
0
35
33
6
-32
-36
-32
-25
13
78
151
168
140
86
43
31
17
42
69
114
160
189
216
214
235
251
243
217
194
212
249
293
332
375
398
391
375
357
368
399
439
501
533
570
597
637
673
680
681
671
679
664
662
684
735
794
816
814
781
717
661
607
583
576
571
572
546
509
444
386
334
276
242
206
168
112
47
-13
-75
-111
-161
-209
-259
-305
-334
-368
-390
-423
-440
-439
-443
-454
-472
-477
-473
-467
-466
-458
-446
-441
-442
-454
-454
-443
-423
-418
-428
-431
-422
-408
-411
-430
-459
-481
-492
-520
-544
-566
-572
-579
-605
-629
-643
-621
-599
-592
-606
-620
-617
-627
-633
-627
-570
-481
-413
-395
-401
-389
-353
-310
-283
-242
-191
-132
-95
-74
-38
16
79
123
139
142
152
161
175
193
227
280
315
341
349
359
374
383
389
385
395
418
448
467
484
499
510
498
468
442
445
459
462
454
443
438
431
425
422
425
433
442
436
433
424
426
434
441
462
473
487
486
478
478
481
493
494
493
489
491
489
496
484
455
433
414
391
356
320
298
276
235
185
129
91
54
22
-6
-49
-92
-154
-196
-237
-263
-277
-299
-312
-361
-387
-422
-443
-462
-478
-474
-486
-495
-508
-514
-528
-546
-545
-532
-513
-503
-505
-504
-511
-522
-542
-541
-535
-517
-499
-493
-491
-500
-515
-533
-551
-559
-553
-549
-558
-572
-565
-546
-526
-506
-488
-473
-486
-505
-511
-499
-474
-453
-409
-354
-308
-269
-250
-215
-179
-136
-97
-65
-26
21
81
130
164
195
237
279
302
327
353
379
397
413
430
456
482
512
544
561
558
550
561
584
603
605
605
603
595
586
574
575
580
589
589
569
541
504
482
464
457
465
464
456
440
424
416
399
372
348
327
310
299
309
326
337
336
329
309
275
242
205
201
202
216
229
213
189
147
115
84
51
24
2
-8
-19
-43
-54
-72
-98
-134
-188
-225
-260
-284
-292
-304
-303
-309
-315
-338
-394
-423
-446
-450
-451
-457
-457
-448
-445
-456
-474
-491
-490
-506
-518
-525
-525
-503
-494
-483
-487
-493
-498
-524
-543
-558
-547
-520
-504
-486
-484
-480
-487
-501
-509
-516
-520
-518
-500
-466
-409
-370
-334
-317
-315
-307
-313
-293
-260
-201
-130
-69
-23
1
24
51
80
115
157
208
251
287
306
325
367
410
444
452
451
464
487
516
528
540
559
575
594
592
598
608
629
652
650
641
621
614
609
604
597
592
587
580
569
553
538
512
482
435
388
351
334
325
321
314
304
288
254
220
172
133
101
82
74
68
61
47
37
27
1
-26
-56
-70
-78
-86
-81
-93
-105
-120
-137
-166
-190
-201
-206
-210
-223
-228
-218
-223
-227
-249
-263
-264
-260
-248
-250
-246
-254
-262
-276
-293
-305
-313
-310
-308
-319
-330
-326
-329
-337
-346
-368
-391
-412
-436
-444
-440
-426
-414
-414
-416
-434
-452
-473
-486
-489
-488
-472
-455
-432
-415
-408
-402
-400
-404
-414
-423
-422
-401
-352
-312
-263
-225
-190
-166
-162
-150
-129
-104
-73
-21
37
99
149
186
212
228
247
274
315
355
389
416
431
445
464
485
508
523
544
573
589
594
593
596
611
626
639
645
651
649
647
642
637
635
622
602
571
538
509
487
465
442
410
382
343
299
258
218
190
150
110
69
37
22
-3
8
31
-10
-41
-79
-129
-162
-168
-157
-129
-100
-101
-139
-197
-235
-276
-286
-253
-217
-174
-167
-168
-190
-224
-234
-244
-232
-219
-190
-162
-153
-136
-129
-140
-133
-128
-138
-159
-171
-171
-177
-191
-196
-193
-202
-213
-238
-265
-289
-296
-294
-304
-304
-315
-331
-349
-377
-382
-396
-404
-399
-409
-415
-424
-428
-430
-426
-417
-418
-406
-415
-416
-413
-419
-417
-422
-408
-409
-398
-373
-319
-245
-190
-153
-162
-141
-146
-141
-106
-44
91
220
321
349
343
336
333
354
382
442
531
618
665
670
658
634
625
603
585
598
617
647
662
667
672
661
638
586
534
498
481
477
467
479
483
461
415
357
305
255
232
207
190
174
159
132
86
41
-5
-32
-69
-96
-99
-98
-93
-109
-124
-131
-129
-121
-120
-113
-126
-129
-133
-135
-125
-112
-68
-41
-36
-59
-83
-97
-116
-105
-76
-55
-55
-74
-105
-148
-170
-169
-165
-123
-102
-125
-154
-208
-267
-299
-307
-299
-288
-264
-250
-283
-338
-377
-417
-434
-429
-408
-380
-388
-401
-430
-453
-489
-521
-518
-519
-489
-466
-451
-445
-483
-496
-497
-499
-507
-515
-508
-504
-509
-559
-505
-357
-131
5
-43
-120
-233
-248
-285
-244
1
375
749
800
609
349
205
221
290
458
688
965
1083
987
762
541
472
449
475
516
603
703
709
637
510
414
367
312
272
247
303
385
418
394
309
230
138
78
66
97
184
264
297
248
159
67
11
18
54
125
183
220
205
154
92
28
13
33
88
144
173
222
258
273
213
109
34
1
16
43
128
247
319
277
133
-20
-122
-146
-109
-20
78
121
80
-52
-203
-333
-402
-411
-380
-311
-258
-255
-321
-432
-532
-607
-640
-625
-576
-517
-486
-509
-571
-653
-723
-756
-746
-701
-642
-587
-568
-593
-653
-682
-681
-649
-638
-640
-651
-658
-645
-677
-700
-750
-750
-611
-344
-46
71
-52
-225
-325
-314
-256
-80
342
871
1172
994
525
151
127
338
629
920
1185
1336
1197
787
346
114
180
380
599
740
754
621
329
32
-154
-151
-18
153
275
313
270
166
40
-81
-148
-119
5
174
296
335
320
255
185
109
89
160
308
480
567
566
498
409
327
284
313
414
543
626
621
538
425
346
347
435
532
569
543
473
382
285
247
296
369
396
367
303
218
126
56
49
67
70
41
-27
-117
-226
-324
-378
-398
-403
-427
-489
-570
-654
-724
-764
-788
-768
-740
-762
-832
-913
-942
-953
-944
-932
-903
-867
-858
-869
-901
-898
-885
-840
-796
-775
-754
-794
-846
-853
-872
-832
-859
-679
-288
28
114
-298
-552
-627
-460
-247
-1
606
1109
1259
696
-23
-340
-108
437
858
1238
1373
1255
728
62
-259
-209
222
581
834
855
562
113
-392
-588
-481
-147
235
422
420
180
-107
-337
-431
-342
-131
196
450
574
486
281
88
-41
18
197
482
759
882
878
687
484
327
298
437
624
822
906
894
787
604
410
322
453
661
872
931
900
795
574
398
314
474
710
871
880
751
569
362
221
209
347
481
504
370
154
-39
-234
-356
-386
-303
-200
-230
-374
-573
-739
-877
-949
-911
-791
-682
-695
-799
-939
-1057
-1121
-1134
-1042
-915
-832
-812
-872
-905
-996
-1068
-1080
-1016
-898
-869
-906
-1003
-1034
-1035
-723
-375
-101
-218
-623
-737
-734
-462
-302
75
672
1025
840
38
-559
-567
4
635
1055
1256
1111
683
-71
-575
-643
-229
360
684
760
397
-154
-715
-1013
-880
-484
19
331
309
-21
-474
-748
-748
-516
-200
120
366
434
289
-2
-187
-172
39
311
555
751
798
719
525
353
317
425
665
909
1051
1013
846
649
552
554
664
932
1164
1261
1102
860
708
600
642
796
1091
1302
1273
1048
761
582
507
583
710
867
918
807
574
252
40
-54
-24
54
78
32
-147
-355
-504
-559
-564
-565
-544
-555
-607
-720
-790
-783
-752
-735
-782
-817
-827
-820
-811
-815
-810
-780
-788
-837
-941
-1017
-1051
-1120
-1129
-1113
-752
-291
-80
-290
-884
-1065
-974
-674
-452
-125
578
997
836
-63
-807
-872
-344
368
856
1151
982
479
-314
-832
-839
-448
163
499
558
137
-534
-1122
-1357
-1092
-605
-101
156
35
-396
-921
-1198
-1121
-762
-333
40
250
190
-62
-419
-594
-504
-186
249
559
693
586
350
143
27
102
315
624
908
1016
911
671
464
382
461
717
1022
1281
1270
1083
867
720
753
846
1085
1329
1469
1421
1161
924
807
871
1014
1137
1179
1093
887
624
468
406
452
481
467
401
197
-68
-325
-395
-287
-153
-101
-188
-346
-521
-676
-692
-564
-381
-291
-331
-468
-640
-768
-797
-638
-456
-338
-436
-632
-801
-940
-1032
-1100
-1025
-684
-152
103
-100
-792
-1193
-1118
-807
-485
-220
377
833
744
-72
-932
-1100
-600
180
750
1033
895
377
-394
-972
-1024
-655
-32
375
457
102
-604
-1263
-1593
-1387
-864
-322
-20
-118
-558
-1100
-1419
-1349
-973
-560
-214
-33
-80
-325
-672
-825
-714
-393
2
286
409
283
3
-207
-252
-89
154
379
562
597
466
293
191
258
424
587
806
1030
1053
858
567
539
722
893
1110
1309
1531
1477
1162
858
756
937
1216
1450
1520
1406
1089
739
495
457
601
721
778
683
466
166
-144
-254
-160
36
157
129
-11
-221
-432
-534
-447
-249
-37
41
-40
-209
-376
-422
-379
-284
-234
-194
-244
-358
-528
-681
-737
-640
-139
305
401
-173
-817
-945
-730
-358
-98
475
1038
1062
263
-811
-1154
-678
203
792
1031
887
365
-395
-1089
-1171
-795
-148
273
320
-58
-800
-1486
-1832
-1602
-1029
-429
-141
-343
-920
-1510
-1754
-1552
-1097
-661
-366
-241
-344
-628
-985
-1137
-969
-578
-141
122
171
-47
-368
-597
-576
-335
-37
198
289
242
-2
-200
-223
-24
261
450
636
697
638
431
279
344
565
852
1030
1116
1070
979
873
843
930
1067
1236
1270
1207
1053
901
791
713
724
789
824
711
477
264
182
205
248
235
185
93
-64
-225
-275
-160
14
71
17
-77
-138
-191
-236
-166
-37
106
112
9
-154
-384
-513
-558
-144
519
966
851
80
-421
-554
-300
-42
348
1150
1734
1616
512
-595
-927
-328
602
1314
1619
1301
564
-468
-1096
-1103
-567
207
642
669
44
-882
-1674
-1962
-1562
-861
-178
82
-225
-917
-1632
-1944
-1745
-1192
-625
-248
-192
-420
-793
-1170
-1303
-1138
-703
-206
81
60
-274
-696
-955
-977
-741
-410
-90
82
-73
-456
-820
-902
-688
-354
6
247
259
42
-222
-298
-149
119
411
659
780
738
555
403
434
660
943
1100
1054
907
743
646
622
646
711
723
649
472
260
118
75
127
205
230
141
-69
-299
-405
-316
-153
6
52
33
-77
-215
-281
-243
-73
94
253
248
130
-70
-268
-67
473
1083
1187
685
284
180
355
382
575
1278
2024
2144
1238
178
-258
126
822
1421
1758
1636
1028
87
-553
-680
-303
243
638
765
324
-460
-1264
-1609
-1329
-741
-104
197
-8
-620
-1297
-1573
-1362
-873
-398
-42
60
-124
-564
-992
-1051
-809
-348
25
236
202
-159
-583
-847
-802
-515
-256
-89
-82
-317
-650
-974
-1071
-908
-659
-403
-295
-340
-539
-810
-909
-736
-376
-69
34
1
-27
-113
-177
-112
145
522
696
643
449
260
171
158
271
446
544
439
140
-152
-254
-185
-97
-86
-129
-192
-312
-495
-604
-590
-454
-296
-207
-185
-302
-451
-524
-416
-198
-1
86
41
-141
-345
-206
406
1161
1403
976
443
267
400
548
864
1627
2409
2501
1629
521
49
383
1139
1854
2268
2165
1495
525
-227
-469
-165
436
989
1173
722
-180
-1062
-1437
-1173
-544
125
491
351
-245
-944
-1281
-1123
-683
-207
207
459
388
-17
-509
-727
-574
-140
349
679
711
369
-117
-492
-541
-302
-5
238
279
96
-299
-739
-948
-876
-563
-218
-5
-49
-368
-767
-1042
-1002
-685
-226
101
126
-119
-457
-664
-657
-384
28
383
461
239
-130
-436
-514
-365
-75
151
157
-106
-496
-807
-919
-799
-595
-408
-365
-520
-790
-1093
-1208
-1101
-804
-487
-370
-461
-703
-876
-921
-799
-601
-365
-206
-174
5
274
550
446
156
123
332
612
696
1013
1622
2069
1860
1067
496
549
1074
1605
1951
2035
1770
1149
482
183
257
599
896
1072
951
387
-332
-848
-842
-438
23
337
361
37
-466
-841
-790
-393
-25
178
237
272
243
57
-103
-100
124
444
687
801
692
414
180
130
275
448
509
525
419
204
-2
-123
-59
3
15
36
75
76
-75
-276
-308
-172
14
100
61
14
-82
-138
-134
-78
19
22
-45
-146
-230
-261
-315
-390
-428
-442
-478
-597
-784
-946
-1045
-1042
-963
-892
-909
-1053
-1213
-1322
-1323
-1264
-1167
-1049
-980
-968
-1025
-1057
-1075
-1056
-1043
-1005
-931
-701
-180
357
496
64
-404
-450
-167
126
445
1061
1735
1853
1164
203
-199
192
1010
1758
2148
1993
1285
369
-198
-139
327
866
1204
1207
765
-27
-751
-1003
-700
-78
488
739
511
-132
-794
-1033
-721
-141
341
594
591
355
-21
-345
-387
-159
240
658
958
949
600
156
-77
42
351
670
884
917
705
328
19
12
271
591
789
792
642
393
209
227
445
711
858
850
753
612
440
327
397
653
877
837
535
194
15
-17
-1
-7
-23
-102
-306
-604
-855
-935
-951
-964
-964
-937
-976
-1216
-1498
-1577
-1401
-1192
-1152
-1224
-1282
-1303
-1361
-1401
-1384
-1268
-1247
-1215
-941
-431
-19
-176
-579
-782
-591
-393
-298
77
822
1406
1149
283
-438
-459
8
627
1230
1588
1418
619
-231
-589
-351
97
473
769
796
372
-429
-1042
-1046
-559
3
344
405
188
-227
-616
-685
-430
-33
313
519
556
376
53
-241
-323
-144
196
511
642
524
242
-77
-253
-186
49
318
480
473
301
27
-188
-158
102
477
734
803
669
434
326
443
762
1049
1167
1148
1084
1000
917
883
989
1181
1269
1178
945
751
648
587
554
501
422
250
32
-128
-199
-220
-292
-429
-550
-601
-635
-721
-864
-900
-810
-693
-691
-823
-937
-1009
-1014
-1003
-941
-911
-925
-832
-489
-63
-16
-380
-769
-769
-549
-337
3
594
1126
961
121
-702
-838
-310
395
953
1158
875
98
-705
-1031
-756
-213
236
475
333
-216
-1007
-1517
-1403
-831
-190
177
192
-175
-748
-1158
-1072
-552
6
337
398
288
44
-219
-349
-261
-28
212
401
464
317
-48
-440
-601
-434
-107
151
222
115
-147
-504
-749
-676
-316
104
365
407
263
-24
-234
-142
282
807
1114
1126
934
709
575
597
833
1186
1437
1373
1033
666
491
533
685
809
807
648
378
117
-29
-22
66
126
119
30
-130
-347
-507
-484
-306
-114
-56
-138
-324
-505
-653
-664
-606
-475
-199
162
501
411
-16
-470
-548
-296
9
382
876
1344
1255
510
-391
-706
-256
526
1207
1456
1199
436
-459
-959
-837
-302
225
556
535
79
-734
-1463
-1615
-1134
-419
80
160
-147
-698
-1196
-1316
-941
-357
92
262
216
23
-290
-578
-635
-375
38
371
446
259
-110
-495
-697
-635
-382
-112
10
-56
-269
-551
-777
-838
-712
-426
-159
-7
-38
-251
-467
-538
-326
51
390
543
488
333
190
182
316
514
662
686
611
481
338
219
163
173
220
222
140
-3
-147
-218
-188
-91
-12
-15
-113
-226
-293
-244
-117
20
79
45
-64
-189
-268
-272
-209
-142
3
248
583
717
493
81
-153
-25
224
488
822
1302
1556
1203
392
-266
-245
327
1056
1555
1614
1148
336
-362
-556
-212
306
732
858
601
0
-682
-1020
-861
-375
123
380
288
-118
-611
-859
-732
-359
8
237
307
198
-35
-252
-308
-200
-38
109
214
219
74
-182
-410
-498
-446
-316
-193
-161
-290
-532
-738
-762
-614
-407
-268
-268
-362
-483
-524
-447
-264
-24
146
161
62
-32
-34
47
159
277
359
324
164
-48
-159
-122
-23
33
-27
-199
-432
-617
-655
-549
-419
-361
-400
-464
-512
-509
-495
-466
-377
-243
-133
-146
-209
-270
-273
-289
-263
-247
-210
-65
236
601
631
343
-22
-140
-80
68
427
1025
1542
1428
707
-103
-394
-93
531
1193
1577
1465
806
22
-457
-440
-46
510
995
1055
578
-184
-720
-771
-403
147
637
792
488
-68
-447
-421
-123
201
489
719
762
537
183
-20
22
205
435
663
760
581
171
-179
-279
-162
-10
102
156
81
-188
-514
-675
-587
-371
-183
-61
-59
-195
-421
-555
-448
-161
142
286
256
116
-33
-101
-60
87
220
265
176
13
-162
-287
-322
-310
-304
-387
-545
-716
-826
-836
-785
-726
-724
-787
-856
-874
-814
-717
-608
-494
-419
-405
-447
-482
-467
-455
-413
-366
-291
-182
42
380
529
351
-41
-227
-190
-85
101
552
1187
1393
880
-27
-573
-465
86
764
1259
1348
823
20
-562
-620
-284
167
605
778
518
-134
-719
-870
-601
-151
272
547
497
75
-416
-572
-287
141
445
626
743
704
458
182
131
332
585
775
883
892
723
416
164
128
263
420
508
508
402
162
-121
-232
-107
151
333
380
300
113
-84
-147
19
302
534
593
514
388
269
208
209
294
418
483
411
207
-27
-191
-239
-229
-241
-353
-534
-711
-830
-866
-858
-838
-842
-875
-912
-939
-949
-909
-803
-660
-532
-502
-576
-680
-727
-687
-568
-468
-365
-231
6
272
284
46
-243
-289
-168
-33
171
562
955
907
367
-281
-517
-290
182
667
940
831
282
-355
-704
-606
-264
123
425
409
14
-569
-912
-851
-562
-253
8
134
3
-352
-653
-639
-388
-124
66
227
340
285
74
-83
-47
117
301
460
609
639
475
241
102
139
258
395
521
576
482
246
38
-11
149
409
594
651
560
386
198
143
326
643
867
887
782
642
528
462
502
638
756
785
689
522
334
152
55
54
80
4
-170
-336
-412
-451
-514
-572
-597
-596
-615
-649
-676
-670
-615
-558
-529
-515
-508
-502
-546
-576
-526
-476
-404
-306
-76
178
229
96
-113
-242
-312
-240
86
634
1015
889
348
-255
-511
-384
78
651
978
854
309
-290
-681
-717
-427
51
409
362
-57
-594
-929
-968
-755
-412
-110
-37
-248
-561
-754
-758
-673
-550
-341
-107
12
-75
-261
-391
-415
-352
-222
-34
138
185
80
-89
-232
-279
-218
-60
131
237
190
14
-151
-188
-58
161
347
443
404
308
211
208
361
588
771
811
753
674
609
582
634
753
824
794
684
589
518
432
365
317
286
207
87
-23
-92
-140
-191
-221
-223
-208
-225
-282
-326
-332
-292
-237
-181
-125
-104
-148
-236
-274
-241
-170
-152
-149
-67
88
246
249
127
-30
-135
-161
-74
160
483
703
638
367
17
-172
-124
154
548
811
796
464
16
-308
-326
-72
268
479
407
108
-274
-538
-556
-389
-208
-146
-197
-285
-378
-484
-584
-619
-556
-419
-313
-271
-287
-348
-438
-530
-543
-452
-317
-222
-191
-229
-332
-467
-541
-486
-342
-204
-145
-186
-303
-414
-438
-332
-167
-47
-4
-45
-121
-169
-83
138
351
426
360
268
222
246
350
504
624
639
554
431
339
296
311
355
380
365
299
219
121
28
-42
-60
-26
3
29
23
-6
-49
-89
-110
-114
-62
45
163
211
180
105
42
25
63
154
216
236
151
13
-69
-45
84
172
213
203
105
-82
-240
-196
47
326
488
492
334
104
-67
-45
196
499
726
760
620
374
135
23
99
336
532
528
313
53
-131
-237
-271
-202
-59
38
0
-160
-345
-484
-567
-553
-441
-307
-249
-309
-428
-540
-638
-703
-694
-582
-418
-335
-371
-471
-559
-600
-612
-549
-409
-279
-248
-331
-428
-460
-422
-326
-191
-65
3
-16
-74
-98
-70
-5
73
150
218
246
214
152
102
109
157
202
231
229
214
190
176
192
210
206
171
134
145
204
253
257
190
100
45
48
111
173
214
218
185
150
127
118
118
122
124
127
112
92
68
49
47
42
41
42
26
4
6
1
-13
-5
46
82
75
81
118
155
169
165
208
292
347
368
405
465
465
376
311
349
424
468
459
428
384
327
277
250
258
254
219
193
175
123
33
-57
-100
-113
-125
-173
-252
-317
-362
-398
-441
-457
-447
-438
-461
-500
-524
-539
-560
-601
-618
-593
-545
-499
-478
-484
-514
-555
-565
-522
-435
-360
-330
-326
-337
-357
-378
-358
-292
-235
-205
-187
-174
-156
-138
-91
-14
55
97
113
122
144
195
285
370
411
393
341
320
346
410
472
490
454
382
316
286
281
275
248
203
139
64
7
-34
-61
-63
-53
-61
-103
-162
-202
-206
-176
-120
-54
-18
-33
-58
-43
16
81
127
180
240
286
301
300
319
352
362
359
380
424
468
446
375
317
300
317
340
351
340
310
262
214
180
178
197
201
193
168
109
19
-56
-77
-55
-21
-13
-28
-76
-133
-180
-200
-188
-172
-177
-208
-245
-270
-260
-243
-237
-237
-255
-284
-323
-347
-324
-280
-248
-253
-300
-365
-407
-405
-369
-342
-347
-361
-361
-352
-350
-349
-332
-307
-281
-264
-238
-194
-138
-82
-47
-47
-73
-86
-50
37
129
183
184
143
91
52
52
90
131
146
126
72
-5
-82
-118
-98
-58
-32
-41
-90
-167
-229
-236
-189
-125
-75
-41
-40
-59
-62
-24
41
94
136
171
202
227
252
290
328
344
335
325
344
377
396
387
358
333
322
323
326
326
313
291
269
256
256
253
259
252
220
175
142
141
152
153
136
112
86
59
38
31
43
62
64
31
-24
-63
-65
-42
-9
17
24
-9
-69
-108
-98
-58
-28
-21
-37
-87
-163
-211
-199
-149
-124
-143
-184
-212
-227
-235
-229
-213
-196
-196
-202
-203
-191
-161
-121
-84
-70
-79
-94
-92
-55
14
81
101
62
-2
-45
-43
-6
39
63
42
-24
-107
-165
-191
-194
-178
-150
-143
-186
-266
-330
-357
-356
-332
-285
-227
-203
-226
-258
-252
-215
-180
-148
-104
-49
-8
-5
-30
-54
-49
-1
71
140
173
151
88
34
39
98
158
179
164
137
110
93
96
126
169
193
183
146
111
103
116
143
164
174
166
142
116
112
130
152
161
155
133
103
92
114
156
185
186
162
134
117
126
158
186
194
179
152
122
93
72
71
88
99
87
58
35
26
19
13
7
6
2
-7
-13
-1
27
52
55
32
14
22
52
91
128
153
138
91
46
29
46
76
97
94
57
-7
-70
-104
-110
-102
-100
-119
-158
-202
-238
-263
-275
-275
-270
-260
-257
-257
-261
-253
-228
-203
-194
-194
-183
-156
-119
-88
-75
-83
-101
-109
-98
-70
-49
-46
-60
-84
-99
-108
-109
-107
-107
-117
-132
-146
-154
-147
-125
-106
-105
-124
-143
-138
-115
-84
-53
-27
-18
-30
-45
-47
-29
0
29
38
27
2
-11
4
35
62
80
98
98
76
49
53
93
126
127
108
98
96
93
93
111
133
142
145
150
155
156
154
156
166
180
194
208
227
248
263
258
238
233
256
296
334
357
367
352
312
274
266
285
310
319
301
249
172
101
68
76
88
74
30
-25
-82
-125
-140
-134
-122
-120
-130
-147
-168
-188
-193
-179
-159
-147
-151
-154
-151
-143
-134
-123
-120
-122
-123
-115
-101
-102
-115
-138
-161
-179
-185
-182
-189
-205
-222
-235
-254
-279
-291
-274
-257
-259
-267
-263
-245
-235
-233
-224
-214
-212
-213
-197
-166
-141
-129
-123
-114
-104
-97
-83
-61
-40
-24
-13
-4
-1
-7
-6
12
33
36
22
9
9
5
-8
-19
-14
3
15
14
9
12
14
9
14
40
70
80
79
94
127
151
145
132
147
191
233
262
287
308
303
284
284
308
336
358
373
382
368
326
289
275
281
285
276
258
228
193
170
161
160
155
145
134
127
118
112
107
105
99
94
96
106
114
109
101
93
82
64
52
58
75
75
52
17
-23
-55
-74
-79
-86
-112
-154
-198
-233
-248
-250
-257
-273
-295
-316
-336
-344
-343
-336
-331
-333
-335
-334
-329
-330
-329
-321
-303
-282
-263
-246
-231
-218
-211
-201
-177
-142
-121
-119
-111
-87
-67
-72
-87
-91
-85
-77
-75
-69
-60
-61
-78
-98
-101
-89
-79
-80
-89
-93
-94
-93
-93
-78
-53
-35
-30
-29
-17
5
30
62
96
123
130
123
116
124
149
187
222
238
221
190
168
180
209
234
230
210
192
181
179
187
201
215
223
224
218
203
196
203
217
224
221
225
235
242
238
232
227
231
231
232
238
235
222
194
166
151
150
156
148
120
78
38
12
10
17
16
-3
-38
-76
-104
-111
-106
-101
-109
-129
-151
-172
-184
-185
-179
-176
-179
-182
-188
-193
-196
-192
-187
-179
-162
-146
-135
-133
-132
-120
-112
-112
-114
-110
-102
-102
-109
-112
-113
-118
-125
-127
-118
-108
-111
-131
-151
-161
-165
-173
-180
-179
-170
-169
-182
-201
-210
-205
-188
-159
-134
-115
-114
-122
-123
-109
-91
-70
-48
-25
-12
-22
-40
-43
-23
7
29
44
48
45
41
51
76
104
124
131
135
140
145
155
171
188
199
210
216
218
220
227
232
232
234
245
260
264
252
231
211
197
186
178
176
176
161
125
82
59
60
65
58
46
38
25
6
-11
-12
-3
-4
-14
-26
-27
-27
-32
-43
-52
-52
-47
-42
-35
-24
-19
-27
-34
-28
-6
16
26
26
23
24
31
42
54
57
48
38
33
38
45
45
41
32
24
14
7
1
-2
-9
-22
-36
-50
-65
-78
-86
-89
-99
-118
-136
-142
-142
-144
-153
-162
-169
-179
-189
-190
-180
-170
-175
-197
-222
-231
-223
-208
-193
-191
-195
-200
-195
-185
-173
-157
-131
-99
-80
-70
-60
-46
-28
-11
13
46
77
93
97
99
101
106
115
138
171
194
199
182
157
140
136
146
166
174
157
121
87
72
74
83
88
78
54
22
-1
-7
-5
-5
-11
-22
-31
-38
-49
-61
-65
-62
-60
-66
-72
-71
-67
-65
-63
-53
-33
-10
3
12
15
15
22
44
78
107
118
115
111
113
121
136
156
173
173
158
139
129
135
144
152
154
151
136
111
92
83
81
80
72
64
58
53
44
31
13
-6
-20
-31
-36
-43
-55
-74
-99
-123
-141
-147
-148
-151
-160
-176
-193
-201
-202
-197
-188
-178
-168
-164
-167
-165
-148
-124
-101
-84
-69
-55
-43
-32
-19
-7
-1
3
18
39
58
66
56
40
26
20
27
41
51
44
22
-2
-12
-9
6
22
25
11
-15
-31
-33
-26
-20
-19
-21
-26
-35
-43
-52
-53
-49
-39
-34
-38
-45
-50
-55
-52
-41
-28
-19
-14
-7
0
3
11
24
37
48
56
66
75
83
91
102
112
119
121
119
117
114
115
124
139
147
143
132
124
125
131
135
135
128
122
121
121
118
114
107
99
92
81
75
67
59
42
19
1
-6
-11
-19
-28
-38
-54
-74
-88
-97
-101
-98
-94
-93
-100
-112
-119
-116
-105
-93
-84
-77
-70
-67
-67
-61
-52
-50
-47
-39
-32
-34
-40
-44
-47
-45
-44
-47
-54
-65
-75
-82
-83
-83
-86
-88
-88
-93
-101
-104
-100
-90
-80
-75
-75
-75
-77
-80
-80
-69
-57
-53
-55
-64
-69
-72
-68
-58
-47
-38
-32
-31
-36
-34
-24
-15
2
17
28
33
31
29
34
44
60
72
78
82
83
84
86
92
99
109
117
127
130
129
127
125
126
130
136
141
140
133
126
122
120
118
115
112
112
107
103
96
87
78
72
74
75
70
61
53
44
39
36
36
37
34
30
23
19
17
18
21
26
28
25
21
23
25
23
16
13
13
15
17
14
4
-14
-34
-46
-47
-42
-42
-54
-74
-96
-115
-126
-129
-130
-130
-135
-150
-166
-177
-181
-176
-170
-165
-164
-165
-167
-165
-163
-157
-148
-139
-134
-132
-131
-128
-127
-122
-115
-108
-103
-100
-97
-91
-83
-73
-66
-62
-60
-57
-54
-50
-43
-35
-29
-27
-28
-25
-14
-5
0
2
7
16
27
36
45
57
71
78
80
87
96
100
102
109
121
132
132
127
125
125
127
134
138
134
122
108
100
97
101
104
104
101
92
81
72
74
81
88
90
86
80
75
76
84
96
105
110
114
114
112
107
107
112
122
131
134
128
118
106
93
87
86
85
77
61
46
29
17
5
-3
-8
-16
-26
-38
-48
-55
-60
-63
-64
-66
-73
-80
-84
-87
-91
-97
-99
-101
-99
-93
-87
-83
-82
-84
-85
-83
-78
-73
-72
-76
-80
-81
-82
-85
-87
-89
-90
-94
-99
-104
-110
-116
-120
-123
-123
-120
-124
-131
-136
-137
-133
-128
-122
-114
-107
-103
-99
-89
-79
-71
-63
-53
-42
-36
-29
-25
-18
-7
3
10
9
8
9
9
6
8
13
19
23
23
21
17
19
26
36
45
47
43
40
42
51
63
74
84
95
102
109
110
111
111
118
130
141
149
153
151
143
134
130
133
138
141
136
123
107
92
83
81
82
83
79
68
55
43
37
34
32
28
23
21
22
22
20
12
5
0
2
6
11
12
10
8
6
7
7
10
15
18
18
16
11
5
-1
-2
0
0
-3
-10
-20
-28
-36
-43
-45
-48
-56
-67
-75
-81
-89
-97
-106
-113
-115
-116
-118
-122
-128
-136
-141
-139
-132
-123
-123
-125
-128
-127
-121
-113
-103
-96
-89
-89
-88
-87
-83
-72
-63
-54
-48
-48
-48
-42
-35
-24
-17
-10
-7
-8
-5
2
13
21
29
34
37
37
35
36
39
49
55
60
64
65
63
58
56
58
61
63
65
62
54
46
46
50
55
55
51
45
43
42
43
47
53
52
48
48
47
50
54
57
61
66
66
68
70
73
75
75
73
71
74
83
93
96
94
88
81
76
78
79
78
75
71
66
56
42
35
33
32
26
14
0
-12
-23
-30
-34
-43
-54
-70
-79
-87
-95
-101
-110
-70
-57
-98
-135
-145
-151
-176
-167
-130
-80
-48
-59
-113
-172
-201
-210
-162
-97
-41
-11
-15
-41
-100
-141
-151
-115
-58
-2
41
50
39
58
67
24
-15
-18
-6
-17
-3
47
101
140
144
105
33
9
-12
-4
22
63
102
83
70
25
-7
-21
-12
5
11
21
5
-6
-22
-23
-20
1
32
27
11
-23
-33
-40
-35
-8
21
56
63
62
41
18
6
7
24
45
75
96
98
86
75
66
62
77
94
107
114
121
117
100
91
89
89
93
97
98
91
79
72
67
57
55
51
44
34
27
26
13
-5
-13
-24
-34
-35
-45
-45
-46
-62
-86
-101
-109
-109
-112
-112
-110
-116
-119
-129
-137
-135
-135
-130
-123
-113
-100
-92
-95
-102
-113
-114
-86
-61
-40
-24
-16
-27
-58
-69
-64
-52
-25
-3
3
1
-10
-30
-45
-53
-35
-19
-13
-3
-3
-16
-37
-43
-35
-26
-17
-10
-6
-7
-10
-22
-28
-27
-23
-14
2
12
11
1
-10
-17
-19
-8
11
26
36
37
36
29
18
18
36
55
74
89
91
80
64
55
51
57
76
99
111
117
117
103
92
81
86
98
110
117
116
115
108
91
73
65
63
77
96
106
102
80
61
47
34
29
37
52
58
49
31
10
-5
-7
-2
-1
1
1
9
7
-5
-16
-26
-32
-33
-36
-27
-20
-19
-21
-35
-41
-37
-35
-34
-28
-25
-28
-33
-35
-37
-37
-34
-37
-41
-41
-43
-47
-47
-46
-47
-49
-62
-74
-72
-70
-78
-84
-82
-80
-82
-85
-88
-98
-111
-115
-107
-97
-103
-104
-95
-86
-89
-111
-117
-108
-99
-101
-89
-67
-57
-66
-82
-86
-85
-77
-65
-39
-15
-6
-7
-17
-22
-32
-28
-14
10
34
39
36
35
33
28
25
35
54
70
80
84
80
79
78
78
70
68
85
96
97
88
85
94
102
92
87
92
96
82
68
68
69
82
93
91
78
64
57
55
55
58
64
78
79
62
48
57
63
57
50
51
54
51
45
48
57
61
55
52
46
45
40
38
43
40
41
41
37
31
23
17
13
9
7
16
15
-2
-18
-19
-25
-36
-30
-16
-19
-37
-43
-47
-66
-77
-73
-63
-49
-48
-60
-69
-74
-87
-103
-96
-77
-73
-77
-78
-80
-82
-88
-90
-86
-89
-97
-107
-102
-87
-80
-81
-82
-73
-80
-100
-109
-95
-79
-72
-64
-53
-47
-60
-63
-67
-61
-45
-38
-33
-24
-8
-18
-27
-16
-5
-5
-6
6
1
-5
-3
8
12
9
13
18
21
13
2
3
14
47
73
65
56
41
16
-11
3
42
64
103
139
130
77
27
12
9
32
79
121
129
123
102
51
14
19
54
76
102
119
108
87
59
35
22
41
76
90
91
83
70
38
15
18
28
42
59
77
67
37
21
7
-9
-13
6
31
40
47
40
24
7
-5
-6
-7
4
24
31
25
16
8
-9
-15
-12
-15
-17
-9
-10
-27
-41
-44
-50
-61
-63
-54
-51
-52
-53
-68
-85
-90
-86
-78
-66
-55
-42
-36
-44
-61
-80
-79
-61
-47
-39
-28
-22
-35
-58
-61
-60
-61
-51
-37
-36
-42
-48
-64
-75
-72
-53
-42
-42
-37
-45
-54
-60
-68
-59
-38
-22
-20
-23
-24
-28
-33
-27
-14
3
13
5
-4
-3
-1
7
24
37
38
29
24
18
12
18
32
42
56
64
52
35
30
30
29
38
54
66
71
67
49
35
36
42
45
54
66
71
67
57
50
44
43
43
54
75
76
66
61
52
35
29
35
42
42
44
44
28
14
13
8
3
9
21
22
16
12
0
-15
-20
-19
-26
-21
-2
0
-19
-34
-38
-41
-41
-40
-33
-21
-17
-26
-41
-53
-57
-60
-57
-45
-29
-20
-25
-40
-51
-56
-66
-70
-57
-33
-18
-18
-18
-33
-55
-66
-67
-56
-35
-20
-8
-6
-27
-52
-75
-78
-51
-24
-9
0
-8
-32
-54
-61
-52
-37
-15
12
22
10
-7
-31
-46
-41
-19
5
19
30
26
9
-3
-6
-7
6
26
41
49
45
37
29
29
38
48
61
64
63
64
65
63
66
69
65
64
68
73
73
75
87
90
89
90
79
64
57
60
66
71
79
87
83
73
65
44
30
36
42
45
55
65
59
49
38
18
-1
-2
8
17
24
26
19
1
-16
-31
-39
-31
-16
-7
-7
-15
-32
-51
-67
-64
-58
-48
-34
-32
-41
-56
-68
-81
-85
-80
-75
-69
-55
-50
-64
-76
-84
-96
-104
-95
-81
-70
-56
-53
-66
-80
-95
-105
-102
-91
-79
-66
-58
-55
-59
-77
-91
-88
-81
-71
-54
-38
-29
-32
-41
-45
-47
-44
-31
-15
-6
0
-3
-9
-15
-16
-12
1
21
31
27
14
8
12
15
25
41
57
59
57
55
46
43
52
70
81
84
83
82
84
82
79
80
86
94
94
88
85
89
90
87
85
88
86
78
70
70
72
75
78
76
73
71
68
58
52
53
58
60
62
66
62
45
34
32
31
29
33
34
27
23
18
8
-1
-1
2
-1
-5
-6
-12
-17
-16
-16
-24
-33
-36
-39
-47
-45
-38
-37
-42
-48
-57
-66
-66
-65
-71
-70
-62
-64
-76
-82
-84
-91
-98
-92
-86
-89
-87
-85
-90
-97
-98
-98
-94
-84
-82
-83
-82
-75
-77
-83
-86
-79
-69
-67
-63
-56
-52
-55
-54
-51
-52
-50
-41
-32
-28
-22
-16
-14
-9
-5
-11
-15
-5
7
9
12
27
32
25
23
27
27
30
42
51
53
54
52
49
51
56
57
60
65
66
61
62
66
69
68
66
67
67
64
65
67
66
68
75
77
74
69
65
62
61
62
65
69
73
74
67
57
52
47
48
57
64
59
57
51
41
34
34
35
36
39
35
24
19
17
14
10
14
19
15
6
3
-5
-17
-19
-17
-14
-13
-13
-19
-29
-34
-36
-43
-40
-28
-22
-32
-36
-33
-43
-53
-54
-50
-49
-50
-51
-55
-55
-56
-61
-63
-59
-56
-60
-60
-58
-60
-68
-68
-62
-61
-58
-55
-53
-55
-55
-55
-55
-50
-41
-38
-37
-35
-39
-46
-48
-43
-41
-38
-31
-32
-36
-38
-39
-41
-36
-23
-16
-12
-10
-11
-15
-16
-12
-3
7
16
19
16
11
8
8
13
20
28
33
30
25
20
20
21
28
32
36
38
36
32
29
32
36
42
47
47
51
51
47
47
49
51
52
55
55
55
54
53
48
43
42
42
45
48
49
47
45
42
39
36
35
37
39
40
40
36
32
30
28
28
28
28
28
26
23
16
10
7
5
3
4
5
3
2
0
-5
-9
-12
-11
-12
-12
-10
-11
-15
-17
-19
-22
-26
-25
-23
-23
-23
-22
-27
-31
-32
-35
-36
-34
-32
-32
-32
-31
-35
-40
-39
-36
-33
-30
-27
-26
-29
-31
-36
-40
-37
-35
-33
-31
-28
-29
-34
-36
-36
-37
-36
-33
-29
-28
-28
-27
-27
-27
-25
-23
-23
-21
-16
-15
-15
-13
-11
-14
-15
-13
-10
-5
-2
2
4
3
2
0
-1
2
8
11
16
20
20
16
14
14
13
17
25
30
32
32
31
25
23
21
22
28
34
37
35
34
29
23
21
20
22
29
31
31
31
28
21
16
11
9
10
18
22
21
20
15
7
1
-1
2
6
8
12
11
8
2
-3
-4
-6
-4
-1
3
4
4
2
-4
-10
-11
-14
-10
-7
-3
-3
-3
-7
-14
-17
-17
-16
-13
-10
-7
-6
-8
-12
-16
-17
-19
-17
-12
-9
-9
-10
-12
-15
-17
-16
-13
-11
-10
-11
-9
-9
-10
-12
-13
-13
-14
-12
-10
-8
-5
-5
-4
-5
-6
-5
-4
0
1
3
3
2
1
1
1
3
4
4
6
6
5
3
2
4
7
9
12
14
13
11
9
8
8
9
11
13
13
12
11
12
14
16
16
18
18
17
17
16
13
13
12
12
13
13
16
18
17
14
11
8
6
5
7
7
7
6
1
-2
-5
-5
-4
-1
2
0
-2
-8
-9
-11
-12
-10
-7
-7
-5
-5
-7
-9
-11
-12
-11
-9
-7
-6
-5
-5
-7
-9
-8
-10
-11
-10
-8
-7
-8
-9
-11
-13
-17
-18
-18
-17
-15
-14
-16
-18
-21
-23
-24
-23
-22
-21
-19
-19
-20
-22
-24
-25
-25
-22
-21
-19
-18
-18
-19
-21
-21
-19
-15
-12
-7
-4
-5
-3
-5
-4
-4
0
5
9
12
12
11
11
11
14
19
22
26
29
30
29
28
27
28
29
32
33
35
37
38
36
35
33
33
31
31
30
30
30
30
29
27
25
23
22
20
20
20
20
19
18
15
11
9
9
10
12
12
13
12
8
6
5
4
6
8
12
14
12
9
4
1
1
2
6
9
11
8
4
-1
-4
-6
-6
-1
1
0
-3
-8
-14
-17
-18
-19
-18
-16
-16
-18
-22
-27
-31
-34
-33
-32
-33
-32
-33
-35
-39
-42
-42
-43
-43
-43
-43
-43
-43
-44
-43
-42
-41
-41
-40
-41
-40
-38
-36
-32
-29
-28
-29
-27
-28
-26
-23
-20
-16
-12
-8
-7
-7
-7
-5
-2
-1
1
4
8
11
12
12
11
12
14
14
17
18
20
21
22
23
25
23
21
25
26
27
27
27
27
27
25
23
23
25
27
29
28
25
22
20
19
20
21
22
22
24
23
22
21
21
21
23
23
23
21
21
20
22
25
27
27
26
23
20
18
17
17
21
24
24
24
19
15
11
9
9
11
14
15
16
14
12
9
4
4
5
6
8
8
8
9
8
4
-1
-4
-7
-7
-5
-3
-3
-5
-7
-9
-13
-16
-18
-17
-15
-15
-14
-16
-19
-20
-22
-24
-24
-25
-26
-27
-27
-29
-31
-32
-33
-32
-32
-30
-30
-30
-29
-30
-31
-34
-36
-35
-35
-32
-28
-25
-24
-25
-27
-30
-32
-31
-28
-24
-20
-17
-17
-18
-18
-18
-18
-16
-15
-11
-10
-8
-8
-7
-7
-8
-7
-5
-2
1
4
5
6
8
8
9
10
11
13
15
17
19
19
19
19
19
20
21
22
24
26
26
25
23
22
23
24
26
26
28
28
26
25
24
23
22
23
23
23
24
23
22
19
17
16
15
17
17
17
17
15
14
12
10
9
8
8
8
5
3
1
-1
-1
-2
-2
-3
-3
-3
-4
-4
-6
-8
-9
-10
-10
-9
-9
-10
-12
-14
-16
-16
-15
-14
-14
-14
-16
-15
-17
-18
-18
-17
-16
-15
-14
-14
-15
-17
-18
-18
-18
-17
-17
-16
-16
-18
-17
-16
-17
-16
-15
-11
-9
-9
-8
-9
-9
-9
-8
-6
-4
-2
0
0
-1
-1
-2
0
2
5
6
7
8
6
6
6
7
10
13
16
18
17
16
15
13
15
16
20
23
24
24
24
22
21
21
22
23
25
24
24
22
18
19
19
19
18
18
17
16
15
14
13
12
12
11
11
8
7
5
5
4
5
5
4
2
-1
-3
-4
-3
-3
-2
-4
-7
-7
-11
-12
-12
-12
-11
-11
-10
-11
-12
-11
-12
-13
-13
-12
-13
-13
-15
-15
-16
-16
-16
-16
-17
-19
-20
-21
-22
-23
-22
-22
-22
-23
-22
-21
-23
-21
-21
-20
-19
-19
-19
-17
-16
-15
-14
-12
-11
-10
-8
-8
-6
-6
-4
-5
-5
-6
-5
-3
-4
-4
-4
-3
-2
-2
1
3
3
4
5
6
7
9
12
12
14
16
17
17
19
21
20
22
22
22
23
22
22
22
21
20
20
20
20
21
20
19
18
18
17
17
18
21
21
22
23
22
21
20
18
18
18
20
21
21
20
15
12
10
9
10
11
9
7
4
3
1
-2
-3
-4
-3
-4
-3
-3
-5
-7
-9
-11
-12
-13
-11
-10
-11
-12
-14
-16
-18
-19
-19
-21
-21
-21
-21
-22
-23
-25
-26
-29
-30
-30
-29
-30
-31
-31
-31
-32
-33
-33
-32
-30
-31
-28
-28
-28
-29
-29
-30
-29
-27
-26
-24
-23
-22
-22
-23
-22
-22
-20
-19
-18
-15
-13
-12
-12
