0
0
-1
0
0
0
0
0
0
0
-1
0
-1
0
-1
0
0
-1
-1
-1
-1
-2
-2
-2
-2
-2
-2
-2
-2
-3
-3
-3
-4
-4
-3
-4
-3
-4
-3
-3
-3
-2
-3
-3
-3
-3
-2
-1
-2
-1
0
1
1
2
2
4
4
5
6
6
6
6
6
6
6
5
6
6
6
6
6
6
5
4
4
3
3
2
3
3
3
2
1
1
1
1
1
0
0
-1
-1
-2
-3
-2
-3
-3
-5
-4
-4
-4
-4
-4
-3
-5
-4
-3
-4
-2
-2
-1
-1
0
1
2
2
2
3
3
2
2
1
3
3
3
2
2
1
1
0
0
-1
-2
-3
-5
-5
-6
-7
-8
-8
-11
-10
-12
-14
-14
-14
-15
-16
-17
-18
-18
-20
-21
-21
-23
-23
-24
-21
-19
-16
-13
-10
-6
-3
0
1
4
6
8
11
12
17
19
23
24
25
27
26
28
29
30
30
28
30
27
26
24
20
19
19
19
18
17
18
17
14
11
8
6
3
2
-2
-3
-4
-6
-7
-8
-8
-8
-7
-6
-6
-5
-4
-3
-3
-2
-1
-1
1
1
3
4
4
7
8
9
11
12
14
17
19
21
21
23
24
26
26
27
26
26
25
25
25
23
19
17
13
9
5
1
-2
-5
-8
-10
-13
-16
-17
-22
-25
-29
-31
-32
-35
-36
-37
-39
-42
-43
-44
-46
-45
-45
-45
-45
-45
-43
-45
-46
-47
-47
-48
-49
-51
-52
-53
-54
-56
-59
-63
-68
-72
-76
-78
-79
-77
-74
-69
-61
-52
-42
-34
-26
-20
-14
-11
-8
-4
2
10
18
26
34
42
46
49
51
51
54
55
58
60
57
56
52
48
44
45
45
48
53
57
59
62
62
60
57
54
49
45
39
32
26
20
15
12
10
10
11
13
16
16
18
19
20
23
23
26
26
28
33
35
41
45
51
56
62
70
77
83
85
89
91
94
96
97
100
101
103
101
101
100
101
98
95
90
85
78
72
65
54
47
40
33
26
17
9
0
-7
-18
-27
-38
-47
-55
-63
-70
-79
-87
-94
-97
-102
-106
-108
-112
-113
-117
-116
-117
-118
-117
-117
-117
-115
-116
-116
-115
-116
-118
-120
-120
-122
-126
-130
-134
-138
-141
-144
-149
-155
-161
-167
-174
-178
-182
-182
-179
-173
-161
-153
-139
-126
-115
-101
-88
-76
-66
-54
-43
-29
-17
-6
10
25
42
53
65
74
82
91
97
100
102
104
104
100
98
94
92
93
94
96
98
101
104
105
103
100
94
86
76
69
65
63
64
66
69
71
73
73
71
69
70
72
76
76
77
80
83
87
93
99
107
114
121
128
133
139
146
152
159
163
170
177
177
181
181
183
185
181
180
173
170
164
155
147
135
127
117
103
88
72
57
45
33
21
5
-16
-33
-53
-67
-78
-86
-90
-100
-109
-120
-130
-141
-151
-157
-161
-161
-165
-169
-174
-177
-177
-178
-178
-180
-179
-177
-175
-177
-180
-180
-179
-177
-177
-178
-182
-186
-195
-202
-209
-214
-217
-224
-233
-240
-244
-241
-237
-228
-215
-201
-185
-172
-162
-150
-136
-120
-104
-88
-70
-49
-27
-8
11
32
52
72
90
107
118
128
136
136
134
125
121
118
115
116
116
120
122
121
120
121
124
123
120
112
100
87
75
66
62
62
69
76
80
83
84
87
87
84
84
83
86
86
85
86
89
96
108
122
138
155
166
177
180
183
187
196
205
213
219
222
227
229
230
234
238
243
243
239
236
227
215
201
180
169
151
138
123
102
87
65
46
25
9
-11
-27
-46
-71
-92
-113
-129
-138
-151
-163
-172
-185
-193
-203
-212
-214
-220
-222
-230
-236
-236
-236
-232
-230
-231
-233
-234
-239
-243
-242
-246
-248
-254
-264
-271
-277
-287
-296
-312
-327
-345
-362
-368
-370
-354
-335
-311
-285
-264
-242
-224
-200
-180
-157
-127
-103
-74
-50
-20
20
55
94
122
148
172
185
198
197
198
198
191
185
175
174
176
181
185
181
177
173
162
149
133
119
109
97
83
71
67
67
67
68
66
68
71
72
72
69
69
66
62
55
47
54
65
80
96
109
131
149
169
187
200
216
225
229
228
231
243
257
272
277
280
286
288
290
286
284
280
271
257
237
218
201
184
164
144
125
111
99
84
62
45
27
4
-16
-42
-61
-86
-114
-145
-175
-197
-206
-206
-210
-214
-219
-223
-226
-231
-235
-238
-242
-250
-258
-266
-261
-248
-244
-238
-235
-230
-231
-234
-241
-252
-264
-283
-305
-331
-346
-360
-374
-392
-415
-420
-402
-369
-339
-302
-270
-251
-251
-262
-251
-211
-159
-115
-74
-38
5
49
93
141
183
218
236
226
206
194
200
216
223
214
204
202
205
201
182
168
159
137
109
80
69
76
77
70
51
36
34
36
39
37
40
44
47
43
40
53
71
88
90
81
84
96
114
134
153
168
194
225
244
275
282
303
321
317
320
310
324
343
349
351
348
347
341
336
320
312
301
273
254
226
204
191
169
153
122
80
52
34
21
6
-10
-28
-45
-74
-108
-132
-158
-178
-203
-225
-235
-241
-240
-237
-246
-259
-269
-286
-297
-305
-311
-308
-312
-326
-334
-338
-331
-319
-319
-316
-321
-327
-335
-353
-365
-382
-384
-413
-445
-495
-533
-512
-476
-378
-308
-245
-196
-214
-235
-296
-297
-234
-131
-19
51
118
160
200
223
238
268
281
280
260
222
223
241
271
295
271
246
197
148
96
50
31
22
30
13
10
11
19
26
-11
-52
-95
-128
-130
-124
-94
-42
-2
35
45
51
68
79
93
88
97
108
136
179
229
308
363
391
396
382
400
418
435
455
458
484
499
501
508
516
537
528
493
430
382
365
353
352
326
307
290
259
223
171
130
97
53
0
-49
-67
-55
-47
-61
-92
-125
-169
-223
-283
-332
-345
-358
-367
-371
-371
-349
-334
-343
-368
-404
-429
-440
-446
-442
-424
-386
-366
-356
-359
-363
-353
-370
-392
-431
-459
-465
-475
-470
-486
-495
-489
-482
-445
-382
-294
-206
-196
-225
-286
-314
-283
-220
-69
86
235
290
251
196
147
171
197
236
263
284
313
307
295
276
264
237
153
32
-69
-114
-93
-62
-29
-1
6
-1
-58
-118
-176
-202
-213
-230
-217
-188
-108
-24
28
46
26
3
-21
-35
-14
46
138
224
288
334
374
415
446
467
477
501
515
546
596
639
700
727
744
739
708
682
650
633
613
604
588
577
563
539
520
469
403
313
223
163
119
91
70
57
43
11
-34
-82
-126
-165
-214
-254
-301
-332
-355
-381
-391
-414
-430
-450
-476
-508
-539
-555
-557
-547
-535
-525
-514
-516
-529
-535
-549
-541
-538
-523
-502
-497
-469
-472
-482
-515
-577
-585
-573
-515
-404
-287
-148
-81
-134
-223
-319
-305
-217
-86
96
249
362
345
252
150
106
145
185
241
267
307
336
317
279
216
160
91
-13
-135
-207
-200
-135
-83
-67
-91
-123
-183
-275
-348
-397
-365
-325
-282
-234
-180
-103
-61
-58
-93
-123
-129
-107
-67
14
130
254
343
379
393
399
419
454
517
575
631
680
727
782
794
802
823
852
862
829
781
761
762
759
753
735
717
678
617
547
474
413
370
342
305
264
218
182
132
54
-32
-98
-135
-156
-181
-209
-223
-253
-295
-341
-382
-407
-425
-449
-486
-532
-573
-588
-591
-587
-584
-576
-568
-572
-593
-614
-616
-597
-582
-572
-558
-556
-542
-552
-576
-589
-616
-598
-556
-504
-396
-274
-163
-110
-203
-318
-372
-342
-221
-76
115
321
451
407
234
64
5
70
143
217
297
366
416
373
244
127
39
-26
-95
-194
-234
-177
-93
-58
-90
-169
-235
-312
-429
-506
-523
-448
-339
-281
-251
-230
-217
-213
-247
-300
-299
-236
-147
-55
37
137
248
312
313
303
306
375
472
575
681
767
826
856
852
828
833
849
900
942
953
963
964
955
926
875
811
762
711
673
652
628
610
562
489
405
313
230
184
146
114
86
48
26
-12
-61
-113
-173
-234
-290
-333
-356
-365
-365
-363
-386
-446
-517
-571
-606
-622
-639
-649
-639
-630
-633
-645
-646
-662
-661
-686
-715
-717
-729
-700
-688
-695
-684
-657
-609
-501
-397
-298
-199
-253
-334
-421
-433
-299
-113
114
326
455
403
233
26
-73
-14
109
272
370
398
391
304
161
42
-58
-83
-82
-142
-181
-186
-148
-123
-163
-263
-351
-432
-515
-550
-555
-486
-401
-362
-358
-389
-415
-400
-375
-356
-314
-250
-163
-83
-16
33
106
167
195
216
249
372
533
682
784
829
853
856
832
816
857
963
1085
1157
1148
1102
1067
1012
958
895
864
877
878
871
824
772
726
649
545
437
363
336
332
314
275
235
189
125
50
-28
-70
-96
-122
-159
-195
-202
-205
-221
-270
-348
-415
-462
-497
-517
-520
-508
-508
-553
-618
-677
-684
-677
-681
-686
-703
-706
-723
-748
-760
-767
-766
-749
-728
-673
-589
-462
-346
-294
-368
-511
-580
-537
-365
-165
41
237
354
301
101
-114
-188
-65
106
243
286
297
291
211
52
-116
-179
-154
-103
-148
-218
-236
-209
-210
-319
-451
-528
-531
-541
-572
-592
-540
-464
-448
-500
-563
-556
-508
-455
-451
-417
-336
-227
-140
-115
-76
-7
96
154
188
248
359
512
668
778
847
878
876
875
868
900
999
1154
1286
1335
1290
1188
1093
1007
966
982
1039
1093
1090
1032
938
812
696
606
543
513
493
481
462
424
357
286
221
158
108
52
13
-4
-42
-79
-116
-149
-164
-190
-233
-296
-372
-417
-437
-446
-455
-486
-527
-565
-611
-650
-653
-627
-605
-618
-676
-749
-803
-847
-858
-816
-747
-650
-592
-526
-466
-414
-425
-540
-607
-605
-468
-298
-129
62
198
220
47
-185
-304
-213
-12
161
239
238
204
112
-46
-211
-269
-215
-115
-126
-213
-270
-284
-286
-386
-512
-593
-594
-580
-590
-598
-574
-525
-544
-620
-714
-722
-646
-542
-483
-454
-418
-369
-309
-314
-297
-232
-106
16
79
137
225
363
489
573
643
713
802
861
860
885
941
1066
1190
1245
1261
1233
1214
1153
1079
1042
1066
1135
1148
1101
1013
932
868
775
696
649
633
632
576
500
439
391
351
295
247
222
218
197
139
66
1
-36
-66
-88
-97
-117
-134
-172
-228
-275
-327
-362
-392
-424
-446
-466
-468
-470
-480
-497
-539
-585
-641
-692
-702
-701
-666
-647
-638
-595
-504
-385
-314
-346
-479
-565
-588
-508
-374
-205
30
196
199
-32
-302
-427
-314
-87
79
163
155
125
4
-191
-362
-389
-289
-176
-182
-294
-360
-383
-389
-475
-596
-669
-662
-642
-660
-679
-656
-592
-602
-692
-813
-838
-763
-651
-581
-563
-515
-461
-418
-427
-426
-360
-218
-98
-38
-1
61
192
319
442
551
668
758
799
797
795
846
949
1090
1200
1255
1261
1217
1133
1064
1041
1078
1136
1140
1095
1028
965
895
822
768
733
699
638
562
499
460
433
402
371
334
297
270
234
191
138
97
58
27
15
10
6
-26
-86
-144
-190
-219
-239
-251
-258
-275
-300
-335
-353
-357
-365
-393
-436
-491
-529
-530
-526
-505
-478
-453
-434
-394
-356
-284
-254
-340
-414
-474
-396
-248
-112
22
93
105
-16
-203
-349
-331
-158
29
121
46
-79
-188
-286
-374
-422
-402
-303
-271
-364
-482
-564
-548
-546
-595
-682
-735
-747
-751
-753
-779
-751
-712
-707
-762
-830
-827
-730
-643
-606
-603
-580
-498
-439
-402
-378
-288
-182
-102
-68
-60
29
154
292
394
515
666
783
834
769
734
764
829
943
1054
1197
1308
1296
1165
986
889
894
979
1057
1092
1090
1044
956
807
671
630
640
653
613
514
480
475
458
424
367
325
288
233
153
109
104
131
143
99
31
-19
-35
-50
-85
-134
-139
-142
-156
-187
-222
-204
-197
-226
-286
-322
-333
-337
-331
-351
-354
-376
-450
-483
-508
-440
-292
-181
-94
-164
-311
-452
-546
-499
-377
-162
36
172
158
-34
-241
-403
-391
-258
-131
-31
-2
-20
-75
-206
-341
-440
-467
-437
-448
-494
-537
-510
-480
-503
-583
-707
-766
-812
-850
-839
-799
-712
-647
-653
-706
-765
-782
-760
-724
-683
-629
-530
-450
-380
-357
-351
-294
-259
-209
-164
-104
11
129
247
347
438
514
574
632
652
687
737
792
890
951
1027
1085
1098
1103
1047
996
954
935
964
1005
1051
1061
1026
939
824
723
644
612
621
619
623
593
556
517
447
399
346
310
274
228
201
174
169
145
109
82
36
15
-22
-59
-73
-94
-92
-104
-111
-110
-120
-118
-122
-133
-152
-180
-198
-215
-217
-235
-287
-323
-373
-383
-379
-377
-310
-264
-199
-222
-343
-455
-556
-538
-476
-368
-231
-112
-63
-179
-367
-531
-575
-485
-378
-282
-221
-208
-229
-347
-482
-561
-567
-498
-501
-542
-584
-580
-540
-556
-580
-627
-646
-675
-738
-759
-735
-638
-544
-510
-533
-585
-602
-575
-537
-485
-431
-363
-318
-315
-317
-302
-209
-114
-44
-5
2
56
113
174
220
272
372
470
556
591
609
659
698
730
733
751
832
912
971
961
919
896
896
926
946
970
972
959
916
829
764
727
734
764
743
699
646
602
579
534
502
477
463
446
387
328
273
247
231
197
156
106
78
53
14
-11
-21
12
30
10
-10
-44
-53
-68
-76
-79
-80
-61
-74
-95
-135
-182
-210
-258
-301
-352
-385
-384
-394
-377
-364
-339
-333
-416
-502
-603
-647
-634
-597
-510
-442
-394
-423
-508
-602
-654
-640
-590
-544
-516
-499
-487
-498
-546
-577
-598
-573
-573
-617
-652
-678
-638
-581
-523
-486
-468
-465
-493
-540
-586
-579
-507
-420
-355
-320
-307
-278
-276
-290
-307
-302
-240
-176
-110
-61
1
59
87
79
40
33
48
85
136
188
271
375
454
513
522
530
545
533
534
548
626
748
865
927
930
911
867
823
777
778
846
939
1000
993
931
859
802
754
714
693
704
709
703
663
623
598
565
525
440
376
331
291
279
241
212
191
159
124
67
30
16
27
41
35
36
28
30
12
-17
-37
-59
-64
-77
-101
-122
-150
-176
-191
-222
-273
-335
-392
-453
-509
-545
-527
-467
-423
-438
-549
-682
-815
-896
-907
-845
-714
-573
-489
-533
-653
-781
-826
-800
-749
-691
-630
-546
-502
-513
-560
-577
-546
-501
-505
-554
-585
-564
-488
-423
-377
-335
-292
-289
-341
-423
-455
-411
-337
-264
-227
-184
-145
-116
-117
-135
-135
-111
-63
-38
-22
2
51
107
125
102
66
61
92
135
175
210
260
322
359
387
417
477
559
601
599
574
572
615
683
759
842
909
939
927
885
856
860
887
908
910
888
867
848
833
815
784
752
704
656
606
584
575
562
539
481
418
369
321
296
267
233
208
187
152
115
89
81
81
60
39
3
-13
-8
-10
-4
-30
-55
-104
-158
-208
-258
-274
-286
-287
-315
-357
-410
-476
-553
-647
-740
-801
-806
-764
-710
-694
-739
-826
-916
-995
-1036
-1024
-927
-782
-674
-641
-702
-777
-801
-768
-705
-648
-586
-503
-429
-407
-423
-428
-386
-326
-309
-355
-403
-407
-363
-293
-229
-176
-135
-130
-183
-262
-312
-289
-209
-126
-71
-39
-19
-14
-25
-51
-54
-28
12
43
51
71
120
166
189
168
125
108
121
160
206
256
317
369
395
394
402
442
505
563
595
607
629
671
732
798
845
869
876
867
845
830
848
895
929
938
911
868
834
800
775
742
713
697
681
660
616
580
547
523
491
444
402
363
339
292
250
213
169
152
132
114
90
65
35
-6
-47
-98
-125
-145
-163
-190
-231
-261
-304
-343
-391
-450
-488
-533
-579
-606
-649
-689
-741
-799
-861
-942
-985
-988
-923
-844
-800
-812
-873
-942
-1012
-1042
-1021
-907
-728
-566
-494
-529
-610
-656
-641
-590
-507
-410
-304
-226
-216
-253
-293
-288
-258
-237
-258
-286
-271
-213
-147
-112
-104
-100
-115
-165
-230
-262
-209
-111
-22
8
-13
-33
-48
-52
-52
-31
24
85
116
109
91
107
151
192
204
192
190
210
245
276
309
365
420
459
467
467
514
601
678
713
718
721
749
782
811
861
927
990
1012
972
913
882
898
935
963
967
958
930
886
814
758
736
725
727
686
626
582
529
470
410
359
322
295
259
206
150
105
59
12
-53
-111
-143
-162
-186
-222
-246
-288
-319
-359
-413
-459
-507
-548
-593
-607
-611
-628
-649
-687
-727
-769
-823
-865
-893
-928
-962
-975
-954
-866
-763
-706
-735
-825
-918
-992
-995
-918
-730
-479
-287
-233
-351
-517
-614
-603
-503
-375
-231
-103
-42
-71
-174
-273
-297
-262
-231
-241
-247
-222
-169
-122
-118
-137
-170
-207
-256
-301
-290
-218
-114
-56
-67
-119
-167
-173
-152
-115
-50
35
102
124
99
74
83
134
190
219
242
267
309
341
358
374
417
484
537
567
577
617
709
807
877
889
873
873
884
907
934
988
1066
1125
1120
1052
996
976
1010
1040
1047
1036
988
927
841
759
688
668
663
635
572
484
415
345
276
197
119
90
69
17
-30
-85
-126
-175
-256
-331
-397
-414
-421
-417
-433
-467
-487
-529
-573
-613
-642
-652
-646
-654
-675
-698
-728
-736
-763
-804
-853
-914
-941
-937
-861
-723
-589
-527
-590
-720
-855
-913
-863
-701
-433
-183
-51
-139
-371
-571
-631
-499
-297
-101
36
90
36
-130
-324
-433
-402
-293
-211
-204
-223
-229
-227
-273
-346
-412
-430
-411
-411
-406
-372
-285
-223
-239
-325
-403
-405
-338
-250
-175
-103
-44
-15
-39
-65
-40
42
141
210
254
278
328
377
416
439
472
538
601
663
708
756
805
860
922
976
1029
1068
1092
1089
1069
1068
1102
1174
1240
1263
1229
1156
1077
1009
981
992
1021
1034
999
900
747
604
507
466
457
441
417
361
258
115
-18
-96
-118
-99
-94
-127
-183
-279
-386
-490
-554
-562
-526
-469
-465
-494
-563
-635
-695
-733
-711
-671
-618
-611
-645
-715
-807
-894
-944
-972
-952
-885
-790
-593
-454
-391
-524
-761
-886
-898
-702
-448
-116
184
311
127
-336
-687
-720
-350
102
394
494
404
183
-166
-518
-644
-442
-93
161
124
-97
-348
-556
-743
-859
-812
-607
-347
-303
-424
-612
-756
-811
-874
-875
-748
-510
-289
-221
-313
-443
-507
-490
-426
-294
-81
187
365
353
236
126
151
283
430
588
743
873
925
874
769
739
816
964
1149
1271
1367
1363
1254
1111
979
1008
1158
1350
1481
1491
1377
1159
938
758
778
927
1100
1187
1089
897
645
427
312
309
394
487
494
380
185
-31
-194
-243
-222
-139
-70
-109
-206
-390
-581
-690
-736
-669
-561
-488
-495
-600
-753
-885
-956
-944
-863
-748
-691
-726
-851
-1047
-1127
-1141
-880
-455
-137
-21
-405
-803
-1024
-912
-508
-35
530
870
833
199
-556
-875
-538
279
892
1130
963
513
-29
-584
-830
-567
7
504
549
153
-376
-803
-1067
-1166
-1008
-690
-298
-198
-494
-903
-1269
-1372
-1324
-1195
-925
-589
-354
-387
-695
-1019
-1138
-1020
-742
-403
-92
137
169
-31
-269
-380
-230
132
484
734
824
761
625
503
441
552
780
1020
1225
1280
1240
1113
961
904
918
1039
1229
1408
1494
1423
1220
990
865
839
966
1156
1284
1291
1109
863
648
530
532
609
697
723
639
460
260
106
42
66
104
130
108
0
-143
-305
-436
-474
-465
-429
-391
-414
-479
-614
-746
-837
-855
-808
-735
-692
-750
-890
-1076
-1187
-1064
-634
-174
57
-237
-745
-1028
-1006
-643
-205
387
952
1072
501
-445
-956
-647
266
1009
1303
1157
668
47
-628
-910
-582
116
682
693
176
-465
-976
-1261
-1277
-1013
-551
-136
-140
-595
-1154
-1577
-1618
-1418
-1133
-752
-473
-402
-627
-1057
-1362
-1350
-1044
-600
-228
-65
-98
-333
-619
-730
-614
-245
173
441
525
372
116
-70
-59
182
552
831
935
868
727
607
547
587
741
985
1172
1229
1141
1018
931
931
1021
1106
1180
1212
1211
1185
1114
1022
960
938
910
870
813
742
674
609
562
553
537
466
336
191
88
58
90
127
146
97
-34
-209
-350
-383
-350
-273
-211
-221
-273
-425
-588
-674
-750
-785
-859
-656
-85
425
431
-366
-1102
-1247
-789
-194
228
804
1263
1144
87
-1071
-1282
-406
863
1491
1456
964
244
-515
-1077
-932
-202
620
909
530
-207
-965
-1460
-1595
-1254
-603
-36
120
-370
-1121
-1695
-1876
-1575
-1116
-628
-270
-225
-556
-1100
-1533
-1565
-1184
-627
-128
98
-34
-432
-925
-1154
-982
-514
29
294
267
-28
-433
-684
-619
-254
169
427
388
217
65
-44
10
177
432
673
719
663
608
601
626
670
797
995
1139
1107
976
864
848
868
875
940
1014
1021
863
594
443
455
526
551
512
431
324
174
37
42
118
179
182
117
60
6
-57
-65
-25
39
83
72
26
-87
-230
-320
-355
-263
116
603
935
729
-20
-544
-580
-139
440
956
1491
1679
1131
-49
-874
-692
391
1452
1786
1465
637
-213
-831
-911
-383
304
743
625
-1
-797
-1408
-1610
-1304
-712
-227
-26
-301
-923
-1508
-1842
-1644
-1056
-496
-151
-181
-496
-907
-1268
-1346
-1058
-538
-16
237
69
-367
-868
-1094
-902
-469
12
242
114
-246
-728
-1053
-1001
-622
-125
185
112
-263
-565
-706
-534
-216
24
239
207
91
-37
-68
101
350
599
723
695
506
373
385
570
785
827
789
616
437
280
183
217
301
367
360
288
94
-145
-333
-367
-186
51
172
163
16
-172
-347
-430
-275
67
394
499
323
43
-202
-321
-280
22
763
1457
1604
911
-21
-307
66
681
1132
1650
2132
2106
1223
28
-407
168
1318
2086
2236
1741
793
-122
-635
-385
263
856
1028
754
52
-819
-1399
-1419
-848
-213
103
39
-408
-1024
-1542
-1668
-1237
-595
-119
-19
-280
-701
-1060
-1161
-900
-408
32
247
146
-191
-559
-808
-724
-351
32
219
27
-346
-659
-855
-831
-653
-379
-161
-171
-397
-669
-842
-851
-632
-307
-2
58
-135
-326
-403
-300
-121
87
345
496
434
175
-80
-83
140
390
506
444
228
-61
-344
-440
-254
-13
48
-122
-391
-559
-694
-789
-744
-538
-286
-257
-429
-655
-759
-721
-579
-317
-34
105
-51
-378
-614
-619
-181
605
1397
1621
915
4
-358
62
805
1447
2081
2553
2385
1344
198
-150
663
1890
2642
2680
2012
1108
240
-181
21
628
1298
1563
1217
351
-589
-1130
-1016
-453
167
592
557
45
-741
-1370
-1355
-778
-85
357
406
165
-250
-704
-886
-658
-126
421
681
574
169
-351
-657
-566
-152
335
520
331
-91
-596
-885
-875
-538
-73
135
-27
-451
-804
-932
-833
-589
-259
23
69
-138
-466
-633
-526
-243
65
271
326
208
-42
-253
-273
-122
78
174
122
-75
-385
-665
-772
-678
-502
-421
-508
-735
-992
-1177
-1207
-1119
-979
-832
-743
-780
-960
-1139
-1171
-1020
-825
-723
-652
-642
-674
-524
-162
333
517
187
-153
-168
167
555
909
1414
1879
1790
1073
318
191
867
1708
2222
2186
1628
954
457
387
626
898
1141
1273
1059
472
-218
-561
-368
11
325
533
538
256
-282
-710
-572
-57
402
565
466
308
95
-107
-108
123
463
727
797
692
442
123
-5
156
487
736
680
436
132
-126
-247
-170
118
360
332
38
-258
-388
-368
-222
17
263
312
110
-198
-365
-305
-84
198
379
383
154
-181
-399
-376
-142
103
190
50
-242
-566
-781
-814
-690
-541
-507
-598
-774
-971
-1190
-1366
-1341
-1110
-875
-850
-1048
-1285
-1384
-1388
-1269
-1048
-888
-880
-1147
-1402
-1182
-518
217
357
-136
-635
-761
-531
-170
333
1056
1602
1373
494
-367
-479
229
1144
1844
1919
1325
471
-180
-250
63
474
886
1099
809
49
-708
-941
-610
-177
197
475
509
131
-580
-1000
-740
-92
465
699
705
534
145
-212
-213
157
626
934
1037
961
678
294
108
257
676
1054
1130
917
494
134
-5
111
490
886
1042
838
377
1
-67
181
627
1015
1112
897
498
201
174
357
677
943
1033
862
460
86
-52
77
288
384
275
0
-357
-664
-797
-764
-616
-524
-605
-840
-1119
-1292
-1352
-1272
-1091
-869
-805
-1001
-1283
-1486
-1395
-1158
-946
-851
-1015
-1144
-1024
-544
-5
-5
-398
-722
-624
-314
-108
170
693
1123
900
162
-501
-423
195
830
1183
1048
604
17
-355
-390
-170
83
300
316
-6
-506
-924
-950
-743
-515
-318
-158
-159
-440
-815
-912
-620
-251
-21
73
137
122
-64
-247
-216
-11
186
306
381
400
216
-73
-199
-38
257
406
381
280
130
-30
-148
-26
302
581
674
543
414
327
327
495
820
1199
1353
1233
965
813
882
1133
1400
1551
1527
1307
1026
767
692
790
957
1020
837
483
77
-175
-232
-141
-30
-27
-185
-471
-791
-989
-957
-795
-610
-577
-677
-817
-955
-1056
-1063
-1006
-886
-837
-849
-657
-303
57
-57
-496
-755
-596
-189
85
343
708
1037
840
183
-419
-428
158
797
1181
1095
637
-29
-541
-646
-359
56
315
337
34
-466
-1006
-1255
-1075
-651
-251
-87
-192
-516
-899
-1092
-925
-520
-125
62
56
-56
-232
-389
-421
-254
36
273
305
128
-167
-423
-519
-454
-266
-106
-108
-275
-518
-680
-685
-577
-426
-312
-269
-262
-284
-295
-239
-93
134
359
511
570
562
566
651
826
1021
1129
1114
1038
955
910
899
913
930
871
763
631
497
350
215
189
263
326
248
54
-133
-221
-212
-152
-92
-62
-107
-215
-322
-363
-355
-348
-378
-470
-422
-181
281
571
409
-62
-439
-372
-57
322
683
1087
1248
899
165
-419
-342
228
940
1324
1218
697
-19
-517
-626
-332
100
456
466
66
-552
-1052
-1132
-865
-438
-80
65
-120
-563
-971
-1015
-686
-245
66
174
143
-42
-269
-379
-267
-3
223
332
286
101
-166
-354
-348
-198
-68
-89
-234
-439
-640
-757
-722
-553
-415
-410
-532
-682
-762
-711
-520
-273
-91
-57
-150
-261
-269
-91
216
456
499
348
186
124
147
206
272
361
380
242
-1
-223
-321
-313
-223
-67
34
-57
-313
-539
-549
-326
-76
104
119
16
-101
-200
-160
-51
80
167
70
12
121
458
823
815
591
327
313
429
558
795
1145
1453
1365
906
336
153
349
792
1145
1166
931
444
79
-121
-91
65
219
344
261
-29
-441
-697
-669
-404
-105
100
118
-96
-433
-679
-589
-200
195
363
290
126
-12
-116
-108
51
288
477
466
302
69
-152
-224
-162
11
125
46
-176
-450
-622
-657
-546
-346
-164
-152
-317
-490
-543
-448
-332
-197
-32
102
128
35
-52
-59
2
99
195
246
191
9
-192
-298
-302
-292
-323
-411
-545
-724
-918
-1032
-1004
-915
-866
-911
-998
-1047
-1053
-974
-821
-618
-512
-508
-573
-538
-449
-375
-307
-343
-203
9
402
762
784
569
177
96
292
694
1106
1406
1520
1282
806
324
298
622
1143
1416
1321
949
384
35
-75
159
484
671
593
234
-171
-458
-494
-312
37
352
461
242
-131
-364
-313
-27
296
542
624
522
303
130
147
360
593
729
734
625
430
180
55
151
363
514
435
186
-104
-331
-410
-313
-74
151
168
-46
-298
-412
-304
-84
152
314
307
177
24
10
158
382
544
572
453
257
67
-38
-21
47
81
-8
-217
-483
-716
-863
-930
-952
-943
-941
-1008
-1169
-1347
-1435
-1362
-1186
-1013
-939
-986
-1085
-1144
-1076
-914
-730
-618
-683
-738
-592
-190
234
300
135
-71
-94
31
239
624
1016
1181
931
456
70
37
291
696
998
951
609
91
-247
-338
-190
77
272
288
7
-380
-660
-698
-502
-216
70
241
172
-93
-358
-387
-124
237
530
664
604
432
243
194
357
640
907
966
827
589
375
283
331
499
681
703
526
286
71
-14
-26
122
379
525
489
238
70
46
170
399
627
812
812
645
453
396
512
728
892
932
814
565
329
183
180
232
249
192
18
-222
-505
-722
-809
-770
-694
-703
-815
-998
-1169
-1235
-1180
-1001
-881
-866
-964
-1030
-1018
-962
-867
-862
-720
-521
-185
58
52
-56
-241
-252
-140
194
653
1047
1151
830
280
-174
-180
225
797
1051
822
224
-407
-711
-699
-407
-119
3
-170
-614
-1054
-1302
-1254
-975
-629
-342
-258
-435
-739
-962
-896
-533
-93
225
265
86
-120
-191
-52
189
410
541
548
446
284
148
108
179
314
439
426
283
78
-73
-99
-39
116
284
406
375
237
129
153
313
519
728
856
870
779
725
783
903
996
1023
1031
1016
940
798
654
562
503
454
377
284
140
-22
-186
-314
-392
-476
-547
-605
-605
-612
-670
-774
-810
-759
-681
-635
-628
-625
-623
-661
-718
-568
-206
269
444
270
12
-126
-29
187
607
1107
1431
1339
881
389
131
257
659
1137
1310
1020
379
-237
-520
-457
-162
97
182
-86
-581
-1070
-1325
-1239
-962
-634
-428
-456
-681
-994
-1155
-1039
-726
-366
-131
-70
-173
-362
-488
-447
-251
13
194
237
118
-118
-332
-408
-279
-61
67
7
-195
-415
-540
-548
-418
-227
-111
-104
-215
-278
-247
-130
40
210
341
377
348
377
514
677
778
790
789
767
733
699
709
738
673
533
360
244
182
133
89
6
-105
-259
-413
-498
-517
-480
-453
-442
-465
-513
-569
-583
-549
-465
-382
-333
-332
-484
-499
-311
161
573
625
455
140
20
95
509
1077
1510
1614
1325
891
456
344
609
1145
1529
1509
1060
421
-62
-243
-11
313
563
508
140
-345
-789
-899
-692
-355
-81
-37
-195
-477
-760
-807
-587
-211
88
116
-30
-212
-291
-229
-117
43
167
182
75
-94
-216
-272
-256
-184
-104
-96
-229
-461
-658
-712
-620
-474
-413
-407
-468
-554
-612
-594
-434
-268
-165
-158
-172
-143
-77
26
126
213
270
270
222
158
132
166
201
205
152
53
-34
-124
-180
-206
-232
-246
-314
-403
-486
-527
-514
-503
-498
-472
-437
-430
-473
-502
-453
-362
-299
-308
-408
-449
-305
43
398
529
463
242
47
9
304
872
1371
1544
1333
938
538
368
573
1078
1516
1546
1166
605
169
-3
139
457
704
663
303
-146
-487
-559
-398
-122
111
134
-49
-317
-478
-421
-201
66
254
269
146
6
-18
101
256
380
445
432
347
212
136
140
191
243
243
199
80
-81
-215
-287
-271
-212
-150
-131
-213
-318
-405
-405
-324
-259
-201
-190
-170
-158
-141
-108
-74
-26
9
23
-10
-63
-124
-161
-189
-208
-224
-245
-262
-341
-460
-585
-653
-645
-641
-629
-627
-663
-742
-844
-860
-750
-622
-571
-599
-644
-646
-613
-560
-483
-458
-516
-524
-380
-83
183
268
230
117
39
33
207
578
980
1200
1109
810
470
326
486
878
1220
1263
971
536
192
80
247
505
667
539
192
-145
-360
-361
-203
-10
91
-4
-187
-337
-351
-215
-33
115
159
129
92
104
195
327
445
504
511
496
467
452
460
488
528
540
518
457
346
245
203
196
197
185
161
157
118
64
14
-31
-28
-12
32
94
130
128
101
95
129
148
134
122
127
125
73
-10
-61
-87
-118
-153
-186
-257
-397
-551
-652
-665
-647
-627
-648
-745
-895
-1011
-1013
-912
-796
-743
-764
-829
-868
-846
-783
-712
-657
-603
-611
-645
-584
-411
-171
-48
8
29
-1
-107
-166
22
394
711
801
699
452
155
-11
144
557
876
879
630
297
6
-134
-10
295
509
404
94
-218
-409
-440
-314
-78
91
58
-128
-304
-366
-305
-162
26
169
200
131
74
94
156
224
302
395
454
449
406
369
354
357
384
448
500
478
390
291
242
241
273
325
346
306
221
136
125
169
246
333
375
358
293
245
256
300
347
388
386
326
239
173
193
249
286
250
135
-11
-128
-146
-114
-99
-144
-243
-360
-460
-496
-481
-466
-483
-508
-525
-542
-565
-550
-493
-433
-409
-418
-409
-391
-346
-288
-232
-194
-223
-237
-198
-95
-10
-5
-28
-58
-88
-146
-155
-82
15
39
6
-10
-50
-102
-154
-94
29
97
97
26
-50
-144
-192
-147
-41
28
15
-49
-140
-229
-267
-205
-103
-21
1
-10
-45
-93
-117
-92
-13
48
66
70
52
20
-11
-24
12
72
107
120
99
69
36
4
33
86
136
114
43
3
1
34
73
130
178
191
157
123
136
188
250
291
294
250
202
175
203
270
332
357
318
245
175
160
215
277
294
262
204
162
132
107
97
99
128
139
110
55
-5
-27
-5
20
48
57
44
16
-23
-19
18
65
93
92
74
49
21
-1
9
37
58
43
-4
-68
-118
-158
-174
-166
-151
-122
-156
-227
-286
-309
-312
-328
-322
-301
-289
-287
-293
-282
-268
-273
-265
-233
-186
-157
-135
-101
-73
-62
-71
-76
-56
-22
17
51
60
56
43
27
14
-2
18
40
52
21
-36
-76
-121
-147
-148
-120
-88
-113
-189
-255
-275
-232
-171
-124
-108
-134
-185
-229
-229
-185
-121
-80
-81
-115
-151
-165
-152
-101
-53
-22
-27
-37
-37
-38
-26
-8
36
74
95
108
108
117
134
174
232
283
322
327
313
307
338
410
475
497
481
450
420
420
456
509
529
494
453
427
413
387
350
319
291
260
235
221
201
157
84
33
16
25
33
24
10
-21
-71
-123
-156
-160
-144
-122
-106
-106
-124
-147
-164
-159
-125
-80
-45
-33
-33
-49
-81
-107
-97
-55
-19
-17
-33
-66
-100
-121
-112
-72
-44
-43
-63
-90
-140
-206
-255
-259
-234
-219
-233
-282
-355
-422
-450
-420
-358
-299
-279
-315
-387
-436
-419
-357
-290
-253
-254
-291
-333
-336
-286
-222
-190
-193
-199
-196
-187
-171
-148
-122
-104
-115
-132
-124
-88
-45
-30
-35
-39
-23
12
43
65
88
118
159
191
208
206
210
241
294
342
368
371
357
337
327
354
404
429
396
324
267
250
264
284
285
264
236
204
184
186
209
231
237
232
212
171
126
120
162
211
235
228
206
175
153
185
263
329
337
310
280
250
220
223
271
313
305
254
205
167
145
146
167
184
167
122
66
21
-4
-13
-17
-31
-64
-112
-172
-239
-295
-323
-327
-321
-317
-334
-382
-448
-498
-509
-494
-481
-469
-466
-482
-520
-541
-515
-467
-441
-447
-456
-449
-432
-404
-363
-329
-329
-370
-400
-385
-336
-288
-265
-267
-282
-292
-283
-253
-220
-194
-169
-135
-95
-67
-57
-67
-67
-29
38
96
121
122
118
117
135
177
231
248
223
192
179
179
186
205
225
227
204
178
161
159
170
186
197
178
137
105
104
130
169
203
210
185
163
168
193
225
261
291
314
327
331
334
338
345
361
388
419
434
429
414
406
413
426
443
453
442
413
385
379
388
385
357
303
237
194
177
173
154
109
49
-14
-60
-84
-94
-111
-146
-190
-236
-276
-291
-277
-261
-270
-307
-340
-357
-361
-358
-339
-304
-282
-298
-338
-379
-387
-363
-324
-293
-285
-301
-341
-376
-383
-356
-311
-278
-280
-308
-332
-324
-295
-252
-215
-197
-198
-210
-221
-210
-173
-133
-109
-105
-111
-119
-122
-118
-104
-83
-68
-61
-56
-56
-69
-87
-91
-69
-36
-18
-32
-72
-126
-154
-130
-78
-37
-27
-46
-69
-75
-54
-17
19
45
63
88
118
138
145
150
169
206
249
277
287
288
289
302
326
360
397
406
384
353
345
377
425
451
437
392
342
315
315
332
349
345
313
258
208
187
187
192
190
172
137
95
66
53
49
50
49
38
9
-27
-60
-80
-71
-45
-24
-39
-91
-145
-165
-144
-104
-81
-80
-110
-152
-180
-171
-128
-91
-75
-86
-112
-135
-137
-110
-71
-39
-26
-35
-60
-78
-71
-41
-11
-6
-21
-45
-67
-86
-97
-98
-91
-85
-96
-121
-158
-193
-206
-207
-201
-199
-205
-226
-259
-287
-299
-293
-281
-272
-269
-271
-278
-279
-269
-256
-240
-222
-187
-154
-139
-136
-138
-120
-93
-57
-27
-8
0
-3
-2
15
42
66
80
85
80
71
71
89
118
137
137
119
100
93
105
126
145
152
137
115
98
102
115
129
142
149
148
135
123
125
138
151
156
157
153
144
137
138
145
151
148
140
127
109
90
84
94
110
117
110
95
82
81
87
105
123
137
134
118
106
114
137
156
159
148
132
124
130
150
168
167
150
132
121
115
107
103
107
112
105
80
47
15
-4
-14
-24
-38
-60
-88
-125
-167
-201
-222
-230
-225
-222
-232
-266
-311
-334
-322
-289
-258
-242
-244
-261
-275
-269
-237
-192
-154
-137
-133
-133
-125
-112
-94
-74
-51
-33
-30
-35
-48
-57
-57
-37
-9
-2
-26
-62
-89
-95
-90
-78
-66
-65
-82
-104
-116
-116
-107
-91
-73
-59
-63
-72
-75
-64
-46
-26
-6
6
5
-2
7
29
52
60
56
49
42
37
45
66
85
88
81
72
70
79
99
124
136
134
124
123
133
151
178
200
206
194
186
193
214
240
258
271
276
269
255
250
263
284
302
309
302
282
259
247
243
244
237
217
187
154
124
91
59
35
21
13
-10
-53
-99
-130
-135
-132
-132
-137
-155
-186
-216
-225
-207
-179
-165
-173
-194
-213
-215
-202
-180
-163
-149
-144
-151
-166
-178
-177
-161
-142
-130
-138
-160
-191
-214
-213
-194
-174
-170
-182
-209
-236
-244
-231
-204
-179
-174
-189
-208
-217
-209
-186
-159
-138
-126
-125
-134
-138
-129
-106
-76
-50
-39
-44
-61
-73
-65
-40
-6
15
20
9
-2
-1
19
49
75
90
88
75
65
70
94
126
150
156
148
136
132
145
174
207
230
227
210
197
207
237
271
292
292
281
271
267
276
291
301
302
295
287
276
258
241
237
248
260
258
236
202
174
165
173
188
188
169
140
110
88
84
95
107
100
76
45
26
15
12
14
13
1
-22
-45
-66
-75
-83
-95
-112
-137
-161
-181
-196
-210
-224
-239
-254
-268
-280
-290
-299
-311
-320
-320
-318
-318
-326
-336
-338
-327
-318
-313
-313
-313
-309
-299
-283
-261
-245
-236
-228
-217
-201
-186
-174
-167
-162
-153
-140
-123
-105
-87
-74
-64
-54
-34
-12
6
15
19
27
37
47
52
54
57
63
74
79
79
79
82
84
88
99
112
115
111
107
110
119
129
134
133
126
121
126
138
147
150
144
138
139
152
166
175
178
179
187
203
221
234
237
233
231
241
260
274
276
265
255
254
259
270
279
283
279
269
259
253
251
253
250
236
214
191
172
161
151
134
111
86
65
46
27
9
-11
-39
-66
-91
-116
-140
-161
-179
-197
-220
-242
-261
-275
-279
-281
-284
-293
-306
-320
-326
-321
-308
-296
-293
-300
-306
-305
-291
-269
-247
-235
-234
-231
-218
-197
-179
-167
-158
-148
-133
-116
-102
-96
-102
-109
-105
-88
-67
-55
-59
-75
-89
-88
-69
-42
-29
-33
-51
-71
-84
-76
-54
-35
-36
-54
-74
-84
-80
-65
-53
-46
-52
-65
-73
-66
-50
-36
-30
-29
-25
-10
9
23
35
45
59
78
97
112
125
132
141
155
172
192
210
223
232
239
248
260
268
275
283
289
289
284
279
280
283
284
281
273
263
251
240
233
227
216
204
190
172
153
138
125
115
105
88
65
42
24
19
18
15
5
-15
-37
-50
-47
-38
-31
-39
-59
-74
-74
-64
-53
-47
-52
-59
-62
-60
-54
-51
-50
-49
-52
-54
-55
-58
-61
-67
-72
-72
-70
-73
-86
-101
-108
-110
-111
-115
-123
-132
-144
-156
-164
-170
-174
-179
-182
-190
-201
-213
-218
-218
-218
-220
-225
-230
-229
-227
-223
-223
-221
-215
-205
-196
-190
-183
-172
-161
-152
-140
-123
-107
-93
-82
-71
-59
-43
-23
0
17
25
30
40
57
80
97
104
102
100
105
119
134
143
144
139
136
139
147
158
160
156
152
147
148
151
151
148
138
127
125
126
126
123
113
106
101
101
100
100
99
101
102
102
105
109
114
122
127
134
140
146
154
160
160
160
169
181
190
188
178
170
165
163
163
162
156
144
124
104
88
78
73
67
54
35
17
-1
-19
-35
-44
-46
-52
-61
-80
-107
-129
-138
-139
-135
-138
-151
-173
-193
-207
-212
-209
-203
-205
-215
-229
-237
-241
-236
-225
-215
-209
-213
-218
-218
-210
-192
-171
-152
-143
-135
-127
-117
-106
-91
-76
-60
-48
-39
-38
-40
-38
-34
-28
-24
-27
-35
-41
-39
-34
-29
-31
-40
-51
-57
-54
-48
-44
-43
-45
-48
-50
-55
-55
-48
-40
-32
-27
-21
-22
-21
-21
-15
-3
15
34
44
46
46
56
78
105
127
140
146
149
159
174
193
212
225
230
229
230
236
245
252
258
262
262
259
254
249
246
246
241
234
224
214
202
190
179
170
161
150
133
116
100
82
66
53
39
20
-1
-23
-42
-59
-70
-79
-92
-105
-123
-140
-152
-158
-157
-160
-167
-176
-183
-187
-188
-187
-183
-178
-173
-164
-154
-145
-139
-132
-125
-113
-100
-90
-84
-80
-80
-76
-71
-63
-59
-61
-68
-77
-81
-80
-76
-78
-86
-97
-108
-117
-122
-124
-129
-133
-137
-139
-144
-152
-158
-161
-158
-150
-143
-138
-137
-138
-137
-127
-109
-87
-73
-70
-67
-60
-41
-17
8
23
28
29
34
46
63
82
95
101
103
104
111
121
130
136
140
144
147
154
162
173
179
180
180
182
184
191
200
210
214
217
215
209
202
200
202
209
214
212
199
180
161
148
144
145
143
130
108
84
68
59
57
54
45
32
14
0
-8
-8
-4
-2
-6
-12
-21
-30
-32
-29
-20
-12
-10
-12
-19
-26
-28
-26
-21
-20
-21
-29
-41
-51
-60
-65
-70
-77
-87
-100
-113
-123
-133
-139
-146
-157
-167
-177
-184
-191
-195
-194
-192
-192
-197
-205
-210
-208
-198
-185
-172
-163
-157
-158
-155
-147
-135
-119
-104
-90
-82
-74
-70
-66
-59
-52
-41
-32
-28
-28
-28
-27
-26
-19
-14
-14
-12
-13
-12
-8
0
6
10
15
18
20
26
39
47
56
64
68
74
82
91
101
110
119
124
125
126
128
132
140
149
152
148
138
133
135
141
150
156
151
138
126
122
124
134
142
145
143
133
125
124
128
134
138
139
137
131
127
125
125
122
117
110
107
100
86
71
58
48
43
36
22
5
-12
-29
-43
-49
-52
-58
-69
-84
-100
-108
-110
-115
-118
-119
-125
-136
-139
-139
-135
-132
-127
-121
-121
-121
-119
-108
-99
-91
-82
-75
-73
-78
-82
-83
-80
-73
-66
-62
-67
-84
-96
-102
-100
-98
-96
-96
-101
-104
-111
-124
-120
-134
-110
-25
-46
-65
-61
-84
-106
-142
-115
-87
-46
-11
-41
-93
-129
-154
-140
-83
-67
-46
-35
-39
-60
-114
-115
-90
-58
-21
26
37
22
13
2
4
4
43
99
122
129
125
114
103
92
98
140
161
184
204
190
197
190
174
177
181
197
208
200
211
201
161
154
142
139
152
147
155
141
115
105
89
69
64
64
78
80
52
44
26
3
6
7
14
21
15
22
13
-10
-12
-9
6
27
24
31
27
9
2
-4
-1
15
17
18
18
1
-12
-24
-31
-22
-17
-11
-4
-16
-32
-49
-66
-71
-72
-68
-60
-67
-79
-91
-107
-118
-120
-117
-114
-113
-113
-117
-131
-143
-151
-160
-150
-137
-132
-129
-142
-158
-170
-173
-165
-155
-142
-125
-122
-129
-130
-140
-141
-125
-104
-80
-63
-42
-35
-45
-49
-44
-42
-29
-3
17
31
31
34
31
16
13
26
45
61
79
88
80
62
51
51
56
72
86
92
97
88
66
50
54
63
77
98
112
106
93
83
68
63
76
92
107
107
104
103
100
90
76
79
99
113
122
130
129
123
119
117
120
127
128
126
124
117
113
120
130
129
111
93
77
59
46
47
56
65
63
49
26
-3
-18
-32
-43
-34
-23
-14
-21
-39
-64
-95
-114
-114
-101
-86
-82
-89
-97
-117
-141
-148
-150
-144
-134
-129
-131
-138
-151
-163
-160
-152
-152
-148
-133
-126
-132
-138
-131
-113
-102
-98
-96
-89
-86
-85
-79
-56
-39
-41
-48
-53
-60
-58
-43
-26
-13
-13
-34
-55
-60
-48
-40
-30
-6
1
-15
-37
-60
-65
-50
-23
13
47
55
21
-17
-30
-24
-2
37
87
114
106
78
41
32
37
53
94
129
144
141
128
111
90
84
97
109
134
171
178
157
143
136
127
110
112
139
162
165
161
163
152
121
97
105
116
122
132
129
121
108
88
67
52
50
52
58
61
50
25
2
-14
-26
-24
-20
-17
-14
-29
-54
-78
-85
-91
-95
-84
-67
-61
-76
-91
-97
-105
-120
-132
-128
-111
-97
-80
-63
-69
-100
-130
-140
-141
-136
-116
-88
-75
-80
-96
-114
-136
-151
-149
-142
-132
-124
-112
-83
-80
-90
-99
-111
-120
-141
-139
-117
-76
-28
-12
-31
-51
-80
-110
-113
-105
-69
-27
18
31
5
-25
-64
-70
-60
-27
12
52
96
95
62
33
27
26
40
70
118
150
147
146
115
85
66
75
118
150
170
180
166
134
97
80
94
120
158
186
176
152
130
110
107
113
127
139
146
151
135
109
93
100
103
92
80
77
88
96
89
76
60
49
39
36
33
25
24
27
20
7
1
-4
2
-18
-43
-34
-23
-27
-39
-30
-17
-29
-54
-71
-69
-61
-53
-57
-56
-62
-71
-78
-101
-116
-105
-85
-86
-97
-113
-129
-152
-162
-141
-133
-131
-126
-136
-158
-178
-181
-166
-159
-145
-125
-124
-128
-139
-148
-139
-132
-122
-106
-81
-64
-73
-87
-84
-87
-89
-72
-57
-41
-30
-17
-21
-28
-32
-41
-46
-41
-12
12
17
15
10
7
-8
-20
-6
19
45
75
82
82
72
55
50
54
76
100
118
123
117
107
95
82
74
80
96
111
117
117
114
106
82
68
71
87
111
128
133
123
101
85
81
84
98
122
137
137
135
121
96
82
89
106
114
127
131
118
100
78
65
53
60
78
77
69
67
58
29
15
11
2
9
20
28
20
2
-20
-43
-52
-46
-36
-36
-43
-49
-59
-70
-80
-80
-80
-80
-79
-86
-90
-92
-90
-83
-87
-88
-83
-98
-118
-116
-104
-94
-90
-88
-93
-107
-112
-113
-121
-114
-94
-80
-81
-87
-96
-115
-121
-108
-101
-96
-81
-77
-82
-88
-97
-96
-92
-83
-62
-51
-52
-53
-54
-58
-51
-40
-41
-39
-25
-20
-35
-33
-15
-18
-25
-15
-13
-20
-13
10
16
3
11
20
16
25
39
43
54
59
55
52
56
64
74
90
103
98
93
92
91
98
109
116
124
128
110
101
106
109
111
112
121
120
106
101
96
94
100
100
91
94
102
101
87
80
84
75
66
80
83
73
72
71
59
39
33
43
50
51
58
57
43
26
0
-10
5
21
29
23
13
4
-19
-37
-38
-32
-21
-9
-7
-19
-39
-46
-60
-74
-61
-49
-55
-50
-39
-56
-79
-87
-95
-98
-91
-73
-67
-81
-92
-103
-118
-116
-101
-89
-86
-86
-86
-102
-124
-122
-108
-92
-78
-72
-73
-81
-102
-116
-117
-107
-78
-55
-51
-54
-64
-84
-100
-95
-78
-59
-34
-16
-18
-27
-44
-58
-55
-37
-16
6
22
25
10
-11
-15
-11
3
25
43
45
34
23
18
20
33
45
53
57
59
53
45
43
55
69
75
75
77
77
69
63
65
78
85
90
92
88
81
76
73
78
87
89
91
95
94
83
70
67
69
78
84
85
88
86
63
44
42
51
62
71
73
64
46
29
13
2
9
30
42
43
31
8
-18
-33
-33
-23
-10
1
1
-12
-29
-49
-66
-72
-61
-45
-37
-35
-39
-56
-80
-94
-99
-91
-71
-53
-47
-53
-66
-85
-104
-111
-95
-69
-45
-33
-34
-53
-80
-94
-90
-76
-51
-24
-9
-19
-42
-68
-83
-80
-62
-40
-23
-15
-24
-41
-61
-77
-78
-59
-32
-9
-3
-12
-30
-48
-56
-49
-26
4
25
26
10
-8
-23
-26
-11
16
40
56
57
38
13
2
7
26
55
82
96
90
71
51
40
44
66
98
121
127
124
105
84
76
80
97
119
135
139
124
106
89
77
77
84
96
101
93
86
72
54
45
44
44
46
46
39
30
19
8
-1
-4
-1
-2
-5
-13
-22
-31
-40
-46
-42
-43
-45
-45
-50
-59
-66
-70
-73
-73
-66
-61
-62
-65
-69
-74
-79
-78
-71
-66
-61
-58
-58
-66
-71
-73
-71
-65
-56
-53
-57
-62
-71
-76
-74
-69
-61
-58
-61
-68
-75
-78
-74
-64
-54
-51
-51
-54
-58
-60
-59
-55
-45
-35
-28
-26
-27
-30
-32
-27
-25
-19
-11
-3
2
4
6
2
5
10
16
26
36
40
41
42
43
44
49
58
69
78
82
84
80
78
79
84
92
101
106
105
99
88
84
86
95
104
109
106
97
85
72
68
70
76
85
89
84
71
57
46
41
46
50
53
52
49
38
28
19
11
11
16
16
16
12
6
-5
-13
-18
-21
-18
-14
-10
-14
-24
-33
-39
-41
-41
-39
-34
-33
-35
-42
-51
-56
-58
-60
-58
-53
-52
-55
-61
-67
-73
-77
-78
-78
-74
-70
-71
-75
-79
-86
-90
-88
-84
-80
-75
-72
-74
-80
-81
-82
-80
-75
-69
-64
-65
-68
-67
-63
-57
-51
-47
-44
-43
-45
-48
-44
-33
-22
-19
-17
-14
-12
-13
-10
-6
4
13
19
20
20
24
26
26
31
39
42
43
46
49
53
56
56
56
57
58
59
60
63
67
64
62
62
65
63
61
64
62
61
62
62
59
57
57
57
60
62
62
62
63
61
57
56
59
63
67
68
65
58
52
47
48
53
59
60
52
44
36
29
26
25
27
29
26
20
14
5
-2
-8
-7
-3
3
4
-2
-12
-21
-28
-30
-28
-24
-21
-21
-25
-34
-42
-45
-45
-43
-43
-43
-44
-48
-51
-55
-58
-59
-58
-56
-56
-56
-57
-60
-63
-63
-60
-57
-56
-57
-56
-57
-57
-53
-48
-46
-44
-45
-45
-47
-45
-40
-35
-30
-28
-30
-32
-33
-33
-30
-25
-19
-16
-16
-15
-18
-20
-21
-18
-12
-6
-2
-1
-4
-8
-10
-9
-5
2
10
15
12
8
2
-1
1
8
17
26
28
27
24
18
15
19
27
35
42
42
39
33
30
31
37
45
53
57
55
49
45
43
45
50
56
61
62
58
53
50
47
50
55
59
62
59
55
48
42
39
38
42
45
45
43
39
31
25
21
20
20
22
21
18
12
6
0
-5
-8
-7
-6
-6
-10
-12
-16
-21
-23
-23
-24
-26
-26
-25
-28
-30
-30
-31
-32
-32
-32
-32
-35
-37
-38
-38
-36
-34
-36
-39
-43
-45
-47
-46
-41
-38
-39
-42
-46
-50
-53
-52
-50
-47
-44
-44
-45
-48
-51
-52
-53
-50
-43
-38
-37
-38
-39
-44
-43
-40
-36
-31
-25
-21
-22
-23
-25
-23
-19
-15
-9
-5
-4
-3
-1
-1
1
5
7
12
16
19
19
20
22
28
30
32
37
37
35
37
40
45
48
50
50
49
49
48
49
52
56
58
57
52
48
46
48
49
49
49
47
46
43
40
41
40
40
40
40
37
35
33
30
29
29
30
30
24
20
18
15
15
16
16
13
8
3
-1
-4
-3
-5
-5
-7
-10
-14
-20
-26
-27
-27
-26
-24
-27
-29
-35
-41
-45
-45
-45
-43
-39
-39
-41
-47
-52
-55
-56
-54
-50
-48
-50
-52
-53
-55
-56
-57
-55
-52
-50
-47
-46
-47
-49
-48
-47
-45
-41
-37
-31
-29
-29
-28
-26
-25
-23
-18
-11
-6
-5
-4
-3
-2
0
4
8
12
16
18
21
23
25
30
33
35
37
40
43
45
46
49
50
51
52
55
56
57
57
57
55
55
57
58
58
57
56
56
56
56
56
55
54
54
53
53
53
54
52
51
48
46
45
44
43
41
38
34
30
26
23
19
18
17
16
12
7
3
0
-1
-2
-4
-7
-10
-14
-18
-21
-23
-25
-27
-30
-33
-35
-36
-39
-42
-45
-49
-51
-51
-54
-55
-57
-57
-61
-64
-65
-65
-65
-64
-63
-61
-61
-60
-59
-61
-59
-60
-57
-56
-54
-52
-52
-52
-53
-54
-51
-48
-45
-43
-41
-39
-37
-35
-33
-31
-29
-26
-24
-23
-20
-18
-15
-12
-11
-9
-7
-4
-1
1
5
7
9
10
11
14
16
18
20
22
23
25
26
26
27
27
30
35
38
40
41
41
41
43
46
48
51
52
53
54
53
54
55
57
58
59
60
60
59
57
57
58
58
57
56
55
54
54
53
50
47
46
46
44
42
41
38
36
34
31
28
26
23
22
19
18
15
15
12
8
5
2
0
-2
-4
-7
-8
-11
-16
-19
-22
-23
-23
-23
-23
-25
-27
-30
-34
-36
-37
-37
-35
-36
-35
-38
-41
-44
-46
-47
-47
-47
-46
-47
-47
-49
-50
-52
-52
-52
-51
-49
-48
-47
-49
-49
-51
-51
-50
-48
-46
-46
-44
-45
-45
-44
-44
-45
-44
-42
-39
-38
-36
-35
-35
-34
-32
-29
-28
-26
-23
-20
-17
-15
-13
-11
-9
-6
-4
-1
4
7
11
11
11
11
13
17
20
23
26
26
26
28
30
32
33
36
38
41
42
44
45
45
46
48
50
51
52
53
54
56
55
55
54
55
55
58
58
56
53
52
50
50
52
53
52
50
47
44
42
41
42
42
42
41
40
36
35
32
31
30
30
28
26
25
24
21
17
14
10
7
6
5
4
1
-2
-6
-11
-14
-16
-18
-20
-20
-22
-27
-31
-34
-35
-38
-38
-36
-37
-40
-44
-46
-49
-49
-49
-51
-51
-50
-50
-50
-49
-50
-53
-55
-57
-56
-53
-49
-48
-46
-47
-48
-50
-48
-44
-41
-39
-38
-38
-38
-39
-38
-36
-32
-30
-28
-29
-29
-29
-28
-25
-25
-24
-23
-21
-17
-13
-12
-10
-9
-8
-7
-5
-4
0
4
7
8
11
10
12
15
17
19
23
24
24
22
23
24
26
29
31
31
31
31
33
34
35
34
34
35
35
37
38
40
43
41
39
38
37
37
40
42
42
39
37
37
35
35
35
35
33
31
28
26
26
26
26
24
22
20
17
15
18
18
16
15
12
11
8
6
5
3
2
0
-2
-5
-8
-11
-11
-13
-14
-15
-16
-19
-19
-21
-22
-22
-24
-25
-27
-29
-29
-28
-30
-31
-32
-33
-31
-32
-32
-32
-31
-31
-32
-33
-31
-31
-30
-28
-29
-30
-31
-31
-31
-29
-29
-28
-27
-27
-25
-23
-21
-20
-18
-16
-14
-13
-13
-9
-7
-5
-5
-3
-2
-2
-2
0
1
2
4
7
11
11
10
12
14
15
16
18
21
22
23
24
25
24
24
22
25
26
25
26
27
27
27
27
28
28
27
27
27
27
26
27
26
24
22
21
20
18
18
19
21
19
15
14
12
11
9
12
13
12
10
7
5
2
1
-2
-1
0
-1
0
-1
-6
-8
-10
-9
-8
-7
-8
-7
-8
-9
-12
-12
-15
-15
-13
-12
-12
-13
-14
-17
-18
-19
-17
-16
-14
-15
-16
-17
-19
-19
-19
-17
-15
-15
-15
-15
-16
-17
-16
-15
-15
-16
-13
-13
-12
-12
-11
-8
-9
-10
-8
-7
-8
-7
-7
-4
-3
-2
-1
-1
0
-2
-1
1
1
2
3
4
6
7
5
5
4
5
6
9
10
11
11
10
8
8
10
11
13
14
15
15
13
11
12
13
12
12
12
13
14
15
14
12
10
9
9
9
11
12
12
10
10
8
8
6
8
10
11
10
11
9
7
6
6
5
4
5
5
5
4
4
2
0
-3
-6
-6
-5
-4
-5
-4
-8
-10
-12
-12
-12
-12
-10
-10
-11
-11
-10
-11
-13
-13
-12
-10
-13
-12
-11
-12
-14
-14
-12
-14
-14
-14
-13
-12
-13
-12
-12
-13
-13
-11
-10
-9
-6
-5
-5
-6
-6
-7
-7
-4
-3
-3
-2
-2
-2
-2
-3
-3
-2
-1
-3
-3
-1
0
0
-1
-1
-2
-3
-2
0
1
2
2
1
-1
-1
2
4
4
5
3
3
3
6
5
6
6
6
6
5
5
9
9
10
11
11
11
11
11
13
13
15
15
15
14
15
16
17
18
18
17
18
17
18
19
19
18
18
17
15
15
17
18
17
17
16
16
14
14
15
15
14
13
12
11
12
12
14
11
10
9
6
5
5
5
5
5
3
0
-1
-2
-2
-3
-3
-5
-7
-8
-10
-11
-12
-12
-13
-15
-17
-19
-19
-19
-20
-20
-21
-23
-25
-27
-27
-26
-26
-28
-29
-31
-32
-32
-32
-32
-33
-35
-35
-36
-34
-34
-34
-34
-35
-35
-35
-35
-34
-32
-31
-31
-29
-29
-30
-30
-27
-26
-26
-24
-24
-24
-22
-20
-18
-17
-16
-15
-14
-11
-11
-8
-6
-4
-3
-2
0
1
4
8
10
10
12
13
12
14
16
18
20
22
22
22
23
24
27
28
28
30
32
33
34
35
37
37
36
37
37
39
41
41
41
39
40
41
41
39
40
41
40
39
38
39
36
36
35
33
33
33
30
30
28
27
27
26
25
23
23
24
21
19
21
20
17
17
16
13
11
10
8
6
4
2
-2
-3
-3
-5
-7
-8
-11
-12
-14
-15
-17
-19
-20
-22
-23
-24
-26
-26
-28
-28
-28
-29
-31
-32
-35
-37
-36
-37
-37
-36
-36
-38
-40
-39
-40
-39
-38
-38
-38
-39
-39
-38
-38
-38
-35
-35
-34
-32
-30
-29
-28
-29
-27
-24
-23
-21
-19
-18
-17
-15
-15
-12
-10
-9
-7
-5
-4
-3
0
2
3
4
6
8
10
12
14
14
17
18
19
20
22
24
25
28
26
26
27
28
27
28
29
29
29
30
31
31
30
30
29
29
30
30
29
28
28
27
26
26
26
25
24
23
22
21
21
19
18
15
14
14
13
11
10
9
7
6
5
4
3
2
1
0
-3
-4
-6
-6
-8
-9
-10
-9
-11
-13
-13
-15
-15
-18
-18
-19
-19
-20
-20
-22
-23
-23
-24
-26
-26
-25
-24
-25
-25
-23
-24
-26
-26
-25
-25
-25
-24
-22
-22
-21
-21
-21
-20
-19
-17
-18
-15
-14
-13
-12
-11
-11
-9
-9
-8
-6
-5
-4
-3
-2
0
1
1
1
3
4
6
8
10
10
10
11
12
13
14
14
15
16
15
16
15
16
16
17
16
16
16
16
15
16
16
16
15
15
14
13
14
14
12
14
13
13
12
11
12
13
12
12
12
11
12
11
11
10
10
10
10
8
8
6
5
5
4
2
3
2
0
-1
-3
-2
-4
-4
-5
-5
-7
-7
-7
-7
-7
-9
-8
-9
-9
-9
-11
-12
-12
-12
-13
-13
-14
-14
-14
-15
-15
-15
-15
-14
-17
-17
-16
-15
-16
-17
-16
-15
-14
-14
-14
-14
-14
-13
-12
-12
-11
-11
-10
-8
-7
-8
-7
-5
-4
-3
-2
-1
0
0
2
3
5
4
7
7
7
9
10
11
13
13
15
15
16
17
17
17
17
19
20
20
20
20
21
21
20
21
21
21
