1
-1
0
0
0
0
0
0
0
-1
0
1
1
-1
0
0
0
-1
0
0
1
0
0
-1
0
0
1
1
0
0
0
0
0
0
1
0
0
0
1
0
0
0
0
0
-1
0
1
0
0
0
0
0
1
0
0
0
0
1
0
-1
0
-1
0
0
-1
-1
-1
0
-1
-1
-1
-1
-1
-2
-2
-1
-2
-2
-1
-2
-2
-2
-2
-2
-2
-2
-2
-2
-2
-2
-2
-1
-2
-1
-1
-1
-2
-1
-1
-2
0
-1
-1
0
-1
0
0
1
0
1
1
1
1
1
2
2
1
1
2
3
4
4
3
3
4
3
3
4
5
4
3
4
4
4
4
3
4
4
5
4
4
3
2
3
3
2
1
2
2
2
1
0
0
1
1
1
1
1
1
2
2
3
3
2
4
5
4
6
6
7
8
9
9
10
10
10
11
12
12
11
11
11
11
10
11
12
11
11
11
12
11
12
11
11
10
11
10
8
9
8
7
7
7
6
4
4
2
1
0
-2
-4
-5
-8
-10
-12
-14
-14
-16
-17
-17
-19
-21
-22
-22
-23
-23
-25
-24
-24
-26
-27
-26
-25
-24
-24
-24
-25
-26
-26
-28
-26
-26
-26
-28
-29
-30
-31
-34
-36
-37
-37
-38
-40
-42
-42
-45
-46
-47
-47
-49
-50
-52
-53
-54
-55
-55
-56
-54
-52
-48
-43
-37
-30
-22
-16
-9
-1
6
12
21
28
34
39
46
51
57
63
68
72
75
80
78
78
76
74
68
63
58
52
47
41
37
32
30
30
27
29
27
28
26
24
25
24
26
28
28
30
32
35
38
42
44
48
51
53
55
53
55
53
53
50
47
44
42
44
42
45
45
48
53
50
56
55
57
58
55
57
54
54
53
51
48
46
44
41
37
31
27
19
12
3
-7
-12
-23
-29
-42
-50
-57
-66
-69
-78
-80
-84
-89
-91
-95
-98
-99
-101
-105
-107
-113
-113
-116
-119
-119
-121
-122
-122
-124
-124
-127
-126
-130
-132
-134
-137
-137
-139
-137
-135
-131
-125
-117
-105
-92
-81
-69
-53
-42
-28
-18
-6
6
14
23
31
43
52
62
70
77
83
85
91
90
90
85
80
73
65
56
46
41
32
28
23
21
20
17
16
10
10
3
-4
-6
-12
-13
-17
-16
-16
-14
-9
-3
4
9
18
23
33
42
48
60
65
75
80
86
96
101
116
120
133
140
147
158
163
172
173
176
178
177
180
176
178
171
168
164
157
156
142
139
127
118
110
98
89
79
67
52
37
22
9
-3
-17
-27
-39
-48
-60
-70
-83
-89
-97
-106
-109
-118
-119
-124
-128
-131
-134
-133
-133
-129
-130
-129
-128
-127
-125
-128
-124
-122
-122
-123
-128
-127
-130
-131
-136
-139
-144
-147
-153
-160
-165
-172
-173
-175
-174
-173
-168
-158
-152
-141
-135
-121
-107
-96
-82
-71
-57
-44
-29
-15
0
19
35
52
64
78
90
97
104
103
103
99
94
88
78
72
63
60
56
54
50
46
45
39
32
24
14
6
-5
-12
-21
-24
-26
-24
-20
-14
-7
0
6
13
17
24
27
31
37
45
55
64
75
87
101
118
134
148
164
177
188
193
198
201
206
208
209
212
214
218
215
214
212
207
206
196
187
175
167
154
140
123
108
101
86
75
55
39
26
8
-10
-29
-48
-60
-74
-92
-101
-118
-123
-135
-147
-150
-160
-155
-163
-166
-163
-166
-155
-160
-162
-164
-158
-151
-147
-144
-145
-140
-141
-139
-142
-146
-145
-150
-153
-164
-173
-182
-191
-200
-214
-223
-226
-227
-221
-217
-208
-191
-178
-164
-155
-142
-122
-105
-89
-79
-58
-39
-16
4
24
50
69
91
104
115
128
135
139
130
124
118
112
106
96
90
85
85
85
77
70
65
60
52
40
27
18
13
6
-1
-1
5
12
19
25
31
40
41
40
37
34
36
39
44
49
62
79
99
120
134
156
172
186
196
197
209
213
220
221
220
232
237
249
253
256
256
254
252
236
229
209
200
184
166
154
134
132
113
98
80
64
51
27
11
-13
-27
-44
-64
-83
-106
-115
-131
-140
-152
-161
-165
-172
-173
-183
-188
-192
-194
-199
-204
-203
-201
-196
-196
-197
-193
-187
-186
-186
-189
-194
-192
-196
-205
-215
-229
-239
-253
-270
-284
-297
-304
-304
-303
-286
-269
-246
-224
-210
-191
-181
-166
-148
-127
-97
-71
-37
-8
25
58
93
129
149
174
181
188
187
179
174
166
166
152
145
136
131
128
117
114
99
88
71
53
40
20
12
-3
-8
-15
-17
-14
-14
-7
-9
-6
-9
-7
-4
-2
6
9
24
34
48
64
80
98
110
129
149
173
193
209
225
240
252
262
279
297
318
327
326
327
323
322
319
314
307
297
287
266
249
230
217
201
176
141
107
85
62
42
23
6
-2
-17
-34
-56
-80
-106
-134
-160
-181
-188
-189
-186
-187
-188
-193
-199
-210
-224
-231
-234
-235
-239
-244
-243
-235
-232
-233
-235
-236
-238
-245
-248
-254
-260
-265
-283
-292
-307
-320
-332
-364
-384
-388
-356
-297
-248
-211
-191
-183
-194
-224
-238
-198
-124
-50
-9
11
48
93
135
169
185
194
187
169
149
137
142
161
180
169
144
120
113
111
89
56
30
13
-2
-17
-20
-8
3
-7
-31
-57
-61
-49
-37
-27
-30
-29
-15
1
29
54
73
94
105
107
111
120
150
177
193
203
222
257
299
328
350
367
374
361
349
362
384
409
417
417
420
412
407
392
380
367
338
314
282
262
248
236
225
196
159
124
93
52
12
-24
-49
-68
-88
-96
-101
-112
-133
-170
-203
-237
-267
-280
-284
-283
-286
-291
-290
-284
-282
-283
-287
-292
-302
-309
-305
-297
-282
-271
-266
-271
-280
-287
-298
-323
-350
-381
-398
-416
-439
-461
-486
-443
-368
-254
-193
-201
-201
-237
-270
-345
-358
-223
-43
100
118
104
130
146
143
114
121
150
166
146
129
163
208
252
233
160
64
-23
-70
-90
-92
-74
-33
-3
1
-16
-28
-30
-68
-129
-191
-220
-188
-130
-52
16
64
75
50
24
0
18
43
64
103
141
210
269
319
364
370
356
318
298
315
350
403
462
506
523
534
542
559
553
502
448
403
392
407
437
480
509
501
452
372
287
232
199
173
149
126
129
141
135
108
66
12
-57
-134
-191
-205
-206
-212
-217
-224
-228
-242
-263
-287
-325
-361
-398
-418
-399
-367
-320
-287
-296
-331
-360
-378
-376
-370
-366
-346
-325
-325
-331
-356
-362
-380
-419
-477
-535
-590
-574
-445
-296
-102
-108
-142
-207
-317
-383
-487
-376
-99
186
302
242
156
147
129
56
27
69
185
261
234
218
230
253
240
118
-47
-170
-205
-181
-119
-64
1
57
6
-94
-224
-290
-286
-308
-302
-267
-188
-82
-18
-2
7
-26
-106
-172
-210
-133
26
162
275
314
324
321
270
238
239
275
326
376
434
528
617
674
690
632
563
506
485
526
586
640
680
666
621
576
519
490
461
428
411
380
362
352
336
304
241
148
70
14
-20
-23
-18
-16
-34
-89
-148
-203
-264
-305
-342
-368
-369
-363
-338
-324
-339
-370
-426
-470
-487
-477
-435
-381
-355
-358
-374
-383
-373
-377
-377
-369
-365
-361
-387
-400
-392
-370
-390
-469
-546
-659
-570
-411
-185
-33
-127
-158
-296
-404
-513
-508
-185
229
476
377
143
-42
-49
-33
-12
136
291
464
437
270
159
85
95
41
-57
-123
-120
-42
14
50
9
-48
-152
-316
-383
-387
-271
-151
-127
-118
-161
-176
-190
-213
-205
-156
-116
-94
-47
13
140
242
257
250
196
171
197
256
397
517
575
578
545
524
544
581
635
702
717
720
716
709
754
747
707
669
604
595
606
626
672
664
604
490
358
282
263
266
274
258
197
138
50
-19
-67
-130
-167
-212
-239
-243
-252
-272
-312
-380
-454
-513
-555
-553
-524
-493
-471
-484
-510
-532
-549
-532
-504
-498
-490
-472
-451
-424
-428
-439
-422
-414
-421
-438
-468
-473
-466
-516
-551
-615
-543
-333
-152
-25
-154
-267
-352
-432
-472
-438
-111
281
524
373
69
-124
-154
-47
18
203
408
521
453
194
15
-51
-29
4
-11
-8
2
18
-31
-99
-168
-240
-267
-335
-340
-256
-141
-43
-86
-197
-294
-335
-325
-282
-186
-56
54
52
29
18
53
131
160
207
259
307
371
433
512
581
591
560
538
550
613
712
825
917
921
839
744
696
725
780
801
832
847
809
747
636
582
572
547
507
453
445
442
410
332
238
144
57
-10
-55
-38
-23
-41
-100
-188
-249
-290
-327
-372
-416
-444
-461
-484
-503
-506
-509
-534
-571
-608
-628
-620
-605
-564
-545
-542
-529
-540
-539
-542
-555
-528
-498
-494
-519
-560
-580
-589
-609
-642
-533
-317
-115
-57
-251
-383
-453
-459
-438
-359
-24
351
502
281
-61
-250
-207
-83
14
206
389
491
386
97
-91
-151
-112
-52
-53
-34
-5
-10
-83
-196
-306
-354
-364
-392
-359
-285
-163
-89
-176
-306
-410
-429
-361
-296
-187
-48
36
33
-27
-72
-45
36
109
223
334
421
480
493
537
562
550
546
580
684
802
887
970
1040
1046
965
847
785
815
882
934
1003
1039
1026
921
767
667
614
611
591
581
595
596
542
406
260
154
108
73
42
44
68
64
-18
-152
-248
-296
-318
-336
-345
-335
-344
-388
-455
-507
-540
-566
-601
-634
-635
-624
-598
-579
-572
-563
-575
-603
-636
-657
-650
-606
-570
-541
-546
-588
-632
-684
-714
-704
-554
-358
-190
-197
-345
-421
-492
-489
-471
-296
56
329
352
84
-181
-295
-244
-141
9
235
400
428
219
-63
-233
-273
-196
-137
-89
-57
-47
-105
-240
-365
-446
-441
-440
-452
-422
-359
-257
-243
-325
-423
-500
-476
-421
-349
-219
-93
-27
-47
-118
-143
-82
4
114
249
357
449
467
473
517
547
587
592
638
748
889
971
1008
1057
1064
1058
934
867
913
982
1086
1117
1140
1128
1031
895
778
726
722
732
732
757
734
649
530
364
253
190
165
188
198
191
160
70
-67
-194
-275
-287
-263
-250
-240
-255
-309
-396
-506
-572
-591
-580
-558
-557
-555
-531
-535
-577
-611
-635
-631
-632
-664
-660
-620
-587
-559
-593
-616
-668
-767
-796
-813
-618
-398
-235
-197
-383
-482
-586
-581
-523
-338
32
296
338
55
-227
-331
-254
-96
20
219
352
376
212
-74
-225
-263
-193
-150
-147
-120
-104
-118
-233
-370
-467
-505
-491
-505
-474
-407
-318
-292
-384
-490
-557
-519
-446
-367
-262
-155
-88
-110
-164
-180
-121
0
97
216
316
397
451
465
491
503
538
572
625
716
827
936
1000
1033
1037
1023
989
949
948
972
1018
1071
1107
1125
1082
995
891
791
731
707
738
789
808
761
633
468
319
230
203
227
268
270
231
123
-14
-142
-222
-231
-225
-199
-186
-190
-232
-330
-445
-535
-569
-572
-548
-515
-476
-444
-461
-526
-595
-643
-658
-648
-636
-588
-543
-530
-563
-640
-702
-764
-813
-843
-851
-719
-515
-314
-254
-423
-565
-670
-664
-617
-494
-164
171
334
139
-184
-387
-366
-214
-76
119
291
404
303
29
-191
-292
-247
-200
-185
-162
-126
-100
-174
-299
-432
-491
-497
-517
-509
-475
-362
-293
-337
-433
-526
-504
-456
-414
-329
-210
-106
-95
-150
-173
-107
-6
82
179
272
368
422
449
499
537
572
581
604
687
796
889
975
1011
1020
1021
971
972
985
1007
1053
1066
1095
1106
1080
1040
980
921
861
781
746
774
817
833
761
621
493
377
289
256
259
307
318
235
112
-15
-101
-155
-202
-200
-171
-161
-191
-283
-378
-449
-514
-547
-546
-519
-473
-447
-464
-497
-549
-616
-644
-654
-608
-545
-520
-509
-566
-620
-681
-744
-771
-834
-844
-854
-761
-583
-438
-335
-464
-585
-719
-781
-735
-636
-321
9
220
111
-177
-414
-471
-357
-227
-27
158
281
254
22
-168
-299
-308
-281
-294
-240
-192
-134
-165
-260
-361
-442
-482
-559
-571
-500
-371
-262
-278
-332
-407
-446
-450
-435
-331
-200
-94
-69
-83
-59
7
93
131
186
249
320
399
456
548
626
656
656
645
689
745
807
908
995
1080
1090
1067
1048
1031
1023
999
1021
1040
1069
1084
1064
1048
985
917
845
800
814
815
816
757
680
595
493
426
374
372
357
321
250
155
78
-10
-73
-110
-125
-124
-149
-199
-260
-327
-382
-426
-452
-453
-446
-435
-434
-453
-478
-502
-519
-529
-521
-503
-472
-455
-478
-510
-580
-635
-684
-724
-734
-767
-773
-783
-766
-704
-642
-579
-601
-669
-748
-794
-795
-771
-640
-432
-208
-143
-266
-426
-507
-445
-359
-276
-174
-58
42
7
-115
-247
-294
-271
-264
-285
-320
-287
-227
-192
-213
-275
-305
-338
-389
-451
-464
-367
-259
-200
-221
-252
-218
-193
-191
-227
-221
-149
-72
6
62
166
248
276
260
221
274
337
415
477
546
637
672
673
661
733
837
919
936
919
971
1012
1034
1036
1037
1061
1046
1021
989
988
1037
1069
1069
1020
962
886
810
747
700
704
712
702
639
564
474
370
288
220
189
174
153
118
53
-12
-74
-148
-223
-274
-284
-289
-294
-319
-348
-373
-409
-430
-456
-446
-428
-415
-394
-388
-379
-404
-426
-455
-479
-504
-531
-537
-550
-561
-579
-608
-648
-716
-778
-854
-848
-761
-682
-609
-682
-759
-832
-888
-910
-931
-806
-611
-434
-408
-493
-572
-586
-531
-502
-444
-373
-277
-199
-224
-243
-265
-224
-187
-226
-280
-318
-263
-195
-149
-141
-130
-95
-120
-171
-237
-225
-129
-69
-34
-57
-34
18
36
29
16
65
115
148
144
162
233
286
332
323
324
347
360
385
367
395
459
540
601
613
657
689
735
735
738
770
788
831
832
878
929
965
1004
999
979
964
961
949
935
901
898
927
922
890
823
767
710
632
567
532
532
522
472
400
327
249
172
81
17
-6
-39
-80
-128
-186
-243
-294
-355
-385
-394
-395
-397
-422
-428
-428
-442
-454
-476
-503
-521
-545
-563
-581
-589
-570
-563
-584
-607
-634
-641
-654
-698
-748
-796
-802
-792
-804
-876
-895
-865
-800
-752
-778
-768
-781
-778
-820
-846
-771
-637
-515
-485
-500
-514
-469
-441
-439
-418
-376
-268
-207
-213
-206
-199
-125
-82
-75
-102
-126
-113
-84
-30
-8
39
84
106
100
66
81
124
161
169
147
183
238
307
352
378
402
391
365
324
314
339
388
444
483
511
502
485
470
462
480
476
474
489
514
553
595
641
661
663
658
663
688
708
735
764
800
825
833
829
816
817
823
820
808
787
761
746
728
689
642
594
544
486
425
381
347
311
256
167
98
39
-14
-80
-137
-160
-179
-197
-256
-319
-373
-408
-441
-470
-480
-499
-519
-570
-606
-618
-634
-651
-676
-683
-653
-642
-642
-682
-718
-731
-736
-731
-744
-733
-715
-697
-709
-727
-733
-741
-738
-756
-760
-754
-738
-718
-691
-652
-642
-612
-615
-621
-646
-670
-640
-584
-475
-399
-364
-358
-349
-325
-314
-281
-258
-200
-137
-93
-59
-46
6
54
85
91
86
107
122
140
157
203
268
333
362
374
388
385
379
381
403
461
526
576
610
624
625
605
580
584
599
614
622
618
627
630
619
612
606
599
597
585
575
571
568
571
574
592
611
618
616
612
612
618
607
591
591
599
599
581
565
557
544
519
496
477
449
415
352
293
255
216
204
154
118
81
26
-17
-85
-138
-171
-197
-228
-254
-285
-316
-355
-409
-437
-468
-497
-516
-543
-551
-567
-572
-581
-594
-609
-628
-642
-659
-657
-670
-668
-667
-659
-656
-660
-672
-675
-659
-650
-642
-656
-661
-671
-676
-673
-671
-646
-633
-632
-641
-663
-665
-662
-635
-595
-563
-533
-511
-510
-523
-528
-510
-463
-404
-350
-294
-249
-212
-176
-144
-96
-56
-35
-15
23
85
154
208
256
305
327
338
330
330
365
405
449
492
548
614
649
657
642
642
659
663
672
695
735
776
806
802
779
747
710
693
687
702
725
743
743
715
685
656
621
586
566
560
566
571
558
525
492
465
447
428
402
390
387
377
342
293
266
243
219
187
160
147
131
106
59
9
-28
-60
-88
-117
-133
-153
-172
-202
-242
-266
-297
-328
-358
-369
-375
-379
-395
-404
-403
-401
-413
-450
-481
-483
-483
-477
-471
-462
-440
-447
-475
-512
-535
-532
-520
-521
-533
-544
-547
-556
-572
-581
-572
-564
-568
-592
-615
-621
-631
-629
-641
-640
-628
-617
-602
-609
-603
-602
-603
-606
-599
-563
-521
-469
-437
-404
-379
-367
-352
-326
-270
-207
-135
-80
-29
20
65
100
117
152
200
252
295
326
374
435
490
519
524
525
531
545
570
613
667
724
764
784
780
769
763
766
780
801
828
847
858
856
840
824
804
782
760
741
725
714
695
665
628
582
535
484
460
435
404
380
342
300
249
198
158
132
110
85
57
24
-11
-48
-77
-105
-123
-131
-151
-169
-192
-220
-241
-257
-261
-265
-268
-278
-292
-300
-309
-312
-309
-303
-299
-302
-303
-300
-286
-282
-276
-267
-257
-243
-256
-253
-266
-279
-287
-303
-300
-310
-308
-319
-347
-367
-385
-397
-408
-438
-464
-488
-507
-516
-531
-550
-563
-575
-587
-590
-606
-603
-613
-614
-608
-614
-593
-593
-577
-571
-567
-560
-556
-527
-493
-433
-388
-336
-299
-285
-274
-270
-229
-168
-89
-8
52
99
132
165
196
237
289
337
383
417
447
482
523
565
606
636
654
665
676
698
730
768
794
813
815
818
819
821
835
844
853
846
823
797
775
755
729
710
684
653
617
570
532
494
457
413
359
304
255
216
177
138
94
49
-3
-50
-92
-122
-139
-145
-154
-172
-201
-240
-270
-290
-298
-304
-298
-294
-295
-292
-299
-296
-290
-283
-280
-284
-283
-268
-249
-241
-233
-231
-218
-211
-203
-199
-201
-192
-202
-216
-237
-243
-237
-237
-228
-230
-236
-254
-279
-307
-326
-329
-350
-357
-373
-385
-409
-440
-444
-465
-470
-485
-499
-508
-514
-507
-517
-512
-506
-503
-502
-502
-487
-474
-449
-435
-424
-412
-396
-381
-378
-358
-324
-267
-212
-162
-130
-107
-85
-77
-59
-25
41
121
194
250
293
320
335
357
386
434
487
534
572
600
634
660
680
684
689
702
717
733
747
771
784
797
781
752
729
714
711
707
698
689
673
642
614
578
543
509
471
434
389
351
305
257
216
169
128
82
36
-4
-39
-64
-95
-134
-181
-220
-250
-265
-274
-275
-276
-285
-290
-304
-309
-318
-315
-305
-296
-276
-258
-244
-239
-235
-228
-212
-201
-198
-203
-195
-187
-191
-189
-196
-202
-208
-214
-228
-243
-238
-234
-239
-256
-254
-262
-291
-304
-326
-332
-334
-337
-342
-353
-352
-365
-394
-412
-418
-433
-424
-410
-406
-398
-405
-408
-414
-421
-415
-410
-399
-379
-357
-348
-337
-330
-316
-304
-296
-298
-307
-293
-244
-157
-68
-8
17
9
-15
-44
-48
10
135
284
392
425
410
386
378
397
435
503
585
651
691
700
704
701
694
673
641
629
633
655
682
701
707
685
641
581
522
499
497
506
507
485
446
406
369
329
287
254
235
216
195
173
148
129
101
64
19
-18
-35
-49
-60
-72
-91
-108
-136
-168
-179
-166
-130
-105
-104
-119
-149
-157
-162
-146
-106
-72
-47
-60
-97
-131
-130
-112
-84
-76
-92
-110
-159
-192
-227
-238
-217
-224
-246
-298
-338
-380
-408
-415
-429
-432
-450
-466
-497
-516
-523
-533
-535
-551
-544
-536
-546
-550
-554
-549
-550
-557
-541
-516
-490
-476
-481
-487
-496
-503
-508
-502
-478
-464
-466
-492
-506
-540
-534
-428
-211
46
115
45
-83
-152
-162
-156
35
421
853
1014
828
505
323
368
490
675
892
1128
1239
1081
814
577
510
531
557
600
655
730
724
625
447
284
189
146
176
243
375
479
454
323
136
37
29
88
180
281
373
392
328
211
131
113
133
187
255
358
417
406
347
261
196
128
102
141
236
324
337
312
246
175
97
44
72
114
178
213
230
231
168
87
-12
-53
-32
36
95
120
115
29
-103
-261
-347
-337
-302
-255
-262
-302
-396
-542
-676
-779
-792
-772
-738
-719
-726
-755
-832
-925
-1007
-1020
-971
-904
-821
-780
-772
-811
-869
-898
-892
-821
-724
-638
-605
-627
-642
-663
-666
-719
-758
-777
-747
-410
-57
280
164
-201
-398
-505
-370
-210
308
1036
1487
1267
520
-62
-153
237
652
1082
1468
1546
1300
616
127
-15
135
455
672
895
880
693
328
-27
-250
-303
-109
157
474
598
532
317
-58
-288
-358
-114
309
627
797
693
463
181
0
14
209
511
723
836
785
645
443
225
183
244
414
568
662
730
638
429
162
15
47
195
404
579
711
646
431
178
61
169
320
490
581
630
603
431
244
120
136
194
225
228
211
144
-41
-250
-435
-519
-537
-552
-535
-556
-626
-784
-973
-1102
-1129
-1067
-1003
-952
-927
-944
-1006
-1085
-1102
-1063
-987
-931
-874
-825
-822
-842
-868
-882
-903
-926
-898
-840
-828
-892
-985
-699
-299
43
-111
-577
-723
-725
-523
-406
40
822
1279
969
57
-550
-481
107
647
1093
1400
1260
764
-51
-437
-313
72
551
779
850
563
99
-355
-553
-478
-243
130
428
607
437
100
-205
-411
-342
-133
299
761
931
806
420
90
-61
-3
267
655
988
1044
852
507
250
133
158
404
685
886
829
604
425
292
253
275
421
642
771
739
700
691
670
606
515
618
803
945
991
932
894
801
622
474
460
590
724
661
479
282
67
-111
-287
-337
-266
-235
-299
-448
-597
-712
-840
-960
-972
-874
-733
-652
-685
-760
-875
-998
-1045
-1006
-849
-704
-654
-678
-804
-916
-1007
-999
-969
-915
-960
-1015
-1106
-1096
-688
-351
-100
-539
-998
-1082
-965
-618
-407
237
864
930
192
-708
-966
-538
194
676
1112
1161
748
20
-692
-711
-435
35
443
633
526
-37
-626
-975
-889
-622
-216
205
418
316
-202
-624
-788
-641
-247
178
627
766
547
122
-239
-277
-49
350
751
983
917
609
281
88
111
256
521
828
953
860
530
234
115
161
403
680
924
962
770
520
478
618
816
976
1053
1195
1127
922
767
820
1130
1294
1211
961
697
550
522
578
717
760
579
269
-96
-301
-388
-389
-249
-134
-116
-276
-564
-793
-885
-835
-643
-427
-241
-177
-345
-614
-882
-963
-799
-553
-299
-206
-333
-599
-918
-1152
-1152
-1090
-912
-828
-712
-368
-268
-376
-1051
-1455
-1309
-907
-422
-141
378
689
411
-506
-1172
-1020
-270
533
879
1045
699
-10
-720
-1037
-629
-126
346
547
423
-88
-852
-1307
-1279
-804
-369
-3
181
28
-415
-1016
-1207
-959
-472
34
332
445
212
-222
-547
-545
-213
201
566
727
651
317
-30
-123
-5
264
440
573
648
523
306
99
128
322
501
661
751
745
563
372
431
736
1069
1182
1147
1087
1022
897
786
919
1272
1575
1536
1206
846
642
582
630
812
1001
991
634
152
-160
-226
-128
-14
108
173
34
-276
-581
-672
-502
-299
-133
-2
51
-29
-253
-442
-452
-356
-246
-130
-42
2
-179
-456
-681
-747
-774
-801
-839
-683
-199
20
-69
-829
-1360
-1281
-982
-534
-280
289
725
458
-464
-1232
-1172
-464
304
722
958
641
-115
-872
-1182
-763
-303
97
356
254
-279
-1113
-1582
-1406
-893
-474
-216
-139
-349
-873
-1403
-1419
-973
-434
-58
63
33
-260
-672
-848
-637
-164
241
422
397
182
-161
-408
-351
-33
313
485
438
274
18
-201
-230
7
388
604
649
502
365
219
173
505
867
1179
1096
857
794
775
919
1063
1263
1464
1451
1206
917
752
809
1013
1071
1122
1009
738
420
40
9
153
353
441
304
95
-190
-406
-449
-234
71
274
264
95
-96
-273
-265
-77
160
319
278
149
21
-110
-238
-311
-304
-260
-221
-389
-336
-31
187
124
-565
-929
-793
-459
-111
25
440
729
401
-354
-871
-705
-52
500
774
857
401
-284
-843
-883
-419
-131
79
159
-18
-567
-1280
-1547
-1297
-830
-518
-309
-320
-689
-1301
-1748
-1551
-1015
-501
-225
-195
-342
-749
-1104
-1103
-744
-292
-12
78
3
-260
-617
-803
-652
-259
64
143
32
-216
-477
-660
-603
-258
143
353
277
117
3
-17
103
347
693
878
838
711
645
724
857
986
1099
1207
1194
1079
932
879
923
917
913
863
789
661
469
335
230
182
185
198
175
93
-22
-123
-143
-103
8
120
203
248
196
129
66
110
251
367
430
393
325
254
107
-47
-136
-56
43
180
461
640
571
-78
-629
-602
-180
308
527
851
1036
677
-177
-782
-547
243
928
1136
1051
545
-200
-780
-799
-226
229
418
335
11
-555
-1206
-1419
-1110
-582
-254
-181
-296
-681
-1214
-1589
-1417
-880
-395
-161
-232
-446
-824
-1129
-1097
-761
-328
-73
-44
-198
-502
-846
-983
-814
-501
-249
-198
-300
-545
-895
-1101
-1027
-616
-176
7
-77
-336
-549
-588
-380
20
432
617
558
376
248
305
504
762
947
1016
958
785
588
492
562
694
752
697
562
403
189
-29
-135
-68
132
240
179
-11
-247
-385
-397
-263
-30
192
265
176
23
-26
50
127
223
294
419
462
350
253
179
221
195
352
722
1036
931
345
22
72
399
628
892
1344
1504
1052
200
-193
82
706
1152
1357
1280
718
4
-460
-283
139
395
540
495
178
-474
-1025
-1016
-600
-201
-8
31
-142
-588
-1091
-1189
-803
-316
-32
0
-125
-423
-800
-936
-683
-236
76
99
-65
-337
-648
-817
-723
-432
-225
-222
-398
-594
-799
-968
-1010
-908
-688
-559
-478
-505
-569
-693
-808
-682
-384
-20
141
85
-31
-83
-38
71
256
511
700
656
472
261
158
176
232
347
383
267
3
-312
-464
-417
-276
-186
-227
-354
-494
-608
-630
-578
-450
-291
-210
-153
-163
-207
-247
-249
-74
153
287
257
161
57
-41
-159
49
747
1394
1462
682
-10
-70
245
618
972
1613
2058
1686
667
-70
-12
591
1230
1691
1945
1511
569
-266
-414
46
472
814
1027
864
136
-761
-1107
-712
-99
314
530
516
136
-542
-1014
-835
-224
314
567
546
320
-137
-545
-585
-225
249
522
554
357
-54
-506
-686
-476
-82
147
107
-133
-484
-825
-1016
-922
-604
-317
-184
-269
-502
-774
-972
-879
-539
-132
105
54
-193
-445
-535
-422
-186
76
291
338
168
-126
-342
-361
-239
-72
47
46
-149
-489
-794
-890
-768
-585
-448
-434
-561
-781
-992
-1053
-918
-661
-427
-336
-400
-523
-619
-655
-560
-359
-109
5
-69
-224
-339
-255
99
616
895
728
229
-34
127
492
892
1283
1631
1590
1041
381
203
565
1161
1591
1689
1449
859
299
62
185
522
785
922
735
211
-349
-619
-471
-135
192
423
445
159
-261
-509
-387
-43
273
511
604
502
254
37
61
267
491
697
787
715
467
160
68
192
414
526
442
255
23
-165
-235
-153
-13
121
88
-37
-195
-333
-298
-187
19
182
191
74
-111
-218
-147
19
159
180
66
-64
-203
-323
-326
-267
-203
-275
-481
-666
-800
-872
-930
-969
-941
-903
-958
-1079
-1218
-1288
-1258
-1204
-1094
-991
-946
-973
-1080
-1122
-986
-831
-680
-704
-770
-805
-854
-606
-203
331
504
237
-188
-413
-252
118
619
1092
1409
1223
694
135
1
395
989
1533
1650
1316
665
78
-82
117
517
831
955
752
227
-350
-659
-538
-137
301
559
481
61
-462
-742
-564
-91
406
678
652
351
-70
-326
-228
174
595
843
834
625
311
25
10
277
659
891
821
577
271
45
-7
171
495
763
800
579
297
100
143
371
701
981
1015
777
436
269
388
670
878
953
845
603
311
101
129
256
336
242
17
-238
-502
-684
-717
-625
-547
-625
-837
-1045
-1179
-1215
-1184
-1076
-935
-885
-992
-1200
-1359
-1364
-1217
-1028
-870
-885
-1017
-1219
-1294
-1104
-739
-250
-58
-147
-509
-822
-825
-578
-39
520
906
803
251
-357
-549
-214
413
996
1187
956
317
-266
-453
-242
190
461
574
412
8
-463
-745
-639
-288
63
272
269
38
-312
-577
-506
-157
229
448
417
232
-23
-250
-278
-69
238
445
409
209
-1
-169
-193
-68
187
410
425
269
44
-89
-94
59
330
634
770
676
468
302
372
577
892
1153
1225
1107
853
722
777
964
1143
1224
1151
968
741
596
613
667
707
598
395
184
-1
-70
-58
-19
-24
-149
-331
-476
-558
-546
-501
-444
-402
-437
-521
-639
-740
-761
-721
-643
-600
-614
-753
-847
-850
-595
-230
-109
-189
-494
-618
-609
-438
-64
381
693
541
20
-450
-497
-196
309
702
778
440
-199
-585
-574
-254
59
173
157
-114
-543
-945
-1017
-733
-364
-125
-83
-220
-530
-839
-909
-607
-137
205
292
113
-166
-401
-448
-209
113
354
337
94
-188
-427
-496
-397
-194
13
56
-89
-351
-579
-666
-571
-358
-99
92
93
-9
-170
-183
-41
212
523
755
851
757
613
563
685
880
1046
1130
1081
942
745
620
632
725
786
718
558
333
136
39
105
240
273
155
-62
-211
-244
-207
-102
-19
15
-53
-199
-273
-262
-221
-193
-202
-190
-232
-312
-278
-100
240
361
232
-84
-279
-205
8
335
641
880
806
409
-62
-200
61
528
887
937
694
161
-295
-447
-270
50
195
212
22
-338
-747
-993
-874
-545
-243
-151
-270
-546
-812
-894
-694
-329
-55
45
-37
-212
-346
-381
-239
-14
150
175
60
-99
-256
-365
-353
-256
-166
-171
-304
-466
-609
-659
-614
-523
-425
-395
-417
-442
-450
-402
-310
-209
-90
17
126
213
246
278
334
425
496
520
512
485
426
377
383
412
402
274
111
-16
-66
-78
-104
-103
-109
-150
-224
-284
-274
-234
-182
-143
-101
-80
-105
-137
-151
-126
-80
-53
-30
-59
-114
-90
77
430
616
553
253
-14
-1
189
555
921
1171
1136
767
271
26
184
659
1165
1330
1090
526
55
-66
86
370
553
624
454
48
-361
-543
-397
-134
67
143
41
-215
-503
-601
-418
-129
61
99
32
-94
-231
-259
-102
130
235
166
-1
-159
-266
-286
-178
-40
-13
-162
-394
-546
-602
-576
-492
-396
-311
-340
-424
-513
-554
-515
-395
-202
-32
11
-52
-132
-156
-58
91
272
355
286
134
-2
-14
61
131
143
86
-40
-206
-376
-451
-442
-404
-359
-356
-399
-527
-658
-657
-516
-315
-178
-173
-265
-384
-444
-380
-237
-87
-35
-128
-318
-460
-368
-39
370
539
427
85
-187
-233
-42
394
836
1146
1080
663
157
-111
55
568
1104
1315
1076
529
76
-88
79
421
693
794
572
162
-221
-355
-162
135
370
441
315
42
-245
-336
-122
212
457
503
381
208
60
50
212
434
582
560
424
264
130
70
111
206
272
201
23
-146
-250
-269
-254
-203
-139
-140
-221
-317
-329
-265
-193
-149
-94
-48
-51
-71
-51
54
153
177
139
78
30
-10
-15
5
4
-87
-205
-298
-375
-471
-593
-658
-656
-639
-649
-707
-773
-831
-867
-841
-725
-563
-445
-445
-527
-604
-609
-523
-380
-259
-233
-359
-476
-419
-167
177
317
270
18
-236
-329
-214
176
572
840
788
436
3
-247
-97
366
834
997
775
294
-99
-223
-23
328
537
531
243
-107
-362
-393
-166
91
234
174
-8
-175
-294
-266
-93
153
340
346
237
125
106
207
388
567
664
626
506
401
389
489
617
670
625
475
325
220
215
294
348
333
230
137
116
156
210
242
246
230
193
188
227
294
352
385
416
410
349
270
211
215
246
252
231
126
-17
-157
-269
-310
-377
-454
-554
-643
-692
-759
-814
-860
-896
-890
-851
-781
-712
-715
-733
-733
-699
-636
-602
-580
-542
-579
-562
-456
-202
88
120
27
-185
-291
-261
-134
184
483
628
511
173
-117
-208
-43
341
647
684
424
7
-235
-289
-116
167
316
281
-32
-360
-522
-479
-249
-73
-17
-128
-366
-521
-559
-434
-260
-152
-107
-183
-294
-349
-295
-109
81
162
157
85
45
58
135
296
450
513
466
325
239
238
324
458
544
556
452
321
259
326
471
581
597
537
454
378
376
444
562
662
679
634
547
466
426
447
524
570
556
477
374
270
170
110
70
23
-52
-137
-188
-220
-288
-382
-468
-497
-483
-470
-468
-480
-505
-528
-558
-527
-487
-463
-441
-467
-454
-509
-482
-375
-185
11
37
10
-133
-252
-298
-196
96
390
559
477
175
-165
-284
-87
319
611
621
397
43
-187
-244
-65
183
277
203
-19
-235
-373
-408
-288
-159
-130
-228
-396
-490
-539
-521
-455
-406
-394
-469
-539
-540
-489
-400
-362
-357
-372
-393
-372
-320
-245
-176
-147
-130
-136
-147
-122
-67
22
83
105
127
128
155
209
282
364
380
390
394
404
423
432
478
523
552
567
545
505
442
403
430
479
524
515
469
397
296
216
184
203
244
229
177
93
-2
-53
-46
35
103
80
10
-83
-115
-85
-25
52
70
23
-59
-117
-102
-44
8
25
-13
-91
-137
-130
-65
-9
-8
-9
-42
-72
-124
-137
-83
1
99
156
147
57
-48
-66
42
183
258
244
171
101
48
68
156
222
203
86
-9
-58
-80
-83
-102
-111
-149
-224
-275
-307
-309
-341
-367
-360
-374
-406
-451
-451
-431
-420
-421
-426
-438
-469
-489
-488
-455
-418
-398
-398
-396
-386
-374
-330
-284
-237
-207
-186
-154
-137
-96
-41
18
86
138
183
194
179
178
201
252
293
313
312
281
246
222
240
257
251
217
179
186
207
222
215
180
143
125
138
196
237
261
262
235
229
227
260
302
318
337
345
340
326
310
318
311
284
251
216
195
176
141
109
84
63
47
15
0
-18
-35
-42
-41
-22
2
23
8
-40
-70
-67
-15
75
161
196
161
83
-2
-14
86
201
258
224
111
-8
-79
-47
30
85
77
-4
-99
-151
-151
-132
-128
-132
-142
-185
-229
-261
-279
-291
-322
-345
-365
-377
-385
-403
-410
-422
-427
-434
-443
-445
-441
-432
-417
-416
-412
-409
-398
-364
-334
-291
-264
-274
-291
-289
-243
-186
-149
-116
-104
-115
-139
-147
-117
-89
-66
-35
-6
20
32
44
74
114
162
198
220
235
256
307
365
390
385
368
368
406
450
492
506
496
468
428
406
383
367
347
313
287
250
213
167
114
78
61
68
77
70
37
-7
-31
-18
21
57
70
73
88
118
162
211
244
251
233
235
274
335
375
355
306
260
253
276
301
300
263
200
150
127
120
122
101
70
28
-2
-12
-37
-69
-111
-151
-172
-197
-221
-254
-293
-315
-331
-339
-345
-361
-381
-411
-435
-439
-450
-456
-473
-476
-470
-469
-450
-429
-418
-429
-447
-427
-380
-334
-307
-309
-319
-340
-353
-338
-309
-271
-245
-231
-225
-236
-233
-214
-171
-121
-98
-86
-86
-78
-46
-7
45
80
85
80
71
101
159
216
253
251
225
195
172
184
205
215
215
194
169
129
91
71
62
69
91
111
102
63
21
10
30
74
131
175
199
197
191
195
215
252
303
363
405
423
413
380
353
354
408
476
507
477
403
345
327
348
393
419
405
345
271
234
239
259
266
249
214
155
92
55
55
74
75
45
-2
-49
-74
-79
-82
-90
-105
-132
-171
-215
-238
-237
-224
-209
-208
-226
-262
-305
-325
-316
-282
-250
-244
-273
-331
-380
-386
-345
-291
-274
-299
-343
-378
-381
-358
-316
-286
-279
-292
-307
-295
-261
-214
-174
-159
-158
-169
-171
-152
-107
-48
-11
-9
-26
-46
-53
-57
-48
-26
-8
-9
-37
-75
-114
-140
-143
-119
-89
-78
-101
-149
-196
-215
-192
-143
-96
-69
-65
-74
-78
-64
-28
18
60
88
105
117
136
159
183
208
230
253
273
287
290
289
293
303
319
338
346
342
328
317
320
333
350
363
359
331
291
266
269
289
303
291
259
228
203
192
191
192
183
149
111
84
75
80
89
98
89
56
15
-15
-13
12
43
53
27
-30
-85
-114
-106
-72
-40
-36
-72
-124
-166
-169
-135
-92
-66
-79
-124
-170
-176
-137
-75
-31
-25
-51
-91
-118
-117
-83
-32
9
17
-24
-88
-145
-165
-147
-114
-89
-100
-151
-223
-284
-308
-292
-257
-239
-252
-293
-343
-377
-381
-357
-326
-301
-288
-281
-277
-277
-266
-240
-201
-168
-149
-131
-114
-93
-80
-78
-75
-62
-30
3
21
15
1
-3
11
37
59
71
64
50
47
69
105
131
136
130
128
126
127
147
177
206
212
202
193
189
194
204
219
229
223
202
174
157
156
172
199
211
198
162
127
124
142
167
181
174
150
117
98
103
121
135
129
114
96
83
83
93
108
113
105
86
72
82
109
135
151
158
158
145
130
129
151
183
209
223
207
166
123
100
112
139
149
123
63
-8
-58
-75
-65
-57
-77
-126
-188
-239
-261
-255
-242
-248
-272
-295
-308
-310
-305
-290
-268
-251
-241
-243
-250
-246
-226
-197
-170
-157
-159
-172
-181
-181
-165
-150
-143
-145
-153
-165
-178
-189
-194
-190
-185
-190
-200
-204
-197
-187
-175
-162
-147
-134
-131
-128
-120
-105
-85
-63
-48
-38
-30
-22
-14
-2
13
30
45
66
85
92
90
97
116
138
155
162
159
155
151
153
155
162
169
164
153
144
144
155
165
171
169
160
150
145
149
162
176
187
192
193
192
194
195
202
221
246
271
283
276
260
251
260
282
303
304
286
259
226
196
180
178
180
162
121
75
39
19
9
5
3
-13
-46
-84
-104
-103
-90
-81
-80
-89
-105
-118
-117
-107
-96
-92
-95
-100
-108
-114
-118
-120
-128
-141
-153
-165
-177
-191
-207
-222
-234
-243
-256
-271
-282
-287
-287
-288
-289
-293
-299
-305
-306
-299
-288
-278
-272
-265
-263
-258
-252
-240
-223
-204
-185
-172
-167
-163
-154
-142
-124
-103
-81
-63
-54
-53
-57
-51
-38
-16
10
24
25
14
9
18
40
62
71
72
68
65
71
83
103
118
133
146
157
164
167
175
189
214
246
268
273
267
264
276
301
328
347
351
341
327
324
331
342
345
335
321
300
281
273
275
280
272
254
232
213
200
194
195
194
186
167
147
135
136
142
144
135
115
93
78
68
60
52
42
26
6
-18
-40
-64
-88
-104
-113
-123
-143
-168
-192
-216
-231
-239
-238
-238
-247
-265
-284
-296
-300
-298
-290
-281
-276
-281
-295
-306
-309
-296
-277
-256
-245
-250
-263
-273
-268
-246
-217
-192
-186
-194
-209
-214
-201
-171
-145
-134
-143
-159
-165
-155
-135
-114
-104
-109
-121
-130
-127
-117
-102
-90
-80
-74
-73
-75
-74
-66
-49
-25
-1
17
24
25
32
47
66
82
96
114
131
140
143
142
147
162
181
196
200
195
192
201
222
245
257
256
249
246
260
284
307
318
311
297
291
298
313
327
335
330
317
301
290
288
286
277
260
237
212
190
171
153
134
110
82
52
28
9
-3
-18
-33
-49
-65
-81
-96
-109
-119
-125
-129
-133
-139
-146
-155
-166
-176
-181
-175
-162
-149
-150
-162
-178
-185
-176
-155
-134
-125
-128
-137
-145
-145
-137
-121
-104
-97
-100
-112
-120
-118
-108
-100
-97
-95
-99
-103
-108
-115
-122
-126
-127
-126
-121
-122
-131
-141
-148
-149
-142
-131
-122
-120
-122
-126
-126
-121
-112
-105
-102
-102
-103
-103
-102
-98
-91
-84
-82
-79
-74
-63
-51
-38
-27
-15
-1
14
32
53
74
93
107
117
133
153
176
196
212
220
222
226
236
253
271
280
276
263
251
245
246
246
240
227
207
187
172
161
153
139
121
107
99
97
89
72
52
37
31
29
26
23
14
-2
-19
-33
-36
-32
-27
-26
-32
-40
-47
-48
-43
-33
-23
-18
-17
-18
-16
-8
1
10
14
14
14
14
19
25
30
30
24
19
15
13
11
8
2
-4
-7
-12
-18
-30
-45
-56
-58
-58
-60
-74
-90
-106
-115
-118
-119
-121
-128
-141
-155
-167
-173
-175
-177
-183
-190
-201
-211
-216
-212
-205
-197
-194
-193
-194
-195
-184
-162
-136
-114
-105
-102
-97
-84
-63
-33
-3
18
23
23
26
39
60
85
107
115
109
99
93
101
115
126
127
120
109
96
90
95
105
110
105
95
83
74
74
78
80
79
73
68
65
60
55
48
46
50
55
57
52
38
23
21
35
56
71
74
65
49
37
44
69
99
115
112
94
78
76
93
117
134
134
119
100
90
92
101
109
109
100
84
68
59
57
59
60
58
47
31
16
8
4
4
1
-7
-20
-37
-54
-67
-74
-77
-84
-94
-108
-126
-141
-150
-154
-153
-157
-163
-172
-181
-185
-185
-177
-166
-159
-159
-163
-165
-161
-150
-134
-117
-106
-102
-103
-102
-98
-87
-69
-51
-41
-40
-46
-53
-57
-52
-43
-33
-26
-31
-40
-48
-47
-38
-25
-12
-7
-9
-15
-19
-14
-5
4
9
8
7
4
2
5
11
19
27
30
27
21
16
21
32
47
57
58
58
57
62
73
89
104
113
116
118
123
135
145
156
160
159
160
164
169
174
174
170
162
157
155
156
158
154
142
128
118
114
114
114
113
107
93
82
71
67
65
62
54
44
32
22
11
1
-10
-16
-19
-25
-31
-42
-54
-69
-80
-82
-77
-75
-80
-89
-102
-111
-112
-104
-94
-88
-89
-95
-101
-104
-98
-88
-78
-75
-76
-79
-84
-91
-90
-85
-82
-83
-91
-100
-108
-118
-122
-116
-113
-110
-113
-122
-131
-137
-136
-126
-116
-112
-118
-124
-129
-129
-128
-118
-104
-98
-101
-107
-112
-109
-102
-92
-79
-69
-62
-61
-62
-56
-47
-28
-8
3
13
15
16
20
31
53
74
87
89
88
93
104
119
136
149
152
151
149
153
168
182
192
192
186
181
179
184
189
194
193
187
179
169
163
162
164
161
156
145
131
117
106
102
101
100
96
85
73
63
56
53
53
55
45
34
22
18
20
24
28
27
24
14
9
6
7
10
10
9
8
6
-2
-7
-13
-19
-23
-23
-27
-35
-53
-67
-79
-88
-91
-100
-97
-110
-67
-12
-46
-107
-169
-217
-267
-233
-139
-63
-4
-14
-121
-272
-355
-365
-262
-108
-6
4
-77
-177
-290
-344
-297
-169
-51
5
6
-71
-177
-242
-236
-165
-85
-7
12
-23
-36
-84
-124
-130
-105
-80
-76
-44
-26
5
31
30
-15
-72
-104
-98
-24
51
111
141
123
64
-6
-21
11
78
142
193
204
163
113
72
57
67
111
173
201
190
144
92
62
57
86
133
176
185
160
119
80
63
75
116
157
178
174
152
134
124
119
134
163
192
188
168
149
128
115
123
141
143
130
106
78
54
39
39
42
39
30
11
-4
-12
-22
-25
-21
-24
-38
-57
-62
-64
-62
-58
-54
-59
-81
-89
-93
-91
-79
-68
-63
-72
-83
-92
-97
-98
-87
-80
-80
-81
-87
-98
-110
-118
-117
-116
-113
-110
-109
-110
-122
-135
-141
-148
-154
-147
-141
-143
-147
-150
-155
-161
-159
-148
-132
-126
-118
-119
-124
-121
-111
-90
-76
-68
-66
-64
-60
-49
-34
-23
-12
-7
-8
-2
10
25
35
43
48
52
56
57
60
68
73
79
88
97
96
102
111
116
116
122
132
138
141
143
147
150
155
157
158
162
163
159
152
152
143
131
123
128
129
127
124
106
86
78
80
75
71
66
57
48
42
41
37
38
40
33
24
18
16
12
19
34
41
30
20
19
16
15
21
29
31
32
23
6
-1
2
7
3
-4
-4
-5
-15
-26
-42
-56
-57
-48
-48
-52
-64
-80
-93
-106
-116
-126
-130
-123
-118
-119
-123
-135
-149
-166
-169
-160
-155
-148
-139
-136
-146
-157
-164
-163
-149
-132
-118
-121
-131
-124
-108
-97
-85
-72
-66
-62
-57
-57
-50
-28
-7
4
9
9
5
3
12
34
49
54
62
61
53
54
68
75
80
84
80
73
72
73
67
68
81
84
73
59
54
51
45
54
62
59
52
44
41
28
21
38
56
61
58
46
27
10
10
20
41
68
86
77
56
41
25
20
39
78
109
118
114
92
75
70
70
79
100
111
105
100
89
72
69
75
78
67
52
44
43
46
32
26
30
14
-9
-24
-26
-39
-47
-51
-53
-59
-77
-95
-113
-120
-124
-119
-104
-119
-132
-146
-156
-156
-160
-145
-118
-103
-121
-134
-151
-162
-144
-123
-98
-88
-78
-85
-112
-108
-89
-73
-56
-39
-37
-43
-50
-46
-42
-28
1
9
4
10
5
-1
4
7
5
8
20
27
22
13
9
5
11
9
1
9
13
4
-5
-7
-4
15
34
49
44
24
12
-2
2
22
51
72
85
87
52
21
18
37
67
98
117
98
81
92
88
97
130
149
138
129
139
122
119
154
185
181
160
131
104
99
108
126
131
142
132
86
61
52
43
38
65
91
74
51
36
22
8
3
14
20
20
10
-1
-7
-33
-44
-50
-50
-53
-73
-73
-78
-99
-111
-106
-99
-101
-111
-123
-128
-138
-139
-123
-105
-89
-94
-109
-127
-130
-117
-99
-65
-43
-42
-67
-97
-100
-97
-70
-29
-7
-18
-50
-77
-103
-109
-85
-59
-44
-48
-67
-104
-133
-128
-113
-104
-91
-72
-83
-103
-119
-112
-92
-68
-42
-38
-41
-45
-52
-42
-16
7
24
23
21
21
19
22
35
46
54
57
48
48
51
57
61
65
69
60
68
83
85
85
98
102
98
100
109
122
134
139
136
141
141
135
133
141
139
135
141
144
133
113
109
113
106
88
91
98
87
79
62
58
53
52
53
52
56
48
30
22
20
6
15
39
45
25
6
-2
-20
-24
-9
1
5
0
-20
-40
-31
-30
-53
-50
-35
-39
-50
-53
-57
-64
-70
-76
-77
-71
-62
-71
-77
-79
-105
-116
-104
-83
-81
-88
-80
-100
-130
-141
-134
-108
-80
-77
-92
-114
-131
-144
-143
-95
-66
-68
-85
-100
-107
-130
-117
-79
-57
-46
-45
-61
-83
-95
-93
-77
-46
-20
-27
-32
-40
-55
-61
-47
-19
-8
2
10
2
-14
-22
-12
18
47
53
42
35
24
12
19
60
92
95
85
65
38
24
46
76
111
125
108
73
37
27
33
72
120
137
114
82
60
44
39
64
104
133
131
107
81
53
57
79
107
128
121
102
75
64
62
70
86
107
103
72
40
19
32
47
64
74
52
34
14
-4
-14
-1
16
25
26
19
9
-13
-16
-19
-28
-18
1
7
8
11
-7
-37
-52
-41
-34
-23
-2
-8
-26
-45
-63
-70
-60
-37
-29
-39
-61
-64
-73
-77
-67
-67
-70
-72
-66
-77
-88
-82
-70
-77
-79
-65
-76
-84
-74
-68
-66
-61
-42
-39
-48
-47
-52
-60
-49
-40
-35
-26
-18
-17
-34
-42
-27
-24
-27
-14
-9
-24
-22
-6
2
-2
-1
-3
-20
-28
-23
-9
12
35
41
10
-18
-22
-15
2
44
76
63
44
30
7
-4
22
65
87
90
81
58
23
15
33
51
74
93
83
55
39
34
30
40
59
72
68
56
47
35
26
36
48
46
42
47
47
37
32
34
36
36
35
37
35
28
28
35
38
33
29
17
6
6
8
17
18
19
14
0
-13
-17
-19
-24
-13
3
-3
-25
-36
-38
-50
-47
-32
-18
-26
-44
-52
-65
-71
-55
-47
-52
-38
-32
-60
-80
-67
-65
-79
-67
-45
-50
-57
-51
-60
-81
-81
-75
-77
-65
-44
-48
-62
-62
-67
-78
-76
-62
-50
-42
-42
-41
-48
-63
-52
-33
-31
-27
-18
-24
-31
-26
-13
-7
2
11
-2
-16
-12
2
13
28
45
39
22
12
6
8
30
58
68
62
55
40
26
31
49
63
74
79
73
57
47
52
60
70
80
88
82
64
58
63
65
71
82
84
79
73
67
62
64
62
61
67
69
69
65
56
54
50
40
39
42
42
45
41
29
16
10
4
2
7
12
12
2
-10
-21
-31
-32
-22
-15
-16
-18
-28
-48
-61
-57
-51
-50
-46
-44
-54
-67
-69
-68
-75
-77
-68
-65
-70
-72
-67
-67
-74
-74
-73
-79
-82
-77
-73
-68
-64
-66
-73
-79
-80
-80
-73
-57
-47
-53
-62
-62
-67
-71
-57
-41
-34
-31
-32
-37
-46
-42
-27
-13
-3
-1
-5
-8
-10
-10
-1
18
36
39
27
15
15
23
30
43
59
62
56
47
46
50
58
73
83
87
84
75
70
75
86
92
96
103
100
86
79
86
95
102
111
110
98
90
85
79
86
100
101
93
85
75
57
55
63
65
71
71
65
54
42
27
21
29
36
36
35
26
12
0
-8
-6
0
4
4
-3
-14
-25
-33
-40
-41
-35
-33
-36
-41
-52
-66
-72
-71
-61
-58
-64
-69
-78
-87
-88
-86
-85
-80
-78
-82
-92
-104
-109
-107
-99
-87
-81
-88
-98
-111
-122
-121
-109
-92
-81
-79
-88
-102
-111
-107
-96
-82
-68
-63
-65
-76
-80
-81
-73
-56
-41
-34
-33
-34
-38
-45
-36
-19
-4
3
6
3
-2
-4
1
9
25
37
41
42
41
36
32
42
55
66
75
78
73
68
70
73
80
90
92
86
87
93
97
102
102
98
93
89
90
93
99
105
109
102
95
90
84
83
81
85
92
95
89
79
69
60
57
58
64
67
65
58
49
41
35
29
25
24
27
26
25
22
11
-1
-8
-10
-8
-5
-5
-10
-15
-22
-30
-33
-35
-38
-37
-40
-43
-44
-47
-52
-60
-68
-72
-73
-76
-73
-73
-75
-80
-85
-89
-88
-86
-83
-80
-79
-83
-81
-82
-82
-80
-80
-80
-76
-73
-73
-72
-67
-63
-59
-58
-61
-65
-66
-62
-54
-47
-40
-41
-48
-53
-54
-49
-37
-26
-20
-18
-22
-25
-26
-22
-13
-4
7
13
14
9
6
6
12
24
34
39
41
37
31
26
24
29
39
49
55
58
52
44
42
40
45
55
61
67
68
62
56
52
51
56
65
73
77
72
64
57
55
55
60
64
65
60
54
50
47
47
49
51
50
48
42
37
38
40
41
38
36
30
24
22
21
23
25
22
20
16
7
0
0
-1
1
4
4
2
-6
-13
-18
-21
-19
-14
-13
-16
-18
-24
-31
-35
-35
-34
-30
-26
-24
-27
-35
-41
-43
-44
-42
-37
-34
-34
-39
-44
-46
-46
-44
-39
-36
-35
-36
-38
-39
-40
-38
-37
-35
-35
-33
-31
-32
-32
-33
-32
-32
-29
-25
-24
-24
-26
-25
-23
-20
-19
-15
-14
-16
-14
-13
-11
-11
-10
-9
-7
-4
-2
-2
0
5
5
4
5
4
7
9
13
13
15
11
10
10
12
16
22
26
26
23
18
16
18
22
27
33
34
31
27
23
22
25
30
34
36
34
32
29
28
28
30
33
36
36
35
34
29
25
24
26
30
31
30
27
22
19
19
21
24
28
27
24
19
14
12
14
17
18
15
11
4
-2
-5
-6
-2
2
4
1
-6
-15
-21
-20
-16
-13
-10
-14
-21
-31
-38
-40
-37
-34
-31
-31
-37
-42
-48
-51
-49
-47
-44
-43
-44
-47
-50
-51
-51
-50
-49
-47
-46
-45
-46
-46
-46
-45
-45
-41
-37
-34
-33
-32
-32
-31
-30
-28
-26
-23
-22
-23
-22
-19
-15
-9
-7
-9
-10
-10
-7
0
8
11
13
12
10
9
11
13
19
25
28
29
28
27
26
26
28
33
38
43
43
40
37
36
37
41
46
51
50
46
45
41
41
45
50
52
53
49
45
42
41
42
45
46
46
42
36
32
31
32
35
37
36
32
28
23
22
26
27
27
26
22
16
13
9
8
10
9
7
3
-2
-7
-8
-8
-7
-8
-10
-14
-20
-23
-25
-26
-27
-27
-28
-31
-35
-38
-39
-38
-37
-36
-37
-39
-39
-40
-43
-42
-43
-40
-39
-39
-41
-46
-49
-49
-46
-43
-41
-37
-39
-39
-42
-43
-41
-38
-33
-31
-31
-33
-33
-32
-32
-30
-27
-21
-19
-18
-19
-20
-20
-17
-11
-7
-5
0
0
0
2
6
9
14
16
17
18
18
21
24
27
30
32
34
35
37
39
41
45
49
50
49
49
49
50
52
53
55
54
53
50
50
49
50
53
53
53
53
50
47
46
45
44
45
42
40
37
33
30
25
23
21
20
17
15
11
9
6
4
2
1
-1
-3
-6
-7
-11
-13
-14
-15
-16
-17
-21
-22
-24
-25
-25
-27
-27
-26
-28
-32
-32
-34
-36
-35
-35
-37
-36
-39
-41
-41
-41
-42
-42
-44
-44
-45
-48
-51
-52
-52
-54
-54
-54
-56
-57
-57
-57
-58
-57
-55
-54
-54
-53
-54
-54
-52
-49
-47
-45
-42
-42
-43
-42
-40
-35
-30
-26
-24
-21
-21
-18
-16
-12
-5
0
4
6
8
10
14
17
22
28
31
34
34
36
37
40
43
45
46
48
49
49
52
52
53
55
55
55
54
54
54
54
54
54
53
51
49
47
47
47
47
47
44
44
41
39
38
38
37
37
36
36
34
33
32
30
29
30
29
29
27
25
24
22
21
20
20
20
18
15
14
11
12
10
7
6
3
0
-1
-4
-5
-7
-9
-11
-13
-16
-17
-20
-20
-21
-24
-24
-26
-29
-31
-32
-33
-34
-36
-37
-39
-39
-40
-40
-43
-42
-43
-43
-43
-43
-42
-42
-42
-44
-44
-43
-42
-42
-40
-38
-38
-38
-39
-37
-35
-33
-31
-30
-31
-30
-28
-26
-23
-21
-21
-21
-21
-19
-16
-14
-11
-10
-9
-8
-6
-8
-4
-1
1
3
5
5
6
7
9
9
11
14
14
14
15
18
17
19
18
20
21
24
26
27
28
29
28
29
30
32
31
33
35
35
34
33
32
32
33
34
35
36
37
35
33
33
32
31
33
33
31
30
28
27
25
25
25
26
25
24
22
21
18
18
19
17
16
14
10
9
8
5
4
4
3
2
1
0
-1
-2
-4
-7
-7
-8
-10
-11
-14
-15
-16
-17
-19
-22
-23
-23
-22
-22
-24
-25
-26
-27
-29
-30
-29
-31
-31
-32
-33
-33
-32
-33
-32
-31
-31
-31
-30
-29
-30
-28
-27
-26
-26
-28
-28
-27
-26
-24
-23
-23
-23
-23
-21
-21
-18
-17
-17
-15
-14
-14
-12
-12
-10
-8
-8
-4
-3
-3
-2
1
3
5
5
6
8
10
13
13
15
17
18
18
20
20
21
22
22
23
23
25
27
27
28
27
28
29
31
32
32
31
32
31
31
31
30
29
29
28
27
27
26
26
25
25
23
22
22
21
20
17
16
15
13
12
11
8
7
6
5
3
0
0
-3
-3
-4
-6
-8
-9
-11
-12
-13
-14
-16
-17
-20
-22
-22
-24
-25
-26
-27
-28
-29
-29
-30
-31
-31
-32
-33
-34
-35
-35
-35
-35
-38
-38
-38
-38
-36
-35
-36
-35
-32
-32
-29
-30
-31
-30
-30
-28
-26
-25
-25
-23
-22
-21
-19
-16
-13
-12
-10
-7
-4
-1
-1
2
4
4
6
9
11
13
14
16
17
19
23
25
25
28
30
31
31
32
34
34
34
35
35
36
37
38
38
38
38
39
40
43
43
42
42
41
41
41
41
41
40
39
39
39
38
36
36
35
35
33
33
33
31
29
27
24
23
19
19
16
13
12
9
8
6
4
2
1
-2
-4
-6
-7
-9
-11
-13
-16
-18
-20
-22
-24
-26
-29
-31
-32
-33
-35
-36
-37
-38
-40
-42
-42
-43
-43
-45
-46
-47
-48
-48
-47
-48
-48
-48
-49
-47
-47
-46
-45
-44
-45
-44
-41
-40
-38
-37
-36
-36
-33
-31
-30
-28
-25
-24
-21
-19
-18
-14
-12
-8
-6
-5
-2
1
4
6
7
10
13
14
16
18
19
20
23
26
27
28
29
31
34
34
37
38
40
41
41
41
42
41
41
43
41
41
43
41
42
41
40
40
40
39
40
39
38
38
36
36
36
34
33
31
30
28
27
25
23
23
21
19
19
18
18
17
16
13
12
12
9
8
7
5
2
0
-1
-3
-5
-5
-7
-9
-11
-9
-11
-11
-12
-14
-15
-17
-19
-20
-22
-23
-24
-27
-26
-28
-30
-31
-31
-31
-32
-32
-32
-32
-32
-33
-34
-33
-33
-33
-34
-35
-35
-35
-35
-35
-35
-35
-35
-34
-33
-31
-30
-30
-29
-27
-27
-26
-23
-23
-23
-22
-20
-19
-19
-19
-17
-14
-13
-13
-12
-10
-7
-6
-6
-2
-1
0
1
2
3
4
5
5
6
7
7
7
9
12
13
13
14
14
15
16
17
18
17
17
17
17
18
20
19
18
19
19
18
19
21
19
20
21
22
23
23
23
21
22
22
21
21
21
21
21
20
20
19
21
21
20
21
22
22
21
21
21
21
20
19
19
19
18
17
17
17
16
15
13
14
13
11
10
10
9
7
5
3
0
1
-2
-5
-7
-8
-8
-10
-11
-12
-13
-16
-17
-18
-18
-19
-21
-21
-21
-21
-22
-22
-23
-23
-24
-23
-23
-23
-22
-22
-23
-23
-23
-23
-23
-22
-21
-20
-20
-19
-19
-17
-17
-17
-16
-14
-14
-14
-12
-10
-9
-10
-9
-7
-7
-7
-7
-5
-5
-4
-3
-4
-2
-2
-1
-2
-1
-1
0
0
1
2
3
2
3
2
4
3
3
3
3
3
6
6
6
6
6
6
6
7
8
9
8
9
9
10
10
8
10
11
10
11
12
13
14
14
14
14
14
14
13
15
16
15
15
14
14
13
14
13
13
13
13
12
11
12
11
12
10
8
8
7
7
7
6
7
4
4
3
4
4
2
2
2
2
2
0
0
-2
-3
-4
-5
-5
-4
-4
-6
-5
-6
-6
-7
-7
-7
-8
-8
-10
-10
-11
-10
-10
-10
-9
-9
-9
-10
-11
-10
-9
-10
-9
-9
-10
-10
-10
-10
-9
-8
-7
-7
-6
-7
-6
-5
-4
-5
-4
-4
-4
-3
-4
-4
-2
-2
-1
-1
-2
-1
-1
-1
1
2
2
2
1
2
2
1
2
3
2
3
4
3
2
3
3
3
2
2
2
1
1
0
1
2
3
4
3
2
2
3
2
3
3
3
3
3
4
4
3
5
4
5
6
7
6
5
5
6
7
6
5
5
5
6
5
5
4
5
4
3
3
3
3
2
2
2
0
0
0
0
-1
-1
-2
-3
-3
-3
-4
-2
-3
-4
-6
-8
-7
-6
-8
-9
-9
-10
-10
-8
-8
-8
-11
-11
-10
-10
-8
-8
-7
-7
-10
-9
-9
-10
-6
-8
-7
-6
-6
-5
-5
-5
-6
-6
-5
-4
-3
-3
-3
-3
-2
-2
-2
-1
0
0
0
-1
0
1
1
2
2
3
3
3
3
4
5
4
4
4
6
5
7
7
7
6
6
7
8
9
9
8
9
8
10
10
11
10
11
10
10
12
11
11
11
12
11
13
14
13
14
13
12
13
11
13
11
12
13
13
12
