-1
0
-1
0
-1
0
0
-1
0
-1
0
-1
-1
0
0
-1
0
0
1
1
0
0
0
0
0
0
0
0
0
0
0
0
-1
-2
-1
-1
-1
-1
-1
-1
-1
-2
-1
0
-1
-1
-1
-1
-1
0
0
-1
0
0
-1
0
0
1
1
0
1
2
2
3
1
2
3
3
3
3
3
4
3
3
4
4
5
5
5
6
6
5
6
6
6
6
6
6
5
4
3
3
2
2
2
2
0
-1
-3
-3
-3
-4
-4
-5
-6
-7
-7
-6
-5
-6
-6
-6
-4
-3
-3
-2
-2
-1
0
1
2
3
3
3
5
5
5
6
8
8
7
8
7
7
7
6
7
7
7
7
7
5
5
5
5
5
4
4
3
2
3
2
2
1
2
1
0
0
1
0
-2
-1
-3
-3
-3
-5
-5
-5
-6
-6
-7
-7
-8
-8
-9
-11
-12
-14
-13
-15
-17
-17
-19
-19
-21
-22
-21
-22
-24
-26
-26
-27
-29
-29
-32
-32
-34
-36
-38
-39
-41
-44
-46
-48
-51
-52
-56
-58
-60
-63
-64
-65
-62
-61
-56
-51
-47
-39
-30
-21
-12
-6
6
16
27
37
46
57
68
81
89
97
105
107
111
111
110
107
99
94
85
78
68
61
54
43
36
26
18
10
1
-6
-16
-21
-29
-30
-34
-34
-30
-25
-15
-10
-2
8
16
22
26
33
40
49
56
64
72
80
88
93
98
100
100
99
94
88
81
77
73
68
66
64
65
65
63
59
57
53
48
41
36
31
26
23
20
16
15
12
8
3
-5
-12
-20
-31
-42
-50
-61
-72
-83
-94
-100
-109
-118
-125
-137
-145
-155
-162
-168
-174
-176
-179
-178
-177
-177
-175
-173
-171
-169
-167
-167
-171
-171
-173
-170
-161
-150
-125
-106
-81
-57
-41
-21
-15
-2
8
21
36
47
68
82
103
116
131
145
148
155
150
146
134
116
108
92
83
70
63
57
45
35
21
9
-8
-25
-40
-52
-60
-69
-73
-77
-80
-81
-81
-78
-77
-72
-71
-65
-62
-61
-54
-47
-31
-18
3
28
48
74
91
114
127
135
148
152
164
173
186
200
208
221
226
238
241
242
238
226
215
195
180
166
151
142
132
127
119
111
99
87
72
56
43
30
20
10
-1
-9
-20
-27
-35
-43
-51
-60
-67
-77
-86
-94
-102
-109
-114
-117
-121
-121
-129
-134
-139
-145
-151
-159
-163
-163
-160
-155
-151
-145
-143
-139
-138
-141
-144
-153
-160
-176
-191
-197
-198
-181
-157
-130
-99
-77
-62
-57
-62
-59
-58
-50
-32
-12
13
37
62
86
105
122
132
135
130
122
108
95
86
76
71
66
60
53
42
31
16
-1
-20
-37
-56
-68
-76
-82
-86
-90
-93
-96
-98
-100
-97
-98
-98
-97
-96
-90
-83
-71
-55
-40
-18
0
23
49
73
100
117
141
156
172
188
199
221
236
256
269
281
294
298
303
298
294
286
273
262
243
232
218
203
185
166
149
129
112
94
77
59
41
26
7
-2
-12
-24
-35
-51
-65
-79
-93
-104
-111
-120
-126
-132
-138
-142
-148
-153
-159
-166
-168
-173
-175
-181
-183
-186
-186
-183
-181
-177
-170
-167
-165
-165
-167
-168
-170
-174
-183
-195
-211
-225
-231
-223
-195
-162
-122
-93
-78
-76
-93
-99
-97
-78
-44
-15
20
46
68
86
101
120
132
136
129
118
108
98
93
88
85
74
64
49
28
6
-16
-34
-50
-65
-76
-81
-81
-85
-87
-96
-106
-118
-128
-131
-128
-119
-109
-98
-90
-76
-61
-42
-24
-12
8
26
39
65
95
132
172
198
228
250
265
279
287
303
319
327
333
344
356
370
378
377
372
356
337
320
293
272
250
226
206
181
160
147
131
112
92
70
51
34
18
8
-3
-11
-22
-38
-52
-71
-87
-99
-115
-128
-135
-140
-141
-147
-156
-154
-163
-173
-183
-190
-192
-200
-211
-218
-220
-222
-216
-208
-200
-194
-194
-192
-199
-215
-230
-243
-262
-281
-310
-330
-324
-306
-261
-218
-185
-157
-148
-152
-181
-214
-211
-166
-111
-63
-24
18
62
82
87
98
107
115
112
97
88
86
96
112
114
98
79
55
32
2
-29
-41
-47
-54
-53
-55
-51
-51
-63
-78
-100
-120
-128
-129
-121
-104
-90
-69
-57
-53
-42
-26
-10
3
13
32
56
87
128
177
218
248
272
286
299
305
321
354
383
408
424
441
461
469
475
474
460
436
406
381
362
344
332
322
307
282
253
224
198
163
129
104
83
65
52
47
44
31
9
-16
-47
-86
-116
-139
-157
-171
-182
-184
-185
-188
-193
-199
-209
-226
-247
-262
-272
-283
-287
-282
-274
-262
-255
-247
-238
-238
-239
-249
-265
-283
-298
-304
-314
-323
-344
-356
-364
-352
-311
-265
-224
-211
-209
-220
-254
-292
-295
-241
-157
-88
-50
-19
7
23
29
36
51
70
75
77
66
59
74
97
113
99
65
33
9
-17
-37
-40
-32
-23
-29
-39
-45
-51
-58
-79
-109
-136
-148
-144
-128
-108
-81
-57
-46
-47
-50
-41
-24
-2
14
37
64
99
155
205
261
289
314
336
346
362
382
428
472
506
525
546
567
575
575
561
546
518
486
462
444
436
429
414
386
335
284
237
198
158
121
100
78
58
37
25
13
-11
-43
-81
-122
-163
-194
-207
-212
-215
-216
-213
-212
-219
-233
-246
-253
-270
-283
-287
-281
-265
-253
-236
-216
-204
-196
-197
-203
-201
-211
-217
-228
-234
-230
-229
-231
-240
-259
-287
-329
-375
-381
-357
-299
-263
-250
-245
-269
-296
-351
-374
-351
-282
-197
-151
-131
-131
-111
-80
-59
-45
-29
5
31
27
13
21
60
93
97
79
59
45
34
27
18
29
48
59
56
39
34
38
26
1
-36
-53
-41
-25
-9
6
23
38
36
20
14
20
38
57
64
81
99
142
196
248
289
310
333
350
372
380
396
433
471
513
531
545
557
557
552
535
513
491
470
453
434
415
394
366
327
281
234
193
162
133
102
75
56
42
26
3
-20
-50
-91
-140
-188
-222
-231
-223
-210
-203
-203
-208
-227
-249
-275
-290
-287
-283
-276
-270
-251
-239
-232
-227
-225
-218
-225
-230
-230
-225
-213
-211
-211
-219
-225
-227
-241
-261
-287
-314
-339
-375
-404
-407
-385
-341
-328
-324
-335
-352
-363
-397
-409
-389
-330
-262
-212
-184
-153
-113
-79
-58
-47
-32
-4
21
30
40
61
100
134
149
154
156
156
153
140
130
134
143
151
154
146
143
138
123
106
84
76
79
83
86
89
96
105
103
91
79
77
83
93
100
111
132
150
186
214
250
279
290
314
318
330
338
364
401
431
452
453
457
447
443
444
439
431
406
389
372
358
350
333
318
288
248
205
166
142
121
114
103
88
56
16
-17
-64
-104
-140
-162
-178
-196
-211
-218
-230
-254
-279
-299
-311
-320
-326
-320
-317
-318
-315
-318
-314
-309
-293
-277
-262
-259
-258
-252
-243
-231
-227
-221
-220
-226
-237
-251
-266
-280
-289
-298
-315
-338
-364
-384
-398
-403
-387
-369
-361
-367
-381
-389
-401
-409
-398
-356
-302
-252
-222
-201
-183
-160
-131
-102
-74
-45
-12
22
55
81
120
166
207
223
223
217
217
218
218
232
253
277
299
308
307
305
298
285
257
227
214
214
227
246
266
280
282
263
234
208
186
176
177
190
208
228
252
275
284
282
274
272
264
255
257
270
303
322
336
349
364
380
378
360
339
323
312
309
310
319
331
331
315
283
249
226
206
181
153
130
110
82
47
13
-13
-33
-60
-99
-140
-193
-230
-268
-293
-306
-320
-317
-323
-332
-349
-367
-384
-393
-401
-396
-391
-388
-380
-376
-360
-346
-334
-324
-322
-314
-312
-305
-304
-306
-306
-305
-304
-307
-314
-312
-317
-324
-337
-354
-365
-381
-396
-405
-397
-387
-369
-358
-348
-336
-338
-341
-353
-350
-325
-288
-242
-201
-164
-127
-91
-64
-38
-6
30
66
92
118
145
172
208
244
273
295
306
316
322
325
330
348
360
373
385
392
400
393
381
371
363
364
370
373
380
379
375
363
343
327
317
315
316
316
310
304
297
287
272
252
240
233
233
237
238
243
246
245
238
224
210
209
209
213
220
225
230
227
222
210
198
183
171
151
130
117
103
98
80
70
53
27
2
-47
-74
-109
-129
-145
-180
-189
-216
-229
-248
-267
-282
-301
-313
-324
-333
-348
-348
-355
-345
-347
-349
-343
-351
-350
-353
-355
-346
-339
-328
-317
-313
-310
-316
-321
-325
-332
-331
-327
-331
-332
-337
-333
-337
-339
-344
-355
-362
-374
-375
-367
-352
-338
-320
-313
-302
-299
-295
-276
-256
-224
-197
-169
-144
-122
-91
-64
-30
5
39
79
102
127
149
168
200
220
250
273
288
302
311
322
333
347
362
375
380
383
384
389
391
393
400
408
418
426
428
427
426
421
419
407
397
387
377
366
350
334
321
307
298
288
280
274
258
241
212
195
177
164
163
155
157
154
148
137
124
119
106
101
84
75
65
55
57
40
44
30
20
8
-17
-26
-50
-59
-77
-98
-107
-126
-134
-151
-156
-169
-175
-186
-204
-214
-228
-237
-241
-234
-246
-235
-244
-244
-254
-268
-270
-285
-279
-289
-286
-282
-285
-276
-287
-279
-293
-301
-306
-327
-322
-340
-337
-335
-335
-330
-329
-326
-339
-348
-361
-377
-384
-389
-383
-370
-355
-332
-312
-288
-278
-266
-254
-254
-243
-236
-203
-160
-114
-66
-33
7
35
56
72
90
116
142
173
197
222
256
282
312
324
333
339
339
341
338
344
361
379
399
415
428
435
439
434
425
422
414
416
413
407
410
407
412
400
388
372
349
328
299
279
268
253
243
229
218
206
188
176
148
134
111
95
79
64
57
52
55
47
40
23
15
3
-16
-26
-38
-43
-44
-53
-51
-62
-69
-76
-94
-104
-120
-131
-135
-138
-144
-138
-138
-136
-146
-149
-157
-166
-169
-186
-175
-181
-173
-162
-166
-169
-183
-192
-204
-215
-224
-221
-223
-217
-219
-226
-222
-231
-232
-241
-254
-257
-277
-286
-290
-296
-292
-286
-283
-288
-289
-296
-297
-312
-326
-333
-342
-343
-342
-325
-306
-274
-241
-218
-198
-189
-186
-185
-179
-166
-138
-96
-45
2
47
86
110
133
141
153
171
187
212
239
266
295
320
342
351
352
348
343
340
340
350
365
384
397
407
411
406
398
389
378
370
367
365
368
368
358
347
337
314
294
270
246
233
219
202
184
169
147
129
107
83
64
49
36
23
2
-11
-7
-19
-27
-46
-53
-52
-69
-82
-92
-84
-76
-73
-80
-86
-89
-92
-88
-98
-100
-99
-102
-97
-110
-111
-109
-103
-103
-120
-121
-116
-118
-118
-121
-123
-125
-132
-146
-168
-174
-173
-172
-171
-178
-181
-179
-180
-198
-218
-227
-218
-221
-228
-222
-220
-218
-227
-241
-259
-272
-268
-261
-260
-258
-258
-270
-282
-293
-304
-302
-298
-298
-308
-320
-315
-298
-260
-208
-162
-134
-131
-145
-156
-161
-143
-73
21
111
178
197
191
181
172
186
211
264
327
375
412
418
422
426
420
404
374
356
358
376
399
418
440
440
422
380
325
291
271
278
282
286
289
287
277
251
213
179
161
138
117
104
97
100
100
83
63
34
7
-8
-23
-24
-14
16
34
41
22
2
-9
-33
-42
-43
-11
33
58
70
56
34
4
-24
-37
-29
-2
18
32
12
-12
-32
-59
-80
-106
-113
-110
-115
-126
-138
-145
-158
-177
-192
-217
-234
-252
-252
-243
-254
-250
-255
-256
-268
-294
-296
-307
-313
-303
-294
-290
-286
-283
-294
-302
-316
-313
-315
-313
-301
-298
-300
-314
-317
-328
-336
-346
-368
-375
-393
-394
-339
-253
-113
-68
-100
-147
-204
-204
-207
-138
28
249
410
425
323
198
167
189
255
352
464
597
645
600
515
431
412
398
373
350
359
410
448
465
429
388
328
240
165
104
120
183
234
254
208
149
98
48
16
10
34
74
106
102
91
78
67
63
34
17
17
53
112
153
172
174
164
161
155
145
187
245
292
303
268
257
249
235
221
212
232
250
245
208
175
144
120
92
43
15
-16
-26
-43
-90
-132
-171
-211
-256
-293
-302
-297
-305
-330
-360
-399
-437
-466
-479
-471
-470
-467
-461
-473
-487
-504
-502
-494
-501
-503
-501
-493
-486
-476
-464
-451
-446
-475
-499
-520
-525
-509
-507
-494
-520
-527
-592
-609
-462
-227
55
11
-147
-297
-341
-295
-307
-113
288
768
922
648
225
-19
63
256
479
710
939
1098
951
598
265
163
290
402
442
452
508
532
417
220
41
-4
12
17
37
75
190
247
164
-18
-200
-233
-162
-64
35
127
191
187
85
-45
-82
-36
86
217
284
325
340
344
332
281
248
270
341
436
498
539
554
558
522
465
415
402
453
494
514
490
462
445
391
330
275
255
231
179
140
122
118
81
0
-91
-169
-213
-245
-250
-251
-261
-287
-365
-453
-530
-568
-566
-566
-554
-557
-581
-620
-678
-713
-740
-763
-766
-760
-736
-715
-700
-677
-672
-672
-684
-694
-699
-715
-718
-682
-641
-632
-732
-740
-494
-135
148
-21
-300
-441
-397
-281
-244
56
618
1135
1071
485
-115
-273
48
425
749
1017
1181
1115
643
88
-194
-79
252
477
565
547
451
211
-116
-355
-403
-256
-104
-8
51
48
25
-107
-323
-489
-496
-289
-12
196
279
222
71
-99
-209
-165
50
317
553
639
565
423
291
251
304
397
511
649
746
787
741
616
505
426
411
487
632
822
930
857
653
430
290
274
361
543
753
819
706
443
179
63
60
144
251
333
337
209
-23
-238
-349
-370
-354
-348
-317
-301
-357
-478
-639
-752
-805
-820
-795
-742
-678
-666
-736
-871
-1012
-1079
-1015
-865
-709
-648
-671
-741
-848
-968
-1049
-1007
-825
-705
-660
-513
-256
65
-37
-421
-662
-607
-311
-156
57
522
1064
1139
531
-267
-591
-188
443
940
1187
1206
998
382
-326
-682
-456
144
607
709
498
118
-335
-729
-913
-796
-402
-22
150
70
-202
-445
-635
-739
-721
-554
-208
172
363
306
59
-205
-334
-323
-130
228
593
848
824
545
250
78
156
425
716
921
975
899
749
569
439
420
587
817
1029
1105
1011
881
664
519
475
572
815
1011
1135
1086
877
579
319
260
422
697
864
835
600
271
-29
-260
-312
-202
-9
121
43
-159
-422
-658
-822
-884
-787
-625
-494
-469
-558
-735
-941
-1094
-1113
-999
-833
-672
-577
-593
-746
-944
-1097
-1099
-988
-891
-799
-843
-721
-443
-172
-84
-442
-711
-756
-585
-383
-218
222
810
1120
722
-89
-694
-640
-44
586
1051
1191
1002
490
-238
-721
-725
-291
253
548
479
102
-413
-858
-1056
-972
-668
-276
-32
-4
-224
-562
-812
-915
-824
-583
-236
123
328
259
-48
-390
-540
-387
-36
359
665
757
649
349
39
-94
30
397
788
1012
988
779
509
305
247
358
664
978
1162
1163
1005
838
633
513
599
880
1224
1383
1320
1136
915
730
639
664
805
968
1033
960
729
425
175
39
51
135
164
95
-65
-223
-344
-451
-548
-577
-536
-477
-465
-516
-553
-597
-635
-696
-734
-694
-622
-514
-465
-489
-585
-713
-783
-785
-783
-755
-876
-864
-510
-76
255
-192
-765
-1012
-877
-549
-444
-30
669
1186
820
-241
-1098
-1078
-317
420
929
1089
921
368
-552
-1152
-1132
-524
178
511
426
6
-594
-1188
-1484
-1360
-884
-317
-12
-35
-334
-770
-1069
-1206
-1086
-754
-298
150
322
130
-287
-672
-796
-580
-145
355
675
629
353
-25
-282
-296
-137
231
592
749
646
386
191
101
133
266
553
871
1015
952
726
597
537
563
735
1031
1410
1555
1371
1023
781
775
931
1114
1286
1404
1284
944
524
282
315
447
566
574
446
200
-110
-343
-384
-293
-177
-121
-155
-252
-399
-554
-593
-504
-352
-233
-225
-220
-251
-329
-444
-514
-454
-340
-283
-281
-350
-541
-631
-426
109
482
248
-337
-712
-653
-434
-218
184
890
1319
905
-196
-1098
-1028
-236
594
993
990
674
32
-761
-1262
-1108
-498
110
303
53
-454
-1047
-1472
-1573
-1331
-858
-420
-256
-436
-836
-1192
-1333
-1275
-1077
-739
-292
88
128
-243
-762
-1087
-976
-527
15
413
484
247
-211
-599
-705
-487
-84
271
457
334
19
-312
-417
-227
91
446
652
742
629
391
223
200
432
730
1010
1184
1228
1159
970
793
731
887
1132
1324
1367
1215
952
600
373
369
559
745
690
465
191
-22
-149
-201
-110
21
50
-67
-232
-293
-266
-214
-160
-106
-75
-62
-95
-101
-56
-3
58
53
16
-94
-224
-357
-320
70
602
956
694
97
-353
-424
-227
8
469
1176
1690
1412
343
-750
-1001
-324
644
1323
1433
1056
309
-606
-1193
-1164
-556
185
564
401
-200
-966
-1525
-1666
-1380
-855
-362
-109
-216
-646
-1167
-1499
-1488
-1165
-735
-292
21
86
-186
-722
-1167
-1229
-812
-175
293
390
88
-394
-859
-1100
-968
-558
-52
216
80
-373
-841
-979
-774
-391
-54
165
231
121
-76
-201
-84
154
402
612
749
846
805
724
683
705
791
857
923
970
971
867
655
438
331
346
378
339
240
104
-30
-147
-204
-177
-158
-203
-292
-354
-344
-272
-199
-108
-75
-69
-87
-114
-96
-26
96
234
301
250
141
-53
-124
114
633
1141
1123
665
234
110
213
324
604
1212
1825
1797
1001
-4
-396
-8
677
1244
1458
1312
761
-69
-712
-825
-425
162
538
521
80
-624
-1249
-1453
-1170
-638
-170
8
-122
-503
-950
-1217
-1177
-827
-394
-38
119
26
-249
-598
-811
-777
-454
-21
299
307
-8
-415
-737
-828
-728
-494
-212
-79
-196
-561
-949
-1104
-980
-670
-370
-185
-159
-337
-585
-685
-520
-185
107
261
333
310
184
82
154
455
758
851
724
498
328
228
220
304
408
400
204
-63
-224
-245
-245
-303
-326
-250
-188
-283
-519
-673
-613
-425
-273
-209
-167
-153
-208
-261
-267
-131
41
156
156
22
-188
-293
73
768
1399
1315
686
176
24
204
408
911
1745
2365
2120
1022
-20
-270
308
1097
1737
2014
1789
1036
-29
-694
-681
-103
572
947
892
363
-457
-1172
-1369
-1034
-410
164
439
312
-219
-867
-1251
-1161
-671
-63
448
665
482
-28
-603
-861
-654
-109
480
796
699
236
-332
-698
-721
-443
-77
196
215
-65
-514
-917
-997
-777
-420
-152
-109
-219
-491
-751
-809
-581
-199
44
78
8
-68
-176
-252
-173
110
420
506
368
120
-62
-137
-116
12
146
172
-31
-371
-627
-684
-585
-464
-376
-336
-422
-672
-960
-1058
-886
-602
-395
-332
-355
-472
-619
-710
-605
-330
-44
83
-40
-308
-510
-281
346
976
1095
641
188
71
257
514
895
1559
2096
1969
1115
223
20
529
1235
1729
1898
1683
1089
287
-259
-247
171
635
848
741
344
-248
-784
-987
-785
-344
96
345
307
-45
-567
-928
-906
-511
34
497
720
607
201
-273
-481
-280
213
707
956
891
547
105
-213
-252
-27
290
519
525
276
-144
-508
-604
-393
-65
131
138
18
-153
-327
-455
-414
-186
93
258
229
63
-141
-291
-292
-126
108
260
225
24
-231
-451
-529
-442
-286
-213
-361
-657
-919
-1023
-962
-838
-746
-731
-819
-998
-1180
-1260
-1173
-955
-715
-573
-588
-717
-839
-883
-832
-705
-515
-331
-252
-362
-421
-206
225
536
371
34
-85
142
445
618
859
1248
1519
1283
675
226
362
893
1380
1608
1494
1159
636
180
34
208
538
742
721
472
87
-325
-598
-612
-386
-52
182
204
5
-308
-530
-553
-379
-122
115
290
341
237
45
-82
-30
193
469
695
764
647
423
236
208
327
488
606
607
503
329
142
64
120
301
465
509
461
348
231
148
166
326
535
648
611
486
344
255
237
334
475
524
431
229
28
-121
-216
-222
-176
-166
-295
-573
-868
-1039
-1056
-951
-817
-778
-879
-1140
-1387
-1500
-1433
-1221
-1008
-862
-878
-1010
-1148
-1209
-1145
-1020
-882
-753
-685
-713
-746
-608
-268
41
55
-151
-312
-261
-85
137
461
894
1189
1028
515
69
105
538
1025
1305
1272
1002
559
153
-39
44
293
536
614
432
52
-377
-602
-562
-325
-45
119
114
-86
-384
-604
-619
-429
-170
47
174
170
16
-214
-360
-283
2
327
559
571
394
162
-4
15
191
433
614
634
493
288
130
132
273
486
696
738
653
481
395
451
576
785
962
1063
978
793
650
656
794
938
1019
961
832
625
444
337
310
376
378
296
68
-240
-518
-692
-675
-530
-375
-385
-611
-912
-1139
-1217
-1168
-1043
-856
-711
-699
-878
-1140
-1275
-1216
-993
-819
-743
-765
-864
-853
-663
-264
11
-82
-397
-596
-504
-285
11
403
852
959
524
-133
-442
-87
527
1021
1161
964
515
-79
-432
-355
44
394
497
366
43
-415
-867
-996
-705
-204
139
158
-59
-412
-751
-911
-731
-272
132
257
100
-194
-453
-633
-630
-366
48
395
436
147
-258
-545
-534
-274
83
350
395
218
-79
-327
-383
-200
131
471
661
619
437
229
167
309
582
917
1120
1136
1017
858
778
811
947
1132
1267
1272
1148
927
728
613
599
664
697
636
420
102
-174
-289
-231
-101
-39
-129
-355
-617
-761
-733
-595
-457
-415
-464
-588
-722
-826
-823
-680
-493
-401
-538
-775
-927
-724
-222
297
452
121
-357
-662
-576
-211
319
883
1195
1004
304
-425
-618
-118
687
1260
1334
907
233
-416
-704
-554
-92
401
580
359
-217
-827
-1173
-1128
-746
-275
69
110
-184
-662
-1025
-1036
-695
-232
98
182
11
-302
-622
-779
-678
-353
39
259
180
-153
-533
-719
-609
-315
-48
23
-97
-306
-521
-624
-564
-338
-54
139
171
73
-85
-152
-62
177
482
686
766
701
581
513
549
713
910
1052
1089
1024
873
719
610
590
660
733
750
617
359
75
-113
-147
-65
54
107
10
-216
-450
-560
-492
-352
-240
-209
-249
-333
-470
-545
-491
-362
-265
-296
-375
-451
-468
-276
109
472
489
136
-181
-211
17
300
601
985
1232
1060
467
-88
-150
316
939
1346
1336
916
305
-213
-370
-182
181
472
494
218
-289
-768
-986
-872
-517
-152
55
-16
-353
-778
-997
-863
-474
-84
100
54
-184
-495
-718
-728
-482
-148
89
123
-91
-420
-706
-758
-522
-192
-7
-91
-356
-630
-820
-845
-653
-325
-67
-17
-173
-353
-428
-347
-119
124
334
426
391
315
251
286
386
521
678
793
803
696
542
439
442
478
507
487
429
325
147
-37
-166
-185
-133
-82
-102
-238
-409
-514
-492
-382
-292
-273
-344
-433
-497
-486
-431
-366
-342
-404
-459
-504
-436
-230
120
454
470
162
-219
-272
7
435
844
1187
1362
1124
573
68
82
597
1246
1647
1601
1179
538
39
-86
199
632
913
884
490
-91
-590
-722
-474
-82
213
285
139
-193
-587
-805
-671
-254
171
352
232
-90
-432
-614
-552
-298
-15
140
108
-85
-358
-571
-615
-466
-244
-110
-147
-342
-577
-770
-824
-691
-429
-198
-175
-328
-502
-558
-478
-282
-37
148
188
93
9
17
122
249
352
411
425
409
362
323
304
326
361
354
280
151
41
-31
-62
-76
-112
-160
-230
-303
-409
-529
-600
-564
-434
-369
-425
-560
-679
-716
-668
-575
-473
-453
-551
-681
-831
-767
-427
98
468
333
-114
-507
-516
-177
314
818
1215
1277
909
318
-74
89
629
1256
1631
1575
1135
474
34
27
388
826
1059
991
608
49
-404
-483
-172
273
535
542
338
32
-254
-379
-216
148
491
631
512
222
-82
-238
-127
154
393
456
308
57
-190
-333
-252
-33
153
139
-80
-334
-521
-602
-562
-407
-212
-127
-239
-420
-513
-465
-306
-139
33
109
28
-119
-177
-9
234
375
344
225
129
113
186
296
366
318
188
55
-9
-17
-23
-44
-91
-138
-225
-342
-442
-476
-446
-449
-499
-550
-564
-583
-632
-692
-685
-674
-673
-678
-679
-678
-776
-880
-954
-847
-557
-159
123
29
-335
-690
-673
-357
85
500
815
903
587
87
-228
-54
460
975
1263
1176
776
235
-82
-22
315
637
775
686
341
-99
-435
-416
-105
233
403
357
201
4
-163
-165
44
351
551
552
433
298
185
149
230
411
567
565
418
215
80
64
171
331
420
340
120
-106
-213
-185
-93
3
71
48
-78
-280
-394
-272
11
315
397
287
62
-128
-128
67
407
644
644
420
131
-35
19
266
520
606
454
201
-33
-143
-116
-12
117
114
-22
-248
-434
-488
-439
-348
-293
-304
-371
-477
-605
-667
-649
-561
-516
-531
-568
-641
-729
-859
-893
-874
-785
-622
-362
-100
-157
-473
-816
-780
-460
-96
188
405
547
367
-39
-366
-260
184
636
882
833
567
137
-178
-208
53
367
478
360
38
-318
-560
-545
-308
-44
55
-10
-136
-231
-273
-239
-80
131
272
276
187
126
108
159
256
361
433
403
331
252
216
226
297
390
429
332
146
7
-19
54
139
203
203
115
-35
-162
-166
-51
134
290
401
389
258
92
37
177
392
593
652
593
454
334
309
367
478
565
593
546
441
321
219
167
151
158
130
78
-14
-109
-181
-260
-305
-316
-295
-301
-366
-429
-473
-477
-470
-482
-520
-601
-682
-707
-670
-622
-608
-708
-777
-725
-450
-181
-151
-303
-494
-530
-500
-333
24
469
682
435
-56
-386
-308
90
595
944
934
503
-105
-425
-322
80
397
464
272
-151
-576
-808
-674
-316
-36
30
-94
-302
-495
-617
-518
-242
37
136
26
-141
-250
-260
-154
29
210
275
193
74
15
38
108
180
247
263
192
84
2
13
64
110
134
134
119
69
7
-14
50
202
315
338
269
202
185
212
320
456
561
563
518
488
474
483
530
643
734
740
658
567
507
454
401
343
326
304
275
202
110
27
-59
-132
-205
-245
-243
-244
-273
-326
-378
-427
-509
-599
-603
-551
-476
-476
-560
-701
-855
-804
-529
-108
87
-34
-350
-618
-641
-458
-55
369
637
551
186
-204
-354
-127
318
756
872
623
174
-192
-269
-113
203
430
425
116
-337
-643
-666
-438
-151
4
-42
-260
-524
-669
-618
-388
-170
-103
-206
-377
-502
-509
-396
-208
-60
-33
-112
-194
-211
-176
-128
-51
42
98
65
-26
-76
-65
-15
43
115
161
124
26
-45
-24
53
120
165
175
198
182
150
121
163
285
376
422
406
389
391
441
558
678
720
658
587
578
612
623
584
553
519
492
451
410
356
271
177
108
76
47
-6
-79
-139
-181
-203
-215
-219
-233
-283
-351
-404
-395
-343
-288
-262
-288
-338
-415
-377
-246
-31
80
22
-114
-281
-332
-280
-51
251
444
415
165
-133
-296
-194
133
512
662
480
93
-246
-314
-154
153
376
366
93
-283
-500
-493
-305
-84
48
13
-212
-491
-641
-594
-410
-257
-226
-320
-477
-590
-603
-516
-365
-278
-299
-399
-473
-452
-394
-327
-278
-245
-227
-242
-238
-205
-171
-164
-186
-176
-134
-84
-39
-15
-14
-25
-46
-17
36
106
187
250
265
227
193
231
344
485
594
629
586
510
475
509
582
656
697
668
588
497
465
476
488
470
423
352
238
116
49
64
110
119
84
16
-61
-130
-167
-162
-126
-80
-33
9
12
-38
-95
-98
-23
81
151
156
113
42
-37
-73
-17
119
218
224
104
-30
-103
-124
-81
-2
94
121
49
-59
-118
-121
-91
-55
11
90
107
28
-100
-168
-141
-60
37
103
105
5
-154
-258
-247
-140
-43
-29
-83
-197
-311
-358
-318
-203
-133
-143
-239
-365
-439
-427
-325
-216
-180
-226
-339
-450
-500
-469
-379
-300
-285
-321
-401
-470
-484
-448
-375
-332
-304
-287
-283
-281
-283
-240
-156
-62
8
34
41
62
114
189
258
299
314
314
337
386
443
482
469
419
381
401
451
466
421
360
317
303
295
285
264
225
186
158
154
146
128
119
119
137
150
170
189
182
155
122
118
159
216
254
231
159
112
115
155
189
208
224
199
141
80
62
100
137
148
135
123
100
62
35
41
60
57
41
19
-2
-27
-43
-47
-45
-61
-93
-116
-111
-107
-131
-184
-224
-235
-214
-177
-154
-153
-174
-206
-242
-258
-242
-202
-155
-121
-113
-141
-197
-234
-220
-173
-132
-130
-160
-203
-255
-276
-253
-198
-172
-205
-263
-301
-293
-254
-213
-186
-171
-165
-159
-155
-149
-140
-116
-78
-49
-38
-47
-72
-89
-83
-48
-8
9
-7
-55
-92
-101
-68
-24
-4
-20
-57
-80
-84
-71
-59
-47
-36
-19
-8
2
5
7
31
74
139
186
199
185
160
156
189
262
338
358
306
233
198
228
300
366
400
380
332
275
229
228
265
327
354
332
281
237
213
205
216
237
255
250
222
192
175
160
141
124
129
146
137
92
37
-4
-19
-30
-22
-18
-26
-64
-108
-126
-120
-100
-95
-97
-109
-123
-132
-123
-106
-95
-106
-129
-148
-152
-135
-119
-110
-125
-153
-176
-181
-169
-167
-175
-179
-175
-171
-178
-191
-203
-205
-191
-171
-149
-140
-163
-196
-215
-196
-161
-145
-146
-159
-173
-189
-198
-181
-154
-138
-146
-169
-182
-173
-146
-119
-123
-144
-166
-169
-150
-122
-93
-82
-98
-121
-129
-104
-58
-26
-16
-30
-45
-41
-20
15
44
51
40
10
-7
-2
25
58
79
93
99
93
80
83
107
143
167
181
187
185
182
196
231
271
288
280
263
269
292
331
354
350
324
304
307
311
304
286
270
256
239
221
217
209
192
153
122
119
135
162
161
133
91
66
78
108
121
108
79
59
53
61
86
96
86
51
18
11
25
44
52
46
31
10
-12
-20
-22
-16
-16
-20
-31
-58
-84
-103
-100
-94
-92
-108
-144
-191
-233
-246
-229
-204
-202
-228
-275
-317
-339
-324
-284
-257
-270
-318
-364
-380
-361
-317
-279
-276
-304
-344
-353
-326
-291
-269
-264
-254
-229
-208
-201
-206
-212
-210
-194
-166
-138
-131
-145
-168
-168
-141
-97
-63
-48
-50
-64
-79
-78
-41
7
39
49
54
68
81
80
86
115
160
198
206
203
201
213
240
272
292
294
273
240
216
216
245
270
266
231
186
157
153
169
189
200
181
144
108
94
105
127
150
166
171
163
146
133
133
153
187
218
233
232
223
221
229
243
262
279
296
302
296
280
261
250
257
271
281
277
257
222
179
147
140
149
146
112
56
7
-24
-39
-53
-74
-106
-148
-192
-224
-240
-240
-241
-255
-286
-324
-347
-352
-345
-340
-345
-365
-388
-402
-395
-371
-342
-333
-344
-366
-381
-381
-365
-333
-304
-294
-314
-343
-352
-337
-308
-278
-255
-252
-271
-300
-306
-276
-224
-176
-152
-153
-169
-174
-149
-100
-52
-27
-22
-19
-4
21
54
93
126
137
125
115
127
158
186
201
202
192
176
159
161
183
207
213
195
163
132
113
114
133
162
176
167
135
99
83
97
129
156
166
159
145
139
152
174
199
215
223
229
233
239
248
259
268
273
281
294
303
301
291
283
285
293
298
290
267
239
214
203
198
197
188
158
108
57
28
32
54
59
25
-33
-88
-112
-103
-82
-73
-85
-114
-147
-171
-174
-163
-150
-142
-148
-164
-188
-212
-227
-217
-196
-178
-183
-212
-251
-282
-290
-273
-243
-221
-231
-276
-327
-348
-329
-287
-246
-226
-240
-279
-319
-327
-292
-236
-189
-171
-184
-211
-225
-210
-166
-119
-92
-83
-90
-101
-108
-98
-63
-18
22
30
7
-24
-34
-11
31
64
70
54
27
13
20
43
71
85
79
56
28
26
55
99
134
140
120
93
80
96
144
194
217
204
179
168
177
203
246
290
305
287
256
245
264
297
327
345
341
312
268
236
231
245
255
248
222
187
149
120
104
98
91
78
56
36
19
2
-15
-31
-39
-41
-41
-45
-56
-67
-76
-78
-77
-74
-67
-66
-73
-81
-83
-78
-72
-70
-76
-86
-97
-102
-94
-88
-90
-104
-122
-132
-128
-114
-99
-97
-118
-148
-168
-164
-142
-121
-113
-121
-139
-158
-166
-159
-144
-133
-134
-142
-148
-153
-156
-155
-147
-129
-115
-114
-122
-126
-125
-122
-118
-111
-103
-95
-93
-97
-99
-97
-92
-87
-86
-86
-89
-90
-83
-68
-57
-54
-56
-57
-44
-20
3
14
18
23
35
51
76
110
138
156
167
181
198
217
237
256
277
296
308
308
293
278
270
274
281
280
269
252
229
204
180
164
153
144
137
125
110
82
57
43
42
45
42
27
7
-11
-19
-19
-16
-15
-20
-30
-44
-53
-56
-53
-47
-48
-58
-69
-73
-68
-62
-67
-84
-97
-97
-85
-71
-60
-61
-74
-90
-92
-76
-65
-62
-64
-62
-56
-59
-67
-72
-69
-64
-59
-55
-55
-56
-62
-71
-74
-73
-73
-74
-74
-68
-59
-59
-73
-90
-101
-98
-87
-81
-80
-88
-107
-129
-140
-135
-120
-106
-103
-115
-132
-149
-152
-140
-116
-95
-94
-110
-123
-121
-102
-77
-53
-38
-33
-31
-23
-1
23
43
59
74
92
111
129
139
140
141
149
166
182
188
184
177
170
164
162
161
158
149
147
150
155
153
145
134
124
123
128
138
143
139
128
114
110
114
124
129
124
106
90
84
85
87
83
74
65
53
41
27
16
10
11
10
-1
-18
-35
-43
-43
-35
-27
-27
-38
-52
-60
-54
-38
-27
-27
-33
-42
-47
-44
-34
-23
-19
-24
-36
-50
-57
-56
-49
-44
-45
-51
-62
-73
-79
-81
-78
-79
-86
-98
-110
-121
-128
-128
-126
-125
-132
-143
-152
-158
-159
-157
-151
-149
-152
-157
-162
-163
-157
-142
-129
-126
-133
-139
-136
-120
-98
-77
-64
-65
-72
-73
-59
-35
-13
-1
1
-6
-11
-9
8
31
47
46
32
18
14
26
45
60
61
53
44
39
47
62
77
83
84
83
83
86
92
103
116
124
121
117
119
126
132
132
133
138
144
143
138
136
137
137
136
133
129
124
116
114
114
111
107
101
99
94
88
87
88
91
88
81
80
83
86
82
78
74
73
71
69
66
57
49
45
44
42
38
33
26
19
11
6
0
-8
-15
-22
-28
-36
-44
-50
-56
-65
-73
-79
-85
-90
-93
-99
-101
-105
-112
-119
-125
-123
-119
-120
-128
-138
-144
-144
-138
-131
-129
-130
-138
-150
-157
-155
-141
-126
-116
-124
-140
-151
-149
-132
-113
-105
-110
-124
-138
-139
-126
-106
-91
-89
-98
-110
-113
-109
-96
-80
-70
-66
-65
-64
-63
-57
-46
-31
-15
-7
-5
-7
-6
1
21
42
51
49
46
51
66
82
92
93
85
79
82
97
112
118
113
103
97
102
115
125
125
118
113
117
132
147
155
154
150
147
152
162
171
174
169
161
159
160
163
165
162
156
148
141
139
138
132
124
116
108
101
98
95
93
85
73
60
50
45
45
46
43
33
18
8
6
12
18
17
5
-12
-26
-30
-24
-18
-20
-30
-45
-60
-66
-67
-64
-67
-76
-87
-99
-110
-115
-115
-116
-119
-127
-137
-147
-154
-157
-158
-159
-164
-169
-176
-180
-182
-181
-180
-179
-177
-174
-172
-171
-172
-173
-169
-157
-145
-136
-135
-140
-143
-135
-122
-107
-99
-99
-102
-102
-95
-86
-74
-66
-63
-61
-59
-57
-51
-44
-37
-30
-22
-15
-11
-8
-2
8
22
35
47
56
63
71
79
91
105
122
134
140
145
147
155
164
174
183
188
188
187
187
186
184
184
184
186
183
178
171
164
159
155
152
147
141
134
125
120
117
109
103
98
96
93
87
77
68
61
57
57
57
53
44
32
22
19
19
21
18
8
-4
-13
-17
-18
-19
-24
-28
-33
-40
-49
-54
-54
-53
-56
-62
-68
-74
-80
-81
-83
-82
-83
-85
-89
-92
-94
-96
-99
-100
-100
-98
-99
-101
-106
-110
-113
-113
-112
-115
-116
-117
-118
-119
-121
-122
-125
-127
-129
-127
-124
-123
-125
-128
-133
-133
-128
-121
-115
-111
-109
-107
-104
-97
-84
-69
-59
-53
-48
-40
-28
-14
2
15
25
32
38
47
60
72
81
87
93
97
101
108
112
117
122
129
132
134
132
130
129
133
140
145
142
132
122
121
124
133
138
136
123
110
100
101
112
119
119
109
95
84
81
85
91
92
88
77
65
56
54
56
59
58
55
46
35
24
20
24
30
31
24
12
1
-6
-9
-3
1
1
-7
-20
-33
-36
-35
-31
-28
-29
-38
-51
-65
-71
-70
-65
-62
-66
-75
-92
-105
-111
-109
-100
-95
-100
-118
-136
-148
-147
-138
-128
-126
-137
-154
-166
-169
-160
-146
-137
-139
-148
-157
-157
-150
-135
-122
-116
-117
-119
-117
-108
-95
-84
-75
-69
-65
-57
-47
-40
-30
-19
-9
4
13
21
23
30
38
53
65
75
79
78
81
86
97
106
112
113
111
112
115
121
127
127
124
119
119
122
123
124
119
113
110
110
111
112
109
105
99
95
93
93
91
89
88
84
79
75
71
70
69
69
68
66
64
62
60
59
59
59
60
57
56
54
51
50
49
49
48
44
39
33
29
25
24
22
19
13
7
1
-6
-11
-16
-22
-29
-34
-40
-49
-59
-71
-82
-87
-93
-97
-106
-117
-128
-136
-139
-139
-140
-144
-152
-162
-165
-162
-157
-155
-156
-160
-164
-166
-163
-155
-147
-142
-139
-137
-134
-128
-119
-106
-95
-86
-81
-75
-68
-60
-48
-38
-29
-24
-19
-16
-9
-3
3
10
18
26
30
38
44
47
50
53
61
68
73
71
65
63
68
77
81
84
81
75
72
75
79
84
84
82
80
81
81
81
79
78
77
77
75
71
63
58
58
62
67
71
72
69
65
61
63
71
78
80
78
77
75
75
76
78
80
80
79
79
78
79
80
81
78
76
73
71
69
64
61
57
53
48
40
29
18
11
6
4
2
-7
-19
-28
-39
-44
-44
-45
-47
-58
-70
-79
-87
-93
-96
-96
-101
-106
-113
-119
-122
-121
-118
-113
-106
-111
-115
-120
-119
-109
-102
-102
-102
-104
-111
-110
-105
-94
-84
-82
-84
-90
-94
-90
-86
-68
-67
-61
-70
-45
66
57
-26
-115
-160
-180
-163
-45
59
194
268
176
-48
-253
-330
-275
-69
156
303
318
228
24
-220
-338
-294
-79
161
340
356
193
-4
-172
-224
-154
15
203
295
272
145
-7
-101
-108
-15
127
233
258
199
86
-21
-63
-27
60
150
205
199
136
66
14
-12
21
84
148
185
170
133
88
57
41
46
60
69
80
81
80
61
50
38
33
40
27
11
0
7
24
34
40
26
-1
-33
-45
-44
-28
-1
25
25
-8
-44
-69
-75
-60
-31
-5
-7
-36
-73
-94
-102
-94
-62
-28
-18
-36
-74
-112
-138
-134
-107
-69
-33
-24
-48
-91
-127
-149
-150
-117
-73
-43
-37
-57
-90
-126
-129
-108
-84
-61
-53
-50
-61
-85
-97
-91
-78
-63
-51
-46
-52
-58
-56
-54
-46
-33
-29
-32
-34
-25
-13
2
13
15
12
10
10
10
22
41
60
69
68
54
41
38
42
61
79
90
91
86
77
64
58
66
86
100
112
111
98
79
64
64
68
82
105
119
113
91
71
56
53
62
81
98
94
79
62
49
42
46
53
55
44
34
30
30
38
42
33
16
-6
-7
8
13
11
12
10
-10
-28
-30
-32
-32
-24
-5
1
-17
-32
-35
-43
-64
-63
-33
-13
-9
-12
-38
-80
-89
-68
-49
-32
-17
-9
-29
-52
-73
-86
-71
-39
-15
-21
-37
-54
-76
-87
-81
-69
-47
-29
-34
-54
-74
-87
-94
-79
-58
-42
-25
-25
-46
-71
-88
-92
-79
-48
-18
-10
-11
-31
-65
-79
-61
-32
-6
20
23
-11
-38
-39
-29
-10
19
37
41
27
5
-9
-3
24
46
53
49
44
44
47
48
46
47
53
62
66
68
70
81
96
95
78
68
65
56
73
100
111
115
108
85
59
55
57
62
81
91
89
83
67
46
36
41
57
60
48
52
49
39
44
48
44
32
22
18
30
42
37
26
33
37
10
1
3
12
32
43
22
-28
-57
-53
-45
-42
-23
-22
-51
-86
-109
-119
-119
-92
-62
-56
-74
-67
-69
-84
-81
-75
-68
-66
-45
-45
-49
-27
-14
-41
-77
-87
-102
-98
-82
-72
-72
-88
-100
-124
-146
-152
-145
-124
-99
-86
-90
-102
-102
-105
-106
-91
-60
-30
-21
-22
-25
-17
-25
-22
-4
0
-3
2
14
-5
-11
4
16
20
20
14
-20
-37
-30
-13
17
55
78
57
22
4
1
3
42
97
130
133
101
75
60
67
95
129
161
162
144
118
87
74
91
120
140
144
126
103
75
60
74
95
114
116
110
82
50
52
67
94
124
132
111
88
63
46
54
84
114
131
128
94
52
21
16
29
47
68
79
62
16
-33
-59
-57
-31
0
14
-1
-36
-73
-102
-121
-102
-52
-22
-27
-59
-100
-136
-138
-114
-78
-52
-50
-71
-116
-155
-166
-144
-105
-67
-64
-95
-133
-175
-194
-180
-136
-101
-90
-96
-132
-173
-192
-179
-156
-125
-94
-82
-100
-129
-141
-142
-123
-87
-64
-57
-54
-54
-67
-71
-64
-47
-35
-19
-3
2
-8
-16
0
8
9
19
26
28
26
41
46
51
60
55
55
62
77
72
66
77
104
110
101
98
86
100
119
124
118
117
129
124
122
124
134
134
136
151
138
114
106
119
130
133
140
135
121
118
105
80
89
110
110
97
87
88
76
58
63
70
64
60
67
63
42
36
39
30
31
37
32
31
33
21
-9
-28
-15
-6
-4
1
-16
-53
-84
-91
-87
-85
-75
-62
-61
-86
-117
-145
-147
-120
-96
-87
-89
-104
-126
-138
-133
-115
-97
-77
-74
-92
-107
-122
-125
-109
-95
-86
-85
-97
-111
-130
-141
-126
-105
-87
-79
-88
-109
-124
-125
-120
-100
-61
-31
-27
-40
-56
-72
-74
-55
-21
17
36
33
15
-15
-30
-12
13
42
63
63
44
19
4
3
15
31
53
71
75
58
36
25
27
38
58
81
95
100
100
90
73
64
67
82
102
119
129
132
118
94
70
59
73
96
117
128
123
99
67
43
40
50
66
91
107
97
66
35
16
13
26
50
70
69
56
39
13
-1
6
28
43
53
54
29
-1
-10
-15
-14
4
22
20
9
-3
-28
-50
-49
-47
-43
-29
-19
-28
-44
-55
-69
-76
-68
-53
-50
-55
-48
-45
-59
-63
-65
-68
-62
-44
-38
-50
-56
-57
-68
-69
-59
-60
-63
-60
-65
-74
-73
-66
-64
-61
-59
-62
-65
-64
-59
-55
-50
-44
-40
-41
-43
-41
-34
-26
-22
-26
-32
-35
-30
-16
-4
3
3
3
-6
-21
-25
-16
-1
13
19
17
7
-2
-3
0
7
19
27
29
34
39
42
45
46
42
41
51
61
66
65
61
62
54
46
39
44
57
67
66
53
36
17
17
37
56
70
73
62
33
5
-8
-4
26
72
95
80
41
-6
-37
-32
2
44
74
83
56
11
-29
-44
-25
14
48
55
45
10
-28
-47
-42
-15
12
32
24
-7
-38
-57
-56
-37
-6
12
9
-8
-35
-59
-62
-47
-25
-8
-7
-15
-32
-48
-60
-55
-39
-23
-13
-16
-31
-44
-49
-41
-28
-13
-6
-17
-32
-43
-45
-39
-28
-14
-4
-5
-19
-37
-43
-31
-20
-9
3
1
-14
-22
-26
-26
-14
-1
0
-4
-4
-8
-15
-14
-3
9
9
6
5
-2
-8
1
18
19
21
26
19
13
14
11
14
30
40
36
28
21
14
14
17
22
32
41
36
26
17
13
16
25
33
36
35
31
22
17
16
23
37
49
47
36
26
21
22
37
49
50
45
32
17
13
14
20
30
40
40
29
8
-13
-16
-7
6
14
17
16
1
-18
-31
-33
-25
-6
13
12
-1
-14
-30
-39
-28
-15
-13
-15
-21
-31
-42
-46
-44
-37
-25
-25
-37
-53
-63
-66
-60
-47
-28
-14
-18
-37
-57
-69
-64
-48
-22
0
7
-3
-26
-45
-51
-40
-21
2
17
13
-3
-18
-29
-27
-13
6
18
16
3
-6
-9
-8
1
18
26
22
9
-7
-15
-5
12
26
28
21
7
-10
-17
-11
2
14
21
17
6
-8
-16
-15
-7
8
20
24
21
14
5
-2
1
12
25
38
45
40
28
21
21
30
42
52
58
52
42
34
31
36
49
57
57
48
36
29
27
31
38
44
45
36
27
21
17
19
27
33
34
28
19
9
5
6
6
12
15
11
4
-3
-10
-11
-12
-11
-12
-18
-27
-34
-34
-33
-32
-31
-34
-43
-51
-55
-55
-50
-45
-42
-45
-45
-50
-55
-52
-46
-42
-40
-39
-41
-43
-44
-43
-43
-40
-34
-31
-32
-37
-41
-40
-38
-33
-28
-24
-22
-24
-26
-28
-29
-26
-21
-18
-18
-17
-19
-20
-21
-20
-15
-10
-7
-5
-6
-8
-9
-8
-5
-1
5
8
8
6
5
7
9
10
11
11
11
12
12
17
21
23
23
24
22
24
26
27
30
33
34
36
37
37
35
33
32
32
34
36
39
40
38
33
30
28
27
29
33
38
41
35
28
20
16
17
21
29
36
38
30
22
15
12
15
20
25
23
15
6
0
-1
1
4
5
1
-7
-12
-14
-12
-8
-5
-6
-9
-15
-17
-16
-13
-9
-4
-3
-3
-4
-7
-9
-9
-6
-1
2
3
0
-4
-9
-13
-11
-8
-7
-6
-8
-11
-14
-16
-18
-19
-22
-23
-23
-25
-25
-24
-25
-27
-27
-31
-32
-35
-32
-29
-26
-26
-26
-28
-32
-34
-36
-33
-30
-27
-22
-19
-19
-20
-22
-21
-18
-14
-9
-6
-5
-1
0
1
2
4
7
12
18
20
22
22
23
23
23
25
28
29
32
32
31
29
27
26
27
26
26
28
31
33
32
28
25
24
25
30
32
35
35
35
32
29
24
21
24
27
31
33
31
29
23
16
13
15
19
22
22
20
16
13
10
7
9
13
16
17
17
14
9
6
6
7
8
9
11
8
4
-1
-4
-6
-7
-9
-10
-11
-15
-20
-23
-27
-31
-32
-31
-30
-30
-32
-36
-41
-43
-46
-46
-44
-41
-39
-39
-40
-43
-46
-47
-49
-48
-45
-41
-39
-39
-41
-42
-44
-44
-42
-41
-38
-37
-36
-35
-35
-34
-34
-33
-32
-31
-27
-24
-22
-19
-19
-18
-16
-14
-10
-6
-5
-3
-2
0
2
5
9
13
17
17
19
19
21
22
26
31
35
39
40
38
38
38
38
42
45
50
50
48
46
44
43
46
49
51
50
45
42
39
39
41
42
44
41
35
30
27
27
29
32
31
29
26
18
15
12
13
15
17
15
11
5
0
-4
-4
-2
1
1
-3
-8
-15
-17
-16
-12
-10
-10
-13
-20
-25
-28
-27
-23
-20
-20
-23
-29
-34
-37
-36
-32
-27
-25
-25
-29
-34
-36
-39
-35
-31
-26
-24
-27
-33
-38
-40
-36
-32
-26
-20
-21
-24
-26
-29
-27
-23
-17
-13
-12
-13
-16
-19
-18
-15
-13
-9
-8
-7
-8
-10
-8
-6
-4
-5
-4
-4
-4
-4
-6
-4
-2
0
-1
-2
-4
-2
-1
1
4
5
7
7
8
12
12
16
17
18
20
20
23
27
29
33
35
32
33
33
36
40
43
46
46
46
42
40
41
41
44
46
48
47
43
40
37
36
36
37
39
37
33
29
23
22
20
19
17
14
11
7
3
2
-1
-2
-6
-7
-11
-14
-17
-17
-17
-17
-18
-21
-22
-25
-25
-25
-23
-21
-20
-20
-21
-21
-22
-21
-19
-17
-14
-14
-16
-18
-19
-17
-16
-14
-12
-12
-13
-18
-20
-21
-19
-17
-16
-16
-17
-21
-25
-27
-26
-24
-22
-21
-20
-22
-25
-27
-29
-29
-27
-23
-21
-20
-21
-24
-26
-27
-26
-23
-20
-18
-15
-15
-14
-13
-13
-13
-11
-10
-5
-4
-3
-2
-1
0
0
2
3
4
6
8
9
11
12
13
14
14
16
17
19
19
22
25
26
26
26
25
26
27
29
32
34
36
37
36
35
34
35
38
40
43
45
44
41
38
35
34
35
37
38
38
37
35
30
27
26
25
26
26
25
23
20
16
12
10
9
8
7
4
3
0
-2
-6
-9
-12
-13
-15
-16
-18
-18
-18
-21
-23
-26
-27
-29
-29
-30
-31
-29
-30
-32
-35
-37
-36
-37
-36
-37
-36
-36
-37
-37
-39
-40
-41
-41
-40
-39
-37
-37
-37
-37
-38
-40
-39
-38
-37
-36
-33
-33
-34
-34
-33
-32
-30
-27
-26
-25
-22
-21
-19
-18
-17
-15
-14
-10
-6
-4
-2
1
2
4
5
6
9
11
13
17
19
21
21
22
23
24
26
27
28
29
30
30
29
29
28
29
30
30
29
29
29
29
29
28
27
27
27
28
27
27
27
27
26
25
24
26
24
25
25
24
25
25
24
22
20
19
18
17
15
16
16
14
12
11
10
7
6
5
4
3
1
1
1
-3
-4
-5
-5
-5
-5
-6
-5
-7
-8
-10
-10
-11
-11
-12
-11
-11
-11
-13
-15
-16
-17
-17
-18
-18
-17
-18
-19
-19
-17
-17
-16
-16
-17
-18
-17
-16
-14
-13
-12
-12
-13
-14
-13
-11
-10
-9
-8
-7
-6
-5
-5
-2
-2
-2
-2
-1
2
2
1
0
2
3
3
4
1
0
0
1
2
3
6
8
7
6
4
5
6
7
7
7
6
6
6
6
6
7
7
7
6
7
7
6
6
7
8
8
5
6
6
5
4
2
2
4
3
3
3
2
3
3
3
2
3
1
1
2
4
5
5
4
0
-1
-1
0
1
2
1
-1
-2
-2
-3
-2
-1
0
-1
-1
-2
-3
-4
-2
-2
-1
0
0
-1
-3
-4
-2
-2
-2
-2
0
0
-1
-2
-3
-3
-3
-3
-2
-3
-4
-4
-4
-4
-3
-4
-3
-4
-5
-5
-4
-3
-2
-2
-1
-2
-2
-2
-1
-1
0
0
0
-2
-1
-1
-2
-1
-1
0
0
-2
-2
-4
-3
-1
-1
0
1
0
-1
0
-1
0
0
0
-1
1
0
1
3
3
3
3
2
1
1
2
3
4
4
4
3
3
2
2
4
4
4
5
4
3
4
2
2
2
2
3
3
2
1
1
0
-1
-1
-1
-1
-1
-2
-3
-2
-3
-2
-2
-2
-2
-2
-3
-3
-1
0
-1
-1
0
0
-1
0
-1
2
3
2
2
1
-1
-1
-1
1
1
0
1
0
-1
-1
-2
-3
-1
-2
-2
-1
-3
-3
-3
-3
-2
-3
-4
-2
-3
-4
-3
-4
-4
-5
-5
-5
-4
-5
-5
-5
-5
-5
-5
-5
-6
-7
-8
-8
-7
-8
-7
-8
-7
-8
-8
-9
-8
-7
-6
-6
-8
-6
-7
-8
-8
-7
-6
-5
-5
-6
-7
-5
-5
-6
-3
-4
-2
-2
-2
-1
0
1
2
3
3
4
5
5
6
6
9
10
9
9
11
11
12
13
14
15
17
17
15
16
17
18
18
18
18
19
17
16
18
19
21
20
19
21
19
19
18
18
18
18
16
14
14
12
13
11
12
12
11
11
9
7
7
6
7
6
4
3
3
2
1
0
2
0
-1
-2
-4
-5
-7
-7
-8
-9
-10
-10
-12
-12
-14
-15
-14
-16
-17
-18
-19
-19
-20
-21
-22
-22
-25
-25
-24
-25
-25
-25
-26
-25
-26
-27
-26
-26
-26
-26
-27
-27
-26
-28
-27
-27
-26
-24
-23
-22
-22
-21
-19
-18
-17
-16
-14
-13
-12
-12
-11
-10
-9
-8
-6
-5
-2
0
0
2
3
4
4
5
6
7
8
9
9
10
11
11
13
13
13
15
15
16
17
17
18
18
18
20
21
23
22
22
22
24
23
23
24
25
25
25
25
25
25
26
26
28
28
28
27
26
27
27
27
28
27
27
26
24
23
22
19
19
17
16
15
13
12
11
10
10
8
7
5
5
2
2
-1
-1
-3
-5
-6
-7
-7
-9
-8
-9
-9
-10
-11
-11
-11
-12
-12
-11
-12
-13
-13
-14
-14
-14
-14
-14
-15
-15
-15
-17
-17
-17
-17
-17
-17
-18
-18
-19
-20
-20
-22
-22
-22
-23
-24
-25
-25
-24
-24
-23
-23
-23
-23
-23
-23
-21
-20
-20
-20
-19
-16
-16
-14
-15
-13
-11
-10
-9
-7
-7
-5
-5
-4
-2
-2
0
1
1
2
2
4
4
5
5
5
6
6
7
8
10
12
12
11
12
13
13
13
15
14
15
16
17
17
19
20
22
23
23
23
23
23
22
23
23
24
24
25
24
24
24
23
23
24
24
23
23
22
21
21
19
19
17
18
16
13
12
11
10
9
9
7
5
4
3
3
1
0
-2
-3
-4
-6
-7
-8
-9
-11
-12
-13
-13
-15
-15
-14
-15
-14
-16
-16
-17
-15
-17
-18
-17
-17
-17
-17
-17
-17
-18
-18
-18
-17
-17
-16
-17
-17
-17
-17
-16
-17
-17
-17
-18
-18
-17
-17
-17
-17
-16
-17
-16
-15
-14
-14
-13
-13
-13
-12
-11
-10
-9
-7
-7
-6
-4
-4
-3
-2
-2
0
2
3
3
4
4
5
6
6
7
8
7
8
8
8
10
10
9
10
10
10
9
10
11
11
11
11
10
11
11
9
9
8
9
10
9
8
8
7
8
7
8
8
8
7
7
8
9
8
6
8
8
7
9
8
8
7
6
6
8
7
6
4
4
4
3
4
4
3
3
1
2
0
-1
0
-1
-2
-3
-3
-3
-4
-5
-5
-5
-6
-6
-6
-7
-7
-8
-7
-8
-7
-7
-8
-8
-9
-7
-7
-8
-7
-8
-8
-7
-8
-7
-5
-5
-5
-5
-5
-6
-5
-5
-4
-3
-4
-4
-3
-4
-3
-2
-3
-2
-2
-3
-2
-2
-1
-2
-1
-1
-1
0
0
1
2
2
2
2
4
4
3
4
3
4
5
8
7
7
7
7
6
7
8
8
8
8
9
9
9
9
8
9
9
9
10
9
10
10
9
9
9
9
8
7
8
8
8
7
7
5
4
5
4
3
2
2
0
-1
-1
-1
-2
-3
-3
-3
-5
-5
-6
-6
-6
-6
-7
-6
-7
-8
-7
-9
-8
-8
-8
-8
-8
-9
-8
-9
-8
-8
-8
-8
-8
-6
-6
-7
-6
-6
-6
-6
-5
-5
-6
-7
-8
-7
-6
-5
-5
-5
-6
-6
-7
-7
-6
-6
-4
-4
-3
-5
-4
-5
-5
-4
-3
-3
-4
-3
-2
-1
-2
-2
-1
-1
0
1
2
3
4
4
4
4
5
5
6
7
6
8
7
9
8
9
9
10
10
11
11
12
11
12
11
12
12
12
12
11
11
12
10
10
9
9
9
9
9
9
10
10
10
8
8
7
7
6
5
5
5
4
4
5
5
4
4
4
3
3
3
3
1
1
1
1
0
-1
-1
-1
-1
-2
-2
-3
-2
-2
-4
-4
-4
-4
-5
-6
-6
-6
-7
-8
-9
-9
-9
-8
-10
-10
-10
-10
-10
-10
-10
-10
-11
-10
-10
-10
-11
-11
-11
-11
-10
-10
-11
-10
-9
-10
-10
-10
-9
-9
-8
-8
-8
-8
-8
-8
-8
-9
-7
-7
-8
-7
-7
-7
-6
-7
-7
-8
-6
-6
-6
-6
-6
-5
-6
-5
-5
-4
-3
-2
