-3
-2
0
-1
-1
0
-1
1
1
1
1
2
2
4
3
2
1
2
4
6
7
5
4
4
6
8
8
8
7
7
8
9
9
7
8
7
10
10
7
6
6
8
9
8
7
4
5
6
7
8
5
4
3
4
5
4
2
3
3
3
1
1
1
1
1
-1
0
-2
-4
-5
-4
-3
-7
-9
-11
-12
-11
-12
-14
-14
-14
-16
-17
-19
-18
-18
-18
-20
-20
-20
-21
-17
-18
-18
-19
-20
-17
-17
-15
-15
-15
-15
-12
-10
-8
-12
-13
-9
-8
-6
-10
-9
-8
-8
-5
-9
-11
-14
-13
-8
-9
-11
-15
-18
-16
-15
-14
-15
-18
-16
-15
-13
-12
-12
-7
-4
2
6
7
11
13
18
25
32
35
36
41
45
50
54
57
56
57
59
58
59
57
55
53
48
48
43
38
34
31
31
26
22
17
15
15
13
13
12
9
9
7
9
11
10
11
10
10
12
10
12
12
13
12
8
5
3
1
2
-1
-3
-7
-12
-17
-19
-18
-23
-28
-34
-30
-28
-35
-39
-43
-42
-45
-49
-48
-50
-45
-49
-51
-53
-65
-65
-67
-56
-55
-67
-80
-91
-88
-87
-88
-86
-87
-90
-100
-102
-95
-85
-71
-58
-51
-51
-50
-49
-35
-8
24
42
39
40
42
50
68
95
116
116
109
103
96
94
98
101
104
97
80
50
29
24
22
20
16
4
-19
-47
-53
-50
-46
-47
-52
-60
-67
-72
-70
-66
-54
-42
-38
-36
-37
-31
-22
-10
14
25
32
42
49
56
63
83
103
112
116
118
125
133
144
151
154
154
152
151
154
154
149
143
143
140
128
115
105
102
96
87
78
65
49
37
32
29
20
9
-4
-11
-14
-20
-25
-30
-33
-37
-44
-44
-45
-46
-47
-49
-47
-46
-49
-55
-57
-58
-58
-61
-68
-73
-74
-72
-73
-79
-81
-87
-94
-103
-112
-110
-116
-123
-133
-147
-153
-164
-161
-165
-186
-193
-205
-208
-223
-236
-223
-206
-162
-140
-151
-189
-220
-187
-129
-77
-42
-26
-9
-12
-15
-7
8
56
116
165
165
107
54
48
99
162
172
139
82
34
15
12
26
29
14
-6
-36
-69
-107
-125
-101
-66
-49
-72
-121
-151
-152
-112
-59
-33
-40
-74
-91
-77
-34
9
32
44
51
53
54
66
96
136
169
198
204
189
180
190
234
280
304
302
271
259
262
281
308
312
311
289
265
252
241
247
250
252
242
213
181
154
143
149
148
141
111
75
49
34
38
36
28
11
-18
-41
-60
-57
-45
-44
-50
-69
-92
-106
-109
-96
-81
-76
-79
-94
-112
-123
-115
-94
-85
-88
-104
-122
-135
-137
-125
-121
-134
-158
-175
-196
-210
-211
-206
-206
-231
-262
-289
-310
-309
-300
-284
-297
-327
-354
-362
-335
-291
-212
-175
-193
-248
-265
-206
-131
-51
0
51
66
46
24
21
70
155
249
298
253
155
88
103
189
246
246
187
99
47
6
11
25
35
32
-8
-50
-110
-156
-150
-103
-41
-29
-78
-142
-183
-157
-96
-34
1
-19
-52
-65
-48
0
48
92
111
105
102
97
106
136
179
231
257
256
235
214
221
257
309
342
330
293
263
263
288
309
317
303
276
259
247
245
239
233
232
224
205
169
134
122
123
130
122
94
59
26
17
23
29
18
-13
-39
-56
-63
-60
-62
-63
-70
-85
-98
-110
-107
-100
-98
-101
-109
-120
-135
-152
-152
-139
-122
-127
-156
-187
-205
-198
-205
-209
-231
-255
-276
-291
-281
-302
-324
-353
-359
-347
-370
-396
-427
-428
-425
-414
-377
-322
-263
-254
-283
-310
-280
-218
-144
-74
5
61
58
36
6
36
104
210
305
314
248
146
108
160
237
273
242
173
110
42
-1
0
13
36
20
-10
-57
-131
-163
-152
-82
-22
-31
-72
-130
-141
-107
-57
-1
13
7
-12
-23
2
48
93
125
141
151
140
125
127
157
211
257
276
264
226
205
219
264
317
339
315
288
281
292
305
297
322
327
326
304
268
275
267
289
295
274
256
205
198
204
195
188
151
139
114
73
61
40
45
36
2
-15
-63
-78
-83
-82
-65
-87
-104
-134
-154
-145
-149
-134
-131
-135
-135
-164
-167
-167
-159
-150
-157
-153
-170
-199
-230
-250
-257
-256
-259
-269
-298
-346
-380
-416
-421
-429
-440
-448
-481
-479
-465
-416
-353
-314
-285
-292
-309
-293
-243
-138
-27
62
111
89
54
37
80
193
298
361
326
240
167
127
162
218
252
230
147
48
-39
-77
-60
-29
-6
-20
-83
-163
-223
-218
-160
-94
-45
-54
-93
-139
-148
-96
-24
51
84
74
54
35
56
108
167
220
232
210
170
142
156
193
245
279
279
240
189
166
185
229
271
293
280
252
222
217
236
270
307
323
316
284
239
225
249
290
326
317
291
242
199
184
175
194
197
190
155
88
33
-6
-2
19
22
-4
-69
-125
-147
-145
-118
-108
-108
-129
-163
-171
-180
-167
-142
-124
-103
-119
-141
-159
-168
-150
-135
-114
-126
-177
-228
-277
-280
-275
-262
-275
-329
-383
-444
-464
-505
-518
-513
-503
-492
-542
-555
-534
-434
-343
-307
-296
-319
-297
-253
-152
-25
81
150
166
147
112
106
167
289
390
414
331
227
155
143
184
219
234
174
77
-25
-95
-108
-101
-63
-29
-35
-94
-178
-220
-196
-113
-20
30
27
-7
-37
-28
28
113
192
221
210
183
164
176
198
247
283
287
251
194
160
154
175
200
224
212
171
109
91
119
165
207
212
212
184
173
181
214
266
287
307
294
286
277
275
301
326
347
334
296
259
217
193
184
176
164
121
64
1
-39
-48
-51
-54
-74
-110
-151
-184
-186
-169
-150
-135
-128
-131
-147
-156
-149
-125
-93
-82
-74
-86
-102
-129
-146
-137
-137
-144
-174
-209
-259
-308
-344
-364
-377
-404
-451
-505
-546
-571
-596
-609
-613
-590
-528
-455
-381
-361
-348
-350
-319
-221
-129
-19
65
169
230
202
167
127
180
274
376
432
365
260
150
95
123
146
164
116
32
-43
-150
-195
-214
-184
-128
-113
-107
-167
-225
-225
-178
-59
32
87
98
62
69
102
171
252
301
343
326
300
278
264
290
307
328
314
258
192
116
98
114
142
169
138
93
11
-17
16
79
151
180
221
211
193
175
200
265
315
369
384
394
365
326
302
300
331
336
318
268
189
103
34
22
28
13
-32
-102
-165
-215
-239
-229
-214
-190
-190
-195
-191
-189
-163
-128
-80
-30
-5
-8
-33
-45
-13
26
61
63
25
-40
-126
-156
-177
-197
-222
-261
-303
-392
-474
-547
-589
-600
-597
-618
-667
-726
-759
-694
-548
-347
-291
-323
-378
-372
-276
-189
-3
184
367
425
332
227
123
168
322
511
615
504
301
111
20
34
50
89
90
26
-86
-262
-362
-393
-336
-214
-130
-81
-145
-236
-264
-202
-24
129
228
257
230
224
221
290
382
454
494
473
449
397
333
300
289
315
308
247
146
35
-26
-44
-9
43
46
11
-64
-107
-88
-37
61
126
209
283
300
292
230
268
326
419
499
503
487
362
291
231
220
249
223
206
110
-5
-117
-212
-229
-232
-221
-234
-276
-313
-373
-393
-370
-305
-203
-152
-105
-86
-72
-40
-2
80
139
170
166
141
123
112
122
128
92
11
-85
-170
-234
-304
-335
-379
-437
-515
-615
-679
-763
-791
-816
-769
-675
-594
-536
-520
-397
-302
-263
-279
-202
-14
135
280
387
465
416
332
317
353
403
438
470
454
350
174
12
-69
-86
-126
-167
-210
-262
-357
-477
-512
-478
-400
-321
-247
-170
-153
-143
-104
-12
117
220
318
375
421
436
416
416
428
485
516
497
446
368
300
217
162
130
94
48
3
-33
-66
-105
-126
-112
-62
3
43
87
128
178
232
291
374
442
505
545
560
564
544
528
496
464
418
366
319
245
163
50
-49
-121
-172
-214
-273
-318
-363
-396
-420
-420
-383
-344
-301
-272
-238
-187
-132
-71
-8
55
110
136
153
160
162
155
138
135
106
67
12
-43
-86
-151
-212
-282
-345
-416
-482
-529
-596
-620
-640
-631
-655
-722
-781
-837
-773
-622
-428
-296
-171
-39
-46
-171
-267
-140
103
314
506
607
563
358
147
61
85
210
351
444
382
159
-129
-351
-379
-288
-201
-143
-140
-197
-352
-501
-520
-430
-257
-65
103
179
145
86
55
127
261
403
507
540
546
473
368
283
261
304
328
347
323
246
119
-5
-60
-71
-32
14
52
67
52
40
26
52
130
227
325
406
479
530
548
553
568
608
644
659
657
628
559
448
349
283
222
168
118
75
4
-101
-202
-275
-307
-312
-296
-279
-272
-279
-299
-299
-269
-219
-175
-142
-94
-47
-21
-20
-11
2
16
27
36
29
-24
-87
-140
-164
-186
-202
-216
-248
-303
-372
-416
-437
-452
-458
-492
-535
-584
-618
-634
-640
-625
-634
-657
-724
-757
-693
-534
-336
-159
-22
-16
-155
-304
-276
-96
136
375
564
604
434
186
-22
-79
35
259
471
505
347
33
-271
-428
-397
-257
-103
8
4
-141
-339
-473
-465
-323
-86
156
308
327
235
121
76
148
312
485
604
624
547
405
266
200
215
276
342
368
328
204
56
-47
-78
-27
55
136
185
204
191
159
165
227
321
418
503
584
614
624
644
658
645
619
626
635
644
610
524
395
281
207
112
35
2
17
18
-1
-86
-255
-387
-412
-311
-194
-103
-81
-145
-226
-286
-284
-259
-182
-76
4
31
-20
-105
-192
-215
-159
-79
-39
-62
-129
-227
-320
-352
-330
-296
-280
-299
-345
-421
-504
-553
-568
-557
-543
-527
-563
-646
-733
-790
-804
-827
-787
-657
-511
-428
-319
-150
-85
-221
-361
-265
-29
182
362
539
582
430
171
-24
-70
26
228
416
477
322
-21
-354
-491
-444
-345
-219
-77
-16
-142
-357
-485
-478
-339
-101
174
365
405
319
199
147
197
342
489
594
650
607
457
268
152
136
183
246
292
291
196
48
-87
-127
-61
54
166
246
296
302
281
278
332
431
540
652
733
776
775
736
695
676
676
667
685
676
573
405
266
184
106
42
23
34
25
-9
-100
-229
-326
-327
-236
-122
-46
-53
-113
-175
-187
-177
-171
-145
-98
-39
-24
-64
-134
-209
-245
-222
-157
-107
-111
-182
-268
-328
-369
-369
-334
-288
-260
-282
-350
-434
-514
-561
-556
-536
-505
-490
-539
-635
-736
-792
-837
-881
-819
-625
-422
-294
-181
-106
-173
-357
-432
-273
0
277
499
599
506
256
-15
-142
-77
105
315
437
396
144
-221
-472
-522
-436
-301
-144
-27
-50
-202
-360
-427
-386
-208
72
333
469
454
356
239
176
215
340
486
588
611
532
365
178
54
25
82
188
269
270
179
49
-63
-102
-29
128
287
395
462
482
449
409
437
526
631
743
847
902
891
834
741
653
603
585
569
534
471
372
266
175
83
-7
-49
-36
1
27
23
-32
-116
-157
-144
-107
-74
-48
-38
-54
-86
-133
-196
-256
-264
-222
-167
-142
-170
-248
-338
-386
-382
-361
-346
-335
-317
-322
-360
-393
-408
-406
-386
-346
-315
-330
-387
-471
-546
-588
-582
-578
-603
-648
-726
-856
-968
-924
-731
-524
-366
-199
-105
-222
-449
-524
-360
-100
194
477
635
537
237
-64
-213
-154
39
281
453
443
207
-151
-429
-539
-507
-388
-192
-13
13
-126
-323
-443
-432
-273
-3
278
467
510
426
294
205
201
274
407
554
628
575
412
220
75
24
60
159
262
300
241
119
18
-25
11
130
300
446
526
552
533
496
479
534
664
783
860
919
946
887
751
647
606
567
520
490
461
386
270
158
66
2
-8
14
49
70
51
-13
-67
-75
-80
-91
-83
-49
-36
-61
-109
-188
-289
-366
-372
-317
-252
-230
-265
-347
-448
-519
-531
-495
-447
-399
-357
-358
-398
-429
-436
-426
-374
-286
-245
-315
-432
-515
-559
-586
-599
-612
-668
-775
-840
-769
-606
-449
-319
-192
-153
-295
-491
-519
-334
-44
268
503
523
321
33
-190
-238
-113
112
306
391
325
71
-268
-504
-542
-436
-267
-80
28
-28
-206
-377
-456
-394
-188
93
330
442
427
316
184
113
137
246
377
490
540
473
307
115
8
19
101
212
312
352
295
163
32
-14
39
178
371
560
677
674
586
501
481
528
635
795
932
957
856
705
575
490
506
603
686
677
578
413
219
66
19
92
237
356
371
264
92
-49
-106
-39
104
202
212
150
45
-105
-260
-332
-319
-261
-210
-201
-256
-377
-517
-611
-626
-566
-476
-413
-389
-390
-413
-459
-492
-465
-389
-313
-257
-228
-248
-347
-467
-564
-602
-589
-575
-596
-664
-767
-904
-939
-792
-550
-352
-234
-141
-197
-413
-562
-489
-225
99
421
604
517
206
-150
-318
-261
-41
190
319
317
119
-205
-495
-630
-617
-501
-294
-83
-6
-108
-290
-440
-469
-349
-113
153
363
474
432
290
160
101
119
196
343
484
512
401
221
50
-50
-38
62
207
315
333
260
148
73
48
110
270
490
683
772
766
710
678
692
765
876
982
1039
1007
902
757
630
554
538
558
569
539
440
308
185
97
65
95
176
248
264
218
158
113
82
79
106
142
147
111
48
-32
-124
-226
-305
-323
-292
-283
-335
-432
-555
-667
-746
-751
-662
-572
-521
-501
-507
-528
-564
-540
-475
-390
-288
-224
-245
-382
-527
-632
-708
-697
-665
-653
-639
-564
-414
-317
-318
-374
-439
-471
-456
-356
-199
-18
161
239
171
-43
-281
-365
-255
-22
172
242
174
-14
-257
-456
-541
-526
-422
-267
-127
-101
-202
-339
-435
-412
-274
-60
146
267
298
248
168
118
104
125
183
263
330
333
261
143
27
-23
8
107
224
292
307
270
215
181
184
242
347
496
693
845
907
920
897
860
852
930
1042
1087
1063
1005
925
803
666
537
440
413
420
434
421
343
200
69
35
80
120
138
178
211
210
184
156
137
128
151
188
206
178
92
-23
-123
-188
-250
-330
-397
-452
-526
-620
-724
-807
-854
-864
-838
-768
-670
-602
-605
-655
-700
-703
-639
-511
-375
-316
-373
-518
-626
-590
-426
-202
0
121
63
-170
-420
-564
-527
-326
13
296
326
83
-326
-658
-800
-705
-435
-145
52
58
-103
-350
-571
-704
-694
-520
-255
-21
50
-37
-217
-380
-431
-343
-126
112
293
381
359
248
85
-56
-121
-88
26
175
253
198
43
-128
-237
-265
-183
-24
143
257
289
264
204
153
196
376
635
859
993
1029
980
876
804
837
949
1093
1197
1196
1077
902
735
620
574
595
629
620
565
467
326
179
88
82
143
233
303
316
278
217
159
140
182
260
340
391
402
345
221
79
-31
-76
-77
-78
-109
-195
-333
-507
-681
-776
-787
-752
-720
-704
-711
-771
-864
-965
-1001
-935
-787
-620
-550
-581
-633
-581
-373
-106
79
102
3
-133
-254
-327
-285
-110
135
283
233
-29
-401
-673
-728
-567
-341
-187
-151
-246
-430
-656
-844
-927
-861
-668
-417
-215
-151
-230
-394
-508
-504
-388
-207
-10
169
266
256
144
-13
-151
-210
-153
-21
132
214
168
11
-181
-311
-344
-279
-156
-14
80
105
75
19
8
59
189
374
578
742
798
784
767
805
883
976
1054
1092
1087
1036
976
918
851
774
706
689
709
705
651
585
511
439
372
338
332
304
286
295
333
357
343
316
301
328
373
420
441
429
372
281
212
174
159
115
47
-19
-88
-179
-287
-373
-441
-489
-523
-551
-595
-695
-799
-863
-870
-860
-863
-872
-811
-665
-452
-242
-144
-159
-268
-351
-372
-333
-168
79
303
344
211
-82
-424
-645
-669
-492
-306
-184
-191
-327
-537
-780
-966
-1038
-936
-744
-545
-420
-401
-477
-620
-694
-662
-522
-333
-140
19
84
59
-37
-142
-235
-265
-224
-127
-18
26
-11
-126
-259
-350
-365
-312
-225
-122
-41
0
-16
-54
-78
-51
73
261
429
519
545
538
521
535
615
747
866
937
945
895
824
761
730
726
740
750
738
712
668
609
544
520
530
557
563
539
504
472
466
478
508
534
543
544
543
551
546
523
498
476
457
429
390
343
276
196
131
87
54
15
-34
-84
-129
-170
-218
-296
-386
-446
-469
-448
-437
-464
-549
-672
-762
-732
-534
-276
-90
-64
-146
-296
-475
-577
-534
-337
-72
148
212
57
-280
-630
-817
-790
-603
-396
-257
-247
-367
-576
-812
-981
-1026
-939
-765
-562
-418
-417
-547
-715
-794
-758
-642
-470
-283
-140
-96
-160
-275
-388
-461
-461
-378
-254
-148
-104
-138
-229
-324
-362
-329
-253
-156
-73
-25
8
33
37
26
33
99
203
305
394
460
510
539
564
582
588
598
620
668
711
728
697
631
575
539
532
543
568
588
600
597
573
533
486
456
437
460
507
553
572
566
546
519
515
534
570
591
591
569
528
482
432
369
303
261
253
251
230
196
135
56
-9
-59
-100
-143
-163
-172
-189
-228
-285
-363
-414
-351
-210
-56
35
67
12
-130
-250
-283
-197
-51
121
218
185
31
-220
-436
-550
-532
-448
-357
-291
-321
-467
-674
-851
-968
-986
-914
-787
-674
-632
-650
-722
-790
-813
-769
-660
-526
-391
-303
-269
-297
-357
-415
-442
-414
-351
-283
-256
-281
-332
-383
-419
-426
-396
-352
-306
-266
-228
-198
-170
-133
-95
-36
36
100
139
181
241
315
388
451
503
532
543
540
545
560
574
580
561
524
469
404
344
304
294
305
327
351
364
348
309
279
273
301
352
403
444
471
491
502
509
523
535
547
560
582
587
568
531
479
436
408
393
364
327
292
258
207
143
88
34
5
-2
-1
-23
-64
-107
-150
-157
-117
-18
89
176
232
216
157
61
3
13
107
242
321
315
202
41
-138
-260
-295
-284
-253
-239
-251
-338
-477
-631
-760
-838
-847
-786
-724
-684
-702
-740
-777
-791
-770
-727
-652
-584
-518
-473
-433
-417
-424
-422
-416
-398
-394
-380
-384
-397
-392
-368
-338
-339
-332
-341
-340
-329
-294
-236
-190
-124
-86
-58
-60
-59
-39
4
101
204
304
358
378
366
347
354
382
430
461
484
481
452
396
321
262
234
247
273
307
315
271
193
119
97
111
154
211
259
293
305
306
302
304
321
351
396
436
470
471
454
423
388
377
385
405
394
367
329
279
231
185
156
133
128
118
84
39
15
35
74
140
197
239
245
208
164
144
193
263
352
418
420
365
254
171
102
52
25
20
35
13
-61
-177
-295
-417
-500
-524
-498
-470
-486
-515
-557
-605
-654
-672
-646
-609
-576
-554
-527
-517
-531
-540
-537
-533
-532
-520
-486
-450
-428
-422
-412
-396
-368
-350
-340
-318
-287
-262
-237
-194
-153
-135
-127
-113
-102
-106
-96
-60
-11
35
77
101
110
113
113
132
170
221
260
276
281
261
218
170
146
137
140
154
173
178
157
124
88
63
52
75
121
165
180
172
163
150
145
154
186
227
258
280
299
315
311
289
274
283
307
324
350
368
364
333
306
292
262
244
248
275
284
254
212
167
153
177
225
266
285
290
275
253
229
213
206
210
248
295
307
265
200
146
99
78
74
94
97
60
9
-40
-81
-142
-196
-218
-216
-223
-245
-256
-280
-318
-364
-388
-401
-425
-448
-468
-474
-495
-509
-523
-533
-546
-551
-541
-539
-530
-532
-518
-495
-456
-413
-375
-330
-302
-271
-250
-219
-198
-184
-160
-138
-117
-112
-100
-88
-86
-86
-77
-60
-44
-32
-19
2
25
40
43
39
38
31
30
40
59
63
66
84
99
110
117
116
126
134
134
160
185
183
181
191
201
220
223
205
195
197
196
212
210
198
194
158
161
194
197
194
215
255
277
289
297
306
302
315
363
395
402
432
454
435
438
434
398
380
380
373
354
350
336
277
202
146
99
66
45
46
28
-17
-30
-64
-137
-187
-204
-205
-181
-134
-106
-110
-147
-191
-220
-238
-216
-170
-140
-123
-107
-122
-168
-210
-252
-279
-282
-256
-235
-243
-272
-325
-376
-414
-441
-452
-445
-418
-387
-378
-379
-378
-385
-382
-347
-297
-259
-240
-224
-212
-207
-203
-195
-184
-166
-142
-112
-88
-80
-91
-116
-107
-84
-69
-41
-26
-27
-49
-73
-67
-70
-74
-23
11
24
65
92
56
43
78
88
135
171
204
254
247
234
265
270
258
287
297
295
319
329
293
263
280
247
199
222
245
214
172
188
205
171
161
199
196
174
233
258
246
295
326
303
331
382
371
364
380
425
403
381
411
367
328
298
270
236
178
172
172
136
85
41
-3
-75
-113
-126
-154
-145
-163
-187
-209
-243
-235
-276
-275
-245
-271
-251
-246
-258
-273
-346
-341
-329
-344
-316
-309
-320
-332
-336
-368
-386
-384
-405
-402
-365
-355
-349
-332
-328
-307
-318
-288
-267
-264
-224
-234
-216
-192
-201
-183
-159
-165
-156
-128
-111
-96
-67
-52
-73
-44
-42
-55
-59
-53
-49
-84
-35
-28
-55
-26
3
-5
-43
20
40
19
54
44
73
69
75
114
84
149
173
146
192
161
150
183
193
207
211
234
211
211
241
166
196
249
190
267
268
200
225
219
233
257
283
296
338
347
301
346
344
304
372
401
389
461
417
388
404
315
327
319
307
326
286
263
230
188
154
99
94
77
37
35
14
0
-40
-82
-95
-135
-137
-134
-112
-129
-163
-128
-174
-205
-209
-235
-249
-244
-241
-247
-248
-271
-292
-322
-362
-345
-337
-349
-290
-307
-300
-291
-344
-300
-303
-300
-261
-243
-214
-243
-233
-227
-269
-244
-238
-218
-163
-184
-151
-151
-190
-157
-173
-160
-144
-125
-119
-148
-157
-157
-181
-187
-178
-147
-126
-129
-60
-65
-94
-71
-93
-62
-52
-33
22
-15
42
64
18
53
37
35
62
83
127
90
105
123
72
90
83
91
108
105
128
126
128
131
125
146
159
182
216
233
262
272
272
294
303
319
326
334
373
383
379
387
394
381
364
374
367
354
358
356
349
324
291
263
218
205
203
190
183
186
128
103
94
38
71
59
55
54
40
28
-6
8
-27
-41
-23
-23
-36
-31
-41
-94
-107
-125
-168
-159
-182
-218
-205
-267
-216
-231
-294
-232
-287
-284
-265
-283
-269
-275
-255
-256
-252
-238
-257
-234
-208
-207
-195
-189
-172
-177
-178
-188
-192
-157
-200
-230
-222
-247
-266
-250
-253
-252
-229
-251
-229
-235
-260
-225
-244
-252
-186
-179
-176
-141
-120
-131
-136
-74
-95
-106
-39
-62
-33
-6
-26
19
-4
-23
8
-5
14
41
35
65
51
51
62
65
89
95
152
173
202
213
197
244
212
212
272
275
315
343
320
373
349
299
351
312
333
349
356
374
342
348
308
248
299
268
226
302
260
249
202
182
178
123
151
127
139
124
81
100
71
68
70
48
70
56
63
53
34
60
14
33
29
2
8
-54
-43
-47
-96
-65
-66
-102
-105
-106
-134
-171
-182
-195
-191
-201
-173
-134
-173
-180
-175
-197
-202
-172
-185
-144
-128
-157
-119
-148
-174
-177
-182
-207
-175
-142
-182
-159
-187
-224
-207
-236
-229
-222
-237
-224
-249
-252
-246
-266
-241
-242
-248
-231
-227
-218
-229
-203
-187
-184
-151
-130
-99
-118
-102
-76
-73
-41
-58
5
39
19
70
76
67
106
90
93
172
134
175
206
157
187
186
160
194
216
193
238
234
206
222
230
192
212
213
217
273
209
229
234
174
205
184
201
221
173
225
181
160
146
89
127
95
121
107
105
137
57
67
55
12
57
50
70
101
57
100
58
40
79
2
97
68
63
154
68
89
80
40
54
43
65
54
68
44
9
37
-22
-17
21
-53
-21
12
-52
-40
-46
-62
-58
-58
-72
-61
-67
-123
-90
-80
-89
-134
-105
-84
-186
-112
-134
-200
-137
-196
-204
-172
-227
-194
-223
-277
-216
-244
-295
-245
-240
-297
-274
-233
-268
-265
-235
-256
-211
-224
-231
-164
-163
-163
-142
-98
-88
-96
-49
-28
-52
20
28
13
93
52
79
100
59
87
75
81
107
78
83
125
105
83
87
107
58
97
130
75
132
122
108
123
120
137
109
160
182
120
160
127
134
129
71
138
108
69
102
94
23
44
43
-8
41
32
20
24
16
12
5
10
22
47
50
24
104
83
22
112
87
73
121
104
107
124
106
124
132
101
113
126
94
52
111
62
20
90
39
44
32
26
35
-46
-17
32
-46
-19
14
-1
-6
-40
-9
-32
-54
-65
-37
-50
-93
-53
-71
-128
-115
-116
-173
-153
-163
-202
-190
-195
-207
-230
-233
-217
-242
-240
-232
-254
-238
-225
-230
-208
-195
-198
-176
-145
-169
-146
-90
-115
-80
-43
-50
-31
-5
-26
-9
33
6
15
54
43
20
60
41
16
49
56
60
38
70
95
48
81
96
84
86
116
146
130
149
165
165
161
132
137
164
135
143
194
161
136
161
126
91
83
77
112
86
63
118
73
25
46
45
-3
33
85
31
70
97
18
43
63
17
90
86
49
157
102
41
124
89
63
105
114
123
110
84
85
103
27
55
101
15
69
60
10
40
-16
1
7
-12
-1
-1
8
-26
-18
-15
-71
-55
-46
-99
-60
-99
-116
-93
-139
-144
-153
-150
-181
-163
-166
-224
-168
-168
-215
-183
-223
-200
-215
-246
-165
-224
-215
-168
-190
-162
-201
-177
-176
-160
-108
-161
-83
-87
-128
-83
-123
-92
-91
-71
-10
-42
12
-4
-49
11
-29
-22
28
39
85
66
60
70
46
90
89
82
134
141
141
155
153
150
136
158
161
154
191
146
176
176
111
175
138
131
146
91
138
123
100
128
105
116
117
85
73
88
100
63
99
94
77
94
52
61
69
62
33
73
92
46
56
60
59
36
27
44
43
18
12
30
31
-12
33
-3
-22
54
-38
-11
10
-28
8
3
-17
-5
-9
-28
-41
-35
-55
-82
-34
-77
-117
-86
-126
-144
-139
-156
-156
-161
-186
-189
-177
-196
-234
-173
-201
-241
-153
-223
-219
-176
-204
-181
-199
-163
-170
-192
-134
-167
-143
-146
-160
-74
-155
-148
-65
-117
-108
-97
-74
-98
-74
-38
-104
-56
-52
-75
12
-21
-29
64
5
20
88
42
57
123
128
142
158
174
174
179
154
145
235
184
165
256
181
177
189
130
186
168
115
172
165
138
152
122
106
146
127
100
170
144
116
144
140
121
157
138
92
153
114
101
112
92
111
91
92
59
95
92
9
75
33
-21
92
3
0
69
-19
43
46
7
-5
15
22
-11
46
-1
1
48
-12
14
34
-41
-8
-6
-57
-44
-63
-46
-59
-67
-97
-76
-74
-152
-137
-121
-160
-167
-110
-156
-183
-152
-171
-203
-209
-175
-182
-198
-189
-151
-176
-212
-153
-180
-190
-159
-156
-142
-143
-163
-144
-127
-171
-126
-96
-151
-102
-102
-138
-109
-107
-90
-108
-78
-60
-39
-59
-87
11
-39
-7
47
13
79
41
80
107
41
123
124
104
163
124
142
124
116
136
106
134
93
152
146
83
114
114
124
79
74
138
104
89
141
110
123
133
98
139
121
92
121
144
144
112
135
158
91
87
86
81
126
61
92
111
44
94
41
17
42
38
76
30
61
76
37
40
30
63
48
27
58
82
74
14
48
88
12
6
28
28
10
-13
-4
20
-24
-57
-37
-65
-65
-112
-73
-67
-114
-48
-131
-126
-91
-179
-125
-144
-171
-94
-145
-135
-111
-162
-164
-156
-159
-153
-148
-167
-130
-115
-194
-157
-139
-199
-134
-122
-153
-138
-143
-138
-169
-155
-89
-138
-125
-81
-95
-65
-114
-71
-16
-122
-40
23
-39
-10
10
20
26
3
-8
70
59
-11
98
100
17
69
58
53
46
29
79
47
69
87
57
79
46
84
65
37
94
67
104
92
81
120
80
89
93
121
93
78
175
113
107
153
83
115
105
80
119
102
117
133
107
92
133
87
80
149
96
101
139
111
111
113
110
142
109
54
148
130
24
129
93
57
137
34
82
88
-8
44
13
-12
-2
25
-8
-32
1
-48
-55
-70
-111
-68
-79
-110
-44
-80
-118
-70
-115
-137
-139
-133
-162
-150
-92
-149
-139
-110
-153
-162
-172
-185
-150
-193
-193
-133
-177
-177
-151
-178
-202
-167
-156
-197
-154
-135
-162
-125
-127
-123
-103
-151
-100
-86
-106
-71
-53
-52
-53
-34
-54
-47
-15
-49
-38
34
-2
15
21
-26
29
19
3
36
52
52
49
60
76
72
67
73
94
111
81
100
115
101
127
104
140
150
109
135
126
122
138
150
143
147
171
154
129
149
145
144
150
137
202
180
144
179
163
134
137
179
140
162
177
137
157
108
119
128
61
80
137
90
83
100
35
71
35
-29
58
20
-17
33
-6
-20
3
-61
-66
-32
-64
-63
-49
-52
-57
-58
-106
-87
-69
-149
-89
-71
-123
-77
-60
-134
-128
-84
-159
-154
-109
-125
-129
-140
-137
-151
-162
-187
-181
-126
-185
-165
-108
-173
-165
-140
-176
-150
-135
-162
-114
-131
-152
-81
-98
-140
-107
-80
-108
-73
-87
-77
-41
-77
-60
-55
-44
-44
-37
-18
-28
-32
-6
8
-2
2
16
46
34
25
54
63
33
69
88
44
88
74
79
105
77
110
112
71
99
116
81
104
111
114
107
105
141
94
90
116
116
129
97
129
144
109
107
130
134
80
121
145
103
121
101
108
115
69
86
100
73
81
87
53
47
61
31
6
27
46
30
-1
17
12
-24
-40
-24
11
-28
-37
25
-15
-38
-45
-65
-15
-37
-64
-11
-5
-32
-64
-39
-28
-85
-52
-57
-59
-40
-93
-55
-62
-95
-83
-80
-73
-125
-75
-83
-146
-71
-98
-130
-93
-123
-97
-90
-133
-104
-85
-111
-138
-107
-86
-130
-115
-66
-99
-97
-74
-90
-100
-114
-70
-80
-112
-44
-57
-76
-51
-44
-38
-71
-39
-17
-46
-2
-17
-22
29
0
7
21
8
52
48
29
44
46
71
56
70
81
67
108
84
78
80
77
107
69
102
126
79
111
96
77
100
80
111
83
96
140
71
93
108
68
66
89
79
77
111
55
84
90
46
91
33
63
85
42
66
40
70
50
26
51
16
63
37
11
60
34
36
38
27
7
45
43
-10
61
38
13
53
7
15
30
-12
2
33
-5
23
39
-22
3
8
-46
-35
-29
-8
-26
-44
-13
-38
-64
-94
-51
-61
-99
-63
-72
-53
-99
-118
-56
-127
-107
-90
-118
-69
-104
-115
-109
-99
-99
-151
-106
-81
-109
-76
-120
-88
-69
-136
-73
-74
-84
-70
-79
-57
-84
-62
-70
-57
-11
-72
-31
-12
-43
-23
-33
-2
-10
-12
26
9
18
15
7
30
26
10
32
74
73
33
55
61
49
65
24
66
101
62
71
68
77
74
54
54
86
96
29
67
96
42
70
60
63
97
38
53
66
43
52
34
59
69
54
46
28
54
21
21
47
24
60
34
29
67
12
10
39
32
29
36
35
23
32
24
25
35
19
26
-1
3
43
-5
-13
25
10
-16
-15
-13
-21
-22
-37
-21
-11
-49
-44
-40
-53
-78
-57
-57
-81
-65
-71
-63
-74
-108
-82
-93
-118
-73
-118
-104
-61
-112
-109
-98
-110
-98
-110
-120
-81
-63
-105
-82
-51
-100
-86
-81
-84
-62
-64
-46
-30
-24
-40
-31
-23
-44
-17
-2
4
29
23
6
48
36
6
57
44
43
68
71
88
86
62
75
92
72
85
90
90
102
111
84
100
114
67
102
98
93
100
90
103
85
111
77
69
113
64
82
88
62
81
72
56
68
73
39
59
64
20
50
42
41
42
3
41
41
6
10
21
28
1
-9
6
16
-5
-22
5
0
-9
-32
-42
5
-29
-48
-8
-40
-32
-31
-64
-36
-57
-61
-51
-67
-39
-69
-85
-58
-77
-81
-89
-73
-61
-81
-80
-77
-86
-108
-95
-86
-92
-78
-94
-77
-82
-115
-94
-92
-103
-88
-73
-86
-63
-87
-96
-70
-106
-66
-69
-79
-36
-56
-60
-30
-55
-59
-23
-40
-20
7
-29
1
22
-22
11
23
4
34
32
37
45
35
48
51
51
64
56
61
79
81
73
66
89
89
77
81
108
93
79
101
90
85
96
97
91
103
94
98
95
85
89
71
87
79
66
75
67
74
68
67
75
41
54
70
9
47
56
25
59
39
35
36
31
15
12
31
-1
32
33
-7
35
8
-1
3
-22
5
12
-22
-14
27
-32
-35
5
-41
-41
-18
-34
-43
-26
-34
-54
-44
-48
-68
-65
-55
-62
-68
-66
-77
-67
-71
-100
-81
-77
-100
-106
-93
-87
-96
-94
-104
-95
-97
-113
-105
-106
-109
-89
-88
-98
-79
-86
-101
-80
-77
-90
-70
-57
-59
-56
-58
-50
-38
-56
-39
-9
-40
-17
8
-11
-1
-4
1
27
2
13
41
29
34
36
38
49
47
49
58
57
67
59
56
84
77
57
81
97
66
73
86
80
92
77
87
95
75
84
73
85
88
77
89
79
84
80
66
74
76
74
80
79
58
86
69
46
84
68
56
64
60
67
66
50
48
51
62
38
40
67
26
27
56
23
6
32
28
-5
12
18
1
-3
-20
-13
1
-37
-33
-9
-37
-50
-57
-32
-39
-81
-65
-46
-76
-93
-74
-77
-93
-98
-82
-96
-97
-96
-115
-105
-115
-117
-102
-113
-107
-105
-115
-108
-129
-111
-109
-131
-85
-86
-116
-98
-89
-88
-99
-111
-62
-69
-89
-64
-60
-46
-76
-66
-36
-52
-46
-37
-15
-27
-22
-3
-26
3
-1
-3
22
1
32
25
10
47
31
42
40
34
65
50
47
65
66
60
73
79
66
81
82
65
83
91
74
86
97
76
91
104
78
77
96
96
72
84
91
86
96
75
88
91
71
78
83
72
84
81
70
79
79
67
61
73
63
54
60
50
51
61
49
44
55
39
28
36
23
18
30
21
20
20
19
12
-11
4
-2
-21
-17
-11
-6
-26
-26
-28
-45
-42
-43
-63
-52
-44
-68
-64
-65
-81
-78
-83
-84
-79
-92
-89
-90
-92
-96
-103
-101
-101
-83
-101
-94
-83
-102
-88
-106
-92
-70
-91
-79
-67
-70
-70
-79
-75
-72
-70
-58
-45
-44
-52
-37
-40
-61
-38
-32
-48
-27
-6
-4
-20
-6
-3
-10
-4
-13
19
17
2
22
18
23
22
15
30
35
26
23
35
27
34
44
36
55
58
45
54
40
39
59
50
48
76
75
56
77
72
48
65
63
64
80
79
86
85
86
78
73
83
69
73
91
85
78
99
84
59
79
77
59
69
76
57
66
59
51
52
39
56
30
27
46
19
28
17
12
26
5
6
8
-1
-7
-13
-8
-10
-21
-25
-22
-20
-38
-37
-51
-50
-40
-59
-54
-52
-65
-59
-70
-76
-65
-79
-70
-67
-78
-68
-71
-81
-86
-82
-79
-82
-84
-71
-81
-96
-68
-82
-91
-75
-95
-76
-60
-81
-74
-71
-88
-78
-68
-68
-67
-56
-62
-65
-50
-58
-59
-52
-37
-40
-35
-21
-31
-14
-30
-35
1
-11
-21
0
13
6
10
9
9
25
12
8
46
34
21
48
37
35
46
47
55
46
59
54
48
73
58
53
72
77
70
70
76
68
66
74
77
68
80
79
72
75
67
75
62
66
77
64
80
71
67
66
55
65
50
52
60
45
49
47
41
38
36
30
23
37
22
6
27
16
-8
11
16
-11
-8
0
-16
-18
-17
-31
-29
-30
-38
-32
-34
-43
-41
-46
-54
-45
-44
-58
-55
-47
-54
-52
-57
-67
-57
-56
-66
-65
-52
-67
-69
-56
-72
-70
-64
-70
-72
-68
-70
-73
-69
-69
-70
-61
-64
-65
-54
-60
-58
-49
-52
-49
-37
-45
-42
-20
-29
-36
-17
-13
-27
-10
-1
-14
1
2
0
7
7
7
13
17
13
24
24
29
25
28
41
30
44
47
40
50
51
58
55
61
72
64
74
73
70
79
71
73
78
75
83
77
74
81
75
64
67
77
68
65
76
73
67
63
59
60
58
56
60
72
65
57
60
51
47
46
40
45
49
42
40
38
30
17
16
21
10
11
16
9
6
-5
-8
-9
-14
-14
-17
-13
-19
-26
-23
-30
-33
-32
-38
-39
-33
-37
-53
-43
-46
-57
-58
-55
-55
-63
-58
-62
-64
-67
-81
-66
-72
-85
-69
-76
-79
-75
-88
-85
-83
-89
-87
-80
-78
-82
-79
-76
-78
-77
-79
-72
-67
-70
-64
-62
-63
-56
-58
-56
-48
-48
-53
-39
-37
-46
-33
-32
-34
-26
-28
-23
-18
-17
-11
-8
-3
-2
0
10
8
14
20
16
29
27
28
40
41
43
49
52
52
52
57
57
63
68
65
68
70
68
69
67
71
71
69
70
74
69
62
70
66
58
66
61
61
64
52
55
55
50
45
47
53
47
44
44
41
38
36
37
37
39
34
24
33
28
23
28
26
33
25
20
21
15
14
14
15
14
12
9
5
-1
-2
-1
-12
-8
-6
-15
-14
-20
-26
-24
-27
-34
-29
-36
-43
-36
-47
-51
-50
-58
-58
-61
-61
-56
-71
-70
-62
-72
-75
-67
-69
-73
-67
-76
-78
-67
-73
-73
-65
-65
-64
-65
-62
-61
-64
-57
-51
-46
-48
-41
-40
-40
-30
-32
-27
-19
-21
-15
-14
-13
-4
0
-1
9
10
8
17
19
21
24
29
31
35
36
33
38
41
41
46
43
45
49
47
47
50
52
53
55
57
56
54
58
57
59
57
49
56
51
48
56
50
51
54
55
55
52
57
52
52
55
44
49
51
40
45
43
34
38
40
35
34
37
35
29
31
35
26
29
26
25
24
12
13
9
6
0
-1
1
-9
-10
-9
-14
-16
-17
-16
-22
-27
-26
-32
-37
-39
-42
-48
-50
-53
-53
-55
-57
-57
-63
-63
-68
-69
-68
-72
-71
-70
-72
-70
-68
-68
-67
-71
-65
-63
-64
-59
-61
-59
-58
-55
-52
-53
-46
-46
-45
-36
-40
-36
-28
-29
-25
-21
-22
-16
-12
-15
-12
-1
-1
0
10
6
12
16
11
18
25
23
25
31
31
32
37
38
37
38
40
41
39
39
44
42
41
43
43
44
42
46
47
44
47
51
46
47
50
43
44
47
40
43
43
37
41
44
35
38
39
32
30
31
29
28
28
27
25
24
22
18
19
14
10
14
10
7
12
7
1
1
-2
-7
-7
-7
-9
-11
-11
-13
-18
-16
-19
-23
-22
-24
-27
-25
-26
-32
-30
-30
-35
-34
-37
-38
-37
-39
-37
-39
-40
-39
-40
-39
-39
-40
-37
-40
-40
-36
-39
-40
-35
-36
-36
-35
-33
-34
-34
-30
-32
-26
-26
-27
-21
-21
-20
-17
-15
-12
-12
-9
-4
-6
-3
4
1
4
10
6
11
14
10
17
19
17
22
25
24
24
27
28
29
27
32
33
31
35
34
35
33
29
33
32
32
33
31
31
31
27
30
29
25
24
22
20
21
20
16
14
15
14
9
9
8
8
5
4
4
3
3
2
0
-1
0
-2
-1
0
-2
-4
-3
-3
-2
-3
-3
-4
-3
-4
-8
-6
-6
-6
-7
-4
-5
-5
-4
-6
-6
-3
-7
-7
-7
-7
-8
-9
-9
-9
-9
-10
-12
-12
-12
-13
-16
-15
-16
-17
-17
-19
-18
-18
-21
-22
-23
-22
-24
-25
-26
-26
-28
-30
-29
-27
-26
-28
-27
-26
-26
-26
-27
-26
-23
-24
-22
-20
-17
-18
-18
-14
-12
-10
-7
-8
-3
-2
-3
-1
4
6
8
11
14
16
20
20
23
25
26
28
29
31
31
33
34
35
38
41
40
40
44
42
41
43
43
44
44
41
43
45
41
40
41
39
39
37
33
34
32
27
27
25
23
25
21
19
20
18
15
13
14
11
8
8
8
8
4
3
4
5
3
1
3
1
-2
-4
-4
-5
-8
-11
-10
-11
-12
-16
-18
-19
-19
-18
-20
-23
-22
-24
-25
-27
-29
-27
-30
-31
-31
-31
-32
-34
-34
-33
-35
-37
-36
-34
-39
-37
-36
-40
-37
-36
-39
-36
-33
-35
-34
-32
-34
-32
-30
-30
-30
-26
-23
-25
-20
-19
-20
-17
-15
-14
-11
-13
-8
-6
-6
-6
-3
-2
-2
0
3
4
3
5
7
8
10
11
13
13
15
17
17
15
18
18
17
17
18
20
20
18
19
20
17
19
22
18
19
21
20
20
23
20
19
20
16
19
20
16
18
21
17
18
18
16
16
18
19
17
19
19
18
18
18
16
15
17
16
17
16
15
16
15
12
12
13
11
10
11
10
9
9
7
7
6
4
3
4
1
2
0
-3
-4
-4
-7
-8
-11
-10
-11
-14
-15
-16
-18
-19
-20
-20
-22
-22
-23
-24
-24
-26
-27
-26
-26
-28
-28
-29
-30
-29
-30
-28
-26
-27
-25
-24
-22
-23
-21
-20
-18
-18
-18
-16
-14
-14
-12
-12
-12
-11
-9
-6
-5
-4
-3
0
-2
0
1
2
3
3
4
4
4
6
8
7
6
8
8
7
8
10
9
10
10
9
9
9
9
10
10
12
11
11
11
11
10
11
11
10
11
10
11
11
11
11
12
12
13
15
13
14
16
13
13
14
14
13
15
14
13
15
14
13
13
15
12
14
13
10
12
12
10
11
9
9
8
7
8
8
6
6
5
3
3
1
0
1
-1
-1
0
-2
-3
-3
-4
-5
-4
-6
-7
-8
-10
-10
-12
-13
-14
-15
-15
-15
-16
-16
-18
-19
-19
-19
-18
-19
-20
-18
-20
-22
-24
-24
-22
-23
-22
-22
-22
-21
-22
-24
-22
-21
-22
-19
-19
-18
-16
-16
-16
-17
-16
-15
-13
-10
-10
-10
-10
-7
-6
-4
-3
-2
-1
-1
2
3
4
5
8
9
9
10
11
13
12
13
15
16
18
18
20
21
21
23
22
23
24
25
25
24
26
27
27
25
26
27
27
26
26
26
26
27
27
25
23
23
23
23
22
22
22
22
21
18
17
16
15
14
14
14
13
11
10
10
7
7
6
3
4
1
0
-1
-2
-3
-5
-7
-8
-8
-9
-12
-13
-14
-15
-15
-16
-15
-16
-18
-19
-20
-22
-21
-20
-22
-22
-23
-23
-23
-24
-25
-24
-25
-24
-23
-24
-23
-24
-23
-23
-22
-23
-21
-21
-21
-18
-17
-18
-16
-16
-15
-14
-14
-13
-12
-12
-10
-8
-8
-6
-5
-7
-5
-4
-4
-2
-1
0
2
2
4
4
5
5
6
7
8
8
9
12
10
12
14
12
12
13
15
15
15
15
16
16
16
16
16
16
16
16
17
17
17
17
17
17
19
17
17
17
16
16
16
16
16
15
15
13
14
13
12
11
10
9
9
8
6
5
5
5
4
4
2
3
2
0
3
2
0
0
0
0
-1
-1
-1
-4
-4
-4
-5
-4
-6
-7
-8
-7
-9
-10
-10
-13
-14
-13
-15
-15
-16
-16
-16
-16
-16
-17
-16
-16
-18
-17
-15
-17
-17
-17
-16
-16
-17
-17
-16
-17
-16
-16
-16
-16
-16
-16
-16
-17
-17
-15
-15
-14
-14
-13
-12
-13
-13
-11
-11
-11
-9
-10
-9
-7
-8
-7
-5
-5
-4
-2
-1
0
0
1
3
3
5
4
4
7
8
10
10
10
12
13
14
14
15
17
17
20
19
20
21
21
22
23
21
21
22
23
23
23
24
22
24
26
24
24
24
25
25
25
25
23
25
26
23
22
22
21
20
20
18
17
18
18
17
16
16
15
14
14
13
11
10
9
9
9
7
4
4
2
2
1
-1
-3
-4
-3
-4
-5
-7
-8
-8
-8
-10
-12
-13
-13
-15
-16
-18
-18
-18
-19
-20
-21
-22
-23
-23
-22
-24
-23
-23
-22
-23
-23
-23
-24
-24
-24
-24
-24
-25
-25
-23
-24
-24
-25
-24
-22
-21
-20
-22
-22
-20
-18
-17
-17
-16
-15
-13
-13
-12
-10
-9
-9
-7
-6
-5
-4
-4
-3
-1
0
-1
0
1
2
3
3
2
3
5
7
5
6
7
8
9
9
9
11
11
11
12
12
12
13
13
14
14
13
14
14
14
14
15
15
15
14
13
14
14
14
13
13
12
12
13
13
13
12
11
10
10
11
11
10
10
10
9
8
7
7
7
6
5
6
5
4
3
3
2
2
1
1
0
0
-1
-1
-1
-2
-2
-2
-4
-4
-5
-4
-5
-6
-6
-7
-7
-7
-8
-7
-8
-8
-8
-9
-8
-9
-9
-9
-8
-9
-10
-10
-10
-11
-9
-8
-9
-9
-9
-9
-10
-10
-9
-8
-8
-8
-8
-7
-7
-7
-6
-7
-6
-7
-6
-6
-6
-5
-4
-3
-3
-3
-2
-2
-2
-2
-1
0
0
1
2
1
2
1
2
2
3
4
5
5
5
5
4
4
3
4
5
5
5
5
7
6
7
7
6
7
7
7
5
6
6
7
6
6
7
6
6
7
5
5
5
5
4
4
4
4
4
5
4
5
4
3
3
3
2
1
2
1
1
1
-1
0
1
0
-1
-1
-2
-2
-2
-2
-2
-2
-1
-2
-1
-1
-2
-1
-1
-2
-3
-3
-2
-2
-2
-1
-1
-2
-2
-3
-2
-3
-4
-5
-4
-3
-3
-2
-2
-3
-1
-2
-1
-1
-2
-3
-2
-1
-1
0
1
1
1
1
0
-1
-1
1
0
1
0
0
1
2
2
1
1
2
2
1
1
1
1
1
1
1
1
0
1
2
1
2
1
2
3
2
2
2
3
3
3
4
3
4
3
3
1
1
0
0
2
1
1
1
0
2
2
1
1
-1
-1
1
0
0
2
2
3
2
1
0
-1
0
1
1
1
1
1
1
1
1
1
1
1
2
0
0
0
0
0
-1
-3
-3
-2
-2
-3
-2
-2
-3
-3
-4
-4
-5
-4
-3
-3
-3
-3
-5
-5
-6
-5
-4
-4
-5
-6
-5
-5
-5
-5
-5
-3
-4
-4
-4
-5
-4
-5
-4
-4
-6
-5
-5
-6
-6
-5
-5
-5
-5
-5
-6
-5
-4
-5
-5
-4
-4
-4
-4
-4
-4
-3
-4
-4
-3
-2
-2
-3
-3
-2
-1
-2
-1
0
-2
0
0
-1
2
0
0
1
2
2
1
2
4
4
4
4
4
5
6
5
6
7
8
8
9
9
9
9
10
10
11
10
10
11
10
11
11
11
12
10
11
12
12
10
12
10
9
9
9
9
8
8
7
7
8
6
7
6
6
5
6
5
4
5
3
2
1
1
1
1
1
-1
-1
0
-1
-2
-4
-3
-5
-4
-5
-6
-7
-7
-6
-7
-7
-7
-9
-9
-9
-10
-11
-11
-10
-11
-11
-9
-11
-11
-11
-10
-11
-12
-12
-11
-10
-11
-11
-10
-11
-10
-10
-11
-10
-9
-9
-10
-9
-8
-7
-7
-7
-7
-7
-7
-7
-7
-5
-4
-3
-2
-2
-2
-1
0
0
-1
2
2
2
2
2
3
3
4
4
5
5
5
6
6
6
7
6
8
8
8
9
8
8
8
9
9
8
9
9
8
11
11
11
12
11
12
11
10
9
10
10
9
10
10
9
9
9
8
8
8
9
8
8
7
8
8
8
7
8
6
6
7
7
6
5
4
4
5
4
3
4
4
3
4
3
3
3
3
1
0
2
2
2
1
-1
-1
-1
0
-1
0
-2
-2
-1
-2
-3
-3
-5
-4
-5
-5
-5
-6
-7
-7
-8
-8
-8
-9
-9
-9
-11
-9
-9
-11
-12
-11
-11
-12
-12
-12
-12
-13
-13
-13
-13
-14
