3
1
0
-1
0
2
2
2
2
0
-1
-4
-3
-1
0
1
2
1
0
-1
-2
0
0
0
-1
-2
-1
-2
-2
-1
1
1
-1
-3
-3
-2
-2
-2
0
-1
0
0
-1
-3
-2
-2
-1
-1
1
0
0
-2
-4
-4
-3
-2
0
0
0
-1
-2
-1
-2
-1
0
-1
0
-1
1
1
0
0
-1
0
0
0
1
1
1
0
0
1
0
1
1
2
3
1
1
2
0
1
2
1
3
4
4
4
5
5
4
4
3
2
3
3
4
5
4
5
3
4
3
2
3
2
3
3
4
4
3
4
4
3
5
4
3
2
1
1
0
-1
1
0
2
2
3
3
0
1
0
-2
0
-1
2
1
1
2
-1
0
-2
-2
-2
-2
-1
-3
-2
-2
-1
0
-1
-2
-2
-2
-3
-3
-2
-2
-2
-3
-5
-6
-5
-7
-5
-6
-8
-7
-11
-9
-9
-9
-6
-8
-11
-12
-14
-11
-11
-9
-8
-13
-11
-13
-12
-9
-9
-5
-8
-9
-9
-10
-7
-6
-1
0
-2
-1
-4
-3
1
3
5
3
2
2
1
4
3
3
2
-2
-1
-3
-3
0
0
0
0
-4
-5
-6
-5
-2
0
2
-1
-1
0
2
6
10
10
11
10
12
17
20
27
25
26
23
24
27
27
30
32
34
36
33
34
33
33
35
32
28
25
21
23
23
25
24
19
17
9
8
7
6
7
6
6
3
-2
-4
-8
-7
-5
-5
-3
-3
-4
-2
-2
-3
-6
-10
-12
-15
-11
-9
-8
-9
-14
-16
-20
-22
-22
-21
-21
-22
-25
-27
-30
-33
-31
-32
-31
-34
-41
-45
-49
-47
-46
-50
-48
-57
-59
-62
-66
-70
-78
-80
-80
-79
-79
-82
-84
-83
-85
-86
-90
-86
-74
-63
-50
-43
-42
-39
-37
-27
-11
11
34
47
51
50
48
58
73
93
108
107
103
92
87
94
96
106
104
94
80
59
46
38
36
40
36
29
13
-6
-15
-21
-18
-18
-23
-28
-36
-39
-38
-38
-32
-32
-32
-33
-32
-22
-13
0
13
18
24
27
33
51
67
87
98
102
108
111
121
134
147
160
159
159
151
147
150
150
154
149
136
119
97
86
81
78
77
68
52
34
16
6
0
-2
-7
-15
-24
-40
-50
-52
-52
-46
-52
-61
-69
-78
-80
-77
-72
-69
-73
-79
-87
-93
-91
-92
-86
-83
-88
-89
-100
-100
-102
-105
-102
-105
-104
-111
-114
-115
-116
-113
-124
-133
-143
-156
-162
-168
-166
-161
-158
-155
-155
-154
-155
-153
-148
-132
-103
-81
-62
-47
-36
-28
-18
-4
14
42
72
91
97
86
78
77
93
117
129
128
113
98
86
84
88
89
92
84
68
53
29
17
13
14
16
5
-15
-40
-54
-56
-53
-47
-49
-58
-65
-67
-57
-39
-27
-18
-11
-9
-3
6
16
39
65
89
106
118
133
147
170
193
210
226
230
233
245
257
279
291
294
289
275
265
254
244
240
231
225
205
182
157
133
120
102
84
64
36
14
-7
-23
-30
-40
-53
-73
-93
-105
-119
-120
-118
-118
-118
-130
-141
-147
-149
-140
-131
-124
-125
-131
-133
-133
-129
-121
-119
-114
-120
-132
-134
-148
-143
-145
-147
-146
-167
-176
-201
-212
-212
-220
-217
-235
-247
-263
-284
-301
-310
-296
-262
-243
-226
-232
-250
-243
-242
-196
-155
-111
-67
-63
-46
-48
-35
-4
28
92
135
154
151
123
124
145
179
222
220
205
180
141
136
131
146
155
141
128
89
59
43
34
51
54
49
25
-18
-39
-44
-37
-19
-27
-39
-52
-68
-54
-45
-24
-2
4
18
16
31
55
77
116
141
163
176
184
212
244
281
316
317
321
323
329
351
361
375
370
355
347
327
318
311
303
292
266
238
203
167
144
124
108
91
59
22
-15
-44
-53
-62
-69
-82
-106
-126
-151
-160
-159
-158
-155
-157
-164
-174
-178
-175
-167
-159
-153
-156
-166
-168
-166
-161
-156
-148
-145
-155
-171
-187
-188
-180
-177
-178
-189
-205
-223
-254
-273
-282
-285
-289
-310
-342
-368
-381
-365
-326
-298
-283
-301
-322
-340
-330
-275
-211
-131
-91
-92
-102
-119
-91
-33
55
137
162
151
119
104
135
185
249
280
270
241
190
170
174
191
215
213
192
145
91
66
61
82
96
79
47
-1
-41
-51
-44
-17
-9
-28
-52
-86
-87
-73
-53
-22
-10
-3
-17
-29
-18
15
69
115
142
151
157
169
208
253
303
336
342
347
345
359
386
413
434
430
416
391
371
367
368
368
358
324
285
241
209
187
165
147
117
76
37
4
-17
-34
-38
-48
-71
-96
-127
-146
-146
-139
-134
-133
-141
-155
-171
-178
-175
-168
-156
-154
-160
-163
-165
-163
-161
-159
-160
-169
-177
-180
-188
-192
-206
-219
-230
-252
-259
-286
-299
-323
-362
-393
-431
-423
-397
-354
-354
-403
-428
-436
-412
-384
-332
-265
-211
-191
-205
-212
-186
-121
-38
54
101
95
68
66
121
180
225
247
248
241
227
210
207
219
234
240
218
185
136
107
109
121
142
112
69
24
-11
-11
-21
-16
-21
-42
-58
-83
-90
-88
-80
-67
-60
-61
-64
-82
-65
-33
1
35
48
65
77
93
134
190
234
256
263
284
319
347
380
401
424
439
429
432
418
421
431
432
437
391
344
301
282
295
286
259
209
144
101
60
48
51
30
10
-34
-80
-102
-131
-127
-118
-114
-122
-159
-184
-196
-182
-155
-141
-140
-158
-184
-190
-181
-160
-144
-145
-143
-151
-169
-186
-196
-179
-164
-162
-182
-219
-260
-285
-285
-271
-271
-301
-341
-379
-418
-456
-490
-485
-439
-392
-380
-430
-460
-473
-461
-430
-381
-300
-235
-191
-183
-184
-162
-127
-47
60
144
180
161
149
177
218
272
318
354
359
323
287
264
261
266
272
278
257
212
160
125
129
143
136
115
79
35
5
-14
-9
0
4
-13
-42
-60
-69
-64
-48
-24
-8
-8
-16
-17
-5
21
59
100
134
142
139
166
203
254
291
322
353
368
386
389
403
430
451
464
457
441
414
390
390
399
391
365
319
272
231
204
189
171
147
104
50
8
-23
-43
-53
-58
-71
-103
-147
-172
-182
-174
-163
-162
-165
-179
-192
-205
-194
-169
-156
-154
-166
-171
-179
-177
-164
-148
-131
-139
-162
-192
-204
-207
-215
-229
-243
-259
-282
-313
-343
-369
-383
-409
-452
-516
-561
-533
-482
-436
-466
-498
-501
-503
-505
-507
-411
-282
-198
-174
-214
-226
-200
-115
19
134
205
195
164
188
221
260
308
367
427
403
341
272
231
252
280
318
315
245
155
81
82
109
107
93
69
31
-13
-62
-76
-57
-38
-29
-55
-76
-107
-139
-110
-62
-1
10
-15
-27
-37
-14
28
90
155
173
168
158
170
226
273
335
376
397
411
386
396
415
459
500
496
477
418
386
374
388
423
404
352
280
221
200
184
179
155
115
72
10
-25
-54
-69
-70
-87
-106
-142
-186
-203
-199
-170
-146
-160
-185
-210
-215
-206
-188
-164
-157
-166
-163
-162
-163
-169
-169
-153
-155
-157
-170
-197
-219
-254
-263
-285
-313
-330
-353
-361
-416
-474
-550
-609
-582
-522
-429
-417
-449
-506
-578
-584
-560
-432
-288
-168
-122
-184
-218
-225
-149
11
174
280
273
218
190
182
244
331
405
460
422
346
243
181
204
245
311
319
249
143
35
-8
10
48
85
70
13
-53
-122
-136
-108
-53
3
0
-24
-70
-92
-53
0
80
128
121
94
62
74
125
195
259
304
317
316
293
298
344
389
446
454
489
499
465
438
409
451
474
466
450
415
403
370
326
287
264
258
251
241
204
117
36
-3
1
19
-11
-53
-103
-145
-173
-200
-206
-210
-213
-218
-234
-245
-270
-279
-257
-223
-201
-213
-239
-242
-225
-190
-155
-135
-137
-151
-169
-184
-194
-193
-187
-175
-180
-228
-298
-371
-397
-400
-397
-445
-537
-590
-589
-522
-496
-504
-491
-489
-503
-572
-591
-494
-321
-137
-85
-106
-165
-205
-130
6
186
291
307
303
265
230
211
239
340
414
408
304
160
78
43
93
172
193
156
40
-76
-132
-140
-93
-41
-5
1
-68
-148
-194
-178
-87
-12
55
63
21
7
9
75
160
219
265
264
250
243
255
315
374
418
449
433
423
402
406
432
474
561
573
518
436
409
435
450
457
446
446
419
362
290
253
258
261
276
268
202
97
16
18
48
39
-11
-84
-133
-168
-210
-226
-234
-241
-263
-302
-317
-341
-358
-346
-315
-275
-290
-327
-340
-318
-279
-241
-206
-173
-170
-188
-190
-192
-154
-141
-137
-145
-175
-192
-239
-284
-316
-369
-413
-479
-542
-531
-483
-388
-381
-418
-475
-587
-631
-602
-427
-210
-89
-62
-135
-184
-209
-163
5
200
359
375
294
195
105
102
204
341
421
361
205
39
-66
-74
-17
71
123
72
-51
-187
-269
-258
-188
-86
-9
-12
-93
-204
-247
-186
-72
40
102
121
97
62
82
138
240
328
373
378
342
316
314
361
440
510
534
506
466
425
422
442
501
583
613
565
450
411
421
463
512
535
562
508
418
321
289
340
383
425
413
316
171
44
33
93
119
97
-3
-123
-236
-323
-336
-332
-298
-312
-383
-452
-534
-560
-544
-485
-411
-406
-447
-496
-497
-438
-359
-288
-241
-223
-224
-255
-252
-203
-160
-136
-153
-176
-225
-299
-366
-394
-415
-429
-432
-405
-387
-425
-453
-441
-402
-447
-505
-451
-317
-176
-120
-99
-93
-114
-111
-41
80
190
233
263
271
209
125
70
136
220
229
177
53
-73
-176
-195
-136
-88
-73
-116
-177
-242
-294
-290
-231
-144
-68
-47
-70
-110
-135
-92
10
118
204
235
232
218
229
275
334
406
451
454
428
393
395
420
456
510
534
524
486
438
425
507
617
680
637
542
508
487
529
581
669
741
700
626
499
450
458
495
611
639
536
348
174
131
139
174
190
122
23
-154
-304
-385
-421
-369
-355
-356
-414
-557
-670
-722
-665
-556
-489
-483
-533
-579
-601
-579
-476
-364
-307
-308
-331
-351
-357
-362
-291
-224
-231
-289
-428
-517
-604
-601
-480
-351
-293
-381
-410
-389
-426
-510
-518
-327
-101
-18
-25
-6
-9
-57
-98
-8
147
234
277
298
294
155
-22
-49
53
159
133
18
-96
-249
-381
-411
-345
-245
-220
-241
-270
-348
-417
-438
-344
-192
-88
-37
-57
-87
-98
-80
15
143
264
335
346
322
303
312
343
392
452
499
476
420
361
337
357
385
450
471
456
399
369
459
546
614
596
599
627
603
609
616
724
819
846
825
721
661
606
647
758
782
713
543
395
311
236
220
208
183
126
-33
-181
-326
-393
-372
-355
-315
-371
-470
-572
-642
-612
-561
-505
-466
-461
-490
-561
-609
-560
-473
-388
-358
-371
-397
-482
-552
-568
-516
-443
-443
-527
-678
-821
-846
-743
-586
-439
-315
-286
-419
-644
-720
-542
-215
71
234
303
216
0
-187
-172
70
360
563
624
450
116
-196
-284
-123
89
203
121
-113
-398
-676
-785
-698
-490
-304
-266
-337
-498
-666
-714
-590
-311
-45
63
27
-87
-155
-158
-63
153
371
510
507
421
337
283
310
402
525
600
550
423
298
248
270
330
427
482
472
378
317
403
517
636
654
713
731
686
683
704
891
1028
1101
1069
935
838
735
786
900
959
926
737
562
418
297
259
244
276
241
92
-58
-246
-336
-353
-301
-186
-194
-242
-358
-449
-442
-425
-354
-296
-250
-262
-323
-378
-412
-415
-392
-379
-370
-389
-503
-604
-676
-679
-678
-766
-875
-964
-943
-891
-829
-727
-580
-467
-561
-763
-820
-633
-322
-58
141
283
256
50
-156
-163
34
304
547
631
482
126
-239
-358
-248
-74
24
0
-162
-448
-771
-955
-920
-737
-538
-412
-417
-561
-744
-852
-770
-521
-236
-33
32
-8
-94
-152
-118
39
274
467
550
490
348
225
176
240
379
497
505
406
254
136
98
137
237
375
441
423
443
483
554
550
584
704
804
866
865
951
1033
1079
1066
981
966
937
966
1040
1026
917
700
539
465
409
371
321
276
176
40
-50
-141
-168
-151
-119
-65
-95
-138
-167
-166
-99
-23
33
14
-47
-70
-69
-33
-36
-88
-134
-233
-292
-361
-435
-471
-537
-590
-707
-884
-1039
-1096
-988
-885
-812
-678
-559
-516
-743
-922
-804
-520
-220
-52
157
265
150
-87
-254
-165
4
224
462
521
301
-152
-489
-511
-388
-252
-197
-234
-413
-733
-971
-1055
-974
-819
-658
-489
-476
-590
-721
-764
-624
-398
-165
6
66
52
-8
-60
-42
49
218
339
398
386
264
130
13
15
108
179
201
143
49
-42
-103
-67
48
213
335
380
420
459
527
617
708
850
957
1037
1073
1063
1074
1087
1146
1180
1166
1098
971
894
822
771
691
558
444
320
229
154
87
46
2
-23
-51
-64
-40
-30
-1
42
100
158
180
225
273
281
266
243
260
241
189
142
64
-14
-131
-228
-300
-377
-430
-533
-673
-863
-1016
-1037
-939
-817
-776
-672
-477
-359
-504
-762
-751
-455
-94
146
334
446
374
129
-148
-219
-115
122
374
505
332
-190
-718
-927
-790
-581
-465
-446
-579
-905
-1266
-1445
-1351
-1102
-830
-557
-429
-497
-705
-844
-729
-449
-94
163
296
275
125
-10
-71
18
191
349
427
364
192
-40
-229
-295
-230
-106
-28
-38
-149
-315
-446
-443
-266
-2
213
330
417
506
563
586
638
810
1034
1218
1306
1286
1222
1128
1067
1050
1065
1082
1043
979
859
666
427
227
164
183
204
178
96
-9
-120
-168
-120
-1
159
283
356
363
335
334
373
482
621
695
677
568
446
312
226
222
205
132
-37
-187
-315
-459
-592
-696
-739
-859
-1025
-1070
-927
-742
-654
-501
-289
-210
-402
-566
-392
11
338
510
676
738
576
218
-34
-18
131
297
397
353
11
-551
-992
-1102
-972
-854
-818
-848
-997
-1283
-1564
-1656
-1493
-1213
-907
-638
-519
-559
-697
-707
-533
-229
85
281
381
323
175
36
-12
42
111
186
210
129
-62
-308
-496
-579
-550
-452
-380
-367
-425
-521
-569
-519
-373
-159
60
370
677
850
823
709
741
852
1064
1265
1480
1600
1458
1181
785
560
529
673
911
975
807
343
-109
-351
-353
-171
18
193
201
46
-150
-294
-238
11
401
787
967
926
732
566
549
674
911
1082
1113
949
629
317
78
13
10
22
-9
-170
-385
-668
-860
-1040
-1092
-959
-750
-594
-591
-394
-95
61
-121
-288
-135
180
502
773
1133
1278
1052
567
164
59
148
400
636
631
192
-523
-1101
-1330
-1277
-1135
-989
-914
-1010
-1305
-1650
-1863
-1810
-1509
-1058
-619
-383
-379
-557
-677
-611
-326
46
331
498
496
353
73
-195
-270
-184
-34
-2
-71
-235
-514
-822
-1016
-977
-822
-679
-598
-561
-586
-648
-625
-422
-111
206
478
686
798
786
780
870
1085
1306
1436
1475
1371
1164
867
649
577
587
617
546
377
80
-233
-442
-500
-418
-291
-173
-146
-201
-274
-294
-197
17
336
650
823
840
765
718
745
861
1037
1157
1127
956
730
494
291
166
161
174
88
-93
-317
-519
-688
-780
-791
-703
-564
-432
-324
-227
28
317
439
339
282
472
750
953
1125
1355
1428
1225
825
467
285
259
370
490
419
4
-607
-1107
-1304
-1300
-1239
-1136
-1071
-1155
-1388
-1573
-1619
-1531
-1292
-910
-500
-277
-267
-351
-393
-313
-122
116
311
380
312
141
-89
-320
-472
-507
-475
-470
-541
-708
-934
-1161
-1270
-1233
-1107
-962
-833
-727
-647
-541
-396
-209
-13
258
599
860
958
936
943
993
1060
1145
1217
1241
1161
984
688
371
156
82
115
149
79
-161
-470
-677
-705
-623
-492
-314
-169
-110
-116
-95
-2
147
377
656
887
973
920
833
792
805
820
826
803
717
523
262
22
-132
-223
-254
-233
-250
-356
-568
-756
-855
-835
-667
-348
-37
212
494
774
821
548
384
637
1112
1454
1648
1830
1854
1530
932
457
340
469
688
870
798
272
-526
-1121
-1259
-1163
-1025
-857
-708
-767
-1071
-1396
-1538
-1435
-1120
-624
-123
153
108
-118
-302
-314
-143
123
362
455
365
110
-253
-613
-841
-871
-782
-702
-712
-858
-1127
-1434
-1625
-1585
-1354
-1069
-833
-656
-578
-551
-462
-233
101
423
735
965
1046
976
856
838
930
1077
1150
1088
876
555
213
-39
-99
-45
-6
-60
-222
-470
-717
-838
-775
-604
-428
-268
-154
-102
-118
-115
-9
214
508
765
909
899
781
641
541
547
614
666
607
430
207
-39
-286
-481
-503
-439
-401
-415
-473
-573
-756
-869
-803
-577
-252
29
340
739
1089
1084
702
500
764
1247
1586
1800
2029
2021
1617
998
494
322
397
651
968
994
498
-363
-1012
-1133
-985
-767
-495
-225
-234
-575
-927
-1083
-1025
-755
-240
320
603
511
248
4
-123
-78
122
393
526
424
102
-349
-789
-1095
-1182
-1083
-920
-829
-899
-1160
-1506
-1754
-1753
-1497
-1115
-758
-496
-370
-366
-369
-243
36
389
749
1046
1159
1049
828
654
605
665
766
791
679
423
53
-324
-569
-607
-500
-364
-283
-361
-569
-771
-840
-749
-559
-297
-45
117
159
123
97
133
288
520
726
822
778
611
392
223
159
162
153
105
14
-184
-484
-756
-858
-806
-690
-563
-457
-471
-678
-871
-880
-642
-297
103
652
1148
1264
891
471
441
750
1137
1513
1931
2149
1903
1311
645
176
40
300
866
1238
1005
260
-521
-916
-983
-840
-483
-1
294
159
-183
-490
-663
-661
-315
355
925
1056
818
499
229
34
7
218
533
660
502
137
-321
-786
-1154
-1236
-1058
-826
-729
-818
-1031
-1317
-1537
-1544
-1304
-922
-541
-247
-102
-84
-74
-9
150
413
762
1039
1087
962
767
599
477
440
479
474
348
108
-182
-459
-656
-726
-660
-535
-472
-516
-611
-663
-666
-608
-470
-253
-48
83
173
207
197
201
290
428
522
532
483
378
215
63
-38
-115
-193
-269
-342
-456
-638
-804
-883
-884
-850
-772
-692
-646
-697
-771
-746
-588
-331
-90
283
769
1096
984
579
407
574
856
1118
1412
1727
1725
1314
717
211
-2
61
436
886
964
533
-144
-586
-738
-732
-516
-113
281
358
164
-76
-268
-364
-226
253
815
1100
1015
782
551
327
174
198
388
552
539
344
4
-401
-785
-995
-969
-817
-657
-604
-675
-871
-1088
-1188
-1110
-876
-546
-185
80
210
237
238
247
328
576
862
1012
983
867
738
583
449
341
249
159
69
-53
-233
-429
-600
-685
-657
-572
-508
-494
-513
-528
-515
-447
-328
-209
-80
64
184
221
201
205
255
302
311
292
235
132
-1
-125
-214
-319
-431
-529
-626
-707
-776
-840
-910
-951
-922
-860
-808
-784
-778
-761
-694
-507
-271
-43
240
537
722
609
381
351
543
791
973
1174
1305
1179
799
364
115
57
161
392
582
531
170
-269
-524
-563
-471
-270
13
219
230
117
-2
-82
-83
115
478
804
930
879
747
560
391
318
377
481
519
460
281
-11
-346
-603
-690
-643
-550
-460
-424
-497
-657
-792
-818
-727
-517
-217
70
278
367
359
310
328
508
733
882
942
940
859
684
509
395
329
273
220
139
-29
-241
-424
-508
-481
-425
-378
-374
-406
-423
-418
-390
-347
-264
-125
31
139
183
182
157
154
183
229
257
235
161
57
-53
-171
-284
-372
-431
-498
-606
-741
-863
-934
-930
-901
-871
-868
-888
-921
-950
-898
-740
-493
-248
17
298
448
336
79
34
274
570
783
972
1161
1107
731
265
-8
-16
120
381
598
545
163
-313
-562
-616
-568
-426
-158
100
130
-8
-176
-286
-290
-125
233
597
789
781
662
497
335
287
378
525
624
625
520
277
-51
-335
-462
-434
-325
-214
-175
-249
-426
-606
-697
-663
-503
-249
17
216
331
353
339
366
460
603
747
889
957
918
831
751
672
544
417
316
228
157
74
-12
-112
-239
-346
-400
-382
-349
-338
-321
-289
-275
-270
-227
-136
-48
30
127
216
257
247
226
235
236
201
153
126
118
43
-102
-247
-351
-450
-556
-623
-682
-747
-822
-873
-868
-884
-929
-969
-970
-939
-936
-863
-679
-434
-144
95
185
33
-121
-47
139
311
471
741
946
854
557
213
-12
-104
-19
285
532
502
166
-222
-457
-596
-634
-517
-241
-16
6
-138
-308
-409
-460
-370
-92
277
501
508
444
383
324
260
289
419
542
575
498
379
192
-52
-233
-253
-145
-66
-60
-111
-227
-377
-469
-445
-341
-208
-52
139
310
402
401
358
359
449
619
798
948
1014
996
879
690
507
399
410
487
538
498
337
102
-113
-238
-259
-204
-133
-85
-96
-173
-272
-333
-309
-208
-43
145
269
280
217
176
175
197
242
333
417
407
311
177
30
-137
-283
-340
-341
-358
-438
-565
-714
-855
-930
-953
-943
-931
-952
-973
-979
-917
-793
-650
-446
-224
-37
0
-85
-126
-85
65
258
489
689
712
586
342
104
-48
-55
113
310
382
228
-49
-318
-541
-663
-642
-481
-327
-265
-272
-327
-449
-582
-565
-372
-107
99
245
333
334
277
221
212
247
310
391
463
456
344
167
-2
-127
-183
-162
-105
-62
-63
-122
-216
-299
-319
-267
-149
25
220
362
408
386
364
391
488
635
794
920
958
883
749
642
582
557
553
555
531
461
354
214
66
-37
-68
-60
-59
-59
-62
-84
-132
-169
-136
-55
18
71
157
259
307
276
255
306
362
376
364
360
330
216
72
-12
-56
-133
-258
-325
-349
-423
-542
-643
-681
-729
-800
-867
-927
-948
-940
-868
-748
-635
-535
-474
-387
-302
-271
-243
-170
-33
101
210
321
372
346
281
215
144
76
77
131
167
137
26
-117
-279
-419
-510
-525
-463
-409
-412
-445
-483
-541
-604
-583
-435
-235
-71
31
66
42
-6
-33
18
116
199
246
265
238
143
24
-49
-48
-4
45
88
90
32
-51
-104
-97
-35
39
100
168
228
269
273
271
316
397
496
575
629
659
645
631
633
639
630
613
619
616
580
521
461
387
309
271
276
279
233
173
131
96
53
21
33
70
112
133
142
151
156
161
163
173
197
204
174
134
107
81
29
-30
-49
-68
-138
-222
-262
-278
-332
-418
-487
-531
-594
-674
-703
-690
-652
-608
-570
-531
-534
-533
-486
-415
-343
-290
-201
-91
5
73
92
68
25
12
54
101
130
137
116
52
-50
-142
-203
-246
-273
-259
-243
-289
-389
-471
-503
-514
-502
-439
-335
-266
-279
-316
-307
-280
-272
-240
-161
-90
-80
-93
-90
-85
-98
-79
6
87
100
61
55
74
84
105
153
207
201
188
207
234
230
204
240
303
346
341
328
353
368
383
414
470
506
508
522
544
551
513
483
503
552
597
610
587
536
482
437
403
377
367
376
372
348
300
241
178
125
111
134
160
138
85
33
-12
-62
-101
-78
-31
-2
-12
-37
-74
-137
-174
-174
-140
-105
-88
-90
-130
-193
-255
-293
-299
-295
-285
-278
-312
-379
-452
-501
-522
-492
-405
-320
-290
-337
-388
-433
-466
-445
-371
-246
-156
-126
-131
-172
-228
-293
-270
-168
-62
-15
-23
-40
-110
-202
-263
-243
-186
-155
-145
-163
-206
-291
-380
-425
-421
-406
-399
-372
-340
-335
-364
-366
-333
-297
-255
-192
-108
-47
-6
29
74
112
132
176
236
294
311
321
331
304
251
210
223
238
250
265
282
266
218
192
201
239
271
309
339
353
359
372
401
425
471
537
597
626
627
633
623
616
612
626
635
605
558
513
476
415
347
292
246
209
172
126
68
13
-31
-62
-82
-92
-89
-84
-81
-82
-73
-62
-89
-132
-136
-95
-61
-54
-54
-61
-72
-102
-157
-190
-200
-184
-171
-177
-186
-225
-269
-319
-335
-345
-371
-387
-383
-358
-385
-416
-444
-443
-437
-446
-420
-393
-363
-368
-366
-356
-363
-357
-328
-267
-239
-236
-252
-263
-260
-256
-248
-261
-273
-297
-311
-331
-335
-313
-300
-287
-291
-290
-292
-298
-300
-278
-213
-146
-95
-82
-63
-50
-40
-17
25
100
153
174
179
184
166
142
154
192
256
289
312
326
305
275
263
278
290
335
386
418
423
394
378
369
374
391
440
498
524
534
515
505
499
472
473
514
509
481
485
459
404
385
368
307
321
335
295
305
276
214
180
172
154
133
160
151
82
52
72
14
-56
-6
8
-22
16
-3
-102
-94
-53
-65
-38
0
8
-34
-39
-31
-86
-91
-89
-93
-74
-91
-132
-217
-272
-279
-312
-313
-310
-362
-412
-448
-507
-579
-584
-591
-602
-573
-592
-619
-641
-672
-673
-656
-602
-550
-555
-549
-535
-541
-500
-437
-390
-344
-301
-268
-274
-277
-274
-271
-223
-160
-107
-76
-80
-107
-148
-145
-107
-86
-43
5
29
29
-2
-23
-42
-23
63
137
197
223
216
210
199
208
256
361
450
498
500
488
446
368
358
396
424
417
493
519
398
347
326
280
297
360
364
390
402
333
307
276
286
331
354
419
483
479
396
409
466
364
371
451
430
426
374
396
308
209
318
247
175
200
189
106
25
146
44
-52
84
65
22
-14
25
16
-69
13
42
-13
3
44
-1
-88
-53
-24
-91
-91
-46
-105
-184
-236
-290
-326
-399
-358
-332
-441
-436
-468
-565
-613
-611
-584
-621
-556
-520
-589
-585
-607
-583
-583
-558
-431
-454
-486
-435
-437
-481
-475
-436
-436
-400
-368
-365
-382
-412
-409
-404
-389
-383
-295
-275
-293
-197
-273
-288
-192
-192
-124
-84
-27
44
43
68
66
119
158
224
360
314
359
411
345
370
316
343
378
352
378
360
341
290
286
267
236
305
313
314
350
319
326
318
315
368
373
428
467
488
454
431
495
437
444
474
428
462
421
398
377
329
324
270
273
227
226
259
151
220
257
143
175
171
183
232
191
210
218
237
239
198
212
181
212
206
143
185
123
69
71
3
-9
-64
-131
-131
-160
-202
-284
-301
-310
-404
-376
-410
-445
-401
-445
-446
-408
-422
-439
-388
-384
-422
-406
-403
-370
-360
-408
-393
-361
-389
-423
-386
-399
-486
-448
-478
-516
-518
-547
-478
-545
-550
-472
-504
-465
-458
-459
-412
-381
-278
-302
-261
-139
-189
-146
-54
-24
-14
14
115
124
100
151
177
161
128
191
180
134
149
136
138
122
101
101
93
127
114
133
187
157
212
216
279
314
328
387
366
449
434
414
502
457
487
470
449
501
422
437
410
396
376
316
363
287
285
312
239
255
255
266
249
236
258
243
288
259
265
293
223
308
312
245
334
278
210
245
266
224
163
145
139
102
12
14
1
-70
-100
-93
-149
-229
-237
-293
-288
-264
-272
-261
-289
-278
-294
-287
-274
-297
-244
-252
-238
-173
-261
-300
-228
-257
-273
-242
-253
-294
-331
-345
-364
-421
-427
-395
-418
-433
-402
-413
-476
-424
-428
-467
-348
-335
-331
-321
-344
-277
-273
-225
-185
-162
-87
-136
-75
-47
-134
-27
-39
-31
30
-10
15
-32
-13
-19
-57
11
-3
-13
-8
-4
33
-31
-2
76
48
111
137
143
198
182
194
225
240
275
310
311
307
340
328
323
327
296
331
333
315
332
331
329
282
264
281
291
301
294
332
297
287
300
256
278
272
295
318
305
333
277
258
261
238
252
224
252
252
168
138
126
102
56
69
73
11
14
-13
-83
-102
-115
-112
-98
-123
-129
-101
-157
-177
-162
-211
-168
-156
-172
-158
-190
-186
-196
-233
-220
-216
-226
-227
-244
-249
-299
-300
-248
-298
-318
-285
-277
-317
-353
-304
-323
-317
-276
-307
-287
-268
-282
-252
-283
-245
-205
-243
-187
-208
-191
-180
-190
-147
-172
-149
-130
-137
-121
-122
-123
-130
-86
-86
-76
-58
-41
10
-62
23
14
-38
104
26
54
152
99
123
127
133
125
128
165
143
166
163
172
205
131
148
192
153
154
197
201
187
195
254
236
187
282
278
241
302
340
334
288
346
363
307
327
343
321
292
342
332
270
272
252
226
162
193
227
121
190
159
86
91
57
83
30
69
107
74
62
18
49
16
-18
35
29
43
11
-6
-36
-98
-65
-95
-90
-111
-143
-129
-232
-206
-214
-304
-271
-266
-282
-289
-284
-304
-355
-309
-303
-291
-263
-281
-224
-259
-277
-206
-249
-207
-170
-202
-137
-178
-193
-153
-224
-224
-197
-196
-207
-204
-184
-254
-254
-250
-269
-243
-231
-210
-200
-175
-132
-171
-141
-97
-114
-15
1
-2
76
66
79
121
112
115
138
150
143
145
135
137
140
90
93
120
83
82
69
28
82
105
46
79
114
86
123
154
138
176
214
215
255
280
281
286
304
294
300
326
304
355
304
264
327
225
222
250
173
200
208
172
157
134
98
87
125
94
135
179
88
141
147
86
154
147
156
198
169
160
167
141
89
127
88
45
90
36
-37
-30
-68
-152
-133
-167
-219
-184
-237
-265
-229
-328
-302
-264
-360
-280
-218
-331
-261
-205
-292
-213
-227
-264
-174
-200
-203
-141
-203
-223
-177
-261
-248
-195
-292
-243
-233
-318
-274
-311
-355
-308
-294
-323
-255
-234
-312
-198
-215
-224
-127
-141
-75
-83
-34
16
-9
72
26
54
78
47
162
66
72
159
29
55
78
58
37
43
51
14
56
-17
32
59
-8
105
70
38
117
122
112
159
180
185
240
212
238
267
223
267
264
247
246
255
265
219
244
227
185
185
143
215
161
125
229
164
156
153
173
208
164
233
241
207
239
258
269
215
260
286
218
246
273
215
170
183
161
122
92
104
76
16
-4
-20
-52
-101
-104
-73
-144
-159
-136
-160
-180
-177
-170
-176
-181
-187
-175
-176
-178
-211
-177
-184
-236
-157
-203
-272
-208
-251
-277
-281
-254
-278
-339
-269
-304
-356
-315
-318
-298
-303
-274
-244
-281
-220
-240
-215
-154
-176
-97
-107
-104
-59
-88
-65
-52
-55
-33
-34
-35
-41
-51
-75
-77
-43
-83
-91
-25
-82
-99
-33
-81
-43
-16
-45
21
27
16
69
45
85
125
97
163
187
152
182
196
165
172
206
189
182
220
178
191
178
139
143
138
176
138
146
189
137
150
158
152
184
172
223
264
228
267
246
230
275
274
280
294
301
270
275
269
205
212
205
163
206
154
113
143
68
58
65
23
14
41
17
-14
30
-49
-42
11
-69
-23
-5
-61
-34
-15
-85
-63
-29
-112
-85
-100
-160
-107
-145
-230
-159
-182
-265
-209
-255
-301
-243
-286
-296
-255
-275
-283
-250
-252
-265
-193
-211
-202
-141
-180
-147
-108
-146
-147
-93
-120
-135
-75
-167
-155
-109
-195
-118
-148
-206
-142
-171
-178
-191
-183
-185
-171
-152
-187
-111
-149
-140
-56
-125
-85
-42
-46
-27
-1
32
-2
39
77
14
65
80
43
105
70
51
118
64
46
100
41
58
117
62
106
125
77
151
161
100
182
205
178
278
246
242
324
245
296
329
262
338
331
309
324
305
306
265
253
254
246
229
225
228
177
169
155
134
124
121
133
134
101
97
94
55
114
74
69
96
30
108
69
-3
72
3
-32
16
-4
-43
-62
-56
-107
-115
-121
-170
-140
-185
-202
-158
-206
-210
-182
-227
-213
-170
-205
-206
-176
-150
-174
-159
-135
-169
-130
-128
-160
-114
-161
-162
-117
-200
-165
-149
-205
-188
-184
-214
-208
-204
-250
-219
-236
-233
-187
-226
-224
-180
-204
-204
-151
-187
-156
-123
-148
-91
-107
-108
-62
-91
-64
-55
-67
-14
-38
-36
-14
-25
-5
-25
12
-20
-2
36
-2
69
33
47
85
47
134
115
97
175
176
170
204
244
202
247
285
240
285
283
251
312
285
264
324
251
246
296
236
242
265
206
219
245
206
209
195
167
185
193
154
176
189
119
172
161
110
145
122
126
124
94
111
114
68
50
76
38
8
49
18
-41
21
-9
-89
-50
-56
-85
-93
-86
-60
-101
-126
-79
-116
-136
-105
-91
-117
-133
-87
-111
-139
-91
-151
-174
-126
-156
-137
-166
-186
-180
-189
-213
-217
-198
-250
-220
-211
-258
-231
-243
-259
-251
-239
-237
-237
-227
-238
-221
-218
-220
-190
-201
-194
-162
-174
-148
-155
-143
-126
-150
-102
-92
-120
-88
-74
-88
-88
-59
-56
-59
-31
-55
-21
10
-30
25
23
-6
76
52
66
117
85
136
135
143
179
148
183
221
219
200
219
269
217
227
271
226
259
253
243
282
216
221
275
232
231
241
215
221
226
214
196
209
197
182
216
176
170
189
139
172
173
105
161
148
83
145
121
59
102
74
41
83
50
17
34
29
9
24
-4
-21
18
-34
-26
0
-47
-34
-31
-41
-41
-58
-86
-80
-47
-118
-93
-59
-170
-114
-111
-188
-133
-167
-196
-177
-197
-199
-221
-199
-237
-237
-206
-276
-220
-239
-280
-218
-271
-236
-218
-248
-236
-230
-232
-250
-193
-220
-222
-157
-200
-200
-170
-177
-155
-163
-136
-127
-144
-108
-103
-90
-112
-90
-51
-89
-42
-35
-47
-9
-13
-9
24
10
29
65
27
74
87
80
121
111
110
124
169
165
127
204
176
156
224
177
198
214
186
212
191
224
214
193
231
205
196
211
228
195
176
225
213
183
211
181
180
202
164
169
167
147
175
145
132
154
110
99
119
105
87
96
99
72
55
89
58
25
72
43
34
59
19
8
47
10
-12
10
5
-16
-5
-24
-60
-25
-28
-85
-65
-52
-101
-94
-86
-107
-137
-113
-131
-153
-131
-156
-164
-152
-184
-191
-170
-175
-191
-208
-198
-203
-197
-210
-211
-199
-226
-204
-203
-204
-208
-200
-192
-206
-183
-179
-181
-198
-166
-157
-191
-133
-164
-152
-98
-152
-131
-105
-103
-101
-90
-81
-65
-32
-57
-41
-6
-33
-2
11
7
49
36
41
73
77
70
87
95
100
118
115
126
127
139
131
137
160
124
162
156
124
185
149
146
196
141
166
203
135
171
175
147
199
145
167
183
152
181
139
160
143
129
157
121
157
130
121
159
98
116
128
94
119
122
118
96
101
94
78
109
72
64
82
62
62
43
29
32
19
30
16
-13
-3
-26
-30
-42
-42
-60
-59
-20
-107
-71
-91
-139
-71
-132
-124
-103
-133
-146
-155
-133
-169
-181
-168
-178
-171
-173
-184
-192
-189
-216
-191
-190
-213
-173
-190
-188
-183
-195
-178
-183
-147
-169
-145
-137
-148
-110
-159
-103
-95
-135
-71
-79
-76
-69
-68
-67
-60
-22
-53
-19
-5
-46
14
-2
-16
15
9
43
36
41
58
46
50
53
83
84
66
103
99
107
107
82
125
128
102
136
127
117
152
109
105
155
118
112
152
135
116
134
125
115
139
138
117
135
136
123
146
137
135
139
149
139
136
145
148
145
134
140
145
119
135
131
97
111
110
89
81
98
60
60
62
47
60
4
23
46
-9
11
13
-48
-43
-7
-41
-55
-37
-66
-82
-45
-92
-117
-83
-121
-116
-121
-133
-126
-166
-167
-170
-177
-164
-191
-178
-191
-209
-175
-227
-207
-197
-212
-187
-200
-168
-209
-188
-158
-204
-160
-171
-155
-146
-180
-125
-132
-144
-133
-129
-103
-107
-96
-104
-90
-71
-86
-75
-43
-50
-53
-9
-36
-22
-2
-25
23
5
14
33
14
71
30
51
92
49
93
72
93
90
81
112
87
125
92
113
129
74
132
108
97
138
107
130
123
110
157
107
112
172
118
145
173
139
149
134
166
155
122
176
159
142
164
159
143
126
165
153
118
157
155
133
122
130
140
89
124
131
79
121
103
80
90
62
76
74
33
71
59
9
45
25
-3
5
-7
-32
-17
-11
-76
-65
-62
-82
-65
-116
-130
-82
-116
-160
-124
-160
-161
-131
-162
-164
-190
-156
-171
-204
-164
-197
-186
-195
-181
-146
-225
-184
-185
-215
-157
-201
-174
-170
-177
-146
-185
-148
-147
-169
-133
-135
-120
-113
-118
-101
-95
-94
-96
-61
-62
-55
-42
-47
-22
-34
-25
0
-17
-7
12
29
-5
11
65
5
53
49
19
88
31
72
70
35
121
56
84
122
80
103
94
131
113
104
128
123
146
133
145
134
145
159
133
159
145
155
158
138
173
144
163
158
132
194
138
146
164
151
170
132
179
134
129
179
124
149
135
138
144
98
143
99
78
129
62
90
69
41
87
23
37
8
-16
19
-14
-5
-44
-26
-44
-75
-50
-103
-77
-76
-101
-94
-97
-113
-140
-119
-136
-153
-135
-137
-153
-154
-138
-185
-181
-169
-196
-181
-191
-176
-197
-197
-170
-218
-188
-186
-211
-172
-179
-162
-181
-184
-147
-170
-139
-166
-133
-113
-164
-93
-111
-132
-93
-115
-86
-79
-81
-71
-84
-65
-66
-45
-60
-48
-4
-57
-20
27
-43
-20
19
13
0
26
61
25
52
73
43
70
93
76
87
114
97
115
114
115
149
103
141
149
129
152
122
175
144
124
174
151
168
147
159
176
132
170
164
161
155
156
199
125
173
185
108
187
153
148
152
127
171
104
124
146
97
97
105
98
74
80
66
51
64
31
44
37
3
23
-10
15
-4
-24
3
-35
-24
-38
-45
-44
-71
-47
-74
-68
-58
-109
-87
-89
-115
-110
-128
-119
-118
-134
-144
-130
-140
-170
-142
-162
-158
-145
-172
-159
-154
-173
-163
-139
-179
-150
-144
-162
-135
-158
-132
-130
-160
-116
-118
-141
-114
-130
-130
-101
-94
-119
-98
-81
-103
-83
-95
-69
-54
-79
-47
-38
-26
-31
-49
-2
0
-17
32
22
22
49
33
55
41
64
89
56
77
113
102
76
101
117
116
113
106
135
145
117
142
135
116
178
144
131
155
158
160
143
165
163
161
162
168
159
148
159
164
154
143
164
138
130
157
122
122
114
122
133
90
85
104
95
76
69
87
47
54
77
14
63
29
0
55
-10
8
22
-37
-10
-9
-32
-38
-40
-49
-69
-50
-67
-86
-70
-100
-85
-104
-127
-75
-128
-135
-100
-139
-142
-128
-131
-159
-142
-137
-172
-147
-150
-175
-162
-147
-180
-156
-145
-202
-148
-158
-180
-132
-175
-168
-141
-161
-156
-136
-157
-143
-113
-154
-106
-115
-137
-90
-103
-90
-84
-73
-75
-68
-52
-52
-28
-54
-33
2
-32
-4
19
-8
27
29
30
45
38
64
65
70
57
92
98
55
116
124
74
111
139
90
115
143
111
129
132
142
141
121
137
146
134
150
147
127
157
152
120
138
152
131
129
142
137
115
142
115
118
132
91
130
100
107
115
72
97
91
86
65
64
82
54
56
52
39
36
28
33
18
3
16
11
-15
-28
-4
-18
-56
-28
-24
-56
-61
-41
-84
-88
-47
-99
-85
-81
-113
-71
-125
-127
-83
-145
-117
-100
-131
-128
-125
-118
-142
-134
-123
-150
-122
-139
-127
-111
-184
-111
-109
-164
-122
-130
-103
-131
-120
-87
-141
-93
-96
-97
-82
-105
-45
-86
-87
-24
-67
-75
-36
-30
-24
-53
-12
-7
-43
23
-14
-3
11
-9
56
-5
9
79
-7
52
59
13
64
38
67
63
56
85
77
86
72
100
91
82
131
107
100
129
124
125
121
121
123
122
145
132
113
138
137
130
126
132
126
117
144
136
106
121
140
100
108
120
81
103
104
76
97
90
59
83
79
45
68
47
62
58
30
66
34
19
39
24
-8
22
31
-28
-1
7
-18
-23
-40
-22
-36
-51
-38
-56
-61
-69
-76
-68
-111
-87
-83
-120
-101
-106
-117
-133
-116
-139
-137
-124
-147
-126
-150
-125
-131
-150
-131
-156
-118
-145
-152
-110
-124
-130
-119
-103
-141
-121
-91
-122
-101
-111
-69
-82
-107
-51
-92
-90
-49
-59
-72
-49
-36
-55
-35
-29
-39
-21
-24
-18
4
-6
-8
14
-3
8
36
18
14
31
61
50
22
66
52
41
79
53
78
68
67
101
68
80
92
82
68
97
119
68
104
119
81
103
81
114
98
83
119
102
117
83
105
115
82
105
103
85
106
108
88
100
103
74
89
98
68
90
72
69
95
51
60
82
37
37
62
26
44
35
3
39
20
-5
-1
-9
-13
-8
-32
-25
-25
-45
-47
-55
-33
-87
-80
-47
-86
-82
-80
-86
-94
-97
-109
-107
-93
-112
-121
-98
-126
-104
-105
-152
-96
-115
-129
-104
-122
-119
-100
-103
-116
-93
-116
-102
-77
-108
-103
-79
-72
-83
-68
-67
-53
-68
-69
-52
-55
-35
-38
-29
-25
-19
-6
-32
-18
2
-17
8
21
12
5
19
48
13
21
40
36
45
36
60
49
51
65
66
56
56
73
58
88
68
68
80
84
89
61
87
82
93
83
75
110
84
74
83
95
78
75
104
91
82
85
91
91
65
80
93
70
89
95
71
75
71
71
72
64
67
64
60
65
56
41
42
55
50
21
38
25
24
14
-17
28
6
-18
4
-15
-16
-27
-49
-31
-32
-58
-38
-52
-58
-48
-74
-84
-84
-62
-86
-89
-73
-84
-93
-92
-81
-110
-103
-90
-101
-101
-86
-93
-109
-88
-94
-82
-97
-119
-74
-86
-99
-78
-77
-73
-71
-71
-77
-62
-74
-65
-41
-67
-29
-16
-63
-31
-31
-47
-34
-41
-10
-10
-8
-7
0
-1
-17
25
-9
-13
45
8
24
40
27
24
24
42
24
35
43
45
47
54
71
44
57
63
56
64
46
75
77
59
83
73
60
74
86
76
70
82
78
73
88
88
73
81
86
80
91
65
66
95
60
80
86
56
79
68
68
61
43
50
57
60
39
55
42
12
53
20
5
25
-2
-2
6
-2
-10
2
-13
-30
-24
-47
-52
-34
-41
-48
-46
-50
-63
-67
-82
-94
-80
-78
-74
-89
-94
-76
-113
-112
-91
-102
-104
-88
-94
-116
-90
-107
-118
-79
-96
-104
-82
-90
-95
-86
-96
-82
-64
-76
-68
-64
-66
-68
-57
-53
-43
-38
-50
-26
-26
-40
-32
-25
-4
-6
-14
-1
8
5
-3
12
26
-3
20
41
14
32
35
34
38
23
35
55
39
45
54
43
39
65
58
28
72
65
46
71
57
74
63
44
81
89
65
70
90
69
67
100
93
74
86
92
90
88
95
80
89
97
88
97
75
83
89
70
86
86
77
69
59
73
57
48
66
48
48
49
42
34
21
20
14
14
24
4
-1
15
-20
-21
-10
-37
-24
-31
-41
-31
-50
-54
-51
-64
-78
-64
-70
-83
-78
-82
-85
-87
-84
-91
-102
-94
-98
-100
-89
-99
-104
-79
-86
-111
-91
-87
-103
-90
-89
-82
-75
-91
-75
-71
-84
-74
-81
-72
-61
-63
-60
-57
-53
-42
-52
-63
-37
-32
-54
-19
-15
-40
-9
-20
-15
-5
-22
4
1
0
11
14
18
14
23
12
19
38
22
27
45
48
39
36
54
56
42
46
63
67
56
68
76
64
66
83
83
62
86
88
71
87
91
92
87
84
92
85
80
90
83
91
92
89
91
70
82
76
67
85
77
78
72
78
64
60
67
46
63
57
40
45
42
34
38
36
20
24
16
-1
2
0
-10
-13
-7
-19
-30
-33
-31
-36
-48
-56
-48
-44
-64
-71
-60
-67
-72
-64
-85
-81
-86
-99
-79
-93
-85
-80
-92
-91
-96
-93
-96
-97
-99
-93
-89
-100
-89
-86
-91
-80
-83
-86
-79
-75
-81
-84
-71
-68
-62
-66
-71
-55
-53
-58
-51
-46
-49
-48
-28
-27
-47
-34
-23
-24
-20
-18
-6
-5
-14
-5
8
-1
10
19
7
16
29
31
25
25
36
46
50
44
47
55
57
61
67
54
62
80
73
78
93
87
85
79
74
86
67
80
116
92
94
102
86
75
79
87
88
103
97
90
87
68
73
62
69
87
68
88
71
55
53
40
53
47
61
56
38
46
20
7
12
20
23
15
29
15
-17
-21
-12
-20
-29
-6
-5
-23
-23
-42
-62
-52
-54
-57
-38
-44
-48
-43
-76
-79
-76
-88
-69
-63
-75
-63
-73
-97
-81
-89
-94
-60
-73
-87
-77
-84
-94
-84
-70
-73
-65
-61
-78
-80
-84
-83
-65
-63
-53
-39
-47
-55
-56
-60
-62
-46
-28
-34
-16
-15
-32
-23
-44
-36
-18
-26
-4
11
-6
-1
3
-12
-11
4
6
12
18
21
21
18
25
23
22
29
29
32
31
37
42
35
45
59
49
41
53
45
35
52
56
56
69
66
62
58
53
52
52
56
60
64
67
67
63
54
47
57
47
40
65
63
55
59
58
50
37
39
39
30
31
39
33
31
30
28
23
7
15
13
5
9
20
15
-1
4
1
-5
-13
-4
0
-12
-12
-9
-20
-23
-24
-26
-21
-26
-25
-27
-37
-33
-22
-37
-33
-22
-41
-43
-41
-44
-46
-42
-36
-37
-34
-38
-42
-39
-44
-52
-47
-42
-46
-47
-38
-35
-38
-42
-49
-37
-41
-57
-40
-32
-34
-34
-32
-21
-27
-35
-31
-29
-25
-22
-16
-17
-9
-7
-17
-10
-7
-5
-6
-7
8
6
0
9
16
9
10
21
20
10
17
25
23
30
25
33
34
23
29
27
25
38
37
36
48
49
34
40
46
32
44
44
40
53
42
46
53
43
45
46
46
41
38
43
42
35
43
42
31
37
30
26
28
21
29
27
16
26
20
8
11
11
3
4
11
9
7
4
-1
-4
-12
-13
-11
-15
-12
-3
-14
-14
-10
-19
-18
-24
-26
-23
-29
-28
-31
-35
-29
-34
-40
-39
-41
-43
-47
-50
-45
-46
-46
-40
-49
-51
-51
-58
-55
-60
-57
-49
-55
-53
-49
-51
-58
-52
-54
-57
-49
-51
-46
-45
-47
-41
-41
-40
-39
-37
-34
-35
-32
-28
-27
-22
-17
-16
-12
-7
-12
-12
-4
-2
-2
5
12
12
12
13
18
17
20
29
26
30
33
28
33
33
37
38
39
48
44
44
52
47
48
50
52
55
54
58
56
54
53
52
57
54
57
57
56
55
56
53
53
56
52
53
53
49
50
45
42
47
41
38
40
36
33
33
30
21
21
23
18
18
17
13
11
10
4
3
1
-2
-3
-4
-7
-11
-13
-18
-22
-20
-25
-27
-21
-31
-28
-29
-36
-34
-42
-42
-39
-42
-41
-42
-42
-47
-49
-52
-53
-54
-54
-52
-53
-50
-49
-52
-49
-50
-52
-50
-50
-48
-46
-45
-40
-39
-39
-40
-39
-37
-41
-38
-35
-37
-27
-29
-28
-20
-24
-26
-24
-23
-19
-17
-14
-8
-8
-5
1
-3
4
7
6
13
14
17
23
21
26
27
27
31
32
35
34
38
42
38
42
45
43
47
50
48
51
49
48
52
52
54
54
56
57
58
55
54
56
55
52
53
60
54
49
53
48
44
46
43
43
44
40
37
36
33
31
31
28
26
26
20
12
17
9
5
9
8
4
-3
-2
-8
-15
-19
-20
-20
-22
-23
-25
-28
-36
-40
-42
-46
-46
-43
-45
-47
-50
-52
-55
-61
-63
-61
-63
-57
-59
-60
-60
-60
-62
-67
-66
-62
-65
-63
-59
-59
-61
-57
-59
-63
-56
-56
-54
-56
-54
-48
-47
-45
-44
-41
-43
-42
-38
-38
-37
-32
-29
-27
-25
-22
-21
-20
-15
-14
-10
-6
-1
3
1
4
6
9
11
14
17
18
23
22
26
31
32
34
34
37
42
45
46
48
47
51
52
49
53
54
56
56
57
62
61
61
58
61
61
60
63
61
62
62
60
60
56
54
56
53
53
54
50
52
47
45
45
41
40
38
37
35
32
29
28
24
23
19
22
18
14
16
11
9
6
2
2
-3
-8
-8
-12
-18
-11
-18
-22
-21
-24
-25
-28
-29
-30
-32
-34
-34
-35
-39
-41
-41
-45
-48
-49
-49
-48
-49
-49
-48
-51
-50
-48
-52
-52
-50
-51
-50
-48
-48
-45
-45
-44
-42
-46
-44
-40
-40
-37
-34
-34
-31
-27
-27
-28
-23
-25
-22
-19
-19
-13
-11
-10
-5
-5
-5
-2
1
1
4
9
10
12
16
17
18
21
21
23
25
25
28
28
31
33
32
33
36
36
39
39
39
41
40
42
43
43
44
47
47
46
46
45
45
45
45
43
45
45
42
45
43
41
43
42
39
40
37
37
38
33
29
31
26
25
26
21
17
18
15
11
10
4
3
3
-1
-1
-4
-6
-7
-11
-14
-14
-19
-21
-19
-25
-24
-23
-29
-29
-29
-34
-33
-33
-40
-39
-41
-43
-41
-44
-45
-46
-46
-49
-49
-47
-51
-52
-51
-51
-50
-51
-51
-52
-51
-51
-53
-51
-52
-49
-51
-50
-49
-46
-45
-46
-41
-41
-41
-39
-39
-34
-34
-35
-32
-30
-29
-26
-25
-21
-18
-19
-15
-13
-9
-7
-6
-2
-1
1
3
3
9
10
9
12
14
15
19
20
23
24
23
29
31
31
34
33
37
39
36
38
40
43
45
44
43
45
48
50
48
49
47
51
51
50
50
50
49
48
48
47
48
47
45
47
46
44
41
41
43
40
36
37
35
34
32
30
28
24
23
23
22
17
14
14
12
10
6
5
4
4
1
-3
-5
-5
-5
-9
-11
-14
-15
-14
-18
-19
-19
-22
-25
-25
-28
-27
-29
-31
-31
-30
-32
-33
-31
-33
-34
-33
-34
-34
-35
-34
-33
-34
-35
-35
-32
-32
-32
-31
-33
-31
-28
-29
-27
-26
-28
-24
-23
-23
-23
-20
-19
-19
-16
-16
-14
-12
-12
-10
-8
-7
-8
-6
-4
-5
-2
-2
-2
2
0
1
4
2
7
7
6
8
9
11
11
11
12
13
14
13
15
15
16
17
18
19
20
21
21
22
21
21
22
23
22
24
23
24
23
24
22
24
23
22
23
22
22
23
22
20
20
19
20
19
19
18
18
17
15
16
13
12
11
9
9
8
6
6
5
2
0
0
-2
-3
-3
-7
-7
-7
-10
-12
-13
-16
-16
-16
-18
-20
-20
-23
-23
-24
-25
-27
-27
-28
-28
-29
-29
-28
-30
-31
-33
-31
-31
-32
-31
-30
-31
-30
-32
-32
-32
-32
-31
-29
-30
-29
-29
-29
-28
-28
-27
-25
-26
-24
-21
-19
-18
-15
-15
-16
-14
-13
-10
-10
-8
-4
-4
-3
-2
-1
1
3
3
6
7
7
11
12
13
15
14
15
19
18
20
22
23
24
26
26
28
30
29
29
31
32
32
33
32
34
35
35
36
35
35
36
36
36
35
35
33
33
33
32
32
33
31
29
31
29
29
28
25
24
24
21
21
21
17
16
15
12
12
10
6
6
5
3
1
-1
-3
-3
-4
-7
-7
-10
-11
-12
-14
-15
-17
-19
-20
-21
-22
-22
-22
-24
-25
-24
-24
-26
-27
-28
-28
-27
-27
-29
-29
-28
-28
-27
-28
-28
-27
-26
-25
-25
-26
-24
-23
-23
-22
-22
-21
-20
-19
-19
-18
-17
-15
-14
-14
-12
-10
-9
-8
-7
-6
-4
-3
-2
-1
1
1
2
3
5
7
8
10
10
12
14
14
14
15
17
18
18
17
18
19
20
19
20
21
22
21
22
21
23
23
23
22
22
23
23
22
22
22
22
22
21
20
21
21
18
18
18
17
17
15
15
13
13
13
12
11
10
10
9
9
7
7
6
4
3
0
0
0
-2
-2
-3
-3
-4
-5
-5
-7
-9
-9
-11
-12
-13
-15
-15
-16
-15
-17
-16
-16
-19
-19
-19
-20
-20
-20
-21
-22
-22
-22
-22
-23
-24
-23
-25
-24
-24
-24
-24
-24
-25
-26
-27
-25
-27
-28
-26
-27
-26
-25
-25
-25
-24
-24
-22
-23
-22
-21
-21
-18
-20
-19
-18
-16
-15
-13
-13
-13
-12
-10
-9
-8
-8
-5
-4
-3
-2
-1
1
1
3
3
5
7
8
9
11
11
12
14
16
18
19
18
19
20
21
23
24
24
25
27
28
28
28
29
29
28
30
31
31
31
32
32
33
32
31
31
31
33
31
31
31
30
29
29
29
28
27
24
23
22
22
22
21
18
18
17
15
15
12
11
10
9
8
6
4
4
2
0
-2
-2
-5
-7
-9
-10
-11
-12
-12
-13
-15
-16
-18
-20
-20
-21
-22
-24
-22
-20
-21
-23
-23
-24
-25
-24
-27
-27
-26
-27
-27
-26
-25
-25
-26
-24
-23
-23
-22
-22
-22
-21
-19
-19
-18
-18
-18
-18
-17
-16
-16
-14
-13
-12
-11
-10
-9
-8
-7
-7
-7
-6
-5
-5
-4
-4
-4
-2
-1
0
2
2
3
4
3
6
7
9
9
10
13
14
14
14
14
15
16
15
17
18
19
20
21
22
23
23
23
24
25
25
26
27
26
26
26
25
26
27
26
25
25
26
26
25
24
24
25
24
22
22
20
20
19
18
16
16
15
14
11
9
8
8
7
5
3
3
0
-1
-2
-3
-6
-7
-8
-9
-11
-12
-13
-14
-16
-17
-18
-19
-19
-21
-22
-22
-24
-25
-24
-25
-27
-26
-27
-27
-27
-27
-28
-28
-28
-27
-27
-26
-26
-27
-26
-26
-26
-25
-25
-24
-25
-23
-23
-23
-21
-20
-19
-19
-18
-17
-17
-16
-16
-14
-13
-13
-12
-10
-10
-8
-7
-6
-5
-5
-2
-2
-2
-2
-1
1
1
2
3
3
5
6
7
7
8
10
9
10
11
10
13
13
13
14
15
16
16
16
16
17
17
18
18
18
17
17
18
18
18
17
18
18
17
17
18
18
17
17
17
16
16
15
15
14
14
14
13
12
12
12
12
10
10
10
9
8
7
8
6
6
5
4
3
2
1
1
1
-2
-1
-2
-3
-2
-3
-4
-6
-6
-5
-7
-9
-7
-7
-9
-11
-10
-11
-11
-12
-12
-12
-13
-14
-13
-14
-15
-15
-14
-15
-16
-15
-15
-16
-16
-15
-16
-15
-15
-16
-15
-14
-13
-13
-13
-13
-12
-13
-13
-11
-11
-11
-10
-8
-8
-8
-8
-7
-7
-6
-5
-5
-4
-4
-2
-1
-1
1
1
2
3
3
4
5
5
6
8
9
8
10
11
13
13
13
14
15
15
16
17
19
19
19
19
20
20
20
22
22
23
22
21
23
22
23
23
23
23
22
21
22
22
21
22
21
20
21
20
19
17
16
16
15
12
12
11
11
10
10
10
8
6
4
4
3
2
-1
-1
-1
-2
-2
-4
-5
-5
-7
-7
-9
-10
-10
-13
-14
-13
-15
-16
-16
-17
-16
-17
-18
-18
-19
-19
-19
-20
-21
-22
-22
-21
-20
-20
-21
-21
-21
-20
-22
-22
-21
-22
-22
-21
-20
-20
-20
-19
-19
-20
-19
-18
-18
-17
-17
-16
-14
-14
-14
-13
-12
-12
-11
-11
-10
-10
-9
-7
-7
-7
-4
-4
-4
-4
-1
-1
-1
0
0
2
3
4
5
4
5
6
7
7
9
9
10
10
11
10
11
11
10
11
12
12
12
12
12
13
13
11
13
13
14
13
12
13
14
14
13
14
15
13
13
12
11
14
11
10
10
10
9
8
8
8
7
7
6
6
6
5
4
4
4
4
3
3
1
1
1
1
1
0
-1
-1
0
-2
-1
-1
-2
-2
-2
-2
-1
-1
-3
-3
-4
-4
-4
-4
-5
-6
-6
-6
-5
-5
-6
-6
-6
-5
-5
-4
-5
-5
-4
-4
-4
-4
-4
-4
-4
-4
-5
-5
-4
-5
-5
-5
-3
-4
-3
-3
-3
-3
-3
-2
-2
-2
-2
-2
-1
-1
0
-2
-1
1
0
0
1
0
0
1
1
1
1
1
2
3
3
2
4
4
4
3
4
4
4
4
4
3
3
3
3
2
2
2
1
2
1
2
2
3
3
3
3
4
4
4
4
5
4
4
5
3
5
5
5
4
4
5
4
4
4
3
4
4
5
4
5
5
3
4
4
4
3
2
3
2
1
2
2
1
2
0
0
-1
-1
-1
-2
-2
-3
-3
-2
-3
-3
-3
-3
-5
-5
-4
-5
-5
-7
-6
-6
-5
-6
-5
-6
-6
-5
-5
-6
-4
-5
-6
-6
-5
-5
-5
-4
-5
-3
-4
-4
-4
-2
-3
-4
-3
-4
-2
-2
-3
-3
-2
-1
-3
-2
-3
-2
-1
-2
-2
-1
-2
0
0
0
1
0
-1
0
0
0
-1
0
0
1
0
2
2
1
0
0
1
1
2
2
2
2
3
2
2
3
3
2
2
2
3
1
2
2
2
2
1
1
2
2
1
1
1
0
1
0
1
2
0
-1
0
0
0
0
0
0
1
0
0
-1
0
1
0
0
0
0
-2
-2
-1
0
-2
-2
-2
0
0
-1
-2
-2
-1
-1
-2
-1
-1
0
0
-1
0
0
-1
-1
-2
-1
-1
-1
-1
-1
-1
-1
1
-1
-1
0
0
-1
0
0
-1
0
0
0
0
0
1
0
-1
1
2
1
1
-1
0
1
1
0
0
1
2
0
0
0
1
1
2
2
2
2
1
3
3
2
3
2
3
3
2
2
2
2
1
1
2
2
3
2
2
3
2
4
3
3
4
4
4
5
4
4
4
5
5
4
4
4
5
4
4
5
5
3
3
4
4
4
3
4
3
2
2
3
3
3
3
2
3
3
4
3
1
1
2
3
2
1
2
2
1
0
0
1
1
1
0
0
0
0
-1
-2
0
-2
-3
-3
-3
-4
-3
-5
-7
-6
-6
-6
-6
-7
-8
-8
-8
-8
-8
-9
-9
-10
-10
-11
-11
-11
-11
-12
-12
-12
-11
-12
-11
-11
-10
-10
-11
-10
-9
-9
-10
-10
-9
-8
-8
-8
-8
-7
-7
-7
-6
