0
0
-1
0
0
0
0
0
1
1
1
2
0
0
0
0
0
1
1
1
1
0
-1
0
-1
-1
-2
-2
-2
-2
-3
-3
-2
-2
-2
-2
-2
-2
-1
-1
0
2
1
2
4
4
4
6
6
8
9
8
9
9
9
11
10
11
12
11
11
11
11
11
10
9
9
8
8
6
6
6
5
4
3
2
2
0
0
-2
-2
-2
-3
-4
-5
-6
-7
-8
-7
-8
-6
-7
-7
-7
-8
-9
-9
-8
-8
-7
-8
-7
-7
-6
-5
-6
-5
-6
-5
-4
-5
-5
-5
-4
-4
-4
-3
-5
-6
-7
-8
-8
-9
-10
-11
-12
-14
-15
-17
-19
-20
-20
-21
-21
-20
-19
-20
-24
-24
-25
-22
-18
-16
-12
-10
-10
-11
-12
-7
0
9
13
13
12
11
14
22
28
32
30
29
27
29
32
33
35
37
35
30
25
24
26
26
26
23
17
11
6
5
6
4
1
-7
-13
-18
-20
-20
-20
-23
-27
-32
-34
-34
-34
-33
-32
-28
-26
-26
-27
-22
-17
-11
-9
-6
-2
4
8
12
19
27
30
31
29
35
41
43
45
47
48
48
46
45
45
46
46
43
39
35
32
29
25
24
21
13
5
1
-2
-6
-10
-15
-19
-24
-30
-34
-36
-36
-39
-43
-45
-45
-47
-49
-49
-48
-47
-48
-50
-51
-46
-46
-46
-44
-45
-45
-50
-48
-32
-18
-16
-31
-42
-30
-17
-7
-4
5
18
16
7
-3
8
31
47
52
48
37
28
26
40
59
63
53
35
32
36
36
35
36
41
38
24
12
11
18
20
20
17
9
-6
-15
-11
1
5
-7
-22
-30
-30
-31
-32
-28
-24
-30
-46
-57
-54
-47
-43
-43
-42
-42
-48
-53
-47
-34
-24
-23
-21
-17
-11
-8
0
14
30
37
35
38
50
63
73
80
89
94
92
92
96
107
110
108
106
103
98
92
88
89
88
79
67
54
46
40
33
28
20
9
-5
-17
-22
-25
-30
-38
-50
-55
-58
-65
-70
-72
-72
-72
-78
-83
-84
-83
-79
-77
-75
-77
-79
-81
-77
-71
-72
-68
-67
-66
-71
-77
-76
-63
-40
-32
-44
-68
-69
-49
-33
-30
-27
-5
4
-5
-29
-32
-4
30
49
46
30
11
3
16
42
61
54
32
17
20
23
24
26
35
42
29
7
-5
-1
14
24
24
16
0
-16
-16
-3
13
12
-6
-19
-23
-22
-21
-19
-12
-11
-24
-39
-45
-41
-31
-25
-22
-21
-29
-38
-38
-23
-6
0
-1
-1
14
21
24
30
37
58
64
64
70
87
100
102
105
100
109
123
127
137
140
125
117
117
117
124
118
107
96
92
82
68
62
54
47
43
27
10
3
-8
-16
-20
-29
-42
-55
-61
-61
-62
-66
-82
-88
-83
-86
-86
-88
-87
-85
-88
-95
-95
-88
-87
-83
-83
-84
-85
-90
-93
-91
-90
-91
-86
-60
-45
-63
-90
-104
-76
-49
-47
-47
-26
-1
-16
-50
-65
-32
19
42
36
16
-4
-18
-8
22
50
45
19
-2
-1
9
3
4
19
32
22
-8
-22
-11
12
28
23
17
2
-16
-15
5
26
28
8
-10
-9
-8
-11
-10
2
7
-8
-30
-42
-33
-22
-19
-16
-13
-22
-40
-42
-27
-4
3
-1
15
20
19
10
19
59
82
79
70
86
109
115
114
112
135
157
153
149
148
148
151
150
154
156
144
122
114
125
119
98
80
69
66
56
30
18
22
15
-4
-23
-35
-41
-49
-55
-57
-59
-68
-84
-86
-78
-76
-79
-83
-80
-76
-81
-88
-87
-79
-76
-79
-84
-82
-78
-83
-85
-90
-91
-98
-113
-110
-103
-68
-64
-83
-113
-136
-101
-90
-78
-69
-44
-17
-43
-76
-99
-56
6
34
36
9
-20
-30
-15
17
51
49
30
9
9
13
6
15
36
55
47
12
-10
-1
26
43
47
34
18
0
-6
14
30
35
18
3
-2
-10
-17
-14
3
13
0
-32
-50
-42
-35
-24
-21
-21
-29
-47
-49
-35
-12
-3
-4
5
11
21
27
35
62
75
90
96
102
122
134
154
164
168
167
164
184
199
206
203
182
174
169
162
165
159
144
129
110
96
75
59
42
31
30
8
-19
-42
-55
-57
-62
-75
-90
-104
-115
-116
-116
-115
-119
-123
-120
-123
-123
-123
-120
-111
-112
-115
-121
-120
-112
-105
-98
-102
-104
-113
-120
-126
-123
-112
-78
-49
-66
-102
-143
-114
-78
-54
-49
-35
8
-5
-51
-90
-62
12
54
63
34
-4
-26
-27
8
54
60
31
-3
-14
-8
-17
-12
8
30
31
-9
-44
-40
-14
12
24
27
14
-12
-29
-13
18
33
26
6
-2
-4
-16
-16
4
23
18
-12
-34
-32
-23
-12
-5
3
8
-16
-31
-22
5
26
33
35
47
71
63
68
80
109
145
145
153
164
186
203
202
207
202
214
230
233
241
223
192
184
183
181
171
147
125
108
91
64
36
23
4
-8
-24
-52
-72
-91
-108
-114
-118
-130
-144
-155
-158
-149
-145
-147
-154
-148
-142
-137
-134
-129
-119
-113
-109
-112
-103
-104
-103
-92
-86
-80
-99
-106
-121
-122
-109
-81
-26
-40
-86
-151
-136
-84
-71
-53
-31
27
22
-51
-120
-106
-1
73
90
62
9
-39
-53
-14
54
94
62
22
-6
-11
-32
-43
0
60
81
22
-46
-66
-36
5
31
45
32
-8
-53
-46
-4
20
22
9
8
-8
-40
-55
-19
30
34
-1
-40
-41
-32
-22
1
23
42
20
-9
-16
8
33
53
74
98
88
61
92
116
160
164
148
180
184
190
196
235
265
255
225
189
218
248
251
253
223
186
155
127
128
143
128
91
58
35
-6
-40
-47
-43
-31
-57
-113
-138
-149
-152
-151
-149
-146
-157
-185
-193
-180
-164
-148
-149
-143
-146
-159
-161
-145
-111
-99
-112
-133
-146
-136
-140
-124
-125
-126
-169
-189
-162
-106
-34
-95
-132
-173
-153
-120
-123
-65
2
84
28
-86
-143
-112
19
119
165
117
26
-46
-57
19
99
127
103
71
25
-18
-72
-67
23
107
122
30
-82
-135
-113
-37
40
76
28
-60
-132
-128
-84
-39
-1
9
4
-59
-139
-151
-88
-1
36
14
-45
-91
-123
-99
-21
55
93
48
2
-21
-15
29
98
191
233
205
143
129
257
337
401
395
375
412
390
427
475
568
628
586
536
453
460
504
551
614
568
436
322
261
281
315
287
227
138
52
-51
-109
-103
-116
-115
-157
-247
-316
-399
-413
-364
-314
-304
-360
-450
-475
-440
-375
-319
-300
-329
-358
-379
-374
-346
-306
-272
-281
-303
-343
-398
-409
-404
-456
-381
-332
-198
-202
-357
-436
-492
-339
-311
-252
-150
-7
118
-52
-234
-346
-171
123
324
388
250
52
-87
-45
120
273
305
277
197
94
-33
-160
-105
61
222
233
43
-174
-301
-281
-134
20
61
-14
-193
-326
-340
-298
-208
-135
-89
-107
-245
-363
-384
-274
-131
-49
-25
-79
-161
-237
-198
-71
121
234
234
188
110
96
174
325
510
609
562
474
418
518
662
756
829
798
785
723
649
669
769
881
892
812
640
513
490
516
599
627
511
366
215
121
117
125
122
82
8
-115
-237
-291
-305
-261
-210
-247
-334
-438
-541
-523
-437
-362
-337
-420
-507
-520
-495
-442
-418
-395
-380
-406
-454
-523
-512
-452
-415
-417
-531
-651
-642
-570
-323
-198
-228
-366
-582
-563
-509
-321
-116
142
364
188
-138
-456
-353
128
548
765
632
335
34
-111
31
304
539
628
503
255
-46
-325
-311
-71
270
445
207
-189
-554
-685
-497
-209
12
30
-209
-509
-719
-735
-553
-341
-150
-104
-273
-509
-689
-628
-351
-55
113
89
-71
-247
-295
-165
140
428
558
516
343
207
199
339
627
869
945
832
611
530
581
710
877
958
976
860
647
507
541
686
818
836
690
502
335
280
354
469
518
451
297
123
26
1
51
123
157
83
-64
-198
-300
-262
-164
-118
-126
-233
-381
-454
-481
-443
-384
-352
-364
-435
-535
-607
-623
-583
-521
-473
-503
-572
-656
-699
-731
-757
-646
-560
-278
-197
-294
-459
-667
-508
-376
-182
0
274
546
385
37
-310
-199
254
671
951
868
567
186
-38
38
286
517
587
526
323
-63
-478
-633
-448
-49
204
52
-340
-792
-1037
-934
-639
-307
-180
-340
-652
-891
-959
-844
-617
-333
-120
-150
-370
-630
-645
-423
-104
191
316
272
72
-119
-110
170
503
707
734
611
464
328
345
518
754
897
856
746
592
533
535
626
785
868
867
687
520
450
528
702
791
800
651
487
407
405
523
586
593
544
418
325
230
178
184
206
213
153
22
-122
-228
-240
-181
-182
-241
-369
-450
-469
-475
-472
-501
-530
-565
-583
-605
-626
-623
-607
-577
-614
-684
-762
-810
-694
-577
-285
-92
-89
-243
-602
-586
-451
-164
108
387
715
608
215
-291
-346
77
583
1002
1030
719
200
-267
-348
-101
249
457
426
183
-256
-765
-1042
-921
-465
-38
-10
-333
-852
-1260
-1290
-986
-485
-115
-108
-382
-708
-881
-813
-558
-199
123
228
116
-157
-325
-308
-112
204
433
514
345
62
-126
-76
140
356
465
400
270
101
-4
40
168
274
381
378
442
487
392
359
312
511
680
734
757
750
879
899
867
777
708
769
809
905
929
784
593
371
301
337
336
310
213
71
-72
-232
-316
-313
-262
-167
-170
-232
-346
-487
-466
-367
-176
-8
-48
-147
-275
-318
-233
-134
-75
-86
-172
-277
-420
-488
-436
-352
-58
152
183
-128
-656
-724
-532
-208
37
322
636
489
-52
-653
-718
-275
271
761
875
579
-23
-642
-771
-485
-51
272
328
151
-284
-884
-1252
-1151
-611
-12
167
-56
-572
-1026
-1181
-988
-437
62
228
16
-334
-565
-637
-567
-294
94
365
336
34
-250
-413
-393
-216
65
301
259
-2
-249
-313
-248
-161
-57
84
170
86
-46
-101
-41
40
152
412
646
784
656
485
434
465
654
805
1036
1159
1088
889
601
514
520
614
774
828
766
459
88
-120
-156
-42
99
187
153
-59
-328
-480
-411
-161
84
256
295
198
62
-31
53
263
468
595
585
444
241
96
63
118
157
104
-35
-246
-476
-618
-670
-618
-558
-353
-185
-251
-578
-966
-875
-601
-320
-90
220
580
499
51
-389
-414
-35
439
869
1023
800
233
-340
-536
-390
-91
120
200
99
-274
-827
-1249
-1270
-923
-472
-240
-304
-613
-1009
-1232
-1131
-720
-305
-110
-139
-261
-393
-505
-528
-359
-39
204
300
201
58
-92
-224
-210
-74
136
213
134
26
-87
-189
-261
-247
-118
2
52
80
67
31
-55
-45
201
541
817
824
668
480
368
420
616
939
1174
1193
954
586
313
174
267
518
733
754
447
15
-335
-504
-428
-169
127
236
65
-232
-428
-437
-249
60
380
577
543
392
230
186
277
446
667
756
656
390
136
-32
-91
-131
-130
-172
-277
-381
-539
-644
-707
-391
-62
-43
-389
-664
-473
-251
-100
92
585
992
807
292
-80
13
312
603
942
1079
811
171
-402
-566
-471
-344
-240
-162
-241
-598
-1133
-1478
-1443
-1110
-751
-597
-597
-741
-944
-1079
-1005
-655
-300
-111
-78
-56
-45
-159
-303
-241
-8
208
251
183
147
-14
-253
-434
-381
-200
-141
-180
-212
-223
-362
-534
-572
-416
-216
-95
42
151
204
102
132
453
852
1118
1020
884
754
684
685
777
1094
1288
1209
792
269
-30
-139
23
300
473
373
-76
-538
-797
-821
-645
-347
-9
173
50
-232
-381
-285
40
427
786
982
906
721
550
542
621
708
796
800
693
477
209
-59
-266
-407
-471
-564
-611
-638
-674
-809
-823
-475
-143
-136
-484
-518
-167
120
235
507
1133
1525
1262
678
361
477
714
988
1296
1391
1003
222
-383
-607
-576
-550
-491
-391
-494
-900
-1484
-1807
-1723
-1402
-1086
-914
-818
-832
-930
-998
-885
-578
-296
-147
-10
180
289
183
-42
-104
-5
97
130
166
170
-8
-374
-689
-757
-711
-672
-634
-516
-454
-607
-818
-887
-753
-556
-338
-40
231
342
291
386
670
987
1179
1226
1263
1162
1028
898
929
1089
1138
1056
715
323
-23
-299
-318
-208
-59
-106
-369
-625
-857
-971
-949
-685
-275
-1
49
-15
-26
69
225
485
834
1088
1133
1000
864
778
686
644
643
637
507
240
-32
-281
-518
-683
-826
-903
-940
-931
-915
-945
-629
-149
168
-12
-347
-214
115
411
697
1372
2136
2236
1601
818
547
699
1051
1512
1871
1754
959
-28
-649
-830
-825
-735
-518
-362
-570
-1170
-1759
-2001
-1798
-1362
-934
-641
-532
-539
-605
-616
-488
-260
-15
173
372
581
597
344
-1
-192
-199
-174
-154
-88
-138
-438
-888
-1207
-1294
-1304
-1268
-1090
-781
-648
-780
-964
-951
-771
-527
-194
232
602
753
929
1127
1286
1265
1161
1173
1189
1213
1158
1179
1188
1034
666
76
-322
-493
-437
-280
-216
-238
-532
-908
-1177
-1188
-958
-666
-337
-32
168
123
-52
-69
196
613
940
1150
1260
1179
931
631
468
413
385
367
346
222
-141
-581
-943
-1111
-1160
-1208
-1174
-1136
-1058
-1045
-1066
-679
-23
527
418
102
236
597
898
1100
1864
2753
2870
2089
1077
724
780
1023
1420
1796
1758
895
-222
-957
-1159
-1147
-1082
-798
-529
-619
-1111
-1587
-1707
-1501
-1123
-691
-262
34
189
238
238
250
296
392
541
732
881
847
536
82
-298
-544
-709
-764
-701
-681
-917
-1386
-1725
-1834
-1843
-1800
-1592
-1123
-742
-637
-685
-626
-445
-239
84
585
1092
1391
1586
1720
1763
1545
1237
1075
1060
1121
1049
983
829
539
56
-563
-952
-1101
-964
-735
-562
-551
-790
-1051
-1225
-1144
-853
-442
11
341
537
536
422
376
523
842
1114
1263
1268
1104
788
390
90
-96
-186
-209
-264
-438
-750
-1104
-1446
-1653
-1678
-1541
-1393
-1309
-1187
-1074
-752
-139
563
835
544
367
537
885
1123
1673
2645
3201
2752
1532
604
368
548
967
1436
1691
1224
158
-841
-1366
-1477
-1428
-1079
-578
-282
-472
-932
-1171
-1110
-837
-474
-15
489
833
987
984
871
696
538
535
711
916
937
652
161
-349
-769
-1080
-1312
-1328
-1193
-1110
-1291
-1656
-1890
-1973
-1941
-1744
-1277
-662
-243
-65
20
102
166
281
627
1159
1646
1923
2024
1914
1561
1048
631
483
516
608
623
525
197
-383
-1028
-1463
-1488
-1213
-807
-452
-332
-492
-805
-949
-820
-475
-24
449
857
1019
930
721
607
665
795
949
1064
1078
887
464
-10
-424
-678
-797
-791
-736
-819
-1059
-1374
-1644
-1811
-1903
-1803
-1539
-1143
-866
-504
192
822
947
425
171
412
812
1147
1762
2801
3304
2684
1269
108
-214
75
725
1387
1698
1225
69
-1033
-1612
-1685
-1539
-1070
-375
129
71
-421
-825
-916
-689
-253
363
1028
1430
1505
1289
970
666
464
494
703
919
891
541
-12
-569
-1058
-1404
-1568
-1490
-1295
-1191
-1266
-1496
-1699
-1835
-1799
-1525
-998
-366
107
419
561
567
491
500
744
1155
1607
1933
1950
1661
1207
717
271
-17
-9
189
304
149
-244
-748
-1231
-1496
-1423
-1046
-571
-243
-143
-228
-394
-488
-398
-82
374
820
1109
1143
964
703
529
499
587
722
796
701
368
-81
-497
-809
-993
-1034
-902
-825
-964
-1287
-1543
-1560
-1545
-1561
-1573
-1362
-936
-649
-219
493
1174
1169
503
107
231
586
901
1669
2725
3044
2157
639
-342
-587
-354
255
1072
1542
1040
-105
-1084
-1519
-1650
-1566
-1011
-137
491
464
60
-300
-501
-484
-166
550
1343
1768
1717
1376
1019
644
295
198
429
721
698
324
-136
-583
-1078
-1536
-1722
-1509
-1183
-1019
-1056
-1154
-1229
-1369
-1407
-1178
-634
-19
443
784
944
881
642
511
700
1049
1332
1433
1415
1229
938
621
294
53
-129
-241
-361
-447
-502
-547
-577
-642
-690
-793
-812
-600
-261
90
308
408
384
296
243
321
513
684
744
702
657
549
370
186
67
-2
-129
-278
-409
-546
-696
-816
-866
-919
-1047
-1177
-1196
-1147
-1120
-1123
-1094
-1090
-1020
-857
-364
462
1140
1222
665
136
-37
-14
203
926
2024
2606
2076
810
-329
-873
-852
-305
540
1170
1082
332
-473
-1002
-1368
-1566
-1290
-502
319
669
561
270
-91
-351
-341
126
846
1396
1594
1479
1226
825
310
-94
-147
66
296
316
123
-257
-827
-1333
-1582
-1482
-1232
-1013
-825
-685
-647
-758
-872
-828
-544
-121
378
871
1173
1142
886
682
686
901
1152
1333
1367
1249
965
498
-1
-323
-375
-267
-157
-138
-275
-538
-817
-957
-872
-635
-356
-77
177
298
266
200
203
244
311
503
750
855
749
546
374
218
98
61
102
88
-67
-297
-542
-794
-1007
-1089
-1002
-897
-876
-946
-1013
-1038
-1126
-1216
-1279
-1097
-795
-340
461
1226
1403
743
17
-212
-128
84
671
1772
2571
2307
1080
-326
-1185
-1375
-878
86
892
987
319
-521
-1121
-1564
-1792
-1566
-860
0
555
702
493
51
-327
-346
77
714
1280
1627
1706
1517
1122
616
110
-197
-189
52
253
172
-150
-665
-1217
-1629
-1737
-1477
-1122
-862
-726
-605
-538
-613
-674
-486
-26
470
917
1293
1428
1259
967
851
915
1002
1064
1095
1150
1107
893
520
37
-385
-595
-597
-484
-329
-208
-186
-337
-599
-758
-721
-473
-65
346
610
722
697
571
405
293
350
477
606
684
665
517
239
-72
-266
-321
-363
-418
-428
-435
-516
-673
-748
-786
-911
-1043
-1034
-867
-745
-761
-858
-929
-826
-659
-283
411
1098
1276
759
162
-99
-107
24
557
1479
2121
1864
803
-421
-1181
-1301
-818
-3
612
680
148
-543
-1082
-1491
-1673
-1474
-847
-66
451
563
321
-69
-323
-257
115
633
1098
1360
1368
1170
867
509
138
-141
-250
-186
-79
-93
-313
-725
-1120
-1394
-1477
-1374
-1163
-925
-771
-596
-400
-281
-264
-208
55
444
842
1141
1264
1184
998
893
897
934
927
873
822
772
706
523
202
-132
-383
-525
-564
-456
-278
-183
-178
-207
-234
-304
-320
-153
125
422
648
782
783
624
436
338
350
383
391
416
454
398
195
-43
-231
-377
-481
-488
-386
-315
-304
-339
-428
-610
-823
-887
-767
-628
-558
-558
-586
-659
-680
-596
-409
110
789
1177
888
281
-44
-125
-129
120
869
1682
1790
1051
-62
-854
-1128
-934
-408
163
438
196
-275
-699
-1121
-1520
-1628
-1219
-504
97
397
335
54
-247
-282
-47
271
571
815
1045
1117
958
638
229
-203
-525
-538
-318
-141
-194
-411
-673
-1038
-1371
-1457
-1255
-968
-746
-454
-105
64
-33
-151
-66
171
493
841
1155
1259
1144
971
855
887
935
922
898
888
831
611
281
-54
-285
-347
-269
-133
-79
-125
-253
-375
-369
-284
-127
34
197
338
399
463
467
415
372
396
464
541
602
536
412
258
155
69
-29
-59
-86
-127
-208
-291
-379
-467
-512
-573
-600
-574
-528
-502
-579
-692
-722
-705
-625
-504
-294
201
865
1227
972
378
-14
-114
-89
200
927
1710
1832
1166
64
-795
-1165
-1070
-551
25
398
294
-172
-671
-1223
-1710
-1877
-1471
-651
63
417
349
30
-372
-554
-383
-9
396
700
964
1070
883
432
-106
-508
-714
-608
-318
-88
-115
-409
-771
-1189
-1501
-1539
-1296
-905
-576
-239
18
28
-213
-405
-268
73
467
823
1137
1242
1078
836
675
630
656
827
1077
1246
1183
835
355
-97
-387
-482
-301
46
295
279
20
-269
-520
-623
-469
-121
268
527
647
615
451
250
103
123
317
603
820
854
670
362
120
-20
-31
33
124
209
193
57
-174
-415
-623
-726
-678
-512
-317
-278
-408
-623
-799
-898
-882
-658
-370
53
660
1194
1245
666
60
-217
-172
103
700
1583
2074
1782
741
-361
-958
-1040
-621
-13
527
631
207
-343
-969
-1535
-1878
-1728
-1057
-313
217
285
8
-451
-740
-657
-371
8
311
627
826
752
469
86
-264
-580
-641
-388
-72
13
-228
-558
-950
-1336
-1496
-1306
-919
-694
-600
-474
-353
-429
-606
-576
-318
38
360
691
913
869
694
583
671
849
986
1098
1225
1249
1030
684
352
111
-70
-145
-73
71
182
103
-135
-421
-623
-649
-497
-142
213
375
376
347
314
205
120
194
437
712
873
887
794
613
346
173
197
329
397
347
245
60
-239
-549
-706
-728
-641
-490
-376
-414
-639
-879
-968
-950
-835
-559
-178
262
740
1028
893
396
20
22
219
567
1172
1863
2027
1475
498
-277
-577
-500
-50
476
769
544
-46
-559
-1016
-1442
-1659
-1407
-812
-301
-32
-103
-358
-683
-810
-626
-325
21
317
567
646
537
388
226
-11
-268
-268
-38
148
95
-145
-438
-813
-1131
-1199
-1055
-917
-920
-920
-822
-771
-842
-928
-834
-580
-270
63
376
541
481
481
739
1131
1365
1334
1185
984
790
682
723
856
864
630
218
-176
-438
-570
-552
-398
-254
-245
-318
-388
-493
-648
-669
-425
-4
379
582
615
525
400
369
490
732
951
1045
1015
926
789
564
310
99
-28
-94
-132
-155
-250
-469
-720
-887
-912
-923
-927
-882
-796
-759
-793
-722
-580
-332
156
699
962
753
473
424
455
546
902
1561
1947
1721
1077
513
214
14
30
241
447
405
93
-186
-536
-1044
-1506
-1603
-1276
-864
-538
-400
-411
-551
-699
-691
-559
-311
-70
202
504
728
800
653
388
111
-10
69
227
317
223
9
-304
-646
-899
-1013
-1030
-1096
-1149
-1074
-953
-966
-1086
-1094
-950
-736
-482
-150
135
258
418
723
1085
1277
1232
1112
993
952
979
1090
1216
1163
878
424
7
-296
-449
-409
-292
-191
-210
-323
-526
-796
-992
-997
-756
-372
11
258
311
238
167
228
413
668
918
1124
1247
1244
1130
906
637
398
260
209
178
130
-20
-275
-566
-779
-927
-1045
-1104
-1062
-992
-1008
-1079
-1087
-1010
-889
-583
-35
463
617
528
465
439
430
607
1102
1671
1885
1791
1427
952
487
202
310
538
666
541
272
-64
-568
-1108
-1443
-1402
-1164
-919
-707
-594
-631
-852
-995
-936
-742
-495
-203
197
526
690
688
589
420
241
260
414
543
532
413
242
-58
-379
-622
-782
-934
-1061
-1029
-933
-906
-1001
-1095
-1104
-1056
-880
-597
-318
-110
116
415
659
720
698
737
821
906
1033
1213
1324
1204
887
570
340
177
125
171
225
148
-65
-260
-457
-685
-880
-885
-669
-395
-206
-137
-135
-168
-179
-89
131
409
636
821
954
1004
951
812
672
579
563
590
581
473
286
61
-182
-380
-492
-577
-677
-770
-836
-902
-1029
-1112
-1073
-959
-844
-662
-311
24
174
127
87
165
274
506
823
1182
1369
1340
1222
986
754
574
574
671
683
594
370
122
-155
-396
-581
-752
-824
-806
-675
-592
-610
-675
-760
-800
-815
-674
-434
-188
9
144
271
284
234
162
112
114
136
222
289
271
114
-131
-355
-533
-624
-669
-606
-502
-461
-474
-526
-531
-550
-572
-523
-371
-158
33
222
353
452
485
434
344
272
346
524
716
813
771
593
323
119
39
98
211
275
275
179
34
-142
-304
-405
-403
-275
-79
91
106
14
-78
-123
-107
-30
132
294
380
367
350
330
216
94
64
152
196
142
91
70
2
-151
-283
-319
-296
-344
-440
-493
-508
-470
-421
-366
-324
-274
-200
-98
8
59
93
125
215
362
488
583
616
630
638
623
575
499
431
375
370
364
346
267
125
-21
-157
-241
-295
-302
-284
-285
-312
-349
-352
-373
-404
-390
-299
-184
-124
-92
-64
-51
-92
-143
-157
-164
-199
-233
-226
-224
-264
-345
-430
-476
-484
-424
-332
-270
-237
-192
-122
-53
-34
-34
-7
58
164
285
408
470
422
299
208
210
225
239
268
294
275
193
107
46
2
-15
6
37
55
63
53
20
-21
-4
66
122
142
153
178
188
183
189
212
219
168
111
87
92
95
62
24
-18
-60
-86
-121
-152
-177
-174
-172
-184
-173
-153
-134
-140
-162
-141
-109
-99
-105
-103
-92
-121
-92
-4
61
60
-18
-58
-78
-55
1
74
193
252
251
216
166
95
11
30
115
231
309
327
279
156
36
-43
-46
0
62
109
108
89
40
-29
-104
-140
-108
-49
13
34
40
14
-43
-135
-234
-285
-295
-276
-276
-287
-311
-369
-430
-441
-420
-451
-412
-302
-251
-207
-133
-112
-141
-114
-85
-77
21
168
218
215
211
148
114
141
168
178
160
148
130
136
144
139
147
137
97
49
35
94
149
166
205
199
191
221
168
98
151
226
237
303
340
252
170
107
64
91
122
95
98
142
93
-37
-148
-193
-202
-229
-148
-36
12
-34
-142
-153
-183
-204
-156
-70
49
57
49
32
-14
40
25
20
59
111
156
142
185
135
92
146
118
90
44
-32
-81
-92
-64
-47
-63
-122
-184
-229
-278
-352
-379
-346
-308
-249
-228
-210
-228
-243
-185
-152
-96
-41
5
63
80
112
119
89
23
-37
-31
-13
-14
-21
-22
-40
-100
-153
-169
-182
-220
-237
-188
-113
-76
-112
-149
-160
-173
-184
-141
-38
44
63
57
54
43
28
13
14
70
142
183
232
220
172
164
123
103
150
238
275
205
245
267
172
155
121
89
125
173
226
224
261
214
94
120
151
210
192
249
321
221
249
238
100
73
113
128
113
169
138
69
82
-23
-83
-82
-100
-138
-47
-25
-170
-107
-161
-213
-163
-185
-106
-107
-19
28
43
117
79
161
180
219
242
148
256
209
155
213
167
209
80
57
35
-90
-104
-156
-126
-203
-249
-269
-396
-397
-372
-416
-360
-300
-367
-372
-317
-351
-355
-317
-286
-290
-309
-273
-331
-294
-270
-286
-203
-205
-153
-186
-249
-242
-251
-203
-187
-106
-80
-135
-141
-189
-194
-192
-145
-112
-64
37
30
-4
-23
-35
-37
41
177
209
237
315
303
245
229
242
229
328
396
392
431
351
223
140
134
125
128
190
215
165
130
72
-44
-22
65
48
83
154
147
156
170
115
62
109
160
163
216
301
275
172
183
133
86
119
58
30
92
141
29
-19
-14
-142
-136
-127
-129
-46
11
102
79
108
155
80
142
171
227
330
344
356
324
356
298
242
261
222
232
159
106
98
72
19
-111
-111
-179
-261
-211
-239
-228
-302
-343
-319
-388
-327
-355
-371
-277
-320
-306
-308
-278
-302
-317
-212
-242
-196
-185
-276
-270
-298
-309
-307
-248
-223
-262
-238
-331
-334
-382
-401
-357
-291
-163
-193
-127
-179
-200
-207
-203
-40
-18
94
180
193
196
163
147
109
185
314
352
398
426
298
152
164
109
27
134
184
185
150
119
32
-54
-11
-66
-10
57
64
64
24
69
23
-6
72
50
95
185
195
216
161
201
123
76
148
61
146
167
163
154
21
36
-64
-129
-13
-39
-9
84
64
39
50
93
21
47
172
125
164
271
323
256
270
346
199
239
326
221
227
320
300
173
227
170
-7
54
-6
-48
36
-22
-91
-125
-135
-258
-266
-180
-257
-193
-191
-249
-148
-181
-221
-179
-167
-181
-183
-103
-121
-135
-175
-128
-80
-156
-132
-132
-173
-198
-229
-252
-256
-284
-256
-279
-215
-214
-272
-233
-310
-220
-261
-195
-51
-138
4
-95
-120
37
-35
49
117
217
259
112
225
127
90
165
0
137
129
85
106
-28
40
13
-116
-64
-107
-136
-76
-61
-35
-136
-72
-93
-225
3
-47
-16
162
93
195
102
128
120
45
178
122
291
241
174
237
33
105
81
-9
124
68
90
140
60
143
43
-15
46
23
60
102
137
168
137
223
155
132
198
82
204
218
218
302
278
202
193
164
98
96
125
85
18
36
-8
-53
-134
-154
-152
-236
-152
-173
-214
-152
-146
-178
-238
-148
-234
-166
-109
-127
-102
-69
2
-108
-29
-7
-49
27
-21
-54
-72
-105
-92
-153
-54
-17
-82
-87
-144
-184
-211
-166
-157
-81
11
-62
-38
-86
-134
-96
-171
-7
152
129
83
136
103
-98
50
53
21
194
116
85
97
20
-78
-82
-62
-84
8
-28
-95
-12
-112
-190
-101
-103
-169
-114
-19
-71
-47
-7
-33
-85
3
0
-61
50
58
28
67
107
69
94
86
46
45
79
92
107
140
166
193
154
67
142
141
74
182
171
203
176
178
193
51
147
149
104
212
183
184
82
135
120
-26
87
-1
-13
75
23
9
-58
-38
-141
-161
-101
-157
-28
-108
-91
-63
-176
-183
-218
-171
-190
-126
-73
-173
-93
-44
-127
-96
-44
-121
-118
-34
-139
-96
-48
-93
-32
-67
-29
-97
-39
8
-113
29
-26
-8
65
-19
75
-13
-20
53
13
32
106
111
67
113
118
50
-31
70
63
23
154
63
-48
-8
21
-78
-139
27
-2
-51
46
-68
-104
-33
-91
-72
-86
-41
33
-45
-16
-1
10
39
-75
0
-37
-87
-10
-43
32
-22
101
-1
-181
18
-40
-143
16
34
-15
113
78
-1
32
38
35
82
199
133
210
255
64
240
164
108
233
127
232
159
225
259
7
156
15
-14
90
-61
96
17
8
15
-179
-28
-189
-198
4
-96
32
28
-112
-81
-109
-110
-149
-39
34
-62
86
-62
-80
-11
-185
-103
-100
-95
19
-82
-109
-181
-241
-227
-220
-99
-185
-121
-88
-197
-141
-147
-146
-93
-27
10
49
56
7
51
53
72
61
135
205
90
116
39
48
84
48
83
19
55
-24
-126
-23
-155
-135
-48
-120
-9
-81
-40
-97
-64
-4
-137
27
122
82
95
134
141
114
90
136
82
118
174
99
91
159
52
-9
72
-14
-18
-14
-52
-98
-31
-28
-81
3
-17
3
-1
14
2
12
164
109
137
262
213
157
144
170
113
167
275
198
167
205
71
14
33
-23
-5
23
61
-47
-59
-100
-179
-153
-136
-85
-66
-22
-51
-22
-79
-98
13
-6
-18
91
101
18
91
66
-7
73
75
-38
17
36
-68
-95
-93
-109
-170
-128
-204
-237
-198
-217
-231
-295
-108
-205
-212
-102
-198
-118
-68
-28
-69
-1
31
-21
42
59
0
104
30
15
112
-22
12
-62
-21
-65
-168
34
-161
-141
-92
-218
-88
-175
-84
-160
-124
25
-193
22
70
-50
90
62
119
80
158
165
53
199
118
135
148
114
108
82
122
63
43
16
35
-3
-58
13
35
18
-8
16
5
-7
42
29
69
83
172
148
124
205
124
166
168
169
209
126
210
117
68
169
30
89
12
4
110
-79
-2
-40
-65
-55
-117
-13
-135
13
-33
-115
70
-16
2
30
58
28
83
104
34
145
81
65
62
90
33
-17
71
-38
-4
-70
-111
-89
-142
-148
-180
-137
-132
-184
-165
-185
-143
-117
-180
-33
-61
-105
29
-52
-46
4
-20
50
-33
76
15
-32
81
-124
-3
-77
-121
-50
-165
-115
-93
-173
-193
-148
-191
-217
-136
-97
-191
-80
-32
-141
-21
12
-68
14
115
113
23
100
148
-51
87
128
-19
115
68
25
11
7
-25
-139
-2
-52
-128
24
-79
-75
-29
-91
-53
-36
28
-29
83
147
41
139
87
116
125
138
174
121
244
81
138
210
9
131
133
15
85
45
64
11
-18
40
-87
33
-26
-26
74
-34
83
73
22
107
51
102
91
148
231
59
216
212
66
182
127
127
71
122
153
-66
126
49
-106
35
-84
-75
-90
-98
-52
-142
-60
-94
-106
-62
-148
-15
-53
-85
35
-17
-3
-7
20
50
-15
34
47
13
-24
-27
-11
-58
-51
-70
-79
-139
-87
-80
-216
-140
-143
-128
-156
-111
-59
-183
-32
-60
-120
-11
-31
5
-4
96
15
-19
155
-23
8
65
4
28
31
18
-62
-26
-7
-165
-78
-41
-179
-95
-49
-147
-170
-59
-106
-191
-59
-37
-128
-9
-10
-45
8
53
15
-26
58
84
47
22
103
77
5
75
44
4
29
61
16
-25
79
-35
-77
45
-24
-5
48
16
34
-11
68
27
52
137
60
200
106
120
216
82
135
185
137
144
178
135
127
132
76
33
83
58
-14
59
30
-12
16
-19
-54
-31
-45
-50
-23
-12
47
12
-5
69
-22
15
44
7
76
39
124
27
1
90
-67
10
1
-45
7
-9
-4
-102
-85
-80
-167
-51
-79
-144
-16
-64
-95
-114
-80
-58
-70
20
-42
7
68
-54
-2
7
-10
29
28
-3
-23
28
-50
-36
-62
-47
-46
-109
-77
-99
-100
-160
-84
-108
-152
-60
-130
-114
-96
-94
-106
-41
4
-93
-3
-6
-63
24
-39
7
45
-22
27
9
0
-6
1
-43
-18
48
-56
-43
54
-91
-69
67
-69
-23
36
1
-20
31
63
-42
124
72
5
129
118
89
83
137
93
118
130
95
102
131
91
58
95
76
31
50
34
-2
60
31
-21
25
-20
-39
6
0
-4
-18
51
4
-28
43
11
43
53
25
80
60
38
35
43
52
61
50
44
55
6
21
-23
28
33
-37
35
-31
-4
6
-92
34
-63
-13
57
-69
66
-5
19
19
-7
99
-25
60
72
-56
79
-10
0
70
-68
36
-15
-86
10
-117
-6
-80
-137
19
-176
-60
-95
-202
-34
-129
-91
-87
-124
-6
-139
-59
-49
-88
13
-74
-1
-30
-46
1
-58
31
0
-28
-5
23
11
-61
27
-7
-49
30
-53
-50
20
-64
-9
8
-24
-36
0
9
-24
20
25
19
77
50
7
64
43
74
68
79
109
42
94
81
32
73
34
84
26
-5
70
-35
5
26
-51
3
-41
-49
-26
-42
3
-35
17
16
-25
-6
1
3
26
11
25
95
2
30
43
11
72
24
6
57
34
9
5
0
-2
-9
6
-40
-24
43
-32
0
40
-67
41
25
-34
73
17
70
45
1
80
-19
53
37
-2
69
-21
34
-5
-55
6
-65
-27
-26
-74
-43
-93
-43
-107
-133
-48
-144
-56
-88
-121
-28
-71
-86
-81
2
-89
-24
-8
-44
43
-54
2
-14
-7
33
-32
12
-15
24
8
-84
35
-23
-29
27
-39
-15
-10
-12
21
-35
14
56
-38
69
36
24
74
25
86
57
55
54
48
90
24
46
101
7
65
52
-31
43
30
-1
-13
52
-5
-52
33
-77
-8
-4
-44
21
13
8
-74
62
-34
-33
63
-17
42
31
58
-33
13
71
-25
42
40
25
37
18
30
-42
18
43
-58
19
9
-21
-17
17
13
-53
55
4
-17
63
-20
25
11
34
52
-7
66
25
36
50
-20
6
23
14
-23
-9
30
-12
-45
-31
-30
-57
-34
-64
-39
-12
-40
-53
-53
-5
-82
-64
-16
-52
1
-32
-32
8
-21
-4
-58
-15
5
-55
1
11
19
-44
2
12
-73
54
-25
-60
67
9
-26
4
22
-42
-9
41
-63
21
63
-33
38
-8
-1
28
-15
45
-10
11
45
12
6
4
59
0
-4
88
-14
1
48
-32
15
9
8
3
1
54
-41
15
21
-30
63
-21
6
56
-18
5
12
17
-17
22
70
-28
26
31
-24
2
6
6
-32
18
53
-40
-32
56
-29
-29
31
9
-4
18
59
-17
-5
79
-10
-5
66
-6
6
28
1
-9
23
25
-33
6
1
-10
-43
-31
6
-43
-1
-27
-10
-64
-11
-4
-108
36
-37
-32
6
-45
-22
-70
16
-40
-70
30
-69
-16
-26
-84
-21
-66
-31
-21
-57
1
-54
-16
-49
-62
24
-86
-9
32
-46
-3
-2
-19
-42
-6
18
-54
-6
46
-37
-14
25
-35
5
-15
13
-24
-14
49
-54
34
3
-10
39
-11
41
0
25
38
-16
35
19
28
19
29
59
5
63
21
7
54
19
56
28
36
65
15
21
50
19
-2
73
63
-19
55
78
-50
29
77
-50
56
63
10
23
49
4
-27
70
4
20
68
3
56
27
-1
42
-11
46
44
37
34
21
56
-26
31
24
-39
69
23
2
15
23
4
-49
16
-20
-10
27
-11
9
-24
10
-28
-43
-4
-28
11
-39
-21
-17
-41
-44
-31
-18
-75
8
-33
-74
-22
-57
-15
-69
-9
-4
-113
8
-28
-92
-13
-19
-26
-51
28
-31
-113
36
-35
-55
17
-11
-23
-12
17
-74
-17
21
-73
9
7
-29
1
9
-4
-30
25
-9
-25
17
-7
26
12
32
19
-13
60
-21
4
34
-13
35
11
25
-4
6
24
-30
2
7
-18
-11
13
10
-30
-6
32
-36
-35
36
-34
-17
40
-3
-26
13
22
-37
19
3
-14
8
1
26
-13
24
25
6
22
22
6
9
46
0
21
54
10
13
54
13
-8
92
13
1
98
10
21
50
43
8
38
61
-2
37
22
20
30
1
42
-1
10
13
-36
9
-9
-23
-18
-23
-12
-46
-42
-22
-57
-36
-24
-46
-37
-18
-29
-61
-9
-20
-68
-11
-22
-7
-40
-23
5
-55
-15
-9
-56
-15
11
-46
-38
-3
-12
-63
-10
4
-40
-1
-3
2
-2
-10
12
5
-10
19
28
-9
31
28
19
-5
23
31
-25
31
9
22
15
13
29
-34
37
7
-29
37
-1
-25
11
10
-27
3
-4
-29
-11
16
-30
-19
26
-17
4
-1
-23
-6
-21
-11
6
-4
1
12
9
-9
6
1
8
16
14
23
22
17
5
20
11
19
21
29
38
18
36
24
37
34
39
37
44
50
19
53
46
28
28
56
12
20
60
-16
15
31
7
-10
24
14
-38
14
15
-46
-2
11
-42
23
-4
-32
1
-4
-26
-30
26
-32
-14
17
-42
6
-38
-28
-16
-40
-16
-48
-15
-36
-36
-18
-67
-28
-20
-46
-49
-17
-6
-48
-17
-29
-33
-4
-23
-38
0
3
-37
-5
-6
-2
-16
6
-15
-32
35
-26
-24
9
21
-27
1
10
-29
8
-23
9
-18
18
2
-26
33
-17
-19
0
9
-8
0
34
5
-13
18
4
-24
27
17
-6
29
14
9
-1
14
25
-22
21
15
10
16
1
35
-9
19
-2
-7
21
23
18
5
39
10
14
10
21
19
10
33
6
25
26
15
37
1
17
28
3
18
13
21
6
22
36
-28
37
22
-38
20
9
-11
6
42
-7
-13
42
-21
-28
32
-2
-6
27
-6
-9
-9
1
-17
-14
17
-17
-13
6
-46
-4
-25
-19
4
-34
30
-45
-6
-25
-38
5
-47
0
4
-16
-11
-37
-18
-11
-43
-15
-18
-4
-15
-44
-12
-31
-21
-20
-27
-9
-38
-7
-30
-13
-11
-30
-11
-22
-10
-20
-7
-18
-2
-19
-19
-14
-14
4
-25
9
-7
-26
3
-7
-25
4
28
-11
-5
22
5
-6
17
12
29
12
26
33
-2
42
17
16
22
30
30
13
39
31
26
20
17
28
25
10
58
21
22
56
9
42
8
33
37
14
65
10
27
41
-7
40
18
0
46
17
7
31
26
-14
12
30
-17
28
21
-6
14
18
-10
-8
17
-11
1
10
7
-22
6
7
-47
11
4
-35
-1
17
-29
-28
24
-24
-51
26
-18
-42
16
-13
-31
-28
12
-46
-27
3
-49
-3
-27
-13
-23
-39
-6
-48
-20
-21
-27
-15
-35
1
-46
-22
-23
-50
8
-44
-19
-5
-37
-20
-22
-20
-32
-3
-20
-32
-2
-20
-29
-14
-1
-30
-12
11
-17
-17
2
3
-26
-8
16
-25
8
19
-8
9
14
-6
-3
21
6
4
19
22
11
0
15
10
10
19
20
15
14
33
-5
15
33
-4
19
31
9
4
39
26
12
37
18
14
26
25
13
32
40
11
45
26
11
33
0
32
35
18
26
32
17
22
21
9
21
27
10
34
24
-10
42
7
20
23
6
20
29
11
-1
26
-1
12
24
-13
8
30
-33
4
22
-25
-21
4
-8
-51
19
-15
-61
9
-27
-54
-31
-19
-43
-35
-3
-46
-39
-21
-38
-53
-49
-26
-49
-21
-37
-40
-38
-60
-48
-78
-35
-34
-51
-22
-66
-39
-63
-53
-40
-42
4
-48
-7
-20
-58
-11
-19
-20
1
3
0
-10
3
-18
-2
7
-6
9
-3
34
-7
-15
30
-6
2
26
15
12
25
27
-10
19
46
-12
29
48
3
46
27
23
23
33
48
0
36
53
10
29
44
15
34
43
32
8
41
46
5
34
19
47
17
25
55
0
34
28
17
18
58
51
-12
59
30
-3
60
18
36
51
23
29
29
15
14
37
12
21
42
10
-5
36
-20
-10
37
-27
6
-1
-15
-19
-8
-8
-32
9
-12
-27
4
-19
-53
-5
-24
-49
-17
-19
-13
-60
5
-34
-87
11
-48
-49
-34
-25
-44
-58
2
-56
-29
-3
-47
-9
-26
-24
-15
-22
-4
-4
-10
-23
17
-8
-15
5
0
1
3
4
-30
13
-13
-10
31
-23
18
12
-8
4
-4
5
-13
29
-7
-9
40
-27
20
18
-20
16
-14
5
-14
-5
11
-45
36
-18
-25
22
-34
5
-27
7
-14
-19
21
-30
3
-3
-5
9
-3
2
3
1
-4
-2
4
-13
17
-3
-9
21
-19
17
4
0
25
1
26
17
15
8
14
32
0
42
20
-1
46
3
9
16
1
18
8
18
-9
20
18
-17
22
-10
-16
12
1
-25
17
12
-35
16
-5
-45
-7
-3
-39
2
8
-38
7
-17
-36
-16
-22
-19
-18
-4
-12
-18
0
-30
-10
-7
-42
26
-33
-15
26
-35
13
-7
-2
-10
0
30
-47
32
27
-33
38
10
5
4
3
15
-20
23
21
-20
33
21
-5
2
13
3
-16
13
8
-1
7
18
8
1
0
3
-1
-8
32
5
2
38
0
8
1
2
1
-6
30
-3
10
14
6
3
-17
16
-13
-9
11
2
-8
3
21
-28
5
17
-33
5
15
-15
0
22
4
-9
13
6
-10
20
22
13
20
14
23
-21
4
26
-22
14
30
9
-6
11
5
-36
19
26
-25
21
36
-3
-17
9
-13
-20
13
2
-2
6
30
-25
-20
14
-28
-11
17
-2
-17
8
-9
-23
-13
-20
-26
-14
-9
-24
2
-27
-10
6
-44
3
-4
-44
-14
5
-25
-28
21
-5
-24
26
-9
-18
9
0
-3
3
26
-1
-7
17
-11
-7
23
-15
-2
15
-13
10
11
1
-8
25
5
-36
31
-6
-16
19
0
24
-4
13
4
-19
3
-14
11
-9
28
27
-17
7
-12
-19
-15
13
12
17
17
3
8
-38
-13
10
-23
16
19
7
-3
13
16
-33
35
6
-4
46
-13
24
8
0
30
-2
13
2
20
3
-3
45
-18
31
43
-18
25
10
-9
5
5
-13
-7
16
-13
-10
8
-14
-16
8
-8
-18
14
-2
-13
4
-1
-15
-12
-8
-7
-13
-1
-5
-22
-14
-13
-12
-36
-11
-22
-47
-23
-24
-18
-22
-2
-3
-24
-19
-23
-38
-12
16
-3
31
32
3
-11
-11
-2
-26
-9
9
-10
7
-3
-8
-10
-17
-8
-27
0
-10
-13
23
7
-2
27
21
-13
9
5
-3
21
19
5
5
30
-15
-14
26
-21
3
8
-4
-6
-2
9
-19
17
19
-14
19
16
-1
9
27
16
1
39
16
-6
27
18
-12
10
31
-3
-3
39
-3
-23
48
4
-12
43
25
0
26
31
9
22
31
1
11
32
-17
-1
16
-18
1
10
-9
-10
6
-16
-27
12
-8
-5
28
9
-1
13
7
-14
10
6
-9
18
2
3
-7
-11
-4
-26
-17
-11
-15
-19
-6
-19
-38
-6
-25
-38
3
-16
-21
14
-14
-16
7
-14
-21
8
-9
-22
5
-18
-17
-4
-19
-9
-12
-18
-22
-30
-30
-12
-7
-31
12
-1
-26
7
-14
-10
4
10
2
7
22
4
-4
14
14
-6
8
18
-5
0
20
6
3
33
4
-7
15
-16
-5
8
3
15
9
14
-2
-7
7
-8
-5
5
1
3
6
-19
-5
13
-16
9
6
-7
-5
9
-16
-17
28
-21
2
22
-17
-3
14
-4
10
27
14
-1
10
8
-6
12
10
24
29
15
19
5
0
5
2
25
19
19
23
6
18
15
7
10
13
17
2
16
17
-1
18
21
-11
-2
5
-11
-6
-2
3
-13
-1
-9
-24
-5
-17
-13
-4
-21
-6
-24
-30
-15
-20
-19
-24
-10
-18
-25
-12
-30
-23
-16
-18
0
-22
-2
-2
-24
6
1
-7
1
11
-1
-13
19
5
-11
20
3
-6
14
1
5
10
6
11
7
6
9
7
6
7
13
-2
11
16
-1
12
10
-4
2
2
2
2
-3
1
-3
-5
1
-7
-2
1
-6
-1
-6
-9
1
4
0
18
7
-6
11
3
-9
5
-1
-3
5
-2
-5
-5
-5
-11
-6
-4
2
2
-4
5
-4
-12
-2
1
-8
5
16
7
13
15
4
8
13
-2
6
15
4
16
10
2
3
0
8
5
-3
11
1
1
2
-10
0
3
-7
-2
0
-3
5
2
2
6
5
1
4
3
-10
-5
-8
-10
2
-8
-15
9
-10
-21
-4
-20
-21
-4
0
-11
5
0
-11
8
-12
-11
8
1
-1
13
3
-3
6
0
-11
1
-2
-22
9
4
-13
12
7
-7
3
-2
-17
0
0
-14
2
0
-6
1
-8
-13
-8
-7
-9
-9
-5
-2
-6
-3
-2
-5
0
9
3
1
12
4
5
18
10
9
13
9
7
-1
1
4
13
15
0
4
6
-1
-1
-6
5
7
1
6
-1
-1
5
0
0
4
1
-1
-2
5
5
4
14
13
8
18
11
3
16
15
5
19
13
3
5
-7
-10
-1
-10
-12
-8
-5
-2
-5
-6
2
0
0
6
5
2
13
20
11
23
13
9
21
8
6
4
10
10
2
6
1
-1
2
-7
-13
-13
-15
-16
-10
-10
-12
-10
-9
-15
-20
-16
-16
-11
-6
-9
-4
-11
-12
-14
-15
-13
-15
-11
-16
-14
-18
-20
-19
-24
-28
-31
-22
-30
-36
-26
-27
-22
-15
-18
-13
-6
-13
-12
-2
-1
7
12
14
12
16
8
3
9
-5
-7
6
5
9
18
9
5
10
-1
0
17
17
21
31
28
24
25
15
13
21
17
17
23
14
11
14
8
8
12
7
9
15
15
16
22
22
20
22
19
15
19
19
16
18
15
6
1
0
-9
-6
-9
-7
-5
-6
-2
-2
7
8
8
5
4
2
1
7
3
3
1
0
0
-2
-12
-14
-15
-22
-18
-17
-16
-11
-5
-4
-2
-4
-8
-6
-7
-8
-6
-5
-8
-4
-1
-4
-2
-9
-18
-21
-20
-22
-13
-9
-10
-8
-9
-8
-8
-9
-10
-3
-2
-1
-1
-1
-3
-4
-3
-5
-3
-1
-6
-6
0
-4
-8
-4
-7
-6
-3
-1
2
4
2
4
2
-2
-4
-6
-4
-1
2
9
15
14
11
11
8
3
7
5
5
14
12
12
15
8
1
2
-1
-5
-3
-4
-3
1
4
10
15
14
13
14
10
11
12
10
12
15
14
15
17
16
11
6
3
-5
-7
-5
-10
-7
-1
-2
3
8
11
15
14
16
15
11
11
10
7
4
5
2
-2
-2
-7
-10
-13
-20
-22
-17
-12
-14
-6
-5
0
9
7
6
2
0
-6
-6
-4
-15
-15
-12
-14
-17
-19
-26
-26
-22
-25
-21
-19
-20
-21
-18
-11
-8
-5
-5
-6
-7
-9
-9
-15
-19
-18
-22
-21
-20
-21
-14
-14
-17
-14
-12
-9
-12
-13
-7
-6
-3
0
-5
-5
-2
-5
-4
-4
-6
-3
1
3
2
5
8
6
5
5
9
11
10
7
9
12
10
9
8
11
13
11
9
13
17
15
14
16
17
17
19
14
12
15
14
15
18
17
18
17
19
15
11
11
9
6
7
7
8
12
11
11
13
13
12
9
10
8
7
10
9
5
5
2
2
4
4
1
0
0
-6
-7
-6
-8
-7
-4
-2
1
4
3
4
4
2
1
1
0
-3
-6
-5
-3
-3
-6
-9
-8
-7
-10
-10
-9
-8
-6
-2
-2
4
6
5
3
3
3
0
-2
-5
-10
-10
-6
-6
-4
-1
1
1
1
-2
-7
-8
-11
-14
-13
-12
-11
-9
-6
-5
-3
-1
-2
-5
-3
-2
-4
-1
0
-5
-6
-5
-5
-6
-7
-10
-9
-7
-6
-10
-7
-8
-10
-7
-9
-7
-4
-4
-4
-2
-1
0
0
2
1
3
8
8
9
8
6
7
6
4
1
0
-1
-2
-2
-2
2
2
-1
-2
0
4
5
4
6
9
14
13
13
12
10
10
10
9
10
9
8
9
9
9
7
6
4
2
3
5
7
9
5
5
10
9
7
5
4
4
9
9
5
8
10
9
9
5
5
4
4
4
3
2
0
1
1
1
1
1
0
-3
-5
-7
-7
-5
-6
-8
-7
-5
-4
-6
-8
-9
-8
-6
-7
-8
-7
-4
-4
-6
-5
-6
-6
-6
-9
-11
-12
-11
-11
-12
-10
-8
-7
-6
-9
-10
-9
-7
-8
-10
-7
-4
-2
1
-1
0
2
1
2
0
0
-2
-3
-2
-4
-1
1
-2
-2
-2
0
0
0
-4
-5
-4
-1
3
2
0
0
3
5
6
4
4
1
2
4
-1
1
1
0
5
5
5
7
5
4
4
6
6
7
7
5
6
10
11
11
12
12
12
13
13
12
12
11
12
13
14
12
10
10
8
8
5
2
3
5
6
7
4
2
2
2
2
1
-4
-7
-9
-10
-11
-11
-11
-11
-10
-12
-10
-9
-9
-10
-10
-9
-9
-12
-16
-16
-13
-13
-13
-13
-14
-9
-6
-3
-1
0
-2
-2
1
0
-3
-2
-4
-3
-3
-1
3
3
3
3
7
9
10
10
6
7
10
10
8
8
7
7
7
4
3
1
0
-1
-1
-2
-2
-1
0
2
2
3
4
1
0
-3
-4
-4
-6
-7
-8
-8
-7
-9
-7
-6
-9
-9
-9
-10
-9
-8
-7
-5
-3
0
1
4
2
2
2
1
0
-2
-2
-2
-1
1
1
0
2
2
1
0
-1
-2
-1
0
0
5
9
10
14
14
14
13
11
7
3
0
-4
-6
-7
-8
-8
-4
-1
-1
1
3
3
2
3
3
1
3
2
2
3
2
2
3
0
-1
-2
-5
-10
-11
-11
-8
-6
-4
-3
-1
0
1
-1
-2
-3
-3
-2
-2
-1
1
2
5
7
6
6
3
-2
-3
-4
-5
-6
-6
-5
-2
-1
2
4
4
5
5
3
0
-1
-4
-5
-4
-3
0
0
3
3
4
4
2
2
-1
0
1
0
2
4
5
9
10
10
8
7
5
2
1
0
-1
-1
0
1
2
2
1
-1
-2
-1
-1
-1
1
3
7
9
13
12
11
13
11
9
7
3
2
4
3
1
2
3
4
4
2
2
2
0
0
-1
0
2
4
6
7
8
9
8
8
3
3
2
0
-4
-7
-8
-8
-8
-10
-11
-9
-6
-2
-1
1
1
1
1
0
-2
-4
-2
-4
-2
-2
-3
-1
-1
-1
-2
-2
-4
-6
-5
-7
-6
-3
-3
-2
-4
-4
-6
-8
-10
-11
-13
-11
-10
-7
-4
-4
-2
-4
-5
-8
-12
-14
-16
-18
-17
-17
-15
-14
-13
-9
-6
-5
-6
-6
-5
-5
-6
-7
-7
-6
-8
-7
-5
-6
-6
-6
-6
-3
-2
-1
2
3
5
7
8
9
10
8
6
5
5
3
5
4
6
8
7
7
9
11
8
8
8
7
10
10
10
12
14
13
12
12
8
6
4
0
1
0
-1
4
4
3
4
5
5
5
5
5
5
4
2
1
-1
1
0
-1
-2
-2
0
0
1
0
-1
0
-1
-2
-2
-1
-3
-4
-4
-5
-4
-2
-1
0
1
2
3
3
0
1
-1
-2
-4
-5
-6
-4
-3
-2
-4
-4
-2
-2
-4
-3
-5
-5
-1
0
0
0
0
-2
-3
-5
-8
-10
-9
-12
-11
-8
-2
-1
1
1
1
1
0
-3
-4
-5
-4
-3
-1
0
1
1
0
1
-1
-2
-1
-2
0
3
6
8
11
11
11
12
10
6
4
2
2
3
5
7
10
12
13
14
12
10
9
8
7
6
7
9
11
14
13
13
13
11
9
6
7
7
6
6
6
7
9
8
5
3
2
-1
-2
-4
-5
-4
-3
-3
-1
1
2
3
1
0
-2
-2
-4
-5
-6
-7
-6
-7
-8
-7
-7
-7
-6
-5
-5
-6
-7
-8
-8
-10
-10
-10
-10
-9
-9
-8
-8
-7
-5
-4
-4
-3
-2
-2
-2
0
-1
0
-1
-3
-1
-1
-2
-2
-5
-6
-6
-6
-5
-5
-4
-1
2
4
5
5
5
3
2
1
-1
-1
-3
-4
-4
-1
1
0
1
-1
0
0
-2
-2
-2
-3
-1
0
1
2
2
2
2
2
1
-2
-1
-1
-1
0
2
1
-1
-2
-1
-1
-1
-3
-3
-2
0
4
6
6
5
6
5
4
3
0
-3
-2
-3
-3
-3
-3
-3
-2
-2
-2
-1
-2
-5
-5
-4
-1
1
2
2
3
4
1
-1
-2
-3
-4
-6
-6
-6
-4
-3
-3
0
2
4
3
3
3
3
3
3
1
1
1
1
1
0
-2
-3
-4
-5
-3
-3
-3
-2
-2
-2
0
3
3
4
3
2
2
2
0
0
1
-1
0
1
1
2
3
3
3
3
3
2
2
2
2
2
1
2
3
1
1
0
0
1
0
-1
-1
-1
1
0
0
1
2
4
4
4
4
3
1
1
-1
-3
-3
-4
-3
-3
-3
-2
-2
-2
-1
0
