0
1
1
1
1
2
1
1
1
1
1
1
1
1
0
0
0
-1
0
0
-1
-1
-1
-1
-1
0
0
1
0
0
-2
0
1
1
1
1
0
-2
-1
-1
0
0
-2
-3
-5
-5
-5
-5
-4
-3
-4
-5
-6
-5
-4
-4
-3
-3
-4
-3
-2
0
2
4
5
7
7
7
9
11
11
13
15
15
14
15
16
17
17
17
16
15
14
14
13
13
13
11
10
9
7
5
4
5
4
3
2
1
0
0
-2
-3
-4
-4
-2
-3
-2
-3
-3
-4
-5
-5
-3
-3
-4
-4
-4
-4
-4
-5
-4
-4
-6
-8
-8
-7
-7
-9
-10
-10
-13
-15
-18
-19
-19
-20
-21
-23
-27
-33
-36
-37
-38
-38
-36
-38
-42
-48
-49
-47
-44
-43
-43
-44
-47
-44
-32
-18
-14
-25
-30
-23
-13
-2
9
27
36
31
23
20
26
40
59
75
76
65
45
42
55
70
76
70
59
47
35
33
38
42
38
27
16
0
-11
-14
-11
-7
-13
-22
-35
-46
-48
-49
-44
-39
-39
-43
-53
-57
-51
-40
-31
-30
-30
-30
-28
-20
-10
-2
3
7
10
16
24
26
30
39
45
47
48
48
48
50
52
55
55
56
52
47
45
43
41
38
32
29
24
20
17
14
12
6
2
1
1
0
-4
-8
-9
-7
-8
-10
-10
-8
-8
-8
-6
-3
-2
-2
-1
2
6
6
10
12
15
15
17
20
20
21
20
19
21
24
25
26
24
20
17
17
18
17
15
11
7
5
3
0
-2
-5
-6
-8
-13
-17
-20
-25
-27
-29
-31
-35
-43
-47
-48
-47
-52
-57
-60
-65
-64
-64
-66
-71
-77
-78
-77
-78
-77
-77
-79
-82
-81
-79
-76
-73
-71
-68
-66
-66
-61
-57
-53
-43
-35
-27
-30
-31
-20
-8
3
8
17
23
25
29
32
42
50
57
66
66
65
58
56
64
71
76
68
61
54
44
46
49
49
42
30
21
14
13
12
10
8
2
0
-8
-10
-8
-8
-2
3
5
7
5
8
16
26
33
36
42
45
48
54
61
72
77
80
85
88
91
91
93
95
96
96
94
89
86
81
77
75
72
65
58
50
39
32
24
18
9
-2
-12
-21
-28
-36
-43
-49
-56
-60
-66
-70
-72
-76
-78
-81
-84
-86
-86
-86
-89
-93
-94
-96
-91
-87
-87
-90
-95
-98
-102
-105
-104
-99
-100
-110
-120
-129
-129
-129
-125
-99
-71
-54
-85
-120
-122
-91
-54
-34
-5
11
12
-4
-13
9
40
72
99
114
103
70
59
85
127
146
125
105
87
72
70
80
102
97
65
41
28
30
25
24
27
19
4
-23
-39
-35
-27
-28
-39
-45
-55
-73
-81
-74
-59
-51
-63
-76
-84
-80
-68
-60
-43
-34
-30
-31
-27
-2
14
26
37
54
69
75
85
100
117
131
142
149
153
156
166
176
188
184
178
171
171
171
169
169
162
150
130
111
104
102
98
88
68
49
33
24
16
9
3
-10
-25
-37
-39
-41
-47
-52
-60
-64
-66
-66
-61
-59
-57
-59
-55
-48
-46
-44
-40
-32
-28
-30
-28
-26
-23
-21
-20
-17
-18
-25
-37
-44
-48
-47
-49
-51
-61
-73
-87
-99
-104
-114
-123
-139
-149
-159
-169
-172
-182
-191
-203
-213
-218
-226
-227
-219
-218
-204
-169
-132
-148
-198
-186
-134
-80
-60
-39
9
19
14
2
33
81
111
148
172
182
147
107
136
192
219
188
156
154
131
113
109
126
132
89
58
44
40
33
9
9
11
-1
-34
-66
-60
-48
-45
-55
-65
-67
-87
-99
-87
-60
-37
-45
-65
-67
-53
-32
-22
-4
19
23
23
30
61
91
103
116
132
146
156
169
189
212
217
228
224
231
235
233
242
237
249
227
200
187
175
188
173
151
125
92
85
66
54
38
12
-9
-35
-39
-45
-60
-76
-97
-95
-102
-110
-111
-117
-112
-125
-127
-124
-125
-126
-133
-122
-119
-125
-124
-127
-123
-122
-120
-115
-126
-137
-146
-145
-137
-136
-140
-162
-174
-181
-188
-190
-200
-207
-224
-240
-253
-270
-282
-270
-217
-150
-166
-236
-294
-259
-186
-147
-100
-49
4
-1
-38
-37
-3
65
135
206
244
191
125
125
212
304
307
267
225
196
186
185
227
242
206
145
104
106
96
79
74
71
62
12
-38
-58
-54
-39
-47
-54
-67
-106
-143
-152
-118
-77
-75
-101
-130
-129
-105
-82
-53
-32
-19
-21
-14
25
61
84
93
116
159
185
194
201
231
272
289
290
303
318
327
321
334
352
348
331
304
302
301
288
271
250
233
194
159
151
142
117
66
27
12
-1
-14
-47
-67
-83
-110
-127
-133
-124
-132
-154
-166
-164
-159
-164
-160
-146
-133
-138
-152
-153
-137
-129
-129
-129
-127
-119
-125
-140
-148
-141
-134
-146
-165
-180
-186
-204
-208
-214
-220
-242
-274
-291
-303
-306
-326
-306
-247
-196
-215
-298
-341
-303
-240
-185
-139
-66
-16
-38
-84
-110
-52
36
132
213
217
167
93
98
198
280
301
241
196
184
170
174
186
201
181
124
95
81
73
48
32
51
40
-5
-74
-112
-95
-73
-63
-76
-110
-153
-203
-204
-150
-98
-93
-138
-165
-166
-150
-125
-94
-49
-28
-27
-22
-1
32
52
81
136
181
205
197
201
233
276
309
320
349
360
352
330
341
377
379
360
337
346
347
322
285
250
237
211
203
207
180
134
66
49
62
61
31
-25
-49
-62
-65
-67
-69
-68
-97
-123
-127
-121
-101
-105
-105
-94
-94
-108
-128
-125
-103
-96
-101
-111
-106
-120
-146
-155
-157
-142
-167
-206
-221
-230
-233
-272
-300
-326
-361
-394
-431
-406
-375
-313
-296
-343
-413
-465
-423
-354
-265
-197
-139
-102
-124
-156
-170
-113
2
134
220
217
148
90
119
210
290
314
292
257
227
201
201
216
221
193
156
134
111
81
46
46
58
32
-25
-81
-101
-90
-70
-58
-79
-119
-179
-215
-200
-150
-94
-96
-126
-157
-163
-143
-112
-69
-28
5
21
32
39
52
69
123
194
262
285
267
248
263
308
359
403
407
390
353
363
381
391
379
356
360
347
337
298
266
247
220
217
192
171
141
95
81
65
56
30
-9
-28
-47
-43
-51
-68
-73
-90
-90
-98
-101
-101
-114
-110
-105
-99
-102
-116
-125
-123
-111
-99
-99
-105
-121
-133
-131
-140
-155
-172
-187
-198
-220
-237
-256
-284
-329
-371
-421
-441
-424
-353
-255
-264
-313
-439
-456
-413
-333
-214
-140
-11
-1
-45
-121
-160
-44
92
272
362
318
231
121
164
261
334
370
320
303
245
167
145
116
149
133
106
90
18
-23
-84
-76
-43
-76
-119
-189
-193
-160
-148
-127
-164
-203
-250
-267
-204
-143
-89
-91
-135
-148
-156
-126
-80
-25
44
64
74
63
55
69
90
167
235
281
278
235
224
235
271
311
331
335
308
293
294
289
268
236
235
247
254
239
207
182
155
134
115
106
100
85
76
62
50
18
-11
-19
-16
-7
-2
-8
-20
-33
-36
-38
-41
-44
-41
-24
-18
-21
-28
-24
-18
-19
-17
-18
-15
-26
-24
-23
-29
-50
-94
-121
-134
-141
-160
-185
-219
-279
-358
-438
-497
-478
-423
-327
-284
-332
-425
-559
-559
-500
-364
-236
-120
6
-35
-126
-254
-227
-45
158
364
382
292
142
46
119
220
325
339
290
256
155
79
11
-3
64
75
87
25
-66
-130
-179
-129
-97
-93
-126
-181
-176
-156
-122
-116
-144
-148
-158
-119
-58
-2
34
7
-11
-11
15
55
90
137
173
192
192
157
155
178
228
285
303
304
263
230
227
258
321
327
299
252
225
231
221
236
233
225
191
160
161
154
146
117
112
122
104
74
28
21
30
26
20
-8
-35
-75
-95
-71
-50
-46
-75
-98
-93
-93
-91
-90
-73
-49
-58
-64
-68
-50
-35
-33
-16
-16
-25
-55
-71
-54
-39
-36
-78
-123
-167
-199
-231
-255
-268
-312
-382
-477
-527
-485
-316
-181
-222
-426
-560
-510
-434
-368
-239
19
186
120
-86
-252
-242
-62
256
543
579
359
86
0
103
227
295
346
378
312
121
-58
-130
-85
11
123
188
84
-141
-317
-305
-149
-27
-3
-65
-127
-152
-150
-114
-85
-39
-12
8
48
87
116
89
74
118
188
229
210
195
206
241
271
275
262
239
226
275
336
365
307
207
186
222
303
324
307
261
197
164
129
167
192
195
186
163
159
89
22
-3
30
80
75
40
-41
-130
-182
-179
-114
-78
-112
-198
-282
-298
-278
-252
-239
-229
-210
-223
-252
-262
-249
-217
-176
-115
-69
-89
-132
-141
-85
-28
-4
-9
-40
-92
-140
-172
-168
-181
-222
-301
-386
-371
-327
-224
-188
-197
-292
-436
-453
-408
-268
-136
41
181
120
-53
-242
-215
-16
245
457
477
354
128
-9
16
129
250
301
300
222
27
-179
-294
-234
-96
15
53
-50
-218
-373
-389
-265
-134
-53
-61
-103
-150
-181
-153
-106
-30
30
77
119
127
135
122
131
179
232
281
273
246
234
253
297
317
318
296
274
281
303
330
330
322
324
322
332
338
333
332
337
380
411
405
375
344
340
333
334
338
332
312
269
222
160
104
71
52
38
1
-47
-112
-189
-258
-312
-326
-313
-299
-311
-356
-398
-425
-432
-404
-364
-308
-280
-267
-245
-229
-210
-183
-128
-67
-37
-25
-40
-50
-74
-86
-93
-114
-128
-172
-203
-289
-382
-504
-545
-479
-362
-230
-217
-265
-465
-590
-599
-463
-241
-36
221
245
100
-166
-285
-144
106
448
610
592
359
60
-61
-43
128
270
336
324
117
-133
-374
-436
-316
-177
-21
-18
-129
-335
-511
-485
-372
-193
-85
-41
-22
-95
-141
-180
-118
22
151
282
300
287
221
153
176
232
358
406
395
355
293
287
268
290
323
344
376
369
377
350
297
288
320
415
465
474
467
454
471
471
487
493
489
501
517
544
513
432
347
298
305
305
282
220
121
18
-82
-144
-182
-212
-235
-272
-326
-417
-491
-515
-488
-441
-413
-420
-452
-475
-473
-430
-372
-304
-246
-218
-213
-232
-224
-201
-166
-138
-134
-156
-214
-260
-311
-356
-408
-447
-492
-528
-522
-468
-366
-285
-286
-420
-529
-521
-403
-251
-53
198
293
191
-48
-173
-123
69
358
568
605
393
105
-88
-142
-71
34
156
197
66
-207
-502
-622
-555
-382
-193
-99
-135
-323
-495
-516
-396
-207
-54
67
112
75
19
-30
5
89
225
363
419
411
335
260
226
250
328
364
348
292
253
242
213
206
196
218
244
278
326
356
379
387
404
438
480
539
599
660
708
709
673
626
628
663
700
716
695
630
503
371
288
263
253
218
147
42
-81
-190
-256
-278
-285
-306
-346
-384
-409
-424
-433
-421
-375
-326
-301
-307
-314
-314
-292
-248
-189
-162
-194
-240
-265
-253
-263
-288
-312
-340
-393
-463
-538
-611
-704
-730
-677
-550
-378
-266
-251
-442
-572
-574
-439
-262
-26
346
532
468
126
-161
-227
-76
309
626
765
556
162
-163
-344
-306
-220
-52
87
39
-222
-635
-883
-925
-752
-453
-205
-101
-254
-463
-586
-556
-372
-152
93
239
295
244
107
34
48
193
350
484
567
497
342
159
89
121
166
214
207
191
131
43
-26
-67
-25
44
159
272
340
369
347
365
433
535
654
754
861
908
894
845
801
784
766
799
831
824
734
575
421
270
192
172
187
162
71
-44
-166
-250
-297
-286
-238
-192
-166
-173
-182
-190
-180
-143
-94
-47
-19
-22
-51
-91
-124
-139
-152
-181
-222
-264
-323
-414
-519
-599
-660
-692
-716
-762
-837
-943
-978
-927
-769
-551
-359
-281
-421
-541
-536
-365
-147
127
500
718
682
368
66
-51
48
347
619
755
584
205
-197
-464
-507
-451
-305
-178
-165
-367
-743
-1024
-1124
-984
-693
-377
-164
-192
-326
-467
-482
-334
-96
171
356
474
473
343
189
103
157
264
384
471
440
295
65
-106
-171
-161
-113
-88
-62
-70
-96
-136
-167
-154
-91
76
287
476
584
628
638
647
698
805
952
1074
1154
1159
1080
954
816
734
714
725
706
622
469
281
107
-16
-42
-14
-2
-23
-70
-111
-154
-168
-127
-66
2
72
167
252
294
289
266
250
238
246
244
224
165
76
-28
-138
-252
-360
-430
-497
-568
-669
-765
-855
-944
-988
-1027
-1044
-1002
-887
-732
-531
-311
-217
-345
-499
-441
-216
5
262
587
787
690
331
-2
-146
-76
170
436
555
372
-27
-446
-707
-795
-761
-587
-378
-294
-463
-773
-1014
-1091
-975
-709
-352
-77
5
-61
-182
-235
-189
-25
185
376
516
530
388
150
-29
-73
-33
38
104
116
16
-172
-361
-475
-491
-452
-386
-296
-172
-75
-63
-97
-98
25
241
481
713
886
966
937
893
902
950
997
1061
1145
1142
1018
807
608
474
421
418
400
335
205
57
-83
-149
-138
-103
-72
-33
49
100
111
120
180
263
336
429
524
586
577
529
479
415
324
217
141
103
55
-51
-209
-371
-509
-611
-691
-731
-720
-701
-726
-819
-912
-994
-1025
-895
-627
-293
-18
161
137
-97
-299
-301
-82
219
581
874
892
568
38
-392
-566
-420
-91
198
242
-28
-480
-933
-1186
-1199
-1014
-719
-446
-342
-487
-747
-932
-929
-735
-405
-23
240
326
282
189
101
50
95
242
409
504
465
284
-5
-276
-429
-446
-375
-294
-243
-288
-418
-569
-666
-686
-631
-475
-234
0
124
173
208
272
395
579
816
1031
1147
1150
1072
981
915
876
859
856
840
766
604
389
209
103
67
80
115
102
23
-73
-119
-97
-36
85
238
375
445
461
493
527
571
624
698
754
743
669
554
460
365
248
96
-42
-123
-205
-298
-399
-486
-586
-684
-726
-721
-697
-676
-641
-627
-645
-681
-664
-514
-253
79
387
548
441
169
-23
-33
90
326
700
989
918
456
-186
-696
-883
-708
-313
30
82
-209
-712
-1179
-1435
-1422
-1152
-704
-286
-143
-312
-606
-804
-818
-615
-216
214
494
563
467
259
31
-100
-80
48
206
307
234
-29
-362
-639
-799
-826
-722
-558
-439
-418
-490
-612
-724
-728
-581
-315
-2
254
395
421
423
453
530
690
911
1100
1158
1104
978
820
674
575
542
505
440
332
199
69
-40
-93
-94
-51
-6
16
28
48
85
136
221
319
415
498
573
648
704
743
767
773
757
717
650
558
466
387
293
146
-7
-128
-232
-349
-436
-460
-474
-514
-542
-540
-539
-553
-556
-540
-493
-428
-386
-337
-164
199
553
646
504
321
174
32
-10
225
690
1051
1008
566
-74
-642
-936
-840
-430
-30
69
-162
-553
-979
-1368
-1524
-1295
-789
-355
-197
-267
-450
-656
-791
-701
-385
1
294
438
447
308
58
-185
-289
-228
-97
-9
-35
-161
-347
-593
-859
-1034
-999
-805
-592
-441
-373
-400
-519
-633
-610
-394
-27
379
676
781
717
563
437
440
611
865
1072
1144
1045
786
461
210
118
173
261
290
239
111
-64
-236
-321
-269
-103
87
227
284
264
214
196
257
396
564
701
767
777
755
690
593
519
503
492
445
377
299
190
35
-102
-189
-239
-247
-228
-203
-215
-268
-343
-406
-423
-394
-340
-240
-28
212
398
548
634
566
343
206
280
454
636
826
957
862
519
49
-340
-485
-391
-165
6
16
-190
-577
-948
-1157
-1192
-1094
-847
-540
-366
-420
-576
-671
-708
-652
-447
-134
125
241
239
141
-27
-210
-296
-273
-197
-132
-152
-273
-477
-691
-863
-966
-968
-860
-689
-560
-524
-571
-629
-627
-537
-350
-75
243
500
618
620
561
493
479
556
693
826
894
844
671
434
208
50
0
67
166
174
74
-72
-227
-352
-380
-276
-96
71
191
241
209
150
140
208
328
460
578
627
590
507
417
337
285
275
282
284
239
132
8
-93
-154
-208
-238
-206
-146
-121
-136
-159
-175
-198
-213
-203
-192
-122
94
435
758
889
818
629
445
323
313
506
874
1251
1345
1068
554
6
-328
-346
-88
232
391
325
37
-383
-795
-1035
-1029
-796
-474
-248
-210
-342
-528
-692
-748
-622
-363
-98
90
192
166
-2
-213
-344
-364
-339
-305
-272
-271
-348
-520
-766
-968
-1044
-995
-858
-704
-571
-535
-587
-654
-672
-561
-317
-4
264
444
512
459
370
335
404
513
636
726
708
574
379
196
61
5
11
45
60
22
-76
-197
-274
-275
-212
-125
-43
9
27
22
12
26
74
160
252
332
384
387
338
250
176
125
105
103
106
96
49
-39
-162
-259
-281
-264
-249
-232
-196
-192
-247
-311
-333
-331
-323
-191
94
449
745
881
816
563
339
299
458
746
1113
1458
1514
1216
674
160
-114
-102
175
512
723
653
318
-130
-528
-748
-768
-542
-193
99
169
29
-183
-407
-518
-451
-204
96
337
463
409
208
-50
-241
-341
-336
-243
-150
-143
-258
-458
-724
-979
-1117
-1083
-938
-784
-651
-596
-642
-754
-813
-739
-541
-253
59
318
449
455
383
298
286
367
502
613
656
616
475
272
65
-84
-161
-174
-156
-136
-138
-199
-315
-416
-427
-361
-250
-115
24
99
90
58
48
59
92
167
269
347
360
305
204
92
2
-50
-48
-16
-11
-91
-225
-335
-385
-392
-378
-332
-280
-245
-247
-271
-286
-302
-306
-287
-249
-189
-29
283
638
812
759
602
420
276
232
407
787
1207
1420
1273
844
300
-92
-188
37
410
662
690
510
206
-184
-504
-586
-418
-143
93
251
269
142
-65
-198
-185
-67
102
274
426
480
401
221
40
-94
-205
-256
-241
-176
-149
-211
-359
-573
-785
-914
-906
-799
-624
-453
-365
-359
-390
-406
-380
-269
-61
166
331
403
404
376
352
333
318
338
384
393
350
282
182
35
-114
-214
-268
-302
-306
-278
-249
-255
-276
-300
-330
-325
-259
-152
-60
13
64
73
49
37
63
86
101
101
75
28
-40
-114
-178
-221
-264
-319
-349
-351
-354
-402
-452
-469
-484
-510
-543
-534
-493
-466
-439
-331
-116
134
389
565
588
408
201
191
344
595
863
1119
1195
1005
633
237
13
-30
135
375
563
570
343
36
-257
-447
-516
-380
-108
128
229
197
123
-3
-72
-5
179
396
555
658
672
599
432
263
129
54
28
12
18
-26
-124
-291
-470
-626
-723
-716
-647
-547
-487
-456
-461
-471
-425
-327
-163
34
247
397
454
451
417
401
420
493
555
573
535
452
339
205
83
-18
-77
-118
-166
-235
-312
-374
-424
-436
-403
-326
-256
-210
-178
-148
-115
-85
-40
33
125
194
208
181
148
107
47
-5
-20
-15
-53
-139
-254
-367
-454
-490
-477
-456
-434
-449
-520
-602
-626
-588
-557
-543
-512
-495
-500
-413
-187
72
264
392
448
365
208
118
172
340
601
874
975
860
543
165
-97
-151
-4
193
357
418
315
74
-189
-373
-450
-374
-182
34
175
220
187
106
26
7
98
248
412
545
623
620
519
364
211
116
71
79
114
132
81
-58
-237
-419
-519
-518
-440
-330
-242
-205
-223
-248
-246
-188
-81
58
206
313
383
415
444
490
526
538
533
534
518
484
436
369
266
141
40
-24
-77
-139
-189
-211
-212
-220
-255
-304
-343
-334
-291
-220
-136
-56
3
29
52
78
107
134
149
149
127
88
34
-29
-80
-120
-144
-176
-223
-280
-360
-454
-539
-569
-566
-560
-573
-596
-628
-677
-686
-657
-617
-602
-533
-335
-79
113
184
195
120
11
-66
-14
184
444
680
725
600
316
4
-193
-205
-38
113
237
280
231
44
-215
-411
-523
-488
-339
-99
93
153
84
-50
-133
-141
-39
102
278
421
477
464
396
338
259
208
199
233
260
239
181
75
-27
-117
-153
-149
-141
-140
-151
-142
-135
-123
-85
-9
59
110
166
231
300
359
434
507
585
631
630
592
537
472
397
365
362
336
261
170
76
-32
-114
-148
-137
-133
-145
-165
-193
-233
-271
-263
-200
-115
-36
44
113
132
96
54
52
67
73
81
105
120
97
31
-42
-120
-204
-282
-341
-370
-395
-417
-470
-527
-578
-623
-642
-655
-630
-594
-554
-535
-536
-518
-437
-256
-71
57
124
122
57
-42
-76
21
197
378
482
438
277
55
-108
-150
-70
50
120
156
156
75
-111
-283
-365
-376
-338
-229
-68
15
-15
-100
-155
-179
-181
-116
29
218
341
364
332
284
209
118
81
114
178
223
254
259
216
113
-15
-87
-88
-39
10
62
112
121
87
53
76
115
161
238
351
457
509
524
503
462
406
371
389
450
505
499
434
336
232
121
47
32
48
73
83
91
60
-18
-115
-175
-161
-110
-38
19
52
38
3
-22
-30
-16
16
82
145
172
152
99
35
-49
-122
-168
-177
-178
-196
-230
-300
-394
-493
-554
-566
-569
-596
-658
-693
-657
-571
-487
-436
-370
-271
-224
-240
-256
-187
-93
-5
122
246
328
285
202
136
89
65
73
161
237
227
116
-6
-104
-232
-359
-417
-366
-306
-285
-265
-252
-293
-392
-432
-372
-253
-143
-24
93
160
160
118
90
83
99
130
182
237
260
233
164
90
13
-41
-53
-27
-1
7
1
-13
-20
-26
-13
26
100
185
250
300
346
371
377
401
437
470
490
513
519
487
444
417
400
366
331
301
263
212
169
150
137
114
84
67
57
34
1
-24
-24
-12
7
34
70
95
97
110
146
199
230
233
210
163
105
61
52
50
32
-14
-64
-101
-136
-181
-229
-261
-306
-369
-419
-440
-467
-518
-555
-579
-603
-628
-649
-647
-584
-467
-366
-315
-279
-251
-277
-311
-279
-166
-16
134
253
268
189
62
-32
-50
-6
76
138
176
152
53
-86
-208
-293
-357
-358
-300
-235
-220
-244
-268
-303
-337
-341
-293
-222
-155
-87
-29
-4
-19
-42
-46
-27
-2
31
74
109
125
133
158
192
202
189
182
195
212
216
213
223
239
240
234
237
240
230
232
262
309
332
332
338
351
359
358
374
415
455
473
482
490
470
426
391
386
393
391
382
369
337
284
221
169
141
135
145
157
159
131
69
5
-42
-57
-52
-33
-20
-23
-41
-66
-78
-90
-96
-90
-80
-71
-87
-116
-161
-205
-239
-266
-276
-287
-301
-341
-409
-500
-574
-573
-532
-464
-416
-387
-388
-442
-466
-455
-382
-298
-200
-95
-46
-37
-102
-130
-116
-82
-22
27
95
100
59
8
-39
-82
-148
-176
-170
-155
-175
-207
-238
-282
-335
-388
-392
-375
-348
-323
-297
-276
-285
-305
-316
-294
-242
-174
-102
-48
-21
-15
-6
13
67
135
192
239
276
298
281
252
241
249
280
309
329
317
286
253
230
229
245
271
302
332
358
374
392
407
413
414
420
440
456
473
494
515
533
535
517
495
482
465
447
438
428
403
341
275
226
179
133
100
80
45
2
-35
-57
-50
-57
-73
-77
-71
-83
-102
-97
-81
-53
-45
-48
-60
-77
-102
-144
-147
-127
-128
-149
-150
-164
-226
-288
-333
-354
-351
-343
-351
-373
-415
-489
-542
-548
-528
-501
-452
-408
-398
-420
-452
-438
-418
-377
-332
-270
-204
-197
-201
-203
-183
-168
-157
-122
-86
-60
-62
-64
-87
-132
-192
-232
-237
-258
-258
-238
-222
-243
-271
-275
-283
-293
-282
-236
-188
-153
-115
-71
-34
-3
22
48
86
128
174
218
247
249
239
233
235
238
241
256
277
298
307
310
309
303
290
285
307
339
366
382
394
407
422
438
455
478
503
533
558
567
572
570
554
538
532
526
514
507
490
447
406
361
306
260
257
248
203
197
167
103
46
1
-47
-69
-45
-46
-55
-76
-132
-189
-217
-224
-209
-176
-137
-109
-118
-127
-138
-136
-118
-85
-40
-36
-58
-88
-119
-136
-162
-178
-186
-213
-224
-293
-357
-393
-470
-495
-516
-534
-567
-626
-634
-659
-673
-657
-659
-631
-610
-593
-572
-526
-478
-488
-481
-462
-421
-378
-343
-277
-247
-254
-264
-244
-214
-204
-163
-102
-56
-48
-56
-52
-59
-57
-38
4
41
54
60
52
55
46
30
50
79
107
128
155
187
190
197
233
276
289
304
342
373
393
409
431
444
434
418
406
404
409
409
412
425
423
397
387
375
349
346
353
359
373
362
354
369
378
379
376
396
406
416
435
453
446
438
410
386
396
352
307
308
313
239
212
229
134
107
87
44
8
-47
4
-13
-16
20
-44
-56
-57
-62
-107
-112
-32
-62
-84
-39
-90
-140
-178
-207
-209
-224
-217
-232
-218
-263
-344
-418
-490
-467
-479
-488
-427
-449
-510
-541
-606
-628
-597
-630
-612
-546
-587
-597
-603
-607
-569
-601
-563
-522
-521
-480
-475
-441
-392
-382
-376
-347
-321
-319
-298
-279
-224
-198
-191
-124
-129
-140
-117
-129
-99
-58
-27
25
64
75
91
108
100
113
142
204
271
303
350
356
351
333
287
301
336
349
381
423
421
373
346
336
315
300
329
369
358
370
355
320
342
356
331
377
453
419
416
431
427
421
400
404
421
411
367
377
390
367
342
340
351
312
247
243
248
238
221
261
298
225
230
202
133
170
174
139
175
226
195
126
91
77
27
-27
-6
22
4
-15
-42
-80
-160
-239
-274
-265
-250
-285
-312
-311
-374
-453
-444
-483
-509
-463
-479
-503
-484
-457
-516
-548
-502
-501
-546
-509
-422
-450
-478
-449
-441
-486
-477
-441
-477
-466
-439
-430
-394
-425
-412
-373
-386
-327
-313
-311
-273
-243
-222
-201
-157
-112
-107
-100
-14
16
-9
46
132
84
106
137
106
163
106
127
193
147
184
178
108
116
115
131
157
189
200
182
198
190
227
187
214
333
311
352
399
416
408
358
375
410
424
421
451
473
389
416
414
358
386
338
330
320
311
325
283
252
245
274
266
281
294
280
312
242
266
299
212
294
341
300
273
247
244
177
147
182
169
128
108
83
14
-32
-66
-92
-135
-195
-159
-208
-279
-232
-242
-300
-297
-273
-324
-330
-313
-308
-305
-303
-241
-268
-295
-277
-312
-282
-295
-299
-224
-267
-287
-280
-333
-347
-390
-406
-365
-405
-431
-338
-372
-464
-379
-413
-429
-360
-410
-335
-296
-308
-227
-265
-243
-171
-203
-129
-106
-90
-20
-54
-18
21
11
3
43
52
5
11
26
26
-27
-10
51
-3
-9
41
4
9
54
36
43
107
99
80
146
154
160
176
208
244
244
294
281
328
342
290
373
365
345
366
322
348
341
311
317
299
327
321
283
301
297
309
258
286
347
252
264
279
262
250
243
259
266
278
197
239
256
148
198
186
132
168
95
74
53
21
-21
-76
-45
-82
-69
-122
-108
-121
-257
-205
-233
-215
-152
-174
-152
-220
-240
-249
-323
-231
-239
-265
-135
-158
-212
-232
-277
-251
-258
-282
-234
-194
-219
-280
-250
-226
-301
-276
-266
-258
-247
-288
-221
-226
-245
-242
-285
-242
-212
-244
-238
-201
-135
-178
-201
-131
-166
-115
-111
-137
-62
-68
-65
-76
-48
-47
-88
-24
12
-30
-24
64
55
8
37
69
58
48
61
65
114
105
114
153
121
165
131
128
192
179
205
216
233
238
199
235
221
227
266
224
314
308
262
304
257
282
311
280
308
351
343
296
308
339
247
256
285
257
281
260
248
228
174
139
166
132
107
128
147
125
29
62
40
-4
16
18
27
-9
49
-23
-106
-3
-80
-115
-66
-98
-89
-169
-143
-135
-204
-194
-265
-198
-236
-276
-219
-291
-248
-303
-327
-264
-296
-281
-274
-262
-278
-267
-285
-266
-210
-308
-242
-189
-236
-204
-226
-212
-170
-190
-214
-159
-135
-202
-180
-137
-197
-188
-230
-201
-138
-201
-157
-133
-124
-167
-191
-108
-100
-100
-126
-37
25
-32
-6
19
9
-35
23
82
55
155
137
105
164
117
98
58
149
159
103
173
169
139
46
105
160
69
160
155
148
224
163
164
186
219
208
203
282
282
302
270
303
341
258
299
269
281
303
296
337
273
290
250
190
190
153
179
159
184
154
152
161
78
87
60
83
111
137
156
136
149
116
87
75
79
33
18
74
78
70
-16
-62
-7
-93
-158
-126
-137
-150
-215
-190
-197
-273
-268
-287
-282
-338
-314
-267
-349
-302
-243
-291
-270
-229
-265
-275
-240
-249
-228
-205
-209
-160
-174
-209
-231
-220
-209
-256
-205
-159
-224
-222
-202
-250
-280
-264
-245
-232
-181
-172
-169
-159
-167
-135
-153
-109
-35
-66
-11
10
-7
55
21
52
96
67
114
95
102
128
129
116
125
153
106
93
89
92
82
101
135
112
110
121
82
104
150
145
182
202
207
204
209
237
249
240
276
274
231
301
265
237
269
271
276
218
263
249
205
202
182
210
185
195
183
171
198
134
151
181
137
157
170
194
191
173
179
113
166
197
105
105
157
164
39
45
86
-23
-28
2
-10
-79
-76
-83
-156
-146
-191
-207
-167
-212
-236
-226
-264
-259
-250
-256
-267
-237
-231
-305
-266
-239
-264
-274
-283
-210
-259
-320
-253
-303
-270
-244
-299
-253
-285
-306
-307
-285
-266
-269
-251
-280
-213
-230
-264
-204
-190
-140
-134
-129
-58
-49
-131
-70
-33
-121
-17
-25
-27
26
-19
30
-42
-25
37
-69
5
61
16
26
8
31
4
13
18
23
89
42
100
104
98
167
82
148
175
157
214
203
239
229
201
185
232
247
200
219
257
283
228
209
248
201
188
230
225
254
226
222
268
240
260
242
237
275
307
274
260
337
262
235
253
260
258
207
246
192
166
155
82
154
120
44
55
54
15
-31
-5
-22
-41
-57
-83
-83
-102
-73
-85
-155
-79
-53
-184
-159
-112
-175
-192
-165
-131
-192
-176
-185
-278
-249
-301
-281
-268
-304
-234
-314
-304
-270
-354
-296
-363
-323
-228
-310
-219
-235
-204
-195
-282
-169
-219
-213
-115
-156
-145
-142
-125
-173
-192
-126
-155
-169
-156
-144
-150
-171
-122
-107
-206
-128
-99
-131
-57
-91
-14
-61
-72
13
-64
2
61
45
54
63
87
63
72
151
106
103
167
143
119
97
154
159
176
206
147
198
175
158
216
172
245
258
181
266
295
248
227
272
347
287
275
345
346
338
310
340
346
300
342
293
246
317
284
230
238
263
225
187
169
144
183
104
109
161
113
104
83
75
36
24
50
20
15
27
13
-27
-29
-5
-56
-68
-57
-57
-84
-151
-116
-130
-172
-167
-164
-166
-237
-243
-235
-275
-287
-281
-261
-236
-225
-269
-277
-260
-307
-293
-231
-223
-216
-179
-180
-210
-215
-245
-232
-195
-207
-176
-189
-172
-213
-247
-236
-236
-215
-263
-204
-230
-213
-220
-297
-179
-195
-226
-194
-154
-145
-192
-109
-116
-107
-59
-106
-22
-41
-65
-4
-41
30
18
-17
41
14
40
34
21
51
45
57
57
75
84
109
116
140
159
111
172
189
185
232
227
240
251
276
239
266
319
272
314
325
289
303
276
287
296
282
265
276
317
217
227
266
191
206
194
215
223
188
195
194
170
121
179
137
83
181
165
140
143
139
99
58
82
67
56
41
100
85
-8
29
-11
-52
-37
-50
-27
-80
-74
-69
-120
-90
-162
-134
-133
-137
-105
-186
-145
-156
-176
-163
-183
-135
-169
-188
-161
-213
-180
-195
-221
-211
-187
-140
-234
-240
-201
-246
-265
-256
-214
-223
-251
-213
-233
-297
-248
-272
-233
-189
-227
-150
-206
-196
-187
-221
-160
-165
-101
-113
-129
-73
-127
-104
-96
-109
-49
-51
-43
-24
-13
-46
-42
0
-32
4
54
11
30
60
42
62
66
82
129
117
154
145
119
185
141
182
261
204
199
223
236
208
238
247
198
252
243
221
248
233
222
220
226
259
220
188
223
212
200
194
202
234
172
163
187
159
179
125
156
159
105
145
116
128
93
68
93
45
58
29
45
56
32
47
-8
4
16
-51
-31
31
-1
-17
-4
-49
-52
-52
-78
-67
-39
-82
-105
-66
-112
-109
-107
-130
-98
-161
-167
-139
-177
-177
-207
-198
-179
-210
-219
-237
-194
-233
-228
-168
-265
-202
-209
-210
-175
-240
-178
-232
-216
-159
-222
-169
-174
-169
-150
-200
-148
-145
-151
-102
-143
-115
-87
-135
-92
-95
-93
-61
-69
-23
-69
-52
-1
-60
-7
9
6
11
14
77
22
29
89
33
67
86
82
119
112
148
129
126
153
87
138
176
149
173
155
212
200
147
193
164
179
200
197
200
201
222
174
178
176
187
184
102
189
198
120
161
161
135
120
123
127
93
81
151
123
79
120
61
48
48
46
61
26
77
56
26
34
-17
12
3
-2
19
-19
-1
-18
-30
-38
-67
-27
-39
-70
-48
-80
-89
-56
-108
-108
-92
-110
-117
-158
-126
-135
-154
-131
-159
-142
-178
-191
-171
-184
-153
-182
-161
-160
-187
-172
-207
-167
-186
-187
-142
-164
-102
-126
-170
-160
-128
-108
-180
-106
-90
-128
-70
-110
-79
-95
-132
-81
-79
-50
-34
-48
-50
-16
-52
-69
-12
1
-14
4
28
5
30
28
36
83
39
79
102
51
133
104
79
169
123
97
100
124
152
116
170
177
132
181
149
113
152
175
197
174
201
205
138
140
138
151
155
168
197
149
151
159
82
111
143
115
164
139
140
114
74
103
61
122
96
66
141
70
28
77
62
12
41
62
42
11
6
32
-13
-35
-1
-16
-58
-21
-26
-92
-61
-45
-97
-71
-63
-102
-83
-106
-110
-102
-127
-135
-103
-117
-162
-115
-129
-155
-160
-159
-156
-170
-157
-168
-155
-163
-182
-129
-186
-187
-117
-169
-145
-142
-147
-127
-157
-112
-140
-149
-100
-130
-130
-108
-98
-119
-97
-93
-117
-57
-79
-109
-25
-36
-58
-27
-10
-34
-45
2
-8
-13
21
68
29
17
92
40
56
110
69
72
90
99
82
99
121
117
133
131
131
120
149
162
133
168
175
149
171
175
143
134
171
150
141
195
172
129
139
165
137
105
132
153
104
152
172
90
133
136
84
75
105
128
118
121
102
95
82
44
80
64
51
70
36
44
29
20
11
-21
-20
19
-27
-53
-8
-63
-60
-36
-64
-63
-86
-100
-108
-72
-84
-141
-84
-123
-140
-136
-165
-110
-180
-164
-121
-220
-173
-174
-235
-183
-175
-197
-201
-191
-200
-218
-196
-186
-189
-184
-170
-152
-175
-193
-163
-147
-159
-157
-118
-103
-150
-139
-116
-121
-88
-96
-83
-69
-90
-82
-87
-54
-25
-60
-35
-18
-22
-25
-22
9
10
41
26
40
79
26
42
80
96
88
67
137
121
69
131
103
123
143
103
146
129
133
124
134
171
130
139
151
169
163
121
153
178
183
157
155
202
166
138
184
187
143
164
187
149
154
174
164
139
145
160
124
128
138
122
107
131
138
113
114
75
84
104
44
72
106
56
57
75
40
-35
-5
26
-13
-18
17
-2
-73
-43
-57
-105
-113
-88
-59
-108
-105
-97
-140
-155
-147
-156
-155
-141
-157
-169
-163
-175
-191
-188
-183
-169
-175
-227
-196
-150
-193
-195
-186
-168
-176
-199
-154
-184
-196
-142
-174
-148
-136
-185
-160
-149
-116
-121
-144
-98
-85
-110
-123
-71
-62
-74
-45
-27
-26
-59
-40
-2
-10
-9
14
38
45
22
14
47
50
33
69
80
87
72
59
103
82
67
107
109
96
137
121
83
138
143
119
108
144
183
127
115
177
170
127
155
169
145
157
169
163
168
161
161
157
154
174
156
152
153
167
147
144
167
120
144
139
130
158
142
124
114
134
103
89
117
93
71
86
88
52
27
35
34
6
-5
9
-5
-34
-29
-32
-53
-60
-61
-79
-108
-99
-75
-119
-124
-84
-126
-141
-137
-129
-171
-189
-127
-167
-160
-154
-185
-170
-199
-199
-229
-196
-164
-233
-186
-189
-228
-199
-208
-197
-201
-201
-180
-177
-149
-169
-204
-137
-113
-160
-137
-124
-125
-113
-118
-93
-84
-86
-85
-91
-63
-80
-68
-32
-50
-37
-25
-24
-35
-11
7
-21
24
25
14
35
30
40
34
62
66
76
97
71
92
94
98
108
109
143
120
121
169
131
112
142
170
158
137
180
146
121
158
160
161
154
176
178
149
142
155
163
157
171
189
169
160
191
162
140
175
171
163
146
153
170
103
113
159
116
71
103
125
57
52
64
57
53
16
64
30
-13
27
-22
-26
-8
-11
-35
-41
-5
-51
-80
-61
-82
-76
-103
-90
-64
-103
-131
-138
-127
-164
-175
-135
-150
-164
-165
-165
-165
-206
-198
-152
-194
-191
-166
-184
-190
-175
-170
-195
-152
-162
-185
-165
-145
-151
-161
-130
-128
-129
-145
-133
-113
-139
-129
-104
-104
-113
-100
-86
-98
-78
-81
-94
-55
-48
-44
-39
-31
-4
-14
-24
-8
12
7
42
60
32
55
51
53
58
72
89
94
124
101
97
102
92
104
120
153
152
123
149
151
121
143
166
177
162
167
168
155
163
154
176
202
173
165
164
154
158
161
162
166
171
163
163
138
113
133
127
136
138
117
104
101
94
72
91
79
68
85
27
61
72
-8
39
48
17
12
-23
-6
-12
-48
-11
-3
-44
-57
-57
-75
-97
-80
-57
-87
-90
-71
-112
-124
-115
-131
-119
-120
-137
-109
-123
-150
-146
-155
-140
-129
-165
-162
-134
-170
-156
-136
-179
-136
-144
-191
-147
-141
-168
-169
-131
-127
-144
-134
-138
-127
-135
-135
-103
-125
-108
-81
-94
-70
-80
-67
-84
-81
-40
-76
-39
-14
-18
-3
-34
-19
-17
-32
-10
4
49
31
12
64
42
19
25
44
73
65
93
116
84
86
87
76
84
99
124
115
126
150
118
110
115
118
132
125
161
154
138
161
109
138
157
109
148
139
132
140
118
141
122
118
123
103
124
105
109
102
84
118
89
84
99
61
56
75
63
55
63
37
25
42
24
7
38
14
-10
-1
-19
-15
-25
-32
-18
-23
-30
-64
-78
-51
-79
-101
-68
-56
-78
-91
-98
-106
-120
-145
-118
-97
-100
-100
-129
-123
-131
-178
-152
-116
-128
-117
-106
-132
-140
-160
-158
-125
-123
-103
-119
-132
-85
-114
-155
-127
-96
-91
-102
-79
-76
-92
-96
-81
-54
-85
-68
-24
-51
-43
-40
-56
-25
-12
-10
-7
-10
7
-10
-8
23
19
20
40
54
43
29
49
44
43
56
54
95
99
64
72
72
62
63
76
102
90
100
103
95
108
85
99
91
92
121
93
107
120
112
120
108
116
109
101
104
112
132
104
135
143
82
108
98
74
85
96
98
84
98
82
65
55
45
54
42
45
50
45
39
32
18
6
16
-4
-17
9
-21
-15
11
-32
-17
-10
-41
-53
-45
-56
-64
-45
-61
-46
-62
-90
-73
-108
-112
-93
-113
-103
-82
-105
-108
-105
-119
-130
-134
-125
-127
-114
-113
-114
-95
-113
-126
-108
-110
-131
-89
-76
-100
-56
-68
-95
-65
-74
-75
-56
-53
-31
-38
-47
-26
-38
-36
-11
-15
-12
0
-9
-10
1
-3
11
29
4
19
30
7
26
21
28
41
28
47
52
39
51
48
51
68
58
71
79
73
73
71
65
82
91
74
88
92
95
81
68
99
83
64
98
98
83
92
68
69
77
62
75
76
82
63
65
66
35
62
48
45
63
57
62
22
41
48
0
34
45
36
25
17
30
-15
-10
2
-15
7
-23
-13
-18
-58
-40
-41
-47
-50
-26
-40
-82
-53
-53
-83
-76
-52
-51
-89
-75
-76
-106
-100
-78
-73
-100
-85
-84
-114
-109
-93
-94
-79
-75
-77
-65
-100
-93
-88
-98
-66
-63
-55
-69
-77
-47
-69
-69
-36
-53
-47
-23
-27
-30
-37
-24
-31
-25
-3
-14
7
3
-2
6
-18
-10
0
6
31
41
36
39
23
8
17
27
52
70
66
70
74
64
45
48
61
64
83
88
97
107
68
65
77
69
82
95
111
105
81
98
76
67
85
85
89
101
107
74
78
75
74
75
63
93
85
79
81
57
54
50
38
56
66
52
53
54
29
7
19
20
1
7
21
3
-7
1
-24
-49
-38
-31
-46
-41
-32
-46
-53
-72
-73
-72
-91
-76
-49
-72
-95
-71
-76
-104
-98
-92
-89
-95
-105
-81
-94
-111
-83
-92
-112
-101
-90
-101
-112
-89
-85
-97
-97
-91
-79
-113
-111
-73
-88
-85
-71
-54
-74
-83
-49
-72
-64
-42
-38
-29
-30
-13
-23
-27
-12
-16
-1
-6
5
20
10
35
27
3
28
38
21
28
53
51
37
52
57
50
56
45
58
69
58
83
77
67
90
76
62
76
84
89
88
100
106
83
84
90
82
72
96
113
89
100
110
88
71
67
80
81
77
90
83
82
73
40
42
67
60
42
75
69
34
34
38
39
19
29
37
27
16
2
-7
-2
-1
5
2
-14
-19
-30
-34
-45
-33
-27
-49
-52
-41
-59
-101
-75
-60
-97
-81
-69
-92
-100
-102
-88
-104
-115
-99
-112
-106
-96
-105
-109
-110
-93
-100
-121
-99
-93
-94
-85
-85
-88
-84
-75
-88
-84
-62
-60
-65
-65
-43
-53
-80
-57
-22
-27
-32
-19
-23
-42
-27
-11
-23
4
23
10
10
22
10
-13
18
41
29
37
63
60
42
37
30
39
38
50
70
73
72
58
64
63
57
59
73
86
84
92
93
89
81
88
87
85
91
85
100
90
91
107
84
95
108
81
92
97
95
104
101
110
96
83
86
94
99
67
75
95
76
69
66
75
68
52
54
43
40
32
33
33
23
27
10
-6
6
3
-18
-17
-12
-30
-38
-20
-34
-50
-57
-67
-62
-82
-81
-80
-93
-74
-91
-94
-82
-116
-115
-101
-112
-110
-101
-109
-120
-115
-123
-129
-126
-127
-125
-128
-121
-112
-114
-124
-102
-111
-125
-89
-95
-98
-83
-95
-96
-82
-75
-81
-63
-54
-64
-62
-62
-56
-57
-46
-27
-42
-30
-26
-36
-22
-24
-14
-20
-9
21
-3
0
12
4
-7
17
25
16
21
19
33
30
18
30
41
30
45
64
41
47
56
43
42
53
61
65
66
71
71
65
69
79
85
78
95
111
94
98
113
105
102
107
118
116
100
109
122
109
102
102
94
99
96
92
89
98
97
75
89
86
64
69
65
62
56
52
44
44
50
28
24
23
12
22
5
-5
2
-19
-21
-27
-39
-35
-42
-45
-44
-55
-67
-72
-78
-82
-70
-72
-79
-75
-76
-89
-99
-99
-95
-91
-78
-74
-73
-71
-76
-84
-94
-79
-79
-83
-65
-66
-70
-74
-76
-74
-80
-72
-75
-65
-62
-67
-51
-65
-58
-48
-48
-42
-48
-34
-29
-43
-33
-16
-23
-20
-5
-13
-19
-12
-7
-7
-2
15
15
9
18
23
7
10
21
22
37
35
39
56
42
31
49
47
35
52
69
58
60
59
52
63
56
60
67
57
59
63
63
67
71
70
65
65
60
51
57
62
66
74
65
61
60
45
43
50
57
54
48
61
52
38
42
38
36
32
34
39
28
26
30
19
16
15
13
13
5
4
-5
-4
-8
-12
-17
-22
-21
-26
-26
-40
-33
-35
-52
-42
-48
-44
-50
-57
-46
-66
-69
-68
-73
-68
-67
-66
-68
-64
-76
-84
-67
-77
-77
-64
-75
-70
-68
-66
-66
-69
-58
-68
-73
-60
-55
-56
-48
-37
-47
-48
-42
-40
-37
-43
-21
-19
-30
-25
-32
-21
-21
-23
-3
1
3
-5
-12
2
-5
-2
9
21
27
16
24
12
6
11
18
35
40
40
49
44
26
29
39
42
38
50
63
53
53
61
51
51
51
45
48
48
60
64
56
62
65
56
38
52
65
53
59
69
71
48
43
58
46
43
42
49
48
30
43
40
22
31
31
27
12
19
22
3
14
15
8
8
3
5
-14
-16
0
-6
-4
1
1
-14
-26
-18
-20
-25
-25
-15
-11
-29
-36
-39
-45
-46
-44
-37
-40
-45
-42
-46
-53
-51
-46
-49
-46
-38
-47
-49
-43
-48
-52
-47
-44
-42
-45
-47
-42
-44
-42
-36
-40
-37
-33
-37
-39
-38
-37
-35
-37
-35
-27
-30
-33
-23
-23
-27
-16
-17
-16
-6
-6
-1
2
8
6
-1
3
2
6
9
16
23
24
28
19
18
23
18
16
25
31
33
30
34
31
18
25
26
21
34
41
38
41
45
42
30
33
42
37
38
48
48
39
38
42
32
31
40
34
37
35
35
33
19
26
32
23
19
29
29
14
14
22
13
13
19
17
18
11
11
9
-3
4
5
-2
1
5
-3
-10
-11
-19
-21
-16
-12
-15
-13
-14
-22
-29
-30
-27
-28
-27
-19
-19
-27
-26
-24
-32
-32
-30
-28
-28
-31
-27
-31
-38
-35
-35
-41
-41
-33
-35
-43
-39
-35
-40
-41
-35
-37
-38
-35
-35
-37
-35
-30
-30
-31
-26
-24
-27
-26
-23
-20
-18
-15
-12
-11
-6
-7
-8
-7
-9
-7
-2
1
0
7
9
4
6
9
11
13
17
20
23
24
24
26
31
33
34
38
35
41
45
40
41
43
46
44
45
48
46
43
44
49
46
48
55
50
45
46
44
42
41
48
50
44
44
44
38
36
35
35
38
39
39
38
34
34
30
25
22
26
23
16
17
16
13
7
4
3
2
-2
-7
-5
-6
-13
-12
-11
-14
-17
-16
-23
-27
-25
-28
-33
-29
-24
-30
-38
-41
-43
-43
-47
-48
-44
-47
-47
-47
-52
-53
-51
-54
-57
-52
-53
-50
-51
-55
-50
-52
-54
-53
-50
-45
-46
-48
-45
-41
-38
-38
-35
-34
-34
-32
-33
-31
-28
-26
-24
-23
-23
-24
-26
-21
-17
-16
-11
-7
-7
-2
0
-2
1
6
9
14
14
17
20
20
23
25
29
29
30
34
32
32
36
35
38
40
37
40
36
33
36
33
35
39
40
41
42
40
37
36
37
39
41
40
43
43
39
38
38
37
35
34
35
32
30
30
25
22
21
17
13
10
7
7
5
0
-2
-4
-7
-8
-8
-11
-12
-14
-19
-18
-16
-19
-19
-19
-19
-19
-23
-27
-25
-29
-29
-26
-31
-32
-29
-34
-38
-37
-39
-39
-37
-39
-38
-35
-36
-36
-35
-34
-34
-34
-32
-29
-27
-25
-26
-24
-20
-22
-19
-18
-21
-17
-15
-15
-13
-12
-12
-11
-11
-12
-8
-6
-4
1
0
0
4
6
8
10
12
16
17
20
20
23
23
25
29
30
30
28
31
35
30
35
36
34
37
36
35
36
34
36
37
35
36
39
39
40
39
40
39
39
40
42
43
43
41
42
44
41
40
41
41
39
39
39
36
33
29
28
29
26
25
22
19
17
15
16
14
11
10
5
6
8
2
1
2
1
-1
-2
-1
-2
-6
-8
-9
-12
-12
-16
-20
-23
-26
-29
-30
-31
-35
-37
-39
-43
-44
-47
-49
-48
-51
-55
-52
-51
-53
-52
-52
-52
-50
-50
-48
-47
-47
-47
-47
-47
-46
-48
-50
-48
-49
-50
-50
-52
-51
-52
-52
-48
-50
-50
-48
-47
-44
-43
-41
-38
-34
-30
-27
-26
-22
-17
-15
-11
-9
-9
-6
-2
-3
0
3
4
4
5
4
6
9
8
7
9
11
13
15
17
20
23
26
30
32
35
41
42
43
46
49
52
55
54
55
57
56
55
56
54
53
51
51
49
47
48
45
44
45
42
41
42
37
37
41
40
40
42
40
39
41
39
39
38
39
37
34
33
31
28
26
22
19
17
13
8
5
2
-1
-4
-9
-14
-13
-16
-19
-20
-23
-24
-24
-25
-26
-29
-30
-31
-31
-33
-31
-33
-36
-36
-37
-41
-41
-42
-46
-48
-49
-51
-53
-56
-58
-59
-58
-59
-60
-60
-61
-62
-60
-60
-58
-54
-54
-53
-48
-49
-48
-45
-44
-39
-37
-36
-35
-33
-32
-29
-26
-26
-24
-22
-21
-18
-16
-16
-14
-11
-9
-7
-6
-4
-1
2
4
9
13
15
18
22
27
29
32
36
39
42
44
47
49
52
52
54
55
57
58
61
62
61
63
63
63
64
61
62
63
62
63
66
65
64
65
64
65
66
66
66
66
65
63
61
60
59
58
55
55
51
50
48
46
43
40
37
34
30
26
22
19
17
15
12
9
7
4
1
0
-3
-5
-7
-9
-11
-15
-18
-20
-23
-25
-28
-30
-33
-36
-39
-41
-44
-47
-49
-54
-56
-59
-63
-64
-67
-67
-68
-69
-70
-71
-70
-71
-70
-70
-69
-67
-67
-66
-65
-65
-63
-62
-61
-59
-59
-57
-56
-55
-56
-54
-52
-53
-52
-50
-50
-48
-46
-43
-41
-40
-37
-36
-32
-30
-26
-23
-21
-14
-11
-9
-4
-1
3
7
9
13
14
17
18
20
21
23
25
27
29
30
32
33
32
34
36
38
39
39
42
44
45
46
48
49
49
51
51
51
53
52
51
52
52
53
53
53
53
51
50
49
47
47
45
44
43
41
40
38
36
34
32
31
29
30
28
28
27
26
24
23
21
19
16
14
12
9
5
2
-2
-5
-8
-11
-12
-14
-17
-16
-19
-22
-23
-24
-24
-25
-25
-26
-28
-29
-31
-32
-32
-33
-33
-34
-34
-33
-33
-33
-32
-31
-33
-33
-33
-33
-33
-34
-34
-35
-35
-38
-38
-38
-37
-37
-37
-37
-34
-32
-33
-33
-31
-31
-29
-28
-25
-24
-22
-21
-19
-17
-15
-14
-13
-10
-7
-4
-4
-2
-1
1
0
3
4
5
6
6
7
10
11
12
12
13
14
16
17
18
18
19
21
22
23
25
25
27
28
28
29
30
30
31
32
32
32
31
30
30
30
29
28
27
26
26
25
23
22
20
21
22
21
20
18
18
17
16
16
16
15
14
15
14
13
11
9
10
8
7
6
5
4
2
1
-1
-1
-2
-4
-4
-3
-4
-5
-7
-8
-7
-8
-8
-9
-8
-8
-8
-8
-8
-10
-13
-13
-13
-13
-13
-14
-15
-16
-17
-17
-18
-19
-20
-21
-22
-23
-23
-24
-24
-25
-25
-24
-23
-22
-20
-19
-19
-19
-18
-16
-16
-14
-13
-13
-12
-12
-12
-9
-7
-8
-8
-7
-7
-8
-7
-8
-8
-8
-6
-5
-5
-2
-4
-4
-3
-2
-1
1
2
4
5
6
7
8
9
8
9
11
12
12
12
13
13
12
12
12
13
13
12
12
11
11
11
10
10
11
11
12
11
13
13
12
11
12
13
14
12
12
12
11
12
11
12
10
9
9
8
6
5
4
4
1
1
0
-1
-1
-2
-4
-3
-2
-3
-2
-1
-2
-2
-2
0
0
-2
-1
-1
-1
-2
0
-1
-3
-3
-2
-3
-6
-4
-3
-6
-8
-9
-8
-8
-7
-8
-9
-8
-8
-8
-7
-6
-5
-6
-5
-5
-4
-4
-3
-3
-3
-1
-2
-2
-2
-4
-3
-5
-4
-5
-5
-5
-6
-5
-6
-5
-4
-4
-4
-3
-3
-2
-3
0
1
3
4
4
5
5
5
5
6
5
5
5
5
5
5
5
4
3
2
2
2
1
2
1
1
0
1
3
2
3
2
4
4
5
5
6
6
7
7
7
8
7
7
8
8
7
6
5
6
5
3
2
1
1
1
0
0
0
0
-1
-1
-2
-2
-3
-2
-1
-1
-2
-1
-2
-2
-2
-2
-3
-2
-3
-4
-5
-5
-5
-5
-5
-7
-7
-6
-6
-7
-7
-7
-8
-7
-7
-7
-6
-6
-6
-6
-6
-6
-6
-7
-7
-6
-7
-6
-7
-6
-5
-5
-5
-5
-4
-4
-3
-3
-3
-3
-2
-3
-1
-1
-1
0
0
1
3
2
3
2
1
3
4
5
4
4
5
4
5
6
6
7
6
6
6
5
4
5
6
5
5
5
4
4
7
6
6
7
6
6
7
7
8
9
10
9
9
9
8
10
9
9
7
8
7
6
6
5
5
5
4
4
5
3
3
3
3
2
3
3
3
2
2
1
2
3
2
2
2
1
0
-1
0
-2
-3
-4
-4
-4
-4
-5
-5
-7
-6
-8
-7
-8
-9
-9
-10
-12
-13
-13
-13
-14
-14
-15
-16
-16
-17
-19
-20
-19
-19
-20
-20
-19
-18
-20
-19
-19
-19
-17
-17
-16
-15
-16
-15
-15
-15
-15
-13
-12
-12
-12
-12
-10
-11
-10
-10
-8
-6
-5
-4
-4
-2
0
-1
1
2
3
4
6
7
7
7
9
9
10
12
12
13
14
14
14
15
16
17
19
20
21
23
22
22
24
25
25
26
25
26
25
26
26
25
25
26
24
24
24
23
21
20
19
19
17
18
17
17
17
14
13
12
11
11
11
10
10
8
8
7
6
5
3
4
3
1
1
0
-3
-3
-5
-5
-5
-7
-9
-10
-12
-13
-14
-15
-15
-16
-17
-17
-18
-18
-18
-18
-18
-19
-19
-19
-20
-20
-20
-19
-19
-19
-20
-20
-20
-20
-19
-20
-19
-20
-21
-21
-20
-20
-20
-19
-19
-18
-17
-16
-16
-15
-14
-13
-12
-11
-10
-8
-8
-7
-6
-6
-3
-3
-3
-2
-1
-1
1
0
0
1
1
2
4
4
5
4
6
6
6
9
10
10
10
10
11
13
13
14
14
16
15
16
17
17
18
18
18
19
18
18
20
19
19
18
18
17
18
18
18
18
17
15
16
17
16
16
17
16
16
15
15
15
15
14
13
13
12
11
11
10
9
7
7
6
5
4
3
1
2
1
-1
-2
-3
-2
-3
-4
-4
-4
-6
-8
-8
-8
-9
-11
-11
-11
-13
-13
-14
-14
-13
-16
-16
-18
-18
-19
-20
-19
-19
-19
-19
-20
-20
-22
-20
-21
-21
-21
-20
-20
-20
-20
-19
-19
-19
-18
-19
-17
-17
-17
-17
-18
-16
-16
-14
-14
-12
-11
-12
-11
-10
-9
-9
-8
-7
-7
-6
-4
-3
-2
-3
0
0
1
2
2
3
4
5
6
6
9
9
9
11
11
13
13
13
13
13
14
15
16
17
17
17
18
19
19
19
20
19
18
19
20
19
19
19
19
20
19
19
19
19
19
19
18
19
18
17
17
17
16
16
15
14
13
13
13
12
10
10
10
10
8
7
6
5
5
5
3
2
1
0
-2
-1
-3
-2
-3
-5
-6
-7
-6
-8
-9
-10
-9
-10
-12
-13
-13
-13
-14
-15
-15
-16
-16
-16
-17
-17
-17
-16
-15
-17
-16
-16
-16
-17
-18
-17
-17
-18
-16
-17
-17
-17
-16
-16
-15
-16
-14
-13
-14
-13
-12
-11
-12
-11
-10
-9
-10
-9
-8
-9
-6
-6
-5
-5
-3
-2
-1
-1
1
1
2
2
2
4
4
5
6
6
7
9
8
10
10
11
11
11
12
12
13
14
15
14
13
15
15
14
14
13
14
13
12
13
12
13
13
13
13
13
13
12
11
11
11
11
9
9
10
11
10
8
8
7
8
8
6
5
4
5
3
1
2
1
-1
-1
-2
-2
-3
-4
-5
-6
-6
-6
-6
-8
-7
-8
-8
-8
-10
-9
-10
-11
-11
-11
-12
-12
-12
-14
-13
-13
-13
-14
-15
-14
-15
-16
-16
-16
-18
-16
-16
-17
-17
-17
-16
-16
-16
-16
-16
-16
-16
-14
-14
-13
-12
-13
-13
-12
-11
-9
-9
-10
-9
-8
-8
-8
-7
-6
-5
-5
-5
-3
-3
-2
-2
-3
-2
-1
0
1
1
3
3
3
3
5
7
8
8
9
11
12
12
13
13
14
15
15
17
17
16
17
18
18
18
18
19
18
20
19
20
21
20
19
19
21
20
19
20
20
20
21
20
19
20
19
19
20
18
17
18
16
14
15
14
13
12
12
11
10
10
9
9
7
7
6
5
5
3
2
1
1
0
0
0
0
-2
-3
-4
-4
-5
-5
-6
-7
-6
-7
-9
-9
-9
-8
-9
-10
-10
-11
-13
-13
-13
-12
-12
-13
-12
-12
-11
-13
-14
-14
-13
-14
-14
-12
-12
-12
-13
-13
-11
-11
-12
-11
-11
-11
-10
-11
-10
-9
-9
-9
-8
-8
-7
-6
-6
-5
-6
-6
-6
-5
-6
-5
-4
-5
-4
-4
-4
-4
-2
-2
-2
-2
-2
0
-1
0
0
-1
0
1
1
0
1
1
0
0
0
0
2
1
1
1
1
1
1
1
1
1
1
2
