-3
-2
-2
-2
-1
-2
-2
-2
-2
-1
-1
-1
-2
-3
-2
-3
-2
-2
-1
-2
-1
-1
-2
-1
-1
-2
-1
-1
-3
-4
-4
-3
-2
-1
-2
-1
-2
-1
-2
-2
-1
0
0
1
0
0
0
0
2
2
2
1
3
3
3
5
5
6
7
8
9
11
11
11
13
13
14
14
14
15
15
16
16
14
15
15
16
15
14
15
14
13
12
11
11
10
8
7
6
5
3
1
1
1
0
-1
-2
-3
-4
-4
-5
-5
-5
-6
-6
-7
-7
-7
-8
-8
-10
-12
-13
-13
-14
-16
-19
-19
-20
-21
-22
-23
-25
-27
-29
-30
-31
-32
-31
-33
-34
-34
-33
-32
-34
-32
-28
-28
-30
-30
-26
-24
-23
-23
-25
-24
-27
-26
-29
-26
-24
-25
-27
-33
-35
-32
-25
-10
-8
-17
-22
-18
-7
-6
-3
8
19
24
19
18
18
21
33
50
60
53
35
28
41
56
54
42
38
37
34
30
31
28
22
19
22
22
16
8
12
20
22
17
5
4
7
15
22
21
14
2
-1
8
17
20
16
13
17
20
20
19
25
30
35
39
39
39
38
41
48
57
65
61
55
59
67
74
72
69
66
65
68
67
64
57
53
51
46
39
30
21
17
14
10
0
-10
-15
-20
-21
-24
-31
-38
-45
-48
-51
-53
-51
-53
-55
-59
-58
-56
-59
-59
-61
-61
-63
-66
-60
-61
-59
-60
-56
-53
-60
-66
-70
-67
-64
-65
-69
-80
-82
-90
-95
-87
-79
-62
-63
-64
-65
-71
-74
-72
-47
-27
-23
-19
-16
-12
-14
-10
7
27
37
39
36
33
35
45
56
64
66
53
43
43
45
45
47
48
47
36
26
23
22
26
29
27
14
1
-5
-8
-6
-5
-8
-19
-31
-38
-37
-34
-33
-38
-40
-42
-46
-50
-50
-44
-33
-27
-24
-23
-23
-15
-6
5
12
18
27
31
40
48
61
72
76
77
83
90
95
98
96
100
102
100
96
91
88
90
91
84
68
60
57
55
53
44
40
34
26
22
15
12
7
4
4
-2
-10
-17
-17
-14
-16
-20
-24
-23
-25
-28
-20
-16
-14
-17
-17
-13
-11
-8
-6
-3
-3
-4
-11
-18
-15
-12
-12
-17
-20
-24
-26
-28
-32
-31
-33
-38
-46
-52
-54
-57
-66
-70
-74
-80
-83
-91
-96
-101
-101
-100
-103
-102
-103
-100
-100
-102
-102
-101
-99
-93
-90
-90
-89
-87
-88
-83
-75
-67
-63
-61
-58
-57
-50
-39
-26
-18
-13
-10
-4
9
18
21
21
36
45
46
44
51
67
76
82
82
81
80
89
100
102
99
95
94
95
103
101
91
83
82
82
74
70
66
60
54
52
45
37
33
31
31
29
23
13
10
11
14
13
11
12
8
10
19
26
28
25
31
40
47
48
54
66
74
81
84
87
94
99
107
113
119
119
114
114
118
123
123
119
112
108
101
94
89
84
75
65
50
36
21
9
0
-7
-19
-36
-52
-62
-70
-81
-92
-104
-115
-123
-130
-134
-139
-148
-152
-151
-144
-142
-143
-145
-143
-143
-144
-137
-130
-128
-123
-119
-112
-114
-112
-105
-108
-106
-107
-101
-108
-114
-112
-115
-110
-120
-126
-117
-87
-45
-58
-102
-125
-98
-64
-58
-48
-18
10
10
-7
-15
-11
17
71
122
126
73
23
37
109
160
157
131
114
108
96
92
103
108
106
104
100
75
36
25
58
95
91
39
-15
-32
-13
14
20
3
-25
-54
-65
-58
-48
-47
-65
-77
-81
-82
-89
-98
-86
-61
-36
-35
-52
-55
-44
-18
11
35
41
34
33
55
89
118
130
136
145
158
170
182
197
209
218
233
242
242
229
220
224
230
224
206
185
169
161
154
144
126
104
83
65
42
24
10
-11
-27
-42
-46
-57
-77
-93
-104
-106
-111
-123
-130
-138
-138
-130
-117
-113
-119
-122
-118
-112
-108
-103
-100
-99
-104
-102
-101
-99
-95
-95
-92
-98
-102
-108
-114
-115
-122
-123
-128
-135
-147
-159
-163
-168
-173
-181
-189
-198
-218
-232
-216
-168
-125
-145
-197
-212
-174
-121
-107
-93
-57
-22
-9
-32
-47
-35
20
104
169
165
102
44
72
160
220
219
183
166
158
154
151
149
158
166
168
153
105
55
38
71
120
117
54
-17
-46
-22
4
10
-10
-48
-86
-96
-75
-54
-59
-75
-82
-70
-62
-69
-75
-58
-18
16
27
21
14
24
64
111
141
147
136
139
168
212
245
252
250
255
267
280
282
285
293
298
298
283
265
248
237
240
234
211
171
131
117
111
100
76
41
19
-2
-26
-39
-53
-68
-86
-105
-114
-126
-144
-155
-152
-148
-153
-164
-167
-162
-159
-164
-164
-157
-153
-148
-145
-139
-135
-135
-137
-138
-132
-132
-142
-153
-159
-169
-172
-174
-178
-182
-190
-201
-223
-242
-250
-254
-243
-227
-214
-233
-255
-246
-215
-203
-220
-203
-167
-129
-124
-114
-89
-73
-50
-27
12
40
55
82
111
128
134
133
152
179
187
184
174
177
167
150
153
157
151
125
100
85
67
54
46
39
25
1
-20
-37
-59
-71
-84
-94
-100
-112
-121
-134
-137
-125
-119
-117
-126
-126
-106
-82
-59
-43
-28
-10
7
31
68
102
126
148
173
206
219
240
264
298
330
337
348
339
346
363
376
389
383
373
357
340
333
320
299
280
259
240
210
176
144
118
101
75
42
9
-24
-45
-63
-76
-90
-107
-125
-141
-149
-156
-160
-153
-151
-153
-160
-160
-154
-151
-147
-136
-129
-131
-136
-132
-122
-123
-128
-126
-124
-124
-138
-147
-153
-163
-168
-185
-198
-203
-215
-218
-242
-269
-287
-301
-282
-268
-268
-307
-318
-279
-259
-268
-282
-242
-183
-159
-155
-138
-108
-77
-41
4
45
55
70
101
145
168
158
161
189
218
217
201
201
206
194
190
192
182
152
129
133
128
99
61
39
37
31
15
-22
-54
-69
-81
-96
-106
-111
-120
-139
-148
-142
-142
-144
-138
-119
-101
-95
-89
-78
-50
-14
11
29
49
80
112
138
173
214
248
267
281
306
341
367
379
395
408
410
400
402
416
427
418
393
366
344
321
301
283
264
232
190
151
125
103
76
51
30
7
-27
-60
-74
-77
-89
-105
-115
-116
-124
-143
-147
-133
-129
-140
-149
-144
-136
-140
-142
-133
-133
-139
-150
-149
-144
-154
-157
-165
-169
-173
-191
-210
-229
-231
-237
-250
-275
-305
-329
-355
-366
-376
-364
-353
-354
-389
-398
-367
-340
-334
-350
-306
-232
-185
-182
-181
-142
-76
-18
29
68
88
104
132
193
235
235
222
235
284
292
260
233
231
233
218
197
177
141
99
82
86
79
31
-24
-49
-45
-41
-80
-125
-148
-159
-167
-179
-179
-174
-185
-200
-195
-173
-165
-178
-174
-146
-107
-82
-67
-39
-11
21
62
104
141
162
187
229
276
310
327
343
365
397
424
437
445
442
434
423
413
411
413
404
385
365
335
301
269
253
243
215
178
139
117
106
83
55
33
19
-1
-31
-51
-51
-52
-69
-88
-95
-95
-106
-119
-116
-107
-109
-120
-131
-130
-133
-130
-129
-119
-107
-106
-126
-152
-163
-155
-149
-157
-172
-203
-239
-263
-274
-281
-313
-340
-376
-396
-431
-465
-451
-418
-377
-409
-420
-413
-411
-416
-396
-289
-205
-167
-162
-148
-112
-73
-2
80
145
176
185
199
221
243
261
283
320
324
282
234
199
193
183
187
187
143
78
30
25
31
23
-4
-44
-76
-100
-111
-119
-123
-124
-129
-147
-168
-179
-190
-183
-156
-124
-110
-124
-124
-117
-87
-38
7
33
34
48
73
107
149
205
248
273
287
297
319
333
357
375
397
412
402
387
373
374
376
373
377
359
322
288
259
256
253
241
228
194
164
137
119
116
105
92
72
51
35
13
4
4
9
5
-17
-40
-59
-68
-60
-41
-36
-45
-73
-88
-81
-74
-71
-84
-82
-84
-100
-120
-145
-153
-171
-193
-205
-241
-276
-308
-323
-333
-389
-446
-492
-526
-536
-510
-449
-419
-465
-488
-503
-501
-487
-427
-289
-210
-162
-157
-161
-134
-106
-6
109
199
248
219
200
198
209
258
308
355
335
249
190
156
150
153
158
175
126
57
3
-31
-26
-23
-13
-14
-58
-96
-129
-135
-97
-68
-61
-82
-110
-111
-111
-81
-34
-7
14
8
5
-5
3
54
94
126
135
129
121
110
136
185
226
249
230
208
199
209
237
257
284
287
256
224
203
213
231
242
254
240
206
170
154
162
173
171
155
130
107
81
66
65
69
63
40
14
-3
-21
-36
-34
-14
-7
-36
-65
-74
-69
-64
-63
-54
-52
-61
-72
-68
-67
-55
-38
-58
-76
-105
-103
-110
-131
-147
-180
-196
-244
-267
-296
-344
-382
-439
-477
-479
-457
-434
-435
-422
-398
-444
-504
-477
-347
-215
-159
-113
-83
-78
-83
-52
52
171
254
295
290
264
205
172
233
321
363
309
210
148
93
58
68
97
104
50
-12
-58
-108
-127
-118
-72
-38
-56
-92
-146
-159
-117
-67
-24
-4
-1
-9
-24
7
64
111
143
145
148
136
128
148
177
215
231
232
211
176
159
170
193
220
224
201
163
135
146
169
190
194
178
159
135
130
141
157
177
171
162
140
109
95
97
112
114
99
71
32
9
0
-8
-12
-20
-37
-74
-111
-123
-117
-104
-98
-96
-98
-110
-119
-106
-72
-41
-31
-22
-26
-20
-15
11
45
39
27
0
-12
-26
-45
-51
-70
-88
-132
-200
-258
-302
-313
-342
-393
-463
-539
-544
-501
-401
-348
-371
-445
-506
-474
-403
-287
-160
-14
81
65
1
-66
-25
115
322
472
453
328
184
128
177
259
328
324
257
155
24
-67
-110
-83
-11
33
12
-110
-250
-325
-297
-187
-76
-24
-65
-148
-194
-171
-96
2
83
125
125
103
101
112
150
223
297
337
320
260
210
198
253
339
391
381
310
237
197
206
266
310
316
296
260
224
178
167
194
229
259
252
221
166
118
113
142
185
198
167
103
33
-2
-4
12
17
-16
-74
-129
-163
-179
-197
-214
-229
-240
-252
-266
-274
-278
-266
-237
-214
-196
-201
-204
-189
-145
-98
-69
-46
-51
-40
-48
-54
-56
-62
-61
-92
-123
-166
-202
-256
-320
-375
-435
-410
-358
-321
-341
-366
-362
-399
-450
-448
-327
-184
-72
3
9
-40
-111
-101
14
167
297
320
287
220
137
94
103
187
240
211
145
34
-74
-162
-165
-92
-39
-26
-77
-154
-226
-252
-202
-122
-37
8
-9
-60
-87
-55
6
79
155
222
239
217
195
201
237
287
339
351
333
294
258
259
284
324
340
325
298
254
234
240
279
328
341
331
301
281
295
326
377
399
399
380
345
326
309
319
344
347
324
256
176
100
49
46
44
17
-52
-136
-208
-268
-304
-323
-321
-319
-345
-378
-413
-424
-401
-356
-295
-253
-239
-241
-226
-192
-150
-94
-42
3
19
14
2
-13
-4
-4
-14
-48
-98
-162
-252
-304
-311
-334
-390
-496
-586
-673
-692
-625
-529
-428
-379
-383
-493
-595
-562
-390
-170
14
156
187
98
-29
-66
45
226
413
497
463
326
136
14
6
100
180
174
108
-31
-202
-351
-381
-287
-188
-122
-142
-215
-323
-382
-319
-193
-48
46
72
52
7
15
71
172
296
391
425
382
325
295
304
357
411
443
410
342
273
236
235
255
286
285
268
230
204
197
213
266
323
363
379
398
421
428
439
473
508
530
525
515
502
476
447
415
388
350
287
210
140
77
2
-80
-150
-200
-245
-304
-361
-407
-446
-474
-491
-476
-443
-424
-407
-376
-332
-296
-270
-218
-143
-90
-63
-40
-15
1
16
44
50
29
-13
-47
-122
-208
-252
-289
-320
-396
-460
-558
-663
-729
-807
-812
-771
-643
-547
-507
-435
-446
-504
-566
-449
-192
8
168
251
283
226
125
124
201
358
474
508
458
298
131
-23
-57
6
31
10
-87
-198
-334
-465
-486
-440
-342
-272
-231
-224
-278
-292
-255
-140
-1
115
206
220
229
240
274
334
397
479
505
491
456
415
386
355
343
340
320
283
230
182
159
150
166
180
207
231
244
256
279
344
408
478
539
598
658
690
714
730
741
745
726
712
697
658
585
487
411
335
252
159
65
-14
-106
-200
-288
-357
-410
-455
-470
-476
-485
-509
-521
-492
-440
-372
-311
-256
-209
-183
-156
-114
-65
-34
-17
15
34
8
-49
-79
-105
-160
-221
-275
-334
-418
-499
-564
-622
-668
-712
-772
-838
-886
-874
-813
-716
-595
-460
-348
-344
-428
-450
-305
-92
86
251
407
451
332
171
97
134
229
353
438
391
194
-68
-263
-326
-299
-257
-235
-243
-317
-464
-603
-650
-596
-484
-335
-181
-96
-102
-143
-129
-43
85
227
351
429
459
448
407
373
377
406
430
444
439
397
296
183
91
55
57
67
73
77
84
66
52
64
116
192
267
389
478
568
660
714
738
741
836
917
971
964
960
948
860
778
648
571
513
465
425
324
193
-9
-146
-207
-225
-254
-326
-343
-389
-434
-462
-461
-422
-396
-334
-250
-178
-142
-131
-103
-75
-35
-4
7
12
-22
-63
-108
-143
-173
-237
-299
-350
-387
-454
-536
-607
-673
-705
-727
-736
-767
-804
-840
-880
-862
-753
-590
-497
-404
-225
-64
-95
-255
-255
-68
150
295
433
537
487
292
79
-12
12
106
219
288
236
7
-294
-502
-543
-502
-433
-340
-281
-328
-483
-631
-657
-555
-384
-171
22
131
129
75
57
120
230
347
464
557
589
512
375
272
234
243
261
292
311
262
138
-10
-116
-148
-114
-49
41
133
171
147
116
147
249
384
553
721
844
876
842
820
843
920
995
1049
1047
985
871
724
608
531
479
417
351
266
143
11
-104
-157
-180
-187
-178
-176
-200
-255
-279
-254
-196
-128
-78
-56
-42
-26
-19
-18
-10
4
-10
-64
-118
-161
-225
-289
-338
-381
-424
-470
-505
-559
-622
-663
-678
-705
-740
-741
-756
-768
-757
-731
-733
-773
-724
-555
-391
-276
-138
3
21
-96
-189
-132
8
140
309
472
489
314
21
-203
-256
-165
7
152
172
22
-267
-549
-688
-697
-603
-436
-274
-219
-310
-470
-587
-584
-439
-179
75
238
285
234
147
90
114
216
328
422
488
474
357
191
58
2
27
109
187
206
149
39
-86
-169
-160
-79
32
164
287
359
347
312
346
460
619
786
941
1031
1014
923
845
839
873
920
945
929
846
693
526
391
314
270
252
238
212
136
5
-109
-150
-117
-57
-2
35
46
15
-32
-43
-3
52
95
130
162
156
99
20
-54
-106
-145
-180
-227
-286
-351
-422
-502
-560
-579
-583
-606
-630
-623
-617
-646
-689
-694
-678
-677
-689
-716
-743
-763
-678
-484
-286
-147
-53
-33
-164
-332
-360
-184
60
283
456
468
265
-59
-311
-361
-231
-7
200
275
146
-155
-488
-692
-721
-606
-402
-202
-139
-254
-456
-608
-644
-552
-327
-41
177
260
212
119
34
11
64
178
320
421
438
342
182
29
-66
-74
-6
114
200
187
95
-21
-118
-168
-134
-22
135
275
382
432
430
431
479
574
712
892
1050
1107
1052
973
903
842
813
822
839
809
723
603
471
333
214
160
158
166
134
80
29
-32
-82
-93
-44
23
73
95
111
128
118
97
91
125
164
171
145
102
33
-77
-210
-315
-364
-389
-410
-440
-479
-553
-637
-710
-754
-749
-705
-638
-590
-577
-621
-707
-783
-812
-796
-725
-542
-333
-202
-123
-57
-67
-226
-364
-295
-66
138
281
393
374
173
-136
-375
-428
-343
-141
81
185
77
-238
-562
-725
-712
-609
-446
-257
-164
-230
-413
-556
-599
-534
-329
-56
185
284
256
163
71
36
53
134
247
357
386
291
133
-26
-138
-174
-115
6
109
131
70
-28
-122
-170
-144
-37
135
320
448
489
494
511
551
621
761
949
1085
1121
1087
1031
967
921
912
915
896
857
786
667
528
398
306
260
251
256
221
148
75
23
-2
4
41
91
137
158
156
132
109
104
117
146
180
183
125
49
-25
-107
-196
-281
-316
-348
-403
-465
-524
-576
-652
-708
-723
-710
-690
-674
-644
-671
-731
-788
-817
-814
-822
-717
-519
-302
-115
-25
-52
-244
-422
-421
-259
-30
206
467
559
395
42
-333
-524
-506
-275
13
195
170
-98
-458
-756
-874
-845
-676
-414
-216
-189
-363
-572
-708
-719
-561
-294
-2
202
276
218
100
-5
-59
-29
79
247
357
331
201
25
-152
-276
-284
-185
-48
38
55
0
-116
-219
-263
-216
-76
145
364
495
545
570
585
596
677
837
1001
1097
1127
1139
1113
1041
956
903
888
882
861
821
760
659
517
390
325
301
291
284
289
282
232
170
131
141
179
231
280
298
282
237
186
160
174
196
188
148
81
-10
-139
-266
-350
-384
-404
-445
-489
-542
-599
-656
-691
-694
-695
-688
-687
-686
-700
-734
-780
-864
-871
-707
-431
-180
-73
-63
-165
-379
-568
-588
-362
-9
349
545
456
116
-333
-624
-645
-416
-102
124
203
73
-227
-598
-848
-881
-745
-500
-247
-109
-194
-426
-646
-746
-707
-540
-271
4
173
193
89
-76
-207
-246
-176
-13
166
273
233
83
-96
-232
-296
-274
-154
-3
123
152
74
-62
-197
-248
-161
67
345
552
628
623
571
494
469
555
738
932
1064
1090
1011
871
727
656
679
779
878
917
881
768
624
492
416
407
454
509
536
525
465
387
304
268
295
351
404
433
426
366
271
184
135
112
111
134
135
74
-54
-204
-312
-336
-326
-322
-344
-390
-440
-521
-614
-682
-680
-640
-632
-667
-686
-617
-510
-394
-245
-115
-93
-224
-372
-408
-353
-226
-20
170
201
28
-257
-505
-620
-591
-447
-271
-151
-171
-359
-589
-753
-841
-828
-683
-474
-341
-331
-389
-456
-517
-533
-466
-348
-208
-98
-40
-46
-99
-186
-279
-330
-316
-247
-200
-189
-214
-279
-366
-449
-479
-452
-368
-260
-157
-93
-75
-79
-85
-47
30
143
292
452
570
612
612
601
592
592
610
649
694
727
720
658
551
448
382
363
393
459
524
556
566
554
525
490
487
527
579
640
695
727
709
678
661
652
639
627
641
642
616
555
472
376
266
186
131
106
73
30
-29
-107
-148
-172
-190
-211
-211
-191
-193
-223
-265
-275
-295
-316
-339
-369
-388
-409
-300
-100
69
90
16
-78
-242
-387
-447
-305
-77
100
147
-17
-291
-607
-802
-810
-641
-422
-287
-239
-327
-518
-776
-943
-919
-768
-565
-395
-295
-320
-437
-560
-611
-565
-464
-317
-185
-87
-80
-186
-347
-480
-520
-497
-434
-362
-306
-318
-392
-475
-545
-556
-508
-409
-286
-161
-52
14
19
8
43
119
218
330
444
528
563
583
598
584
543
521
526
553
564
532
474
396
322
261
229
245
286
332
373
406
407
392
373
382
432
509
590
636
648
632
612
601
610
643
669
665
615
541
456
369
282
214
189
170
140
79
12
-30
-62
-90
-125
-142
-148
-151
-153
-147
-148
-165
-107
33
203
355
469
488
359
192
114
165
258
406
560
589
449
155
-174
-432
-537
-481
-356
-261
-268
-398
-641
-883
-1052
-1116
-1041
-860
-653
-519
-475
-503
-579
-648
-634
-505
-327
-150
-8
60
24
-101
-254
-380
-441
-445
-423
-412
-437
-513
-656
-814
-934
-979
-946
-855
-716
-591
-520
-515
-532
-524
-420
-205
37
248
391
475
480
436
421
451
527
618
686
674
579
443
294
186
147
144
125
102
66
-3
-110
-184
-174
-123
-42
62
176
264
322
360
396
436
491
575
652
724
761
742
690
629
596
571
556
543
525
467
354
228
120
52
4
4
42
70
74
51
23
-28
-71
-59
11
105
156
164
106
75
146
312
501
608
667
626
461
253
145
197
352
549
641
580
330
-5
-279
-419
-398
-324
-230
-160
-150
-292
-543
-758
-882
-885
-795
-606
-430
-362
-382
-448
-519
-575
-556
-469
-306
-132
-21
-16
-119
-243
-382
-495
-536
-499
-443
-423
-442
-521
-621
-745
-819
-814
-738
-603
-469
-352
-292
-284
-315
-312
-229
-98
57
202
344
426
431
372
316
298
310
369
424
451
420
338
225
103
23
-18
-27
-19
9
10
-33
-92
-139
-154
-134
-63
38
140
217
264
278
265
263
297
365
423
465
489
475
426
358
303
266
246
256
274
256
189
120
68
8
-72
-124
-108
-63
-20
-21
-36
1
95
225
351
532
686
681
573
528
582
617
686
830
962
962
793
576
355
186
101
109
181
224
144
-62
-273
-473
-670
-805
-779
-618
-493
-445
-422
-420
-486
-554
-517
-374
-210
-87
12
63
42
-52
-179
-274
-305
-294
-283
-275
-302
-382
-514
-650
-746
-801
-792
-744
-685
-639
-613
-599
-595
-537
-416
-273
-135
-1
120
181
199
217
266
328
382
417
421
401
338
243
165
120
86
49
10
-30
-92
-171
-217
-236
-241
-234
-215
-200
-198
-184
-158
-118
-71
-1
83
151
198
236
273
298
310
319
333
334
314
292
250
192
129
82
54
25
-4
-12
-13
-31
-41
-50
-60
-66
-51
-2
28
26
35
82
97
96
182
363
575
693
736
718
618
489
414
469
617
813
941
937
784
490
203
31
30
123
215
283
294
191
-34
-273
-469
-568
-556
-436
-270
-189
-215
-304
-397
-467
-476
-409
-273
-115
1
48
6
-111
-253
-369
-425
-404
-335
-286
-286
-338
-422
-527
-634
-683
-660
-588
-493
-398
-349
-356
-384
-389
-350
-274
-156
-11
124
210
239
219
186
170
178
224
287
332
327
267
174
83
10
-29
-27
-13
-2
-21
-71
-136
-208
-256
-273
-244
-186
-138
-99
-84
-90
-98
-86
-39
19
72
120
151
145
123
115
118
110
83
61
44
26
-15
-58
-81
-91
-112
-161
-184
-190
-193
-196
-184
-184
-211
-157
-7
177
277
346
443
482
454
433
512
625
734
846
943
968
861
716
595
530
494
471
493
506
434
253
59
-90
-205
-293
-310
-246
-191
-197
-237
-260
-292
-325
-312
-230
-114
-36
19
66
89
76
30
-3
-18
-39
-77
-93
-100
-137
-209
-283
-338
-400
-461
-504
-515
-493
-454
-406
-353
-311
-292
-278
-256
-202
-113
-2
114
205
255
254
228
198
189
206
234
269
277
243
172
76
-21
-105
-147
-150
-132
-124
-136
-180
-249
-314
-356
-359
-330
-270
-199
-141
-112
-113
-125
-124
-91
-34
36
90
123
122
102
78
48
23
-10
-26
-24
-33
-60
-94
-117
-163
-209
-248
-280
-284
-288
-261
-237
-256
-278
-313
-329
-256
-92
112
260
351
404
404
345
293
377
526
710
870
950
933
746
539
393
359
395
458
530
541
478
294
82
-115
-249
-292
-257
-152
-89
-95
-179
-268
-340
-372
-326
-231
-104
2
75
74
30
-30
-79
-98
-88
-31
16
30
-2
-52
-123
-196
-227
-246
-240
-222
-184
-171
-195
-214
-222
-231
-231
-173
-96
-33
17
65
111
134
152
177
223
269
299
311
320
324
294
252
223
207
174
135
106
71
19
-48
-107
-157
-202
-242
-266
-274
-282
-291
-293
-287
-279
-279
-270
-240
-211
-188
-167
-128
-98
-86
-73
-58
-48
-63
-74
-65
-50
-55
-89
-124
-156
-201
-248
-288
-303
-312
-308
-290
-289
-309
-357
-354
-302
-193
-64
42
131
147
153
140
180
267
384
547
659
729
674
586
498
434
421
421
472
490
469
372
255
143
21
-46
-65
-30
-20
-36
-76
-133
-202
-277
-293
-261
-190
-131
-80
-47
-51
-85
-128
-141
-134
-102
-64
-19
4
-5
-44
-86
-95
-95
-74
-39
9
40
42
34
11
-1
-8
20
50
84
121
132
130
113
102
103
129
171
212
244
268
281
257
227
208
206
209
213
224
224
199
145
88
50
18
-9
-27
-21
-26
-63
-111
-150
-189
-235
-259
-252
-237
-243
-259
-264
-271
-287
-301
-283
-256
-238
-231
-210
-182
-183
-195
-204
-200
-207
-212
-205
-209
-210
-220
-226
-232
-252
-268
-293
-292
-236
-144
-54
-5
12
13
-2
-28
-41
18
104
211
306
365
378
319
259
244
284
322
364
415
441
411
321
256
192
127
89
109
158
166
131
70
14
-63
-127
-153
-145
-130
-137
-141
-143
-156
-198
-227
-228
-218
-205
-175
-124
-95
-82
-73
-57
-41
-31
-7
22
59
97
126
156
175
174
146
131
138
145
164
184
214
216
204
192
181
178
186
216
245
272
268
251
229
204
191
186
203
221
229
212
192
154
103
67
49
48
38
25
0
-33
-70
-107
-145
-180
-197
-211
-220
-228
-224
-230
-259
-290
-315
-320
-317
-298
-275
-256
-241
-234
-228
-243
-253
-248
-220
-193
-170
-134
-136
-141
-142
-131
-108
-94
-74
-83
-110
-148
-178
-212
-212
-176
-161
-139
-126
-142
-178
-214
-223
-196
-136
-63
15
57
76
78
72
101
144
179
223
275
324
338
314
285
247
206
165
160
164
137
87
40
7
-39
-88
-118
-127
-141
-157
-156
-151
-136
-127
-121
-104
-85
-72
-47
3
42
72
112
153
161
144
142
158
168
182
220
256
266
264
257
242
229
228
236
256
273
263
238
217
204
178
160
167
192
207
212
221
212
186
171
169
172
174
182
179
167
147
115
85
61
45
24
-14
-41
-70
-107
-132
-163
-207
-262
-301
-329
-344
-366
-385
-367
-370
-378
-363
-357
-353
-328
-286
-261
-219
-150
-86
-63
-46
8
17
6
39
72
66
65
71
29
6
-11
-68
-110
-142
-160
-192
-237
-260
-300
-348
-382
-399
-403
-417
-368
-316
-303
-270
-259
-233
-229
-212
-133
-71
-27
13
58
61
51
59
66
82
94
102
129
164
170
145
125
113
97
75
81
121
137
134
138
143
132
105
101
111
132
152
169
203
225
217
211
215
222
225
232
269
312
323
324
324
311
280
256
257
267
262
255
259
254
236
223
213
197
176
164
163
164
169
167
175
168
143
140
136
142
128
119
152
141
107
85
72
28
18
21
-13
-22
-51
-78
-102
-126
-165
-184
-217
-220
-183
-210
-206
-188
-206
-243
-205
-168
-182
-144
-102
-125
-123
-81
-109
-120
-100
-83
-91
-81
-62
-108
-136
-120
-143
-183
-162
-174
-215
-207
-210
-249
-264
-247
-256
-250
-233
-249
-261
-267
-267
-280
-269
-235
-278
-289
-282
-323
-286
-296
-302
-262
-305
-286
-278
-316
-282
-280
-268
-226
-211
-188
-170
-148
-121
-88
-54
5
48
51
87
119
120
129
171
222
244
265
307
321
320
340
345
358
383
388
398
393
371
355
332
306
300
296
293
303
312
316
313
305
293
293
294
297
297
284
281
272
259
249
237
219
180
161
156
139
143
119
84
85
49
9
10
-19
-45
-28
-43
-62
-76
-108
-103
-106
-102
-100
-78
-26
-10
-21
-38
-6
2
-14
25
1
29
28
7
50
-6
-28
-60
-76
-53
-96
-93
-82
-95
-116
-174
-160
-231
-239
-205
-209
-165
-195
-198
-225
-237
-233
-235
-214
-181
-146
-165
-155
-162
-225
-200
-214
-252
-211
-210
-197
-201
-204
-218
-274
-264
-281
-305
-298
-270
-241
-231
-194
-207
-209
-192
-198
-182
-149
-102
-68
-36
12
-1
-1
27
17
37
87
131
142
159
166
155
168
153
155
161
180
186
149
168
153
143
172
159
177
196
194
205
237
227
231
292
267
284
323
278
310
330
290
284
287
289
275
257
233
231
219
157
173
143
82
123
81
51
57
1
-16
8
-7
-26
1
-19
-9
30
0
-10
3
12
17
24
51
58
41
26
27
17
-11
21
-11
-52
10
-36
-84
-92
-110
-129
-144
-124
-119
-171
-185
-143
-148
-159
-125
-128
-150
-88
-109
-94
-98
-74
-40
-116
-30
-51
-97
-50
-102
-55
-62
-121
-77
-98
-148
-162
-137
-161
-205
-160
-188
-194
-160
-213
-183
-182
-185
-169
-187
-163
-124
-109
-145
-107
-78
-88
-53
-44
-48
-14
-12
-15
43
20
22
56
33
40
40
16
31
43
24
49
63
69
79
46
66
87
84
83
62
129
143
77
137
125
93
165
106
107
151
126
144
153
142
139
157
127
132
163
115
144
176
122
137
133
94
132
115
87
128
110
86
119
101
63
55
79
57
26
64
24
-7
5
-4
-25
-25
-27
-51
-57
-64
-65
-82
-106
-83
-66
-122
-124
-59
-84
-131
-110
-109
-120
-154
-132
-97
-152
-113
-75
-124
-78
-87
-176
-132
-107
-129
-115
-88
-63
-62
-75
-97
-68
-87
-133
-73
-28
-40
-26
1
-8
-21
-35
-30
-38
-23
29
8
11
77
32
-20
8
13
-9
-2
50
59
32
58
40
-2
25
15
33
41
69
69
43
90
62
39
53
93
97
90
109
117
135
73
99
131
77
114
95
125
127
40
108
54
20
65
14
60
68
26
8
31
13
-41
30
13
8
76
32
71
93
34
65
75
87
116
88
131
127
94
97
81
123
97
69
84
52
54
5
-20
32
-5
-48
-34
-60
-102
-123
-96
-106
-145
-105
-140
-153
-163
-181
-154
-156
-145
-134
-144
-161
-148
-145
-190
-184
-152
-202
-179
-145
-184
-168
-192
-197
-198
-240
-202
-203
-204
-191
-175
-149
-173
-163
-161
-127
-111
-91
-40
-50
-22
-5
-14
5
22
56
64
57
104
103
57
91
86
92
96
58
98
50
41
54
9
18
52
46
44
77
54
57
68
73
100
139
167
166
190
199
166
168
184
166
211
241
155
190
254
124
59
125
92
67
95
104
134
94
57
67
38
28
64
52
113
138
114
129
82
140
110
79
163
208
214
150
185
213
113
89
102
149
104
89
166
64
59
44
-27
-6
-39
-3
-51
-70
-9
-93
-99
-119
-95
-92
-152
-81
-86
-64
-100
-123
-56
-136
-110
-86
-126
-100
-103
-135
-161
-135
-156
-195
-201
-211
-230
-273
-272
-306
-313
-306
-307
-311
-331
-276
-313
-318
-294
-286
-242
-254
-201
-167
-190
-144
-130
-142
-95
-71
-73
-41
17
0
-12
-3
18
9
-20
35
18
30
5
-5
50
-31
-28
-23
14
64
19
78
47
74
88
37
149
133
176
210
165
234
203
130
193
203
187
250
216
229
227
167
159
146
188
166
150
212
180
132
114
94
143
106
121
196
150
180
130
110
148
125
151
152
204
191
185
171
118
152
111
143
170
121
165
155
117
111
69
46
71
60
2
38
67
-4
-5
-16
-3
-7
-85
14
-23
-72
10
-66
-52
-40
-82
-113
-73
-75
-125
-61
-86
-117
-141
-197
-177
-181
-240
-226
-177
-228
-232
-199
-282
-265
-237
-284
-250
-264
-276
-234
-244
-251
-243
-241
-246
-209
-217
-217
-171
-208
-205
-153
-186
-162
-140
-171
-123
-142
-138
-113
-141
-102
-81
-119
-84
-40
-109
-55
-18
-67
-11
-2
-17
49
42
26
89
28
39
71
39
78
105
89
100
84
47
84
79
79
113
97
94
117
99
87
87
111
146
156
152
150
185
113
150
220
155
240
229
227
268
199
232
213
195
256
224
236
249
237
224
186
227
213
198
178
207
226
130
205
206
105
172
139
107
171
112
127
151
109
123
85
94
71
66
102
37
60
40
-13
-4
-55
-42
-44
-69
-62
-120
-99
-134
-195
-134
-177
-160
-161
-185
-152
-208
-207
-192
-205
-178
-176
-196
-178
-199
-179
-196
-194
-137
-199
-161
-152
-190
-157
-203
-177
-162
-204
-158
-161
-190
-189
-175
-165
-175
-171
-186
-109
-138
-173
-78
-136
-116
-78
-149
-63
-49
-93
-33
-40
-56
-44
-58
-88
-17
12
-79
3
4
-76
-51
-77
-36
-7
-30
-12
30
-14
-40
2
-34
1
54
54
64
76
110
61
63
135
111
114
131
202
196
132
190
179
154
166
205
210
176
230
204
208
196
156
229
169
196
239
151
209
192
168
177
167
219
186
214
205
162
197
151
177
173
139
202
153
141
134
52
78
80
37
42
39
28
-32
-51
-42
-110
-86
-82
-96
-74
-122
-103
-106
-110
-108
-125
-105
-123
-134
-102
-107
-147
-105
-109
-131
-102
-127
-130
-141
-138
-106
-152
-124
-135
-201
-160
-147
-173
-171
-138
-121
-108
-127
-122
-66
-124
-122
-41
-85
-69
-19
-79
-56
-50
-73
-67
-98
-60
-58
-68
-109
-71
-60
-150
-92
-94
-117
-104
-107
-65
-109
-103
-96
-133
-84
-121
-86
-78
-97
-18
-73
-80
-22
-68
-33
-21
-16
27
7
3
34
36
18
67
70
46
99
89
62
118
125
118
168
118
127
204
123
154
208
150
204
224
178
205
219
181
200
261
223
210
252
203
210
220
148
182
183
161
189
143
136
133
86
55
72
95
35
44
73
12
13
-3
-34
-19
-15
-41
-22
7
-47
-29
-28
-62
-42
-70
-74
-33
-72
-62
-37
-103
-55
-54
-121
-64
-76
-118
-60
-55
-105
-86
-53
-91
-93
-87
-106
-68
-77
-104
-55
-86
-68
-51
-123
-34
-34
-110
-42
-37
-96
-85
-77
-93
-84
-86
-100
-70
-78
-134
-94
-107
-116
-98
-143
-106
-80
-119
-118
-111
-117
-110
-136
-120
-88
-119
-111
-89
-98
-92
-83
-72
-42
-34
-36
-18
-10
5
-14
-11
31
10
16
49
35
40
66
47
73
77
55
82
82
97
105
117
114
143
156
121
176
157
139
181
171
172
183
194
203
176
188
190
197
183
126
202
145
138
174
83
141
108
92
90
49
107
56
10
70
46
-2
8
7
7
-16
-29
-12
-18
-19
-25
-25
-21
-48
-21
-36
-36
1
-71
-42
-3
-65
-66
-45
-20
-43
-45
-6
-27
-30
-54
-31
-22
-61
-7
-25
-12
26
-34
-32
-15
-19
-50
-60
-18
-20
-37
-64
-46
-26
-114
-93
-51
-96
-89
-117
-79
-83
-142
-94
-120
-150
-109
-112
-131
-140
-99
-107
-157
-83
-114
-139
-112
-110
-66
-112
-103
-63
-71
-93
-69
-34
-73
-69
-16
-32
-36
-4
-21
7
1
10
25
-3
37
38
35
64
66
43
47
83
75
73
99
90
115
76
57
133
78
81
125
119
127
97
110
109
90
104
107
84
120
132
71
84
108
95
42
69
115
67
48
58
75
51
10
47
50
5
29
-5
21
25
-36
16
-11
-33
-8
-29
-35
-3
-15
-56
-21
-4
-53
-53
-29
-16
-10
-31
-41
-19
-13
-33
-32
-5
14
-26
-33
12
-29
-45
-9
-20
-37
-19
-28
-42
-3
-28
-60
-19
-39
-61
-47
-63
-48
-49
-68
-82
-83
-69
-92
-102
-98
-71
-102
-114
-70
-89
-98
-116
-97
-68
-116
-85
-59
-80
-79
-87
-53
-77
-78
-29
-42
-39
-11
-17
-58
-14
25
-46
-21
40
14
-11
-9
34
19
-15
56
59
40
51
27
84
61
14
77
95
87
119
87
98
130
95
104
116
164
123
107
145
132
125
83
120
147
100
85
105
114
84
92
87
56
89
74
32
82
42
46
60
6
73
34
-9
42
49
-9
5
47
14
46
0
8
51
-19
-10
12
1
0
21
-7
-8
3
-23
-7
-27
-39
-1
-20
-53
-4
4
-61
-59
-10
-50
-71
-16
-10
-44
-53
-44
-71
-75
-63
-63
-57
-48
-41
-73
-99
-92
-81
-88
-101
-78
-84
-94
-78
-102
-114
-117
-120
-102
-88
-95
-75
-88
-110
-68
-101
-101
-61
-91
-65
-32
-56
-68
-36
-43
-58
-20
-16
-6
-5
-21
8
9
1
28
21
40
55
22
34
53
29
46
101
69
60
115
71
51
81
73
77
112
100
104
124
76
80
83
79
110
85
93
140
75
66
101
59
71
94
77
67
89
67
23
53
70
57
33
67
61
4
41
25
20
42
16
17
44
29
-24
26
33
-12
1
20
14
-12
22
16
-27
-1
-3
-17
9
10
4
-20
0
-11
-55
-26
-37
-23
-27
-31
-25
-67
-59
-79
-76
-55
-91
-61
-59
-87
-106
-99
-89
-129
-86
-104
-125
-85
-123
-135
-136
-116
-132
-127
-108
-127
-136
-168
-126
-123
-158
-130
-133
-114
-99
-121
-118
-129
-96
-87
-96
-54
-65
-59
-49
-52
-27
-44
-47
0
-19
-20
18
11
10
17
35
36
16
25
46
74
42
44
96
81
73
86
82
89
104
91
108
124
88
101
138
123
93
119
123
97
138
91
103
151
106
118
112
117
103
91
103
100
116
98
115
139
86
69
72
95
84
58
102
79
91
91
56
79
81
64
65
90
68
67
49
52
95
35
35
61
55
42
-9
54
40
-27
37
13
-10
-8
3
12
-35
-11
-32
-38
-21
-54
-45
-66
-37
-32
-90
-43
-56
-95
-87
-110
-54
-75
-138
-109
-95
-121
-152
-129
-112
-126
-123
-129
-122
-145
-160
-115
-155
-141
-103
-155
-125
-106
-133
-136
-110
-88
-108
-114
-112
-96
-86
-114
-113
-57
-64
-79
-65
-70
-48
-78
-79
-25
-32
-29
-11
-6
-21
-22
7
16
13
30
44
32
33
74
33
36
93
72
90
73
82
86
70
111
90
100
98
91
133
93
109
133
108
101
101
158
94
90
166
108
134
140
115
146
100
111
139
113
112
118
113
92
124
102
61
123
84
70
111
66
87
56
51
78
29
55
38
41
53
17
48
33
21
15
-5
18
4
13
-6
-22
28
-25
-45
-22
-27
-39
-64
-25
-29
-80
-70
-70
-79
-70
-88
-74
-62
-80
-116
-109
-86
-128
-118
-117
-93
-87
-144
-100
-115
-157
-131
-134
-129
-117
-111
-119
-127
-122
-147
-132
-135
-139
-111
-133
-118
-108
-116
-132
-132
-82
-108
-126
-97
-85
-96
-111
-54
-49
-85
-40
-33
-63
-57
-40
-41
-28
-2
-1
12
-12
-7
5
-29
-8
33
10
24
76
38
45
42
41
68
41
76
89
88
108
77
115
85
63
116
87
105
124
123
111
102
117
94
120
131
108
140
115
107
130
90
127
138
114
133
129
112
82
113
100
88
122
102
104
92
70
63
58
82
61
59
111
63
29
51
21
21
27
34
55
62
20
24
24
-33
-2
4
-14
3
-11
-30
-17
-56
-72
-64
-63
-39
-65
-64
-62
-70
-80
-72
-64
-61
-56
-76
-69
-84
-100
-95
-93
-75
-71
-93
-81
-107
-128
-101
-90
-87
-80
-76
-100
-106
-134
-141
-110
-125
-91
-63
-107
-68
-68
-130
-91
-63
-72
-96
-74
-39
-80
-70
-65
-81
-58
-94
-68
-32
-53
2
-9
-50
-15
-23
-49
-28
6
5
1
29
28
13
28
11
29
51
39
59
63
66
66
81
93
78
87
96
93
99
126
141
119
123
142
133
117
111
99
114
124
124
128
121
106
83
91
110
85
101
116
73
112
114
58
70
79
66
88
76
52
78
63
54
54
42
39
13
28
46
11
18
20
20
5
0
18
-16
-15
-6
-38
-45
-17
-24
-39
-30
-28
-32
-54
-44
-40
-71
-59
-10
-23
-63
-34
-20
-77
-71
-55
-56
-58
-68
-18
-34
-78
-66
-72
-92
-91
-66
-64
-81
-58
-33
-90
-103
-73
-110
-125
-101
-81
-81
-101
-82
-72
-109
-112
-105
-107
-96
-95
-94
-87
-83
-70
-71
-83
-70
-55
-83
-67
-31
-47
-31
-7
-27
-21
-3
-15
-21
-8
21
35
36
15
38
62
12
27
59
41
42
62
85
77
62
54
67
95
59
55
77
63
97
68
70
106
54
74
83
74
73
56
85
55
71
74
36
99
78
44
72
59
42
19
28
66
39
20
42
59
22
-22
21
18
15
30
4
37
45
-6
-3
16
24
18
6
24
32
19
-19
8
45
-18
-6
31
21
-6
-36
-5
13
-19
-26
0
-15
-35
-36
-46
-27
-37
-79
-42
-20
-67
-67
-41
-59
-74
-76
-62
-65
-72
-69
-64
-43
-52
-81
-84
-66
-74
-85
-66
-41
-47
-94
-72
-37
-82
-83
-51
-38
-52
-73
-45
-26
-73
-56
-17
-28
-26
-28
-32
-11
-14
-14
12
11
22
38
-3
16
56
3
4
67
68
32
22
65
72
5
17
72
53
34
58
74
54
40
39
45
75
37
36
77
71
71
57
61
79
69
44
58
80
56
57
68
67
70
38
26
48
29
32
38
30
39
29
11
21
23
5
14
16
16
14
-21
5
39
-1
2
30
39
-17
-23
36
0
-12
35
31
12
19
-9
-12
-6
-20
8
-4
1
31
-9
-38
-4
-4
-50
-26
10
-19
-23
-18
-23
-28
-62
-47
-28
-33
-34
-47
-39
-46
-59
-46
-67
-71
-56
-65
-53
-71
-75
-67
-80
-68
-70
-49
-61
-80
-39
-48
-70
-46
-45
-41
-30
-38
-17
-12
-32
-8
-5
-19
13
22
10
14
24
39
24
16
15
27
30
7
44
33
25
51
5
32
32
21
57
21
44
50
37
34
17
40
18
37
47
27
45
35
29
28
36
33
25
25
18
36
20
1
34
17
-4
7
8
9
4
5
1
-4
8
-2
-28
6
-1
-16
16
-15
-2
0
-31
1
-3
-12
5
-4
-14
-6
11
-22
-5
30
-11
7
7
3
-8
-31
10
-5
-4
20
9
5
-15
3
-11
-44
-11
0
-18
-8
-6
-14
-12
-20
-51
-48
-11
-32
-44
-29
-16
-32
-71
-41
-33
-54
-57
-42
-20
-50
-59
-35
-45
-55
-39
-38
-44
-30
-25
-54
-40
-17
-16
-34
-18
2
-29
-8
-12
-7
17
-1
34
37
0
24
20
20
24
33
57
41
57
34
35
54
30
54
57
68
67
55
80
51
33
60
51
59
62
63
53
43
68
17
20
65
23
39
60
36
43
40
-2
6
42
17
16
42
31
16
7
4
2
-13
10
28
-1
16
25
-12
-8
-3
6
10
-8
22
13
-6
21
5
5
16
-5
5
17
-4
-6
4
-9
-2
12
-16
-29
-6
-27
-36
-6
-20
-20
-22
-41
-24
-33
-33
-31
-53
-28
-30
-53
-59
-57
-49
-52
-63
-65
-53
-51
-84
-66
-46
-57
-55
-53
-45
-63
-70
-38
-52
-60
-21
-34
-49
-29
-35
-43
-35
-19
-14
-25
-17
-6
-26
-11
3
-15
-3
-3
-6
-4
-3
15
25
21
21
14
2
10
7
-2
22
49
41
28
39
46
19
-5
40
45
3
39
77
43
26
34
36
28
1
44
52
24
52
58
36
28
37
34
10
39
61
19
26
61
31
7
32
44
3
2
23
16
27
19
27
38
14
10
13
-7
7
23
5
25
21
-11
-5
7
-10
-16
-8
-3
13
-12
-18
16
-15
-31
-8
-14
-18
-17
-13
-4
-9
-25
-19
-10
-27
-37
-33
-24
-17
-16
-29
-19
-29
-46
-35
-34
-31
-32
-34
-28
-33
-51
-65
-49
-34
-49
-48
-32
-33
-60
-61
-38
-55
-61
-42
-45
-30
-40
-51
-28
-38
-44
-33
-30
-25
-22
-21
-26
-16
-4
-11
-8
1
12
3
-2
26
22
9
33
37
28
34
31
45
59
27
45
62
41
52
56
63
58
45
56
57
53
54
68
61
51
72
48
47
74
45
41
64
63
54
34
36
51
36
33
41
43
55
33
16
50
33
7
32
29
23
34
18
15
27
11
1
17
18
6
5
6
9
4
4
6
2
11
-1
-14
0
10
-19
-17
10
0
-10
-20
-8
-8
-26
-24
-19
-18
-22
-29
-21
-21
-33
-37
-40
-38
-51
-53
-28
-42
-54
-36
-54
-63
-58
-67
-60
-53
-54
-57
-48
-60
-74
-65
-72
-71
-61
-61
-51
-54
-59
-57
-64
-63
-62
-64
-51
-42
-41
-47
-46
-33
-40
-48
-38
-18
-26
-38
-9
-5
-18
-2
-16
-14
1
-12
6
26
29
28
35
24
9
18
20
24
40
45
44
45
44
36
23
46
58
42
51
56
51
33
23
48
46
27
54
57
37
30
33
42
35
44
50
48
45
36
31
28
46
51
44
59
62
48
28
26
49
31
23
52
57
47
39
44
41
23
25
36
31
31
30
24
25
14
6
4
9
14
5
7
8
-3
-8
-20
-14
-6
-24
-25
-7
-21
-50
-39
-28
-40
-38
-37
-30
-36
-61
-56
-49
-62
-59
-49
-48
-49
-56
-68
-61
-56
-73
-72
-52
-56
-64
-61
-58
-50
-60
-61
-44
-45
-58
-58
-47
-41
-44
-41
-30
-21
-33
-38
-28
-30
-25
-21
-16
-5
-8
-13
-7
-1
-11
-16
-3
9
3
3
17
13
2
10
14
16
22
24
31
32
27
26
31
38
48
42
46
57
45
34
48
58
51
58
65
66
63
51
59
64
55
55
64
66
68
67
61
60
63
59
56
56
63
62
53
54
61
55
45
47
51
40
41
53
43
35
36
38
28
19
27
24
16
22
24
21
15
8
5
5
-3
-4
1
-5
-4
2
-9
-10
-7
-15
-22
-26
-23
-22
-24
-25
-27
-29
-42
-44
-38
-41
-39
-43
-41
-45
-63
-61
-63
-72
-62
-58
-62
-54
-58
-66
-67
-76
-74
-67
-71
-65
-60
-64
-66
-68
-70
-67
-61
-57
-56
-58
-55
-58
-64
-63
-58
-53
-50
-47
-42
-33
-37
-41
-36
-37
-31
-28
-25
-17
-18
-14
-6
-10
-9
-5
-6
-1
4
2
0
-1
6
5
1
12
16
12
16
20
20
18
18
22
28
23
25
38
40
29
35
44
37
38
47
40
38
42
37
36
38
40
43
46
45
42
46
44
39
45
45
38
43
45
41
43
44
41
42
43
41
40
41
40
36
33
31
29
34
30
26
32
32
22
19
19
18
12
7
11
13
4
2
6
1
-5
-6
-6
-8
-9
-10
-9
-14
-14
-11
-16
-14
-11
-10
-12
-13
-11
-11
-19
-17
-15
-19
-21
-26
-25
-26
-31
-29
-30
-32
-30
-31
-34
-30
-33
-34
-29
-28
-29
-29
-25
-23
-27
-24
-23
-23
-22
-24
-18
-18
-20
-19
-18
-19
-19
-16
-15
-14
-11
-10
-7
-5
-7
-5
-3
-2
3
3
1
4
6
3
4
7
9
9
8
10
12
14
14
13
12
13
19
17
15
20
18
16
18
21
23
24
23
20
23
25
20
23
23
24
24
20
17
22
23
16
18
19
17
17
17
15
13
14
16
12
11
14
10
7
8
12
13
10
7
9
10
0
-2
5
1
-2
1
0
-2
-2
-2
-2
-3
-1
-3
-3
-4
-11
-7
-6
-11
-9
-7
-11
-10
-12
-13
-13
-8
-10
-13
-8
-13
-14
-12
-16
-14
-13
-18
-15
-12
-13
-12
-13
-10
-10
-11
-8
-9
-6
-8
-11
-7
-9
-13
-8
-9
-15
-14
-8
-10
-12
-6
-9
-9
-10
-9
-3
-5
-6
-3
-4
-3
-3
-2
-1
-1
-1
1
0
1
4
4
7
7
4
7
4
3
5
1
2
4
4
1
1
4
2
0
0
4
7
6
7
6
7
4
2
7
4
5
9
4
5
4
3
4
-2
-3
-1
2
0
0
-1
-1
0
-1
-1
-1
-1
5
2
-1
2
1
2
3
-2
1
3
-2
-1
-1
-2
1
0
-4
-2
-3
-7
-6
-7
-8
-7
-8
-9
-9
-9
-10
-11
-14
-13
-12
-13
-13
-11
-12
-13
-11
-12
-14
-13
-13
-13
-13
-16
-14
-14
-15
-18
-16
-15
-19
-14
-13
-15
-12
-13
-14
-10
-12
-13
-8
-9
-10
-7
-4
-3
-1
1
2
3
3
4
5
6
8
9
9
11
12
11
14
16
14
17
17
16
19
20
20
20
21
22
23
24
24
28
28
30
32
31
29
31
31
32
30
34
34
31
32
33
30
29
32
29
27
29
29
25
23
24
25
21
21
21
21
21
20
22
19
18
17
16
16
15
15
11
9
10
6
5
3
-1
-2
0
-4
-5
-5
-8
-10
-12
-13
-14
-16
-19
-16
-17
-22
-20
-23
-26
-21
-23
-27
-27
-26
-29
-31
-31
-32
-34
-37
-35
-32
-36
-36
-35
-36
-38
-38
-36
-38
-36
-34
-37
-37
-35
-35
-32
-32
-31
-31
-29
-28
-25
-26
-25
-24
-23
-22
-19
-20
-21
-19
-19
-17
-15
-14
-16
-12
-12
-13
-10
-7
-8
-5
-1
0
0
-1
3
8
6
9
11
13
13
17
18
15
17
18
20
23
23
22
21
21
25
25
24
26
27
24
25
28
29
27
27
28
31
34
29
27
28
27
29
29
26
29
27
26
24
21
21
23
19
20
23
20
19
17
14
13
13
14
12
11
11
10
10
8
7
6
5
5
3
2
1
1
0
-1
-3
-2
-2
-8
-10
-8
-10
-11
-14
-15
-13
-18
-18
-18
-19
-16
-19
-21
-20
-20
-21
-19
-23
-22
-20
-24
-22
-20
-23
-22
-26
-25
-24
-26
-25
-25
-25
-24
-25
-25
-24
-25
-23
-21
-22
-20
-19
-20
-18
-18
-16
-16
-16
-15
-13
-12
-11
-10
-8
-8
-9
-7
-4
-3
-2
-1
-1
1
1
1
2
1
2
3
2
2
4
4
4
6
8
9
11
12
13
11
11
13
13
16
16
15
18
20
18
19
20
21
22
23
25
23
26
28
27
27
29
30
29
27
29
30
28
28
29
28
27
27
26
26
26
26
25
23
23
22
20
19
21
21
19
17
16
16
15
13
13
13
11
9
10
8
7
7
6
6
4
2
2
-2
-4
-4
-5
-6
-6
-9
-10
-12
-14
-14
-17
-18
-18
-21
-22
-25
-24
-25
-27
-27
-28
-28
-28
-30
-31
-30
-30
-31
-31
-30
-26
-26
-28
-26
-26
-26
-24
-23
-24
-21
-18
-21
-19
-16
-17
-13
-12
-11
-9
-10
-11
-8
-8
-6
-4
-3
-4
-2
-2
-1
1
0
2
1
1
2
3
3
3
4
4
5
6
6
6
5
5
6
5
4
5
6
6
5
5
7
7
8
7
7
8
7
6
7
7
8
8
8
9
10
8
8
11
9
8
8
8
9
11
9
10
12
10
9
10
8
8
9
6
5
7
5
7
6
4
6
6
4
2
2
2
2
0
0
-1
-1
-1
-2
-5
-4
-2
-2
-3
-5
-5
-5
-6
-6
-6
-4
-4
-6
-7
-7
-6
-7
-10
-10
-7
-7
-8
-6
-7
-6
-6
-7
-7
-6
-7
-8
-8
-8
-7
-7
-7
-7
-6
-7
-7
-7
-10
-8
-7
-7
-7
-7
-8
-7
-7
-6
-5
-6
-6
-5
-4
-6
-5
-5
-4
-3
-3
-1
1
0
2
2
2
2
3
3
5
7
6
5
7
8
8
8
9
9
10
10
10
11
11
11
11
11
11
13
13
11
12
12
12
12
11
12
12
13
14
13
13
13
14
14
14
13
13
12
13
14
14
13
11
12
10
11
12
11
11
10
10
10
9
7
7
6
3
2
2
2
1
-1
-2
-2
-3
-4
-4
-4
-6
-5
-4
-5
-5
-6
-7
-8
-10
-9
-10
-12
-10
-10
-11
-10
-10
-9
-9
-10
-9
-9
-11
-11
-12
-11
-14
-13
-12
-13
-15
-13
-13
-13
-14
-13
-13
-11
-12
-12
-10
-11
-10
-10
-11
-9
-9
-8
-6
-6
-5
-4
-4
-2
-1
-1
-2
-2
-1
-1
-1
-2
0
1
1
2
1
0
2
3
2
3
4
4
4
4
4
6
5
6
5
5
5
6
6
5
5
5
7
5
5
5
4
6
5
6
7
7
7
8
7
7
8
7
7
7
6
8
6
5
5
5
4
4
3
4
5
4
4
3
3
5
4
3
5
4
2
3
2
3
1
1
3
1
-1
-1
-1
-1
-2
-2
-2
-2
-2
-2
-2
-3
-3
-5
-4
-6
-6
-5
-6
-6
-6
-5
-5
-7
-7
-6
-6
-6
-7
-7
-6
-6
-6
-9
-7
-6
-7
-8
-8
-8
-8
-9
-8
-7
-8
-8
-7
-8
-7
-6
-6
-4
-6
-6
-6
-5
-5
-6
-6
-5
-4
-7
-4
-5
-5
-3
-3
-3
-2
-3
-2
0
-1
1
1
0
1
1
1
2
3
2
3
4
5
5
5
7
6
7
8
6
9
8
9
9
9
9
10
9
9
10
10
11
11
11
11
10
11
10
10
12
11
11
11
11
11
11
10
12
12
10
10
9
10
10
9
8
8
6
6
6
5
4
3
3
4
3
2
3
3
3
2
2
3
4
1
1
0
0
-2
-3
-3
-2
-4
-4
-4
-5
-6
-6
-7
-7
-6
-6
-6
-8
-9
-9
-8
-10
-9
-8
-9
-9
-9
-9
-9
-9
-9
-7
-8
-8
-7
-7
-7
-7
-7
-8
-7
-8
-8
-8
-8
-7
-7
-7
-6
-5
-6
-5
-4
-3
-4
-3
-3
-3
-2
-2
-2
-2
-2
-2
-2
0
0
1
1
1
1
2
1
2
2
2
2
2
3
2
3
3
2
2
3
2
2
3
4
4
5
6
5
4
4
4
5
5
4
3
3
3
3
3
3
4
3
3
4
3
3
2
2
2
3
