0
0
1
-1
-1
0
0
-1
-1
-1
0
0
0
0
-1
-1
-1
-3
-4
-8
-10
-9
-8
-6
-4
-2
3
5
6
5
3
3
3
3
2
0
-1
0
1
1
1
0
-1
-2
-5
-6
-4
-4
-3
-4
-3
-1
0
0
0
0
1
1
1
-1
-1
0
0
-1
-1
-1
0
-2
-3
-2
0
0
1
1
2
4
5
6
6
7
7
6
5
4
5
4
2
3
5
7
8
8
9
11
10
8
5
3
3
4
-1
-6
-6
-5
-2
-2
-4
-3
-2
-4
-3
-3
-6
-5
-4
-3
-4
-4
-5
-7
-8
-9
-8
-10
-13
-14
-14
-11
-10
-10
-8
-6
-1
1
3
3
2
4
5
4
7
11
16
23
28
41
78
133
169
164
140
116
85
29
-41
-88
-95
-71
-49
-44
-48
-43
-22
2
8
-4
-15
-14
-9
-3
8
25
48
67
73
71
68
59
38
7
-16
-25
-28
-43
-63
-73
-71
-67
-66
-67
-66
-58
-44
-33
-32
-22
-5
9
9
13
24
20
-5
-32
-55
-78
-106
-127
-125
-110
-97
-92
-93
-103
-122
-142
-163
-174
-163
-148
-139
-130
-104
-29
129
271
260
184
236
337
258
45
-56
9
67
43
-20
-87
-133
-115
-57
-76
-169
-196
-124
-79
-104
-89
11
107
142
165
220
288
321
294
215
132
99
87
16
-103
-174
-169
-154
-177
-197
-181
-147
-109
-33
32
27
16
85
136
105
96
146
170
144
136
120
47
-30
-63
-73
-106
-139
-125
-81
-53
-32
17
87
138
156
169
179
190
263
357
345
256
221
229
166
44
-83
-141
-117
-88
-99
-136
-159
-134
-64
-4
29
46
68
84
96
113
124
113
77
52
48
46
26
-6
-41
-79
-92
-84
-96
-125
-121
-89
-70
-111
-161
-149
-101
-86
-89
-52
5
45
46
18
-58
-119
-120
-121
-186
-264
-281
-269
-284
-313
-276
-227
-221
-227
-222
-223
-252
-245
-139
47
219
332
402
417
400
339
205
68
11
42
70
30
-60
-116
-120
-115
-138
-198
-249
-261
-235
-205
-170
-98
-2
83
140
211
286
330
322
272
215
172
145
95
14
-68
-106
-117
-150
-202
-234
-225
-207
-198
-179
-134
-79
-34
10
69
145
219
272
290
267
229
175
108
33
-29
-58
-69
-76
-60
-1
58
91
116
153
186
191
176
152
135
137
171
217
312
429
471
424
342
269
176
56
-66
-132
-110
-50
-8
2
-8
-12
16
43
49
36
36
50
52
64
85
103
109
93
61
25
-15
-58
-111
-164
-185
-167
-144
-133
-138
-155
-163
-184
-216
-253
-274
-260
-221
-188
-177
-184
-190
-188
-225
-261
-274
-296
-355
-418
-459
-487
-514
-537
-494
-360
-136
97
287
451
560
566
492
382
222
66
-25
-27
4
13
2
-28
-68
-107
-149
-226
-311
-387
-426
-410
-332
-198
-49
95
218
335
424
460
433
354
266
187
128
78
22
-35
-79
-109
-142
-180
-227
-266
-286
-278
-244
-194
-131
-50
48
141
218
283
329
338
306
252
182
122
77
45
34
45
72
88
80
74
82
95
93
100
126
170
220
263
302
332
350
361
343
335
372
371
302
214
165
131
73
4
-39
-10
56
97
84
57
37
34
41
51
64
88
126
162
192
212
207
154
77
0
-69
-144
-199
-214
-211
-185
-122
-49
-23
-41
-83
-136
-210
-288
-344
-376
-358
-309
-260
-241
-228
-229
-258
-327
-407
-443
-470
-491
-481
-441
-413
-394
-373
-366
-374
-374
-320
-211
-61
165
394
483
442
380
319
192
35
-68
-91
-63
-22
-13
-54
-109
-171
-225
-271
-309
-325
-322
-272
-177
-55
58
169
251
300
322
314
291
250
213
171
133
111
104
84
31
-35
-111
-175
-225
-268
-298
-299
-260
-177
-75
19
103
171
225
270
304
307
268
208
171
152
131
113
120
137
140
152
180
199
186
160
150
163
197
224
316
496
615
629
581
519
399
236
81
-19
-23
42
112
131
128
109
83
28
-25
-47
-48
-29
13
94
185
258
281
265
230
171
84
-23
-121
-174
-172
-143
-118
-97
-76
-113
-187
-262
-313
-369
-408
-360
-277
-206
-159
-118
-105
-141
-207
-282
-385
-496
-556
-557
-525
-474
-417
-387
-378
-417
-498
-515
-446
-339
-222
-44
223
432
454
359
292
243
137
4
-97
-114
-84
-42
-38
-76
-122
-179
-252
-352
-407
-410
-378
-329
-248
-118
25
165
254
285
281
282
292
281
243
214
217
232
235
198
138
58
-52
-171
-257
-295
-302
-278
-235
-166
-67
41
117
149
168
199
209
195
196
215
235
245
257
278
300
298
265
233
192
154
107
85
102
201
394
548
630
634
609
512
338
169
44
25
91
196
255
281
254
187
114
53
11
-52
-84
-63
11
81
139
177
187
181
176
185
175
153
128
125
144
152
123
36
-103
-247
-370
-447
-476
-461
-403
-326
-233
-146
-105
-129
-192
-281
-331
-312
-293
-294
-334
-334
-315
-339
-423
-548
-650
-748
-820
-803
-660
-445
-219
51
291
397
339
228
154
72
32
62
160
256
294
262
126
-68
-300
-517
-698
-775
-770
-721
-594
-452
-293
-155
-39
24
36
49
85
171
279
413
516
578
602
591
510
330
112
-103
-263
-367
-425
-432
-381
-290
-226
-178
-117
-35
18
43
110
214
319
400
467
504
475
418
360
307
250
214
200
184
174
185
192
175
145
158
301
415
448
437
439
441
374
338
339
406
480
496
422
309
164
-12
-150
-218
-182
-122
-54
28
94
92
47
7
-38
-53
-30
42
156
273
371
414
399
342
217
43
-150
-308
-401
-456
-445
-355
-251
-199
-188
-220
-277
-356
-454
-534
-542
-439
-310
-233
-195
-195
-249
-357
-479
-540
-561
-551
-483
-330
-142
61
213
216
97
-29
-65
-140
-197
-138
36
237
374
444
334
111
-166
-400
-566
-633
-583
-523
-422
-289
-184
-213
-303
-389
-478
-515
-459
-249
17
285
521
676
740
689
537
300
81
-69
-141
-138
-69
31
72
43
-20
-104
-229
-370
-448
-406
-257
-63
142
335
477
540
519
467
394
332
319
362
453
549
610
589
496
402
279
176
163
182
223
255
291
314
267
201
139
102
125
178
200
221
245
291
352
375
370
309
194
74
-47
-154
-206
-212
-199
-168
-118
-51
-10
-25
-61
-85
-73
-10
39
83
122
140
155
141
122
80
-9
-127
-211
-255
-313
-403
-476
-499
-490
-487
-525
-574
-646
-666
-654
-642
-607
-572
-484
-400
-292
-168
-67
85
238
334
278
173
124
70
29
32
127
202
230
167
-3
-223
-457
-595
-648
-560
-414
-295
-189
-107
-89
-215
-358
-445
-463
-442
-342
-132
87
274
384
435
417
347
264
196
177
197
244
278
295
283
192
15
-177
-297
-351
-362
-313
-177
-1
135
216
230
191
124
64
70
151
309
512
697
817
867
841
761
652
532
448
404
407
438
470
471
422
356
270
149
16
-85
-154
-175
-126
-27
83
152
185
192
169
146
128
114
102
89
64
34
10
-23
-73
-135
-162
-163
-164
-169
-191
-218
-268
-300
-302
-303
-309
-291
-239
-176
-115
-90
-80
-88
-120
-142
-168
-207
-258
-307
-379
-443
-530
-605
-678
-764
-750
-712
-643
-566
-467
-345
-168
48
144
103
19
84
134
144
235
404
581
638
606
436
158
-166
-377
-467
-467
-384
-347
-327
-358
-438
-573
-683
-716
-679
-577
-399
-117
127
282
343
344
328
314
305
304
352
406
450
448
418
336
170
6
-83
-106
-95
-56
-11
43
69
43
-26
-104
-140
-123
-48
99
275
432
538
592
616
596
544
495
504
557
645
727
847
958
936
829
630
473
344
222
167
180
258
312
255
86
-87
-287
-393
-359
-250
-87
31
105
99
4
-132
-204
-218
-146
6
136
261
287
210
69
-113
-266
-348
-391
-360
-267
-211
-199
-259
-338
-412
-506
-555
-535
-487
-417
-357
-328
-326
-336
-378
-445
-493
-513
-488
-514
-548
-536
-524
-474
-433
-378
-239
-104
-92
-182
-260
-236
-158
-59
128
359
522
561
478
299
79
-114
-178
-90
40
98
81
-1
-147
-342
-548
-656
-687
-647
-542
-409
-272
-204
-212
-270
-289
-235
-117
32
185
341
456
513
500
451
390
339
314
329
386
417
397
309
217
145
64
2
-23
-7
5
28
76
114
120
110
150
231
334
448
555
648
703
745
830
867
852
804
741
714
702
731
770
762
696
632
504
299
88
-93
-127
-74
1
44
32
-40
-165
-314
-418
-416
-409
-343
-254
-158
-104
-135
-152
-149
-136
-129
-66
2
59
61
3
-45
-108
-122
-122
-127
-165
-192
-231
-291
-360
-466
-494
-527
-547
-564
-616
-667
-750
-806
-829
-783
-722
-638
-546
-467
-365
-301
-216
-159
-127
-114
-112
-93
-92
-48
4
107
173
196
194
94
-35
-156
-154
-92
-13
36
45
27
-90
-202
-310
-340
-325
-286
-216
-153
-103
-137
-183
-244
-260
-239
-189
-72
19
90
105
103
99
85
87
84
132
205
300
364
375
369
315
279
262
281
298
295
298
304
322
302
284
266
269
317
379
447
483
495
495
501
492
498
527
556
597
621
641
627
568
499
438
381
356
365
380
391
361
313
240
169
98
19
-22
-70
-78
-60
-90
-123
-158
-192
-244
-295
-301
-308
-318
-284
-233
-198
-140
-123
-130
-118
-116
-84
-63
-39
-36
-61
-63
-52
-47
-53
-75
-124
-173
-218
-282
-369
-433
-458
-462
-471
-464
-438
-445
-474
-494
-499
-487
-457
-437
-421
-414
-410
-363
-330
-321
-319
-318
-309
-300
-307
-300
-299
-310
-286
-268
-251
-263
-304
-333
-324
-284
-233
-174
-131
-85
-68
-62
-57
-65
-62
-68
-45
-9
44
89
111
123
132
160
178
183
190
208
233
260
289
311
339
360
385
410
426
426
403
374
350
329
302
291
305
341
380
399
409
407
377
333
298
280
283
314
370
420
438
449
448
411
360
320
293
294
328
377
418
421
400
363
309
251
204
175
166
172
180
186
159
95
34
-18
-59
-94
-124
-135
-146
-162
-170
-175
-185
-201
-222
-218
-182
-156
-140
-133
-133
-123
-105
-90
-105
-148
-189
-225
-280
-339
-386
-417
-431
-430
-415
-395
-395
-434
-484
-520
-518
-500
-488
-464
-431
-393
-371
-359
-358
-368
-367
-352
-332
-309
-279
-265
-270
-277
-265
-250
-246
-250
-250
-251
-260
-277
-289
-289
-278
-239
-176
-101
-48
-47
-75
-97
-103
-102
-86
-60
-16
47
103
140
154
151
133
125
146
208
282
335
380
422
465
494
486
445
401
374
366
373
385
401
412
409
415
423
412
377
338
327
342
363
376
386
387
388
379
367
353
326
306
303
319
341
354
348
327
293
256
233
216
201
193
184
178
177
163
139
101
64
47
49
45
22
-15
-49
-75
-112
-133
-146
-156
-147
-133
-123
-124
-132
-147
-163
-162
-129
-98
-97
-108
-122
-144
-172
-214
-252
-272
-281
-282
-294
-305
-306
-315
-343
-374
-393
-410
-429
-452
-456
-445
-435
-413
-399
-393
-383
-375
-376
-382
-385
-373
-354
-328
-289
-257
-252
-261
-269
-275
-293
-313
-319
-302
-274
-244
-215
-194
-178
-174
-167
-153
-130
-110
-100
-83
-68
-48
-28
2
24
32
42
64
99
123
147
174
203
243
294
347
381
404
409
416
427
446
463
465
465
462
465
464
455
433
408
395
396
392
373
359
351
336
316
312
324
322
317
323
344
357
360
362
370
376
378
365
341
313
287
254
208
158
116
80
54
32
10
-3
-15
-33
-61
-88
-105
-121
-124
-123
-111
-101
-84
-77
-83
-90
-98
-99
-113
-132
-137
-131
-136
-148
-148
-152
-175
-201
-215
-222
-235
-252
-271
-279
-270
-276
-296
-311
-321
-333
-340
-346
-349
-342
-337
-334
-337
-345
-353
-352
-346
-337
-318
-303
-288
-276
-253
-245
-270
-268
-243
-241
-263
-278
-279
-291
-310
-313
-306
-284
-254
-240
-226
-208
-211
-209
-184
-161
-130
-86
-40
-17
8
17
25
57
94
113
136
181
214
238
259
270
258
257
261
279
318
339
351
370
398
418
426
431
438
441
440
437
437
433
428
423
418
413
397
375
346
325
301
292
289
290
315
316
297
277
282
275
245
231
240
248
240
228
197
163
120
76
44
32
22
-7
-32
-65
-79
-89
-110
-128
-147
-149
-142
-128
-114
-106
-95
-73
-60
-67
-69
-82
-100
-107
-121
-113
-119
-132
-144
-165
-177
-190
-193
-224
-243
-240
-250
-264
-284
-300
-326
-319
-289
-292
-291
-288
-309
-307
-294
-294
-285
-273
-278
-278
-273
-262
-236
-225
-228
-222
-187
-175
-195
-203
-217
-233
-237
-232
-230
-220
-216
-227
-221
-211
-213
-225
-219
-209
-189
-150
-124
-114
-104
-84
-62
-27
24
84
142
182
220
249
265
264
263
270
275
288
303
309
299
291
296
310
322
328
335
330
331
334
331
332
341
361
383
410
423
418
398
366
349
346
362
359
335
323
303
287
274
238
200
211
199
178
205
177
109
71
57
36
13
7
-18
-12
-4
-40
-88
-115
-141
-196
-212
-206
-201
-176
-144
-141
-162
-161
-151
-162
-148
-179
-183
-134
-175
-143
-151
-149
-154
-152
-105
-123
-108
-182
-208
-183
-179
-258
-266
-240
-213
-195
-259
-243
-232
-209
-244
-236
-230
-227
-248
-251
-188
-190
-181
-158
-113
-101
-116
-161
-143
-109
-127
-133
-120
-82
-96
-109
-118
-178
-212
-182
-208
-213
-198
-215
-202
-206
-207
-243
-228
-192
-182
-128
-77
-66
-51
6
21
32
75
95
146
249
249
235
285
295
290
285
296
330
370
362
347
344
315
281
247
275
308
325
355
377
355
339
312
294
326
338
356
367
439
430
355
360
354
285
252
281
256
234
241
197
141
107
99
51
25
43
-26
-14
15
-58
-66
-50
-75
-77
-86
-120
-101
-112
-113
-103
-126
-105
-117
-99
-113
-132
-92
-120
-152
-119
-114
-139
-148
-103
-166
-192
-93
-145
-192
-157
-144
-165
-161
-188
-248
-202
-214
-252
-205
-230
-194
-213
-186
-187
-244
-177
-222
-289
-175
-183
-259
-129
-152
-153
-169
-172
-158
-178
-157
-196
-159
-113
-207
-258
-119
-193
-243
-133
-189
-198
-143
-199
-236
-192
-195
-207
-125
-105
-145
-137
-170
-154
-123
-102
-51
41
114
86
105
106
90
91
123
241
334
376
379
385
345
300
304
331
380
404
431
428
412
350
289
278
309
334
342
390
375
311
280
275
277
317
334
353
375
319
287
252
202
212
218
226
242
205
106
41
36
-17
-37
14
28
26
27
-4
-47
-80
-119
-109
-83
-35
7
-33
-17
-18
-59
-61
-83
-39
-23
-52
-42
-36
-45
-100
-174
-187
-139
-74
-150
-153
-149
-215
-186
-251
-267
-267
-292
-258
-252
-279
-302
-383
-363
-324
-291
-325
-418
-245
-231
-399
-362
-231
-244
-350
-303
-183
-188
-284
-286
-263
-210
-230
-281
-198
-184
-232
-274
-223
-197
-231
-237
-227
-188
-190
-252
-280
-235
-203
-263
-178
-25
-77
-99
-122
-121
-82
-81
-36
89
213
229
234
244
214
154
203
363
502
531
499
504
451
379
364
470
561
543
555
580
513
368
263
275
367
396
392
425
385
265
172
165
194
209
231
275
296
235
139
93
93
116
147
204
201
142
74
-4
-2
-4
16
69
118
137
87
55
24
4
28
86
155
195
173
148
143
128
123
137
160
162
156
110
71
63
13
-15
7
12
-60
-137
-139
-172
-214
-218
-182
-202
-282
-303
-338
-340
-360
-382
-331
-340
-361
-370
-404
-452
-479
-466
-422
-383
-385
-401
-412
-405
-421
-433
-418
-399
-323
-312
-357
-329
-328
-389
-425
-374
-330
-328
-302
-287
-345
-396
-438
-431
-396
-302
-138
-97
-131
-209
-256
-279
-241
-116
69
276
365
355
254
142
115
200
409
623
706
665
582
434
295
277
370
502
577
566
470
331
177
66
80
209
337
374
335
224
78
-36
-35
44
158
278
299
251
145
40
17
67
171
290
389
384
284
190
98
93
159
237
339
392
370
282
187
168
193
249
325
395
385
312
250
186
190
229
309
388
363
267
166
125
88
106
159
193
167
54
-63
-157
-186
-179
-134
-94
-116
-199
-335
-442
-480
-465
-392
-342
-340
-376
-460
-564
-617
-618
-567
-470
-435
-445
-517
-613
-655
-645
-607
-519
-443
-434
-453
-526
-571
-574
-544
-465
-401
-392
-445
-514
-582
-582
-427
-184
-45
-135
-277
-324
-346
-362
-275
23
336
458
407
252
32
-148
-61
282
629
749
659
472
236
21
-42
125
389
533
483
332
112
-136
-273
-222
-4
223
295
220
56
-169
-309
-272
-84
163
327
355
288
150
10
-1
138
321
498
601
600
507
352
269
320
431
542
607
619
551
403
284
266
362
461
533
586
544
412
255
212
283
393
495
567
552
425
282
195
225
331
429
492
483
366
200
56
-18
29
120
156
123
-8
-209
-380
-447
-417
-355
-314
-333
-414
-553
-677
-724
-677
-595
-515
-451
-465
-555
-666
-710
-660
-562
-482
-421
-408
-456
-548
-618
-601
-562
-535
-503
-550
-648
-568
-333
-188
-279
-422
-396
-365
-436
-387
-76
238
344
295
189
-31
-292
-240
153
557
664
526
301
16
-261
-359
-152
160
308
233
34
-216
-472
-613
-506
-206
40
93
-5
-169
-364
-476
-361
-79
188
322
330
229
65
-46
-4
180
398
563
620
565
430
276
223
304
432
534
583
570
464
320
231
250
324
425
533
577
531
405
303
304
382
499
636
721
722
645
504
417
413
499
621
705
715
610
438
252
144
152
214
255
233
137
-42
-235
-364
-390
-337
-279
-266
-301
-383
-514
-592
-593
-525
-426
-360
-327
-377
-477
-520
-486
-432
-380
-328
-312
-362
-492
-590
-602
-601
-618
-619
-501
-302
-226
-374
-598
-653
-565
-491
-426
-206
102
253
162
-17
-201
-336
-267
73
471
598
423
126
-132
-327
-372
-200
65
204
87
-183
-452
-653
-722
-611
-362
-122
-55
-202
-419
-590
-655
-525
-236
59
221
185
28
-127
-195
-117
97
350
487
470
383
266
141
88
186
356
463
463
381
284
182
94
118
264
389
467
530
502
415
321
331
470
616
710
781
807
769
698
620
618
630
679
767
800
722
562
410
299
243
225
269
265
158
3
-145
-207
-241
-254
-220
-180
-172
-193
-224
-262
-271
-256
-221
-144
-82
-86
-160
-214
-203
-202
-211
-213
-184
-222
-332
-454
-526
-570
-549
-299
-54
-89
-357
-548
-579
-589
-534
-271
125
341
298
110
-150
-421
-496
-183
323
607
528
223
-163
-487
-669
-581
-231
54
63
-186
-528
-826
-1000
-965
-701
-354
-172
-215
-401
-645
-826
-812
-573
-217
63
153
59
-144
-324
-357
-193
71
286
381
332
163
-34
-146
-105
36
180
246
229
147
16
-80
-72
56
224
368
428
410
346
285
290
405
598
775
872
867
783
675
628
658
771
902
921
827
678
527
399
320
316
367
372
286
140
-20
-162
-232
-174
-43
46
11
-85
-152
-185
-155
-52
71
150
136
89
43
16
0
32
105
124
84
-4
-129
-276
-388
-347
-92
189
246
18
-277
-421
-469
-442
-218
189
528
553
307
-10
-291
-431
-241
220
626
685
413
-9
-428
-696
-667
-347
0
98
-120
-503
-839
-1041
-1060
-878
-591
-345
-301
-473
-728
-926
-971
-829
-532
-199
-22
-78
-253
-417
-499
-438
-238
1
126
114
15
-126
-283
-356
-305
-205
-138
-112
-104
-169
-279
-352
-273
-119
18
92
121
155
154
158
240
403
564
669
712
703
658
601
612
686
774
798
739
631
483
337
261
263
295
292
220
110
-33
-153
-190
-135
-46
16
20
-17
-49
-64
-39
51
162
259
311
306
256
184
137
194
291
334
289
206
93
-49
-127
1
304
455
369
158
-25
-158
-244
-133
238
639
836
749
434
55
-191
-115
269
713
922
813
449
-1
-380
-522
-331
0
212
151
-137
-511
-843
-999
-910
-629
-369
-255
-333
-552
-787
-921
-861
-636
-359
-145
-107
-229
-397
-515
-519
-413
-220
-72
-61
-168
-299
-405
-488
-503
-454
-400
-390
-424
-471
-533
-598
-551
-394
-229
-127
-113
-118
-146
-152
-51
144
343
466
482
443
385
331
345
417
522
587
570
490
333
126
-13
-18
56
132
129
34
-105
-266
-364
-333
-238
-120
-41
-30
-29
-69
-115
-117
-18
145
269
317
324
264
149
92
147
234
266
231
186
149
137
298
488
506
369
241
198
141
145
392
744
964
953
772
510
245
173
413
813
1067
1054
799
414
33
-197
-128
159
407
418
180
-162
-465
-647
-647
-433
-174
-19
-34
-206
-428
-631
-685
-542
-269
13
149
66
-159
-350
-413
-315
-139
16
66
-18
-163
-310
-444
-546
-557
-499
-423
-410
-448
-531
-641
-668
-607
-485
-359
-267
-228
-241
-238
-193
-109
-1
106
185
201
178
154
143
127
134
163
171
146
88
1
-112
-225
-270
-246
-221
-234
-271
-334
-409
-466
-459
-389
-342
-309
-259
-198
-169
-172
-159
-105
-56
0
70
95
50
1
5
51
65
29
12
25
149
339
423
356
206
160
200
233
371
643
907
986
877
672
429
260
363
727
1051
1118
944
643
312
24
-41
162
431
566
458
184
-111
-319
-400
-277
-43
172
248
153
-2
-182
-316
-298
-85
187
331
296
151
-6
-122
-102
34
164
206
149
70
-35
-167
-246
-262
-253
-253
-253
-243
-279
-346
-380
-343
-277
-219
-171
-128
-117
-111
-67
5
84
125
144
133
83
27
0
21
31
0
-81
-175
-265
-338
-363
-393
-439
-493
-525
-541
-560
-578
-576
-579
-575
-544
-525
-520
-500
-462
-401
-355
-329
-308
-331
-349
-327
-293
-265
-257
-288
-321
-381
-390
-287
-138
99
234
215
84
-62
-59
10
205
530
875
1031
899
636
373
248
307
597
957
1108
983
639
278
-7
-91
59
338
529
454
217
-70
-255
-333
-241
17
255
376
296
163
34
-47
-5
153
392
536
530
384
205
83
51
142
279
387
370
252
95
-42
-112
-124
-71
-27
-1
-11
-65
-112
-115
-41
46
117
167
233
302
335
353
355
394
435
457
451
411
360
299
259
219
161
55
-64
-177
-271
-322
-369
-426
-517
-602
-644
-659
-645
-622
-602
-606
-604
-594
-584
-573
-567
-527
-472
-417
-383
-394
-442
-521
-579
-597
-562
-539
-554
-617
-701
-672
-576
-378
-221
-185
-229
-332
-324
-248
-83
160
428
641
656
526
319
186
198
374
644
827
822
571
252
-36
-172
-101
78
247
226
55
-183
-351
-394
-314
-113
68
204
219
152
61
-9
41
168
360
508
552
452
279
166
140
215
291
349
316
198
70
-17
-38
-53
-38
-48
-52
-57
-52
-16
25
123
195
266
314
360
421
475
594
694
773
801
779
720
640
613
615
652
655
599
464
307
186
77
27
-13
-38
-94
-183
-257
-331
-387
-424
-378
-305
-277
-283
-335
-381
-416
-390
-313
-263
-267
-307
-364
-458
-532
-572
-570
-579
-643
-713
-835
-879
-818
-669
-492
-399
-375
-514
-631
-604
-460
-212
68
380
513
413
177
-29
-87
22
322
601
714
539
194
-137
-369
-387
-258
-32
92
23
-219
-505
-639
-636
-453
-209
4
90
30
-50
-132
-129
-38
145
332
424
414
283
128
1
1
92
191
232
157
24
-136
-239
-285
-264
-213
-201
-193
-191
-154
-150
-136
-74
24
149
252
381
471
524
547
601
701
774
817
796
770
729
711
718
691
623
514
453
403
357
288
208
140
52
22
27
63
50
17
26
28
26
7
34
46
36
50
76
92
43
-25
-96
-150
-188
-215
-249
-333
-448
-597
-699
-679
-565
-404
-300
-262
-336
-508
-599
-542
-340
-71
215
436
450
258
-7
-157
-122
83
350
528
513
265
-76
-373
-520
-499
-343
-140
-70
-189
-440
-662
-774
-732
-530
-278
-84
-41
-92
-170
-220
-185
-75
79
226
310
276
148
17
-65
-90
-71
-3
38
-14
-141
-291
-423
-495
-481
-428
-389
-386
-391
-372
-342
-289
-227
-164
-70
57
196
305
363
378
394
443
526
592
607
589
550
517
491
467
413
335
285
269
248
186
119
77
60
61
85
120
133
146
168
195
201
197
213
242
279
307
330
314
265
216
159
124
87
46
-17
-125
-226
-315
-376
-358
-296
-234
-164
-97
-103
-220
-303
-222
-73
69
253
463
546
444
290
187
154
190
319
464
497
373
136
-89
-253
-340
-352
-282
-184
-182
-310
-479
-583
-625
-591
-460
-277
-144
-113
-125
-151
-160
-128
-40
75
157
178
125
48
-14
-52
-64
-55
-53
-91
-165
-260
-357
-444
-493
-484
-464
-447
-443
-445
-446
-438
-376
-284
-185
-91
-12
60
105
137
179
245
315
365
379
367
337
296
268
240
215
197
186
163
92
11
-32
-35
-40
-26
19
56
59
54
84
103
95
105
150
201
217
215
225
215
179
144
126
129
118
83
17
-69
-162
-235
-298
-328
-281
-206
-145
-97
-19
20
-50
-121
-81
53
188
367
561
650
581
453
374
308
294
375
528
613
547
371
135
-77
-221
-223
-117
2
40
-68
-234
-380
-454
-449
-355
-186
-28
54
53
8
-74
-138
-115
-1
144
225
222
141
31
-69
-114
-117
-109
-115
-156
-205
-272
-357
-451
-517
-531
-510
-462
-422
-409
-426
-429
-369
-282
-194
-119
-49
7
42
74
121
179
229
271
291
278
228
162
122
133
164
173
137
72
1
-74
-122
-115
-55
4
21
13
-5
-36
-78
-75
-16
60
112
139
143
117
70
42
64
91
101
110
92
30
-58
-142
-188
-217
-239
-251
-270
-281
-272
-244
-212
-174
-93
-9
18
2
24
97
189
319
476
588
568
475
394
356
368
422
513
560
520
399
255
130
41
10
15
53
66
10
-107
-214
-243
-228
-150
-50
31
46
-3
-45
-68
-56
-18
60
152
214
222
168
86
-19
-68
-55
-18
-7
-46
-106
-213
-323
-405
-443
-461
-478
-453
-410
-394
-424
-448
-445
-414
-341
-227
-118
-51
-14
9
41
75
121
176
246
316
348
312
236
176
147
148
152
157
139
80
-4
-81
-125
-142
-139
-149
-158
-163
-178
-202
-223
-204
-172
-134
-75
-14
19
7
-12
-22
-24
-21
0
12
2
-5
-27
-73
-152
-208
-238
-275
-306
-314
-271
-246
-251
-235
-170
-110
-119
-121
-64
31
118
231
380
473
491
474
483
494
511
547
599
646
621
535
415
316
219
131
106
130
142
68
-23
-106
-178
-217
-190
-100
-33
14
39
54
51
47
91
162
250
320
364
361
314
244
171
136
119
98
52
-14
-93
-196
-300
-391
-457
-501
-522
-520
-502
-492
-492
-482
-449
-383
-294
-181
-71
36
128
198
248
285
348
422
483
499
485
447
391
331
267
221
165
98
17
-73
-167
-255
-317
-364
-386
-402
-400
-398
-382
-346
-307
-268
-230
-178
-118
-58
-4
37
63
73
84
83
64
25
-20
-51
-82
-127
-189
-278
-385
-484
-536
-561
-572
-547
-504
-486
-488
-422
-317
-265
-232
-127
60
196
294
402
513
580
605
649
669
659
631
629
654
634
543
396
264
142
33
-36
-52
-66
-140
-221
-255
-251
-254
-244
-190
-108
-15
67
153
225
277
316
363
430
478
501
496
474
415
325
243
174
110
19
-67
-155
-260
-366
-445
-493
-547
-564
-537
-477
-418
-377
-318
-266
-189
-95
39
191
324
424
479
517
524
530
543
567
584
565
519
421
287
146
38
-28
-76
-112
-170
-256
-377
-475
-527
-532
-487
-421
-356
-328
-317
-294
-249
-174
-78
21
93
133
138
119
92
68
54
39
20
-21
-95
-202
-314
-408
-468
-504
-535
-572
-625
-683
-726
-734
-729
-704
-633
-517
-406
-312
-171
-43
12
25
100
240
356
477
605
685
657
570
494
423
380
362
397
420
379
247
43
-123
-223
-243
-211
-122
-47
-73
-159
-225
-220
-179
-87
52
190
286
308
296
258
243
264
326
415
463
451
366
257
139
50
11
28
58
55
25
-54
-158
-255
-290
-251
-183
-104
-56
-28
-31
-39
-24
32
137
248
352
432
479
476
458
457
461
472
482
493
458
392
319
235
153
82
34
-20
-88
-144
-183
-217
-249
-264
-280
-289
-288
-275
-251
-223
-173
-129
-101
-85
-65
-49
-43
-21
14
42
28
-1
-30
-83
-148
-192
-198
-216
-266
-315
-359
-409
-467
-496
-493
-488
-488
-487
-471
-458
-454
-465
-458
-393
-298
-222
-162
-54
55
81
64
69
116
154
231
362
461
469
413
353
263
182
153
195
258
279
233
97
-36
-146
-222
-249
-196
-104
-88
-130
-190
-233
-270
-248
-144
-20
88
144
172
155
132
140
180
267
348
400
386
328
248
157
106
105
139
156
158
118
34
-61
-132
-140
-118
-65
0
46
53
24
5
10
56
123
217
328
399
396
346
327
360
393
409
435
436
383
293
212
155
104
75
65
34
-37
-132
-223
-280
-287
-268
-248
-229
-210
-219
-258
-272
-236
-188
-144
-99
-52
-37
-53
-67
-66
-69
-62
-39
-27
-33
-56
-86
-127
-184
-218
-228
-225
-231
-241
-248
-285
-331
-366
-372
-356
-331
-302
-307
-316
-334
-353
-384
-379
-296
-208
-147
-117
-39
11
-31
-85
-63
42
110
182
248
283
265
209
181
138
126
126
157
204
215
158
30
-55
-113
-141
-146
-96
-42
-72
-118
-159
-170
-183
-149
-65
13
79
103
128
131
152
187
236
300
332
355
347
346
317
271
247
233
221
179
161
126
64
-6
-55
-74
-98
-93
-83
-61
-45
-38
-28
-14
20
48
104
176
250
317
363
403
409
408
392
404
436
434
402
339
287
216
133
70
25
-4
-37
-81
-152
-222
-284
-319
-307
-274
-231
-221
-215
-208
-196
-157
-86
-4
42
69
88
111
119
126
147
147
126
90
64
34
-20
-81
-134
-172
-216
-256
-293
-331
-362
-393
-414
-425
-414
-389
-374
-371
-361
-337
-324
-307
-278
-251
-224
-203
-184
-174
-143
-95
-63
-62
-45
11
24
2
-13
13
49
69
113
150
152
121
98
71
43
44
59
91
111
116
85
33
5
-9
-9
4
41
55
37
14
-3
-8
-15
3
28
53
62
58
47
25
24
30
58
86
108
123
121
125
118
114
119
127
126
118
116
93
66
41
27
15
16
36
44
43
40
56
84
118
148
160
173
202
239
262
287
315
319
309
303
306
295
282
277
268
244
217
180
127
72
33
8
-11
-26
-42
-71
-100
-123
-149
-163
-156
-140
-120
-99
-79
-68
-67
-57
-39
-24
-6
12
21
20
19
14
0
-8
-17
-40
-73
-102
-137
-177
-204
-227
-256
-278
-284
-293
-314
-336
-337
-329
-323
-312
-295
-278
-264
-259
-254
-240
-208
-187
-176
-153
-135
-145
-165
-154
-131
-135
-137
-121
-101
-101
-96
-86
-82
-75
-64
-55
-49
-35
-27
-22
-9
-2
-13
-28
-13
16
33
37
36
31
18
10
13
35
70
95
101
97
94
79
69
95
143
172
177
170
147
123
117
123
131
149
168
162
135
105
85
75
87
122
153
167
170
159
133
120
136
160
180
211
242
246
226
212
214
218
224
239
246
241
230
218
202
187
188
193
179
149
113
79
47
40
53
62
64
57
27
-12
-30
-22
0
37
81
96
73
40
17
5
14
47
71
60
25
-17
-67
-105
-119
-111
-100
-94
-101
-134
-179
-219
-245
-258
-253
-232
-216
-221
-244
-264
-285
-301
-300
-279
-251
-235
-231
-242
-255
-265
-266
-265
-258
-240
-221
-211
-219
-231
-239
-246
-247
-243
-234
-216
-200
-195
-198
-196
-186
-179
-161
-123
-74
-49
-46
-33
2
31
46
73
111
127
113
102
110
130
156
182
200
199
171
134
123
148
179
192
199
209
201
182
184
200
212
223
239
238
216
196
190
181
173
169
159
137
119
103
84
67
61
51
37
31
20
-1
-8
12
26
30
48
76
83
80
91
112
123
142
176
195
193
188
179
156
143
146
144
136
136
137
116
89
68
44
24
21
28
33
36
35
16
-13
-26
-22
-16
-6
3
0
-17
-37
-57
-78
-91
-95
-95
-101
-112
-131
-167
-211
-241
-249
-248
-249
-250
-252
-261
-278
-291
-295
-283
-265
-242
-213
-184
-170
-178
-189
-181
-156
-124
-100
-81
-70
-70
-80
-89
-87
-76
-67
-62
-53
-53
-69
-94
-108
-109
-106
-101
-88
-68
-57
-62
-66
-58
-44
-38
-29
1
40
69
86
103
115
112
104
120
150
174
188
202
209
195
170
147
138
142
157
161
155
138
104
70
54
60
70
83
94
86
67
59
63
69
87
109
115
105
100
99
93
101
119
129
124
111
95
69
50
51
61
60
50
34
6
-27
-46
-55
-62
-64
-64
-71
-81
-89
-97
-98
-83
-56
-32
-19
-10
-8
-8
1
23
44
54
60
58
50
41
37
38
44
43
32
9
-18
-40
-57
-63
-64
-69
-81
-100
-116
-129
-131
-123
-110
-97
-90
-84
-85
-84
-73
-55
-37
-21
-5
4
11
17
24
31
35
34
27
16
4
-5
-9
-10
-12
-27
-44
-59
-72
-82
-82
-72
-66
-61
-62
-70
-74
-66
-47
-25
2
15
16
11
2
-2
3
21
38
46
48
44
32
23
23
30
33
40
50
55
50
46
47
44
36
31
35
43
53
62
68
69
60
45
38
40
48
61
77
92
89
73
54
42
35
41
60
73
72
58
30
-4
-34
-47
-47
-35
-23
-26
-49
-78
-103
-122
-128
-110
-84
-71
-73
-80
-88
-101
-106
-95
-75
-55
-41
-36
-42
-55
-62
-61
-48
-30
-14
-4
-6
-17
-33
-41
-38
-27
-15
-7
-2
-2
-8
-11
-8
2
13
22
36
52
63
70
77
82
83
89
107
125
136
143
141
132
121
114
112
113
108
95
75
53
31
8
-6
-13
-22
-36
-47
-57
-69
-79
-83
-78
-70
-64
-59
-58
-58
-57
-55
-47
-34
-27
-26
-26
-24
-25
-30
-30
-19
-6
0
2
-3
-14
-30
-31
-10
13
27
24
12
-5
-13
-1
22
52
76
88
87
75
63
60
73
107
138
155
155
135
102
72
62
69
77
79
68
45
8
-28
-60
-84
-97
-100
-98
-101
-114
-138
-166
-188
-195
-190
-177
-162
-154
-155
-160
-162
-162
-160
-152
-135
-116
-100
-90
-82
-78
-74
-68
-60
-49
-36
-21
-8
2
5
4
1
6
22
36
48
54
55
54
56
67
78
88
97
105
112
117
120
121
121
120
121
123
130
127
121
110
99
90
87
86
85
81
76
66
58
54
50
44
41
40
39
35
30
23
12
4
-2
-9
-13
-15
-17
-21
-24
-28
-36
-39
-40
-34
-26
-19
-16
-16
-18
-13
-2
11
25
32
31
22
17
19
27
40
54
59
51
37
18
5
-1
9
26
35
31
17
-6
-30
-37
-33
-22
-9
-1
-3
-14
-23
-33
-41
-41
-28
-17
-12
-8
-8
-18
-34
-47
-59
-69
-75
-74
-71
-71
-83
-107
-138
-164
-174
-170
-156
-140
-133
-138
-147
-155
-153
-142
-120
-94
-70
-55
-44
-35
-31
-25
-15
-1
13
21
25
22
16
10
7
1
0
0
-2
-5
-8
-12
-21
-25
-18
-7
6
22
33
36
39
53
69
84
101
115
121
125
131
132
131
132
133
128
120
105
84
63
50
43
38
32
26
14
-6
-21
-30
-31
-23
-6
13
27
31
26
21
19
30
54
82
101
109
103
91
77
71
74
81
88
91
80
61
42
26
7
-6
-7
-5
-4
-4
-4
-14
-28
-36
-35
-25
-3
24
42
47
43
33
25
31
47
64
77
83
79
65
47
29
16
6
5
11
13
7
-10
-33
-56
-73
-80
-74
-62
-50
-48
-56
-68
-77
-85
-89
-87
-76
-64
-57
-56
-62
-76
-95
-111
-115
-107
-94
-85
-90
-105
-124
-143
-153
-149
-138
-122
-110
-104
-107
-118
-127
-130
-123
-104
-81
-64
-56
-54
-55
-57
-56
-50
-36
-17
-1
11
13
10
4
-1
-1
8
22
33
36
33
29
27
29
34
39
44
50
58
64
68
69
67
62
59
60
63
69
77
85
89
85
75
65
60
63
73
85
92
86
74
59
51
52
60
66
70
72
69
61
53
50
53
61
71
78
79
74
67
63
63
69
79
90
96
100
99
94
89
87
89
94
102
109
108
101
89
75
61
55
54
55
50
43
30
10
-12
-25
-29
-30
-28
-28
-33
-45
-64
-82
-90
-87
-75
-64
-56
-55
-63
-78
-89
-91
-86
-78
-67
-60
-62
-75
-92
-105
-112
-111
-106
-100
-102
-116
-134
-152
-158
-156
-146
-134
-127
-130
-140
-151
-155
-152
-136
-112
-91
-81
-82
-90
-96
-96
-85
-68
-48
-35
-32
-36
-46
-55
-59
-55
-46
-36
-32
-30
-34
-44
-52
-51
-41
-29
-20
-16
-15
-16
-11
-1
12
22
30
34
36
39
43
54
66
76
83
85
82
79
83
90
99
108
113
113
112
110
113
118
124
130
134
138
143
144
144
143
145
149
152
153
151
149
149
144
140
136
134
131
130
127
121
113
106
96
93
89
85
83
80
73
66
56
46
35
26
23
23
24
20
9
-7
-21
-32
-39
-40
-39
-40
-45
-53
-64
-72
-78
-81
-82
-81
-78
-77
-80
-84
-88
-90
-90
-89
-88
-86
-85
-86
-86
-89
-92
-95
-99
-99
-99
-99
-98
-101
-105
-107
-111
-113
-112
-112
-110
-107
-103
-103
-104
-106
-107
-106
-100
-91
-87
-83
-83
-87
-91
-93
-91
-84
-78
-74
-73
-77
-83
-85
-84
-77
-69
-62
-57
-55
-53
-46
-41
-34
-25
-14
-1
11
22
32
40
47
54
64
77
87
93
96
97
101
104
106
110
111
114
114
115
117
118
119
119
119
120
121
122
125
128
130
130
129
126
126
127
129
131
130
127
121
112
108
104
102
100
98
92
84
76
70
64
60
55
51
45
38
31
28
23
19
15
9
8
6
3
0
-1
-4
-7
-10
-11
-11
-12
-15
-18
-21
-26
-28
-31
-33
-36
-40
-45
-52
-57
-61
-65
-69
-72
-73
-78
-84
-88
-94
-98
-100
-101
-99
-99
-101
-104
-106
-108
-108
-105
-102
-100
-97
-94
-92
-90
-88
-86
-85
-87
-83
-79
-74
-68
-67
-69
-73
-76
-78
-77
-73
-67
-64
-62
-64
-65
-69
-70
-66
-58
-49
-40
-35
-33
-31
-29
-24
-17
-7
6
15
22
27
31
32
35
38
44
53
62
64
63
59
55
54
56
64
72
76
77
74
67
62
61
65
76
88
96
95
87
74
64
62
67
79
91
97
91
78
62
48
42
47
59
72
78
75
64
48
36
34
42
55
68
76
79
71
61
51
47
52
62
71
78
76
65
52
36
28
26
29
30
27
19
3
-14
-29
-36
-36
-34
-33
-36
-43
-52
-60
-63
-62
-59
-57
-53
-53
-57
-60
-65
-67
-68
-69
-68
-67
-69
-73
-81
-86
-92
-95
-96
-94
-92
-94
-98
-101
-102
-101
-99
-93
-88
-84
-80
-76
-70
-63
-54
-46
-39
-34
-29
-26
-23
-16
-10
-3
5
11
16
16
16
16
16
17
20
22
25
28
30
29
28
27
26
26
26
27
28
28
28
28
29
29
28
28
28
26
27
28
28
28
27
26
24
22
23
21
21
21
24
27
28
28
27
28
27
27
31
35
37
39
39
38
37
39
41
44
46
46
46
44
39
38
37
39
41
43
42
40
36
35
32
30
29
29
26
25
23
21
19
16
14
13
13
10
7
4
2
-1
-2
-1
-4
-6
-8
-12
-15
-17
-17
-16
-18
-18
-19
-20
-21
-22
-21
-22
-23
-26
-27
-28
-32
-34
-31
-31
-31
-34
-36
-37
-36
-32
-30
-27
-26
-27
-26
-25
-24
-21
-19
-17
-14
-11
-9
-10
-8
-7
-7
-5
-3
-2
0
0
0
-3
-6
-9
-12
-13
-13
-13
-12
-14
-18
-21
-22
-21
-18
-15
-9
-9
-9
-9
-10
-9
-5
-2
1
4
5
5
2
1
1
2
2
4
5
5
4
1
-1
-4
-2
1
3
2
-1
-4
-6
-5
-3
1
5
7
9
6
3
2
3
4
6
8
7
6
4
2
-1
-4
-4
-3
-1
-1
-1
-4
-7
-10
-12
-9
-6
-2
1
2
0
-3
-3
-2
0
3
9
10
9
8
6
4
3
3
5
5
5
5
2
-2
-4
-6
-8
-7
-4
-3
-1
-1
-2
0
0
0
2
3
5
6
4
4
5
5
5
5
2
0
-3
-5
-7
-7
-8
-9
-10
-11
-12
-14
-14
-15
-13
-9
-7
-3
-1
-1
-3
-3
-1
2
7
11
14
15
14
12
13
13
14
16
18
19
19
17
14
13
12
13
14
15
18
19
20
22
24
25
28
31
35
39
43
46
48
47
46
44
41
40
40
38
36
31
26
21
15
10
6
1
-1
-3
-7
-11
-15
-17
-22
-27
-29
-29
-28
-26
-27
-26
-27
-31
-33
-33
-32
-30
-31
-32
-30
-31
-35
-36
-38
-35
-34
-35
-35
-36
-38
-37
-37
-35
-32
-30
-29
-29
-27
-25
-22
-19
-16
-13
-11
-10
-10
-8
-8
-8
-9
-7
-6
-8
-7
-9
-10
-10
-11
-11
-11
-8
-7
-7
-5
-3
-3
-1
-3
1
5
7
10
12
14
17
19
22
24
25
23
24
24
27
27
27
27
29
28
24
23
23
23
24
25
24
26
27
28
29
30
29
31
32
33
34
35
37
38
39
40
37
37
37
39
38
39
37
36
37
35
33
29
26
25
23
23
22
20
18
16
16
14
12
10
10
8
6
2
3
3
0
-1
-5
-10
-14
-16
-19
-22
-23
-24
-25
-27
-32
-37
-41
-44
-43
-44
-45
-46
-49
-52
-54
-56
-60
-59
-58
-59
-60
-60
-61
-63
-64
-63
-61
-60
-58
-57
-58
-58
-57
-58
-54
-52
-53
-50
-49
-48
-46
-43
-42
-40
-39
-36
-34
-34
-32
-31
-29
-26
-26
-25
-23
-20
-15
-13
-11
-9
-8
-6
-5
-3
0
2
4
6
9
12
15
18
20
21
22
25
27
29
34
38
40
41
42
44
47
49
51
54
57
61
62
63
62
61
59
61
63
67
69
71
71
70
69
67
65
65
68
68
69
69
68
67
66
66
64
64
61
60
59
58
59
57
56
54
51
50
48
45
42
41
39
40
37
35
32
27
22
18
16
12
11
8
4
1
-4
-9
-13
-19
-24
-26
-31
-36
-38
-44
-48
-53
-57
-59
-62
-63
-67
-72
-75
-80
-83
-84
-86
-87
-88
-89
-91
-93
-94
-94
-93
-91
-90
-90
-90
-87
-86
-85
-83
-80
-78
-76
-75
-70
-66
-62
-58
-54
-49
-45
-42
-42
-38
-35
-32
-28
-24
-19
-15
-13
-9
-6
-2
1
2
5
9
9
11
12
15
16
16
17
19
21
23
24
25
25
25
25
27
29
31
33
33
34
35
38
39
42
44
49
51
53
56
58
59
60
63
66
69
72
76
76
77
78
77
78
79
80
81
80
79
77
76
73
71
69
68
65
63
61
58
55
51
48
46
42
39
35
31
27
23
19
16
13
10
6
3
-1
-6
-10
-14
-17
-20
-24
-26
-29
-31
-34
-37
-40
-41
-45
-47
-47
-49
-51
-52
-54
-55
-56
-57
-58
-57
-58
-58
-58
-57
-56
-57
-55
-55
-56
-55
-54
-52
-51
-51
-51
-50
-48
-48
-46
-45
-45
-44
-43
-42
-42
-41
-40
-40
-40
-40
-37
-36
-35
-34
-34
-32
-31
-30
-29
-27
-24
-22
-21
-19
-16
-15
-14
-10
-6
-3
0
2
5
7
9
10
12
15
17
20
22
23
24
25
26
28
31
32
34
33
35
36
37
38
38
39
40
40
40
40
41
40
42
42
41
40
37
35
34
35
35
35
34
32
31
31
32
29
29
30
29
28
28
29
30
28
27
28
28
26
25
24
23
25
26
23
22
21
19
15
15
14
13
10
6
4
2
1
-3
-6
-6
-7
-8
-11
-13
-14
-15
-16
-18
-17
-15
-17
-18
-18
-19
-20
-21
-22
-23
-23
-25
-25
-27
-27
-26
-27
-31
-32
-33
-36
-37
-37
-37
-36
-37
-38
-38
-38
-39
-39
-38
-37
-35
-34
-34
-32
-32
-31
-31
-31
-28
-26
-24
-23
-20
-19
-17
-14
-14
-15
-15
-14
-13
-10
-9
-7
-5
-4
-4
-3
-2
-2
-2
-2
-1
1
2
3
3
3
5
6
6
8
8
9
8
10
12
13
15
15
16
17
18
19
21
22
24
25
26
27
29
28
29
29
32
33
34
33
35
34
34
37
35
37
36
36
35
36
35
36
35
36
36
35
34
34
34
32
31
31
31
30
29
27
26
25
23
20
20
19
18
16
13
12
11
9
9
7
5
3
2
1
-2
-2
-4
-5
-5
-6
-9
-11
-12
-13
-14
-16
-17
-17
-19
-19
-19
-20
-21
-22
-24
-24
-24
-24
-25
-25
-25
-26
-26
-27
-27
-28
-28
-29
-29
-29
-28
-29
-28
-30
-31
-31
-31
-30
-28
-27
-26
-25
-25
-24
-23
-23
-21
-21
-20
-18
-18
-16
-17
-17
-17
-16
-15
-13
-12
-11
-12
-10
-9
-9
-6
-5
-4
-1
0
1
0
0
3
2
5
6
8
8
9
11
11
13
14
15
16
18
19
18
18
18
19
18
17
16
16
16
14
15
16
15
14
12
12
12
13
12
11
10
9
8
6
5
4
3
2
1
-2
-2
-3
-4
-3
-4
-6
-6
-6
-5
-6
-6
-7
-8
-7
-5
-5
-4
-5
-3
-4
-3
-1
0
0
2
2
3
3
4
3
2
3
2
4
3
3
3
3
3
3
2
1
1
1
1
0
0
0
0
4
4
1
-2
-1
2
5
5
3
1
2
3
3
2
3
2
0
0
-1
-1
-2
-3
-3
-3
-5
-5
-5
-4
-3
-5
-6
-7
-5
-5
-6
-3
-2
-2
-3
-2
-1
1
0
1
1
2
3
3
4
5
4
4
5
7
5
4
4
6
7
6
5
5
4
5
4
3
4
5
3
2
1
3
5
6
5
2
1
0
1
0
-2
-1
-1
0
-1
-2
-3
-2
-1
-2
-2
-4
-5
-4
-5
-5
-6
-7
-7
-6
-5
-5
-6
-5
-4
-4
