0
0
-1
-1
-1
-1
-1
-1
-1
-1
-2
-3
-4
-3
-2
-2
0
1
1
1
2
0
-2
-2
-1
0
1
0
-1
1
1
0
-2
-1
-1
1
2
3
4
4
5
5
3
0
0
1
1
0
-1
-1
-1
-1
-2
-2
1
3
3
3
3
3
2
2
1
0
0
4
4
3
1
3
4
2
-1
-5
-5
-4
-2
-2
-4
-5
-2
0
0
0
1
2
3
3
0
-1
-1
1
2
-1
-3
-4
-3
-4
-4
-3
-3
-4
-3
-3
1
6
8
7
6
5
6
4
-3
-10
-11
-8
-8
-8
-8
-6
-2
-1
-2
-5
-4
-1
1
0
-1
-1
1
-3
-5
-6
-3
1
1
1
-1
-5
-10
-17
-18
-15
-11
-5
-1
4
5
5
2
-4
-3
3
6
3
-6
-12
-10
-6
-6
-11
-11
-10
-8
-10
-15
-16
-13
-8
2
12
15
14
12
10
9
9
6
-1
-8
-16
-21
-21
-22
-22
-14
-3
2
3
0
1
-2
-8
-8
1
8
11
13
17
20
17
13
7
4
5
13
16
17
15
14
13
8
23
52
70
62
40
24
13
0
-21
-27
-6
24
42
39
28
18
24
26
13
-4
-11
2
20
26
25
35
48
51
41
40
61
82
81
65
62
65
59
36
11
2
8
12
5
-11
-17
-3
14
15
3
-1
8
13
3
-7
1
11
16
8
-5
-15
-25
-37
-48
-55
-55
-47
-43
-48
-59
-71
-77
-79
-86
-102
-112
-113
-105
-113
-130
-121
-98
-95
-115
-132
-151
-175
-208
-251
-280
-297
-297
-253
-150
-17
117
260
375
415
373
299
242
186
132
104
101
103
90
58
6
-49
-106
-159
-209
-259
-288
-274
-212
-136
-50
43
146
227
270
291
287
272
238
191
140
102
67
26
-22
-79
-130
-178
-214
-245
-264
-266
-244
-194
-135
-71
9
93
156
201
237
251
232
185
125
63
13
-22
-37
-41
-37
-23
-6
8
12
11
19
38
63
94
145
261
397
477
490
462
410
305
149
-7
-96
-102
-77
-56
-45
-36
-27
-16
-27
-56
-79
-83
-67
-42
-4
53
119
162
169
145
110
67
3
-78
-146
-169
-170
-157
-157
-162
-163
-177
-207
-248
-283
-285
-246
-191
-144
-94
-36
-11
-38
-103
-177
-251
-325
-385
-438
-471
-491
-496
-483
-424
-330
-215
-37
204
428
508
476
437
416
352
233
164
183
242
243
161
26
-101
-199
-292
-398
-499
-523
-476
-388
-297
-192
-59
75
177
230
269
307
337
335
301
280
288
299
250
154
38
-78
-198
-318
-413
-471
-472
-418
-328
-225
-108
19
116
168
210
265
296
284
258
245
239
225
215
198
168
125
75
23
-28
-64
-84
-93
-69
2
95
180
251
311
346
364
368
350
317
279
269
268
287
326
326
278
187
109
35
-51
-110
-118
-65
13
68
90
89
84
74
53
29
31
69
117
153
172
178
160
108
28
-71
-168
-232
-249
-249
-231
-187
-123
-74
-68
-91
-147
-214
-257
-291
-322
-336
-317
-274
-263
-272
-295
-348
-405
-476
-509
-508
-517
-533
-551
-525
-455
-320
-141
41
265
472
546
459
327
249
172
112
117
182
237
224
143
-17
-191
-347
-479
-584
-638
-609
-504
-350
-186
-29
99
197
250
259
248
223
228
266
318
365
399
411
353
216
37
-153
-329
-465
-537
-532
-455
-329
-193
-83
6
75
114
120
120
154
209
262
315
360
388
378
337
273
194
114
34
-37
-62
-18
54
109
156
208
244
243
228
209
198
212
269
430
598
685
672
587
484
316
129
-25
-99
-77
-29
-2
7
12
-5
-30
-40
-28
-18
9
64
116
162
210
251
255
234
193
128
51
-19
-72
-110
-143
-168
-172
-178
-212
-282
-342
-381
-414
-413
-370
-307
-252
-226
-223
-269
-329
-377
-417
-428
-407
-363
-350
-351
-387
-464
-574
-654
-599
-474
-309
-107
205
458
483
373
240
130
-23
-101
-58
70
202
261
234
117
-13
-202
-409
-573
-642
-633
-573
-433
-266
-95
27
120
167
160
135
105
136
192
267
348
417
444
397
300
151
-11
-164
-259
-307
-318
-274
-219
-176
-180
-191
-186
-176
-155
-95
49
197
319
415
484
492
427
365
313
279
253
242
245
251
264
249
217
177
130
77
62
98
176
330
478
580
592
548
487
371
261
203
233
319
380
370
295
192
60
-53
-147
-190
-177
-126
-41
35
105
152
163
151
147
143
142
162
179
188
181
170
153
73
-65
-202
-321
-409
-456
-456
-406
-349
-298
-254
-248
-293
-345
-393
-433
-408
-326
-240
-204
-199
-184
-239
-386
-528
-628
-668
-678
-609
-423
-209
-21
103
175
134
17
-75
-109
-63
42
220
378
458
449
292
20
-270
-495
-652
-680
-577
-414
-279
-193
-143
-180
-277
-375
-419
-379
-246
-34
215
456
614
667
613
472
290
110
-17
-79
-77
-28
39
71
29
-69
-208
-330
-406
-414
-324
-161
29
203
333
387
357
272
188
129
117
190
325
480
583
614
572
444
268
104
18
45
141
317
503
608
612
484
327
170
50
37
92
212
346
408
381
286
147
8
-95
-112
-55
29
133
227
264
225
148
52
-17
-51
-46
35
138
214
228
175
86
-26
-159
-270
-337
-340
-272
-201
-132
-90
-99
-138
-192
-256
-322
-332
-333
-347
-338
-312
-266
-292
-352
-388
-449
-479
-494
-508
-494
-482
-479
-462
-379
-253
-181
-140
-8
146
162
75
23
51
74
74
97
165
197
143
17
-148
-260
-344
-411
-419
-377
-342
-361
-393
-394
-392
-413
-373
-257
-107
44
173
295
378
405
380
350
331
309
293
269
276
271
214
116
-7
-99
-171
-240
-273
-222
-120
-29
8
24
56
57
33
34
96
204
299
395
487
572
596
544
494
468
456
427
421
468
490
432
348
288
243
194
139
123
144
162
156
128
114
111
103
107
134
165
165
130
77
29
-16
-38
-28
-2
31
58
100
131
125
88
49
32
28
40
30
-10
-64
-127
-186
-228
-246
-258
-267
-275
-273
-269
-274
-298
-341
-366
-327
-272
-251
-241
-269
-306
-332
-357
-328
-328
-363
-413
-454
-385
-290
-243
-230
-207
-168
-172
-191
-190
-117
14
164
297
348
348
249
119
20
-31
-39
-48
-24
-28
-68
-167
-311
-462
-609
-688
-709
-617
-459
-310
-168
-46
69
128
163
201
246
298
354
429
482
511
490
433
366
299
256
202
143
67
-8
-79
-148
-188
-210
-214
-190
-130
-57
4
84
168
235
297
379
485
576
637
668
682
696
708
690
648
603
550
476
366
236
112
5
-60
-70
-43
-23
-38
-101
-176
-260
-308
-291
-229
-142
-69
-3
58
94
94
64
39
40
63
64
51
36
3
-41
-81
-88
-89
-106
-133
-157
-176
-211
-240
-261
-263
-242
-241
-254
-276
-308
-339
-401
-463
-470
-427
-363
-294
-242
-212
-230
-302
-413
-508
-483
-346
-180
-88
-52
-51
-99
-165
-230
-232
-172
-60
67
111
64
-35
-109
-130
-107
-57
1
69
99
82
27
-34
-90
-139
-139
-110
-77
-73
-94
-135
-210
-271
-297
-256
-184
-108
-47
-10
31
56
78
109
164
249
341
415
449
441
405
371
349
344
357
386
410
392
312
214
132
72
73
125
197
256
284
317
334
337
345
360
401
467
550
628
689
703
679
635
567
492
397
308
246
193
154
111
57
-16
-91
-153
-182
-187
-198
-206
-217
-214
-202
-195
-175
-160
-160
-171
-183
-196
-206
-212
-213
-205
-196
-179
-163
-161
-162
-171
-188
-184
-159
-144
-135
-138
-144
-147
-140
-126
-141
-187
-223
-262
-322
-369
-390
-402
-419
-424
-405
-391
-397
-424
-453
-459
-422
-362
-306
-260
-223
-188
-171
-176
-192
-193
-163
-128
-95
-72
-60
-77
-118
-151
-165
-156
-138
-113
-89
-77
-74
-75
-72
-71
-62
-31
21
75
112
134
144
150
161
172
179
186
200
209
223
233
237
236
227
213
208
217
235
247
240
247
272
297
315
327
337
337
317
302
297
290
287
295
321
344
346
332
310
289
269
270
286
310
326
336
364
401
431
443
439
416
375
317
269
219
173
148
130
119
92
63
13
-59
-127
-179
-208
-218
-208
-186
-155
-127
-111
-107
-114
-130
-167
-194
-193
-175
-167
-179
-187
-189
-202
-222
-241
-257
-275
-296
-316
-324
-331
-339
-337
-319
-291
-261
-240
-228
-230
-245
-259
-274
-284
-283
-286
-282
-284
-285
-288
-305
-324
-346
-353
-353
-344
-332
-304
-264
-232
-202
-187
-187
-212
-248
-262
-262
-256
-260
-261
-251
-242
-237
-243
-251
-265
-267
-248
-209
-157
-105
-50
6
57
103
145
183
211
221
233
255
285
303
308
316
331
350
362
360
344
319
305
307
324
351
382
417
448
481
510
525
520
506
492
483
473
456
442
420
386
354
332
320
300
264
234
217
208
200
197
199
207
218
230
239
233
214
188
166
149
137
128
112
81
39
2
-26
-62
-107
-152
-170
-160
-133
-113
-104
-102
-101
-100
-94
-81
-76
-82
-93
-87
-66
-52
-54
-72
-92
-108
-125
-147
-182
-224
-268
-302
-312
-302
-288
-292
-308
-321
-325
-326
-340
-364
-380
-380
-360
-337
-330
-341
-363
-381
-384
-381
-378
-381
-380
-366
-350
-345
-348
-350
-348
-343
-328
-300
-271
-256
-258
-257
-238
-207
-184
-170
-157
-144
-133
-133
-139
-140
-128
-104
-66
-19
30
71
101
125
152
187
229
271
308
340
366
383
390
397
406
414
416
422
422
413
398
390
389
390
391
396
401
401
393
384
386
402
415
423
428
429
414
377
334
295
265
246
240
239
232
215
187
157
128
100
76
60
60
69
85
91
87
77
66
53
38
20
0
-23
-52
-82
-101
-110
-111
-108
-97
-79
-61
-53
-58
-77
-99
-118
-126
-125
-118
-105
-89
-71
-59
-61
-74
-99
-128
-159
-183
-203
-217
-227
-234
-235
-231
-224
-226
-237
-252
-267
-287
-302
-307
-301
-287
-277
-269
-267
-263
-266
-276
-295
-315
-335
-350
-351
-345
-342
-343
-344
-339
-334
-330
-320
-301
-278
-259
-241
-225
-207
-188
-171
-152
-134
-115
-98
-87
-81
-77
-74
-66
-48
-18
11
34
55
77
102
133
170
208
244
283
317
339
353
362
368
374
388
409
425
432
439
444
445
430
411
398
385
367
348
345
355
359
354
345
341
334
322
307
294
278
254
233
220
213
203
186
164
142
125
112
97
77
51
37
26
16
2
-14
-32
-58
-85
-102
-107
-107
-110
-117
-116
-106
-96
-90
-84
-72
-61
-55
-59
-64
-67
-73
-85
-97
-104
-103
-100
-102
-110
-120
-133
-149
-169
-190
-205
-214
-211
-204
-194
-188
-187
-196
-211
-224
-232
-242
-249
-244
-226
-203
-184
-175
-180
-193
-209
-223
-240
-254
-263
-264
-261
-258
-251
-246
-245
-247
-252
-252
-244
-229
-210
-190
-165
-142
-124
-108
-98
-91
-87
-83
-79
-67
-50
-32
-19
-1
19
39
59
71
87
110
132
153
176
196
208
223
234
243
256
269
280
290
306
327
335
336
334
333
334
334
336
339
341
346
352
358
370
373
370
364
354
340
318
294
276
259
241
233
227
213
190
161
135
111
91
76
68
58
49
27
38
44
-33
-72
-92
-124
-121
-131
-140
-133
-115
-114
-149
-167
-165
-181
-165
-130
-120
-106
-103
-123
-139
-148
-161
-161
-150
-144
-139
-146
-147
-139
-157
-174
-182
-199
-192
-193
-187
-170
-166
-162
-165
-178
-190
-192
-196
-184
-159
-133
-105
-100
-109
-115
-133
-157
-172
-182
-179
-173
-177
-168
-166
-183
-196
-212
-212
-200
-193
-193
-187
-177
-167
-148
-132
-118
-109
-101
-88
-77
-64
-51
-39
-28
-13
-1
13
25
25
30
40
66
96
120
137
150
161
178
195
203
212
213
216
234
246
261
273
292
305
316
323
322
308
281
265
263
271
284
296
300
300
308
298
286
291
258
261
266
222
220
186
165
142
118
114
95
91
76
58
8
-18
-33
-59
-53
-63
-75
-52
-52
-63
-85
-109
-110
-130
-147
-148
-156
-147
-129
-155
-148
-141
-161
-151
-166
-179
-176
-181
-150
-139
-161
-123
-113
-144
-103
-96
-126
-100
-104
-136
-109
-137
-161
-143
-164
-165
-160
-169
-149
-142
-159
-149
-143
-139
-125
-127
-101
-80
-82
-41
-60
-69
-48
-100
-82
-71
-98
-81
-79
-59
-75
-84
-78
-111
-108
-63
-104
-125
-35
-33
-54
19
25
-19
80
83
-7
86
86
32
76
57
40
61
109
87
79
141
85
61
117
79
80
149
145
153
205
194
172
210
222
189
214
238
209
200
211
220
189
204
201
189
223
188
197
187
191
214
174
192
210
180
170
168
147
120
98
117
64
42
47
0
46
-13
-38
12
-105
-70
4
-111
-104
20
-60
-123
-42
-72
-157
-86
-10
-116
-122
-23
-166
-192
-91
-222
-244
-142
-161
-215
-96
-169
-254
-164
-147
-202
-161
-100
-221
-117
-85
-240
-114
-3
-131
-138
-12
-186
-274
-37
-125
-223
11
-52
-219
-103
-136
-213
-108
-72
-112
-41
-17
-122
-107
-37
-84
-24
7
-67
-49
-16
-68
-127
-2
-48
-67
81
-11
-97
25
11
-92
13
55
-45
40
159
40
34
160
107
23
93
99
3
98
172
67
119
178
102
100
70
79
114
131
180
104
133
215
167
168
206
191
176
209
207
196
194
197
181
169
188
185
159
158
180
141
130
153
112
107
111
84
102
92
75
81
62
42
32
14
-1
-6
-6
-47
-55
-37
-84
-72
-33
-75
-117
-78
-86
-134
-77
-66
-75
-96
-69
-64
-126
-81
-65
-91
-81
-92
-120
-118
-141
-103
-131
-193
-118
-143
-222
-176
-133
-185
-184
-99
-146
-160
-140
-171
-150
-71
-40
-165
-121
-19
-185
-152
-30
-202
-131
-64
-157
-73
-111
-180
-142
-104
-86
-133
-65
-43
-113
-50
-80
-76
37
-28
-104
-7
44
-45
78
70
-33
76
-7
-39
69
37
-2
96
82
30
75
81
66
122
148
65
96
151
107
96
180
223
184
229
204
135
204
230
195
268
291
273
289
255
259
258
248
271
271
275
267
196
150
168
168
152
170
147
102
54
10
4
-14
9
-2
-36
-16
-42
-110
-100
-93
-131
-76
-88
-163
-135
-99
-152
-146
-85
-80
-53
-76
-98
-109
-82
-64
-96
-14
38
30
37
17
-35
-32
8
42
110
135
72
12
-18
-32
-55
-60
23
15
-52
-48
-144
-201
-140
-174
-147
-51
-70
-189
-214
-193
-237
-221
-183
-178
-194
-195
-231
-287
-261
-201
-238
-189
-177
-295
-283
-293
-289
-253
-202
-153
-187
-177
-235
-306
-225
-176
-194
-113
-71
-190
-241
-189
-215
-157
14
30
43
81
-11
-96
-98
10
103
205
368
340
254
263
209
203
326
436
504
558
503
389
339
327
358
417
498
509
404
299
225
155
172
258
299
308
267
162
64
22
25
46
92
125
79
-5
-72
-131
-125
-77
-47
-4
-7
-68
-121
-155
-149
-74
-29
-2
30
-4
-27
12
40
74
119
132
167
169
144
161
172
212
248
223
201
157
113
143
171
184
178
139
85
42
3
-18
-11
-3
-32
-77
-123
-179
-227
-233
-217
-224
-206
-244
-315
-328
-344
-332
-311
-306
-306
-342
-373
-370
-367
-417
-406
-338
-353
-416
-423
-427
-466
-432
-400
-402
-410
-435
-495
-495
-475
-556
-485
-356
-231
-167
-163
-200
-272
-281
-258
-99
66
231
352
363
317
178
125
213
405
620
725
669
541
407
269
291
423
571
588
542
433
202
80
44
115
241
298
269
148
-19
-180
-204
-94
22
123
115
54
-43
-164
-140
-28
85
206
223
201
132
20
37
121
232
327
334
310
224
160
142
230
385
435
436
323
237
222
198
289
408
480
467
384
259
132
121
196
314
409
377
234
76
-29
-27
28
110
163
124
5
-165
-251
-255
-224
-140
-94
-110
-222
-373
-484
-495
-423
-344
-296
-331
-452
-582
-659
-652
-583
-511
-464
-498
-585
-661
-716
-713
-667
-609
-568
-644
-660
-651
-543
-387
-323
-307
-369
-377
-382
-285
-95
130
340
399
316
153
64
93
286
566
737
707
535
299
93
66
157
307
394
345
139
-143
-321
-401
-316
-132
-17
0
-136
-348
-488
-489
-376
-186
23
97
49
-58
-151
-137
-20
134
304
401
370
282
218
219
283
408
493
526
504
371
308
299
342
448
544
533
448
371
288
300
350
423
492
535
502
399
330
293
329
429
541
576
505
396
284
250
283
348
402
402
288
163
68
-29
-43
-20
-3
-7
-92
-249
-390
-466
-490
-449
-389
-390
-446
-563
-665
-698
-665
-598
-528
-511
-548
-615
-674
-700
-692
-651
-600
-503
-326
-168
-159
-267
-388
-410
-336
-198
5
265
458
466
286
60
-86
-65
169
470
672
624
314
-36
-266
-324
-192
31
154
73
-207
-561
-780
-796
-648
-418
-225
-185
-348
-596
-751
-729
-539
-272
-49
24
-43
-188
-270
-206
-41
162
328
374
320
224
150
161
244
353
420
399
280
141
83
97
155
231
311
332
280
203
146
168
264
390
492
581
600
559
526
546
593
663
762
802
803
753
653
591
573
569
553
523
454
349
232
117
40
-10
-65
-99
-148
-236
-337
-413
-428
-405
-371
-364
-397
-438
-466
-450
-398
-340
-295
-276
-287
-350
-415
-470
-397
-233
-11
178
178
35
-185
-308
-275
-94
176
477
668
608
349
2
-195
-136
158
537
746
642
256
-191
-471
-492
-314
-53
100
15
-311
-731
-993
-1002
-807
-520
-289
-268
-447
-731
-943
-905
-670
-349
-81
13
-101
-320
-463
-430
-233
38
227
249
135
-54
-195
-197
-94
44
149
127
-3
-168
-311
-347
-238
-87
50
142
96
-12
-60
-36
74
248
409
533
593
597
537
485
525
605
730
834
837
765
651
532
472
460
417
391
357
267
155
41
-53
-105
-120
-138
-147
-175
-238
-278
-255
-181
-145
-154
-159
-186
-176
-135
-61
24
35
-9
-91
-177
-247
-189
0
264
432
380
180
-25
-133
-129
64
371
677
821
716
418
68
-111
-25
302
672
845
693
308
-107
-370
-382
-188
86
226
116
-218
-598
-851
-862
-647
-349
-138
-140
-363
-646
-793
-762
-554
-255
-47
-29
-157
-372
-513
-478
-315
-100
46
53
-86
-255
-377
-401
-305
-183
-119
-150
-279
-446
-530
-502
-401
-234
-117
-116
-120
-145
-155
-109
-18
102
236
330
376
391
368
370
373
422
491
509
495
431
366
301
236
179
137
73
-3
-30
-56
-73
-136
-204
-217
-223
-216
-215
-208
-170
-128
-82
-41
-27
-59
-80
-74
-16
56
76
70
23
-113
-189
-99
97
348
465
420
279
95
-4
65
294
614
922
1063
939
629
324
217
362
683
978
1064
875
490
88
-120
-71
138
356
410
227
-126
-462
-616
-553
-332
-93
30
-37
-278
-513
-614
-508
-252
-4
127
86
-91
-307
-436
-376
-201
-18
70
8
-154
-327
-438
-435
-352
-253
-229
-291
-417
-540
-573
-516
-381
-261
-180
-191
-274
-329
-278
-127
56
213
264
245
171
98
111
198
312
396
419
322
145
-35
-119
-85
-14
20
-44
-173
-342
-471
-504
-448
-357
-271
-247
-311
-394
-457
-479
-395
-251
-121
-50
-87
-192
-258
-265
-198
-109
-60
-75
-201
-274
-235
-76
126
289
318
181
-10
-97
47
343
701
990
1041
849
528
282
287
547
897
1163
1181
905
449
34
-83
95
396
609
591
314
-89
-415
-499
-310
29
312
404
256
-34
-288
-344
-142
189
472
593
506
250
-15
-124
-70
102
276
345
243
9
-236
-388
-390
-294
-182
-143
-221
-394
-564
-592
-468
-311
-181
-124
-129
-195
-257
-205
-55
137
295
338
296
219
124
90
153
262
319
266
142
-20
-185
-277
-274
-215
-190
-262
-431
-600
-688
-696
-627
-531
-451
-435
-478
-519
-532
-507
-452
-338
-216
-170
-220
-292
-348
-363
-323
-249
-226
-329
-423
-418
-303
-171
-88
-33
-84
-224
-287
-198
9
288
545
690
645
419
201
165
352
635
866
949
805
495
154
-30
13
196
388
463
347
59
-252
-397
-331
-93
174
322
320
179
1
-72
12
202
423
598
666
598
421
252
208
276
393
501
492
367
175
-5
-94
-85
-30
-13
-44
-102
-188
-233
-213
-178
-110
-17
56
102
124
148
195
271
361
435
467
434
387
354
344
348
332
285
189
70
-25
-107
-178
-238
-299
-351
-398
-458
-516
-554
-576
-567
-513
-448
-422
-415
-405
-398
-372
-320
-274
-260
-273
-318
-349
-363
-414
-462
-524
-557
-508
-409
-307
-249
-233
-303
-462
-549
-475
-274
-20
217
376
348
122
-107
-154
-1
268
532
671
591
272
-90
-279
-233
-31
164
246
175
-68
-364
-521
-496
-317
-72
123
203
138
-31
-162
-140
43
312
538
651
603
428
274
246
325
431
506
520
458
291
107
-13
-58
-40
1
57
80
7
-111
-177
-164
-74
53
183
275
295
279
296
360
429
492
549
589
589
560
522
460
388
339
311
264
183
67
-44
-116
-180
-213
-229
-270
-321
-358
-368
-340
-290
-237
-191
-158
-134
-105
-80
-57
-13
22
36
12
-36
-117
-221
-287
-331
-321
-269
-187
-116
-133
-229
-367
-493
-512
-397
-182
52
208
231
89
-121
-260
-212
4
244
417
423
217
-115
-391
-464
-346
-170
-46
-38
-196
-458
-686
-744
-630
-431
-228
-113
-140
-280
-418
-424
-260
-3
235
359
350
246
128
81
154
282
367
394
358
252
113
16
-28
-39
-47
-60
-74
-100
-137
-162
-120
-43
1
26
64
136
211
287
388
473
515
534
530
513
499
489
512
529
502
413
283
148
43
-14
-39
-52
-83
-153
-247
-337
-383
-370
-326
-260
-180
-97
-61
-84
-88
-42
33
113
188
244
246
196
133
71
13
-36
-53
-5
77
151
186
172
56
-137
-245
-192
-32
180
387
513
459
231
-18
-128
-42
179
426
566
504
216
-168
-432
-480
-358
-168
-28
-51
-279
-615
-849
-863
-693
-444
-245
-180
-259
-430
-579
-590
-422
-178
56
218
227
95
-74
-160
-123
10
150
210
151
11
-141
-243
-279
-260
-225
-224
-266
-327
-366
-344
-284
-203
-114
-42
-4
20
59
150
294
434
515
521
460
381
329
355
432
483
455
356
211
31
-123
-188
-177
-142
-134
-188
-301
-418
-491
-500
-432
-317
-188
-101
-72
-81
-88
-50
32
158
284
351
356
306
254
196
136
115
108
155
247
327
350
320
250
103
-31
-36
104
310
517
690
711
545
310
170
198
359
591
759
753
540
220
-55
-182
-146
-22
102
119
-27
-289
-565
-684
-623
-447
-246
-134
-157
-303
-465
-531
-447
-249
-29
143
207
136
5
-79
-79
-10
98
190
210
131
-12
-168
-283
-326
-297
-249
-243
-295
-366
-410
-396
-329
-233
-149
-110
-98
-74
-26
80
219
325
372
349
279
219
215
262
309
315
264
157
-9
-189
-306
-342
-332
-307
-302
-386
-535
-667
-723
-685
-578
-435
-321
-286
-306
-334
-334
-291
-173
-16
114
177
169
96
-7
-68
-57
-9
21
67
119
138
135
156
202
169
85
79
169
298
441
607
702
653
519
422
419
496
637
764
800
708
492
248
85
48
99
178
223
175
-11
-249
-388
-418
-340
-212
-106
-57
-111
-205
-276
-266
-165
-13
137
245
272
205
110
43
37
95
172
219
181
73
-63
-174
-250
-275
-248
-222
-226
-267
-315
-338
-327
-287
-214
-117
-40
12
37
72
155
244
320
360
351
323
293
276
287
302
277
206
94
-40
-159
-246
-290
-295
-294
-347
-451
-556
-630
-643
-589
-493
-412
-364
-348
-367
-392
-385
-306
-182
-67
-16
-29
-79
-174
-234
-243
-203
-159
-169
-161
-153
-155
-160
-137
-74
-56
-89
-90
-19
79
195
345
463
506
488
432
393
414
496
581
618
590
475
286
141
86
77
95
110
96
4
-151
-275
-330
-297
-197
-82
-15
-12
-53
-98
-78
9
131
254
343
381
356
289
233
217
241
293
322
296
198
39
-81
-135
-150
-146
-139
-138
-172
-217
-238
-224
-176
-108
-20
72
149
190
206
238
301
372
444
500
512
459
383
342
318
301
275
226
145
34
-89
-197
-256
-288
-322
-371
-426
-478
-515
-506
-462
-414
-367
-334
-310
-294
-273
-233
-161
-81
-38
-26
-57
-105
-153
-187
-197
-202
-199
-218
-250
-307
-357
-351
-325
-270
-206
-169
-196
-225
-173
-65
87
252
394
462
426
339
256
248
307
402
491
512
419
229
46
-78
-109
-71
-31
-28
-112
-255
-397
-462
-434
-351
-246
-158
-98
-108
-154
-166
-110
12
150
267
319
290
220
170
160
180
224
236
193
93
-7
-81
-136
-142
-135
-127
-145
-178
-188
-160
-101
-37
30
79
115
149
188
272
376
474
538
561
547
502
459
448
474
498
483
414
303
171
49
-17
-40
-58
-101
-185
-268
-324
-342
-327
-300
-264
-219
-193
-193
-184
-162
-124
-71
-12
40
49
25
-14
-61
-86
-93
-106
-144
-220
-295
-371
-436
-433
-384
-359
-375
-351
-296
-297
-298
-220
-101
-5
93
211
302
333
318
294
281
310
384
452
480
447
338
184
69
5
-55
-103
-121
-155
-263
-376
-454
-476
-448
-376
-284
-231
-216
-229
-235
-188
-102
-16
57
112
133
125
99
71
56
60
85
94
69
13
-63
-133
-183
-199
-211
-223
-229
-227
-228
-217
-178
-128
-65
4
70
148
219
287
353
410
474
526
550
558
559
553
546
534
500
432
343
259
195
150
106
65
30
-30
-96
-136
-143
-129
-115
-106
-100
-98
-90
-53
-18
13
69
103
109
99
83
74
53
26
-4
-47
-106
-173
-241
-315
-386
-435
-452
-448
-430
-392
-361
-333
-302
-273
-257
-222
-134
-16
111
225
317
362
355
325
331
373
420
465
485
441
304
136
12
-62
-103
-132
-140
-159
-233
-339
-433
-474
-460
-408
-331
-265
-235
-260
-296
-288
-231
-154
-91
-24
19
29
12
1
-5
-16
-13
-5
-6
-51
-114
-163
-206
-233
-257
-270
-273
-280
-275
-245
-201
-172
-126
-43
30
80
116
177
263
337
403
472
521
520
500
502
510
510
519
531
511
443
343
257
211
190
180
171
157
126
81
28
-6
-2
20
51
88
112
106
83
70
77
110
146
172
175
148
96
49
6
-42
-69
-85
-119
-176
-241
-294
-361
-423
-430
-384
-346
-348
-304
-229
-189
-189
-186
-120
-39
56
170
279
346
339
295
244
235
245
275
340
383
339
201
54
-65
-154
-208
-209
-192
-233
-318
-420
-494
-530
-529
-486
-429
-374
-370
-393
-396
-358
-289
-216
-126
-68
-51
-51
-50
-43
-45
-39
-32
-30
-43
-78
-128
-182
-226
-270
-288
-297
-309
-318
-323
-308
-280
-237
-198
-164
-122
-77
-14
61
165
270
356
417
444
452
460
489
528
564
596
605
579
510
433
366
320
302
293
273
227
139
29
-53
-75
-45
0
29
44
26
-3
-9
23
85
143
192
227
246
248
238
238
240
234
222
207
169
106
32
-39
-99
-147
-181
-236
-273
-278
-289
-324
-359
-338
-298
-256
-188
-90
8
61
86
120
188
264
335
401
439
439
387
322
275
235
195
154
109
17
-120
-269
-377
-432
-483
-512
-524
-547
-598
-644
-641
-605
-549
-494
-420
-335
-261
-201
-157
-115
-75
-15
54
91
89
64
36
7
-14
-35
-73
-147
-242
-318
-376
-406
-429
-444
-444
-433
-418
-404
-373
-316
-232
-136
-22
93
185
270
353
445
535
619
688
724
729
710
678
633
593
562
520
452
356
249
141
54
-14
-56
-70
-92
-129
-170
-199
-199
-165
-97
-13
68
127
170
215
258
298
351
412
461
486
468
432
380
322
265
207
147
78
-4
-89
-168
-244
-313
-364
-400
-418
-438
-434
-383
-335
-304
-267
-204
-117
-34
49
140
229
308
351
371
378
375
378
397
403
362
281
189
101
3
-86
-157
-212
-263
-332
-415
-479
-517
-549
-557
-526
-480
-437
-410
-385
-353
-307
-242
-184
-130
-76
-44
-39
-42
-34
-29
-35
-50
-82
-124
-175
-225
-264
-289
-300
-311
-329
-339
-352
-353
-343
-304
-237
-171
-110
-50
10
71
142
216
286
345
390
425
446
457
482
514
528
510
466
410
346
296
271
246
200
126
49
-16
-58
-83
-80
-55
-34
-22
-30
-40
-45
-31
3
66
143
203
225
223
219
221
228
240
261
271
255
212
163
117
84
60
26
-10
-40
-76
-120
-151
-184
-217
-233
-226
-207
-191
-184
-189
-181
-157
-130
-115
-106
-81
-50
-7
51
97
135
170
186
165
140
149
184
227
262
256
195
113
39
-22
-51
-44
-30
-55
-125
-216
-306
-378
-405
-390
-359
-337
-338
-372
-413
-426
-402
-342
-261
-180
-125
-105
-107
-107
-79
-20
49
97
117
104
68
34
17
9
1
-1
-4
-27
-77
-118
-141
-147
-138
-116
-95
-88
-88
-87
-68
-24
37
97
150
176
192
211
241
276
308
342
359
358
345
318
276
237
213
196
175
139
91
27
-33
-80
-106
-112
-105
-98
-99
-92
-86
-73
-56
-33
3
38
72
96
131
167
191
211
232
242
241
240
235
219
196
173
142
101
58
38
32
19
4
-32
-96
-154
-174
-170
-161
-149
-141
-160
-192
-223
-232
-209
-164
-104
-46
-13
-33
-66
-68
-38
8
69
137
151
102
35
-5
1
34
73
89
69
15
-51
-118
-154
-153
-136
-120
-113
-137
-195
-242
-261
-251
-210
-155
-112
-105
-112
-112
-102
-72
-21
35
72
91
83
53
27
24
33
40
46
28
-18
-75
-116
-143
-160
-159
-153
-160
-182
-204
-220
-214
-185
-157
-123
-83
-49
-28
-7
34
84
135
173
188
195
211
230
240
255
267
264
241
208
175
147
128
125
131
121
86
42
13
4
10
29
55
82
96
101
106
121
149
176
200
226
245
247
238
223
211
211
217
212
186
153
120
86
61
52
40
22
4
-17
-41
-66
-85
-97
-102
-101
-101
-109
-124
-144
-155
-155
-139
-121
-119
-128
-143
-166
-179
-173
-149
-122
-111
-115
-135
-148
-144
-140
-130
-99
-43
1
0
-28
-65
-88
-79
-32
26
56
53
22
-22
-69
-99
-96
-62
-23
-5
-20
-64
-115
-167
-180
-152
-107
-81
-95
-126
-163
-199
-221
-207
-167
-126
-108
-117
-144
-173
-189
-180
-142
-101
-80
-82
-105
-132
-156
-157
-131
-98
-70
-52
-44
-45
-50
-46
-24
12
57
104
139
160
178
200
218
236
257
283
307
317
329
328
318
310
303
296
294
299
292
279
264
245
219
202
197
195
189
179
160
131
106
87
78
83
96
101
91
87
81
68
68
83
102
109
115
120
111
90
84
93
98
97
88
75
57
31
7
-6
-13
-17
-29
-45
-62
-89
-121
-146
-160
-171
-165
-149
-134
-137
-153
-168
-185
-191
-181
-156
-129
-119
-121
-137
-157
-182
-207
-214
-203
-187
-191
-203
-225
-252
-271
-268
-248
-235
-234
-238
-251
-282
-298
-280
-246
-199
-161
-142
-160
-183
-198
-193
-151
-88
-39
-32
-46
-74
-110
-126
-103
-62
-34
-15
-10
-29
-52
-54
-41
-26
10
42
49
45
44
47
49
77
106
127
154
178
183
170
170
174
181
198
218
226
216
214
199
179
164
162
168
173
188
190
192
180
161
147
144
162
176
196
209
219
210
197
194
195
210
226
249
257
253
243
223
219
224
234
237
239
229
203
181
173
171
158
150
141
129
110
95
77
52
43
43
44
29
8
-5
-20
-34
-52
-68
-90
-111
-130
-155
-169
-184
-199
-221
-239
-255
-289
-315
-328
-326
-326
-326
-326
-335
-341
-352
-356
-358
-339
-320
-308
-301
-297
-295
-308
-307
-301
-287
-274
-252
-237
-247
-257
-265
-260
-254
-237
-218
-198
-176
-159
-153
-158
-146
-125
-89
-40
10
49
62
74
83
91
101
121
149
170
182
184
180
165
147
135
122
119
118
114
104
89
67
40
26
28
39
54
65
65
49
42
47
66
96
133
164
179
186
185
184
197
224
253
271
281
283
272
262
263
276
293
302
292
273
259
252
256
261
270
273
268
257
250
240
231
232
232
236
239
239
228
205
178
160
151
141
133
118
97
74
43
10
-20
-44
-64
-84
-104
-125
-155
-180
-200
-212
-220
-228
-236
-243
-249
-257
-262
-269
-275
-269
-264
-257
-253
-255
-257
-264
-260
-253
-252
-248
-240
-237
-230
-227
-227
-226
-222
-220
-211
-194
-180
-183
-200
-214
-214
-203
-198
-190
-190
-194
-188
-182
-172
-173
-172
-166
-159
-148
-142
-129
-117
-103
-92
-82
-70
-66
-50
-39
-22
-12
-8
0
4
20
19
25
28
27
20
6
13
25
44
58
72
85
90
96
104
135
170
206
232
244
256
264
278
290
302
305
310
311
309
304
295
281
260
247
232
222
212
192
174
154
142
120
110
104
101
107
113
125
123
120
110
113
124
133
141
134
131
116
103
95
93
88
77
69
59
48
30
12
-4
-17
-28
-38
-41
-50
-61
-78
-92
-99
-103
-102
-99
-96
-94
-89
-95
-105
-108
-104
-94
-89
-82
-77
-74
-84
-98
-105
-109
-108
-112
-111
-111
-125
-148
-167
-176
-190
-200
-203
-206
-213
-231
-241
-242
-238
-235
-231
-231
-233
-224
-212
-199
-190
-183
-172
-160
-145
-128
-111
-102
-96
-84
-70
-53
-36
-19
-3
1
4
8
17
27
38
44
47
61
73
79
84
88
94
98
101
106
118
132
144
149
147
143
140
137
147
169
188
197
189
175
164
154
150
151
160
160
149
131
109
92
76
71
74
79
77
70
58
41
30
20
26
44
62
80
82
77
65
58
60
72
91
106
116
110
95
77
66
67
73
80
80
77
64
50
39
29
23
25
29
34
39
35
22
5
-7
-5
3
18
32
34
26
11
2
4
13
19
20
16
4
-14
-35
-50
-64
-75
-83
-92
-105
-118
-135
-154
-173
-186
-184
-179
-176
-185
-199
-210
-214
-207
-195
-181
-169
-164
-166
-174
-186
-189
-177
-159
-139
-127
-124
-135
-154
-163
-154
-130
-105
-85
-79
-84
-96
-104
-93
-76
-61
-42
-17
1
4
5
13
30
54
79
101
118
124
126
128
132
143
150
156
156
148
137
124
115
107
100
94
85
73
57
39
25
17
15
10
0
-5
-9
-6
-7
-7
-8
-14
-20
-18
-8
-1
-2
-2
1
5
-1
-8
-4
7
20
23
21
24
21
15
14
21
36
46
60
75
81
76
74
79
84
88
97
112
121
120
116
108
99
89
82
87
98
96
86
69
54
46
34
30
31
32
27
21
16
6
-11
-28
-35
-38
-33
-29
-38
-58
-73
-82
-94
-102
-98
-93
-97
-106
-115
-126
-135
-133
-128
-120
-114
-111
-110
-106
-96
-87
-80
-67
-49
-36
-24
-11
-2
6
15
27
41
52
56
58
59
60
63
62
65
64
57
48
40
38
44
47
47
47
44
37
26
21
25
31
39
47
48
46
42
30
18
13
20
28
28
24
13
-3
-16
-30
-36
-33
-30
-32
-41
-49
-60
-73
-79
-72
-60
-52
-42
-34
-33
-40
-43
-33
-19
0
24
42
49
42
30
25
22
26
36
50
55
49
35
17
0
-13
-22
-23
-19
-21
-28
-39
-46
-53
-52
-46
-40
-33
-26
-18
-11
-4
4
11
18
26
25
24
31
35
31
25
20
10
-2
-9
-16
-21
-24
-28
-41
-51
-60
-66
-65
-65
-61
-50
-38
-31
-30
-23
-10
4
12
19
28
39
48
55
59
57
48
44
42
40
34
26
20
15
6
-1
-7
-14
-22
-30
-32
-31
-30
-28
-23
-19
-14
-7
-1
7
18
31
47
62
73
77
82
89
92
95
98
99
98
96
88
81
74
70
70
71
71
67
58
46
38
33
28
26
25
30
30
24
16
9
6
3
4
7
5
-3
-16
-22
-23
-28
-37
-48
-63
-76
-89
-105
-114
-116
-115
-115
-119
-129
-139
-143
-142
-136
-123
-112
-107
-106
-107
-109
-108
-101
-88
-71
-62
-59
-63
-66
-69
-67
-59
-50
-40
-35
-34
-35
-34
-39
-45
-44
-32
-15
-5
-6
-15
-21
-20
-14
-4
4
12
15
12
6
-2
-6
-8
-7
0
7
12
4
-10
-22
-28
-21
-14
-9
-6
1
3
-1
-3
-3
3
15
29
42
53
59
64
71
76
81
89
97
104
112
123
134
138
140
141
149
156
163
166
171
173
176
181
181
185
185
180
174
170
164
156
149
142
137
132
125
115
101
85
68
55
51
49
39
25
8
-7
-15
-17
-16
-22
-30
-38
-47
-56
-63
-64
-59
-53
-51
-58
-72
-82
-88
-88
-87
-88
-91
-96
-102
-107
-116
-122
-126
-125
-121
-120
-122
-126
-129
-133
-133
-131
-125
-116
-109
-104
-102
-106
-107
-105
-96
-86
-79
-80
-89
-99
-108
-111
-111
-105
-101
-102
-111
-122
-131
-139
-144
-146
-141
-132
-127
-127
-127
-130
-134
-134
-129
-114
-97
-81
-68
-64
-61
-58
-52
-40
-22
-4
11
24
32
33
33
37
47
63
80
94
104
110
111
115
125
138
152
166
175
179
178
177
178
184
197
207
213
213
210
207
202
202
202
201
200
197
195
186
177
169
162
157
155
152
150
146
139
131
121
114
108
106
104
99
88
76
67
60
55
53
50
44
36
28
20
11
5
1
1
1
-1
-7
-15
-22
-31
-39
-43
-43
-43
-44
-45
-48
-57
-64
-74
-84
-91
-93
-96
-102
-111
-120
-130
-138
-143
-148
-149
-149
-154
-159
-163
-165
-167
-173
-182
-186
-188
-188
-190
-190
-187
-184
-186
-188
-187
-182
-178
-176
-175
-177
-177
-181
-180
-178
-174
-169
-163
-157
-154
-154
-151
-142
-127
-110
-94
-78
-66
-56
-50
-41
-26
-7
9
22
33
39
44
50
60
70
77
87
98
106
113
113
115
122
129
133
138
144
152
155
156
160
165
171
175
179
182
180
177
173
174
175
181
185
185
182
171
161
152
148
147
147
146
141
134
127
120
116
112
111
107
104
99
95
91
90
89
87
86
87
87
85
79
71
60
52
48
45
45
44
39
29
15
-1
-14
-21
-23
-22
-24
-31
-43
-54
-68
-80
-88
-87
-86
-88
-93
-104
-115
-126
-135
-140
-142
-140
-144
-147
-150
-159
-167
-174
-177
-173
-170
-170
-173
-176
-181
-185
-182
-177
-171
-165
-162
-158
-158
-155
-150
-143
-133
-123
-115
-108
-105
-99
-91
-81
-73
-68
-60
-56
-48
-39
-30
-21
-13
-4
4
10
17
22
27
37
44
51
56
59
60
62
64
69
74
77
78
78
79
79
80
83
85
88
87
84
83
83
85
88
94
94
94
95
96
99
103
104
105
106
106
107
107
110
114
116
117
117
115
116
114
116
119
124
128
126
120
116
113
113
111
112
112
111
107
97
89
83
76
70
61
54
46
36
24
11
-1
-9
-17
-24
-29
-34
-42
-50
-61
-70
-71
-69
-67
-66
-65
-66
-75
-84
-88
-86
-82
-81
-84
-91
-97
-104
-110
-114
-118
-120
-124
-126
-129
-131
-135
-139
-142
-140
-134
-130
-127
-126
-122
-116
-110
-107
-100
-92
-88
-83
-78
-74
-69
-67
-61
-54
-48
-46
-47
-47
-47
-43
-38
-32
-28
-25
-27
-30
-30
-25
-20
-12
-6
1
7
9
10
12
13
20
26
32
39
40
40
45
47
51
56
60
65
70
74
78
77
74
77
83
88
91
94
94
95
97
100
105
111
114
115
113
111
112
112
113
112
108
103
96
87
80
74
69
65
59
55
50
44
39
33
29
29
26
22
20
18
15
14
12
12
11
9
8
7
5
4
4
5
2
0
-5
-9
-13
-18
-23
-30
-32
-37
-41
-45
-48
-52
-56
-58
-61
-63
-67
-67
-68
-69
-71
-72
-72
-72
-73
-73
-73
-74
-75
-75
-74
-74
-75
-75
-72
-71
-70
-70
-71
-73
-74
-71
-71
-71
-70
-71
-70
-69
-69
-65
-63
-60
-57
-55
-51
-50
-44
-39
-37
-32
-28
-24
-19
-12
-6
-2
2
8
12
20
26
34
41
45
48
52
54
56
61
63
63
64
65
65
66
66
65
64
64
63
63
64
62
62
63
60
60
64
64
61
59
60
58
56
57
58
54
55
54
52
52
49
49
45
41
39
36
33
32
31
28
22
18
15
13
12
11
9
8
7
6
7
6
6
6
2
0
-2
-2
-4
-9
-8
-8
-13
-15
-16
-19
-22
-22
-23
-27
-33
-36
-37
-39
-41
-46
-48
-49
-50
-54
-55
-56
-57
-56
-57
-56
-56
-57
-59
-65
-67
-69
-71
-72
-77
-77
-74
-74
-73
-74
-71
-68
-67
-64
-59
-54
-49
-43
-38
-35
-34
-29
-25
-21
-17
-11
-7
-3
-2
1
2
5
7
8
10
12
13
11
10
9
9
12
16
19
21
27
33
37
41
46
54
61
66
72
78
82
85
89
90
90
90
91
93
93
92
93
93
91
87
84
84
81
76
73
70
68
66
65
62
59
56
54
55
53
52
53
54
53
51
46
46
45
40
36
31
27
23
14
9
2
-2
-6
-12
-17
-19
-22
-25
-29
-33
-37
-40
-40
-40
-40
-42
-44
-49
-54
-56
-57
-59
-62
-66
-68
-71
-72
-73
-74
-77
-77
-77
-78
-80
-83
-82
-82
-82
-82
-82
-82
-82
-81
-79
-78
-75
-72
-71
-68
-64
-61
-60
-59
-56
-56
-56
-55
-55
-53
-53
-53
-54
-54
-52
-47
-44
-41
-38
-34
-27
-22
-16
-10
-6
-1
2
8
14
18
19
22
25
30
31
32
34
37
38
42
45
47
46
46
47
48
48
49
54
56
61
65
66
68
70
72
75
77
81
83
84
87
89
89
88
87
85
84
82
82
79
77
76
72
67
61
57
53
49
47
46
44
38
34
32
30
25
19
13
10
7
4
-2
-7
-12
-17
-22
-26
-32
-36
-39
-41
-44
-47
-53
-58
-60
-63
-65
-68
-67
-68
-68
-67
-69
-72
-73
-72
-73
-73
-71
-71
-73
-72
-72
-72
-72
-69
-67
-65
-65
-63
-63
-62
-60
-60
-59
-57
-52
-48
-47
-44
-40
-37
-33
-32
-29
-24
-21
-16
-12
-11
-9
-6
-3
-3
0
2
5
7
10
12
10
13
17
21
25
27
30
35
36
38
41
43
46
49
50
55
59
66
70
71
73
75
74
76
78
81
83
85
86
86
85
86
87
89
89
87
85
85
85
87
86
84
83
81
80
79
77
76
74
73
67
63
61
56
53
50
45
40
33
27
22
18
12
6
1
-4
-6
-12
-18
-20
-25
-31
-39
-45
-48
-51
-55
-58
-63
-65
-70
-72
-73
-73
-75
-80
-83
-84
-84
-84
-81
-83
-84
-85
-85
-83
-80
-77
-78
-78
-78
-76
-76
-74
-71
-67
-66
-66
-67
-65
-64
-62
-59
-58
-56
-58
-58
-55
-51
-49
-46
-45
-44
-42
-39
-36
-33
-31
-28
-26
-21
-16
-12
-7
-6
-6
-3
0
2
5
8
11
14
15
13
15
20
23
27
27
28
30
31
33
37
39
41
42
47
51
57
58
59
63
65
67
68
70
74
76
76
75
74
74
76
76
78
76
72
69
66
65
65
62
60
56
55
52
50
52
51
49
44
39
36
33
30
28
25
25
22
18
14
10
6
1
-5
-7
-8
-11
-15
-18
-20
-24
-24
-27
-29
-29
-31
-34
-36
-38
-41
-45
-48
-50
-48
-47
-50
-54
-55
-57
-57
-61
-63
-64
-66
-66
-66
-65
-65
-66
-70
-70
-70
-70
-70
-71
-71
-72
-72
-70
-69
-68
-69
-69
-67
-64
-61
-61
-60
-60
-57
-53
-51
-47
-45
-41
-39
-39
-37
-33
-28
-23
-19
-14
-10
-7
-3
0
5
8
12
17
21
26
30
34
38
42
44
46
49
52
55
58
60
62
64
66
68
70
71
74
77
77
79
80
82
82
81
81
81
81
79
78
79
77
77
76
75
74
74
74
73
72
73
72
72
71
71
69
69
67
66
64
62
60
56
53
51
47
46
43
42
40
36
33
29
26
21
18
14
8
4
0
-4
-8
-13
-19
-24
-28
-32
-35
-37
-40
-42
-43
-46
-47
-51
-55
-59
-63
-67
-72
-77
-78
-83
-86
-90
-92
-96
-99
-101
-103
-103
-102
-100
-101
-99
-98
-97
-94
-93
-91
-88
-85
-82
-78
-75
-71
-68
-64
-60
-56
-53
-47
-45
-43
-40
-38
-34
-32
-29
-27
-25
-23
-19
-18
-14
-11
-10
-9
-5
0
3
6
10
15
18
19
21
22
26
28
31
34
36
39
42
43
45
45
48
51
53
56
59
59
60
63
65
65
68
70
72
73
75
76
76
78
81
82
83
82
85
85
84
82
82
81
81
79
77
75
72
70
67
64
61
59
54
51
48
44
40
36
35
31
27
23
18
15
12
8
2
-3
-5
-10
-16
-20
-23
-28
-33
-37
-41
-46
-50
-54
-57
-61
-64
-65
-67
-70
-70
-70
-70
-72
-73
-74
-74
-73
-74
-72
-71
-71
-71
-70
-70
-70
-68
-67
-67
-67
-65
-66
-65
-65
-62
-61
-59
-59
-59
-57
-55
-55
-53
-51
-49
-48
-46
-43
-40
-39
-37
-34
-32
-31
-28
-27
-24
-23
-20
-18
-18
-15
-13
-11
-9
-6
-4
-2
0
2
4
9
11
15
20
24
26
29
34
37
40
44
47
51
53
56
58
61
62
63
66
68
68
69
70
68
70
68
66
67
66
66
66
64
63
62
60
59
57
56
55
54
52
48
46
43
41
39
36
34
31
29
25
22
20
16
13
12
9
9
7
3
1
-3
-4
-5
-7
-9
-10
-9
-10
-12
-12
-12
-11
-11
-12
-12
-13
-13
-14
-15
-14
-16
-15
-15
-16
-17
-19
-21
-22
-24
-27
-27
-27
-27
-29
-30
-31
-30
-33
-34
-35
-37
-36
-37
-38
-38
-38
-38
-39
-38
-37
-37
-37
-35
-36
-35
-34
-32
-32
-30
-28
-29
-26
-25
-24
-22
-20
-17
-16
-13
-11
-9
-5
-2
-2
2
2
4
6
8
11
13
14
16
17
18
20
23
24
25
25
28
28
28
30
31
32
33
32
33
33
33
33
32
32
31
31
30
30
29
29
27
25
25
25
23
24
24
24
22
19
20
20
18
18
15
14
13
11
11
8
9
8
6
5
3
2
3
1
1
0
0
-2
-2
-3
-4
-5
-4
-6
-9
-11
-13
-14
-16
-15
-17
-18
-18
-19
-19
-19
-20
-20
-20
-20
-20
-21
-21
-21
-23
-24
-26
-27
-29
-28
-26
-28
-27
-26
-26
-25
-25
-24
-21
-21
-20
-22
-21
-21
-18
-18
-17
-17
-16
-13
-14
-14
-14
-12
-9
-8
-7
-5
-4
-3
-1
-1
0
2
3
3
4
5
6
7
8
8
9
10
10
12
13
13
13
12
12
12
13
13
13
11
11
12
13
15
15
14
12
11
9
8
8
8
8
10
8
8
5
4
5
6
4
4
2
2
1
1
1
1
2
2
2
1
0
-3
-5
-3
-2
1
3
3
2
1
-2
-1
-2
-2
-1
-3
-2
-1
-1
0
-1
-1
-2
-2
-4
-3
-3
-2
-3
-2
-1
1
2
1
1
-1
-1
-2
-4
-5
-5
-6
-5
-3
-2
-3
-3
-5
-7
-8
-8
-8
-8
-5
-4
-6
-6
-5
-4
-5
-6
-6
-5
-4
-5
-5
-5
-2
2
3
3
2
2
3
0
1
2
3
2
1
2
6
6
6
6
6
7
8
10
7
9
11
12
12
14
15
15
13
13
14
13
14
14
15
16
15
16
16
16
14
12
12
14
14
