-2
-4
-4
-6
-5
-5
-5
-4
-3
-2
-1
0
1
0
1
0
1
1
1
1
0
-1
-2
-3
-2
-3
-2
-1
-1
-1
0
1
1
1
3
3
4
2
3
3
1
2
3
4
4
4
5
4
4
6
7
6
5
5
3
2
2
1
-1
-2
-1
0
-1
-1
1
3
3
2
3
4
2
3
4
4
5
6
5
5
6
5
4
2
-1
-1
-3
-4
-3
-2
-1
0
1
0
1
1
2
4
8
8
12
14
21
26
36
77
111
106
87
95
101
61
20
-6
-12
3
6
-15
-24
-18
-22
-20
-25
-39
-48
-47
-40
-34
-19
-3
20
44
61
80
89
82
70
66
49
36
26
8
-4
-6
-9
-16
-16
-23
-22
-18
-12
-5
-4
3
10
17
6
1
3
-7
-26
-52
-60
-65
-87
-118
-136
-129
-120
-121
-138
-144
-138
-135
-137
-156
-161
-164
-159
-159
-169
-157
-160
-147
-100
-11
74
117
163
212
228
173
142
131
95
56
51
80
63
35
14
-13
-52
-85
-104
-142
-172
-180
-151
-115
-81
-24
40
107
160
202
230
241
228
203
190
157
112
66
26
-19
-71
-111
-149
-187
-227
-238
-247
-250
-229
-201
-151
-102
-33
40
93
133
172
205
201
189
169
148
120
94
79
56
35
26
18
-10
-32
-43
-65
-86
-88
-69
-44
-13
44
95
157
316
439
424
337
307
298
172
33
-51
-59
-1
22
-22
-60
-60
-93
-118
-153
-187
-200
-203
-166
-105
-30
35
122
188
223
247
237
188
115
74
15
-30
-36
-48
-52
-75
-94
-99
-115
-169
-203
-208
-215
-204
-194
-157
-116
-76
-36
-1
14
11
-11
-83
-127
-145
-185
-267
-328
-327
-339
-362
-367
-268
-129
-22
60
154
292
361
317
216
223
304
294
218
182
243
255
185
84
-16
-127
-260
-342
-401
-443
-460
-410
-324
-244
-127
-10
81
129
197
273
305
317
328
357
356
350
327
269
181
63
-55
-177
-288
-401
-481
-499
-488
-456
-397
-275
-160
-70
23
115
196
246
274
281
304
328
335
330
329
329
298
243
167
88
0
-100
-179
-228
-228
-193
-122
40
244
393
429
431
464
423
313
211
180
224
270
274
241
216
171
107
10
-107
-202
-281
-314
-317
-263
-181
-82
30
119
175
192
202
181
146
105
84
102
103
109
102
68
10
-43
-114
-230
-322
-366
-386
-409
-395
-322
-253
-211
-145
-68
-66
-99
-120
-124
-160
-225
-247
-237
-218
-207
-193
-225
-261
-250
-263
-352
-510
-539
-411
-248
-98
26
184
295
354
309
155
44
47
139
175
175
166
147
123
68
-12
-158
-287
-378
-438
-465
-451
-375
-290
-164
-40
56
136
190
240
242
239
267
324
353
342
337
330
304
221
108
-18
-144
-261
-356
-404
-432
-418
-378
-315
-227
-118
-16
52
118
178
230
255
275
313
354
403
436
456
456
431
361
257
164
89
11
-63
-85
-10
171
297
335
324
318
317
212
118
85
133
265
370
430
453
422
332
223
110
37
-59
-172
-157
-98
-37
9
29
44
29
-13
-63
-118
-175
-177
-132
-62
42
102
155
159
70
-45
-178
-310
-433
-542
-579
-538
-489
-404
-358
-407
-490
-603
-682
-708
-698
-672
-620
-539
-476
-381
-235
58
383
531
596
615
588
429
171
42
135
313
413
412
312
171
-27
-272
-493
-698
-838
-895
-840
-664
-445
-257
-123
20
142
185
141
105
144
222
336
474
622
758
805
731
553
311
45
-236
-518
-709
-759
-709
-594
-462
-328
-212
-168
-165
-140
-115
-108
-61
65
246
415
536
638
695
715
680
557
400
253
130
38
-3
15
52
69
64
78
79
95
179
270
382
446
484
520
487
441
389
379
419
437
387
268
126
19
-33
-80
-86
-84
-80
-44
-33
-26
-52
-79
-60
-14
40
107
185
230
252
234
210
184
92
-42
-180
-289
-353
-396
-436
-407
-389
-410
-408
-414
-404
-436
-550
-613
-613
-557
-428
-348
-271
-224
-290
-388
-569
-672
-622
-497
-216
172
563
711
604
454
333
172
-41
-85
6
136
229
237
216
132
6
-214
-433
-587
-669
-709
-721
-605
-472
-333
-219
-121
-36
-19
14
49
124
231
346
441
519
575
512
395
258
129
-2
-135
-227
-270
-260
-263
-307
-393
-443
-460
-479
-434
-321
-148
14
182
373
513
580
594
592
559
523
488
485
496
499
500
469
443
411
423
392
294
205
126
77
-7
-20
70
206
365
468
486
425
310
172
102
124
218
292
308
353
342
233
61
-128
-293
-422
-473
-425
-301
-141
25
121
185
236
203
61
-122
-189
-154
-119
-98
4
110
96
7
-143
-289
-472
-673
-762
-777
-714
-598
-511
-460
-453
-518
-645
-804
-839
-710
-554
-325
57
509
773
703
489
330
182
7
-91
-45
156
373
474
427
246
-1
-300
-591
-774
-814
-804
-739
-566
-369
-250
-238
-274
-360
-484
-528
-426
-207
47
318
555
722
800
741
539
268
79
-18
-58
-36
31
100
91
0
-168
-350
-512
-652
-701
-598
-350
-101
78
226
340
360
316
288
290
339
438
596
761
886
953
921
792
623
468
323
271
276
314
371
374
379
295
144
12
-110
-141
-100
-44
24
116
207
307
362
372
355
287
247
194
141
114
84
69
48
22
-11
-53
-113
-162
-207
-241
-241
-249
-248
-252
-241
-211
-166
-110
-77
-56
-47
-72
-113
-161
-206
-256
-329
-328
-273
-260
-318
-443
-548
-668
-796
-842
-787
-662
-463
-160
117
250
200
121
76
51
136
268
465
644
752
709
480
227
-29
-232
-388
-443
-465
-510
-518
-577
-685
-832
-884
-878
-885
-774
-531
-209
54
262
413
467
455
391
345
296
302
363
419
464
447
368
178
-60
-294
-456
-546
-592
-531
-405
-247
-143
-98
-96
-134
-164
-148
-33
154
397
612
771
875
918
881
747
627
568
582
626
738
838
812
709
536
394
238
101
85
114
159
200
197
104
-34
-173
-223
-169
-54
106
209
291
306
219
82
-42
-85
-79
-20
97
233
300
263
156
2
-144
-275
-381
-418
-404
-349
-275
-219
-211
-263
-347
-434
-527
-569
-519
-437
-374
-298
-183
-122
-204
-360
-506
-633
-689
-668
-558
-450
-302
-44
156
180
37
-71
-118
-165
-114
79
355
537
614
561
355
74
-175
-284
-280
-164
-82
-37
-5
-117
-394
-735
-842
-790
-754
-691
-533
-297
-168
-134
-162
-220
-257
-276
-180
16
264
419
454
461
436
351
176
21
-57
-48
32
98
123
98
29
-104
-250
-344
-370
-335
-258
-125
49
242
373
408
422
440
455
476
563
697
828
936
1061
1184
1201
1133
964
773
625
522
492
501
515
478
353
163
-28
-185
-262
-214
-111
-3
53
67
35
-74
-187
-206
-102
50
175
265
320
298
191
56
-60
-125
-119
-60
4
15
-24
-123
-247
-362
-461
-487
-465
-434
-421
-417
-415
-462
-553
-602
-575
-561
-547
-536
-565
-622
-680
-710
-719
-672
-488
-201
15
98
64
-6
-51
-82
-33
139
400
634
724
646
434
130
-133
-213
-150
-54
-5
15
-1
-163
-471
-765
-915
-920
-849
-713
-541
-398
-331
-316
-310
-324
-322
-267
-137
40
222
343
363
313
235
183
146
130
155
194
235
242
196
125
46
-32
-86
-82
-20
49
82
109
161
221
244
227
214
230
261
298
360
451
558
639
732
851
923
949
911
864
832
795
765
758
762
750
711
623
499
340
196
133
103
70
27
-1
-18
-79
-168
-239
-276
-281
-259
-231
-186
-155
-133
-114
-105
-86
-60
-19
15
15
-10
-28
-53
-81
-82
-76
-88
-133
-162
-167
-213
-310
-407
-437
-444
-480
-533
-580
-607
-663
-741
-808
-879
-921
-908
-853
-738
-580
-451
-394
-389
-380
-342
-307
-251
-111
75
234
312
311
275
217
164
153
203
266
266
201
105
-49
-236
-392
-461
-442
-384
-304
-233
-218
-282
-379
-459
-493
-460
-371
-225
-67
42
85
73
25
-43
-82
-53
17
76
125
184
218
180
106
67
84
123
166
219
284
346
396
422
416
395
377
382
398
433
502
569
596
592
598
624
636
622
620
649
694
713
697
665
638
608
582
567
556
552
517
464
410
353
306
253
200
149
88
29
-15
-37
-63
-89
-136
-152
-141
-181
-243
-296
-328
-337
-306
-251
-204
-182
-167
-117
-113
-182
-225
-211
-184
-152
-87
-2
48
22
-39
-105
-186
-277
-377
-415
-409
-432
-430
-421
-468
-548
-616
-671
-728
-752
-706
-653
-626
-591
-580
-560
-539
-551
-539
-471
-393
-332
-278
-276
-297
-316
-322
-290
-253
-212
-169
-130
-103
-99
-133
-184
-228
-257
-236
-179
-104
-51
-16
25
52
67
68
76
72
75
122
188
236
248
260
277
284
275
265
260
247
239
240
265
291
319
361
381
374
343
307
262
214
197
219
245
271
308
346
367
349
327
346
383
418
452
476
494
514
514
496
485
488
517
562
588
612
603
564
529
501
503
501
486
478
495
483
411
303
188
115
52
16
-1
-13
-3
-16
-78
-157
-243
-301
-297
-291
-284
-240
-194
-182
-206
-234
-240
-246
-250
-262
-269
-228
-234
-288
-306
-336
-393
-425
-473
-523
-542
-600
-652
-673
-675
-648
-639
-633
-620
-602
-591
-613
-624
-604
-563
-493
-432
-409
-388
-370
-358
-346
-350
-337
-303
-257
-213
-172
-139
-127
-144
-198
-241
-259
-250
-206
-175
-144
-103
-90
-102
-110
-109
-104
-90
-54
19
82
114
136
143
160
185
195
223
268
309
338
344
363
398
418
417
427
466
487
465
426
423
440
434
408
390
396
397
387
377
361
347
343
317
280
288
310
324
330
339
375
405
404
416
436
446
477
521
558
592
599
592
592
565
513
467
404
341
306
260
202
156
139
122
89
18
-64
-98
-144
-204
-207
-163
-138
-106
-108
-157
-171
-145
-143
-183
-168
-168
-194
-189
-202
-273
-325
-340
-388
-411
-425
-454
-487
-503
-536
-561
-577
-602
-575
-551
-551
-549
-542
-554
-579
-599
-629
-622
-602
-587
-556
-502
-468
-442
-411
-397
-373
-352
-333
-306
-281
-268
-246
-209
-167
-117
-92
-88
-79
-88
-129
-180
-200
-195
-191
-174
-144
-107
-91
-91
-89
-92
-77
-52
-13
47
117
186
247
284
325
377
400
405
417
440
448
439
439
460
475
461
444
436
425
411
399
385
391
413
422
416
413
400
379
361
342
348
360
377
409
444
455
450
439
419
396
379
376
385
412
448
465
462
444
402
362
325
291
263
230
206
192
160
109
58
12
-60
-110
-103
-133
-172
-185
-206
-224
-207
-213
-215
-171
-169
-188
-166
-161
-191
-179
-188
-219
-209
-198
-212
-230
-246
-296
-316
-315
-366
-412
-432
-459
-473
-489
-544
-554
-543
-548
-547
-544
-530
-500
-457
-428
-408
-396
-383
-367
-355
-361
-361
-328
-302
-285
-281
-273
-255
-248
-243
-241
-239
-243
-250
-241
-240
-243
-221
-192
-177
-170
-168
-161
-149
-146
-145
-127
-78
-20
35
80
106
144
179
210
240
267
301
330
365
397
410
406
407
425
444
468
497
513
508
498
504
486
444
416
412
421
435
444
447
452
445
423
425
424
408
421
422
418
440
443
433
430
410
384
383
358
317
291
265
238
227
212
162
129
112
62
7
-38
-78
-95
-89
-89
-105
-109
-107
-114
-136
-171
-186
-162
-143
-134
-120
-107
-95
-99
-133
-175
-181
-200
-237
-229
-221
-240
-225
-217
-259
-267
-272
-327
-349
-370
-395
-401
-413
-412
-420
-430
-432
-438
-436
-416
-413
-417
-408
-387
-353
-332
-320
-324
-315
-304
-310
-306
-305
-300
-291
-271
-260
-247
-241
-260
-271
-275
-278
-274
-255
-241
-226
-200
-197
-192
-188
-181
-153
-119
-91
-39
21
62
94
102
123
157
184
215
246
285
327
362
391
419
436
449
463
467
475
482
481
474
461
454
457
460
459
458
452
441
434
427
430
423
435
447
447
455
454
456
437
432
434
431
436
432
413
384
363
319
290
263
221
178
131
99
55
20
-22
-73
-109
-127
-143
-163
-183
-196
-198
-204
-190
-198
-210
-212
-221
-208
-203
-218
-230
-225
-237
-236
-238
-244
-234
-241
-242
-251
-259
-261
-267
-280
-305
-299
-289
-290
-291
-296
-317
-332
-351
-376
-381
-373
-359
-350
-325
-306
-296
-276
-281
-303
-306
-294
-281
-271
-268
-248
-226
-222
-218
-232
-239
-245
-256
-246
-239
-238
-244
-254
-253
-254
-253
-247
-236
-213
-186
-169
-154
-149
-142
-126
-100
-69
-27
20
62
99
142
172
198
210
225
283
320
348
387
417
442
456
463
474
479
493
503
481
474
471
478
493
497
495
490
493
491
478
469
466
473
484
483
481
486
488
478
465
455
433
412
379
334
302
279
236
212
192
155
120
84
45
-12
-52
-76
-105
-116
-106
-114
-123
-113
-145
-168
-191
-222
-224
-232
-228
-231
-218
-215
-219
-218
-216
-230
-233
-233
-253
-221
-236
-252
-243
-258
-272
-278
-269
-298
-315
-303
-300
-314
-302
-299
-319
-282
-283
-304
-290
-297
-306
-295
-279
-269
-270
-261
-244
-268
-262
-244
-269
-268
-261
-253
-260
-262
-251
-274
-274
-280
-315
-313
-305
-300
-279
-251
-239
-235
-216
-199
-190
-167
-131
-96
-49
-18
4
25
40
58
71
101
135
174
207
243
279
284
298
314
321
332
345
357
373
392
410
428
446
444
438
441
434
436
458
457
455
452
479
488
450
446
439
427
447
429
435
426
417
427
384
380
370
338
333
327
299
273
221
166
193
145
67
87
63
44
39
-3
-54
-50
-57
-117
-153
-101
-134
-181
-153
-179
-182
-168
-190
-204
-202
-191
-210
-279
-236
-242
-316
-328
-282
-291
-347
-326
-330
-377
-368
-349
-406
-444
-355
-326
-383
-334
-298
-329
-291
-304
-353
-288
-262
-303
-310
-248
-239
-315
-310
-264
-265
-272
-291
-282
-262
-284
-318
-307
-253
-270
-289
-264
-257
-222
-283
-328
-239
-211
-229
-194
-147
-130
-161
-156
-110
-109
-95
-24
48
73
96
108
113
134
165
225
278
279
302
331
342
343
336
352
390
395
385
392
395
376
374
401
439
451
437
431
394
405
414
386
403
419
454
469
444
411
375
381
366
322
346
346
334
345
299
301
293
251
230
194
210
164
132
188
174
172
144
135
129
71
70
67
82
113
67
75
55
3
18
-47
-31
-27
-62
-13
-99
-160
-130
-184
-207
-223
-212
-221
-264
-281
-353
-380
-408
-468
-417
-399
-442
-465
-419
-408
-487
-458
-405
-457
-434
-376
-453
-431
-357
-411
-446
-364
-392
-462
-389
-408
-447
-421
-358
-375
-458
-396
-408
-454
-335
-297
-342
-298
-329
-343
-331
-305
-232
-201
-87
-24
-60
-68
-44
-64
-39
97
179
225
234
224
222
203
218
264
327
361
376
377
370
329
300
348
407
427
414
386
358
319
312
326
351
358
358
350
312
277
228
235
285
305
339
351
291
249
235
225
263
301
323
340
342
318
271
259
265
306
354
397
407
349
300
285
312
325
340
380
384
336
298
261
198
205
251
286
282
206
142
92
51
27
32
44
12
-35
-74
-160
-246
-267
-245
-218
-258
-295
-346
-450
-538
-550
-502
-497
-474
-487
-515
-567
-616
-611
-639
-565
-529
-525
-475
-509
-549
-588
-587
-523
-517
-523
-469
-519
-555
-554
-557
-557
-605
-558
-441
-357
-384
-427
-472
-456
-420
-386
-287
-180
-69
-31
-7
-13
-108
-133
-1
219
312
297
263
196
167
139
188
284
352
363
346
294
205
152
142
215
338
379
337
241
150
90
121
200
265
295
282
259
178
138
129
138
193
278
304
279
236
166
177
234
311
365
373
382
367
360
349
403
481
528
597
640
623
571
516
528
589
640
669
680
682
628
573
543
506
486
482
496
490
410
316
235
194
182
155
117
83
5
-76
-138
-203
-238
-251
-255
-277
-329
-375
-417
-463
-502
-494
-497
-518
-541
-578
-597
-636
-618
-593
-593
-589
-633
-676
-680
-662
-671
-681
-660
-655
-674
-729
-796
-874
-857
-754
-563
-395
-416
-575
-717
-635
-575
-516
-372
-172
38
28
-57
-154
-261
-242
-36
298
474
413
234
106
49
28
68
205
329
303
203
39
-73
-165
-176
-33
107
167
53
-109
-192
-224
-160
-62
67
124
82
43
-5
-34
-15
80
236
335
327
290
236
220
252
344
474
526
501
458
465
457
448
537
617
710
757
746
719
629
622
689
761
825
843
819
756
698
641
612
637
675
696
673
603
495
396
357
362
358
350
319
262
166
51
-1
-16
-14
-20
-54
-121
-234
-301
-322
-313
-321
-356
-400
-454
-524
-584
-614
-606
-589
-596
-617
-675
-722
-744
-763
-737
-711
-743
-810
-895
-908
-828
-609
-457
-452
-565
-645
-620
-638
-611
-438
-119
126
126
-2
-186
-317
-299
-76
250
394
304
122
-22
-165
-262
-235
-69
63
47
-124
-332
-465
-551
-514
-370
-234
-234
-368
-487
-570
-584
-503
-357
-203
-152
-191
-270
-316
-308
-207
-36
129
196
171
141
115
133
209
343
476
514
488
450
440
429
470
617
755
799
734
632
589
584
622
711
827
883
861
808
708
652
639
701
810
846
812
697
596
555
554
593
628
608
524
428
331
250
203
214
236
227
166
56
-73
-153
-137
-109
-94
-116
-206
-305
-382
-405
-396
-396
-375
-375
-404
-498
-573
-592
-582
-607
-639
-620
-508
-304
-232
-334
-508
-513
-423
-381
-323
-131
180
305
233
84
-71
-199
-176
121
415
492
299
41
-119
-259
-353
-323
-182
-109
-216
-429
-612
-751
-850
-863
-737
-598
-609
-735
-861
-905
-885
-815
-671
-541
-470
-487
-499
-466
-425
-328
-212
-105
-55
-45
-36
-16
24
80
168
220
205
163
148
158
170
235
343
444
436
349
292
298
354
427
524
628
676
652
594
561
556
595
676
778
852
825
723
620
575
590
637
667
668
611
510
408
332
309
299
298
276
217
129
34
-19
-44
-57
-63
-63
-97
-172
-234
-247
-244
-246
-234
-199
-224
-297
-342
-334
-366
-268
55
330
251
-71
-141
-43
-26
-36
198
628
821
728
498
255
-15
-79
255
655
817
594
233
-40
-230
-367
-369
-182
-3
-103
-448
-733
-873
-950
-956
-805
-616
-605
-779
-969
-1030
-1003
-884
-718
-590
-502
-539
-616
-639
-574
-409
-240
-150
-177
-236
-280
-295
-246
-136
-24
-20
-97
-196
-271
-328
-308
-193
-48
74
62
-37
-171
-222
-129
23
185
310
383
368
322
283
303
407
528
644
707
702
619
537
529
564
593
584
551
487
392
305
249
248
234
191
125
49
-46
-138
-157
-103
-44
-63
-116
-161
-197
-205
-144
-66
-19
8
9
-15
-104
-146
-120
29
362
695
752
426
167
201
317
336
439
847
1168
1144
879
608
365
191
385
820
1098
942
551
251
36
-108
-174
-53
162
157
-139
-498
-680
-736
-740
-657
-514
-448
-576
-771
-827
-784
-724
-625
-488
-402
-455
-543
-572
-520
-409
-270
-157
-189
-295
-365
-370
-339
-282
-183
-172
-304
-452
-515
-506
-502
-455
-326
-219
-249
-393
-496
-493
-395
-252
-114
28
110
93
17
-11
57
154
282
403
468
436
313
225
234
306
351
336
264
152
65
-6
-61
-72
-66
-79
-158
-238
-290
-354
-369
-298
-183
-131
-177
-244
-291
-287
-200
-71
23
60
46
-4
-73
-109
-83
95
472
814
817
481
267
326
422
469
683
1116
1368
1269
993
753
550
457
680
1099
1349
1158
751
464
315
192
160
323
481
388
97
-146
-241
-281
-287
-212
-104
-88
-218
-365
-376
-284
-206
-167
-128
-109
-172
-246
-242
-174
-98
-28
15
-54
-194
-304
-320
-265
-194
-136
-207
-409
-611
-676
-620
-565
-480
-379
-327
-414
-581
-634
-540
-375
-249
-138
-30
2
-52
-128
-101
2
112
201
249
234
118
-5
-47
-18
14
12
-33
-145
-302
-422
-451
-413
-365
-362
-421
-533
-622
-658
-660
-592
-472
-367
-374
-438
-503
-524
-480
-358
-221
-156
-165
-200
-291
-432
-399
-30
462
642
447
161
47
46
119
351
736
1093
1205
1066
764
451
327
492
878
1205
1258
994
638
396
267
224
313
534
635
445
130
-67
-101
-31
91
236
281
196
64
-20
14
147
284
348
361
342
264
157
131
233
360
405
350
230
87
-15
-33
29
111
125
12
-194
-369
-406
-329
-213
-113
-62
-74
-181
-317
-372
-263
-55
124
224
222
143
21
-79
-57
81
235
319
280
146
-46
-202
-242
-204
-148
-162
-259
-428
-604
-714
-755
-713
-650
-604
-631
-741
-865
-942
-898
-766
-624
-568
-614
-691
-749
-756
-663
-543
-457
-459
-508
-555
-658
-726
-591
-130
252
242
-52
-262
-299
-310
-163
229
719
970
869
579
254
62
103
444
888
1142
1007
598
258
75
29
97
314
526
478
197
-82
-230
-234
-123
88
283
326
194
16
-30
94
272
402
478
519
465
348
304
358
437
486
536
520
389
216
126
174
245
288
260
144
-25
-165
-169
-63
129
285
315
217
68
21
89
252
454
623
703
680
595
471
394
420
546
666
710
662
479
231
58
38
100
141
93
-68
-296
-497
-575
-551
-512
-503
-520
-568
-658
-784
-861
-819
-704
-604
-570
-595
-696
-790
-820
-744
-664
-632
-615
-655
-766
-923
-938
-698
-316
-127
-236
-487
-632
-638
-590
-403
-39
358
527
403
123
-127
-220
-87
269
630
777
593
250
-20
-150
-142
-12
197
279
138
-103
-257
-305
-298
-211
-62
56
73
-30
-137
-127
-4
153
261
326
337
255
161
180
289
361
383
374
301
181
85
85
152
216
214
101
-78
-190
-172
-96
-11
112
258
307
208
72
36
170
391
595
735
803
767
659
585
618
713
774
820
872
847
716
532
410
373
398
430
391
251
59
-66
-99
-64
-38
-52
-89
-134
-192
-251
-282
-252
-186
-130
-143
-203
-305
-394
-399
-345
-301
-333
-418
-513
-657
-816
-835
-664
-355
-209
-328
-584
-777
-830
-775
-579
-267
52
199
124
-104
-337
-433
-353
-72
263
457
367
76
-203
-359
-361
-254
-63
38
-78
-327
-504
-527
-477
-399
-286
-179
-179
-278
-352
-304
-174
-55
41
116
142
75
5
31
129
220
249
235
159
41
-50
-60
33
142
150
3
-206
-328
-327
-229
-101
37
123
99
-16
-125
-127
1
214
405
550
596
531
421
339
386
520
661
735
735
674
534
390
318
355
437
479
443
299
139
40
47
127
208
260
233
138
59
50
104
187
253
287
253
175
96
56
72
129
153
105
7
-100
-218
-365
-392
-288
-55
115
58
-190
-453
-501
-408
-258
-51
209
378
334
146
-49
-170
-201
-41
261
471
407
119
-165
-325
-354
-326
-236
-163
-218
-403
-595
-666
-636
-570
-498
-415
-383
-450
-534
-518
-397
-261
-167
-120
-127
-177
-213
-164
-65
17
57
40
-47
-164
-215
-186
-119
-65
-71
-168
-328
-444
-470
-418
-323
-185
-101
-106
-170
-250
-258
-194
-29
172
322
368
320
259
232
262
326
412
479
498
451
365
281
205
176
202
255
254
164
34
-47
-45
2
71
133
148
103
48
51
112
177
236
300
314
276
229
219
239
256
267
275
248
197
105
-5
-116
-154
-80
52
213
260
169
6
-80
-63
-22
87
305
551
671
629
466
259
120
174
404
599
649
534
346
154
-11
-106
-124
-74
-38
-93
-238
-352
-399
-413
-416
-402
-388
-388
-393
-366
-312
-265
-235
-226
-230
-234
-234
-221
-184
-120
-44
-45
-141
-248
-286
-254
-228
-217
-204
-214
-300
-431
-522
-525
-447
-349
-277
-235
-232
-285
-366
-372
-223
-37
52
73
95
106
73
48
78
143
197
239
251
183
64
-37
-52
10
61
45
-41
-139
-175
-167
-148
-112
-62
-28
-35
-72
-96
-87
-46
37
114
140
119
85
61
49
60
100
140
130
85
4
-85
-162
-189
-111
-11
109
218
244
145
-3
-21
63
151
284
526
762
812
678
506
378
342
447
645
808
825
676
438
227
102
57
81
142
171
100
-31
-134
-197
-239
-246
-194
-134
-107
-107
-107
-82
-47
-17
-11
-24
-46
-61
-34
36
103
104
45
-31
-100
-150
-176
-161
-118
-106
-158
-274
-388
-448
-452
-425
-360
-290
-264
-278
-312
-312
-285
-233
-156
-75
-20
3
-4
-17
-9
10
63
99
89
42
-17
-38
-42
-34
-38
-69
-130
-196
-231
-250
-243
-216
-166
-136
-162
-224
-278
-284
-234
-159
-89
-40
-35
-80
-130
-163
-140
-99
-51
-19
-29
-81
-148
-205
-256
-293
-311
-239
-144
-32
57
92
64
-24
-73
-52
37
220
464
680
745
639
441
296
286
423
617
757
782
658
449
258
152
107
135
219
286
247
113
-38
-141
-168
-119
-33
27
63
84
89
85
80
76
65
59
96
167
246
292
285
228
154
106
78
73
75
98
111
75
1
-108
-206
-272
-289
-235
-164
-126
-147
-183
-189
-208
-221
-206
-136
-48
-6
8
19
38
54
58
41
28
41
60
86
91
72
31
-23
-74
-119
-156
-158
-128
-96
-106
-187
-288
-363
-383
-355
-308
-264
-231
-234
-276
-311
-319
-301
-253
-193
-140
-145
-202
-258
-284
-289
-289
-283
-266
-285
-335
-343
-296
-170
-43
25
-6
-120
-187
-179
-96
72
308
513
548
409
212
91
116
284
489
626
638
505
291
108
42
88
179
244
228
116
-35
-150
-181
-132
-19
79
96
47
-31
-65
-46
18
104
167
197
180
151
162
231
308
346
341
303
235
172
165
228
300
308
239
112
-17
-102
-112
-55
28
81
73
-17
-127
-178
-167
-100
-4
105
176
155
79
21
37
127
235
297
309
273
212
157
145
171
175
161
144
109
13
-106
-171
-192
-208
-237
-272
-327
-400
-449
-443
-397
-342
-319
-338
-363
-379
-359
-316
-261
-206
-200
-217
-241
-239
-235
-257
-258
-244
-253
-318
-362
-338
-287
-233
-182
-172
-247
-341
-360
-315
-231
-89
104
233
211
97
-14
-39
64
250
417
495
456
305
138
55
55
70
86
140
153
57
-76
-166
-193
-189
-152
-106
-99
-126
-156
-155
-125
-69
-5
36
76
122
169
212
246
292
336
364
365
359
359
347
331
335
352
325
224
118
63
56
69
82
89
63
21
-28
-37
6
59
126
193
273
323
317
310
341
410
486
550
588
581
524
457
412
390
366
318
253
177
86
-24
-128
-205
-259
-304
-355
-392
-419
-452
-486
-490
-447
-398
-374
-369
-356
-327
-279
-210
-137
-85
-74
-76
-107
-155
-175
-183
-183
-231
-298
-370
-444
-481
-509
-506
-471
-419
-407
-487
-583
-594
-504
-346
-145
49
150
118
24
-25
23
153
304
441
504
464
326
176
80
42
34
47
66
6
-131
-289
-394
-423
-395
-340
-322
-337
-363
-391
-394
-325
-189
-71
-3
34
64
96
135
210
295
368
410
392
340
296
286
288
288
286
257
171
61
-7
-20
4
44
82
106
98
79
55
86
206
343
452
521
570
593
584
604
676
755
805
802
766
708
628
559
523
508
465
366
239
118
14
-94
-169
-201
-231
-292
-366
-406
-428
-441
-412
-332
-248
-192
-172
-169
-160
-137
-74
1
45
54
51
43
3
-61
-117
-167
-223
-272
-333
-428
-552
-652
-665
-642
-613
-572
-533
-524
-572
-601
-547
-454
-334
-172
15
149
184
165
142
149
204
301
405
454
402
257
114
44
3
-53
-113
-163
-242
-375
-484
-515
-505
-487
-475
-476
-506
-528
-493
-404
-291
-183
-121
-107
-106
-72
2
84
171
239
268
259
212
163
139
153
182
207
223
200
121
31
-16
-8
29
84
128
135
111
84
91
139
224
313
404
481
512
514
520
564
624
681
727
739
713
675
636
601
553
490
425
355
279
191
113
63
26
-22
-79
-126
-164
-202
-226
-219
-188
-150
-116
-95
-85
-85
-71
-32
30
89
115
113
99
81
50
21
30
33
-18
-125
-229
-308
-378
-431
-459
-501
-565
-616
-633
-635
-620
-521
-414
-397
-432
-419
-364
-311
-208
-28
140
214
213
164
104
96
152
222
271
285
212
67
-53
-110
-175
-252
-274
-280
-351
-459
-518
-541
-567
-568
-534
-508
-498
-475
-434
-386
-320
-233
-153
-97
-49
-9
35
91
158
230
292
329
322
289
266
254
250
242
232
200
144
88
49
26
16
19
31
48
47
40
57
107
184
283
368
408
417
422
456
509
573
635
675
691
678
622
544
482
438
413
393
357
273
169
85
17
-40
-80
-97
-116
-147
-175
-185
-171
-143
-96
-41
8
39
38
41
83
153
217
249
249
215
167
127
106
114
116
77
7
-81
-156
-217
-277
-335
-390
-418
-431
-470
-530
-574
-591
-591
-543
-429
-322
-295
-311
-286
-240
-202
-140
-33
83
165
201
182
118
54
34
52
87
106
64
-33
-128
-207
-289
-350
-364
-379
-436
-478
-475
-476
-497
-483
-426
-385
-355
-313
-257
-204
-139
-59
4
53
90
116
133
164
207
234
248
252
234
197
175
157
132
120
128
122
81
23
-15
-30
-23
17
55
74
77
72
81
118
192
250
279
307
332
353
370
403
452
492
510
505
472
432
402
383
376
366
339
286
222
167
118
86
72
66
54
35
12
-18
-41
-47
-23
15
53
82
103
125
150
173
192
210
232
252
259
237
203
172
135
88
44
8
-44
-122
-204
-265
-317
-382
-451
-514
-560
-580
-576
-559
-544
-531
-522
-504
-454
-374
-297
-219
-134
-62
-37
-38
-6
71
159
208
212
178
129
92
71
64
44
-14
-94
-176
-251
-310
-353
-387
-418
-458
-502
-531
-535
-521
-491
-450
-406
-369
-339
-297
-228
-141
-61
5
60
106
130
151
182
206
209
196
186
170
131
70
7
-45
-79
-98
-115
-143
-179
-205
-219
-208
-174
-126
-76
-32
20
82
153
246
337
398
444
500
558
590
612
650
691
710
705
664
587
509
458
439
421
379
311
224
149
97
60
32
28
36
37
21
13
33
69
116
167
208
231
243
253
270
289
304
319
317
290
243
187
133
83
41
-3
-57
-127
-191
-247
-304
-344
-379
-421
-459
-482
-489
-491
-487
-488
-476
-435
-368
-312
-290
-272
-236
-172
-87
-19
17
47
90
123
120
99
98
118
142
147
107
24
-69
-149
-199
-219
-241
-283
-334
-380
-436
-503
-539
-525
-503
-491
-473
-461
-453
-434
-389
-333
-284
-242
-217
-203
-179
-139
-102
-74
-50
-44
-53
-63
-56
-46
-44
-46
-47
-44
-45
-48
-54
-56
-52
-41
-17
7
19
30
55
94
148
214
275
319
362
423
487
519
544
592
642
686
711
716
707
696
690
669
637
596
550
492
448
409
351
288
229
182
126
81
58
48
32
16
7
-1
-1
11
40
75
106
130
141
149
161
183
204
224
232
221
205
187
168
140
116
100
71
25
-26
-76
-131
-168
-187
-220
-272
-324
-358
-385
-410
-419
-411
-410
-421
-432
-441
-437
-409
-353
-300
-286
-295
-291
-283
-277
-264
-217
-156
-133
-157
-204
-235
-258
-274
-269
-241
-222
-246
-287
-337
-386
-422
-426
-397
-367
-363
-397
-436
-452
-445
-421
-381
-334
-312
-311
-303
-265
-207
-146
-87
-37
-5
12
29
53
83
116
147
175
176
156
132
124
126
137
157
171
165
150
147
152
162
188
222
254
275
300
334
369
410
460
510
537
554
567
569
570
584
603
607
594
561
509
451
404
378
360
343
315
269
212
164
124
92
85
102
120
120
107
89
85
108
146
182
208
233
246
245
244
256
265
268
268
250
209
160
120
90
57
24
-20
-75
-138
-198
-251
-295
-323
-343
-362
-389
-417
-439
-459
-471
-477
-470
-465
-459
-450
-445
-445
-458
-465
-466
-464
-453
-441
-436
-455
-476
-480
-473
-484
-513
-511
-485
-464
-458
-448
-436
-427
-404
-375
-340
-308
-272
-245
-219
-172
-132
-116
-99
-63
-36
-30
-19
4
22
28
37
46
49
46
43
54
86
111
114
117
133
148
164
187
211
224
230
243
250
254
273
303
314
308
301
299
293
284
286
288
288
299
318
316
302
298
294
296
315
348
366
367
371
380
388
402
428
445
449
450
449
442
436
436
431
430
423
403
372
351
341
324
304
289
268
233
202
185
170
153
131
104
77
57
40
20
0
-26
-52
-72
-85
-99
-124
-151
-174
-192
-206
-226
-255
-282
-302
-319
-337
-358
-380
-410
-439
-455
-468
-481
-494
-503
-514
-524
-522
-512
-514
-516
-497
-470
-458
-465
-472
-470
-444
-405
-372
-357
-364
-376
-378
-356
-332
-320
-308
-291
-278
-284
-286
-278
-261
-231
-208
-188
-179
-175
-181
-169
-133
-96
-63
-29
2
2
1
30
71
104
128
156
172
184
195
200
206
224
250
255
257
257
248
247
256
266
263
270
274
263
256
263
275
280
297
314
321
323
327
332
343
364
382
400
417
416
402
404
426
439
442
446
444
432
416
402
392
393
389
373
352
328
302
274
261
250
231
205
178
151
124
103
93
87
79
61
38
14
0
-9
-19
-33
-48
-68
-92
-110
-123
-134
-151
-173
-191
-203
-223
-251
-283
-307
-321
-331
-343
-363
-386
-410
-431
-446
-450
-449
-461
-471
-468
-457
-447
-449
-453
-449
-423
-396
-375
-349
-331
-319
-310
-287
-265
-248
-233
-213
-193
-191
-185
-179
-178
-185
-184
-179
-179
-179
-177
-170
-170
-171
-170
-173
-178
-174
-156
-137
-115
-85
-61
-47
-30
-13
-4
8
32
65
98
134
166
180
182
186
185
182
202
237
255
257
262
263
251
243
247
265
278
289
299
301
296
297
305
317
321
326
338
349
357
361
368
375
378
378
375
374
369
358
345
340
333
315
292
263
232
205
184
173
163
143
108
71
42
17
1
-2
6
6
-7
-27
-46
-58
-58
-44
-29
-19
-19
-31
-45
-51
-49
-38
-34
-43
-61
-81
-99
-112
-118
-126
-142
-164
-192
-214
-228
-234
-236
-236
-241
-251
-260
-266
-267
-261
-245
-223
-211
-208
-210
-203
-191
-175
-160
-152
-149
-157
-170
-181
-184
-188
-196
-207
-223
-247
-273
-289
-302
-305
-302
-300
-308
-320
-319
-311
-298
-277
-255
-235
-215
-186
-154
-125
-98
-71
-42
-9
28
55
71
91
112
132
149
162
167
170
176
185
193
197
194
191
192
200
212
225
237
243
247
251
257
266
283
300
313
322
324
321
322
328
334
335
332
318
293
267
247
232
219
209
190
158
121
88
65
50
46
43
35
21
3
-13
-23
-20
-10
1
10
16
23
29
36
43
48
50
52
53
51
47
43
38
36
34
26
11
-7
-24
-34
-34
-33
-38
-49
-68
-89
-109
-117
-118
-115
-115
-119
-130
-148
-165
-176
-179
-179
-176
-176
-184
-194
-203
-208
-213
-213
-208
-204
-205
-208
-213
-217
-218
-212
-204
-199
-196
-197
-200
-200
-196
-186
-178
-175
-173
-173
-171
-169
-161
-148
-135
-128
-121
-116
-110
-101
-84
-65
-46
-27
-9
4
18
32
50
69
89
109
126
141
150
158
165
171
174
180
185
185
187
189
190
186
181
175
166
160
160
161
162
162
162
160
160
159
158
159
161
164
167
171
174
173
169
160
153
145
134
119
108
98
89
74
59
41
22
6
-9
-19
-25
-29
-32
-38
-42
-45
-43
-40
-35
-30
-25
-19
-18
-13
-6
-1
-2
-6
-7
-10
-16
-25
-35
-47
-61
-76
-92
-106
-121
-129
-135
-146
-159
-171
-178
-178
-173
-166
-157
-151
-140
-130
-117
-105
-99
-93
-85
-70
-55
-41
-31
-24
-23
-31
-44
-55
-59
-53
-43
-42
-55
-77
-99
-113
-118
-114
-107
-104
-108
-110
-108
-105
-100
-89
-73
-52
-33
-22
-10
4
15
27
41
60
76
88
96
102
102
99
102
113
125
128
121
111
107
109
118
128
136
137
133
131
134
144
162
182
198
204
205
203
208
220
236
250
260
266
264
258
249
238
233
229
224
215
200
179
154
125
100
84
71
57
37
15
-9
-32
-51
-66
-73
-80
-95
-111
-122
-126
-126
-127
-130
-135
-140
-144
-147
-148
-144
-141
-137
-139
-145
-156
-168
-174
-172
-164
-161
-168
-181
-190
-197
-203
-204
-201
-191
-181
-179
-181
-184
-186
-180
-163
-141
-127
-121
-117
-111
-107
-98
-85
-72
-69
-71
-73
-73
-72
-69
-67
-64
-66
-76
-89
-97
-103
-109
-108
-103
-99
-103
-110
-116
-117
-110
-95
-78
-64
-54
-48
-43
-33
-19
-3
16
34
47
55
61
69
83
98
115
128
135
136
140
150
162
174
183
190
200
205
211
220
233
244
253
263
276
285
290
297
302
306
313
321
324
319
313
304
293
281
272
262
249
233
211
185
162
144
127
110
91
71
49
27
8
-8
-20
-30
-39
-51
-65
-78
-86
-94
-101
-104
-110
-116
-123
-133
-144
-151
-156
-162
-169
-174
-178
-188
-200
-210
-212
-215
-218
-221
-222
-226
-233
-235
-236
-234
-232
-227
-221
-214
-208
-203
-197
-189
-179
-168
-160
-155
-155
-158
-155
-149
-143
-143
-143
-144
-146
-151
-150
-148
-145
-144
-144
-145
-148
-153
-154
-152
-146
-137
-133
-134
-131
-125
-116
-104
-89
-72
-57
-43
-31
-19
-6
13
36
59
81
98
112
124
137
155
173
190
207
222
232
242
249
259
270
280
294
303
307
308
310
314
319
323
327
330
333
330
330
329
332
332
330
324
315
309
303
296
287
277
264
249
233
216
201
184
169
155
140
122
101
79
60
43
31
21
8
-7
-21
-33
-42
-52
-58
-61
-67
-74
-80
-84
-87
-88
-93
-100
-109
-118
-123
-130
-137
-143
-153
-165
-178
-188
-197
-207
-217
-227
-235
-245
-253
-262
-268
-275
-279
-281
-282
-281
-280
-282
-283
-281
-273
-267
-262
-258
-259
-261
-261
-257
-249
-242
-238
-238
-237
-236
-234
-229
-223
-215
-208
-200
-195
-189
-181
-172
-157
-142
-125
-111
-99
-88
-72
-55
-34
-14
5
23
36
49
62
74
89
106
123
139
150
158
162
167
177
191
206
218
222
226
229
235
246
255
264
271
278
283
287
293
299
304
305
305
306
307
307
307
307
303
295
288
281
275
268
261
249
236
223
210
200
191
179
165
151
137
123
110
97
86
76
66
56
45
34
21
11
4
0
-4
-10
-17
-28
-40
-48
-53
-57
-61
-67
-74
-81
-94
-109
-121
-131
-139
-150
-161
-171
-182
-196
-210
-224
-237
-248
-260
-269
-274
-278
-283
-289
-293
-295
-295
-295
-293
-288
-280
-273
-264
-257
-249
-243
-238
-233
-224
-215
-206
-199
-194
-189
-186
-185
-185
-182
-179
-172
-167
-162
-160
-155
-151
-144
-131
-120
-109
-98
-84
-69
-54
-36
-14
5
23
40
57
75
90
108
126
142
154
165
175
183
188
196
204
210
212
212
214
213
212
215
217
219
220
220
218
219
222
222
224
226
228
231
232
234
231
231
232
234
235
234
230
225
222
215
211
205
200
194
185
179
172
165
158
151
144
137
129
120
111
102
93
85
77
70
60
52
45
37
25
14
2
-12
-23
-32
-43
-52
-64
-78
-92
-102
-113
-124
-134
-143
-151
-161
-167
-175
-182
-188
-193
-198
-203
-206
-208
-211
-213
-212
-213
-213
-213
-213
-212
-211
-209
-208
-207
-206
-205
-205
-203
-201
-198
-196
-193
-192
-186
-182
-179
-175
-170
-166
-161
-155
-147
-137
-128
-119
-109
-99
-88
-79
-69
-57
-46
-31
-19
-5
5
13
22
31
41
50
60
69
75
81
86
91
96
101
109
117
122
126
127
127
127
130
134
141
148
151
154
157
161
165
169
174
180
181
184
186
188
190
193
194
192
189
184
181
178
178
175
172
168
162
157
151
147
141
138
134
128
124
118
111
107
102
95
89
82
74
67
58
49
40
28
21
11
-2
-13
-26
-40
-51
-60
-69
-81
-90
-100
-110
-119
-125
-130
-135
-137
-142
-147
-150
-153
-153
-152
-152
-156
-160
-164
-167
-168
-168
-169
-170
-175
-180
-185
-188
-189
-189
-190
-191
-192
-194
-194
-193
-191
-186
-182
-177
-170
-166
-160
-153
-145
-135
-125
-115
-104
-95
-85
-75
-66
-56
-47
-40
-34
-29
-23
-19
-15
-13
-7
1
4
6
10
14
20
28
36
46
52
62
69
75
84
94
103
110
117
123
126
131
139
144
150
153
154
155
154
156
159
161
161
159
157
155
153
154
154
153
156
155
154
153
151
151
152
152
153
150
146
143
139
134
128
122
117
110
103
96
89
78
69
60
54
47
38
31
22
15
9
4
-1
-7
-13
-19
-23
-24
-26
-29
-33
-40
-46
-52
-57
-60
-62
-67
-74
-82
-90
-97
-104
-112
-118
-121
-125
-129
-135
-142
-145
-147
-147
-147
-147
-147
-147
-147
-147
-146
-141
-137
-134
-133
-129
-126
-125
-120
-117
-115
-112
-110
-108
-106
-103
-99
-96
-92
-89
-85
-79
-73
-66
-57
-51
-43
-37
-29
-22
-16
-8
2
13
24
30
37
42
48
54
59
67
72
76
80
84
87
92
95
99
103
106
111
113
117
121
128
133
137
140
143
146
148
151
155
158
159
157
155
154
153
150
147
142
139
136
131
123
116
110
104
99
93
89
83
78
71
66
63
57
52
47
42
35
29
24
19
16
12
5
-3
-9
-17
-24
-32
-36
-42
-48
-56
-63
-70
-74
-80
-85
-92
-97
-102
-105
-109
-112
-117
-121
-124
-128
-128
-131
-134
-138
-141
-143
-142
-144
-147
-149
-151
-152
-151
-150
-149
-150
-150
-150
-148
-145
-145
-145
-140
-135
-131
-126
-126
-121
-115
-109
-102
-95
-91
-84
-77
-71
-63
-58
-49
-44
-38
-30
-22
-13
-7
0
7
13
23
30
35
42
48
54
64
72
77
83
88
94
100
106
112
116
120
125
128
133
135
137
140
143
147
148
150
150
149
148
150
150
149
150
147
147
146
142
141
138
134
134
130
126
122
117
112
108
104
99
92
85
79
76
70
63
55
48
42
36
29
22
14
7
0
-7
-15
-21
-27
-35
-43
-49
-57
-64
-69
-77
-82
-89
-96
-103
-108
-114
-118
-123
-129
-134
-138
-141
-143
-146
-150
-152
-154
-153
-154
-155
-156
-156
-155
-153
-151
-149
-145
-141
-139
-137
-133
-129
-124
-120
-116
-112
-108
-104
-100
-96
-91
-86
-80
-75
-68
-62
-57
-52
-47
-40
-35
-28
-23
-18
-12
-7
1
6
11
17
23
29
35
38
45
51
56
61
69
73
78
83
86
90
97
102
106
110
114
120
125
129
134
138
141
143
147
151
153
156
158
160
163
165
166
169
171
172
174
173
171
172
169
168
166
164
162
156
152
149
142
135
130
123
117
111
103
95
85
77
70
62
53
43
32
22
12
1
-9
-19
-29
-40
-49
-59
-68
-75
-86
-93
-98
-105
-113
-119
-126
-133
-137
-140
-144
-149
-154
-157
-159
-161
-164
-164
-165
-166
-169
-169
-169
-169
-167
-165
-162
-160
-158
-157
-155
-153
-150
-148
-143
-141
-138
-135
-131
-129
-124
-119
-115
-111
-107
-103
-97
-92
-87
-82
-77
-71
-65
-61
-55
-49
-45
-40
-33
-29
-23
-17
-12
-6
2
8
14
21
27
32
38
44
52
58
66
74
82
87
91
96
102
108
116
123
130
135
140
146
152
158
162
167
174
175
177
181
183
186
187
190
190
188
187
185
186
185
182
176
175
171
165
159
153
146
143
136
131
123
115
106
96
89
81
74
67
57
48
39
30
23
13
4
-2
-11
-18
-28
-36
-43
-52
-61
-66
-72
-81
-90
-98
-104
-109
-117
-124
-129
-137
-144
-151
-155
-157
-159
-164
-167
-173
-175
-176
-180
-181
-180
-179
-180
-180
-181
-180
-178
-178
-176
-172
-170
-167
-166
-162
-159
-156
-152
-149
-146
-143
-141
-138
-133
-126
-122
-116
-115
-111
-103
-96
-91
-86
-81
-71
-62
-56
-48
-40
-31
-24
-17
-7
4
12
18
27
35
46
54
61
69
76
82
88
94
102
109
114
120
125
130
134
140
142
145
150
152
153
156
159
162
164
166
165
166
167
166
166
167
166
165
163
163
162
158
154
151
149
146
143
141
137
133
130
127
122
119
115
109
104
99
94
89
85
80
76
68
62
55
49
44
36
28
23
14
7
1
-8
-16
-23
-31
-41
-50
-57
-64
-69
-78
-85
-92
-100
-106
-112
-117
-121
-126
-131
-134
-138
-142
-147
-150
-153
-155
-156
-157
-158
-158
-160
-160
-158
-158
-156
-153
-152
-148
-147
-143
-138
-136
-134
-130
-127
-121
-119
-113
-107
-102
-97
-93
-85
-78
-73
-66
-59
-51
-44
-36
-30
-25
-20
-16
-10
-2
1
6
11
16
20
24
29
34
39
43
51
55
59
63
68
73
79
83
84
88
92
96
100
102
104
109
111
115
118
122
125
128
132
134
136
137
139
141
141
141
142
142
139
137
136
134
129
126
125
122
121
119
117
115
111
108
106
102
99
96
90
85
81
74
67
60
54
47
40
33
24
19
12
4
-5
-12
-19
-26
-34
-40
-46
-55
-64
-70
-76
-83
-90
-97
-103
-107
-114
-117
-121
-127
-130
-131
-135
-139
-142
-141
-141
-144
-146
-143
-142
-146
-145
-143
-144
-145
-143
-140
-139
-138
-137
-134
-130
-127
-123
-119
-114
-111
-106
-101
-96
-93
-88
-83
-79
-75
-69
-65
-60
-57
-54
-50
-44
-38
-34
-28
-24
-20
-16
-13
-9
-4
-1
6
10
13
16
20
24
29
33
38
42
45
48
53
57
60
63
67
72
76
78
80
82
86
90
95
99
102
104
108
109
110
112
113
114
115
116
118
120
120
119
121
122
120
119
118
117
115
114
114
112
108
104
102
100
95
92
86
83
75
69
65
59
54
48
42
37
31
26
17
10
6
1
-4
-11
-17
-23
-31
-36
-42
-49
-53
-59
-63
-68
-71
-75
-80
-82
-85
-87
-88
-88
-89
-90
-91
-91
-91
-92
-93
-93
-94
-95
-95
-96
-96
-95
-94
-92
-91
-90
-86
-86
-84
-82
-81
-79
-78
-77
-73
-74
-71
-69
-66
-64
-63
-59
-55
-53
-49
-45
-40
-36
-31
-27
-21
-16
-11
-7
-1
4
7
10
13
17
20
23
29
32
36
40
44
48
51
56
57
59
62
66
68
70
74
77
79
80
81
84
86
85
86
87
88
88
89
90
90
92
91
91
89
86
86
85
83
81
78
77
73
71
68
65
63
58
53
51
47
43
40
35
32
27
24
20
16
13
9
5
0
-4
-7
-10
-15
-16
-21
-26
-30
-33
-35
-37
-43
-46
-48
-50
-52
-54
-57
-58
-60
-63
-63
-64
-66
-67
-67
-69
-71
-72
-73
-74
-75
-75
-76
-74
-74
-73
-72
-72
-72
-70
-69
-66
-66
-67
-66
-64
-61
-61
-60
-60
-59
-55
-54
-53
-51
-48
-44
-41
-39
-37
-35
-29
-26
-24
-22
-18
-16
-14
-13
-11
-7
-2
2
6
7
11
14
17
22
23
28
32
33
36
39
43
46
48
49
50
51
53
56
58
57
58
60
63
64
64
64
65
68
67
66
66
67
66
66
64
64
65
64
61
60
57
56
57
55
52
49
46
45
44
43
37
37
38
33
26
24
24
20
18
15
12
10
7
3
0
-2
-6
-9
-10
-12
-15
-19
-22
-24
-25
-27
-30
-34
-36
-39
-41
-42
-43
-44
-47
-51
-53
-57
-56
-56
-56
-57
-59
-59
-59
-60
-62
-61
-58
-55
-57
-58
-57
-56
-55
-55
-54
-54
-52
-50
-50
-49
-47
-44
-42
-42
-41
-39
-36
-35
-31
-27
-25
-23
-22
-22
-19
-16
-12
-9
-7
-4
0
4
8
9
13
17
20
23
28
31
34
36
39
41
42
45
44
45
48
50
52
53
54
56
57
58
60
59
60
63
64
63
65
65
66
65
63
64
62
61
60
60
60
59
57
55
54
52
51
50
48
47
45
44
41
37
35
31
27
24
22
16
12
11
6
3
0
-5
-7
-11
-13
-14
-19
-21
-25
-29
-32
-35
-37
-42
-47
-47
-51
-53
-54
-59
-59
-59
-62
-61
-64
-66
-63
-66
-65
-63
-67
-66
-64
-65
-65
-64
-66
-67
-67
-65
-64
-63
-64
-62
-61
-58
-55
-55
-52
-49
-48
-46
-43
-40
-38
-37
-31
-28
-27
-24
-20
-18
-16
-12
-9
-5
-3
0
4
5
8
13
16
20
22
24
29
31
31
35
39
40
42
46
48
49
50
54
56
56
56
59
60
62
64
67
69
69
70
70
73
73
72
73
74
73
73
74
72
71
70
67
67
65
63
61
59
56
55
52
49
47
44
40
39
33
29
26
22
17
12
9
5
2
0
-5
-9
-12
-16
-19
-23
-26
-28
-30
-33
-36
-39
-42
-43
-48
-51
-52
-55
-57
-57
-61
-64
-66
-67
-67
-67
-68
-68
-67
-67
-67
-67
-67
-67
-68
-68
-65
-63
-62
-61
-60
-60
-60
-57
-53
-52
-51
-49
-46
-45
-44
-42
-41
-40
-39
-36
-33
-33
-32
-30
-28
-29
-27
-25
-21
-22
-20
-18
-16
-13
-12
-9
-6
-4
-2
3
5
6
9
11
16
20
22
26
28
31
33
34
38
41
44
47
49
53
54
57
60
61
64
67
68
72
71
73
75
77
77
78
77
77
79
77
75
74
75
73
72
70
69
68
65
62
59
56
52
50
46
43
41
38
34
32
28
22
18
14
11
6
3
1
-2
-6
-9
-14
-18
-23
-26
-31
-35
-37
-41
-42
-45
-47
-50
-54
-57
-61
-63
-63
-65
-65
-66
-66
-66
-68
-68
-69
-68
-68
-67
-67
-68
-68
-68
-67
-65
-64
-64
-63
-62
-61
-59
-59
-59
-57
-54
-51
-49
-49
-46
-43
-42
-40
-37
-36
-33
-30
-26
-23
-20
-17
-16
-16
-15
-11
-10
-7
-4
-2
0
3
7
8
11
14
16
19
22
24
25
30
34
37
39
40
42
43
46
47
49
53
57
60
61
63
65
68
70
70
70
71
73
75
79
80
80
81
80
78
78
79
80
80
79
78
76
74
72
71
69
64
62
61
60
58
56
52
48
44
40
38
37
33
28
22
18
16
14
8
3
-1
-4
-6
-10
-14
-17
-22
-24
-26
-31
-32
-35
-39
-43
-45
-48
-52
-54
-55
-59
-61
-61
-61
-63
-65
-69
-70
-69
-70
-71
-71
-72
-71
-69
-69
-70
-70
-72
-72
-69
-67
-68
-68
-65
-64
-63
-62
-59
-59
-59
-57
-54
-52
-51
-47
-47
-46
-45
-43
-40
-38
-37
-35
-32
-28
-25
-23
-19
-19
-16
-14
-12
-8
-5
-5
-4
1
3
5
9
11
15
19
22
24
25
26
30
32
34
37
38
41
42
45
46
48
47
50
53
54
55
56
58
59
60
61
63
62
62
62
62
65
65
65
66
66
64
64
63
62
61
60
58
55
55
53
50
48
46
44
42
40
37
34
30
28
22
20
17
14
10
5
4
0
-3
-6
-8
-11
-16
-19
-22
-26
-29
-33
-37
-38
-42
-44
-48
-51
-52
-55
-57
-59
-61
-62
-63
-64
-66
-66
-68
-68
-68
-70
-70
-69
-70
-68
-67
-66
-66
-65
-64
-63
-61
-60
-57
-55
-54
-53
-51
-49
-47
-45
-42
-39
-37
-35
-32
-29
-25
-23
-20
-18
-16
-14
-11
-7
-5
-1
0
4
7
9
12
13
14
18
20
23
24
26
27
29
30
31
32
33
35
36
38
39
39
39
40
40
42
42
43
43
45
47
47
48
49
50
50
51
53
53
53
53
54
53
54
55
54
53
55
56
58
57
55
55
54
54
56
55
52
53
51
51
48
44
41
40
41
36
34
31
28
27
25
21
18
14
11
8
4
3
2
-3
-10
-12
-14
-19
-24
-27
-28
-30
-31
-37
-41
-43
-44
-47
-49
-49
-51
-53
-54
-57
-58
-58
-59
-59
-59
-58
-58
-60
-60
-59
-56
-54
-53
-53
-51
-48
-45
-44
-40
-39
-37
-37
-36
-34
-31
-27
-23
-23
-23
-19
-17
-17
-17
-15
-11
-9
-6
-6
-5
-4
-3
-3
-1
0
2
3
3
5
5
7
8
9
10
12
13
12
15
14
17
17
17
19
20
22
22
24
26
29
30
30
31
32
34
34
35
35
34
37
38
38
38
38
37
36
38
38
37
38
37
37
37
37
35
35
33
32
31
29
28
26
24
24
22
21
21
18
16
13
12
12
9
7
7
5
4
1
-2
-2
-6
-6
-11
-12
-12
-16
-18
-20
-23
-24
-25
-27
-29
-31
-31
-33
-35
-35
-37
-39
-41
-41
-42
-43
-45
-46
-46
-47
-47
-47
-48
-49
-50
-50
-49
-49
-49
-51
-51
-49
-49
-50
-50
-50
-49
-49
-48
-46
-45
-46
-45
-44
-41
-39
-37
-33
-33
-32
-29
-27
-24
-22
-19
-16
-14
-11
-9
-5
-3
1
4
8
10
13
16
18
20
22
27
31
32
35
37
39
41
43
47
49
49
49
50
52
53
54
55
55
54
51
51
52
52
53
53
53
51
52
50
49
48
46
44
43
42
40
39
38
35
36
33
30
29
27
25
24
25
24
23
22
19
17
16
14
10
9
8
5
5
3
2
-1
-3
-4
-6
-8
-9
-10
-10
-10
-12
-14
-15
-18
-21
-23
-23
-24
-26
-28
-27
-26
-29
-31
-29
-31
-31
-32
-33
-33
-33
-31
-31
-32
-32
-32
-31
-31
-32
-30
-28
-28
-28
-28
-28
-27
-26
-26
-25
-24
-24
-22
-21
-20
-18
-17
-14
-14
-12
-10
-9
-8
-7
-7
-4
-3
-3
-1
0
3
4
4
6
6
7
8
11
12
13
13
13
15
15
17
19
19
20
20
21
20
19
20
20
21
22
21
22
21
20
21
22
22
22
22
22
22
22
23
23
23
23
22
23
21
21
20
19
19
18
17
18
17
15
15
15
14
15
13
12
12
9
7
5
3
3
2
0
0
-1
-4
-6
-7
-7
-7
-6
-7
-8
-8
-10
-12
-14
-14
-14
-15
-17
-17
-18
-18
-20
-22
-21
-22
-21
-21
-19
-20
-21
-21
-20
-21
-21
-22
-23
-23
-23
-22
-22
-24
-24
-25
-24
-23
-23
-23
-24
-24
-23
-23
-22
-21
-20
-21
-22
-20
-18
-18
-18
-16
-16
-15
-13
-13
-13
-12
-12
-11
-9
-8
-7
-5
-3
-2
-1
-2
0
0
2
4
6
8
11
11
11
13
13
16
17
19
20
21
21
23
24
26
27
28
29
28
30
32
32
32
32
31
30
31
33
32
30
28
27
27
26
26
24
22
21
19
15
14
14
11
10
9
8
8
6
4
2
0
-2
-2
-3
-4
-4
-7
-10
-11
-12
-14
-16
-16
-18
-18
-19
-19
-20
-22
-22
-22
-24
-24
-24
-25
-23
-24
-23
-24
-23
-22
-22
-23
-21
-22
-22
-23
-23
-23
-22
-21
-22
-23
-22
-22
-20
-20
-20
-20
-19
-18
-17
-17
-16
-14
-14
-13
-14
-12
-11
-10
-8
-7
-7
-6
-5
-3
-2
0
1
1
2
3
6
7
8
9
11
11
12
14
16
19
19
20
20
21
23
22
24
26
28
29
30
31
34
34
34
36
36
37
37
37
38
38
38
37
36
37
36
35
36
34
34
33
32
32
31
32
33
31
30
29
27
27
27
25
23
22
21
20
18
17
15
14
11
10
9
6
5
4
4
4
1
-1
-4
-5
-6
-7
-8
-10
-11
-13
-15
-18
-19
-20
-21
-23
-24
-23
-24
-26
-28
-27
-27
-28
-30
-31
-32
-32
-32
-31
-31
-33
-34
-37
-37
-37
-37
-36
-35
-35
-36
-36
-37
-35
-34
-34
-35
-33
-32
-30
-29
-28
-27
-26
-26
-27
-25
-22
-22
-19
-18
-17
-17
-15
-14
-13
-12
-12
-10
-10
-9
-7
-5
-2
-2
-1
-1
2
1
2
5
7
10
12
13
14
15
15
15
16
17
18
18
19
18
20
20
21
23
22
22
22
22
22
22
24
25
26
27
27
26
25
25
23
23
22
23
24
24
24
24
23
20
19
19
20
20
20
20
18
17
16
15
14
14
12
11
10
7
6
6
4
4
3
0
-3
-2
-4
-5
-5
-5
-5
-7
-8
-10
-10
-12
-13
-13
-14
-14
-16
-16
-18
-19
-22
-22
-21
-21
-21
-23
-22
-24
-23
-23
-25
-26
-28
-28
-29
-28
-26
-28
-28
-28
-30
-31
-30
-29
-30
-29
-29
-27
-27
-25
-25
-25
-26
-24
-21
-21
-21
-19
-18
-15
-15
-15
-15
-12
-11
-9
-8
-8
-7
-5
-2
-1
0
2
4
5
6
8
8
10
11
13
13
13
14
14
16
18
19
20
20
21
23
24
26
27
28
28
27
28
28
27
29
30
30
32
32
32
34
34
34
34
34
35
34
34
34
34
33
33
32
30
30
32
30
30
29
29
28
27
27
25
24
22
22
21
20
19
16
16
16
15
14
14
13
11
10
9
8
6
6
6
5
1
1
-1
-2
-4
-4
-6
-7
-9
-11
-12
-12
-15
-16
-17
-17
-18
-20
-22
-22
-22
-22
-23
-24
-25
-26
-26
-25
-24
-25
-24
-24
-25
-26
-27
-28
-28
-28
-27
-27
-28
-28
-27
-27
-27
-27
-27
-26
-27
-27
-25
-23
-23
-22
-21
-19
-19
-18
-17
-16
-17
-16
-13
-11
-9
-9
-7
-7
-7
-6
-5
-5
-3
-3
-1
2
2
0
0
0
1
3
4
4
5
8
7
10
11
10
10
13
13
12
13
13
14
15
14
14
15
13
13
12
13
15
15
16
15
13
12
12
11
11
11
11
11
13
12
11
9
8
8
7
5
7
5
5
5
7
8
6
4
3
1
1
0
0
-1
-1
-2
-2
-2
-4
-5
-6
-7
-6
-6
-6
-5
-6
-6
-5
-7
-7
-8
-10
-10
-9
-10
-9
-8
-7
-7
-8
-8
-8
-9
-8
-9
-8
-7
-7
-5
-6
-6
-6
-5
-5
-7
-6
-5
-5
-4
-2
0
0
0
0
-1
-1
-2
-2
-2
0
-1
1
1
1
2
2
2
3
2
2
3
4
4
5
4
5
5
5
4
2
2
2
3
3
4
4
6
7
6
6
5
4
5
5
7
7
7
8
8
7
6
5
4
4
4
5
4
4
4
4
4
5
4
3
2
1
1
3
2
3
3
3
1
1
0
1
1
0
2
1
1
0
0
0
0
0
0
1
1
1
-1
-2
-3
-2
-3
-3
-2
0
-1
-2
-2
-3
-2
