-5
-4
-2
1
3
3
5
5
5
4
3
1
0
0
0
-2
-4
-5
-4
-3
-3
-2
-3
-2
0
0
-2
-2
-2
-2
-1
-3
-3
-2
-1
-1
-1
0
0
0
0
-1
-2
-3
-5
-6
-7
-9
-8
-5
-4
-3
-4
-1
1
2
2
0
1
-1
-2
-5
-8
-10
-10
-11
-10
-12
-10
-8
-7
-5
-4
-3
-2
-1
1
0
-1
-1
0
0
-1
-2
1
2
3
3
2
3
4
4
4
3
0
0
0
2
2
3
4
7
10
12
13
13
12
12
11
9
8
7
6
5
4
4
4
5
6
6
6
6
5
2
1
0
0
-1
-1
-1
-2
-3
-1
-2
-2
0
1
2
2
2
1
1
1
3
3
2
0
-3
-6
-7
-8
-12
-13
-13
-14
-17
-19
-22
-22
-23
-24
-27
-30
-30
-32
-33
-31
-22
-9
8
23
36
48
63
75
79
74
66
58
47
32
13
-9
-25
-34
-38
-42
-47
-47
-39
-29
-19
-10
0
10
18
23
28
33
38
42
43
43
39
35
31
24
7
-15
-32
-47
-58
-73
-83
-85
-81
-71
-56
-38
-20
2
22
35
45
49
48
40
26
12
-1
-14
-24
-33
-36
-15
27
56
55
53
65
74
75
59
36
30
42
41
22
-2
-20
-9
25
34
15
0
1
10
13
-2
-20
-18
-5
2
0
-3
4
23
37
35
29
29
35
34
13
-13
-27
-31
-29
-35
-49
-56
-45
-29
-20
-16
-16
-14
2
21
26
18
14
10
-5
-29
-52
-65
-68
-72
-82
-85
-84
-89
-94
-96
-103
-114
-121
-118
-105
-102
-119
-121
-84
-21
39
91
137
172
194
193
165
112
58
31
14
-21
-76
-128
-154
-153
-142
-135
-125
-105
-76
-48
-30
-17
0
26
50
62
65
82
110
134
133
115
97
89
75
39
-10
-61
-102
-126
-139
-150
-153
-131
-91
-47
-7
28
63
102
127
130
125
118
109
93
69
37
9
-2
0
5
6
7
38
98
150
170
173
180
189
189
171
141
127
133
134
116
79
44
35
47
47
19
-12
-18
0
11
4
-2
11
39
62
63
51
46
52
56
44
18
3
2
-1
-19
-43
-62
-70
-71
-77
-96
-117
-120
-108
-96
-94
-95
-89
-77
-62
-56
-59
-67
-77
-94
-123
-152
-177
-198
-220
-247
-267
-264
-231
-186
-165
-182
-212
-238
-259
-246
-168
-36
103
211
275
298
282
226
152
107
91
74
27
-52
-147
-219
-234
-207
-186
-186
-192
-176
-133
-90
-65
-43
-14
24
60
97
139
183
221
238
232
217
198
168
109
21
-73
-154
-207
-231
-245
-248
-223
-167
-92
-11
60
116
155
183
195
201
199
187
167
131
90
55
39
39
40
36
38
51
71
92
107
117
127
148
172
192
222
272
325
352
347
326
295
254
192
111
50
23
17
13
-3
-23
-26
5
46
69
74
74
81
97
106
106
106
112
113
107
91
70
52
26
-15
-57
-83
-102
-122
-135
-138
-143
-145
-134
-115
-105
-104
-105
-111
-124
-139
-149
-160
-176
-189
-194
-203
-219
-241
-271
-315
-359
-383
-379
-371
-375
-381
-377
-370
-382
-399
-375
-281
-113
108
317
440
472
464
414
294
127
-5
-48
-41
-59
-133
-221
-258
-231
-183
-167
-191
-212
-191
-144
-113
-103
-71
13
109
180
228
279
337
372
360
298
219
156
102
22
-93
-200
-259
-269
-254
-234
-215
-169
-95
-26
19
54
94
135
165
186
203
219
236
242
218
161
97
56
25
-8
-37
-49
-31
9
70
138
204
262
301
323
332
344
364
373
348
306
268
243
223
188
147
109
90
82
63
30
-2
-10
-2
19
49
83
120
150
166
176
186
200
205
188
149
103
53
4
-45
-92
-132
-156
-154
-147
-144
-141
-136
-137
-146
-149
-145
-151
-166
-186
-197
-190
-182
-189
-220
-259
-286
-295
-313
-357
-414
-459
-485
-511
-531
-550
-554
-541
-512
-477
-436
-323
-118
156
400
529
555
497
410
254
54
-109
-171
-138
-101
-98
-148
-180
-168
-139
-152
-225
-293
-323
-299
-267
-217
-131
5
166
282
357
396
432
439
385
278
155
73
21
-24
-83
-139
-168
-169
-162
-168
-163
-148
-136
-125
-100
-47
21
94
159
215
263
311
344
338
283
199
112
44
4
-19
-23
-14
9
52
106
175
235
277
297
296
312
357
410
431
415
388
360
320
260
190
120
69
48
55
61
58
52
52
60
65
65
61
65
86
124
172
211
237
236
218
182
141
103
48
-21
-96
-158
-197
-217
-219
-213
-206
-189
-156
-118
-93
-94
-116
-133
-151
-174
-193
-219
-243
-279
-321
-362
-395
-411
-412
-422
-452
-473
-497
-507
-515
-526
-541
-553
-472
-270
23
332
563
679
666
573
399
164
-54
-170
-157
-108
-83
-109
-164
-209
-253
-295
-349
-388
-410
-410
-372
-290
-138
57
247
362
411
439
456
446
371
267
170
111
86
64
36
-10
-58
-125
-200
-259
-285
-268
-233
-188
-120
-27
81
185
258
290
299
298
287
258
216
169
121
83
78
109
146
159
137
96
61
50
65
87
118
192
318
445
543
583
573
506
387
262
153
84
57
45
31
41
58
74
71
34
-2
-35
-42
-29
-16
-1
36
95
171
228
246
254
224
166
92
22
-30
-59
-81
-100
-133
-181
-209
-229
-259
-296
-315
-298
-230
-150
-89
-62
-74
-92
-132
-200
-280
-369
-449
-497
-517
-520
-523
-516
-528
-567
-630
-678
-629
-495
-237
87
379
559
583
547
442
277
112
43
99
179
212
129
-19
-187
-332
-458
-584
-657
-674
-628
-545
-420
-266
-98
64
171
232
257
311
375
407
415
401
413
416
389
299
148
-16
-201
-365
-484
-523
-496
-424
-325
-226
-109
7
108
150
164
187
222
274
319
361
370
357
325
292
250
187
113
30
-22
-56
-47
-10
37
79
139
264
376
461
470
450
434
402
392
368
365
383
395
340
235
117
-13
-114
-202
-229
-215
-151
-51
31
79
96
114
118
125
111
114
156
223
305
332
317
263
178
64
-70
-203
-304
-367
-394
-395
-395
-364
-309
-252
-246
-264
-285
-283
-262
-258
-229
-216
-206
-218
-244
-303
-392
-472
-554
-604
-670
-691
-639
-494
-246
14
250
346
318
214
104
6
-46
47
233
458
572
538
350
45
-247
-508
-675
-747
-694
-574
-439
-282
-173
-108
-106
-114
-131
-117
-16
151
354
534
686
760
748
644
460
237
13
-138
-234
-245
-189
-97
-23
-8
-39
-131
-222
-306
-347
-298
-138
108
351
556
676
706
632
494
341
198
126
106
153
226
293
333
298
271
222
147
84
28
54
101
142
191
240
310
384
408
373
323
241
186
159
159
197
201
181
114
7
-124
-253
-354
-385
-318
-205
-47
98
201
248
204
119
32
-29
-33
17
91
170
207
172
75
-73
-219
-349
-450
-486
-463
-417
-368
-329
-311
-328
-372
-413
-441
-477
-487
-486
-460
-407
-355
-293
-312
-304
-247
-189
-71
30
141
147
76
15
-60
-107
-125
-16
103
195
226
135
-8
-199
-316
-382
-376
-293
-219
-189
-218
-237
-316
-425
-521
-560
-492
-359
-121
122
324
470
542
556
499
426
327
245
205
203
226
211
176
93
-24
-151
-262
-324
-318
-247
-166
-53
55
145
201
202
189
177
215
306
428
547
649
699
675
595
464
312
186
160
193
265
353
416
427
335
206
68
-51
-130
-146
-107
-16
115
208
272
282
251
183
105
87
91
88
63
30
-7
-61
-123
-172
-199
-211
-200
-191
-154
-102
-79
-89
-99
-99
-96
-86
-78
-60
-49
-52
-65
-95
-127
-143
-171
-228
-254
-269
-277
-313
-418
-503
-575
-636
-603
-579
-487
-411
-427
-329
-230
-124
-38
47
179
200
137
74
81
97
152
273
368
443
373
186
-44
-269
-386
-435
-399
-269
-154
-162
-212
-271
-370
-468
-540
-503
-408
-279
-104
43
131
139
95
25
26
97
181
280
366
449
477
441
373
269
160
69
12
-17
18
39
16
-36
-96
-138
-171
-161
-104
-14
76
171
287
366
438
467
480
525
586
780
907
942
942
810
715
572
430
390
339
330
364
303
161
3
-243
-366
-375
-309
-149
-99
-46
-15
-76
-147
-141
-111
-48
68
138
261
299
237
171
21
-81
-119
-157
-142
-116
-155
-200
-294
-381
-362
-374
-370
-329
-296
-255
-262
-321
-361
-402
-452
-389
-310
-253
-175
-207
-261
-325
-412
-459
-539
-599
-509
-371
-247
-81
8
44
0
-133
-178
-176
-109
67
293
481
524
400
163
-54
-236
-284
-180
-20
160
204
113
-50
-266
-480
-605
-604
-497
-336
-203
-82
-30
-92
-171
-246
-252
-148
-4
163
298
343
326
249
151
88
72
120
231
318
366
403
359
247
137
71
72
91
136
183
190
146
108
122
125
184
259
338
444
491
523
520
495
482
492
518
562
638
674
720
727
671
590
449
324
214
120
66
49
31
-9
-53
-127
-179
-245
-300
-303
-323
-321
-314
-316
-310
-292
-258
-200
-134
-82
-14
17
23
14
-53
-96
-115
-121
-104
-100
-97
-88
-125
-191
-240
-311
-369
-380
-378
-345
-325
-330
-354
-428
-509
-555
-583
-565
-511
-480
-414
-329
-288
-232
-197
-194
-209
-270
-299
-281
-254
-167
-15
125
219
224
153
71
-18
-47
10
65
116
134
96
28
-69
-171
-227
-235
-209
-152
-115
-106
-132
-200
-246
-279
-287
-245
-177
-91
-9
38
57
65
52
49
74
115
180
227
259
284
276
257
246
241
247
268
290
311
303
280
274
266
263
284
321
360
408
449
478
491
492
489
482
484
494
491
471
461
466
466
456
438
418
376
329
309
308
300
279
272
254
219
184
128
60
-23
-93
-121
-141
-173
-197
-224
-263
-291
-304
-303
-298
-293
-275
-257
-232
-196
-168
-140
-105
-77
-51
-42
-54
-66
-75
-97
-112
-99
-93
-111
-159
-225
-285
-334
-371
-395
-417
-435
-436
-426
-417
-417
-404
-390
-385
-369
-329
-274
-262
-274
-292
-311
-318
-327
-333
-332
-318
-314
-302
-288
-278
-260
-271
-290
-299
-287
-249
-207
-174
-137
-109
-95
-74
-59
-53
-48
-55
-57
-42
-25
-8
3
17
36
55
80
126
158
204
242
225
245
313
331
337
402
366
331
457
451
320
369
468
344
251
360
366
256
292
406
391
387
432
434
424
383
352
390
446
425
430
489
482
384
344
357
318
267
217
248
283
283
231
192
254
242
216
215
205
218
198
192
171
86
23
31
-19
-82
-132
-213
-196
-167
-231
-291
-266
-250
-263
-209
-173
-222
-192
-131
-145
-116
-63
-67
-89
-51
-96
-206
-194
-236
-351
-390
-369
-367
-407
-399
-410
-477
-510
-506
-515
-513
-488
-505
-490
-436
-412
-388
-367
-343
-358
-384
-350
-330
-324
-302
-288
-289
-278
-271
-280
-262
-246
-244
-219
-177
-165
-168
-175
-198
-179
-125
-96
-65
15
41
-18
-37
0
-25
-54
3
57
72
98
158
183
158
163
195
241
276
348
458
502
468
435
431
416
376
341
341
356
373
390
400
395
371
341
310
291
298
307
322
338
343
335
347
368
353
340
333
342
342
330
327
321
319
298
288
271
226
192
161
128
115
141
150
134
139
145
130
96
64
25
-11
-60
-86
-56
-68
-86
-93
-113
-138
-156
-160
-181
-205
-213
-231
-236
-190
-164
-164
-130
-112
-137
-169
-175
-180
-236
-296
-313
-307
-324
-345
-328
-327
-358
-364
-348
-363
-417
-426
-411
-415
-424
-414
-378
-374
-367
-330
-317
-322
-320
-294
-288
-297
-281
-266
-233
-239
-240
-231
-258
-239
-215
-196
-184
-139
-106
-109
-98
-84
-82
-97
-78
-70
-52
-9
10
46
71
69
54
59
82
83
85
99
127
154
184
230
273
310
355
390
414
415
407
412
407
404
410
419
437
430
401
380
351
320
315
328
325
332
336
324
318
297
284
277
273
291
313
345
375
401
411
393
369
344
318
287
259
227
176
143
115
84
69
62
62
59
39
15
2
-24
-64
-90
-108
-108
-98
-78
-59
-60
-85
-138
-177
-190
-212
-229
-219
-216
-204
-176
-159
-161
-191
-218
-234
-240
-249
-265
-274
-294
-303
-304
-313
-336
-355
-364
-375
-384
-381
-375
-385
-395
-388
-364
-344
-339
-325
-314
-310
-291
-253
-221
-213
-215
-201
-189
-186
-178
-188
-227
-264
-260
-238
-217
-188
-166
-148
-151
-146
-128
-117
-109
-112
-94
-53
-9
17
34
50
51
49
54
80
104
119
145
164
176
200
232
246
231
231
253
269
296
329
356
384
399
423
440
440
425
414
417
388
361
363
362
359
364
372
363
345
329
310
294
278
268
280
302
320
336
331
329
338
326
302
268
249
218
168
126
94
65
34
6
-24
-54
-83
-101
-121
-127
-139
-144
-127
-134
-127
-127
-140
-117
-116
-123
-114
-124
-157
-200
-210
-205
-235
-240
-215
-232
-231
-230
-245
-237
-254
-286
-288
-287
-295
-301
-322
-337
-340
-334
-326
-335
-331
-304
-305
-324
-325
-308
-311
-335
-306
-267
-271
-238
-215
-219
-215
-222
-211
-215
-192
-182
-198
-170
-167
-185
-186
-169
-198
-211
-183
-183
-175
-156
-136
-131
-115
-75
-52
-19
13
36
74
121
143
165
191
191
207
242
272
285
303
315
302
298
294
274
269
276
299
326
342
371
400
394
374
385
394
385
372
403
414
403
428
395
368
376
336
311
344
316
317
322
283
264
265
256
246
250
254
277
230
255
181
107
164
118
73
56
45
30
7
-55
-118
-91
-131
-198
-129
-170
-237
-156
-133
-187
-209
-126
-177
-279
-125
-169
-285
-156
-170
-259
-200
-210
-269
-273
-228
-240
-288
-200
-243
-320
-211
-258
-340
-306
-267
-272
-260
-186
-272
-316
-209
-263
-304
-268
-254
-228
-238
-162
-238
-268
-162
-185
-224
-160
-111
-180
-126
-72
-142
-128
-93
-132
-152
-92
-70
-142
-117
-54
-156
-189
-103
-175
-162
-99
-118
-103
-87
-59
-49
-22
11
27
38
89
130
126
168
220
239
252
261
276
272
258
299
306
276
311
309
295
295
274
276
315
343
319
376
407
370
355
341
332
328
378
370
375
431
365
293
345
304
235
246
294
260
177
261
242
131
154
192
155
122
117
109
84
41
23
-10
-1
48
5
-47
-26
-73
-147
-152
-156
-150
-165
-178
-127
-144
-181
-194
-248
-195
-182
-261
-227
-156
-178
-221
-237
-198
-204
-239
-234
-257
-204
-245
-362
-295
-250
-329
-311
-225
-210
-299
-243
-171
-292
-276
-230
-229
-222
-198
-206
-279
-171
-190
-295
-258
-204
-179
-268
-222
-141
-261
-276
-225
-245
-226
-196
-180
-186
-165
-143
-200
-191
-93
-126
-144
-73
-85
-114
-119
-77
-76
-61
16
48
94
86
113
146
100
127
189
245
267
289
353
362
360
348
324
362
370
342
337
368
356
325
323
335
347
316
320
362
358
311
304
342
302
299
330
315
337
349
308
267
263
269
219
221
264
217
190
179
146
94
89
102
86
117
117
104
96
85
75
9
-5
7
26
47
-51
-55
-20
-83
-120
-104
-103
-126
-162
-131
-123
-225
-174
-221
-227
-198
-206
-165
-242
-197
-225
-252
-254
-233
-234
-323
-292
-275
-341
-366
-302
-383
-367
-267
-332
-371
-314
-302
-396
-315
-264
-286
-206
-213
-274
-292
-236
-269
-315
-231
-179
-187
-151
-211
-273
-252
-297
-274
-244
-195
-173
-171
-116
-138
-178
-158
-122
-104
-45
-9
2
34
58
84
81
91
160
194
217
271
311
328
319
315
321
346
358
362
398
416
406
388
374
374
346
317
333
344
335
322
314
275
239
256
272
255
257
275
259
251
243
231
222
222
225
224
241
234
205
203
214
213
198
172
163
155
115
99
123
140
139
165
171
120
77
81
67
75
112
97
97
120
76
-8
-39
-20
-32
-69
-47
-20
-84
-158
-164
-168
-194
-227
-218
-183
-211
-253
-243
-286
-310
-267
-293
-297
-307
-313
-337
-384
-363
-397
-436
-396
-389
-412
-414
-411
-427
-429
-407
-370
-333
-384
-371
-340
-349
-340
-331
-345
-384
-385
-371
-377
-358
-281
-255
-262
-252
-244
-275
-293
-229
-162
-79
12
61
66
-5
-13
22
64
179
279
328
329
311
263
225
219
258
331
378
384
348
279
201
156
170
230
272
270
266
222
161
133
119
157
210
249
269
248
203
154
134
160
220
284
326
323
289
246
239
231
244
334
421
468
465
437
366
300
291
321
379
427
445
431
389
310
238
221
241
268
292
319
281
187
108
49
20
30
69
83
37
-15
-70
-144
-185
-170
-158
-159
-164
-203
-278
-335
-354
-375
-380
-349
-353
-386
-410
-455
-491
-509
-498
-463
-464
-485
-509
-548
-565
-560
-549
-544
-534
-560
-578
-586
-633
-653
-654
-591
-495
-365
-279
-314
-366
-393
-383
-334
-246
-136
-22
89
159
132
20
-62
-63
26
190
341
381
313
208
98
30
15
80
165
211
201
117
3
-120
-187
-149
-16
100
134
100
27
-49
-100
-56
40
141
208
230
221
176
129
97
146
254
368
438
441
393
326
299
330
400
470
532
573
581
546
487
457
455
494
558
613
646
628
583
540
509
499
504
518
531
551
536
475
430
369
320
296
296
306
277
222
142
74
37
3
-11
-22
-58
-94
-146
-200
-253
-286
-309
-320
-310
-343
-405
-468
-498
-511
-527
-529
-528
-533
-576
-604
-612
-644
-664
-632
-620
-636
-687
-746
-726
-617
-418
-302
-291
-366
-479
-507
-490
-420
-233
18
207
238
112
-86
-275
-307
-130
167
397
415
261
17
-219
-372
-352
-183
7
98
15
-214
-467
-667
-731
-605
-373
-166
-118
-214
-390
-553
-602
-498
-270
-22
139
177
115
-12
-99
-85
53
265
440
545
521
400
282
227
284
403
522
596
612
577
482
392
357
398
488
599
671
676
616
534
498
511
566
631
692
721
716
691
645
597
580
588
595
612
607
544
438
352
303
265
255
235
177
102
25
-47
-117
-161
-192
-228
-249
-272
-306
-356
-399
-409
-418
-422
-405
-418
-440
-435
-424
-442
-478
-509
-556
-559
-515
-344
-149
-88
-142
-266
-342
-383
-385
-273
-33
222
364
299
77
-179
-347
-277
-6
281
405
313
48
-255
-500
-629
-551
-357
-195
-181
-335
-590
-864
-1029
-1015
-793
-515
-355
-376
-511
-662
-779
-756
-588
-354
-142
-17
-7
-92
-213
-286
-225
-58
131
284
304
199
58
-54
-80
-22
56
132
181
188
157
92
33
37
106
217
314
367
393
377
372
435
525
605
667
718
750
752
756
748
738
730
737
751
718
645
550
468
406
364
352
317
241
142
54
-6
-59
-96
-107
-103
-90
-110
-150
-175
-165
-134
-77
-24
3
-15
-59
-75
-64
-57
-44
-31
-52
-82
-91
49
248
300
186
48
20
-2
-63
5
246
503
603
509
288
-17
-250
-192
124
439
555
423
133
-183
-473
-613
-521
-293
-99
-75
-245
-525
-812
-1017
-991
-740
-436
-264
-290
-456
-670
-821
-796
-611
-365
-150
-46
-87
-229
-405
-498
-448
-284
-88
55
39
-95
-277
-415
-438
-370
-261
-187
-157
-187
-236
-288
-311
-263
-153
-22
91
161
169
135
144
232
348
474
559
573
570
545
526
533
540
545
569
570
512
411
277
172
130
122
134
133
76
-24
-108
-158
-173
-143
-92
-38
11
30
11
-30
-40
-12
67
177
244
234
175
101
60
48
51
44
68
132
190
320
355
286
144
54
108
157
234
398
615
746
701
545
327
146
127
341
647
801
749
508
198
-90
-245
-204
-41
120
154
7
-272
-562
-751
-802
-646
-398
-203
-187
-342
-536
-714
-760
-655
-441
-224
-104
-93
-208
-369
-487
-486
-366
-216
-64
-53
-166
-317
-460
-528
-525
-448
-370
-350
-388
-436
-482
-540
-546
-477
-327
-169
-81
-51
-52
-54
-40
26
143
266
368
445
476
436
346
264
239
280
355
396
355
237
79
-48
-122
-117
-72
-46
-58
-126
-206
-281
-325
-298
-212
-84
15
47
20
-32
-61
-26
73
159
207
199
139
84
27
-18
-34
-50
-1
77
164
290
327
279
161
114
163
192
280
468
722
890
879
715
474
307
332
567
860
1021
998
763
426
122
-31
14
188
369
407
255
-34
-325
-541
-573
-385
-146
45
57
-104
-325
-514
-550
-431
-216
-22
103
92
-35
-177
-292
-297
-206
-59
74
67
-69
-252
-410
-480
-476
-428
-384
-370
-414
-476
-533
-567
-550
-515
-402
-230
-126
-93
-106
-103
-50
-4
65
174
270
343
377
332
255
153
73
80
130
170
134
7
-147
-274
-361
-373
-334
-298
-303
-358
-414
-471
-520
-501
-402
-282
-175
-138
-164
-197
-210
-156
-63
17
53
25
-18
-55
-82
-115
-123
-147
-150
-88
-10
144
226
210
141
50
29
40
136
361
657
899
941
793
522
311
303
510
855
1094
1147
947
603
272
50
52
226
464
581
488
211
-132
-379
-460
-306
-35
210
284
137
-93
-305
-370
-284
-82
154
318
333
201
33
-100
-117
-26
111
241
250
142
-31
-189
-270
-297
-283
-258
-228
-251
-310
-374
-423
-418
-400
-294
-153
-47
4
-5
-8
-1
31
101
191
291
373
378
298
160
19
-50
-21
73
129
59
-99
-286
-442
-541
-538
-450
-376
-371
-438
-540
-661
-735
-695
-556
-377
-255
-236
-306
-401
-463
-415
-294
-181
-100
-112
-169
-257
-337
-399
-413
-388
-309
-175
-124
-43
20
15
-40
-146
-114
-38
75
288
551
774
792
661
435
289
292
472
785
997
1064
866
526
226
53
69
206
414
511
420
142
-155
-344
-404
-238
5
237
303
173
-21
-196
-205
-95
107
312
449
469
342
209
109
104
187
307
415
400
283
115
-27
-96
-100
-82
-73
-65
-100
-148
-200
-220
-194
-166
-101
2
120
220
269
289
298
303
316
364
439
524
576
546
443
284
131
45
32
57
56
-16
-145
-308
-478
-576
-598
-571
-530
-523
-558
-635
-717
-764
-730
-616
-474
-381
-372
-413
-469
-484
-456
-416
-366
-325
-327
-357
-421
-509
-589
-658
-593
-467
-341
-179
-92
-112
-263
-384
-363
-286
-113
158
484
675
638
446
201
71
119
390
714
933
935
675
308
-6
-133
-90
106
345
436
295
-27
-312
-505
-511
-310
-20
233
285
166
-53
-214
-236
-112
127
359
510
493
368
207
91
89
171
307
406
418
308
135
-28
-121
-126
-96
-23
22
29
-6
-73
-89
-82
-45
47
225
449
572
579
528
480
468
499
611
775
895
927
834
617
383
220
192
306
431
443
287
13
-245
-439
-514
-437
-289
-189
-210
-361
-554
-712
-765
-659
-454
-261
-179
-222
-361
-502
-569
-549
-425
-294
-231
-279
-402
-525
-666
-759
-764
-656
-505
-414
-352
-316
-318
-408
-512
-501
-398
-236
-37
222
430
464
341
144
31
51
229
485
703
769
599
277
-29
-191
-211
-102
103
243
184
-77
-374
-582
-626
-477
-226
29
138
58
-127
-296
-332
-226
-37
179
345
384
307
170
44
2
62
184
283
308
234
83
-66
-164
-179
-154
-121
-87
-61
-64
-100
-118
-100
-16
100
221
332
426
515
557
580
628
713
803
872
916
926
878
778
686
630
618
608
563
484
354
196
61
-16
-51
-53
-58
-99
-170
-265
-342
-382
-359
-281
-190
-121
-106
-158
-246
-295
-274
-201
-132
-96
-113
-199
-333
-438
-487
-516
-524
-543
-551
-543
-559
-537
-470
-401
-374
-419
-441
-419
-353
-213
-5
215
331
329
218
90
17
58
220
402
527
488
287
21
-205
-303
-284
-171
-57
-50
-181
-385
-562
-643
-587
-450
-282
-157
-130
-182
-277
-331
-313
-225
-90
59
174
197
139
42
-46
-81
-53
4
41
33
-18
-100
-206
-294
-338
-351
-337
-298
-238
-196
-169
-182
-174
-83
49
204
338
466
542
560
583
641
734
828
917
939
902
811
705
648
616
615
585
517
414
283
160
69
37
36
55
42
-1
-78
-159
-179
-154
-50
70
140
150
95
15
-23
2
66
135
147
127
49
-81
-176
-237
-266
-296
-312
-344
-429
-506
-534
-489
-408
-300
-224
-260
-332
-363
-312
-196
11
260
428
445
357
233
104
92
204
379
515
530
403
137
-132
-293
-353
-312
-217
-167
-234
-383
-550
-679
-736
-688
-542
-391
-274
-237
-282
-370
-417
-370
-240
-58
90
165
141
50
-53
-126
-146
-124
-72
-31
-36
-124
-260
-384
-488
-532
-513
-441
-362
-320
-309
-321
-300
-229
-100
65
227
369
463
515
546
594
656
744
836
902
914
855
756
639
543
490
468
441
390
314
197
69
-30
-85
-93
-92
-96
-104
-120
-117
-89
-39
24
71
111
150
188
223
240
264
286
297
289
254
197
126
70
28
-35
-93
-150
-223
-320
-432
-472
-437
-373
-306
-225
-161
-169
-216
-220
-127
27
219
422
565
611
580
506
427
392
448
546
626
635
519
274
11
-179
-294
-326
-304
-275
-335
-482
-649
-786
-851
-823
-699
-568
-460
-405
-407
-420
-416
-356
-241
-97
31
95
71
-5
-83
-141
-153
-144
-130
-138
-196
-291
-426
-540
-602
-627
-624
-590
-537
-497
-470
-454
-391
-288
-151
35
182
309
391
435
487
538
638
756
839
861
805
687
557
462
403
394
386
339
245
93
-70
-216
-313
-339
-304
-240
-190
-203
-253
-292
-302
-242
-107
46
164
239
274
274
250
243
292
341
380
401
360
273
155
41
-32
-78
-112
-128
-188
-272
-363
-481
-514
-461
-349
-237
-152
-15
78
70
40
96
262
455
660
828
915
881
787
700
619
608
615
629
613
526
339
73
-143
-294
-371
-405
-393
-403
-504
-632
-740
-766
-738
-643
-493
-360
-265
-244
-233
-216
-170
-78
34
140
185
172
111
29
-59
-132
-172
-191
-215
-267
-332
-432
-531
-612
-644
-618
-570
-498
-434
-374
-328
-292
-239
-124
43
197
341
450
513
524
514
539
586
644
692
699
620
493
350
213
121
60
29
-29
-101
-189
-312
-432
-517
-532
-494
-411
-325
-277
-269
-263
-217
-145
-35
94
202
278
318
335
331
321
301
300
301
287
248
167
94
13
-74
-151
-210
-240
-270
-287
-294
-295
-317
-355
-336
-256
-134
-11
88
220
345
426
476
506
580
656
727
808
872
877
807
707
586
485
382
322
292
215
96
-73
-228
-363
-475
-532
-514
-468
-458
-480
-526
-535
-517
-462
-353
-229
-109
-40
-10
-5
-10
-9
13
74
121
134
90
11
-96
-209
-285
-305
-287
-276
-281
-319
-383
-464
-518
-498
-431
-331
-240
-173
-145
-139
-110
-45
74
215
368
471
516
512
467
429
390
393
418
439
426
338
194
18
-138
-240
-257
-232
-219
-256
-341
-425
-497
-522
-472
-369
-254
-157
-101
-80
-74
-58
2
86
186
275
316
320
296
257
204
170
163
167
148
105
62
-17
-104
-175
-192
-169
-151
-136
-133
-130
-137
-127
-121
-98
-57
1
97
179
256
274
282
311
337
371
373
431
489
529
512
443
382
298
255
225
225
194
127
56
-36
-104
-196
-238
-263
-258
-258
-298
-322
-363
-376
-385
-338
-266
-201
-136
-109
-72
-78
-71
-58
-26
39
73
102
84
58
12
-29
-49
-57
-58
-94
-119
-162
-192
-220
-232
-214
-217
-206
-204
-181
-165
-144
-114
-81
-35
-6
32
48
91
131
148
162
157
167
141
121
116
113
107
88
67
8
-56
-125
-163
-165
-149
-128
-146
-163
-200
-238
-257
-229
-166
-104
-48
-20
0
6
33
74
113
156
187
207
207
194
181
187
198
218
234
221
198
163
147
136
125
136
142
141
132
113
86
52
35
27
20
12
-7
-45
-88
-86
-55
-33
-28
-29
-18
-10
9
34
65
109
146
185
196
185
165
158
180
208
231
204
157
99
56
25
-2
-13
-52
-97
-161
-210
-244
-266
-260
-257
-243
-248
-240
-233
-222
-199
-176
-124
-79
-27
10
36
54
53
69
74
85
84
87
88
62
14
-53
-104
-154
-196
-242
-275
-294
-322
-339
-361
-361
-357
-335
-294
-245
-185
-136
-77
-28
24
66
108
162
199
242
269
287
281
259
227
188
153
127
113
84
54
6
-50
-100
-140
-149
-152
-130
-105
-80
-70
-56
-22
12
70
122
185
242
282
322
337
352
365
382
382
370
349
315
273
223
186
136
85
30
-15
-58
-106
-136
-164
-171
-178
-190
-195
-195
-179
-168
-149
-118
-89
-76
-70
-56
-31
9
53
82
91
87
82
78
89
120
149
172
197
190
144
84
63
85
126
164
162
106
15
-65
-112
-109
-65
-29
-26
-57
-114
-185
-229
-220
-176
-128
-101
-98
-119
-154
-181
-193
-184
-152
-124
-116
-131
-159
-202
-248
-268
-267
-253
-240
-237
-259
-297
-325
-337
-325
-296
-260
-232
-219
-209
-203
-191
-166
-137
-103
-47
12
69
104
123
143
151
174
211
249
297
334
344
324
297
267
250
249
271
303
309
290
240
179
136
126
146
177
196
186
156
109
73
57
62
95
126
140
126
88
55
40
41
59
83
93
92
69
38
12
3
21
44
61
68
51
20
7
12
20
23
23
17
-11
-40
-54
-59
-61
-57
-51
-62
-87
-109
-123
-132
-129
-112
-89
-53
-26
-47
-72
-68
-51
-49
-25
60
110
99
78
50
-5
-56
-33
14
52
66
42
-37
-130
-189
-242
-235
-177
-140
-160
-212
-263
-333
-393
-386
-329
-272
-223
-189
-210
-251
-276
-278
-237
-152
-64
-22
-18
-41
-85
-124
-118
-88
-59
-19
8
-12
-56
-87
-106
-111
-86
-32
23
55
65
63
56
82
138
193
246
289
309
308
306
313
332
353
382
396
376
335
280
240
223
225
226
215
177
122
64
16
4
8
18
22
10
-7
-27
-36
-27
-2
31
72
106
125
136
144
164
192
218
249
277
282
268
247
227
217
197
171
155
128
83
37
6
-19
-47
-62
-65
-81
-108
-127
-140
-143
-122
-106
-99
-100
-106
-113
-119
-116
-102
-95
-91
-99
-125
-160
-194
-221
-227
-218
-222
-249
-287
-329
-378
-407
-398
-362
-338
-325
-315
-332
-351
-346
-317
-273
-222
-179
-152
-132
-115
-107
-104
-90
-66
-44
-20
6
9
-16
-36
-51
-63
-71
-53
-11
11
11
1
-13
-18
-3
43
97
142
170
175
168
163
166
180
209
234
245
230
212
193
157
126
109
108
108
99
88
61
29
6
3
14
30
49
66
73
79
95
118
146
180
209
228
239
237
234
237
253
269
276
277
265
233
196
177
172
166
149
141
134
124
106
79
54
43
48
72
99
115
108
88
71
65
72
90
105
109
97
70
36
7
-17
-38
-56
-69
-85
-111
-148
-193
-237
-274
-292
-294
-288
-282
-284
-299
-324
-342
-343
-317
-276
-244
-224
-224
-230
-230
-222
-211
-208
-195
-189
-185
-174
-172
-182
-196
-206
-209
-201
-185
-165
-150
-144
-144
-152
-148
-138
-124
-102
-73
-46
-42
-42
-33
-12
15
45
72
86
90
85
81
78
85
98
106
114
104
78
49
34
29
27
33
35
31
15
6
1
-2
-2
6
28
50
64
69
75
87
102
129
163
194
214
230
234
232
231
238
253
263
267
262
249
232
215
195
187
192
194
191
183
169
146
124
118
118
123
129
138
136
130
122
118
130
147
161
163
157
145
124
107
92
78
58
37
19
-1
-24
-58
-92
-118
-134
-151
-170
-188
-216
-242
-258
-261
-260
-254
-242
-234
-229
-220
-213
-211
-202
-189
-173
-147
-117
-99
-100
-107
-110
-100
-83
-64
-49
-34
-25
-35
-56
-76
-87
-88
-80
-69
-65
-79
-99
-116
-128
-133
-130
-123
-114
-108
-114
-123
-133
-136
-138
-129
-111
-97
-95
-101
-108
-118
-126
-129
-119
-99
-81
-65
-59
-60
-74
-86
-80
-59
-37
-17
5
12
8
9
23
46
72
101
122
134
141
151
160
167
179
193
207
215
207
194
194
204
216
233
251
261
253
235
220
206
200
211
229
235
230
206
172
141
120
113
119
130
132
119
99
75
48
25
22
34
45
48
41
25
7
-5
-5
3
11
20
27
32
30
23
15
8
6
11
18
20
15
5
-9
-21
-32
-37
-39
-39
-40
-39
-42
-50
-53
-53
-48
-39
-30
-25
-22
-17
-14
-11
-9
-11
-13
-20
-26
-35
-50
-68
-85
-107
-133
-158
-178
-196
-217
-235
-248
-252
-256
-263
-276
-286
-284
-272
-251
-228
-212
-204
-193
-178
-157
-134
-115
-102
-94
-83
-66
-54
-45
-44
-41
-39
-36
-32
-31
-33
-29
-14
-5
1
-2
-6
-5
10
40
71
96
107
111
112
119
135
155
181
205
222
225
215
193
170
161
159
165
166
150
119
79
37
4
-14
-22
-23
-28
-41
-62
-83
-98
-106
-99
-83
-57
-33
-13
-2
2
8
19
40
63
89
109
124
126
120
110
104
108
117
120
118
110
100
85
75
73
76
80
86
94
101
101
99
94
95
101
110
122
130
128
114
98
83
69
56
48
43
36
23
0
-30
-61
-84
-96
-102
-102
-103
-110
-124
-142
-155
-162
-159
-152
-142
-135
-135
-141
-150
-154
-157
-158
-156
-151
-148
-152
-158
-164
-167
-168
-163
-154
-148
-142
-137
-132
-126
-118
-103
-82
-60
-41
-25
-14
-3
9
28
48
64
77
83
91
92
91
88
84
84
87
87
85
77
62
43
26
22
25
27
26
23
23
14
14
19
28
39
49
59
68
72
74
76
80
84
82
77
68
59
53
50
49
42
33
20
5
-8
-17
-24
-22
-11
3
14
19
21
19
20
31
52
79
103
122
131
129
127
125
123
120
116
115
116
114
104
86
63
37
12
-7
-18
-19
-20
-23
-29
-39
-52
-66
-70
-61
-45
-25
-7
5
6
0
-6
-9
-8
-1
5
12
11
-1
-22
-47
-70
-86
-93
-93
-96
-105
-122
-141
-157
-170
-171
-163
-151
-139
-127
-115
-110
-109
-101
-83
-58
-33
-12
4
8
-2
-14
-19
-13
1
13
17
6
-14
-42
-66
-78
-75
-62
-53
-50
-64
-87
-104
-105
-85
-50
-15
10
20
19
14
17
38
73
114
142
151
146
131
122
121
131
148
164
165
149
121
94
76
70
73
81
85
77
58
38
24
19
25
38
54
59
55
46
36
31
29
40
51
59
56
42
24
3
-12
-17
-15
-11
-11
-20
-38
-60
-83
-96
-96
-86
-76
-70
-69
-79
-94
-102
-100
-89
-71
-51
-34
-29
-36
-47
-57
-54
-43
-24
-4
7
0
-18
-34
-42
-43
-36
-24
-14
-11
-19
-32
-46
-57
-57
-46
-33
-24
-23
-29
-41
-54
-59
-53
-38
-23
-14
-13
-19
-31
-42
-44
-37
-25
-14
-11
-14
-26
-41
-47
-45
-37
-30
-24
-19
-19
-28
-31
-30
-26
-11
11
28
39
39
36
36
45
59
78
100
114
120
117
113
115
127
145
162
170
171
163
152
143
140
144
152
157
154
144
127
110
94
86
90
93
94
85
67
47
31
25
26
32
35
32
22
8
-7
-18
-24
-23
-19
-16
-21
-32
-47
-62
-74
-80
-81
-80
-81
-84
-93
-105
-115
-122
-123
-119
-113
-107
-103
-102
-102
-98
-91
-86
-77
-71
-66
-58
-48
-39
-30
-26
-27
-30
-31
-30
-27
-23
-17
-16
-24
-36
-51
-64
-70
-69
-62
-58
-61
-68
-81
-96
-106
-111
-105
-93
-81
-74
-78
-91
-102
-108
-103
-89
-70
-56
-50
-51
-54
-58
-57
-49
-33
-17
-2
11
18
19
20
25
33
47
64
80
92
100
104
107
112
120
134
147
158
168
173
171
170
171
178
184
188
195
200
197
189
182
176
174
173
174
176
173
163
149
135
124
116
107
99
97
86
68
47
32
20
5
-9
-18
-27
-36
-49
-58
-66
-75
-85
-93
-98
-98
-95
-93
-88
-86
-85
-88
-92
-90
-86
-79
-72
-63
-58
-59
-62
-67
-69
-68
-66
-61
-58
-57
-59
-65
-76
-80
-82
-81
-78
-73
-72
-78
-85
-93
-98
-97
-95
-90
-84
-83
-88
-98
-111
-118
-119
-116
-109
-101
-99
-107
-122
-130
-135
-133
-125
-114
-105
-102
-109
-115
-118
-116
-105
-89
-73
-59
-51
-49
-48
-43
-34
-21
-2
17
30
40
48
47
48
56
67
81
96
107
115
114
110
110
114
122
130
138
145
146
146
145
146
150
153
158
165
170
168
165
164
164
163
164
164
161
155
147
139
135
129
124
116
109
98
86
76
66
58
51
47
43
35
28
21
16
9
8
10
11
10
11
12
10
10
14
16
14
13
10
10
10
10
10
6
-1
-12
-21
-27
-31
-36
-41
-47
-58
-69
-80
-91
-98
-100
-105
-108
-113
-122
-128
-134
-137
-139
-136
-134
-134
-138
-141
-141
-141
-138
-137
-133
-131
-132
-135
-139
-141
-141
-137
-133
-131
-130
-130
-130
-131
-133
-131
-124
-117
-111
-103
-97
-90
-83
-76
-68
-57
-45
-36
-25
-13
-1
12
23
33
42
51
58
66
75
86
98
107
114
116
116
116
116
116
122
128
132
134
130
127
119
114
115
115
115
114
112
105
100
96
95
95
95
95
93
88
82
77
74
76
78
79
78
78
72
69
69
73
77
80
81
80
77
74
75
75
79
83
84
83
78
72
65
61
60
59
57
54
47
37
27
21
14
9
3
-4
-13
-23
-32
-40
-48
-56
-58
-61
-64
-70
-77
-85
-91
-96
-102
-103
-101
-100
-102
-106
-111
-119
-128
-132
-132
-128
-124
-124
-129
-134
-143
-148
-147
-143
-136
-130
-128
-127
-131
-135
-139
-136
-127
-114
-100
-93
-87
-83
-82
-81
-77
-68
-54
-40
-29
-23
-20
-18
-17
-16
-10
-4
7
17
22
26
25
25
24
23
26
33
42
51
52
51
48
43
42
42
47
55
59
59
55
52
52
53
57
62
65
68
68
67
69
72
76
81
83
85
87
90
91
92
95
99
100
102
102
102
101
102
101
101
101
102
101
99
97
94
93
88
85
83
82
80
78
76
68
60
52
45
41
36
34
31
24
13
0
-11
-20
-23
-22
-22
-22
-29
-38
-51
-59
-62
-58
-51
-46
-46
-51
-57
-65
-69
-67
-61
-54
-51
-53
-60
-69
-73
-76
-74
-71
-69
-73
-79
-84
-90
-92
-93
-92
-92
-91
-88
-88
-88
-89
-90
-84
-79
-74
-68
-66
-65
-64
-65
-64
-60
-57
-53
-51
-51
-52
-54
-59
-61
-60
-58
-57
-53
-51
-49
-49
-50
-47
-42
-35
-28
-20
-12
-5
2
9
15
21
30
37
46
54
63
70
75
77
80
80
81
82
86
88
89
91
90
88
85
83
85
88
91
93
95
93
91
91
92
93
95
95
95
91
87
82
78
72
67
62
56
53
47
41
34
25
17
9
6
4
4
2
-1
-5
-7
-6
-6
-4
-2
1
4
6
7
6
5
5
7
10
11
9
6
3
1
-3
-6
-8
-11
-15
-19
-23
-26
-29
-30
-33
-37
-40
-45
-49
-53
-55
-56
-59
-62
-63
-66
-69
-73
-76
-79
-80
-82
-84
-87
-90
-93
-96
-99
-101
-102
-101
-100
-96
-96
-94
-93
-89
-84
-80
-75
-69
-63
-55
-49
-41
-37
-32
-26
-20
-11
-4
1
6
10
12
16
19
23
27
30
34
37
40
41
43
47
51
56
62
65
69
72
77
81
85
89
92
96
97
99
99
101
102
99
97
95
92
89
86
82
79
71
66
61
54
51
48
46
43
40
37
35
32
31
30
32
32
32
33
33
33
30
29
29
29
28
26
24
24
20
16
11
8
5
2
-4
-9
-14
-21
-25
-30
-33
-34
-38
-44
-46
-48
-50
-54
-54
-53
-56
-61
-64
-69
-73
-74
-77
-79
-80
-83
-86
-91
-94
-96
-97
-96
-94
-94
-94
-93
-94
-94
-91
-88
-83
-80
-75
-72
-68
-64
-60
-53
-48
-42
-36
-33
-30
-28
-26
-24
-21
-17
-13
-9
-7
-6
-4
-1
1
4
9
12
15
18
20
27
30
33
37
43
47
51
53
57
60
62
64
65
67
67
67
67
66
64
62
62
60
59
59
57
56
55
56
58
58
58
59
60
60
61
62
63
65
68
71
72
71
69
67
66
63
63
63
61
57
53
50
47
40
36
35
33
30
25
19
14
8
3
0
-2
-7
-11
-15
-19
-25
-28
-32
-37
-40
-44
-47
-52
-58
-62
-65
-70
-73
-75
-77
-80
-83
-85
-87
-89
-90
-91
-91
-88
-87
-86
-85
-85
-84
-82
-79
-76
-75
-73
-71
-70
-68
-63
-61
-60
-57
-54
-53
-51
-47
-44
-41
-36
-32
-26
-23
-23
-20
-15
-11
-5
0
3
6
8
11
13
17
19
22
26
29
32
33
32
34
37
41
43
46
49
50
51
50
50
55
57
58
63
66
68
69
70
72
75
76
79
81
84
86
89
90
90
92
93
96
98
100
98
98
97
97
96
94
90
88
86
84
81
77
72
67
59
54
50
46
39
34
29
24
17
10
5
-1
-6
-12
-15
-21
-27
-32
-37
-41
-48
-52
-56
-62
-63
-64
-67
-73
-78
-82
-85
-88
-89
-91
-93
-93
-91
-93
-94
-95
-95
-97
-97
-95
-92
-92
-90
-89
-87
-87
-87
-84
-83
-80
-77
-75
-75
-74
-72
-71
-69
-65
-63
-63
-62
-60
-56
-55
-54
-51
-50
-48
-47
-44
-42
-41
-38
-37
-35
-34
-32
-31
-27
-23
-20
-19
-17
-13
-12
-7
-4
1
5
10
15
20
25
31
35
42
48
57
65
70
76
83
89
95
101
108
114
117
120
122
123
126
128
129
130
130
129
127
123
122
121
119
115
112
108
104
99
92
87
81
75
71
65
60
54
47
42
35
30
27
22
16
11
5
-1
-8
-12
-16
-19
-25
-31
-37
-40
-44
-48
-51
-55
-58
-61
-65
-66
-66
-68
-70
-73
-74
-74
-73
-73
-72
-72
-71
-71
-69
-68
-66
-63
-61
-60
-58
-57
-55
-56
-53
-50
-49
-49
-48
-46
-48
-49
-47
-46
-46
-46
-47
-48
-49
-50
-48
-47
-49
-51
-51
-51
-51
-51
-50
-49
-49
-46
-43
-41
-39
-36
-32
-29
-26
-22
-18
-14
-9
-5
-3
0
5
9
14
18
21
25
28
31
33
33
38
44
48
49
52
54
56
59
63
64
65
67
69
73
74
74
75
76
76
77
77
76
77
79
79
78
77
76
76
77
75
73
73
71
70
68
67
70
66
64
61
59
56
54
55
55
52
49
45
44
41
40
37
34
32
30
28
25
21
16
10
6
3
0
-4
-8
-11
-18
-23
-29
-33
-35
-38
-40
-43
-46
-52
-55
-59
-60
-63
-65
-66
-70
-74
-77
-79
-80
-83
-83
-84
-86
-89
-88
-89
-91
-90
-91
-90
-91
-89
-89
-89
-87
-86
-84
-81
-80
-75
-72
-68
-65
-62
-57
-52
-50
-44
-39
-35
-32
-30
-28
-25
-22
-17
-14
-11
-7
-7
-5
0
3
7
8
11
14
17
20
25
28
29
29
33
36
39
40
42
45
48
48
48
48
51
52
51
53
55
54
53
54
55
57
56
54
54
54
55
56
58
58
56
55
53
52
53
53
55
54
54
53
53
52
51
51
49
47
47
46
47
44
40
38
32
30
28
27
25
21
20
15
10
9
5
1
0
-3
-5
-10
-13
-16
-19
-22
-26
-28
-29
-32
-34
-35
-38
-42
-45
-45
-46
-49
-50
-52
-53
-53
-56
-55
-57
-58
-57
-59
-59
-58
-60
-59
-58
-58
-57
-59
-60
-61
-60
-58
-56
-55
-54
-56
-56
-56
-55
-51
-51
-51
-50
-47
-44
-44
-41
-39
-38
-36
-34
-32
-29
-27
-24
-23
-21
-17
-14
-12
-9
-6
-3
0
3
7
10
12
17
19
20
24
27
31
34
39
42
43
46
49
50
53
55
59
61
66
70
72
74
77
77
77
78
79
82
83
83
84
83
84
82
81
79
78
76
74
71
70
68
64
62
60
57
55
51
47
43
40
37
34
31
27
22
17
13
10
6
0
-4
-8
-9
-14
-19
-23
-28
-31
-32
-33
-34
-35
-37
-39
-42
-44
-46
-48
-48
-48
-46
-45
-44
-42
-41
-40
-39
-38
-39
-38
-37
-36
-35
-33
-32
-34
-34
-33
-35
-36
-35
-35
-35
-35
-33
-33
-33
-33
-33
-32
-30
-30
-28
-27
-27
-26
-27
-27
-26
-25
-24
-23
-22
-20
-21
-21
-20
-20
-20
-20
-20
-19
-19
-19
-19
-17
-17
-15
-13
-11
-10
-7
-5
-2
0
2
7
9
11
15
17
20
24
25
27
30
34
36
36
39
41
43
45
47
48
49
49
49
50
50
51
50
51
50
49
47
44
43
42
42
39
38
37
36
34
30
28
27
25
22
20
20
18
15
12
10
9
5
4
1
-1
-2
-5
-8
-9
-9
-13
-16
-17
-18
-20
-22
-26
-27
-27
-30
-34
-35
-37
-39
-41
-43
-42
-43
-44
-46
-45
-44
-45
-46
-45
-44
-46
-47
-48
-47
-47
-46
-47
-45
-43
-44
-45
-45
-44
-42
-41
-41
-39
-37
-37
-37
-36
-35
-33
-32
-30
-29
-27
-25
-26
-24
-20
-17
-15
-13
-9
-6
-3
-1
2
4
6
8
9
12
15
16
19
23
26
29
29
33
36
36
36
38
39
40
40
40
40
41
42
43
43
44
43
44
43
43
41
39
38
36
36
36
35
34
33
32
31
30
29
27
26
25
24
23
23
22
21
23
22
21
21
21
20
19
18
15
15
15
14
13
13
13
14
13
15
14
14
14
11
10
10
8
8
9
8
7
6
5
5
4
2
0
-1
-3
-4
-7
-9
-11
-13
-14
-15
-17
-19
-21
-22
-25
-28
-31
-33
-34
-35
-38
-38
-39
-41
-43
-43
-44
-45
-45
-45
-46
-45
-43
-43
-44
-43
-41
-40
-38
-37
-34
-32
-32
-32
-28
-27
-25
-23
-20
-14
-11
-8
-4
-2
2
4
7
10
14
15
17
19
22
23
26
28
30
31
34
35
36
37
39
40
41
43
44
45
44
45
45
44
44
45
45
43
41
41
39
37
36
36
33
30
29
28
27
25
23
21
19
18
15
14
12
10
7
5
3
1
-2
-4
-6
-8
-9
-11
-12
-14
-17
-16
-18
-19
-22
-22
-21
-24
-25
-26
-26
-28
-30
-31
-32
-31
-32
-33
-33
-32
-33
-33
-35
-34
-33
-33
-35
-34
-31
-31
-32
-32
-33
-31
-30
-30
-28
-26
-25
-26
-26
-25
-23
-22
-22
-21
-20
-18
-18
-17
-17
-17
-16
-15
-13
-12
-11
-9
-9
-8
-9
-9
-8
-8
-6
-5
-5
-3
-3
-2
-2
-2
-1
1
2
3
4
7
7
7
6
7
8
10
10
12
14
17
16
17
18
19
21
21
23
25
27
28
30
32
33
33
33
35
35
36
37
38
37
36
36
37
36
35
35
35
35
35
35
33
33
31
31
28
28
28
26
24
22
21
19
16
15
15
11
9
8
6
3
0
0
-3
-6
-9
-10
-14
-17
-18
-21
-23
-25
-26
-28
-31
-33
-34
-35
-38
-39
-39
-40
-41
-43
-42
-42
-42
-41
-40
-41
-39
-40
-40
-39
-38
-36
-34
-34
-32
-31
-30
-29
-28
-26
-26
-26
-24
-22
-20
-18
-17
-14
-15
-13
-11
-10
-10
-8
-6
-5
-4
-2
0
1
3
5
7
9
12
14
16
16
18
20
20
22
24
25
26
26
28
29
30
30
31
33
34
33
35
36
38
38
38
39
40
41
42
42
43
45
43
43
42
43
43
42
40
40
40
37
35
34
34
33
31
27
25
25
25
22
19
17
17
15
11
10
9
7
5
3
2
1
-2
-5
-5
-7
-11
-13
-15
-16
-18
-23
-24
-24
-24
-24
-26
-27
-27
-27
-27
-29
-27
-29
-29
-28
-29
-29
-28
-27
-26
-24
-24
-24
-25
-24
-23
-22
-21
-20
-19
-18
-18
-17
-17
-17
-17
-18
-18
-17
-16
-16
-18
-16
-14
-13
-14
-14
-13
-13
-13
-12
-13
-14
-16
-17
-17
-18
-20
-19
-21
-20
-19
-20
-20
-20
-19
-19
-19
-17
-15
-15
-14
-12
-9
-8
-7
-5
-3
-1
2
4
5
8
10
12
13
16
16
17
18
19
22
25
26
27
28
30
30
30
31
33
34
36
36
37
37
37
38
37
38
38
37
34
32
32
30
29
27
25
23
21
18
15
14
12
10
8
5
3
0
-2
-4
-7
-7
-9
-10
-12
-14
-15
-16
-17
-18
-19
-19
-21
-22
-23
-24
-25
-26
-26
-26
-27
-28
-29
-28
-28
-28
-28
-28
-27
-26
-25
-24
-25
-24
-23
-22
-21
-20
-20
-20
-18
-18
-17
-15
-14
-14
-13
-12
-12
-12
-12
-12
-10
-10
-10
-9
-8
-8
-7
-7
-7
-7
-6
-5
-4
-4
-4
-4
-2
-2
-1
-1
0
0
2
3
5
5
6
7
7
8
10
11
12
13
12
14
14
13
14
14
16
16
16
15
15
16
16
16
16
16
18
19
18
20
20
20
20
21
22
23
22
24
23
22
22
22
21
22
22
22
21
20
20
20
20
20
21
20
20
19
19
19
17
18
18
17
16
16
16
16
15
16
13
12
12
12
12
10
10
9
7
6
4
1
1
-1
-2
-5
-6
-6
-8
-8
-9
-9
-10
-11
-11
-13
-14
-13
-15
-15
-16
-17
-16
-18
-18
-19
-20
-20
-21
-21
-22
-25
-25
-25
-26
-26
-25
-25
-25
-25
-24
-25
-24
-23
-22
-21
-22
-23
-21
-23
-22
-21
-19
-19
-16
-14
-14
-14
-13
-11
-10
-10
-9
-7
-8
-7
-7
-6
-4
-4
-3
-3
-1
1
1
2
4
5
4
5
6
5
5
7
9
9
12
13
13
14
15
16
15
16
18
19
19
19
19
19
19
19
21
21
22
23
22
23
24
24
24
23
23
21
22
21
21
21
22
21
21
20
20
18
18
16
15
15
13
12
11
10
10
8
7
7
7
6
5
4
3
2
1
-3
-4
-6
-7
-9
-11
-11
-12
-13
-14
-14
-16
-18
-20
-21
-23
-23
-25
-26
-25
-27
-29
-30
-31
-31
-30
-30
-31
-31
-31
-30
-31
-30
-29
-28
-27
-27
-27
-26
-26
-27
-25
-26
-25
-23
-23
-22
-22
-21
-21
-19
-17
-15
-14
-15
-13
-12
-12
-11
-8
-7
-5
-5
-3
-3
-2
-1
-1
1
3
4
3
6
8
8
9
9
11
12
12
13
13
12
14
16
19
20
19
21
19
20
19
19
20
22
22
20
20
21
22
22
22
22
22
21
21
20
19
21
20
19
19
19
18
16
15
15
14
13
13
13
13
12
10
9
9
9
9
7
7
7
4
4
2
2
2
1
1
-2
-2
-2
-3
-4
-5
-5
-6
-5
-5
-6
-6
-8
-8
-7
-9
-9
-9
-10
-9
-10
-10
-10
-10
-10
-11
-11
-12
-12
-13
-11
-11
-12
-13
-12
-12
-12
-12
-12
-12
-13
-11
-12
-12
-12
-11
-11
-10
-10
-8
-8
-9
-7
-6
-5
-5
-5
-5
-5
-4
-2
-2
-2
0
1
2
2
4
5
4
6
7
7
9
9
9
11
12
13
14
15
14
16
15
16
17
19
19
19
20
20
21
20
20
18
19
18
18
18
19
20
19
20
20
21
20
19
19
18
17
16
16
14
15
14
12
11
12
10
9
7
5
5
4
4
4
3
2
2
0
0
-2
-4
-5
-7
-7
-9
-9
-9
-10
-10
-10
-11
-12
-12
-14
-15
-16
-17
-18
-17
-18
-18
-18
-20
-20
-21
-22
-23
-23
-24
-24
-24
-23
-23
-23
-22
-23
-22
-23
-23
-22
-23
-24
-22
-21
-21
-20
-21
-20
-19
-19
-19
-18
-18
-15
-15
-13
-13
-11
-12
-11
-12
-12
-9
-8
-6
-4
-4
-4
-3
-2
-1
0
3
3
4
6
6
6
6
10
10
12
13
14
16
16
17
17
18
20
20
21
22
22
21
22
21
21
21
21
22
23
24
23
23
23
24
23
21
21
21
22
21
21
20
19
20
18
17
15
15
14
12
13
13
12
11
10
9
7
4
3
3
4
3
2
0
1
0
-2
-3
-4
-4
-6
-8
-8
-8
-8
-10
-12
-13
-13
-15
-17
-17
-17
-16
-18
-17
-20
-20
-22
-23
-22
-22
-23
-23
-25
-24
-24
-26
-27
-26
-25
-25
-28
-27
-27
-28
-29
-30
-30
-29
-30
-29
-28
-27
-27
-27
-26
-25
-25
-24
-23
-21
-20
-20
-19
-18
-15
-15
-14
-12
-11
-9
-9
-8
-7
-5
-4
-3
-3
0
0
1
3
5
7
8
9
11
13
14
15
17
18
21
22
23
23
25
28
27
28
30
31
32
31
32
33
34
34
35
35
36
37
37
37
38
38
38
38
38
39
39
39
40
41
41
40
39
38
38
36
36
36
34
32
30
29
28
27
26
24
24
22
19
17
17
16
14
13
10
9
7
5
3
2
0
-2
-4
-5
-8
-7
-10
-12
-14
-16
-17
-18
-20
-21
-24
-26
-26
-27
-29
-30
-31
-33
-34
-35
-36
-36
-37
-37
-38
-40
-39
-39
-40
-40
-39
-39
-40
-40
-39
-38
-39
-37
-36
-35
-34
-34
-33
-32
-32
-31
-30
-29
-28
-26
-24
-22
-21
-19
-17
-17
-15
-13
-11
-9
-9
-5
-3
-4
-2
0
2
4
6
6
8
10
11
12
14
15
16
15
17
19
18
19
18
18
20
19
20
20
21
22
22
24
22
22
22
22
21
21
21
21
19
19
19
18
17
19
17
15
15
13
13
13
12
12
11
11
10
9
8
6
6
6
6
7
6
6
6
4
4
4
4
2
2
2
2
1
1
1
0
-1
-1
-1
-3
-2
-2
-4
-3
-2
-4
-5
-5
-5
-5
-5
-5
-4
-4
-5
-6
-6
-5
-5
-6
-6
-7
-7
-6
-4
-5
-4
-4
-4
-5
-6
-5
-5
-6
-5
-4
-4
-5
-5
-6
-5
-5
-4
-3
-5
-5
-6
-7
-6
-6
-6
-7
-9
-8
-8
-9
-9
-8
-8
-9
-9
-9
-9
-9
-9
-8
-7
-6
-5
-6
-6
-5
-3
-4
-3
-2
-1
-1
-2
-1
1
-1
-2
-1
-2
1
1
2
2
2
3
4
4
5
7
7
7
6
8
9
8
9
10
10
10
9
10
10
10
8
7
7
7
7
7
7
8
6
5
5
4
5
5
5
3
3
3
3
5
5
4
3
3
3
4
4
3
2
1
1
1
2
2
3
1
1
0
1
1
1
2
0
1
0
2
2
3
2
2
2
1
1
3
2
1
1
1
1
0
1
0
-1
-1
-2
-2
-2
-2
-3
-3
-3
-4
-3
-3
-2
-3
-3
-4
-4
-4
-3
-3
-3
-3
-3
-3
-1
-2
-1
-1
-2
-2
-2
0
-1
-1
-1
-1
-1
-2
0
0
0
-1
-1
-3
-2
-1
-2
-2
-2
-1
-3
-2
-2
-1
-1
-3
-2
-1
0
2
0
1
1
2
2
1
2
2
1
1
1
3
3
2
3
2
2
0
0
2
3
2
2
2
3
3
2
2
2
2
2
2
2
0
1
0
-1
0
0
0
0
0
0
-2
-1
-1
-1
-1
-2
-1
-1
0
-1
-1
1
1
0
-2
-2
-1
-1
-2
-3
-3
-3
-2
-3
-4
-5
-5
-5
-4
-4
-5
-6
-4
-5
-5
-4
-4
-3
-2
-2
-5
-4
-3
-3
-5
-4
-3
-2
-1
-2
-2
-2
-2
-4
-4
-4
-3
