-3
-3
-1
-1
-3
-4
-2
-2
-3
-3
-2
-3
-4
-3
-3
-1
0
0
0
3
3
3
5
4
2
0
1
-1
-1
-1
-2
-3
-1
0
0
0
0
0
-1
1
0
-1
0
0
1
1
2
1
1
3
3
0
-1
-1
-2
-1
-1
-1
0
3
4
3
5
4
5
6
6
5
5
6
6
6
7
7
6
6
6
5
4
2
2
1
2
2
1
2
1
1
4
5
4
3
5
6
8
9
6
3
1
0
-2
-4
-7
-10
-9
-11
-15
-19
-18
-17
-18
-17
-14
-15
-18
-15
-13
-12
-15
-17
-20
-20
-21
-22
-24
-24
-20
-9
4
7
4
17
44
60
49
36
48
60
48
25
20
22
17
14
10
-4
-20
-16
-11
-22
-36
-33
-23
-24
-25
-12
3
11
22
30
33
39
42
37
23
15
10
1
-14
-28
-34
-36
-41
-45
-47
-50
-47
-39
-34
-26
-13
0
6
15
28
37
35
29
22
18
10
-4
-18
-26
-29
-30
-28
-23
-18
-15
-12
-8
-3
4
8
9
14
25
38
46
50
61
69
81
114
129
102
75
67
37
-15
-46
-74
-82
-63
-46
-39
-28
-27
-26
-11
-9
-19
-21
-14
-11
7
26
37
45
46
38
29
16
-7
-28
-51
-62
-57
-58
-68
-61
-54
-57
-46
-37
-50
-57
-46
-38
-38
-32
-23
-16
-14
-18
-11
-1
-17
-39
-48
-65
-96
-105
-92
-80
-60
-21
30
83
142
178
176
151
155
153
94
19
-3
11
8
-5
-21
-43
-60
-67
-75
-101
-132
-139
-116
-96
-74
-30
23
57
81
111
132
135
121
94
56
30
18
-5
-42
-66
-70
-71
-82
-97
-103
-107
-105
-95
-81
-59
-30
8
47
78
112
144
148
127
107
89
53
6
-29
-51
-63
-63
-56
-45
-31
-15
0
13
22
34
44
53
66
85
101
123
131
127
126
120
96
61
38
23
13
18
80
146
154
128
121
122
75
22
-32
-45
-11
27
33
22
17
17
37
41
17
-13
-28
-45
-54
-53
-45
-30
-21
-14
5
15
8
-3
-18
-40
-48
-40
-54
-74
-86
-97
-103
-112
-121
-140
-157
-161
-143
-140
-153
-156
-134
-123
-127
-116
-113
-146
-202
-233
-202
-92
31
103
166
273
343
283
177
128
97
36
14
52
47
-17
-53
-45
-68
-139
-184
-194
-218
-242
-208
-136
-94
-62
18
108
157
186
216
209
166
141
141
112
57
24
6
-26
-66
-94
-129
-177
-210
-210
-195
-174
-137
-94
-47
12
95
154
174
192
216
203
155
113
82
38
-11
-29
-23
-19
-15
-13
-15
-15
-2
5
-5
-3
26
66
102
141
181
209
224
230
220
187
136
79
26
-4
-18
6
108
187
177
137
136
117
40
-40
-92
-60
29
95
101
100
103
97
91
66
18
-35
-67
-79
-81
-75
-50
-17
-12
-17
2
3
-31
-77
-103
-111
-96
-70
-57
-69
-93
-108
-140
-198
-252
-277
-297
-312
-301
-256
-220
-223
-232
-224
-213
-224
-233
-248
-263
-261
-174
-6
157
252
297
344
342
270
164
59
-10
-15
48
92
61
-17
-73
-109
-164
-236
-290
-305
-286
-235
-144
-25
85
162
223
272
291
289
268
214
141
103
111
117
87
41
6
-25
-72
-142
-223
-289
-320
-320
-283
-213
-124
-26
65
153
246
300
301
276
240
194
145
101
53
2
-18
-7
3
-5
-10
-7
-24
-38
-21
4
13
27
83
157
206
243
272
283
269
238
200
161
116
78
50
122
257
275
173
89
76
16
-81
-159
-160
-56
79
150
160
158
139
119
99
60
6
-39
-52
-37
3
44
66
61
27
-13
-62
-119
-167
-201
-223
-190
-107
-50
-37
-54
-79
-123
-187
-257
-318
-349
-360
-339
-299
-261
-245
-255
-286
-345
-412
-478
-555
-567
-444
-202
86
351
550
594
513
396
270
71
-111
-105
43
163
186
175
123
9
-156
-307
-436
-578
-667
-619
-449
-260
-69
141
310
392
412
423
395
302
205
157
164
200
248
251
190
92
-11
-131
-286
-446
-545
-551
-492
-385
-240
-85
44
147
231
293
315
300
265
239
241
257
263
248
233
213
158
56
-48
-125
-189
-233
-223
-145
-45
52
157
259
323
333
316
290
256
219
184
167
177
220
251
286
415
487
362
151
28
-62
-192
-270
-253
-122
81
256
327
301
222
125
48
11
2
0
12
81
159
204
219
180
81
-45
-144
-221
-254
-248
-224
-176
-99
-27
7
-22
-119
-223
-291
-340
-409
-428
-370
-290
-253
-230
-207
-246
-348
-452
-534
-597
-640
-675
-656
-470
-104
307
597
630
484
337
239
-12
-338
-372
-70
272
464
534
423
147
-130
-342
-551
-742
-818
-767
-599
-322
-12
222
343
375
305
203
155
157
145
141
222
378
540
584
466
234
-29
-265
-455
-592
-658
-619
-477
-290
-123
16
92
53
-49
-91
-46
9
68
185
332
449
512
521
466
341
158
-35
-168
-212
-188
-138
-62
46
166
242
232
163
111
74
21
9
97
229
322
393
445
574
702
624
387
178
109
21
-93
-119
-8
188
347
374
287
159
28
-88
-162
-133
-19
93
188
292
357
344
248
113
-24
-130
-185
-177
-96
-5
40
55
72
42
-99
-298
-464
-551
-564
-530
-445
-354
-301
-307
-375
-479
-619
-757
-873
-950
-900
-657
-274
58
301
509
598
495
273
100
-16
-44
107
399
665
739
598
293
-54
-382
-676
-880
-927
-805
-606
-373
-145
13
28
-67
-173
-230
-212
-108
93
348
609
819
933
909
727
441
107
-215
-451
-537
-522
-463
-370
-263
-201
-233
-331
-435
-491
-462
-365
-197
53
338
543
619
615
537
390
217
93
46
62
121
203
280
321
272
109
-114
-292
-365
-351
-281
-142
75
307
467
523
505
415
258
101
25
54
135
249
455
640
683
557
328
70
-211
-433
-511
-394
-124
177
398
504
475
357
209
81
7
-5
62
200
350
454
484
405
231
4
-205
-345
-379
-323
-229
-111
12
108
109
-12
-181
-351
-496
-564
-536
-429
-308
-209
-164
-210
-348
-513
-707
-915
-1012
-986
-844
-565
-123
298
501
513
446
282
33
-130
-115
98
437
785
964
885
569
108
-355
-721
-932
-996
-899
-659
-387
-171
-50
-21
-99
-246
-369
-369
-210
75
401
694
908
984
910
702
423
126
-128
-274
-290
-190
-69
-16
-66
-199
-383
-581
-751
-803
-691
-453
-145
154
410
564
571
446
271
144
109
157
265
414
547
600
533
390
199
-38
-273
-415
-405
-288
-133
25
151
211
210
158
81
14
-1
141
360
558
707
755
695
503
260
63
-61
-92
-26
57
132
145
60
-59
-172
-224
-256
-229
-60
184
349
402
405
367
258
104
-6
-15
42
91
119
135
148
61
-131
-340
-504
-594
-636
-600
-502
-388
-282
-253
-319
-418
-479
-545
-648
-707
-648
-538
-482
-467
-365
-112
133
225
181
145
106
28
-5
96
331
576
750
784
642
309
-131
-500
-651
-605
-500
-383
-274
-230
-309
-482
-646
-749
-741
-604
-326
53
444
729
830
796
678
508
338
213
180
232
311
376
391
304
77
-233
-505
-668
-725
-701
-601
-425
-212
-27
74
85
48
-5
-44
11
198
424
599
726
814
819
721
547
345
185
96
70
79
113
133
70
-75
-231
-319
-341
-315
-225
-87
179
455
580
557
413
271
115
28
93
251
435
590
620
536
322
-30
-323
-487
-453
-292
-82
144
271
230
58
-128
-247
-254
-217
-108
111
355
505
496
359
157
-31
-210
-308
-325
-290
-203
-186
-212
-222
-307
-450
-599
-706
-645
-562
-487
-458
-465
-444
-483
-549
-603
-568
-432
-176
88
270
299
148
-19
-115
-92
35
323
669
914
948
734
417
21
-316
-481
-468
-319
-161
-79
-135
-340
-636
-894
-1047
-1037
-862
-593
-231
127
364
462
436
355
285
282
366
552
743
863
882
769
579
309
29
-188
-327
-380
-341
-263
-220
-239
-332
-436
-511
-511
-415
-263
-76
132
325
468
562
584
563
529
528
600
704
792
811
766
658
497
310
127
32
8
38
79
107
100
21
-101
-223
-274
-235
-118
0
80
98
49
14
8
25
41
67
140
217
240
189
115
57
36
37
80
136
150
122
52
-32
-119
-186
-245
-279
-256
-202
-152
-155
-214
-311
-423
-520
-553
-536
-488
-438
-413
-385
-337
-284
-291
-328
-378
-395
-426
-477
-470
-415
-286
-109
80
146
69
-58
-156
-184
-152
-3
176
330
422
393
281
103
-44
-102
-46
77
175
191
97
-57
-267
-437
-504
-469
-370
-273
-169
-94
-83
-159
-282
-372
-368
-235
-53
141
299
385
386
310
200
123
111
151
265
422
559
609
527
357
155
-13
-116
-143
-116
-23
87
149
177
167
124
37
-38
-34
41
166
306
421
480
505
502
488
479
491
492
460
422
372
306
221
138
89
80
93
111
97
22
-91
-197
-218
-159
-86
-17
23
31
-4
-60
-129
-193
-206
-139
-30
52
96
86
43
-10
-47
-34
14
55
76
93
99
70
14
-35
-72
-87
-87
-75
-74
-145
-255
-338
-386
-414
-427
-432
-433
-414
-397
-394
-393
-384
-368
-347
-310
-280
-267
-260
-258
-248
-254
-261
-242
-226
-246
-250
-209
-166
-137
-124
-123
-132
-125
-94
-50
-17
-7
5
9
-8
-43
-75
-77
-50
-6
55
114
143
138
91
57
47
49
79
131
188
238
275
281
264
222
189
190
202
259
343
407
404
341
255
191
145
113
101
99
107
110
106
70
2
-63
-86
-54
8
78
132
174
201
227
255
283
307
320
339
359
369
369
361
339
314
288
252
219
181
152
127
95
80
63
28
-12
-44
-64
-60
-48
-30
8
31
39
50
24
6
6
-32
-19
6
-16
-32
-40
-47
-71
-115
-163
-220
-233
-211
-214
-221
-224
-276
-294
-280
-306
-302
-276
-270
-268
-264
-275
-290
-315
-321
-283
-245
-211
-196
-194
-174
-179
-216
-254
-284
-284
-238
-180
-121
-85
-114
-180
-268
-352
-413
-458
-454
-384
-286
-178
-110
-138
-204
-275
-342
-358
-302
-181
-63
25
85
136
143
90
25
-13
10
66
139
215
261
274
272
260
247
241
236
239
250
289
351
387
393
390
400
429
455
449
425
392
365
353
336
312
279
237
206
191
170
131
79
29
12
29
72
117
135
138
142
162
166
154
151
153
164
187
223
234
201
156
119
86
47
21
7
-8
-22
-20
8
24
27
21
7
-21
-42
-46
-53
-54
-48
-15
28
51
42
3
-33
-50
-60
-84
-116
-130
-123
-114
-119
-114
-120
-133
-153
-184
-201
-218
-264
-314
-348
-363
-348
-341
-348
-329
-296
-269
-262
-285
-311
-346
-369
-350
-303
-233
-188
-182
-172
-166
-172
-195
-222
-241
-238
-208
-158
-106
-95
-121
-174
-231
-259
-256
-237
-226
-211
-174
-122
-90
-85
-90
-98
-102
-81
-17
60
112
144
181
232
282
317
333
344
356
353
338
322
298
269
249
254
287
336
366
363
346
318
290
281
277
278
307
358
408
434
430
400
349
293
249
208
174
163
164
182
194
197
191
162
118
72
41
25
35
56
78
101
118
119
89
47
17
-6
-35
-61
-68
-51
-16
14
36
41
25
-5
-30
-50
-68
-81
-100
-98
-70
-37
-26
-38
-62
-95
-124
-144
-173
-206
-219
-225
-212
-180
-156
-139
-138
-146
-178
-221
-244
-242
-225
-208
-189
-175
-166
-171
-193
-236
-293
-347
-380
-374
-351
-323
-314
-314
-309
-302
-305
-322
-338
-343
-330
-300
-258
-212
-180
-168
-161
-155
-142
-145
-169
-195
-212
-215
-203
-177
-145
-127
-130
-122
-103
-95
-94
-79
-40
11
63
107
155
189
214
242
279
312
331
346
364
382
382
368
349
352
376
390
380
355
342
350
365
379
384
383
379
367
339
319
315
307
288
278
275
266
250
230
212
209
215
226
229
218
190
147
119
108
106
98
93
92
83
58
25
-6
-36
-52
-57
-58
-59
-51
-31
-17
-16
-11
21
40
35
9
-13
-30
-53
-60
-50
-41
-34
-25
-36
-67
-113
-172
-220
-246
-255
-244
-214
-188
-170
-163
-190
-230
-257
-256
-240
-219
-197
-172
-146
-134
-131
-143
-171
-209
-248
-283
-297
-293
-290
-286
-279
-272
-269
-274
-286
-306
-332
-349
-346
-330
-301
-268
-239
-211
-191
-169
-154
-160
-165
-162
-163
-153
-129
-105
-92
-84
-81
-80
-80
-77
-57
-33
-6
44
103
150
172
184
205
230
247
265
286
298
307
322
335
336
330
333
326
302
286
283
282
278
299
337
370
389
391
384
370
356
343
336
336
329
328
325
306
293
278
253
232
211
186
163
141
112
92
85
74
59
45
24
-1
-18
-19
-23
-43
-72
-97
-115
-122
-125
-119
-97
-65
-34
-19
-20
-41
-74
-104
-125
-130
-115
-97
-84
-65
-46
-43
-69
-114
-161
-194
-209
-214
-216
-206
-190
-170
-161
-176
-203
-221
-230
-229
-210
-188
-164
-148
-132
-118
-107
-99
-113
-142
-167
-185
-186
-178
-177
-175
-178
-190
-208
-229
-256
-284
-303
-307
-289
-258
-231
-223
-232
-236
-227
-212
-193
-166
-143
-118
-94
-74
-58
-51
-51
-51
-48
-36
-20
-1
14
28
47
71
97
117
130
141
158
177
196
222
245
259
274
294
317
320
308
298
300
311
323
338
355
367
367
364
353
341
325
305
295
295
287
276
268
252
238
221
200
175
154
141
135
136
133
132
131
116
95
68
43
20
10
1
-5
-13
-40
-6
-31
-118
-137
-154
-173
-165
-139
-124
-103
-69
-79
-121
-129
-138
-144
-99
-66
-76
-71
-62
-76
-79
-79
-93
-91
-91
-108
-120
-127
-121
-127
-150
-179
-204
-215
-206
-194
-178
-157
-148
-145
-148
-152
-153
-155
-146
-126
-109
-87
-69
-80
-105
-122
-154
-170
-174
-179
-169
-168
-185
-194
-200
-219
-235
-251
-249
-223
-192
-153
-113
-94
-87
-79
-72
-63
-58
-49
-32
-12
19
59
75
75
80
76
85
97
101
113
125
138
160
176
190
203
209
223
234
238
243
243
228
222
225
228
239
256
289
313
313
310
306
289
289
311
318
313
311
303
284
259
222
187
152
133
128
112
88
61
39
19
4
0
5
4
2
2
-18
-25
-13
-25
-24
-11
-9
-18
-25
-56
-88
-104
-107
-121
-120
-113
-156
-159
-161
-166
-159
-186
-200
-183
-198
-189
-193
-202
-158
-154
-122
-132
-134
-77
-211
-162
-65
-162
-146
-89
-78
-165
-150
-122
-217
-171
-155
-211
-165
-99
-109
-178
-127
-147
-210
-162
-147
-139
-120
-114
-118
-107
-111
-160
-194
-151
-138
-155
-111
-106
-127
-133
-122
-120
-120
-61
-43
-30
18
19
20
46
42
58
98
135
126
120
161
149
144
176
181
201
213
214
205
215
210
190
222
243
246
265
246
223
204
194
164
175
200
191
208
180
203
181
160
180
171
182
197
181
190
164
111
144
134
106
108
151
103
70
102
17
16
51
51
8
22
94
16
-36
26
52
-36
-15
43
13
70
1
-13
110
40
14
45
20
-18
-54
-45
-28
-67
-68
-21
-107
-119
-147
-310
-207
-151
-341
-209
-132
-182
-229
-278
-224
-250
-256
-260
-206
-137
-187
-246
-231
-218
-204
-230
-183
-200
-214
-196
-267
-189
-187
-271
-143
-94
-172
-144
-216
-250
-156
-222
-233
-156
-141
-113
-123
-107
-156
-173
-99
-90
-110
-48
10
-30
38
87
44
129
176
168
238
269
229
181
198
218
222
238
290
307
265
242
196
148
156
163
172
252
285
239
205
172
143
132
169
206
204
223
213
179
166
158
110
99
126
136
156
103
54
57
46
42
51
88
78
38
66
76
51
53
82
53
73
137
91
66
98
103
98
139
175
147
107
97
84
69
78
121
131
132
146
111
36
15
15
0
-9
10
27
-59
-147
-133
-160
-229
-205
-186
-256
-300
-284
-328
-326
-370
-379
-292
-295
-308
-417
-361
-268
-348
-330
-295
-269
-259
-303
-300
-222
-207
-227
-251
-222
-246
-375
-373
-248
-234
-296
-296
-235
-236
-260
-272
-297
-231
-251
-264
-162
-91
-76
-73
-9
74
76
39
33
56
142
249
308
365
344
268
246
270
304
354
382
393
384
293
236
197
150
174
221
253
250
186
118
75
50
71
126
143
145
126
108
90
87
85
89
133
170
176
135
91
90
84
120
165
167
166
141
117
118
138
148
180
243
283
292
267
253
256
251
273
332
385
374
327
307
291
262
252
263
268
265
250
189
129
73
11
-10
6
-3
-18
-83
-129
-127
-217
-245
-229
-255
-287
-312
-307
-352
-374
-333
-354
-389
-390
-425
-454
-471
-485
-434
-387
-377
-442
-495
-504
-537
-519
-495
-473
-417
-407
-454
-495
-571
-584
-482
-308
-174
-174
-262
-363
-397
-372
-282
-159
11
173
188
130
27
-68
-52
99
334
519
533
383
242
158
113
184
312
406
434
338
179
57
-22
-15
86
192
276
230
76
-60
-141
-130
-23
97
163
148
55
-33
-101
-132
-73
39
132
178
182
131
72
48
88
206
292
327
322
268
240
263
284
350
475
541
543
504
417
376
367
403
507
578
582
551
461
360
316
320
376
426
430
391
321
229
133
91
98
115
114
92
2
-117
-189
-213
-198
-171
-147
-186
-274
-352
-388
-382
-369
-362
-371
-392
-443
-517
-556
-578
-563
-536
-536
-563
-607
-659
-709
-708
-666
-645
-657
-694
-674
-482
-318
-336
-486
-535
-426
-363
-332
-217
10
193
207
138
52
-69
-144
27
362
563
532
339
154
42
-31
-10
128
257
248
82
-87
-198
-286
-321
-263
-111
-22
-95
-254
-383
-435
-394
-260
-114
-19
-36
-129
-176
-178
-125
-28
88
192
241
235
188
153
159
246
394
491
499
459
392
366
380
425
513
574
591
585
533
473
447
451
503
589
639
635
583
521
484
467
500
553
571
548
490
437
407
390
376
368
345
314
277
195
97
33
34
51
45
-1
-98
-185
-244
-256
-232
-238
-281
-348
-421
-473
-522
-550
-535
-498
-458
-484
-571
-634
-659
-674
-700
-650
-390
-111
-81
-307
-531
-500
-377
-315
-188
86
342
362
207
52
-86
-183
-70
292
615
603
310
-4
-197
-284
-271
-124
50
64
-151
-447
-635
-690
-725
-666
-475
-349
-426
-635
-785
-798
-713
-570
-401
-271
-264
-340
-387
-350
-255
-140
-10
78
122
133
102
86
98
165
280
346
299
202
146
134
177
254
344
413
394
310
230
236
283
332
408
513
596
573
512
494
511
548
620
713
753
709
634
580
562
583
604
594
547
471
391
306
220
173
160
145
107
35
-54
-146
-221
-230
-191
-178
-220
-282
-323
-356
-367
-340
-303
-282
-270
-271
-355
-430
-432
-443
-325
17
325
249
-131
-292
-162
-88
-75
136
521
685
556
374
192
-52
-155
124
555
757
588
224
-93
-313
-421
-355
-139
17
-68
-387
-708
-834
-867
-844
-690
-476
-394
-557
-759
-837
-800
-678
-509
-318
-241
-299
-393
-424
-354
-223
-61
21
13
-26
-94
-156
-156
-88
-1
52
12
-88
-187
-284
-292
-201
-90
-27
-38
-91
-103
-47
28
68
120
232
325
343
357
392
454
567
643
679
662
571
521
552
633
671
595
467
367
297
234
215
212
187
95
-32
-107
-136
-192
-221
-169
-98
-73
-134
-198
-216
-204
-142
-46
2
-18
-55
-58
-19
-15
-68
-62
95
401
615
523
249
108
170
265
319
469
731
875
778
583
379
185
97
273
652
855
688
337
47
-155
-272
-242
-54
106
5
-291
-532
-656
-671
-619
-504
-356
-330
-456
-590
-617
-561
-474
-357
-217
-149
-222
-317
-348
-306
-210
-129
-78
-92
-168
-220
-265
-295
-263
-200
-201
-296
-408
-471
-473
-465
-389
-243
-191
-247
-330
-335
-244
-153
-76
29
158
245
250
216
211
240
280
380
504
533
446
314
240
238
247
252
212
93
-29
-96
-117
-126
-167
-203
-235
-284
-314
-334
-346
-321
-240
-149
-113
-130
-178
-196
-183
-97
12
52
29
-26
-72
-118
-133
-41
234
528
564
380
143
92
175
232
436
756
1012
1020
804
566
392
321
423
728
999
1006
762
444
221
68
19
133
304
338
151
-105
-287
-335
-332
-247
-98
-61
-154
-283
-307
-250
-172
-109
-71
-35
-69
-117
-137
-124
-81
-59
-32
-37
-95
-169
-250
-292
-270
-202
-188
-279
-432
-535
-550
-512
-435
-351
-255
-249
-319
-381
-354
-218
-117
-51
15
77
121
108
103
145
194
206
235
256
212
127
30
13
11
-24
-80
-159
-256
-344
-375
-371
-352
-360
-385
-433
-498
-501
-460
-401
-341
-271
-224
-237
-288
-331
-299
-226
-149
-96
-112
-139
-206
-322
-360
-177
213
463
372
129
-25
-64
-40
127
484
829
961
863
672
435
257
308
612
962
1080
911
599
344
174
122
203
361
470
353
104
-98
-201
-201
-117
71
203
188
40
-97
-93
-5
150
270
326
305
208
134
114
153
216
259
243
173
73
-29
-69
-73
-33
-8
-47
-165
-325
-424
-416
-299
-183
-112
-101
-150
-192
-237
-169
-15
123
209
220
215
192
160
151
203
255
275
269
196
84
-32
-92
-101
-118
-150
-243
-371
-507
-567
-562
-549
-546
-548
-528
-550
-595
-626
-609
-533
-445
-337
-288
-318
-408
-469
-435
-329
-223
-201
-252
-337
-420
-529
-576
-454
-156
129
160
22
-183
-309
-318
-234
93
486
766
801
635
387
157
101
281
681
992
1001
738
402
180
57
77
208
361
385
215
-8
-191
-225
-183
-46
119
182
127
-13
-63
6
150
275
345
355
273
202
179
231
304
335
345
288
181
72
23
27
49
67
70
27
-101
-234
-271
-200
-48
101
158
146
85
15
39
139
314
456
501
518
505
467
406
371
392
443
484
475
389
217
67
-10
-12
-2
-56
-178
-329
-429
-470
-452
-439
-430
-439
-488
-517
-541
-544
-531
-482
-389
-352
-370
-447
-501
-519
-514
-476
-450
-476
-546
-644
-754
-767
-673
-419
-215
-226
-335
-491
-517
-485
-387
-90
239
494
507
358
168
14
27
235
582
781
753
507
215
15
-77
1
120
214
169
23
-144
-296
-321
-288
-152
-29
35
35
-40
-53
-13
115
230
317
343
306
288
260
292
314
333
349
281
190
107
82
72
82
62
1
-94
-197
-218
-219
-161
-74
35
129
121
64
3
71
234
415
555
610
616
555
521
523
564
582
582
619
614
560
413
269
182
154
181
160
90
-43
-143
-192
-187
-166
-160
-136
-156
-169
-195
-218
-217
-197
-142
-109
-104
-162
-233
-286
-316
-321
-351
-393
-449
-569
-690
-699
-568
-327
-251
-355
-504
-610
-596
-573
-403
-123
148
281
223
105
-96
-204
-148
111
412
510
419
159
-76
-252
-282
-197
-63
4
-114
-265
-432
-489
-479
-397
-235
-134
-111
-203
-236
-196
-101
22
122
232
232
207
167
161
188
198
231
218
188
123
64
4
-26
-4
-26
-72
-174
-238
-265
-244
-141
-67
21
51
38
11
10
121
270
400
482
537
530
502
491
500
548
545
544
537
520
468
340
239
190
214
212
167
79
-21
-62
-73
-14
38
75
87
58
51
56
91
120
176
212
214
172
99
73
40
24
-10
-73
-155
-254
-367
-439
-417
-308
-110
-48
-150
-354
-504
-491
-421
-183
113
395
455
297
103
-106
-143
-39
250
511
577
420
85
-191
-368
-351
-250
-105
-57
-210
-420
-631
-670
-647
-531
-374
-273
-248
-341
-375
-372
-273
-159
-64
34
51
54
-4
-15
11
35
60
34
-1
-81
-118
-145
-137
-137
-186
-258
-375
-412
-404
-345
-271
-195
-145
-142
-127
-133
-89
-17
144
308
370
391
347
334
333
378
445
466
433
350
314
273
232
147
88
95
90
51
-45
-109
-137
-105
-62
2
71
75
80
73
129
179
215
285
345
374
333
284
244
217
185
162
155
85
4
-121
-239
-241
-183
-43
59
68
-38
-238
-296
-236
-84
112
347
569
573
429
227
120
130
271
517
670
652
411
146
-55
-150
-149
-117
-47
-84
-202
-403
-527
-543
-518
-409
-323
-256
-296
-350
-347
-285
-183
-123
-49
-24
-8
-25
-36
-1
4
27
19
1
-67
-130
-146
-150
-143
-194
-242
-342
-429
-459
-443
-367
-299
-233
-259
-272
-247
-214
-147
-66
97
175
180
163
165
202
227
291
309
302
227
180
159
103
61
-8
-7
-17
-42
-119
-212
-237
-215
-156
-137
-87
-67
-58
-41
-27
26
53
95
148
212
226
216
192
154
143
112
113
78
30
-17
-92
-182
-217
-146
-67
35
87
98
3
-112
-67
8
174
360
590
716
653
524
349
287
320
513
698
747
658
423
210
7
-59
-42
13
43
-29
-137
-291
-329
-350
-313
-253
-215
-162
-178
-138
-105
-60
-21
12
65
57
64
50
77
91
72
59
16
-31
-116
-133
-130
-145
-189
-249
-290
-392
-444
-449
-386
-327
-312
-301
-320
-270
-222
-153
-82
-8
66
60
83
102
143
164
188
236
224
189
105
40
-20
-32
-6
-9
-27
-107
-192
-290
-311
-265
-211
-174
-165
-142
-164
-175
-178
-158
-113
-71
-7
37
55
43
29
24
9
-16
-35
-52
-82
-116
-156
-205
-271
-305
-284
-239
-114
15
58
-20
-111
-86
-53
28
220
473
644
641
549
393
258
231
371
579
706
688
507
279
68
-44
-58
21
118
104
24
-88
-155
-226
-262
-195
-90
9
26
44
57
58
70
95
144
160
173
178
196
214
213
199
143
82
31
14
8
-2
-19
-63
-136
-224
-258
-273
-269
-241
-208
-183
-184
-168
-129
-75
-52
-31
1
42
97
123
141
150
169
185
184
158
104
49
23
44
64
52
-2
-73
-146
-208
-224
-198
-150
-120
-122
-154
-219
-277
-289
-242
-181
-125
-77
-60
-94
-140
-138
-118
-98
-82
-75
-85
-148
-213
-259
-300
-312
-347
-359
-314
-267
-199
-136
-84
-75
-144
-170
-148
-70
81
270
442
491
424
276
151
129
218
383
513
558
464
269
80
-23
-41
9
101
142
87
-65
-197
-252
-248
-167
-72
14
44
29
-3
-33
-15
31
82
116
167
218
239
238
221
202
185
195
208
210
190
156
116
79
62
19
-38
-96
-126
-107
-68
-26
-30
-57
-92
-88
-55
-13
43
79
123
144
161
177
179
193
225
263
261
234
188
150
146
152
147
101
39
-8
-32
-45
-62
-101
-174
-245
-288
-301
-301
-282
-256
-241
-240
-254
-262
-259
-237
-200
-147
-113
-118
-152
-200
-212
-207
-192
-194
-218
-243
-310
-369
-349
-258
-162
-110
-82
-129
-263
-353
-321
-188
-19
153
273
261
146
20
-26
15
144
323
446
467
360
190
46
-12
15
62
98
94
9
-128
-216
-219
-195
-178
-163
-143
-152
-180
-180
-143
-92
-50
-15
13
42
90
153
226
276
278
252
220
207
240
297
333
318
250
170
87
32
16
29
59
76
59
13
-46
-98
-107
-49
82
198
234
219
194
198
223
296
404
495
550
544
497
434
384
374
403
430
412
333
197
65
-43
-97
-121
-150
-188
-263
-342
-409
-435
-426
-392
-343
-306
-281
-288
-269
-244
-203
-145
-98
-45
-27
-13
-23
-38
-50
-80
-92
-138
-200
-285
-367
-400
-397
-370
-337
-313
-349
-440
-549
-544
-443
-320
-161
-27
91
117
86
71
81
137
227
368
474
493
383
221
109
60
67
55
44
-17
-135
-274
-366
-386
-405
-395
-399
-391
-393
-395
-356
-306
-218
-151
-85
-26
34
101
164
253
309
337
322
303
298
307
333
323
282
204
131
46
-26
-64
-93
-79
-63
-59
-89
-128
-132
-104
-3
138
264
315
326
357
403
467
556
671
772
814
775
689
589
508
482
489
494
444
318
157
8
-111
-192
-224
-236
-252
-299
-365
-422
-454
-435
-383
-309
-225
-157
-115
-74
-19
29
67
100
124
138
119
102
88
44
1
-57
-143
-258
-379
-472
-539
-584
-574
-552
-577
-595
-569
-517
-500
-479
-403
-294
-197
-87
67
188
255
272
283
301
321
360
386
407
380
297
173
67
-27
-144
-227
-272
-291
-359
-450
-502
-546
-582
-590
-527
-450
-383
-320
-250
-178
-136
-82
-14
63
146
215
267
289
295
282
265
243
221
198
157
116
65
13
-37
-73
-91
-100
-91
-82
-78
-75
-51
-4
60
141
222
316
389
439
481
529
585
629
668
702
732
737
713
666
593
520
453
404
359
304
216
98
-3
-83
-134
-174
-193
-192
-207
-220
-227
-203
-170
-135
-95
-51
-12
16
60
104
140
161
155
131
88
52
36
26
-7
-48
-103
-194
-287
-355
-395
-452
-508
-540
-576
-579
-564
-520
-481
-423
-342
-294
-266
-235
-146
-62
33
154
243
283
253
245
237
225
223
229
224
162
79
-44
-143
-217
-265
-289
-330
-350
-411
-488
-547
-547
-511
-481
-433
-400
-351
-326
-283
-212
-150
-78
-30
22
48
73
105
139
171
183
199
182
160
132
125
135
116
95
58
30
-17
-57
-71
-57
-18
5
34
42
58
70
105
175
266
390
469
522
522
507
505
507
549
592
646
654
613
524
414
329
260
245
245
219
135
28
-55
-111
-141
-159
-145
-138
-142
-152
-161
-143
-118
-64
-3
63
118
141
141
147
185
216
221
196
171
140
104
72
44
-4
-70
-130
-192
-246
-314
-354
-386
-404
-417
-460
-511
-559
-522
-446
-370
-313
-261
-218
-229
-226
-181
-55
63
157
210
204
195
152
146
142
137
122
82
52
-17
-90
-186
-247
-299
-366
-421
-475
-492
-524
-536
-535
-507
-470
-446
-389
-344
-278
-230
-165
-91
-17
75
134
182
186
190
192
211
242
244
244
205
154
92
53
31
9
-8
-35
-51
-95
-110
-104
-95
-73
-56
-4
38
81
121
166
217
264
316
376
444
483
498
491
490
485
467
454
442
445
423
377
309
223
155
102
84
81
70
40
11
-8
-26
-46
-54
-22
20
59
89
107
120
126
147
183
219
249
270
282
289
292
282
262
215
167
137
109
82
37
-9
-69
-143
-192
-234
-271
-319
-361
-402
-440
-467
-499
-512
-537
-533
-498
-448
-408
-388
-308
-224
-185
-196
-169
-95
-35
25
74
136
157
161
164
140
107
49
29
38
50
10
-73
-149
-239
-317
-393
-401
-377
-375
-388
-414
-425
-453
-449
-408
-341
-267
-201
-131
-91
-49
-6
55
118
152
183
197
218
222
228
224
190
130
55
11
-24
-48
-85
-127
-165
-212
-248
-275
-260
-237
-205
-156
-105
-53
-14
48
118
203
284
367
459
536
596
620
626
620
611
609
613
617
587
538
468
394
318
240
179
133
109
88
64
33
-8
-35
-46
-28
7
53
97
138
177
211
244
270
295
314
327
338
336
319
284
254
214
154
89
35
-15
-77
-135
-190
-247
-315
-366
-383
-399
-413
-425
-434
-451
-458
-437
-406
-374
-354
-332
-317
-304
-286
-252
-197
-163
-156
-147
-108
-55
-30
-35
-40
-30
-23
-19
-33
-46
-55
-52
-32
-34
-74
-147
-200
-215
-196
-162
-152
-173
-234
-287
-316
-325
-310
-285
-265
-259
-255
-256
-268
-274
-257
-211
-173
-151
-152
-161
-148
-117
-85
-64
-48
-36
-29
-18
7
28
27
18
20
32
34
31
33
37
45
60
77
83
96
119
153
193
233
275
303
331
364
402
441
470
497
513
560
600
606
583
550
537
509
476
458
437
410
366
307
239
172
109
75
61
48
23
-18
-57
-82
-86
-68
-22
12
37
49
46
73
103
144
183
202
220
218
210
214
215
205
196
170
126
69
13
-21
-58
-94
-134
-180
-234
-274
-307
-341
-362
-372
-362
-359
-364
-370
-383
-385
-370
-336
-304
-281
-271
-278
-307
-330
-332
-318
-290
-269
-262
-303
-351
-366
-382
-372
-328
-270
-246
-271
-309
-349
-376
-355
-278
-215
-172
-165
-201
-236
-243
-222
-190
-140
-89
-73
-93
-101
-90
-93
-72
-29
9
30
28
35
52
77
102
127
147
166
176
180
200
222
234
237
230
225
218
217
226
237
243
243
232
218
209
207
213
222
225
240
259
262
256
251
261
282
308
335
353
352
341
334
353
384
390
376
359
349
336
315
304
293
284
266
242
216
194
184
187
197
207
218
216
215
218
218
223
225
227
222
208
186
163
137
109
86
66
41
2
-38
-72
-115
-159
-186
-206
-239
-278
-311
-333
-357
-386
-401
-409
-417
-421
-421
-428
-428
-420
-405
-402
-399
-391
-408
-434
-425
-397
-381
-386
-395
-408
-421
-424
-423
-428
-431
-429
-423
-419
-412
-409
-408
-391
-366
-343
-319
-296
-273
-247
-211
-177
-144
-109
-74
-49
-31
-4
26
65
100
127
156
178
176
157
155
172
195
220
240
237
207
183
178
186
200
212
216
214
206
188
172
169
183
197
207
214
213
203
189
187
201
226
235
220
207
208
217
226
240
256
268
269
265
262
265
277
294
308
322
319
296
272
268
279
290
297
296
284
257
230
216
215
218
214
200
181
162
145
133
123
112
99
84
72
58
38
24
14
-1
-21
-40
-62
-88
-111
-124
-135
-158
-181
-210
-246
-280
-306
-316
-323
-330
-348
-369
-388
-396
-395
-391
-375
-364
-354
-346
-345
-344
-333
-313
-288
-264
-249
-241
-240
-249
-251
-234
-207
-187
-182
-191
-208
-218
-210
-198
-194
-185
-172
-173
-182
-193
-195
-186
-165
-135
-106
-89
-85
-83
-73
-55
-25
9
49
81
95
92
93
109
121
131
142
158
164
166
161
142
128
116
119
130
139
142
141
145
148
149
144
153
170
191
212
230
244
249
254
255
264
278
298
310
310
314
310
296
279
269
265
261
259
250
233
204
175
152
135
117
100
89
79
71
59
45
26
19
25
32
42
46
51
39
21
8
6
15
29
44
48
37
17
-2
-14
-20
-20
-23
-33
-52
-74
-89
-99
-110
-123
-137
-158
-175
-182
-176
-173
-173
-182
-199
-211
-212
-202
-186
-164
-141
-128
-129
-136
-141
-140
-130
-114
-97
-89
-90
-101
-120
-135
-144
-147
-151
-155
-158
-168
-184
-205
-225
-237
-239
-241
-244
-244
-235
-225
-221
-212
-193
-174
-157
-137
-112
-93
-75
-45
-16
6
26
45
63
69
69
76
90
110
131
149
156
152
138
125
122
129
147
169
185
193
192
185
171
164
166
187
214
237
247
250
249
240
226
214
210
214
220
221
213
189
150
107
73
55
48
39
22
-1
-22
-42
-62
-80
-91
-92
-85
-74
-63
-57
-53
-50
-43
-35
-26
-11
3
10
13
12
13
17
19
19
12
2
-8
-17
-22
-27
-28
-28
-35
-43
-52
-58
-53
-45
-37
-30
-28
-31
-35
-31
-17
-6
-1
0
3
10
16
22
27
29
26
17
8
2
-5
-17
-31
-48
-66
-85
-102
-119
-134
-146
-149
-151
-158
-165
-174
-181
-180
-170
-155
-139
-127
-115
-108
-103
-97
-89
-71
-46
-19
-4
0
-3
-5
-3
11
31
47
49
42
39
41
47
52
60
73
80
85
88
92
95
104
121
138
145
147
146
153
164
180
194
199
194
185
176
168
161
154
144
135
128
116
96
70
49
32
17
6
-6
-22
-38
-46
-50
-60
-76
-92
-100
-101
-98
-89
-83
-83
-89
-93
-94
-93
-89
-82
-71
-63
-56
-54
-55
-58
-57
-50
-41
-37
-35
-38
-39
-38
-36
-34
-36
-41
-45
-50
-53
-54
-48
-42
-39
-40
-45
-53
-62
-61
-53
-45
-38
-38
-42
-50
-60
-68
-66
-55
-43
-35
-39
-47
-54
-60
-62
-56
-46
-37
-34
-37
-43
-50
-57
-59
-54
-48
-47
-50
-57
-59
-61
-66
-66
-57
-47
-36
-21
-10
-3
2
12
27
43
62
80
91
94
97
105
115
126
134
135
134
137
142
145
146
147
149
149
144
139
133
128
130
134
137
134
125
115
108
109
115
124
133
132
125
112
105
107
113
120
127
131
120
104
83
70
65
65
66
61
46
21
-7
-31
-43
-47
-50
-55
-66
-80
-96
-105
-106
-104
-101
-96
-91
-85
-81
-75
-70
-67
-66
-64
-62
-62
-63
-69
-76
-81
-90
-100
-113
-127
-142
-154
-163
-170
-175
-177
-177
-181
-186
-188
-187
-180
-164
-147
-132
-118
-109
-100
-88
-72
-55
-38
-26
-16
-9
-2
0
-1
-4
-5
-2
2
5
1
-9
-20
-30
-37
-34
-26
-18
-15
-14
-15
-16
-14
-8
6
22
40
52
61
66
69
69
73
83
94
105
111
108
100
86
75
70
72
79
83
80
69
54
44
42
51
66
78
84
87
91
95
104
118
133
150
162
172
180
189
194
200
205
206
207
207
205
204
200
193
180
164
147
134
124
119
112
102
87
66
46
29
20
15
13
6
-7
-22
-39
-52
-62
-65
-66
-72
-84
-100
-112
-123
-133
-142
-151
-160
-168
-176
-184
-196
-208
-219
-222
-220
-218
-217
-221
-226
-230
-229
-219
-209
-201
-196
-195
-193
-190
-180
-166
-151
-142
-137
-136
-137
-136
-131
-119
-108
-102
-100
-100
-104
-107
-107
-105
-102
-98
-95
-91
-88
-87
-85
-86
-87
-86
-82
-76
-67
-59
-51
-44
-37
-32
-25
-15
-4
6
17
27
35
44
52
63
72
78
85
92
106
118
128
133
138
144
155
166
178
183
190
196
204
216
226
234
236
238
243
252
262
267
271
273
273
274
273
273
273
271
262
247
233
224
216
209
199
187
170
152
135
118
104
93
82
73
62
52
36
20
7
1
-1
-2
-5
-12
-20
-30
-39
-45
-46
-43
-41
-45
-54
-63
-72
-79
-84
-87
-92
-101
-108
-115
-123
-132
-143
-151
-157
-160
-161
-164
-166
-167
-168
-169
-171
-171
-168
-168
-168
-169
-166
-166
-169
-170
-173
-177
-184
-190
-189
-189
-191
-196
-202
-206
-211
-214
-213
-211
-206
-204
-204
-204
-201
-195
-186
-177
-167
-157
-147
-136
-122
-107
-96
-85
-72
-56
-37
-20
-4
7
18
31
47
60
73
86
96
104
116
126
134
143
154
170
183
192
197
201
208
219
230
240
246
251
256
259
263
264
261
258
257
258
260
264
261
251
240
228
220
214
213
211
206
195
180
164
149
137
131
131
130
124
110
91
73
61
58
58
59
57
47
34
20
9
4
3
4
3
1
-7
-19
-29
-36
-41
-39
-40
-45
-53
-64
-76
-82
-86
-90
-95
-103
-115
-128
-137
-142
-147
-151
-161
-174
-186
-195
-200
-202
-204
-209
-217
-223
-228
-235
-236
-235
-233
-232
-231
-235
-239
-240
-239
-237
-231
-229
-228
-226
-225
-223
-218
-213
-207
-202
-195
-191
-186
-179
-170
-162
-150
-136
-124
-113
-103
-93
-79
-63
-45
-25
-10
2
15
24
37
53
71
87
100
108
113
116
122
133
144
153
159
163
164
167
171
176
182
186
188
189
191
195
197
199
204
206
210
212
213
214
215
216
218
217
217
217
212
210
206
201
198
194
188
180
172
163
155
143
136
129
122
116
109
103
97
89
81
76
70
64
61
59
54
48
43
36
29
22
17
9
2
-5
-16
-27
-40
-51
-64
-75
-86
-98
-108
-117
-127
-139
-148
-158
-167
-174
-177
-180
-183
-182
-183
-185
-186
-186
-183
-179
-173
-170
-169
-166
-162
-159
-155
-156
-154
-152
-150
-148
-146
-144
-141
-142
-143
-142
-140
-139
-136
-132
-125
-121
-117
-109
-99
-92
-86
-77
-65
-53
-41
-30
-21
-12
-2
9
20
31
38
47
55
62
67
72
76
80
83
88
92
96
98
102
102
105
107
108
109
109
111
110
113
114
114
115
115
113
114
116
117
116
115
115
117
117
117
117
118
117
118
118
117
117
117
119
117
116
116
118
117
116
114
114
112
107
104
100
95
91
86
81
76
69
60
52
44
34
24
16
7
0
-8
-18
-25
-31
-38
-44
-51
-58
-63
-69
-73
-78
-81
-84
-87
-90
-94
-98
-101
-105
-107
-109
-113
-117
-121
-126
-127
-129
-131
-133
-134
-134
-133
-134
-136
-137
-137
-136
-134
-129
-127
-125
-122
-118
-114
-110
-105
-98
-92
-87
-81
-75
-70
-65
-57
-51
-46
-42
-40
-36
-29
-23
-18
-14
-14
-9
-5
0
7
13
14
17
18
21
25
28
29
30
35
42
49
52
53
52
53
56
62
68
71
74
73
73
71
73
75
75
76
78
79
77
75
75
74
75
76
77
74
74
70
70
70
68
66
64
63
62
60
56
57
56
54
53
50
47
44
40
38
38
38
34
27
19
14
11
9
8
3
-4
-9
-15
-21
-25
-29
-32
-36
-36
-37
-41
-46
-50
-51
-51
-51
-50
-50
-49
-52
-54
-55
-55
-56
-57
-60
-59
-61
-64
-67
-70
-72
-75
-76
-82
-82
-82
-82
-82
-83
-83
-83
-82
-80
-75
-71
-67
-65
-61
-55
-52
-47
-43
-36
-30
-26
-23
-18
-14
-11
-6
-2
1
6
9
12
15
18
21
22
26
32
36
39
42
45
50
54
59
64
68
70
74
79
83
89
93
96
97
100
101
100
100
102
104
105
106
106
104
103
101
99
101
103
101
98
96
92
91
89
90
92
91
88
84
80
76
72
68
66
62
58
53
48
40
33
27
22
18
12
5
-1
-7
-9
-12
-16
-21
-23
-28
-32
-37
-40
-42
-43
-46
-49
-53
-55
-58
-60
-62
-65
-69
-73
-78
-83
-84
-88
-92
-95
-98
-101
-104
-109
-110
-110
-110
-112
-114
-116
-116
-115
-111
-108
-106
-106
-104
-104
-103
-99
-98
-96
-92
-90
-90
-90
-89
-86
-83
-81
-79
-75
-71
-69
-66
-64
-60
-56
-51
-45
-37
-33
-29
-26
-20
-13
-6
0
4
9
15
19
25
33
38
44
49
52
57
60
65
70
74
78
80
82
87
91
95
99
102
105
109
111
113
115
116
119
121
123
124
124
124
123
122
122
121
119
115
111
109
105
101
98
95
91
86
80
75
67
63
60
56
51
45
40
36
30
26
21
16
10
5
0
-6
-10
-16
-19
-24
-28
-33
-38
-44
-50
-55
-60
-63
-67
-72
-75
-78
-81
-84
-88
-91
-93
-97
-101
-103
-104
-109
-111
-113
-114
-115
-116
-119
-119
-117
-117
-117
-118
-119
-117
-117
-116
-113
-108
-105
-103
-101
-100
-97
-93
-92
-89
-85
-78
-75
-73
-67
-61
-54
-51
-45
-38
-33
-29
-25
-22
-14
-9
-5
3
9
13
17
21
29
35
40
46
53
57
58
62
69
74
81
85
88
92
94
98
102
107
111
113
114
117
119
119
120
121
124
126
126
128
127
127
128
128
128
127
126
124
122
120
120
119
117
115
112
109
104
103
100
98
93
87
83
79
73
69
65
62
56
50
48
43
35
29
23
16
9
4
-1
-9
-18
-25
-31
-37
-40
-48
-55
-61
-67
-73
-78
-80
-85
-91
-96
-100
-106
-107
-109
-114
-117
-118
-122
-125
-127
-129
-131
-133
-134
-133
-134
-134
-134
-134
-130
-126
-125
-124
-122
-121
-120
-115
-110
-109
-108
-106
-102
-98
-93
-89
-86
-82
-77
-73
-66
-62
-57
-54
-49
-44
-41
-36
-32
-29
-26
-23
-19
-14
-10
-6
-2
0
4
10
15
22
26
31
35
39
43
47
52
56
60
64
68
71
72
77
83
88
92
93
98
100
105
109
112
116
120
123
123
123
124
126
127
128
129
129
129
126
125
125
125
123
121
118
116
112
108
104
101
97
93
88
83
77
70
64
57
52
48
42
35
28
22
16
10
3
-5
-12
-18
-26
-34
-38
-43
-48
-55
-60
-64
-69
-75
-80
-84
-86
-89
-92
-94
-98
-102
-105
-107
-107
-107
-109
-113
-114
-114
-113
-112
-111
-111
-111
-111
-110
-109
-107
-105
-105
-102
-99
-97
-96
-96
-96
-93
-90
-86
-82
-80
-78
-75
-70
-65
-61
-57
-54
-51
-48
-44
-39
-34
-29
-26
-22
-19
-13
-8
-3
1
6
9
13
16
19
23
27
30
32
36
40
43
48
52
56
61
65
69
73
76
80
84
87
92
95
99
103
104
107
108
111
112
113
116
117
118
119
119
119
117
115
114
112
111
109
105
104
101
101
97
94
91
86
82
79
76
74
70
66
62
58
52
48
43
40
37
31
27
21
15
11
4
-1
-5
-11
-17
-22
-25
-29
-35
-42
-48
-54
-59
-65
-69
-75
-78
-83
-87
-92
-96
-100
-104
-107
-110
-112
-114
-117
-117
-118
-119
-120
-120
-120
-121
-121
-121
-120
-119
-119
-117
-116
-115
-116
-113
-113
-111
-109
-107
-103
-102
-100
-99
-96
-94
-89
-84
-81
-75
-71
-68
-64
-57
-51
-46
-42
-37
-33
-27
-19
-14
-8
-2
3
11
17
23
29
34
38
44
50
55
58
63
67
72
76
79
82
87
90
94
97
100
104
109
112
113
114
116
119
120
119
118
117
118
116
115
113
112
111
109
107
105
105
103
100
98
96
94
92
89
87
84
82
79
77
74
71
70
67
63
61
59
57
51
45
42
37
33
28
23
18
12
6
2
-3
-8
-14
-19
-25
-28
-31
-36
-42
-47
-51
-55
-59
-64
-66
-70
-74
-77
-80
-83
-86
-90
-92
-93
-96
-97
-100
-102
-103
-106
-107
-108
-109
-110
-107
-106
-105
-104
-101
-99
-98
-96
-93
-90
-85
-82
-79
-76
-72
-68
-64
-60
-56
-53
-48
-43
-40
-37
-35
-31
-26
-23
-21
-18
-16
-14
-10
-5
-4
0
2
6
10
14
18
20
23
27
31
33
36
40
43
45
48
51
54
56
60
62
63
65
66
68
71
70
71
74
73
73
72
71
70
71
71
70
69
69
69
68
66
65
64
64
65
65
65
63
63
61
60
59
56
55
55
51
47
46
42
40
37
34
31
28
25
23
18
13
10
4
0
-3
-7
-11
-15
-19
-22
-27
-31
-35
-38
-40
-43
-45
-47
-49
-51
-53
-53
-55
-56
-57
-57
-58
-59
-61
-62
-63
-63
-63
-62
-63
-63
-64
-64
-64
-64
-63
-63
-62
-62
-61
-61
-61
-61
-61
-59
-59
-56
-52
-54
-52
-49
-49
-47
-43
-40
-38
-35
-34
-33
-31
-29
-27
-23
-20
-18
-14
-13
-11
-8
-7
-4
-3
-2
1
2
2
4
4
5
7
8
10
12
14
16
19
23
24
26
29
32
36
39
41
45
47
50
53
56
59
63
66
67
66
69
71
71
73
71
72
72
71
69
67
67
64
61
59
57
55
52
49
46
42
41
38
35
34
31
28
26
22
20
17
14
11
7
6
4
1
-2
-5
-8
-12
-12
-15
-17
-16
-18
-22
-24
-25
-25
-25
-24
-23
-25
-25
-24
-23
-21
-19
-17
-16
-15
-15
-15
-15
-13
-13
-11
-10
-11
-13
-14
-17
-19
-18
-19
-19
-20
-22
-23
-26
-28
-28
-27
-28
-28
-29
-31
-31
-32
-30
-27
-27
-26
-23
-24
-23
-20
-21
-19
-17
-15
-15
-12
-12
-10
-9
-9
-6
-4
-2
-1
0
1
3
5
7
9
11
12
13
14
15
17
20
21
23
25
26
28
28
30
29
30
29
30
30
31
31
31
30
30
29
29
26
25
25
24
23
22
22
19
17
16
15
13
12
10
9
7
7
5
2
1
-1
-3
-5
-6
-5
-6
-6
-9
-10
-12
-12
-15
-16
-16
-17
-17
-18
-19
-22
-24
-25
-26
-27
-29
-31
-31
-33
-33
-35
-35
-36
-36
-36
-37
-38
-37
-36
-36
-36
-36
-36
-35
-34
-33
-32
-32
-32
-29
-28
-26
-26
-25
-23
-21
-21
-18
-17
-16
-15
-12
-11
-11
-9
-7
-6
-5
-4
-3
1
2
7
9
12
15
17
19
21
21
25
28
30
31
31
32
32
33
32
34
33
35
35
36
38
38
38
40
38
39
38
39
39
40
41
39
38
39
38
39
37
37
37
39
39
37
36
35
32
29
28
26
26
24
20
18
14
13
10
9
7
5
3
1
-3
-3
-5
-9
-10
-12
-14
-16
-18
-21
-22
-23
-24
-27
-29
-29
-31
-33
-34
-36
-37
-38
-40
-41
-42
-43
-44
-44
-43
-45
-46
-46
-46
-46
-46
-46
-45
-44
-46
-45
-44
-45
-44
-44
-43
-43
-42
-42
-41
-41
-39
-37
-35
-33
-33
-31
-29
-27
-25
-23
-21
-19
-16
-14
-11
-9
-8
-5
-1
2
5
7
10
11
13
16
19
21
23
26
26
30
32
33
36
38
39
42
42
44
46
47
49
50
52
53
55
56
56
56
57
58
58
58
57
59
60
59
60
57
59
58
58
58
57
56
56
55
54
54
52
51
49
47
46
45
43
42
39
38
35
34
31
28
26
23
21
17
15
11
7
3
1
-2
-5
-7
-10
-13
-16
-19
-22
-24
-27
-30
-31
-33
-35
-37
-40
-41
-45
-47
-48
-49
-51
-53
-53
-54
-55
-55
-57
-58
-58
-59
-58
-57
-57
-56
-57
-57
-59
-58
-58
-57
-56
-55
-54
-53
-51
-51
-50
-50
-49
-49
-48
-46
-43
-42
-42
-40
-40
-39
-38
-37
-36
-34
-34
-32
-30
-29
-28
-27
-25
-22
-21
-17
-16
-14
-12
-9
-7
-6
-3
0
1
5
9
11
13
15
18
21
24
27
29
31
34
36
38
41
43
45
47
51
53
55
58
59
60
60
61
62
63
65
65
66
67
65
64
63
64
63
62
62
61
60
60
58
56
52
49
47
44
43
40
39
37
32
29
26
21
18
15
13
10
7
6
2
0
-2
-8
-10
-12
-14
-17
-20
-21
-24
-26
-29
-32
-35
-36
-37
-41
-43
-42
-44
-46
-48
-51
-51
-53
-54
-54
-54
-53
-54
-54
-54
-55
-54
-55
-55
-55
-52
-51
-51
-49
-46
-46
-46
-45
-44
-42
-41
-40
-40
-37
-35
-36
-35
-35
-35
-34
-32
-30
-29
-27
-25
-24
-24
-23
-21
-20
-17
-13
-12
-10
-7
-6
-3
-1
2
3
5
8
9
11
14
16
18
22
23
27
30
32
35
37
41
42
45
49
51
52
55
57
59
61
64
65
67
67
69
71
72
73
73
73
73
74
74
73
74
74
72
71
68
67
65
64
63
61
59
58
55
52
50
48
44
41
37
34
31
29
25
20
18
14
10
6
1
-2
-4
-9
-11
-15
-19
-22
-24
-26
-30
-33
-37
-38
-39
-42
-43
-42
-44
-46
-47
-49
-50
-50
-52
-54
-54
-55
-56
-56
-58
-59
-60
-60
-60
-59
-59
-58
-57
-56
-56
-54
-53
-52
-52
-51
-48
-45
-43
-42
-41
-40
-39
-37
-35
-34
-35
-34
-33
-31
-29
-27
-25
-26
-25
-25
-24
-23
-21
-19
-17
-15
-13
-11
-9
-6
-5
-2
0
3
6
10
12
14
17
19
22
24
24
26
29
29
30
31
30
30
30
31
33
34
35
38
39
38
39
40
40
40
41
42
42
44
46
46
45
45
45
44
43
41
42
39
38
36
35
35
32
29
25
22
20
18
16
15
15
13
9
8
6
5
5
3
0
-1
-3
-5
-7
-8
-9
-10
-13
-16
-17
-18
-21
-23
-24
-28
-29
-30
-32
-34
-35
-36
-37
-38
-39
-40
-40
-41
-41
-42
-42
-42
-41
-41
-40
-39
-37
-36
-36
-35
-33
-33
-32
-31
-29
-26
-25
-24
-25
-23
-21
-19
-18
-17
-15
-15
-14
-12
-11
-7
-7
-6
-4
-1
0
1
2
4
7
8
8
10
10
13
14
14
14
16
18
20
20
22
23
24
24
25
27
28
29
30
32
32
34
34
32
34
35
35
34
36
37
38
37
37
39
40
38
37
37
38
38
37
35
37
37
37
35
36
35
35
33
32
33
31
31
28
27
26
24
23
21
20
19
17
16
13
13
11
9
7
5
4
0
-3
-4
-6
-8
-11
-15
-18
-19
-21
-24
-24
-26
-29
-31
-32
-33
-36
-37
-39
-40
-41
-42
-43
-45
-46
-45
-46
-47
-49
-48
-47
-48
-46
-47
-47
-47
-46
-46
-45
-43
-43
-43
-42
-41
-38
-37
-35
-34
-32
-30
-28
-26
-25
-23
-20
-19
-16
-14
-13
-10
-9
-7
-4
-4
-3
-1
1
3
3
5
5
7
9
11
12
11
11
12
13
15
17
17
17
18
21
20
21
22
23
24
26
26
26
27
27
28
29
28
27
27
28
29
30
31
31
31
31
31
31
32
32
32
32
33
33
31
30
31
31
30
31
32
29
28
27
26
26
26
25
23
22
21
20
19
17
17
15
14
14
13
9
8
5
3
3
2
0
-2
-4
-6
-7
-7
-9
-10
-11
-12
-16
-18
-20
-21
-21
-23
-26
-27
-30
-29
-30
-32
-29
-32
-32
-32
-33
-33
-34
-34
-33
-34
-35
-35
-36
-36
-36
-36
-34
-33
-33
-31
-30
-31
-29
-28
-26
-25
-25
-26
-26
-26
-25
-24
-23
-21
-19
-19
-18
-15
-12
-13
-10
-9
-8
-7
-5
-5
-4
-2
-2
0
1
0
3
4
5
6
8
10
11
14
16
17
17
19
19
19
19
19
20
21
21
24
22
23
24
25
26
28
27
29
30
29
29
29
28
29
29
30
29
27
27
25
25
25
24
24
24
25
24
24
24
23
23
23
21
20
18
17
14
15
14
14
12
9
9
9
7
8
7
6
6
5
3
1
1
-1
-3
-3
-5
-6
-7
-8
-9
-11
-11
-12
-13
-12
-13
-13
-15
-17
-18
-19
-18
-19
-21
-24
-24
-24
-24
-23
-24
-25
-25
-26
-27
-27
-27
-27
-27
-26
-27
-28
-25
-25
-26
-26
-27
-26
-26
-24
-23
-22
-23
-22
-21
-21
-19
-19
-18
-16
-16
-15
-13
-12
-11
-9
-8
-6
-5
-3
1
1
4
6
7
8
11
11
12
13
15
18
19
20
21
23
23
24
25
28
28
29
31
31
32
33
33
33
33
34
32
33
33
32
33
32
31
31
30
30
28
27
27
26
25
24
22
20
18
16
15
13
12
13
11
8
7
6
3
0
-1
-1
-3
-5
-5
-7
-8
-10
-11
-13
-14
-15
-16
-17
-18
-18
-19
-21
-23
-23
-23
-23
-25
-25
-25
-27
-27
-27
-28
-28
-29
-31
-30
-30
-32
-31
-29
-29
-30
-32
-31
-31
-29
-27
-27
-25
-26
-25
-26
-25
-23
-21
-22
-20
-18
-16
-15
-16
-16
-15
-15
-14
-12
-10
-9
-8
-7
-6
-6
-6
-6
-3
-1
0
2
4
5
7
8
9
12
12
16
18
19
21
22
22
24
26
28
28
28
29
30
31
32
33
33
32
32
32
32
34
33
34
34
32
34
33
32
32
32
31
32
31
30
29
28
28
27
25
24
23
22
20
18
17
16
14
13
11
10
8
6
4
2
1
-1
-2
-4
-5
-7
-8
-9
-10
-13
-15
-15
-16
-18
-19
-20
-22
-22
-24
-25
-26
-27
-29
-30
-30
-31
-32
-33
-32
-33
-35
-36
-36
-36
-38
-37
-37
-37
-36
-36
-37
-38
-38
-37
-36
-35
-35
-34
-33
-32
-31
-30
-27
-27
-24
-24
-23
-22
-20
-18
-17
-14
-13
-11
-10
-7
-5
-4
-3
-1
1
4
6
7
8
11
13
14
17
18
20
22
23
25
26
29
31
32
31
33
35
37
38
40
40
41
43
44
44
46
45
45
47
47
46
47
46
46
47
45
46
46
46
44
43
41
40
41
39
37
36
34
33
32
30
28
25
23
22
20
17
16
14
12
11
8
4
3
-1
-4
-5
-9
-11
-11
-12
-14
-17
-18
-21
-23
-25
-26
-29
-30
-32
-34
-34
-35
-37
-40
-41
-42
-44
-45
-44
-46
-46
-44
-46
-46
-46
-46
-47
-47
-47
-47
-45
-44
-44
-43
-42
-41
-41
-40
-39
-38
-35
-35
-34
-31
-30
-30
-27
-26
-24
-24
-22
-22
-20
-19
-19
-17
-14
-11
-10
-9
-8
-7
-5
-4
-2
1
4
6
6
8
10
12
12
14
15
17
19
21
22
23
25
26
26
27
28
29
31
31
33
35
34
33
33
34
34
36
38
37
38
37
37
36
35
36
35
35
35
36
36
35
34
34
32
31
29
28
28
28
27
27
26
26
24
22
21
20
18
16
14
14
12
10
9
7
7
6
5
3
1
-1
-3
-4
-5
-6
-6
-8
-7
-8
-11
-13
-15
-17
-18
-19
-19
-22
-23
-24
-24
-24
-25
-26
-26
-28
-28
-28
-28
-28
-30
-32
-31
-32
-33
-33
-33
-33
-34
-35
-34
-35
-34
-33
-33
-32
-31
-31
-29
-28
-28
-27
-26
-25
-26
-25
-23
-23
-22
-20
-20
-19
-18
-16
-15
-13
-11
-10
-8
-6
-5
-4
-2
-2
-1
1
1
0
3
4
6
9
8
8
8
11
13
15
16
16
15
15
16
17
19
19
19
19
21
21
21
21
22
20
21
23
22
24
22
22
21
22
22
22
24
22
21
20
21
20
20
20
19
19
19
19
18
16
15
15
15
13
13
12
13
13
13
12
11
11
10
10
9
9
7
5
4
3
3
1
3
3
3
3
3
1
1
1
1
-1
-2
-3
-5
-5
-6
-6
-6
-6
-6
-5
-6
-5
-6
-7
-7
-7
-7
-6
-6
-7
-7
-9
-10
-9
-10
-10
-10
-9
-10
-10
-9
-7
-8
-7
-7
-8
-8
-8
-8
-8
-9
-9
-7
-7
-8
-7
-6
-7
-6
-8
-7
-6
-4
-4
-4
-4
-3
-3
-3
-2
-3
-3
-3
-4
-3
-5
-3
-4
-3
-2
-2
-2
-1
-1
-1
0
-2
0
-1
0
1
1
1
0
0
0
0
1
0
0
1
2
2
2
3
3
3
2
3
4
4
4
3
2
3
2
3
4
4
4
3
3
4
2
4
3
4
5
5
4
4
4
4
4
3
5
3
2
2
3
2
2
3
3
3
2
2
2
3
2
2
1
1
1
2
1
0
0
-1
-1
-1
-1
-1
-1
-2
-2
-2
-2
-1
-3
-3
-2
-2
-2
-3
-3
-3
-4
-3
-3
-3
-2
-4
-4
-4
-4
-4
-5
-4
-5
-4
-4
-6
-4
-4
-4
-3
-5
-4
-3
-4
-3
-4
-3
-4
-3
-2
-2
-2
-3
-3
-3
-3
-4
-3
-3
-3
-2
-3
-2
-2
-1
0
0
0
0
0
0
-1
0
0
0
1
1
