-7
-5
-4
-1
1
2
3
4
4
5
4
1
0
0
0
0
2
1
-1
-3
-5
-5
-3
-2
-1
0
1
0
-1
1
4
7
9
9
7
5
0
-5
-8
-10
-10
-10
-9
-8
-4
0
1
1
2
2
4
3
1
0
0
1
0
0
-1
-1
-2
-3
-3
-3
-4
-4
-3
-2
0
3
7
10
14
15
17
18
19
19
20
22
21
20
18
17
17
17
16
15
17
15
14
12
12
13
16
19
21
23
21
18
15
10
4
1
0
1
1
2
4
5
5
4
2
-1
-4
-7
-9
-10
-9
-10
-11
-10
-9
-12
-16
-18
-17
-21
-25
-28
-30
-28
-24
-23
-27
-28
-31
-33
-33
-29
-29
-24
-20
-27
-40
-42
-31
-21
-22
-21
-16
-8
-8
-18
-25
-24
-24
-31
-45
-57
-43
-3
30
40
45
51
53
41
19
7
21
43
40
14
3
9
7
-10
-24
-19
-9
-14
-19
-12
3
19
39
56
59
56
56
49
28
6
-2
-8
-17
-33
-39
-35
-33
-30
-28
-23
-18
-17
-12
-10
-10
-6
3
5
5
10
15
20
21
16
10
9
3
-4
-13
-18
-12
0
12
21
40
77
112
134
156
183
201
191
138
85
64
39
6
-15
-14
5
25
14
-13
-11
8
27
39
36
36
60
77
72
68
50
37
22
-16
-59
-89
-106
-117
-109
-94
-67
-33
-13
-4
0
-7
-29
-49
-79
-98
-100
-97
-92
-82
-69
-57
-44
-52
-67
-88
-129
-164
-181
-182
-181
-161
-139
-106
-75
-76
-83
-91
-108
-126
-111
-62
26
147
251
310
283
194
115
61
-2
-59
-70
-66
-88
-144
-170
-139
-97
-86
-83
-49
-7
34
74
110
137
154
177
183
153
84
23
-12
-52
-99
-130
-128
-114
-105
-85
-49
-21
-28
-37
-32
-24
-23
-18
-6
5
18
31
48
51
46
47
46
33
5
-19
-48
-73
-85
-76
-48
-15
31
83
125
147
164
175
175
163
142
123
95
73
55
48
52
68
105
146
175
175
150
118
94
70
49
62
101
129
136
127
109
109
113
89
58
26
10
17
24
19
27
56
75
80
64
32
-4
-30
-50
-70
-78
-78
-67
-42
-11
14
18
6
-15
-43
-80
-118
-149
-164
-165
-158
-142
-128
-126
-126
-126
-141
-166
-182
-190
-195
-228
-272
-284
-267
-271
-286
-282
-292
-326
-377
-380
-244
5
220
367
506
563
463
285
176
154
108
-11
-100
-119
-186
-309
-353
-303
-265
-256
-206
-99
14
90
178
302
390
406
380
348
284
160
29
-44
-100
-188
-252
-231
-169
-145
-128
-78
-40
-48
-65
-41
-5
1
1
40
84
88
92
110
117
101
83
68
30
-29
-87
-129
-164
-173
-134
-65
16
99
191
267
307
319
325
320
290
242
191
144
102
73
78
125
192
218
196
169
151
113
58
19
26
74
114
126
138
168
203
214
175
109
69
52
30
2
-17
-12
19
53
70
69
53
22
-9
-50
-98
-145
-178
-189
-181
-158
-123
-76
-37
-24
-29
-32
-41
-77
-117
-144
-162
-204
-250
-276
-289
-297
-299
-290
-282
-292
-317
-324
-317
-339
-376
-381
-359
-335
-332
-354
-424
-499
-438
-112
366
624
575
491
538
476
129
-163
-61
230
183
-198
-444
-344
-180
-222
-335
-343
-221
-78
63
187
239
300
437
608
609
437
290
232
147
-66
-216
-220
-206
-278
-305
-160
-5
20
-49
-52
-15
-20
-27
-10
5
-24
2
86
134
103
78
130
158
124
54
7
-59
-156
-222
-242
-204
-133
-16
97
185
272
353
401
372
342
336
309
224
135
105
113
158
210
248
260
253
215
145
92
62
58
52
58
96
150
184
202
243
260
230
171
108
51
15
-4
-22
-24
1
48
67
51
37
43
38
0
-54
-118
-170
-210
-231
-225
-215
-204
-175
-119
-84
-85
-104
-117
-136
-183
-240
-278
-301
-353
-398
-389
-367
-380
-405
-400
-368
-357
-381
-394
-382
-428
-525
-556
-553
-586
-480
-10
594
814
621
510
610
460
-41
-310
-25
292
101
-332
-439
-215
-86
-177
-290
-296
-206
-79
68
175
220
292
498
707
669
464
356
356
214
-68
-198
-133
-136
-283
-309
-134
-17
-62
-109
-66
-37
-56
-22
61
75
33
52
119
125
73
67
120
149
125
87
59
6
-75
-145
-172
-137
-55
27
61
86
178
322
407
402
393
414
404
330
286
319
350
324
283
263
255
247
195
108
86
129
130
74
64
147
267
308
252
221
245
246
199
127
52
35
70
58
9
11
39
25
-34
-77
-82
-83
-104
-124
-135
-159
-171
-160
-166
-205
-249
-264
-240
-226
-250
-266
-257
-258
-294
-335
-351
-358
-414
-494
-551
-605
-674
-731
-733
-704
-656
-595
-524
-479
-471
-294
168
636
745
599
529
503
289
-63
-164
30
118
-123
-439
-508
-408
-319
-331
-391
-398
-275
-43
127
204
250
407
630
752
706
553
453
366
229
33
-126
-211
-306
-355
-321
-200
-106
-88
-103
-104
-38
35
82
45
-9
7
85
184
209
168
104
111
149
115
0
-112
-148
-188
-239
-241
-143
-8
83
174
283
391
425
410
376
350
355
339
305
287
354
454
481
408
279
187
105
23
-20
10
57
72
94
148
268
388
451
433
383
322
239
154
49
-24
-53
-42
-43
-61
-54
-29
-7
-8
15
22
-27
-102
-147
-166
-203
-227
-229
-218
-224
-200
-132
-99
-162
-276
-345
-378
-407
-483
-575
-633
-631
-607
-630
-657
-651
-620
-646
-681
-516
-82
342
445
391
441
512
361
73
-21
125
236
70
-207
-366
-361
-299
-323
-443
-520
-391
-192
-98
-90
-10
206
404
475
409
345
331
307
237
149
127
111
79
55
90
125
79
-17
-157
-286
-361
-343
-300
-283
-217
-66
136
282
380
439
452
434
383
293
133
-30
-163
-257
-319
-326
-237
-102
30
112
166
206
230
230
195
183
225
303
344
343
376
489
613
616
506
388
298
169
-29
-198
-258
-216
-134
-49
54
191
357
473
473
387
318
303
274
203
109
61
74
103
111
123
157
171
136
64
-8
-86
-171
-233
-251
-232
-183
-107
-45
-16
-2
5
-30
-119
-223
-298
-340
-382
-432
-477
-515
-543
-583
-654
-741
-799
-838
-926
-1022
-967
-620
-61
420
620
647
692
685
465
133
9
168
286
95
-271
-464
-403
-293
-353
-578
-718
-615
-393
-320
-365
-302
-48
257
426
477
480
534
599
575
431
267
196
126
-4
-143
-181
-168
-220
-335
-439
-416
-312
-233
-255
-276
-169
19
166
207
246
347
494
591
554
440
343
287
144
-72
-207
-195
-135
-156
-206
-209
-120
-10
64
114
179
279
339
348
347
396
491
560
568
553
580
573
452
252
86
-19
-101
-144
-144
-100
-51
-1
38
34
18
52
114
106
63
70
133
170
167
184
242
304
284
204
115
50
-3
-53
-96
-150
-192
-202
-180
-179
-209
-238
-256
-298
-362
-374
-325
-286
-313
-355
-354
-344
-402
-509
-595
-632
-694
-798
-838
-724
-408
-8
284
326
270
293
315
189
22
113
358
457
250
1
-67
12
73
-74
-308
-456
-373
-299
-387
-519
-497
-285
-141
-116
-188
-151
30
241
342
313
367
492
613
600
512
416
301
141
-118
-349
-467
-459
-494
-615
-664
-545
-302
-136
-59
-1
137
333
467
493
431
408
421
402
326
282
343
421
429
356
313
297
249
125
2
-37
-32
-28
-51
-35
73
275
471
563
547
505
490
438
324
182
121
157
221
257
272
293
305
278
178
40
-88
-185
-270
-356
-407
-409
-348
-247
-133
-36
52
115
119
93
83
94
82
63
58
40
12
6
10
-46
-155
-248
-316
-410
-534
-624
-670
-701
-730
-713
-643
-555
-476
-421
-401
-443
-466
-317
-7
204
160
44
54
108
50
-35
43
253
369
304
161
53
50
102
90
-34
-121
-81
-29
-68
-150
-157
-79
14
-2
-189
-385
-380
-225
-161
-216
-231
-129
15
105
157
179
187
177
127
54
12
39
76
63
12
-36
-40
-4
17
-26
-80
-66
4
38
18
13
45
83
103
118
162
256
381
453
438
395
393
422
418
374
331
314
306
286
272
299
356
383
355
297
244
197
153
114
64
13
-2
37
99
144
173
200
206
159
76
11
-7
-4
-8
-34
-69
-91
-81
-39
-8
-27
-67
-79
-66
-61
-65
-42
10
53
63
52
38
20
2
-41
-114
-182
-217
-259
-351
-452
-500
-502
-526
-566
-573
-546
-522
-519
-517
-539
-551
-473
-324
-238
-301
-384
-387
-380
-399
-406
-361
-328
-312
-273
-251
-240
-203
-102
5
96
192
214
154
105
128
167
182
217
208
125
89
214
370
406
373
346
329
290
270
264
226
176
115
56
49
112
177
168
114
77
64
67
79
80
57
45
59
74
63
41
5
-66
-142
-198
-207
-183
-132
-67
-22
23
84
158
215
241
238
205
169
154
164
197
249
313
374
423
459
485
474
422
374
356
360
368
401
480
562
597
590
567
509
405
303
232
155
41
-79
-140
-126
-69
-17
5
4
-19
-57
-99
-148
-203
-269
-324
-348
-351
-339
-324
-299
-279
-276
-285
-320
-384
-494
-631
-753
-829
-864
-882
-865
-805
-711
-628
-561
-445
-304
-229
-280
-397
-458
-490
-516
-500
-415
-293
-211
-128
-50
-7
-5
-35
-23
11
67
75
3
-39
12
128
215
297
357
345
305
320
404
428
384
329
282
227
182
170
141
105
76
45
23
40
93
113
84
48
42
60
89
99
67
48
87
151
170
154
129
76
14
-20
-37
-73
-105
-81
-27
18
68
137
194
223
252
287
289
257
234
239
266
329
427
502
536
562
598
607
579
553
521
468
413
398
412
434
487
543
552
512
474
434
341
225
128
48
-34
-90
-110
-122
-132
-129
-137
-176
-217
-254
-317
-402
-456
-471
-475
-484
-482
-461
-423
-368
-328
-330
-378
-453
-535
-631
-723
-805
-873
-920
-920
-820
-643
-500
-467
-491
-483
-472
-492
-493
-440
-358
-296
-223
-142
-83
-25
30
96
150
180
156
35
-71
-74
9
98
166
209
192
150
149
188
199
170
125
71
39
70
145
193
177
128
78
53
63
69
29
-57
-141
-190
-197
-170
-141
-129
-112
-86
-67
-71
-68
-50
-36
-33
-20
25
84
134
178
216
241
252
258
268
280
300
325
355
391
460
554
616
631
625
645
680
695
696
692
698
698
690
668
639
627
623
605
549
482
428
386
336
294
292
302
290
242
179
114
48
-31
-134
-240
-334
-396
-436
-472
-515
-556
-565
-551
-527
-525
-547
-576
-615
-655
-693
-714
-714
-701
-677
-641
-604
-598
-587
-508
-409
-391
-466
-539
-557
-574
-579
-510
-368
-230
-135
-61
-16
-8
-13
-1
25
46
58
40
1
-7
59
168
266
328
328
270
226
234
249
204
121
61
24
1
-1
17
24
-18
-85
-136
-138
-107
-101
-161
-273
-380
-436
-429
-394
-375
-365
-335
-275
-201
-131
-69
-51
-87
-146
-171
-150
-115
-80
-47
-17
18
78
175
291
390
463
514
554
570
583
612
657
708
759
847
941
1006
1043
1049
1025
959
910
875
823
770
720
675
604
546
532
547
559
540
484
375
259
164
88
9
-71
-125
-163
-193
-233
-267
-300
-339
-402
-495
-582
-650
-686
-723
-764
-808
-846
-855
-837
-804
-801
-827
-837
-790
-683
-598
-570
-581
-592
-585
-571
-514
-400
-268
-166
-127
-122
-133
-126
-89
-43
21
98
169
169
129
156
251
358
418
420
347
219
153
184
230
198
132
99
76
41
12
-3
-45
-129
-220
-289
-319
-294
-232
-205
-233
-260
-247
-224
-237
-272
-297
-317
-358
-419
-461
-454
-413
-392
-398
-397
-357
-298
-253
-200
-143
-97
-47
27
127
247
384
501
555
564
583
635
689
716
724
716
715
729
760
788
819
871
898
897
893
902
899
853
797
740
693
655
626
591
547
504
458
395
317
238
152
62
-8
-58
-118
-197
-266
-310
-350
-378
-388
-410
-460
-515
-552
-593
-649
-716
-782
-834
-837
-761
-666
-638
-678
-718
-718
-702
-652
-552
-422
-330
-304
-286
-248
-205
-159
-69
54
146
167
129
94
100
146
212
261
270
204
93
25
49
121
149
117
58
8
-9
17
43
8
-74
-151
-209
-242
-218
-153
-141
-214
-310
-362
-378
-395
-414
-451
-509
-558
-567
-536
-498
-468
-459
-454
-421
-345
-257
-186
-120
-76
-73
-75
-31
36
88
123
163
202
247
315
405
492
560
612
642
658
695
752
780
751
711
698
710
725
733
727
702
671
646
621
591
562
528
472
393
318
261
227
199
153
93
42
14
1
-7
-17
-46
-108
-182
-245
-295
-331
-360
-404
-476
-524
-462
-323
-224
-237
-312
-360
-400
-427
-378
-235
-87
-37
-53
-75
-72
-22
62
173
230
216
156
81
52
61
110
160
184
170
101
58
88
149
161
106
60
27
-16
-55
-68
-70
-107
-160
-226
-308
-356
-348
-330
-378
-498
-611
-681
-696
-668
-632
-618
-629
-631
-621
-590
-518
-448
-440
-491
-528
-504
-447
-376
-310
-275
-269
-239
-145
-37
47
95
115
127
138
209
332
463
558
605
635
641
658
691
714
715
678
620
559
537
563
578
567
542
507
451
388
376
382
342
258
171
115
82
72
69
45
-5
-62
-101
-126
-129
-130
-158
-219
-292
-347
-391
-407
-397
-358
-273
-182
-122
-119
-128
-121
-135
-135
-72
70
186
199
177
157
181
247
359
504
601
622
563
479
452
475
553
615
609
526
387
310
320
362
348
257
168
71
-23
-74
-88
-94
-164
-274
-391
-481
-492
-451
-418
-477
-614
-726
-775
-762
-746
-739
-742
-782
-818
-831
-794
-717
-667
-663
-706
-729
-694
-603
-489
-429
-420
-439
-418
-324
-211
-103
-23
41
99
142
207
290
373
428
445
453
460
492
550
581
576
535
498
476
454
441
421
397
354
301
259
238
256
259
209
106
-12
-95
-147
-186
-233
-290
-330
-357
-371
-376
-373
-364
-384
-437
-511
-577
-528
-354
-159
-75
-100
-105
-65
-47
-55
46
283
487
514
400
324
399
619
833
930
911
855
829
787
738
724
798
912
909
756
534
442
542
614
485
205
41
72
146
157
82
30
-5
-116
-303
-492
-536
-427
-344
-413
-579
-610
-468
-322
-311
-435
-534
-559
-557
-584
-624
-553
-405
-312
-360
-441
-362
-178
-86
-195
-383
-443
-334
-160
-31
68
210
335
318
150
11
58
198
257
197
144
209
316
337
213
50
-40
-63
-86
-153
-189
-138
-87
-150
-314
-434
-429
-389
-445
-595
-696
-653
-528
-453
-477
-538
-597
-697
-866
-1028
-1065
-1054
-914
-517
68
506
505
254
32
-68
-215
-88
628
1573
2038
1558
686
132
176
524
849
1072
1111
1049
857
574
358
206
164
138
-11
-189
-191
177
579
523
36
-362
-266
46
226
268
323
438
392
182
85
224
464
530
334
100
46
143
131
-99
-390
-485
-335
-161
-116
-152
-158
-170
-292
-499
-531
-284
55
186
73
11
116
283
321
308
387
544
637
571
507
517
550
428
157
-56
-64
53
64
-52
-191
-256
-307
-465
-647
-726
-669
-593
-614
-682
-715
-700
-709
-737
-682
-519
-327
-265
-352
-457
-485
-450
-420
-401
-382
-335
-330
-405
-571
-733
-826
-836
-934
-979
-550
130
499
24
-671
-871
-523
-240
-19
801
1798
2065
961
-489
-924
-162
822
1290
1379
1249
924
349
-194
-316
-60
287
504
455
239
16
-147
-298
-512
-596
-227
467
900
754
296
-62
-182
-173
11
463
918
947
537
59
-131
-72
-33
-42
17
126
221
188
48
-156
-371
-440
-312
-41
174
317
327
225
101
18
74
260
502
720
867
879
845
797
713
621
566
623
729
785
675
458
215
6
-64
-19
51
44
-59
-173
-253
-342
-468
-596
-649
-582
-455
-372
-363
-426
-543
-664
-707
-652
-504
-394
-426
-568
-747
-883
-956
-1013
-1111
-1201
-1380
-1181
-461
222
162
-684
-1295
-1220
-738
-551
5
1188
1917
1224
-634
-1678
-1045
389
1274
1497
1400
869
-7
-774
-752
-96
460
670
668
493
67
-515
-877
-754
-383
28
478
794
672
77
-570
-763
-408
218
794
1112
954
357
-246
-525
-356
-25
225
365
284
13
-277
-460
-484
-504
-454
-225
92
226
24
-223
-322
-180
89
299
464
529
475
421
412
539
755
895
881
769
719
718
709
650
580
574
531
454
415
369
304
178
81
133
230
240
111
-42
-99
-50
14
51
99
134
61
-116
-294
-291
-144
-39
-55
-209
-382
-580
-765
-923
-957
-994
-744
-135
280
12
-894
-1354
-1034
-436
-267
108
1086
1606
798
-984
-1805
-989
359
1047
1128
964
348
-663
-1388
-1142
-322
201
320
333
168
-429
-1193
-1446
-972
-314
93
328
367
60
-543
-951
-688
10
640
910
844
530
48
-310
-354
-56
290
444
424
175
-216
-493
-557
-408
-291
-217
-59
53
-74
-438
-625
-480
-113
237
416
446
302
88
32
191
448
694
767
674
483
303
275
358
451
455
401
286
115
-13
-93
-107
-83
-45
76
141
30
-213
-409
-377
-145
138
325
367
302
172
41
3
146
413
604
536
310
40
-122
-217
-265
-236
-305
-43
500
838
388
-533
-816
-363
148
178
622
1606
1878
708
-1003
-1345
-217
961
1336
1274
1013
189
-900
-1302
-611
238
362
129
87
-28
-707
-1464
-1520
-875
-288
-82
48
23
-392
-1121
-1425
-882
-49
486
534
358
35
-433
-666
-449
85
433
380
197
-39
-308
-521
-541
-308
-115
-39
-26
-118
-328
-631
-671
-348
105
440
418
188
-81
-213
-86
237
644
882
847
569
200
-12
3
206
437
469
348
119
-181
-442
-570
-485
-271
-98
-93
-313
-654
-951
-996
-757
-386
-39
69
-93
-393
-603
-555
-326
-14
281
427
343
62
-258
-443
-452
-254
-135
164
713
1060
724
-316
-822
-358
460
712
986
1777
2110
1154
-543
-1013
120
1425
1834
1700
1417
676
-374
-839
-163
772
994
777
653
455
-313
-1116
-1099
-371
214
288
274
129
-412
-1214
-1485
-794
129
576
473
200
-113
-541
-793
-529
84
471
371
108
-86
-302
-541
-601
-287
47
130
14
-210
-465
-763
-797
-416
119
444
365
74
-224
-381
-260
144
623
874
774
480
242
144
149
306
596
742
554
140
-212
-318
-325
-313
-201
-32
-11
-315
-802
-1161
-1190
-935
-588
-314
-264
-493
-866
-1136
-1065
-677
-256
-25
-71
-222
-445
-636
-746
-632
-377
-287
-64
273
561
275
-422
-720
-353
180
422
980
1696
1709
528
-858
-880
315
1399
1721
1614
1196
338
-521
-564
248
931
975
824
762
448
-326
-894
-678
11
449
582
625
389
-286
-1020
-1074
-406
315
660
634
382
-92
-565
-598
-130
457
695
593
399
162
-102
-285
-194
146
405
473
377
128
-240
-553
-464
32
482
538
272
10
-221
-353
-217
204
684
720
398
129
63
83
114
284
573
700
503
118
-130
-202
-210
-159
-69
33
-27
-331
-755
-1063
-1095
-859
-561
-396
-461
-730
-1030
-1213
-1145
-876
-547
-348
-396
-592
-829
-967
-922
-802
-413
134
439
272
-295
-622
-530
-220
21
498
1245
1520
927
-200
-794
-411
410
1116
1507
1364
624
-239
-503
-107
327
526
741
978
780
5
-637
-638
-320
-101
149
593
717
120
-783
-1200
-919
-423
33
430
559
182
-541
-963
-789
-285
174
450
587
467
83
-228
-223
62
337
508
706
776
568
144
-95
98
436
662
696
630
464
172
13
107
387
585
579
516
405
242
78
63
298
570
647
486
229
28
-114
-114
39
221
257
103
-120
-318
-483
-564
-497
-362
-310
-425
-629
-836
-982
-993
-887
-713
-613
-648
-801
-994
-1165
-1059
-529
-8
118
-261
-657
-736
-592
-427
5
792
1264
983
161
-385
-271
211
684
1127
1333
981
303
-106
-25
170
196
283
586
771
493
-39
-390
-521
-516
-307
129
456
300
-235
-704
-837
-720
-459
-157
-1
-99
-369
-546
-586
-623
-659
-544
-256
-16
-1
-110
-215
-314
-394
-289
72
439
532
395
243
188
158
201
394
573
610
533
524
530
417
261
279
467
586
594
555
455
269
132
241
477
514
344
211
225
227
147
133
203
203
64
-29
21
48
-69
-219
-233
-185
-216
-313
-359
-355
-364
-378
-378
-354
-363
-388
-404
-462
-527
-506
-359
-145
53
124
44
-143
-302
-270
-78
133
364
623
734
543
135
-135
-53
252
492
622
646
502
195
-87
-141
-11
127
196
276
321
180
-98
-308
-319
-242
-182
-95
59
149
7
-276
-479
-514
-454
-354
-211
-85
-122
-360
-620
-683
-553
-370
-279
-298
-316
-289
-254
-261
-311
-337
-272
-127
14
96
72
-25
-114
-145
-103
-19
38
22
-19
-18
38
72
27
-40
-64
-36
30
115
224
299
221
45
-25
77
269
367
340
326
339
295
209
203
279
329
276
208
245
295
247
145
93
104
123
113
112
175
224
204
110
35
68
164
224
219
221
246
245
206
187
249
305
292
253
244
262
225
127
57
58
79
68
11
-61
-124
-175
-203
-193
-177
-189
-210
-232
-240
-236
-242
-231
-195
-158
-161
-181
-165
-101
-45
-42
-73
-104
-140
-178
-170
-98
-26
-32
-104
-168
-194
-211
-226
-206
-124
-14
35
-26
-135
-200
-166
-78
-4
61
102
69
-39
-140
-136
-60
-49
-122
-171
-151
-137
-188
-249
-276
-291
-307
-268
-188
-211
-352
-490
-474
-342
-232
-162
-148
-213
-324
-361
-261
-142
-102
-101
-73
-36
-34
-19
26
50
35
48
142
236
241
197
189
232
272
297
333
368
398
425
461
486
474
466
475
476
457
437
473
549
582
519
418
371
393
407
346
233
146
108
100
99
91
56
-37
-162
-225
-186
-101
-93
-172
-237
-233
-186
-163
-158
-133
-101
-95
-93
-59
-17
-18
-55
-62
-16
42
52
15
-27
-43
-21
8
33
31
10
-22
-33
2
65
117
122
80
24
-2
27
78
89
39
-24
-63
-76
-86
-93
-110
-154
-197
-194
-155
-164
-248
-332
-361
-372
-387
-376
-323
-318
-412
-513
-503
-419
-388
-417
-423
-379
-351
-373
-361
-302
-258
-278
-303
-246
-160
-120
-138
-118
-41
25
41
41
77
131
164
179
219
272
294
289
289
337
401
440
439
418
424
451
474
470
466
470
449
398
347
331
337
337
342
345
290
168
76
67
90
74
35
41
86
75
-18
-78
-52
8
31
41
89
142
113
0
-69
-8
115
185
171
121
66
23
6
26
70
94
96
85
52
6
-8
38
82
70
20
1
18
27
5
-38
-76
-120
-153
-120
-43
-15
-80
-187
-225
-208
-193
-194
-175
-165
-225
-311
-332
-269
-251
-316
-353
-297
-242
-291
-375
-382
-332
-334
-371
-331
-233
-220
-325
-407
-362
-266
-246
-279
-277
-246
-233
-230
-191
-141
-140
-174
-173
-93
0
52
52
28
5
-7
35
130
219
248
216
185
191
221
261
307
325
285
230
215
249
269
219
129
80
89
120
137
108
52
9
11
45
61
53
69
119
151
141
136
166
184
166
163
222
280
270
221
186
181
183
195
219
225
209
205
218
227
207
189
198
200
163
125
143
170
152
105
77
91
91
58
39
50
54
20
-21
-38
-36
-38
-51
-68
-76
-80
-102
-148
-174
-147
-110
-131
-199
-237
-213
-173
-172
-177
-177
-189
-196
-186
-162
-171
-215
-230
-200
-164
-175
-214
-238
-234
-215
-192
-168
-175
-215
-235
-230
-209
-197
-195
-176
-161
-166
-170
-136
-89
-82
-117
-144
-113
-40
23
39
-1
-52
-59
-57
-32
-5
-1
-7
-46
-85
-83
-53
-74
-112
-108
-64
-29
-54
-96
-77
17
96
129
115
86
88
115
163
210
254
274
256
227
229
251
249
207
184
235
322
340
276
218
198
194
176
172
215
255
239
179
140
146
143
129
134
167
189
154
101
59
42
44
43
56
70
59
29
-1
-23
-34
-45
-48
-25
4
6
-23
-53
-72
-85
-93
-60
19
60
18
-50
-65
-42
-37
-45
-19
40
64
30
-23
-45
-42
-38
-41
-38
-24
-19
-17
-38
-76
-99
-101
-81
-70
-73
-87
-117
-147
-142
-95
-61
-83
-138
-168
-153
-135
-133
-137
-139
-155
-201
-255
-264
-233
-210
-224
-234
-216
-201
-222
-243
-207
-134
-94
-102
-108
-87
-58
-42
-24
2
32
63
91
108
95
78
63
58
74
109
143
128
80
64
100
122
87
51
69
119
131
102
94
99
74
29
40
123
182
148
73
30
31
39
58
101
137
119
57
24
36
46
23
2
28
74
89
58
29
8
-20
-35
18
113
140
65
-23
-24
28
57
58
68
77
46
1
4
45
60
33
19
36
63
71
64
51
32
33
66
108
117
82
42
28
46
86
130
132
79
22
7
43
81
85
58
23
-15
-54
-76
-80
-75
-87
-114
-120
-119
-131
-167
-189
-163
-114
-90
-112
-134
-135
-119
-98
-82
-71
-65
-57
-46
-42
-49
-62
-70
-57
-31
-14
-16
-39
-75
-110
-116
-97
-78
-79
-86
-80
-76
-94
-133
-151
-141
-126
-110
-84
-64
-85
-137
-171
-156
-113
-78
-60
-50
-47
-59
-91
-110
-104
-82
-52
-18
10
11
-22
-60
-73
-54
-8
48
90
83
35
6
33
80
97
103
129
156
133
80
65
97
124
121
131
174
203
177
126
116
136
159
186
227
243
193
129
126
179
220
228
230
240
234
209
195
209
209
177
152
162
185
168
123
86
61
35
20
40
65
56
11
-19
-26
-39
-58
-50
-9
13
-18
-62
-73
-58
-37
-12
11
0
-48
-82
-62
-18
-13
-48
-70
-57
-42
-56
-82
-102
-117
-133
-138
-123
-114
-142
-189
-214
-202
-186
-188
-198
-205
-217
-248
-270
-253
-213
-206
-236
-253
-238
-223
-233
-245
-227
-196
-172
-162
-163
-181
-206
-202
-148
-76
-46
-67
-102
-103
-80
-51
-26
-1
25
30
19
8
18
42
63
75
91
122
146
140
113
100
115
142
162
174
183
189
176
159
164
198
239
259
255
245
240
241
246
257
271
277
266
250
235
213
185
165
163
167
161
146
130
111
87
67
61
75
88
88
77
62
48
28
8
6
22
42
57
59
49
21
-13
-27
-16
3
15
14
-1
-29
-52
-54
-45
-55
-76
-86
-85
-94
-117
-124
-117
-125
-151
-173
-171
-164
-173
-189
-187
-174
-174
-189
-200
-201
-208
-234
-250
-227
-182
-163
-182
-216
-239
-237
-216
-183
-148
-131
-137
-157
-167
-158
-136
-111
-90
-72
-61
-64
-77
-86
-75
-41
-2
20
19
3
-16
-29
-30
-16
9
43
72
75
48
15
-1
15
54
100
135
140
121
94
85
93
109
131
154
166
163
150
126
95
72
81
119
147
139
114
92
75
60
60
88
119
127
115
114
122
107
79
88
134
172
172
162
163
162
146
135
149
170
168
151
149
159
147
114
93
91
86
67
59
70
66
32
-5
-12
-7
-24
-53
-60
-49
-51
-67
-73
-73
-91
-116
-116
-101
-101
-117
-120
-105
-104
-127
-140
-135
-128
-129
-121
-94
-79
-103
-141
-148
-121
-94
-77
-58
-37
-40
-76
-108
-102
-65
-30
-13
-6
-14
-43
-79
-94
-75
-46
-30
-25
-27
-49
-90
-116
-106
-82
-76
-80
-70
-51
-57
-89
-116
-110
-92
-86
-79
-60
-46
-66
-109
-131
-112
-78
-70
-75
-66
-49
-51
-71
-77
-59
-37
-17
13
48
61
42
22
33
71
111
137
149
152
157
163
174
182
189
198
214
235
258
264
242
204
183
195
219
232
229
217
187
141
112
114
130
129
112
102
91
65
34
21
22
20
7
6
16
11
-27
-64
-64
-42
-35
-49
-58
-57
-60
-72
-81
-81
-88
-97
-91
-70
-62
-71
-77
-75
-84
-100
-92
-58
-29
-30
-42
-43
-44
-49
-50
-35
-14
-2
-3
-3
-9
-27
-45
-37
-13
-2
-10
-22
-25
-29
-41
-55
-59
-52
-46
-46
-47
-49
-65
-96
-120
-113
-84
-73
-88
-109
-113
-111
-123
-139
-134
-114
-101
-99
-92
-83
-89
-109
-123
-106
-64
-30
-26
-35
-41
-47
-45
-22
11
29
25
30
54
70
61
51
60
76
81
85
104
122
109
85
78
82
83
82
95
115
115
92
69
61
58
61
73
87
83
66
51
44
39
38
44
47
44
37
43
49
40
22
10
15
28
42
48
39
21
14
20
29
26
19
22
38
55
57
42
17
4
16
46
74
73
55
33
17
13
26
49
67
63
48
40
40
31
14
9
20
37
41
35
18
-9
-36
-47
-31
-11
-12
-30
-51
-67
-81
-88
-80
-70
-76
-89
-100
-99
-100
-109
-113
-106
-92
-90
-97
-104
-107
-106
-99
-82
-62
-60
-73
-91
-86
-64
-50
-53
-61
-65
-60
-58
-60
-57
-50
-44
-44
-44
-44
-48
-57
-51
-26
-2
2
-17
-34
-31
-15
0
9
20
29
26
10
-2
1
17
34
48
50
41
27
19
27
42
55
60
56
54
60
66
66
56
57
76
95
98
94
98
97
82
69
77
99
110
107
102
96
78
56
59
84
98
88
71
66
67
58
48
43
49
50
42
37
34
24
8
0
5
9
2
-8
-12
-16
-29
-47
-50
-32
-20
-30
-44
-45
-44
-57
-70
-60
-29
-14
-23
-35
-32
-27
-30
-32
-15
11
19
11
0
-6
-5
4
13
18
11
0
-7
-11
-15
-18
-17
-20
-32
-49
-55
-58
-64
-72
-72
-69
-79
-98
-110
-106
-98
-100
-99
-93
-89
-105
-126
-127
-103
-78
-71
-77
-80
-76
-81
-85
-73
-46
-24
-20
-23
-21
-16
-15
-11
8
32
51
55
49
43
41
44
50
64
85
100
99
83
67
59
68
89
108
114
103
90
83
78
75
75
81
89
88
80
67
56
44
34
35
48
51
37
15
1
-4
-9
-8
-2
9
6
-15
-35
-40
-32
-19
-9
2
7
0
-14
-21
-14
1
16
29
36
37
32
30
33
36
40
52
70
77
65
49
45
49
52
57
65
66
52
29
13
9
14
17
19
13
-6
-34
-55
-60
-52
-47
-49
-60
-80
-97
-114
-117
-110
-101
-93
-94
-104
-119
-130
-130
-118
-95
-82
-82
-89
-94
-94
-90
-84
-72
-56
-42
-37
-43
-51
-53
-49
-42
-30
-14
-1
1
-9
-20
-22
-16
-5
8
23
36
35
18
6
13
31
45
50
55
55
47
33
33
45
53
53
44
38
35
30
27
24
23
24
27
30
26
14
6
10
20
25
27
33
34
30
27
30
43
54
53
51
52
60
65
67
69
72
75
74
72
76
87
87
75
68
73
81
80
70
59
53
51
50
52
52
39
20
4
-3
-3
-7
-9
-11
-23
-38
-53
-61
-67
-72
-69
-62
-59
-65
-74
-79
-82
-82
-72
-54
-41
-36
-43
-49
-52
-52
-45
-29
-13
-10
-21
-31
-35
-36
-36
-34
-29
-26
-29
-34
-40
-49
-57
-57
-48
-37
-33
-37
-47
-58
-65
-58
-45
-32
-30
-39
-47
-48
-49
-49
-47
-39
-37
-39
-41
-45
-48
-50
-49
-45
-39
-31
-28
-32
-39
-36
-25
-14
-6
-2
8
15
18
26
38
49
57
65
74
80
85
91
96
105
113
115
116
120
122
120
118
122
128
129
128
120
109
101
98
95
95
95
87
70
49
36
34
33
29
20
9
-5
-20
-32
-37
-37
-37
-41
-43
-47
-50
-55
-56
-52
-46
-34
-25
-19
-22
-25
-21
-12
-5
2
10
17
21
18
14
15
18
20
22
27
28
23
12
4
4
3
2
2
3
-5
-18
-26
-30
-34
-36
-34
-36
-45
-56
-65
-70
-71
-74
-77
-76
-80
-92
-103
-107
-104
-101
-102
-101
-99
-103
-110
-113
-109
-100
-88
-80
-76
-74
-74
-66
-57
-42
-29
-15
-5
3
5
13
24
34
43
54
66
71
71
73
77
80
81
86
92
93
87
82
80
78
79
79
78
75
71
63
57
52
48
45
42
39
30
23
14
11
8
4
-1
-5
-9
-11
-12
-13
-13
-13
-13
-14
-11
-4
1
5
6
8
9
10
13
18
23
24
25
26
26
22
20
20
24
28
29
27
25
21
19
18
22
23
24
22
16
11
11
11
10
5
1
2
0
-7
-15
-19
-23
-27
-31
-31
-31
-38
-51
-60
-61
-57
-58
-62
-65
-68
-73
-76
-77
-74
-69
-68
-64
-62
-58
-56
-54
-52
-47
-36
-27
-22
-23
-23
-19
-12
-9
-8
-4
-2
-4
-10
-10
-7
-4
-4
-6
-5
-7
-12
-14
-13
-9
-10
-12
-15
-18
-19
-20
-18
-16
-15
-14
-13
-13
-13
-13
-11
-7
-2
6
13
13
15
20
28
33
38
46
56
61
62
63
67
71
79
85
90
93
90
83
83
86
90
88
86
85
80
69
65
67
67
64
62
61
61
52
40
37
42
47
48
44
40
32
21
16
20
23
22
17
8
3
-2
-6
-10
-12
-11
-12
-19
-28
-32
-34
-35
-38
-43
-42
-42
-44
-43
-47
-52
-55
-52
-44
-40
-43
-52
-55
-53
-53
-51
-46
-46
-51
-56
-58
-60
-66
-67
-67
-67
-65
-66
-69
-74
-82
-84
-79
-69
-65
-68
-76
-83
-85
-82
-74
-63
-55
-56
-62
-62
-57
-53
-51
-46
-38
-27
-19
-16
-15
-11
-3
6
15
28
39
43
39
40
49
60
69
74
80
85
83
75
76
82
86
90
93
95
90
81
76
75
80
87
92
92
88
80
75
76
80
78
76
77
82
78
71
69
67
64
59
53
48
43
35
28
28
32
28
17
13
9
6
7
2
7
-9
13
55
22
7
0
-29
-42
-34
-26
7
62
27
-12
-30
-65
-55
-32
-20
-12
-12
-18
-24
-32
-46
-51
-46
-47
-51
-63
-30
-5
-31
-37
-43
-83
-91
-57
-57
-29
11
-38
-68
-91
-136
-117
-75
-68
-70
-73
-91
-88
-80
-94
-107
-111
-86
-57
-54
-60
-60
-60
-63
-60
-60
-51
-31
-24
-10
-9
-25
-32
-23
-14
-6
-16
-18
11
11
0
-17
-34
-25
-16
-8
1
-2
-4
6
12
8
20
22
23
34
27
22
31
42
50
66
55
42
50
43
37
47
64
65
62
53
43
54
53
52
53
57
56
50
52
49
53
53
55
61
60
56
53
53
48
53
52
52
63
46
32
26
18
20
26
23
15
28
43
24
20
5
-17
-11
-6
-1
27
38
10
8
-26
-58
-34
-12
13
21
3
-14
-5
-22
-48
-35
-26
-2
20
-2
-26
-29
-27
-21
-15
-17
-9
7
4
-5
-6
-7
-9
-4
-1
1
0
-8
-6
7
0
-20
-16
-13
-19
-23
-21
-18
-19
-30
-38
-29
-32
-38
-34
-30
-30
-25
-33
-42
-33
-31
-28
-19
-25
-34
-30
-33
-36
-22
-14
-7
-4
-20
-29
-23
-29
-24
-6
-4
1
3
-6
-12
-10
-9
1
15
13
14
20
20
13
13
15
15
25
28
33
39
28
13
16
25
24
30
28
17
16
17
16
21
25
20
12
10
7
4
11
11
21
25
16
15
16
7
3
11
11
9
9
6
12
17
15
14
10
6
3
5
13
17
20
22
21
18
15
8
9
19
25
25
26
23
11
2
-4
-9
3
8
9
11
5
-5
-18
-27
-25
-17
-10
-7
0
-12
-26
-23
-27
-28
-23
-24
-20
-17
-28
-37
-29
