-13
-4
-4
-4
7
25
37
37
28
24
28
31
23
6
-6
-9
-9
-16
-31
-42
-44
-40
-38
-41
-43
-39
-29
-20
-17
-11
-7
-2
4
7
7
8
7
4
-2
-7
-11
-14
-19
-23
-23
-17
-11
-5
2
12
23
35
42
45
44
44
44
40
32
22
17
13
7
2
-5
-8
-1
0
0
-2
-1
4
8
11
15
20
24
29
33
38
47
53
48
37
29
22
12
-4
-16
-16
-5
12
28
39
47
52
55
53
34
11
2
8
12
5
-10
-16
-7
2
4
-6
-15
-13
-5
-5
-20
-35
-39
-30
-19
-26
-41
-49
-43
-36
-38
-42
-44
-40
-33
-32
-42
-54
-61
-58
-52
-50
-55
-66
-72
-72
-75
-80
-89
-94
-95
-85
-55
-16
11
20
41
85
112
99
76
74
87
81
48
1
-37
-50
-47
-52
-82
-103
-81
-35
-8
-9
-6
22
68
97
89
69
61
69
70
43
6
-17
-23
-20
-29
-45
-57
-54
-39
-28
-26
-26
-15
2
12
18
26
40
50
52
58
68
73
68
56
45
37
28
12
-5
-15
-11
4
21
32
45
66
96
119
128
128
127
130
126
114
95
80
77
78
72
52
35
34
52
79
98
88
81
94
91
54
10
-9
10
41
32
2
-3
9
28
34
9
-27
-17
10
-3
-45
-86
-90
-57
-28
-49
-79
-84
-64
-45
-57
-94
-117
-102
-84
-89
-118
-147
-148
-133
-137
-162
-189
-206
-212
-227
-263
-301
-318
-319
-324
-335
-334
-268
-143
-32
45
163
348
483
435
307
288
346
270
49
-93
-104
-133
-251
-342
-348
-333
-291
-173
-41
-23
-15
132
324
358
267
250
323
336
223
104
49
15
-32
-78
-132
-201
-227
-181
-145
-186
-235
-197
-106
-72
-90
-57
38
113
127
125
139
162
166
135
84
35
0
-37
-89
-138
-155
-137
-113
-82
-41
11
72
143
202
224
233
258
286
272
224
188
171
145
100
57
26
-8
-38
-55
-70
-92
-98
-70
-29
-4
19
63
120
161
177
182
200
250
312
324
270
205
147
80
-9
-106
-157
-132
-80
-65
-77
-85
-52
38
99
75
43
73
130
148
100
29
19
66
73
13
-73
-141
-164
-164
-194
-247
-274
-253
-198
-152
-155
-168
-137
-90
-75
-98
-143
-170
-176
-193
-229
-276
-318
-344
-354
-367
-382
-397
-426
-452
-412
-275
-99
44
174
374
582
619
498
422
468
454
262
40
-50
-77
-193
-349
-412
-406
-365
-263
-130
-81
-83
34
259
382
314
253
334
436
394
263
182
153
126
78
-4
-116
-202
-206
-189
-244
-334
-343
-254
-169
-134
-81
27
142
203
228
248
269
277
237
165
103
74
35
-42
-117
-136
-106
-84
-70
-53
-19
33
97
158
187
201
247
320
356
331
296
288
276
230
153
77
-6
-85
-141
-174
-159
-90
41
175
262
286
316
351
322
247
192
197
184
134
19
-74
-82
-69
-63
-90
-108
-103
-23
22
-7
-43
-28
35
73
44
-62
-128
-136
-117
-142
-207
-251
-199
-116
-102
-139
-180
-182
-189
-229
-323
-405
-446
-483
-493
-497
-511
-527
-491
-452
-458
-481
-480
-472
-542
-579
-324
209
534
437
348
619
881
654
197
89
342
405
78
-346
-565
-549
-387
-276
-450
-687
-504
79
407
210
-10
259
774
947
678
328
241
396
498
283
-144
-384
-258
-61
-136
-414
-539
-377
-171
-150
-264
-280
-97
133
204
144
155
270
319
218
127
167
228
148
-23
-106
-65
-25
-68
-156
-197
-125
38
146
94
17
115
344
466
408
341
394
522
602
546
361
175
118
141
79
-99
-216
-110
117
221
146
89
207
406
487
352
184
193
304
278
76
-84
-70
89
144
11
-151
-135
22
117
69
-57
-52
92
215
142
-68
-202
-157
-83
-175
-374
-459
-371
-253
-253
-316
-303
-211
-140
-169
-256
-335
-380
-443
-563
-695
-756
-762
-797
-875
-905
-820
-752
-739
-561
-18
539
693
614
744
1013
898
447
175
312
399
89
-383
-689
-703
-559
-432
-559
-777
-617
-58
337
171
-79
142
686
973
772
435
337
553
762
612
182
-119
-22
157
58
-301
-546
-480
-334
-326
-477
-540
-380
-102
67
70
117
282
436
413
302
293
346
280
49
-123
-111
-42
-67
-182
-242
-169
3
121
79
-42
-30
163
315
276
179
233
410
516
482
417
395
398
375
310
213
113
34
-13
-15
10
58
95
134
196
291
351
322
249
185
195
222
194
107
50
80
152
190
142
80
95
178
209
132
6
-71
-77
-78
-150
-256
-325
-298
-221
-166
-157
-173
-143
-79
-36
-81
-178
-280
-374
-458
-541
-603
-658
-698
-737
-768
-815
-873
-915
-962
-997
-948
-640
-121
328
485
526
790
1070
1017
620
404
537
606
297
-290
-654
-728
-591
-543
-762
-997
-874
-313
17
-104
-256
32
593
837
734
482
465
685
858
759
375
181
227
316
120
-243
-436
-488
-490
-637
-750
-754
-575
-337
-235
-159
0
315
481
430
337
427
592
489
185
-55
-16
77
23
-158
-286
-199
-19
101
-15
-171
-147
48
181
116
92
212
417
532
579
636
673
671
605
513
388
297
237
150
46
-15
-3
-5
-67
-103
-22
146
267
267
200
163
245
345
328
204
127
193
296
315
207
106
129
220
227
72
-128
-256
-310
-362
-460
-550
-564
-462
-311
-185
-134
-111
-80
-56
-75
-151
-267
-436
-597
-713
-766
-814
-879
-949
-966
-923
-946
-943
-679
-116
290
276
252
542
859
684
329
363
710
834
478
34
-295
-357
-245
-308
-706
-1119
-899
-405
-270
-548
-642
-218
285
580
466
246
262
618
938
711
309
226
524
617
311
-31
-182
-149
-220
-429
-716
-819
-679
-524
-500
-501
-267
52
226
214
298
564
748
669
436
338
357
335
150
-68
-153
-80
62
69
-20
-70
47
166
128
15
-43
14
61
112
176
265
365
501
699
834
883
873
840
694
446
194
-13
-173
-300
-354
-351
-326
-291
-196
-66
41
129
214
261
245
241
240
211
206
262
316
313
317
329
321
253
119
-39
-176
-262
-354
-489
-629
-674
-623
-569
-537
-457
-316
-197
-134
-110
-94
-144
-279
-440
-580
-693
-865
-1019
-1070
-816
-331
73
192
122
280
488
525
260
93
255
401
405
122
-21
-35
125
196
-60
-303
-455
-269
-300
-532
-787
-810
-530
-401
-303
-389
-267
52
409
587
472
527
655
814
680
426
250
134
63
-173
-382
-541
-519
-491
-575
-647
-576
-331
-202
-200
-197
4
316
493
458
374
455
623
675
538
406
387
457
459
328
152
78
175
237
164
30
3
49
26
-11
-9
39
82
184
353
481
578
680
733
662
549
541
543
420
235
103
45
-61
-151
-206
-261
-275
-220
-121
-160
-222
-232
-172
-101
-50
-8
-27
9
102
213
255
242
223
183
146
97
33
-84
-204
-280
-341
-422
-509
-573
-632
-682
-693
-678
-667
-657
-640
-590
-551
-513
-545
-617
-622
-515
-309
-143
-19
42
89
151
194
202
152
197
306
398
351
241
183
117
92
70
75
3
-93
-131
-195
-283
-385
-394
-414
-456
-463
-452
-424
-369
-217
-83
-5
101
260
396
409
367
328
306
272
186
73
-27
-65
-57
-64
-90
-97
-78
-50
-20
19
54
80
90
82
71
82
114
148
199
268
346
416
465
492
492
481
438
400
392
401
376
337
364
440
492
473
442
414
378
316
217
96
-42
-107
-68
24
72
89
158
258
302
261
204
160
108
26
-77
-167
-226
-229
-195
-158
-104
-23
66
121
152
209
276
300
242
148
83
65
54
-6
-98
-181
-214
-220
-262
-343
-440
-504
-554
-607
-652
-675
-651
-593
-499
-431
-410
-414
-410
-407
-427
-446
-463
-449
-450
-471
-520
-552
-517
-486
-464
-431
-347
-269
-271
-270
-260
-247
-219
-132
27
132
185
230
264
293
308
370
408
374
279
203
203
217
220
203
215
264
318
354
339
302
272
261
252
236
227
219
201
189
209
237
224
154
88
69
75
64
-33
-166
-238
-214
-164
-180
-205
-183
-107
-34
13
49
57
72
87
94
82
74
102
132
150
157
222
327
402
410
390
417
433
398
344
350
431
523
580
591
597
621
619
572
525
512
482
395
298
229
170
130
125
114
44
-26
-46
-56
-88
-131
-146
-162
-179
-209
-250
-255
-249
-269
-336
-386
-422
-496
-604
-704
-768
-820
-849
-867
-896
-911
-843
-732
-686
-717
-751
-714
-648
-542
-466
-480
-530
-546
-469
-434
-429
-363
-246
-115
-57
-7
24
7
10
7
55
98
120
120
59
78
178
319
383
373
387
389
414
432
438
397
321
299
307
293
232
166
118
61
13
-2
5
1
-7
8
48
97
137
166
172
179
189
192
166
91
32
-13
-44
-93
-147
-158
-142
-90
-45
-3
42
70
99
84
77
100
140
185
200
234
309
426
545
592
579
558
566
595
601
582
556
546
575
613
645
639
611
590
555
513
422
323
231
153
106
82
87
70
53
56
82
100
72
4
-111
-200
-242
-275
-360
-480
-551
-546
-481
-442
-443
-476
-492
-488
-521
-585
-684
-774
-854
-902
-904
-901
-878
-845
-777
-684
-574
-442
-414
-471
-553
-578
-566
-603
-587
-506
-372
-232
-118
19
77
111
156
204
253
235
202
107
-8
-42
2
81
95
111
151
187
239
303
368
346
286
253
237
201
138
110
97
72
41
37
76
96
72
7
-30
-32
-56
-111
-184
-200
-145
-55
1
-10
-12
46
146
189
149
90
67
107
166
214
221
222
269
337
392
412
418
427
446
467
490
514
537
575
588
580
600
656
705
700
687
696
691
653
595
594
616
638
630
566
480
376
317
270
216
136
30
-65
-160
-222
-275
-304
-321
-335
-339
-356
-379
-429
-478
-524
-569
-625
-692
-728
-731
-714
-707
-699
-684
-643
-597
-576
-590
-638
-673
-709
-731
-728
-712
-660
-612
-542
-484
-483
-480
-441
-327
-242
-224
-202
-189
-160
-162
-154
-81
4
126
187
210
221
234
292
311
341
340
290
207
115
101
108
118
115
101
79
46
51
69
39
-56
-161
-212
-234
-250
-252
-243
-223
-201
-152
-107
-88
-85
-73
-52
-67
-110
-152
-144
-123
-111
-95
-45
42
116
175
231
297
356
395
430
437
440
467
543
636
665
702
767
848
901
903
925
913
901
900
905
906
854
832
805
781
771
741
718
644
586
525
443
383
326
297
241
193
131
49
-25
-96
-161
-272
-364
-417
-460
-534
-637
-708
-736
-729
-728
-758
-796
-799
-773
-780
-818
-849
-849
-840
-836
-832
-831
-833
-823
-789
-708
-582
-481
-467
-541
-604
-591
-545
-485
-419
-337
-225
-99
23
81
77
94
152
251
306
300
232
122
83
119
198
236
225
214
188
175
172
194
195
162
125
69
24
-7
-7
-4
-38
-66
-94
-107
-124
-158
-197
-275
-355
-427
-474
-502
-530
-516
-469
-390
-308
-255
-212
-172
-113
-61
-42
-50
-49
-22
17
70
131
196
255
333
445
555
624
661
704
728
745
775
821
866
891
952
1027
1083
1122
1152
1171
1136
1115
1113
1074
977
858
799
757
712
663
593
536
479
436
366
266
172
75
-16
-98
-157
-227
-307
-366
-428
-510
-604
-652
-681
-736
-809
-880
-923
-955
-986
-1028
-1056
-1037
-1009
-994
-999
-992
-947
-827
-643
-537
-570
-667
-673
-597
-563
-540
-491
-396
-322
-273
-199
-157
-115
-64
9
111
199
279
274
217
214
282
387
437
448
408
317
271
286
317
253
144
82
55
41
-3
-40
-83
-135
-183
-223
-224
-208
-198
-229
-295
-352
-375
-362
-368
-409
-444
-435
-409
-416
-442
-453
-443
-441
-446
-424
-371
-310
-267
-213
-139
-54
33
120
239
337
412
471
514
576
621
696
775
838
902
951
1037
1101
1126
1124
1099
1105
1093
1066
1040
1006
1003
992
985
964
931
935
920
885
794
674
560
436
338
234
142
60
-30
-107
-176
-207
-237
-292
-360
-424
-468
-519
-575
-640
-704
-770
-839
-889
-927
-936
-957
-993
-1033
-1003
-881
-787
-774
-842
-889
-867
-830
-756
-644
-495
-352
-259
-155
-77
-3
50
74
140
190
228
166
38
-8
16
113
189
230
219
118
79
119
186
169
81
40
7
-8
-18
-23
-31
-87
-150
-224
-266
-264
-264
-296
-403
-507
-561
-558
-544
-587
-612
-581
-510
-464
-447
-407
-362
-346
-360
-363
-337
-301
-269
-241
-198
-142
-65
34
148
247
328
413
473
500
500
536
613
685
758
825
885
932
977
1028
1054
1087
1111
1102
1056
1006
992
967
922
873
814
755
709
698
670
599
503
412
338
280
252
218
149
71
3
-50
-97
-128
-162
-221
-287
-349
-403
-463
-516
-574
-648
-689
-695
-716
-774
-797
-699
-548
-474
-513
-590
-598
-562
-538
-497
-427
-316
-221
-181
-156
-162
-143
-109
-69
-2
26
47
13
-41
-5
63
167
234
262
252
176
158
173
175
115
1
-74
-164
-230
-268
-296
-311
-359
-393
-437
-453
-416
-393
-402
-483
-572
-628
-653
-646
-651
-648
-629
-588
-545
-525
-508
-492
-478
-479
-491
-485
-439
-366
-298
-241
-159
-34
87
182
256
337
412
450
474
488
527
610
698
783
829
880
938
978
1021
1034
1050
1034
991
960
900
866
826
782
741
687
669
641
622
600
550
505
439
388
317
220
152
83
16
-70
-127
-150
-199
-251
-309
-332
-338
-355
-385
-462
-534
-567
-578
-567
-496
-353
-241
-249
-333
-368
-336
-315
-288
-228
-134
-62
-27
12
25
48
86
146
233
288
316
278
214
203
213
259
316
367
342
188
69
45
66
38
-62
-134
-211
-259
-264
-253
-254
-309
-346
-397
-461
-490
-493
-484
-555
-679
-785
-837
-830
-819
-806
-789
-778
-773
-769
-742
-707
-694
-693
-683
-646
-590
-513
-413
-319
-252
-182
-90
6
70
97
110
132
188
287
404
506
581
648
727
810
877
910
913
891
839
786
747
719
692
670
662
659
636
609
592
575
544
481
401
314
240
180
121
66
15
-6
-16
-19
-26
-49
-86
-151
-213
-264
-309
-341
-385
-413
-450
-453
-337
-164
-37
-50
-125
-153
-178
-193
-149
-38
90
144
160
197
258
355
444
523
573
575
566
522
470
458
462
492
515
528
512
420
364
348
319
251
145
68
-43
-150
-215
-257
-293
-361
-419
-468
-500
-500
-507
-546
-641
-763
-875
-953
-981
-978
-976
-974
-978
-973
-946
-888
-817
-790
-812
-840
-835
-789
-706
-580
-462
-397
-353
-279
-151
-20
85
151
171
168
185
242
320
374
405
424
471
570
674
732
730
701
662
630
635
658
641
554
447
373
333
325
334
337
287
199
116
50
-1
-49
-94
-157
-232
-287
-315
-323
-328
-333
-358
-395
-425
-451
-452
-374
-209
-82
-106
-191
-204
-121
-62
-40
54
200
359
429
448
492
567
690
790
841
882
910
933
885
820
812
831
894
931
905
790
644
614
607
529
386
269
235
166
82
27
14
24
-24
-121
-236
-297
-283
-286
-359
-495
-613
-659
-664
-660
-658
-657
-638
-634
-666
-719
-744
-722
-715
-721
-699
-614
-499
-434
-398
-367
-315
-249
-203
-182
-178
-151
-94
-39
-16
-1
31
61
63
28
1
-12
-16
-22
-30
-1
47
73
39
-30
-85
-115
-138
-178
-223
-254
-248
-214
-200
-226
-285
-329
-359
-411
-483
-537
-546
-551
-560
-573
-582
-610
-561
-342
-27
163
123
33
12
30
-23
68
432
890
1139
1032
838
731
772
822
802
758
704
694
681
664
682
730
758
719
524
243
-12
-79
36
92
58
22
151
312
313
216
127
136
144
79
22
71
245
406
405
294
174
116
64
-42
-119
-119
-21
79
81
51
54
82
19
-179
-345
-361
-242
-68
94
265
390
453
436
334
241
177
158
139
120
192
302
366
308
157
7
-125
-245
-352
-418
-424
-422
-471
-556
-625
-656
-699
-810
-944
-1036
-1036
-953
-840
-715
-630
-596
-643
-753
-861
-911
-878
-798
-721
-649
-609
-570
-588
-664
-783
-912
-813
-468
26
305
245
103
22
31
-57
4
441
991
1237
929
511
344
439
572
576
584
647
713
675
521
387
319
254
175
43
-88
-119
1
205
251
119
4
24
94
64
7
53
181
278
275
235
257
285
262
157
62
76
115
124
64
25
60
94
63
-39
-84
-5
107
167
172
242
427
586
648
615
560
543
528
581
708
898
1066
1087
973
777
607
509
447
414
387
362
326
253
152
28
-98
-208
-300
-317
-294
-309
-429
-614
-729
-753
-708
-665
-620
-576
-570
-624
-725
-785
-792
-792
-852
-968
-1055
-1098
-1085
-1122
-1154
-963
-570
-199
-244
-523
-649
-502
-347
-353
-94
501
979
821
139
-344
-287
65
344
500
652
733
579
225
-96
-190
-133
-56
38
82
89
47
12
-32
-160
-273
-242
-76
70
118
132
148
121
32
-59
-57
43
144
195
145
58
-49
-199
-322
-394
-334
-211
-112
-77
-126
-176
-190
-182
-149
-57
151
357
453
467
445
426
412
438
574
769
927
986
916
788
662
609
619
650
699
692
629
513
361
231
169
198
256
270
229
164
78
-29
-119
-126
-81
-35
-12
-17
-38
-91
-161
-238
-328
-416
-488
-542
-576
-634
-711
-618
-304
0
-55
-404
-593
-473
-297
-296
-107
423
848
665
-43
-588
-590
-246
91
349
517
456
82
-379
-608
-550
-391
-271
-101
25
-104
-478
-764
-734
-568
-457
-351
-141
49
14
-211
-384
-341
-199
-98
-23
81
189
187
61
-87
-157
-174
-178
-161
-77
42
74
-54
-272
-402
-370
-250
-124
46
247
354
277
123
50
91
180
270
431
609
657
506
235
70
112
271
378
384
326
229
56
-171
-330
-330
-218
-137
-114
-147
-198
-278
-381
-421
-365
-255
-187
-190
-231
-255
-263
-259
-239
-162
-47
0
-43
-154
-212
-151
131
559
836
746
405
225
310
444
541
858
1390
1623
1210
465
101
329
762
1054
1203
1170
793
170
-277
-249
30
209
215
217
145
-195
-655
-867
-697
-446
-331
-251
-131
-128
-401
-763
-879
-693
-442
-315
-262
-231
-304
-502
-671
-653
-489
-391
-416
-455
-424
-359
-370
-446
-479
-400
-260
-144
-58
86
238
307
296
276
320
343
356
406
527
681
727
674
547
444
441
493
519
462
332
170
27
-83
-164
-231
-271
-308
-396
-551
-697
-730
-702
-704
-758
-780
-730
-706
-755
-855
-901
-887
-874
-882
-881
-804
-731
-731
-709
-436
13
238
41
-285
-287
3
274
486
928
1487
1594
1017
262
83
535
1131
1503
1650
1529
1031
400
105
310
700
932
980
920
671
226
-167
-207
60
328
455
515
525
374
54
-223
-232
-8
230
350
343
206
-53
-317
-432
-350
-180
-88
-147
-313
-481
-596
-659
-644
-532
-345
-212
-190
-213
-217
-187
-153
-44
151
335
417
386
362
396
451
469
424
369
341
357
406
424
374
244
72
-73
-143
-131
-104
-143
-284
-463
-587
-625
-627
-640
-661
-659
-665
-699
-752
-778
-766
-796
-880
-967
-1000
-991
-1034
-1061
-926
-571
-214
-192
-413
-622
-574
-430
-275
36
532
924
785
276
-125
-90
244
631
980
1157
967
467
60
5
182
353
516
687
700
386
-94
-350
-241
16
226
412
539
442
76
-228
-207
84
374
518
571
504
268
-33
-154
-32
135
203
195
183
126
-52
-265
-371
-321
-189
-74
27
112
137
87
1
25
166
340
443
494
586
678
694
632
587
616
688
750
775
745
658
532
421
337
265
217
165
66
-97
-274
-381
-428
-474
-535
-567
-576
-610
-715
-828
-895
-884
-854
-830
-836
-883
-994
-1091
-997
-676
-268
-132
-294
-563
-652
-541
-364
-80
286
581
513
108
-254
-289
-7
358
667
836
724
331
-83
-214
-70
128
290
429
453
201
-258
-584
-552
-268
-3
154
196
95
-170
-450
-528
-382
-143
50
164
188
75
-107
-229
-212
-96
25
113
119
8
-170
-307
-330
-273
-192
-68
35
56
-27
-123
-117
-23
114
249
388
487
494
471
476
551
644
709
789
871
886
773
621
576
626
674
659
594
505
363
178
34
-40
-91
-158
-240
-305
-377
-475
-585
-670
-676
-641
-604
-611
-690
-801
-844
-724
-457
-207
-152
-257
-361
-330
-200
13
304
586
741
636
391
194
168
345
624
869
927
748
444
181
67
108
249
465
593
464
83
-314
-474
-389
-197
-4
106
59
-155
-416
-524
-448
-282
-132
-40
-14
-87
-246
-391
-426
-327
-185
-107
-117
-178
-258
-352
-432
-434
-362
-277
-247
-285
-315
-316
-303
-277
-225
-146
-91
-76
-54
16
119
187
211
237
284
356
436
494
492
445
412
413
415
386
332
274
215
129
52
-4
-87
-207
-336
-419
-462
-512
-580
-620
-632
-649
-711
-789
-841
-915
-893
-722
-388
-96
-81
-215
-357
-325
-205
-31
312
678
908
800
500
321
335
524
782
1058
1239
1121
785
467
351
436
554
695
815
802
590
254
-6
-74
-35
76
194
267
227
33
-208
-381
-385
-194
30
165
125
-36
-200
-336
-362
-270
-98
45
43
-54
-169
-259
-310
-328
-284
-189
-104
-65
-87
-162
-243
-265
-188
-61
25
37
26
42
76
83
96
124
163
196
224
280
330
321
254
198
220
269
278
217
109
-2
-122
-231
-294
-309
-316
-382
-501
-608
-683
-717
-747
-753
-740
-739
-754
-809
-889
-929
-889
-736
-543
-432
-400
-442
-477
-515
-491
-286
-4
258
333
231
110
26
86
275
514
689
683
581
464
378
355
379
481
588
620
593
500
390
288
221
248
339
432
465
411
342
254
173
163
206
277
317
320
302
245
186
141
127
141
137
123
90
43
8
-18
-48
-94
-128
-113
-87
-73
-61
-38
3
15
-26
-63
-51
15
56
63
81
105
118
89
65
96
162
213
230
216
197
175
159
167
202
225
211
150
58
-27
-79
-100
-121
-132
-129
-145
-192
-246
-273
-273
-277
-319
-355
-332
-294
-279
-287
-296
-308
-322
-336
-329
-293
-260
-255
-263
-278
-285
-268
-239
-227
-252
-281
-281
-249
-226
-244
-281
-316
-331
-339
-324
-281
-243
-234
-249
-246
-215
-166
-102
-50
-17
-7
-2
18
48
91
142
194
242
267
295
323
330
315
303
346
406
433
421
369
299
231
193
211
249
268
258
231
209
173
130
108
110
136
163
194
211
183
115
59
76
142
184
178
163
153
128
74
45
74
116
126
95
66
56
42
28
22
39
63
65
67
69
66
56
39
43
62
95
131
150
133
87
59
89
141
153
130
115
118
94
36
-2
-1
-6
-44
-74
-46
-10
-33
-113
-178
-198
-208
-235
-254
-246
-254
-317
-411
-466
-466
-452
-444
-425
-392
-396
-449
-485
-448
-367
-324
-332
-343
-328
-313
-304
-259
-166
-87
-80
-129
-151
-117
-68
-41
-26
1
30
21
-19
-50
-46
-27
-10
12
42
69
83
78
68
55
52
66
93
129
148
148
139
117
104
106
129
164
183
189
175
147
122
113
140
193
238
250
218
161
111
96
119
155
176
169
143
123
111
112
133
167
205
229
229
211
182
156
143
161
216
271
292
253
192
156
153
161
163
165
174
167
135
101
97
106
107
102
112
131
121
60
-13
-45
-33
-11
-8
-9
-19
-57
-114
-142
-109
-55
-42
-81
-129
-151
-155
-164
-168
-160
-148
-155
-168
-165
-153
-165
-210
-253
-252
-222
-209
-222
-250
-279
-309
-326
-311
-285
-272
-286
-305
-304
-293
-287
-282
-274
-258
-242
-224
-192
-152
-133
-145
-145
-103
-51
-32
-46
-50
-32
-14
5
38
87
122
117
106
117
136
136
123
135
167
178
150
121
134
158
161
147
145
163
157
120
100
123
150
134
88
63
66
76
70
67
79
93
92
77
56
34
9
-2
13
53
89
98
77
46
27
32
55
85
105
108
113
122
132
129
121
116
123
146
185
218
229
203
152
106
98
134
179
192
174
151
136
116
89
73
80
94
89
63
34
7
-27
-62
-75
-56
-38
-52
-96
-146
-183
-204
-212
-216
-221
-227
-238
-246
-256
-273
-292
-291
-258
-217
-201
-209
-217
-209
-199
-194
-187
-171
-152
-136
-117
-91
-78
-91
-109
-98
-55
-7
23
34
35
36
32
25
18
16
28
45
58
64
54
33
11
2
11
28
44
41
14
-13
-17
-6
-2
-7
-4
2
-3
-24
-39
-23
13
31
10
-17
-14
19
45
50
47
50
47
33
29
52
78
77
63
60
58
37
17
23
54
77
80
84
89
84
64
54
73
106
122
116
106
101
91
82
84
94
96
77
62
67
85
85
60
31
6
-3
2
23
50
58
35
3
-13
-10
-3
4
20
48
71
69
51
26
8
6
26
60
87
87
65
41
32
42
58
69
77
87
96
94
75
49
32
31
35
38
37
26
0
-43
-79
-84
-68
-67
-99
-140
-156
-149
-143
-156
-172
-180
-185
-198
-208
-203
-187
-180
-183
-177
-159
-141
-137
-142
-142
-133
-127
-124
-116
-105
-101
-107
-118
-116
-104
-106
-124
-134
-115
-78
-64
-81
-98
-82
-44
-18
-14
-16
-14
-18
-28
-21
9
42
44
19
-2
3
28
43
40
34
35
40
32
10
-6
-3
15
32
43
52
46
20
-9
-14
17
57
76
83
92
100
95
87
93
116
136
144
157
180
205
208
202
205
224
247
262
268
270
271
275
281
285
276
263
260
263
262
245
216
188
163
144
135
132
121
90
53
32
24
11
-17
-42
-50
-50
-57
-72
-81
-76
-76
-90
-108
-118
-119
-125
-134
-135
-127
-128
-147
-179
-194
-189
-180
-187
-206
-220
-224
-234
-253
-267
-264
-250
-242
-245
-248
-246
-239
-236
-237
-235
-221
-206
-203
-208
-209
-203
-197
-195
-190
-174
-154
-140
-131
-121
-116
-126
-146
-153
-143
-127
-109
-95
-85
-83
-90
-83
-60
-34
-13
3
28
53
63
63
67
85
110
140
178
216
239
240
231
234
252
281
312
335
341
328
309
300
300
308
318
329
333
315
279
243
222
219
221
221
215
204
190
175
165
158
150
138
129
128
128
121
98
70
53
50
55
61
61
56
45
33
29
28
24
12
-6
-14
-18
-23
-36
-49
-53
-54
-60
-75
-86
-96
-112
-127
-128
-122
-121
-139
-163
-183
-194
-192
-184
-180
-189
-204
-214
-219
-227
-239
-245
-229
-203
-189
-199
-230
-258
-270
-263
-239
-209
-190
-208
-248
-275
-263
-224
-187
-166
-155
-151
-153
-160
-153
-132
-107
-87
-64
-31
-4
-5
-23
-24
10
57
86
94
92
91
89
92
108
132
148
148
146
153
163
166
161
157
154
154
161
168
167
158
150
145
146
155
169
174
163
144
136
142
144
135
124
114
104
87
69
67
76
81
74
59
50
42
26
13
13
22
29
30
28
21
7
-5
-16
-17
3
31
47
37
12
-7
-10
-1
14
35
45
39
24
5
0
0
4
9
16
29
37
25
5
-9
-6
7
23
37
44
35
13
-10
-20
-15
-5
3
3
-6
-23
-41
-60
-67
-65
-59
-56
-59
-65
-69
-76
-92
-111
-120
-112
-94
-81
-85
-100
-115
-126
-130
-125
-115
-104
-98
-95
-96
-99
-104
-108
-112
-112
-107
-94
-86
-87
-93
-95
-92
-88
-89
-83
-68
-53
-47
-47
-49
-45
-38
-33
-26
-23
-22
-23
-24
-23
-14
-5
-4
-11
-17
-12
2
13
13
9
10
14
12
7
7
15
23
25
28
33
38
37
35
44
68
87
89
80
73
78
88
97
105
113
118
115
111
113
121
127
133
138
144
148
149
147
141
143
151
163
167
159
152
146
140
130
115
106
105
103
99
94
95
89
73
57
56
72
78
66
44
30
24
24
29
38
43
36
19
5
9
20
24
14
-1
-9
-17
-34
-52
-61
-58
-57
-66
-82
-95
-101
-106
-116
-122
-124
-128
-141
-160
-167
-168
-172
-185
-193
-192
-190
-193
-200
-207
-210
-207
-199
-192
-190
-193
-200
-201
-191
-173
-160
-154
-155
-164
-164
-151
-134
-118
-114
-110
-105
-99
-87
-64
-37
-19
-15
-11
-2
9
24
38
57
69
76
82
92
106
117
128
142
153
163
170
173
174
171
167
166
169
174
173
163
148
131
120
119
118
119
117
108
92
77
71
78
88
93
87
76
68
69
74
75
77
82
87
91
99
109
112
108
103
105
111
115
117
117
109
100
93
88
84
80
77
79
82
78
66
48
34
26
24
23
20
6
-13
-29
-37
-43
-50
-58
-64
-75
-92
-107
-116
-125
-139
-153
-163
-174
-186
-199
-209
-217
-224
-232
-239
-244
-247
-253
-254
-252
-244
-235
-227
-222
-216
-209
-202
-193
-180
-159
-136
-118
-105
-96
-86
-72
-50
-25
-1
21
37
44
49
54
64
74
80
86
91
95
92
75
60
60
73
87
90
83
71
57
47
48
61
76
77
68
60
55
51
48
55
69
81
85
82
78
76
78
83
91
96
99
101
101
94
88
84
83
87
90
94
98
98
89
77
73
81
94
104
106
101
92
84
86
95
103
102
95
89
87
85
79
74
72
68
63
59
55
44
25
7
-5
-9
-11
-20
-37
-55
-70
-79
-86
-90
-94
-101
-111
-117
-121
-126
-133
-136
-137
-134
-132
-128
-126
-121
-119
-115
-111
-106
-99
-91
-86
-83
-80
-78
-74
-70
-66
-64
-65
-68
-69
-67
-65
-65
-71
-77
-79
-71
-65
-67
-67
-59
-52
-53
-57
-56
-49
-42
-41
-41
-37
-26
-20
-19
-16
-7
3
8
11
19
28
29
25
24
26
30
33
40
44
45
41
35
34
37
41
47
51
51
46
44
49
57
63
69
74
80
81
77
74
78
80
77
77
81
82
76
67
65
66
68
65
62
60
60
56
48
45
47
50
51
48
49
55
58
57
51
48
51
57
61
64
68
70
69
69
67
72
81
87
84
75
70
68
62
50
43
47
50
43
28
17
8
-1
-10
-15
-17
-23
-38
-55
-66
-75
-81
-88
-97
-104
-106
-109
-119
-130
-140
-142
-142
-142
-139
-133
-133
-140
-145
-143
-134
-127
-124
-119
-110
-103
-103
-106
-105
-99
-91
-83
-73
-62
-54
-54
-55
-51
-43
-36
-29
-20
-7
1
-1
-4
-4
-1
3
15
27
32
24
15
11
10
13
16
17
16
6
-2
-5
-7
-6
-11
-16
-16
-16
-12
-10
-8
-6
-4
-2
2
7
14
25
35
42
45
45
43
48
63
77
87
95
101
103
103
100
106
118
129
136
142
149
148
140
132
133
144
151
151
149
145
134
119
107
104
103
101
94
82
70
58
45
31
18
14
17
16
6
-8
-24
-33
-42
-48
-46
-41
-41
-48
-58
-67
-75
-81
-83
-79
-73
-73
-82
-96
-101
-97
-92
-95
-94
-85
-82
-88
-97
-97
-85
-76
-74
-75
-73
-70
-71
-75
-76
-71
-62
-55
-57
-62
-67
-70
-68
-63
-57
-54
-56
-57
-60
-63
-64
-57
-46
-37
-37
-40
-47
-48
-42
-35
-26
-24
-24
-27
-28
-25
-23
-22
-12
-3
2
1
0
4
9
14
21
27
30
33
37
42
49
53
57
60
64
63
64
71
77
77
72
68
71
73
66
63
64
70
70
65
64
64
61
54
53
60
65
62
57
55
54
56
57
60
61
58
55
57
60
62
57
51
48
45
44
46
51
50
40
31
28
27
28
28
30
29
20
9
3
1
0
-2
-5
-5
-8
-18
-27
-33
-34
-36
-37
-41
-40
-42
-50
-60
-62
-60
-57
-60
-63
-62
-62
-63
-63
-62
-60
-59
-61
-63
-63
-61
-61
-61
-58
-56
-56
-59
-59
-57
-53
-52
-51
-48
-49
-51
-52
-50
-45
-40
-36
-34
-31
-29
-25
-25
-24
-22
-16
-10
-7
-8
-13
-16
-20
-17
-11
-6
-4
-5
-8
-10
-8
-6
-4
0
0
2
2
4
5
6
8
12
16
23
27
29
30
29
28
30
35
40
44
46
47
46
45
46
50
55
60
60
60
58
58
57
58
58
61
62
62
62
62
65
67
69
65
65
63
63
64
66
66
64
57
54
54
54
51
47
43
41
38
37
34
29
22
18
16
18
20
16
9
0
-8
-12
-11
-11
-14
-19
-24
-30
-36
-39
-43
-47
-49
-51
-52
-55
-59
-64
-69
-71
-72
-71
-71
-71
-75
-82
-88
-87
-85
-84
-86
-89
-92
-96
-96
-93
-90
-89
-93
-96
-95
-91
-89
-85
-82
-80
-78
-77
-71
-65
-60
-54
-51
-44
-39
-34
-30
-27
-21
-15
-9
-5
-2
3
6
8
9
13
18
23
26
30
33
37
37
41
46
52
57
60
62
66
68
69
73
78
84
90
90
90
87
86
87
90
98
99
98
95
91
90
91
92
94
93
91
86
84
82
81
78
78
79
78
76
73
69
65
62
62
60
57
52
45
40
36
32
29
23
16
9
1
-7
-11
-16
-22
-29
-38
-45
-51
-60
-67
-72
-75
-80
-88
-96
-101
-103
-105
-106
-108
-110
-113
-116
-115
-115
-113
-113
-111
-109
-106
-106
-104
-102
-98
-95
-91
-87
-81
-75
-70
-67
-63
-57
-53
-46
-42
-40
-35
-32
-26
-21
-19
-17
-14
-12
-7
-4
0
4
6
9
13
17
23
27
30
31
33
38
42
46
50
51
51
51
55
58
63
62
63
64
65
66
68
70
73
74
76
78
78
80
82
82
81
81
82
84
86
85
80
76
76
75
77
72
70
69
63
60
56
55
54
51
46
41
37
31
28
24
20
17
13
7
0
-6
-11
-14
-17
-23
-28
-32
-37
-40
-43
-42
-43
-44
-47
-51
-51
-51
-49
-50
-49
-49
-49
-52
-53
-54
-55
-53
-52
-50
-50
-54
-57
-60
-59
-57
-56
-54
-55
-55
-58
-62
-61
-58
-55
-54
-55
-53
-52
-54
-56
-53
-51
-46
-44
-44
-43
-41
-40
-38
-35
-31
-26
-24
-22
-20
-17
-15
-14
-13
-10
-5
-1
1
2
1
0
3
4
9
9
10
12
12
13
15
15
19
21
22
24
25
28
27
25
27
30
33
33
33
34
36
36
35
36
37
40
40
38
37
39
40
38
39
41
43
43
41
39
40
40
40
40
39
38
38
37
36
36
36
35
35
36
35
33
32
32
31
30
30
30
30
28
26
25
24
24
20
18
18
21
18
13
9
8
10
10
5
4
5
5
-1
-6
-5
-5
-9
-13
-16
-14
-16
-21
-25
-25
-24
-27
-28
-29
-28
-32
-36
-38
-36
-36
-38
-42
-44
-42
-43
-44
-46
-46
-43
-46
-50
-50
-47
-46
-51
-51
-49
-45
-46
-48
-47
-46
-44
-46
-45
-43
-40
-41
-42
-39
-34
-32
-34
-30
-25
-23
-23
-22
-19
-15
-14
-11
-8
-4
-3
-3
-2
2
7
7
8
12
15
16
15
17
23
25
26
27
30
36
37
35
38
40
42
40
42
46
49
48
48
51
55
55
56
56
58
59
59
60
64
64
63
59
59
59
58
55
53
55
54
52
48
46
46
45
41
40
41
40
37
32
29
27
25
23
22
20
17
12
8
7
3
0
-4
-4
-5
-9
-13
-16
-19
-21
-24
-28
-30
-31
-33
-38
-42
-44
-45
-47
-51
-53
-55
-57
-61
-61
-62
-64
-64
-65
-66
-67
-67
-69
-69
-69
-68
-67
-67
-67
-68
-68
-67
-66
-64
-64
-64
-64
-63
-61
-59
-55
-52
-49
-49
-47
-43
-41
-40
-37
-34
-30
-24
-22
-19
-18
-15
-11
-7
-1
4
7
10
11
13
16
20
25
29
32
34
36
34
35
36
38
43
46
48
49
46
44
44
47
51
52
54
54
53
53
53
55
54
56
57
57
57
57
56
56
56
56
58
58
57
56
54
53
53
53
53
51
51
49
49
47
44
43
41
39
36
35
32
31
29
26
24
20
18
16
14
9
6
3
0
-2
-6
-10
-14
-16
-19
-24
-27
-28
-31
-34
-37
-41
-44
-45
-48
-49
-51
-52
-56
-58
-61
-62
-61
-61
-61
-60
-59
-61
-60
-59
-57
-53
-52
-51
-48
-45
-44
-42
-39
-36
-33
-31
-29
-27
-27
-25
-24
-22
-21
-18
-16
-15
-15
-14
-14
-14
-12
-9
-8
-7
-7
-8
-6
-3
-1
1
2
4
7
7
9
10
11
14
17
19
23
24
25
26
27
29
30
35
37
36
35
37
39
40
42
43
42
44
44
43
42
43
43
44
43
42
44
43
43
43
41
40
38
38
40
40
37
34
32
33
32
30
28
27
26
22
22
19
18
14
12
10
8
6
4
1
-3
-6
-9
-12
-13
-16
-18
-21
-23
-25
-26
-29
-31
-32
-33
-34
-35
-35
-37
-37
-39
-41
-41
-41
-43
-43
-42
-44
-47
-49
-48
-48
-48
-50
-51
-51
-50
-51
-52
-53
-52
-52
-51
-50
-48
-48
-48
-47
-47
-46
-45
-44
-43
-40
-40
-38
-37
-35
-33
-32
-32
-30
-27
-25
-23
-21
-19
-17
-15
-13
-10
-6
-5
-3
1
4
7
10
11
14
17
19
22
26
27
32
33
35
39
42
44
47
48
52
56
58
60
62
64
65
66
68
70
73
74
74
75
76
76
76
76
77
76
75
77
76
74
73
72
71
70
68
66
63
62
59
58
55
54
52
49
45
41
39
34
32
29
25
22
18
14
8
5
-1
-4
-6
-11
-16
-20
-25
-29
-32
-35
-38
-42
-48
-51
-55
-58
-62
-65
-67
-69
-70
-74
-77
-78
-79
-79
-81
-81
-81
-82
-82
-82
-82
-81
-79
-79
-79
-79
-79
-76
-75
-73
-72
-69
-67
-65
-63
-60
-58
-54
-51
-48
-44
-41
-39
-35
-32
-29
-26
-22
-19
-16
-12
-9
-6
-3
1
5
9
11
14
16
20
22
24
26
29
31
32
36
37
38
39
40
41
42
43
45
