2
0
0
-1
0
0
0
0
-1
-1
-3
-3
-3
-4
-4
-4
-2
-2
-2
-2
0
0
0
-1
-2
-3
-5
-7
-7
-8
-8
-6
-6
-7
-8
-6
-3
-3
-2
-3
-2
-2
0
-1
-1
0
1
1
2
3
1
-2
-1
-3
-3
-2
-1
1
2
0
-2
-2
-2
-1
0
2
46
107
114
69
66
92
63
2
-36
-7
37
43
-6
-24
2
26
46
17
-25
-15
52
63
35
36
53
83
97
87
43
14
-3
-21
-25
-37
-35
-26
-3
19
40
41
7
-9
-9
1
-15
-25
-24
-20
-6
4
18
15
6
-13
-20
-18
-32
-51
-69
-64
-51
-34
-32
-38
-39
-36
-33
-53
-83
-101
-91
-76
-66
-67
-86
-94
-103
-116
-129
-140
-151
-167
-177
-200
-212
-211
-174
-61
112
222
241
290
346
298
140
51
104
134
33
-76
-52
-33
-80
-132
-142
-166
-189
-115
-39
-34
-42
75
227
265
248
257
277
205
126
85
37
-41
-97
-72
-68
-76
-70
-49
-63
-105
-94
-85
-107
-137
-94
-26
13
48
89
123
116
121
130
101
34
-20
-37
-73
-110
-121
-95
-74
-59
-9
38
59
48
65
85
86
94
114
131
124
135
148
143
136
192
271
239
132
58
23
-58
-144
-151
-70
47
92
68
31
23
43
64
15
-65
-42
40
85
78
84
96
115
115
55
-27
-115
-176
-192
-167
-138
-113
-66
-13
41
73
66
27
-20
-55
-78
-90
-110
-126
-117
-89
-70
-72
-104
-150
-193
-229
-250
-254
-267
-288
-279
-257
-238
-223
-216
-229
-247
-267
-253
-100
138
292
334
415
529
475
219
15
75
160
50
-119
-158
-159
-231
-256
-251
-297
-347
-240
-75
-28
-15
106
305
371
355
369
382
289
136
69
17
-60
-162
-192
-166
-161
-141
-125
-123
-158
-151
-111
-93
-92
-77
-9
50
99
139
170
165
139
155
149
93
22
-6
-38
-101
-130
-115
-83
-72
-22
65
115
132
162
219
239
253
293
321
292
249
264
258
209
206
243
192
60
25
71
81
19
-7
70
157
167
106
78
91
157
192
103
-15
-10
105
123
69
31
53
109
108
53
-33
-70
-81
-76
-92
-131
-136
-114
-76
-65
-50
-57
-77
-85
-88
-79
-86
-99
-129
-130
-115
-123
-170
-237
-277
-305
-304
-314
-327
-348
-369
-375
-377
-336
-328
-353
-389
-388
-378
-415
-406
-246
133
495
631
580
503
492
368
134
-63
-2
150
59
-182
-323
-226
-193
-273
-374
-401
-320
-210
-18
67
114
248
495
659
560
447
357
292
122
-34
-97
-176
-222
-239
-132
-90
-112
-124
-139
-155
-229
-212
-183
-159
-143
-58
97
160
172
166
216
240
230
200
98
-21
-119
-116
-134
-186
-175
-74
31
53
109
184
225
209
228
304
330
315
293
309
303
288
281
234
158
152
221
174
57
56
122
80
-5
25
146
237
204
156
183
208
165
121
51
-24
48
158
143
93
140
184
172
133
58
-21
-76
-109
-149
-172
-200
-189
-125
-72
-41
-33
-32
-67
-119
-169
-190
-181
-199
-236
-247
-229
-244
-297
-363
-404
-413
-432
-476
-524
-540
-509
-434
-379
-346
-324
-326
-348
-340
-270
-145
62
292
442
447
391
346
242
52
-74
-7
64
-20
-193
-287
-279
-267
-247
-254
-274
-254
-50
227
322
275
266
412
510
439
246
116
127
108
1
-168
-209
-151
-75
-43
-86
-112
-110
-62
-111
-200
-207
-125
-28
-14
-1
19
94
147
145
119
103
149
135
66
-8
-17
-28
-77
-78
-43
15
50
106
150
165
191
225
257
244
256
293
317
296
258
256
281
325
313
287
312
341
294
192
127
110
142
153
156
202
255
258
210
155
99
113
129
88
47
81
152
188
201
163
132
112
80
4
-95
-167
-200
-200
-224
-212
-163
-124
-140
-170
-178
-196
-223
-284
-335
-351
-332
-316
-336
-372
-399
-416
-492
-579
-644
-702
-746
-749
-711
-716
-687
-537
-220
181
496
639
610
584
560
422
170
52
200
308
172
-125
-256
-228
-224
-307
-469
-559
-524
-337
-221
-211
-119
144
462
571
569
549
582
583
490
357
186
90
10
-43
-103
-137
-137
-192
-258
-330
-329
-319
-316
-308
-282
-188
-94
-1
43
112
217
308
350
324
284
207
139
59
-22
-80
-101
-66
-40
-14
19
71
94
94
128
187
241
244
226
229
279
349
383
365
329
322
320
272
171
110
114
114
74
53
108
203
262
253
240
259
268
206
109
47
87
155
153
117
131
207
248
254
230
186
131
69
-6
-124
-222
-258
-247
-255
-238
-158
-75
-53
-67
-61
-63
-107
-194
-271
-336
-390
-426
-462
-511
-559
-570
-594
-656
-718
-738
-720
-702
-706
-741
-782
-771
-562
-121
325
528
526
564
650
586
306
115
217
360
262
-46
-244
-260
-194
-208
-382
-547
-542
-348
-259
-343
-359
-122
231
420
471
472
544
659
704
609
418
314
260
172
30
-67
-111
-194
-285
-341
-330
-318
-313
-319
-328
-264
-149
-68
-111
-147
-45
140
274
316
365
420
446
406
297
164
58
15
-30
-99
-152
-132
-75
-30
49
169
270
280
253
245
243
240
227
224
259
371
479
510
480
438
389
284
159
44
1
0
16
33
48
88
121
136
96
107
161
190
170
137
145
176
249
265
248
216
199
175
91
-37
-173
-240
-286
-320
-356
-352
-333
-328
-326
-295
-224
-197
-217
-276
-292
-274
-278
-353
-471
-550
-593
-632
-726
-817
-843
-805
-767
-780
-747
-511
-77
276
356
306
387
516
452
224
159
345
467
336
36
-142
-162
-81
-102
-297
-449
-393
-186
-192
-331
-371
-167
85
167
143
83
193
395
556
509
416
487
573
527
345
255
218
144
-3
-165
-246
-255
-204
-239
-346
-399
-311
-201
-220
-269
-220
-49
90
134
148
220
364
448
435
374
364
390
353
246
118
54
28
11
-33
-48
22
111
127
56
40
110
186
177
156
222
312
358
359
379
384
378
331
250
192
185
221
184
117
60
97
110
29
-24
-5
55
49
58
35
51
122
205
226
176
169
171
156
37
-63
-119
-135
-142
-165
-174
-167
-119
-136
-202
-289
-325
-338
-387
-462
-509
-500
-510
-536
-584
-633
-674
-725
-799
-874
-928
-940
-872
-651
-289
70
261
285
342
418
411
294
275
368
416
320
123
-18
-123
-116
-141
-239
-374
-385
-284
-317
-381
-389
-198
-20
57
36
-16
81
244
387
341
295
369
492
533
465
413
354
309
223
98
-31
-101
-87
-95
-155
-215
-201
-152
-130
-146
-169
-137
-63
-19
-49
-80
-6
135
240
281
338
433
516
535
476
367
261
213
169
102
47
82
161
179
157
163
223
240
197
116
45
16
30
38
4
2
69
171
202
190
190
224
247
208
134
51
23
13
32
42
52
92
157
226
208
163
119
98
37
-59
-154
-225
-255
-260
-232
-211
-171
-114
-49
-31
-50
-77
-106
-154
-233
-277
-285
-274
-310
-371
-409
-425
-456
-539
-633
-730
-805
-854
-859
-793
-621
-371
-190
-121
-76
20
100
117
171
298
412
425
351
278
213
204
211
173
75
-16
-48
-133
-229
-286
-259
-192
-131
-89
-132
-148
-75
53
86
43
65
149
228
233
219
211
227
262
271
223
154
166
232
235
154
92
105
131
112
60
19
13
33
29
-29
-89
-87
-32
-1
4
32
111
207
267
290
277
272
278
260
198
150
172
219
231
214
244
313
365
353
304
267
247
220
143
47
-22
-39
-31
-44
-66
-82
-71
-59
-52
-50
-66
-82
-83
-52
-25
-1
40
105
171
221
282
343
366
329
261
184
104
23
-56
-139
-224
-274
-282
-263
-261
-269
-247
-187
-143
-149
-172
-184
-202
-242
-285
-327
-373
-421
-454
-464
-481
-512
-565
-631
-670
-624
-508
-438
-459
-508
-499
-452
-411
-328
-179
-8
90
99
69
10
-19
0
36
43
23
23
-3
-7
31
112
176
204
234
194
136
148
248
309
273
270
319
366
373
369
346
282
242
227
203
177
203
259
260
202
151
144
143
118
73
18
-12
-10
-4
-24
-50
-49
-32
-19
-13
-5
11
43
78
84
58
27
27
43
51
48
45
49
74
117
170
218
265
304
311
294
286
311
332
311
262
230
235
238
216
169
122
96
93
69
12
-29
-17
25
39
42
55
87
107
116
125
129
127
109
76
32
13
2
-34
-103
-192
-279
-358
-415
-467
-517
-541
-515
-466
-429
-395
-361
-358
-381
-397
-405
-452
-504
-537
-555
-552
-514
-399
-316
-328
-402
-470
-479
-515
-559
-564
-519
-446
-400
-313
-218
-159
-86
7
138
213
256
258
188
141
140
219
271
304
332
311
317
358
436
432
353
299
260
247
232
238
228
208
231
274
327
367
413
416
363
300
252
231
192
145
91
82
123
147
120
55
16
-28
-81
-130
-166
-194
-222
-212
-180
-135
-73
11
91
126
141
155
154
110
60
38
45
66
112
179
234
290
355
406
409
394
390
383
368
363
384
382
364
360
359
350
325
310
258
167
74
3
-34
-49
-32
-35
-49
-54
-32
8
25
19
-20
-72
-101
-124
-162
-215
-261
-304
-357
-402
-428
-447
-492
-561
-620
-648
-650
-661
-683
-711
-710
-675
-657
-645
-628
-522
-368
-279
-288
-376
-404
-400
-418
-412
-364
-267
-226
-211
-173
-155
-119
-68
22
66
49
44
13
2
20
108
199
246
294
297
300
314
375
410
383
368
362
363
343
333
310
253
223
227
241
225
208
187
144
110
88
78
52
43
52
61
83
100
130
135
147
147
128
129
137
153
140
120
93
49
9
-12
9
47
82
111
127
153
202
262
309
325
326
318
308
300
300
322
346
361
377
407
441
448
427
404
365
331
320
328
313
271
244
202
144
87
57
14
-64
-132
-190
-237
-274
-274
-266
-279
-296
-309
-318
-348
-377
-401
-422
-434
-450
-463
-458
-426
-416
-458
-511
-554
-590
-634
-672
-700
-733
-743
-699
-595
-510
-489
-522
-542
-511
-493
-466
-401
-288
-185
-143
-95
-67
-49
1
76
162
176
178
152
101
105
169
260
263
242
215
169
142
164
219
190
121
88
91
95
71
68
56
46
63
91
126
138
152
150
129
104
66
40
11
-17
-53
-52
-8
26
38
40
51
42
35
47
62
73
91
150
209
251
292
339
383
408
431
448
430
403
410
442
466
475
492
502
490
501
536
563
565
552
526
465
411
393
386
383
375
353
302
251
213
170
131
109
83
17
-66
-113
-140
-165
-184
-203
-249
-307
-350
-384
-428
-475
-502
-535
-570
-591
-602
-604
-608
-609
-609
-607
-588
-588
-612
-649
-653
-617
-557
-451
-360
-318
-345
-388
-383
-385
-360
-315
-248
-180
-145
-102
-91
-93
-50
29
129
187
226
227
170
150
181
255
280
274
252
176
124
141
212
223
168
134
117
91
60
44
5
-72
-124
-136
-119
-115
-110
-109
-141
-183
-234
-263
-281
-297
-316
-322
-275
-216
-159
-122
-83
-61
-42
2
51
82
74
82
109
147
205
277
357
405
434
482
545
598
618
625
626
632
659
714
779
819
850
873
879
859
827
792
744
710
673
623
552
485
443
392
353
327
287
200
86
-13
-108
-189
-258
-324
-391
-444
-457
-461
-477
-511
-552
-585
-613
-636
-661
-695
-737
-795
-853
-880
-859
-822
-812
-835
-840
-780
-638
-491
-436
-491
-592
-633
-619
-581
-494
-353
-177
-58
-4
42
93
177
237
273
280
256
245
204
199
226
302
398
439
442
369
303
280
302
300
210
122
64
54
67
93
100
45
-29
-83
-114
-134
-144
-144
-201
-307
-402
-445
-426
-408
-414
-443
-442
-391
-343
-318
-315
-320
-335
-340
-317
-286
-251
-200
-138
-95
-48
37
172
326
438
489
485
491
536
583
630
681
756
831
897
954
976
997
1021
1023
981
920
882
831
759
704
680
673
669
669
625
525
443
403
355
255
162
99
41
-20
-70
-123
-205
-286
-342
-407
-492
-582
-670
-747
-814
-865
-908
-958
-997
-1028
-1035
-1006
-935
-792
-656
-606
-650
-711
-678
-628
-590
-527
-429
-294
-229
-194
-165
-127
-28
60
142
149
125
122
112
158
198
247
297
339
362
276
205
209
273
292
230
180
133
114
101
83
48
-16
-31
-48
-96
-170
-212
-204
-223
-262
-323
-352
-350
-350
-359
-394
-395
-375
-356
-355
-375
-375
-362
-318
-278
-256
-236
-209
-156
-109
-53
36
153
255
303
329
354
395
448
495
550
595
643
677
689
686
695
727
752
770
775
756
714
675
664
656
655
663
657
625
570
516
463
415
386
367
339
304
257
186
88
-8
-70
-111
-154
-215
-299
-384
-454
-499
-533
-561
-583
-616
-640
-571
-387
-231
-233
-357
-476
-515
-514
-456
-327
-193
-123
-168
-251
-327
-318
-196
-61
49
65
51
24
-24
-21
3
60
115
148
130
35
-20
4
48
10
-87
-154
-187
-196
-211
-230
-258
-302
-326
-361
-382
-375
-354
-341
-400
-480
-530
-513
-455
-426
-419
-425
-405
-378
-355
-326
-326
-339
-359
-359
-331
-290
-214
-141
-94
-86
-37
91
228
330
363
378
377
368
409
478
565
613
624
618
592
600
619
632
623
567
509
462
467
499
498
486
477
465
416
355
331
326
318
290
240
174
128
125
112
53
-10
-49
-89
-143
-187
-218
-260
-309
-349
-397
-445
-452
-386
-247
-79
45
89
78
82
96
75
86
201
381
489
458
379
292
270
315
360
396
367
330
245
140
105
123
193
220
197
88
-82
-163
-149
-140
-228
-336
-358
-346
-341
-347
-347
-360
-408
-466
-534
-581
-578
-540
-523
-576
-632
-644
-609
-563
-549
-546
-540
-522
-535
-578
-595
-571
-520
-491
-473
-437
-381
-293
-202
-149
-136
-106
-30
48
94
127
175
213
241
287
370
480
564
584
523
434
389
368
363
344
303
263
227
239
246
248
245
221
164
54
-11
-13
14
36
35
55
81
115
138
109
52
-3
-45
-103
-164
-200
-225
-256
-324
-392
-440
-442
-314
-66
173
264
242
207
197
176
144
276
556
833
923
789
644
573
643
728
744
726
655
628
555
481
456
461
520
462
294
69
-85
-56
0
5
-75
-109
-33
27
33
-61
-142
-197
-261
-329
-410
-404
-313
-199
-171
-254
-315
-344
-346
-411
-531
-591
-589
-551
-565
-606
-601
-564
-521
-540
-562
-538
-479
-411
-405
-381
-292
-139
-3
47
68
90
126
128
117
148
225
306
299
219
139
124
142
116
57
-7
-20
-21
-33
-64
-125
-157
-190
-241
-335
-423
-422
-375
-329
-313
-279
-203
-137
-112
-152
-212
-236
-215
-198
-232
-289
-346
-412
-484
-536
-537
-405
-97
247
393
279
106
69
117
136
271
624
1036
1215
1017
718
560
634
788
846
818
735
742
760
709
646
576
584
541
369
124
-63
24
217
287
160
33
89
184
197
109
39
66
117
117
35
-8
57
152
130
-28
-150
-167
-132
-154
-234
-259
-198
-103
-112
-241
-354
-376
-341
-356
-385
-355
-261
-137
-46
5
39
90
161
164
108
64
116
241
313
318
237
126
19
-54
-66
-72
-66
-114
-231
-356
-439
-430
-421
-430
-461
-514
-569
-630
-630
-612
-582
-554
-556
-558
-588
-587
-583
-596
-612
-636
-614
-586
-577
-595
-660
-736
-836
-874
-694
-292
102
195
20
-161
-201
-148
-45
280
798
1199
1181
721
258
115
352
708
900
919
821
764
666
470
302
215
282
345
303
210
168
295
370
230
-22
-105
110
355
439
362
274
261
250
220
188
212
280
297
207
69
10
24
7
-112
-235
-207
-41
104
90
-23
-98
-106
-100
-129
-91
27
192
352
431
445
402
398
423
452
498
606
791
869
806
621
423
292
236
278
293
256
172
70
-23
-156
-263
-354
-413
-415
-409
-406
-481
-573
-630
-658
-651
-620
-548
-529
-578
-670
-788
-870
-913
-912
-933
-1003
-1097
-1152
-1178
-1141
-902
-538
-273
-367
-628
-737
-604
-400
-212
228
788
1064
718
-14
-433
-299
198
631
803
780
596
380
93
-133
-145
34
338
456
342
110
-44
-41
-100
-212
-209
57
412
535
420
217
114
105
111
170
292
445
522
451
267
77
-41
-118
-185
-211
-113
65
155
51
-184
-357
-392
-306
-155
29
237
375
427
405
361
363
407
486
583
700
844
948
960
856
665
487
395
461
613
719
699
513
264
54
-33
5
72
120
129
95
-36
-235
-379
-409
-334
-235
-138
-45
-27
-82
-237
-400
-485
-484
-446
-453
-504
-604
-745
-814
-613
-252
-84
-312
-607
-636
-489
-383
-256
211
745
808
204
-602
-876
-523
116
568
655
456
69
-311
-622
-717
-529
-200
98
122
-116
-468
-697
-699
-619
-480
-257
46
203
61
-219
-430
-430
-290
-69
190
367
395
238
27
-137
-210
-181
-128
-55
-3
48
73
-8
-165
-299
-282
-165
-55
27
76
111
130
146
175
205
293
429
562
645
646
649
632
575
500
419
394
412
467
501
439
291
67
-110
-189
-168
-87
-39
-11
-31
-114
-258
-386
-383
-276
-123
-43
-34
-60
-95
-120
-152
-165
-122
-89
-119
-243
-348
-336
-191
168
504
607
323
-21
-54
103
274
403
840
1355
1359
734
-83
-277
116
656
962
923
707
264
-200
-486
-500
-250
-16
132
90
-131
-420
-684
-753
-685
-500
-250
-49
-18
-224
-503
-709
-720
-537
-267
-46
-31
-211
-464
-596
-595
-531
-459
-418
-354
-319
-321
-359
-454
-522
-544
-419
-209
-40
40
17
71
164
256
308
333
417
452
480
515
619
738
701
557
349
254
277
336
361
324
293
182
-20
-227
-329
-285
-277
-331
-379
-382
-385
-493
-624
-672
-582
-430
-367
-418
-529
-620
-699
-780
-752
-635
-510
-549
-674
-696
-425
127
512
444
-39
-305
-109
296
629
968
1517
1748
1295
408
-56
351
1100
1604
1630
1363
962
466
133
89
371
739
902
852
557
153
-241
-417
-281
14
354
581
588
319
-99
-381
-400
-171
157
418
451
184
-236
-586
-697
-595
-400
-233
-216
-358
-610
-817
-885
-824
-703
-567
-415
-315
-319
-383
-327
-102
167
330
360
336
266
233
264
414
610
698
641
428
240
175
243
340
327
231
65
-61
-152
-268
-348
-388
-352
-348
-409
-465
-527
-569
-643
-658
-599
-539
-513
-583
-658
-758
-799
-827
-856
-890
-945
-928
-890
-611
-210
32
-163
-613
-678
-387
-10
185
529
1114
1283
765
-145
-450
63
818
1324
1363
1173
739
216
-100
-69
333
698
868
781
421
-44
-445
-452
-139
278
614
745
648
324
12
-112
-3
262
540
744
710
448
100
-137
-173
-67
140
295
288
46
-304
-534
-587
-477
-313
-88
110
105
-94
-309
-228
83
374
546
634
713
651
490
409
560
859
995
902
631
414
319
284
271
245
241
131
-76
-282
-438
-498
-549
-572
-563
-557
-564
-665
-805
-894
-853
-735
-678
-675
-674
-695
-801
-973
-1044
-1004
-947
-905
-854
-609
-280
-179
-437
-812
-819
-536
-235
-23
352
875
920
372
-347
-494
-16
605
1022
1074
841
376
-55
-200
-49
268
494
587
534
287
-87
-428
-463
-217
127
392
496
379
12
-352
-453
-211
202
524
619
426
73
-233
-338
-239
-74
69
89
-3
-177
-370
-487
-542
-492
-362
-192
-66
-78
-168
-242
-137
95
328
523
624
667
629
598
676
853
1056
1093
980
798
679
687
739
794
780
679
472
229
104
77
60
-32
-134
-166
-195
-272
-403
-487
-481
-402
-316
-290
-348
-452
-551
-633
-687
-693
-695
-689
-667
-529
-231
-30
-119
-518
-719
-532
-167
94
235
564
698
368
-300
-662
-339
211
623
719
615
315
-154
-410
-352
-41
249
369
421
236
-142
-593
-728
-401
59
372
390
279
49
-245
-427
-363
-13
351
507
388
99
-169
-342
-369
-298
-138
17
14
-179
-483
-670
-693
-611
-477
-338
-218
-243
-380
-527
-505
-236
113
385
441
395
323
300
399
580
819
922
904
759
555
401
326
425
563
644
577
350
108
-92
-161
-159
-148
-122
-144
-211
-382
-538
-597
-550
-437
-354
-274
-233
-275
-372
-527
-599
-604
-503
-339
-161
114
243
170
-187
-406
-226
132
471
637
928
1056
747
144
-286
-36
497
959
1103
959
656
156
-125
-76
222
458
427
392
301
119
-230
-476
-348
-52
216
300
327
246
-8
-294
-403
-173
189
437
430
203
-64
-305
-414
-394
-248
-93
-98
-241
-478
-660
-757
-783
-733
-646
-500
-426
-464
-574
-595
-423
-218
-25
81
154
171
156
227
386
612
721
723
606
451
364
348
411
438
433
312
113
-60
-173
-204
-279
-349
-372
-381
-422
-568
-686
-726
-697
-668
-673
-640
-630
-664
-740
-789
-723
-706
-688
-654
-472
-142
25
-30
-331
-417
-241
23
231
407
812
957
645
67
-168
161
541
818
907
892
630
189
27
139
402
519
535
592
508
292
-25
-108
101
354
520
549
576
488
291
136
134
320
502
616
602
458
277
118
36
0
41
137
163
41
-176
-346
-427
-452
-439
-396
-338
-298
-311
-325
-275
-210
-168
-134
-22
129
215
226
265
407
519
541
513
488
483
470
496
534
513
382
181
36
-55
-81
-79
-102
-209
-415
-597
-699
-730
-721
-694
-648
-658
-717
-789
-793
-779
-845
-924
-948
-790
-594
-392
-228
-208
-351
-637
-646
-395
-44
172
297
505
457
166
-266
-366
-104
182
422
463
436
153
-206
-344
-288
-61
82
248
329
163
-159
-477
-455
-228
41
253
355
368
186
6
-12
153
374
496
599
644
599
444
292
275
316
353
342
335
320
235
88
-68
-143
-130
-87
-69
-77
-66
-10
115
222
262
200
140
164
280
455
617
738
721
626
538
512
556
595
638
630
582
487
352
216
68
1
-5
7
-47
-204
-393
-579
-678
-698
-660
-586
-565
-593
-691
-747
-745
-738
-756
-793
-684
-494
-221
-44
-52
-182
-353
-316
-176
52
300
591
829
682
308
-69
-96
115
353
581
650
527
108
-267
-366
-293
-187
-134
31
114
-73
-451
-762
-759
-596
-381
-175
-21
-16
-235
-446
-474
-311
-98
55
172
195
110
-48
-153
-132
-53
19
44
53
4
-109
-218
-285
-289
-289
-278
-230
-179
-146
-103
-16
94
156
163
155
204
327
460
563
606
629
648
636
626
646
728
794
781
712
626
564
453
295
173
138
170
116
-38
-227
-379
-465
-542
-544
-503
-471
-528
-657
-726
-746
-721
-735
-726
-617
-387
-89
40
-8
-174
-225
-147
-10
227
529
865
894
632
276
134
245
418
650
833
892
663
293
82
27
31
-8
105
311
305
49
-306
-458
-495
-472
-334
-121
67
0
-225
-433
-502
-404
-259
-69
60
97
34
-115
-231
-292
-237
-126
-35
26
-2
-70
-221
-393
-481
-463
-355
-314
-312
-312
-296
-263
-254
-218
-175
-126
-54
66
233
333
305
209
163
245
374
474
541
572
565
475
365
297
268
273
262
257
195
57
-113
-279
-378
-433
-431
-410
-436
-490
-599
-655
-690
-716
-693
-681
-562
-458
-323
-204
-153
-96
-122
-73
-42
38
220
462
756
803
650
389
261
350
515
759
897
914
743
510
403
351
366
346
378
436
404
317
125
-34
-165
-211
-125
-30
71
69
9
-108
-259
-304
-258
-106
1
33
39
-9
-72
-187
-253
-234
-173
-65
-11
6
-71
-194
-283
-359
-350
-317
-223
-139
-133
-134
-172
-183
-208
-211
-134
-31
103
169
178
138
79
59
54
121
240
367
408
316
189
63
3
8
68
139
122
40
-79
-206
-317
-386
-378
-341
-319
-327
-365
-430
-504
-531
-492
-441
-404
-376
-344
-323
-315
-273
-190
-112
-89
-109
-103
-45
19
72
123
196
242
249
240
244
262
266
282
326
398
438
409
346
286
261
261
268
288
287
257
218
191
171
146
133
148
170
169
157
155
144
104
53
36
75
129
140
105
51
32
45
46
14
-24
-29
-34
-80
-134
-157
-145
-163
-210
-213
-169
-111
-98
-111
-110
-88
-53
-22
6
18
21
37
67
98
106
112
152
199
200
146
100
121
166
171
124
88
74
42
-8
-42
-35
-42
-87
-120
-122
-107
-109
-128
-125
-113
-104
-105
-105
-100
-120
-132
-129
-123
-133
-146
-126
-107
-115
-148
-171
-181
-195
-184
-149
-109
-116
-180
-234
-245
-212
-181
-161
-122
-82
-67
-91
-141
-164
-153
-95
-35
-4
17
25
29
14
21
74
126
153
145
144
149
137
130
141
179
193
160
142
153
176
154
103
90
100
107
71
13
-19
-34
-21
-10
-14
-36
-79
-103
-111
-94
-78
-73
-77
-93
-99
-85
-39
4
9
-17
-32
-2
42
55
38
34
51
68
79
95
107
90
58
44
62
84
92
93
84
75
82
119
157
160
155
170
203
215
204
194
184
167
160
198
250
251
180
99
61
51
44
38
41
20
-28
-77
-105
-125
-155
-177
-181
-178
-179
-173
-163
-184
-244
-306
-311
-262
-216
-189
-179
-175
-192
-223
-219
-173
-124
-106
-103
-89
-71
-71
-84
-81
-65
-62
-72
-68
-32
-2
-7
-42
-76
-84
-73
-60
-60
-68
-68
-62
-65
-86
-99
-88
-68
-59
-62
-63
-62
-76
-106
-123
-96
-53
-30
-34
-45
-52
-73
-94
-82
-39
4
16
26
54
90
99
76
54
49
66
103
152
188
180
146
134
158
203
239
268
292
300
289
269
252
239
233
261
317
356
335
272
220
194
194
211
241
254
219
171
138
126
108
76
65
82
102
90
54
26
12
7
-1
6
30
46
44
30
29
30
19
4
1
15
25
23
19
5
-24
-67
-93
-87
-63
-53
-70
-98
-116
-125
-138
-148
-147
-153
-181
-212
-216
-195
-183
-200
-229
-247
-253
-255
-262
-263
-257
-251
-252
-265
-277
-280
-276
-261
-231
-206
-210
-233
-243
-225
-197
-178
-160
-130
-91
-61
-58
-69
-75
-68
-49
-21
14
45
60
60
55
55
65
90
125
168
202
203
172
134
133
171
212
229
223
213
190
159
138
147
175
183
162
134
112
98
83
64
61
72
78
63
43
40
53
58
53
56
71
85
85
84
94
109
113
105
102
118
132
134
127
128
131
113
84
72
95
125
121
92
67
67
79
79
76
79
78
59
26
-1
-11
-17
-30
-50
-66
-77
-94
-118
-140
-161
-181
-194
-191
-192
-210
-238
-252
-251
-256
-261
-253
-239
-248
-275
-282
-244
-188
-162
-168
-181
-187
-178
-161
-139
-121
-122
-124
-111
-83
-61
-60
-62
-47
-12
24
45
40
15
-6
0
34
70
82
78
72
64
48
40
49
56
49
42
44
43
24
0
0
18
27
6
-13
-9
4
2
-9
1
30
43
30
19
28
35
17
2
25
72
98
88
60
41
35
34
38
57
86
110
114
94
70
56
57
77
108
146
166
149
110
82
85
108
129
147
159
149
115
83
70
67
56
43
42
49
54
45
25
2
-12
-14
-14
-11
-6
-4
-12
-27
-26
-6
15
22
24
31
29
18
2
-2
8
23
41
53
62
50
37
36
51
71
77
78
78
75
66
51
49
59
69
70
55
33
14
5
-1
-11
-26
-47
-67
-90
-106
-112
-115
-121
-138
-148
-148
-144
-150
-169
-177
-169
-152
-145
-156
-171
-177
-175
-168
-156
-142
-131
-131
-142
-151
-154
-157
-159
-157
-142
-119
-103
-98
-96
-91
-82
-76
-68
-53
-26
-2
11
4
-12
-19
-14
4
24
40
55
56
42
24
21
32
40
41
47
59
61
40
15
7
24
51
71
75
66
56
50
52
65
93
123
139
131
110
95
96
111
140
168
182
177
164
155
155
163
178
199
223
236
226
203
186
183
191
199
212
221
211
179
149
150
168
176
162
143
133
126
112
91
72
58
50
44
40
30
10
-18
-41
-47
-42
-45
-64
-91
-113
-122
-123
-127
-146
-175
-195
-203
-210
-225
-240
-247
-250
-258
-264
-269
-284
-307
-318
-310
-299
-293
-288
-277
-277
-290
-299
-289
-271
-259
-251
-238
-226
-223
-224
-221
-208
-195
-178
-154
-127
-113
-119
-130
-125
-107
-84
-58
-31
-14
-16
-18
-9
15
45
74
101
118
120
113
111
124
148
169
179
183
190
195
192
189
195
198
197
199
210
223
222
209
193
181
179
186
196
199
192
188
188
193
197
196
192
182
176
179
187
187
174
160
154
156
153
140
133
133
134
130
123
116
99
78
60
59
65
61
49
34
23
10
-8
-21
-29
-30
-19
-8
-16
-43
-70
-87
-100
-104
-96
-85
-90
-117
-150
-167
-166
-167
-172
-174
-175
-179
-190
-205
-215
-216
-210
-199
-184
-179
-187
-199
-206
-202
-185
-160
-137
-128
-126
-124
-119
-108
-89
-65
-43
-32
-27
-27
-28
-23
-8
9
17
16
12
2
-12
-13
-4
5
9
6
-2
-14
-18
-8
3
6
1
-2
-1
-3
-6
0
20
42
57
60
60
61
62
70
88
107
118
117
118
122
122
115
113
123
139
141
133
126
123
111
90
79
89
99
98
94
86
71
50
40
42
51
56
55
52
43
31
22
16
12
10
12
10
-2
-21
-38
-51
-57
-54
-48
-52
-63
-74
-81
-92
-94
-84
-65
-51
-49
-54
-64
-73
-74
-62
-38
-14
0
1
-3
-1
4
17
36
53
68
80
91
96
98
101
100
101
104
103
98
85
74
68
60
47
34
26
21
12
-3
-19
-27
-32
-39
-48
-59
-66
-71
-78
-92
-100
-97
-92
-95
-109
-120
-121
-117
-114
-110
-105
-96
-93
-93
-91
-77
-62
-60
-63
-61
-49
-39
-40
-44
-46
-44
-39
-33
-24
-20
-20
-22
-23
-21
-16
-2
15
23
24
19
14
8
8
12
14
13
1
-15
-27
-27
-22
-19
-22
-28
-35
-45
-55
-49
-34
-25
-30
-34
-25
-14
-12
-15
-16
-7
4
13
27
43
55
54
57
73
94
113
129
143
150
154
162
171
177
178
178
176
174
172
166
158
155
158
159
148
137
129
122
110
105
109
113
103
85
68
53
33
16
8
6
8
-1
-23
-47
-63
-71
-80
-87
-90
-93
-104
-115
-118
-120
-130
-146
-152
-142
-129
-124
-127
-131
-142
-153
-153
-139
-121
-117
-125
-132
-128
-115
-105
-100
-97
-96
-91
-90
-87
-81
-78
-78
-81
-84
-84
-83
-78
-74
-78
-83
-82
-79
-80
-87
-86
-78
-63
-53
-42
-33
-30
-33
-30
-22
-11
-6
-4
1
6
9
5
5
16
36
56
68
73
75
80
85
86
89
100
114
120
119
117
116
114
114
121
136
145
141
129
123
124
129
133
139
152
159
155
140
124
121
120
119
118
118
121
116
105
91
78
70
66
68
71
71
65
52
37
27
23
23
24
26
23
13
-4
-22
-28
-28
-26
-28
-34
-42
-50
-56
-55
-51
-47
-49
-51
-52
-58
-65
-72
-77
-86
-92
-91
-93
-99
-110
-118
-121
-125
-130
-133
-135
-139
-146
-150
-149
-146
-144
-139
-131
-120
-112
-111
-109
-98
-83
-73
-67
-60
-51
-44
-38
-30
-18
-5
3
13
20
27
30
29
30
37
42
44
43
45
53
58
59
55
54
55
61
67
72
77
82
89
88
86
83
79
80
81
86
88
85
74
58
49
46
46
44
42
40
34
28
23
19
19
20
24
27
28
27
27
24
19
16
18
20
22
22
23
21
14
9
12
22
31
40
46
46
41
32
28
29
33
37
42
39
31
22
13
6
-2
-5
-3
-5
-9
-19
-31
-45
-59
-65
-65
-61
-59
-59
-61
-67
-73
-81
-84
-84
-78
-68
-63
-61
-65
-70
-77
-80
-70
-53
-45
-46
-54
-60
-67
-73
-71
-62
-57
-59
-61
-62
-63
-66
-65
-58
-49
-42
-43
-42
-35
-23
-16
-18
-18
-15
-8
-6
-1
4
0
-8
-15
-13
-8
-3
-2
-5
-9
-12
-14
-13
-15
-14
-6
0
2
-2
-4
-5
-5
-8
-8
-2
6
10
7
5
2
3
6
9
21
35
41
40
36
38
44
50
53
57
61
64
64
65
66
66
63
62
66
71
75
73
72
71
68
61
55
55
62
70
73
75
71
65
61
66
78
89
91
84
77
73
73
73
76
78
77
72
67
61
49
36
31
34
39
41
36
23
7
-4
-3
3
11
9
-1
-14
-25
-31
-31
-28
-27
-29
-32
-37
-47
-57
-66
-73
-76
-78
-79
-79
-80
-86
-97
-108
-113
-114
-113
-109
-106
-104
-108
-118
-124
-124
-119
-110
-103
-99
-99
-100
-98
-97
-95
-92
-82
-70
-60
-55
-52
-53
-54
-50
-41
-29
-19
-17
-17
-17
-13
-9
-3
0
4
8
11
15
16
17
18
19
23
29
36
39
41
42
42
46
51
55
57
59
61
65
70
75
75
73
72
74
80
87
95
97
93
86
82
81
89
98
104
108
102
93
83
79
82
85
88
90
89
82
75
68
63
61
60
60
60
54
46
37
30
27
25
25
24
23
15
8
1
-5
-6
-8
-10
-14
-16
-19
-25
-33
-39
-43
-44
-42
-39
-37
-45
-56
-66
-72
-74
-72
-68
-65
-67
-74
-82
-90
-91
-90
-87
-84
-82
-84
-87
-90
-94
-96
-93
-89
-85
-82
-82
-81
-80
-81
-79
-74
-67
-60
-55
-53
-50
-48
-44
-43
-37
-30
-21
-15
-7
-3
-1
-1
-2
4
12
20
26
31
36
37
32
30
31
36
45
54
58
58
54
45
42
44
48
52
52
52
50
46
42
40
38
34
32
29
31
30
27
18
11
8
10
14
13
12
9
6
3
0
2
6
10
13
14
14
12
12
10
13
17
24
30
31
32
30
27
27
27
32
37
38
34
31
28
24
21
20
22
22
17
10
3
0
0
-2
-4
-8
-13
-21
-27
-29
-27
-27
-30
-33
-34
-34
-38
-41
-43
-38
-36
-37
-39
-39
-38
-38
-37
-33
-30
-31
-33
-33
-27
-21
-21
-20
-19
-17
-16
-14
-10
-5
-1
-1
-1
3
6
7
8
9
11
13
13
10
9
9
9
7
7
8
10
7
3
1
-1
-3
-6
-8
-8
-8
-13
-15
-20
-22
-24
-26
-27
-27
-25
-25
-25
-25
-25
-24
-25
-25
-22
-17
-12
-10
-9
-8
-5
-2
1
5
9
14
18
21
23
24
26
28
32
37
40
42
41
42
43
45
47
50
51
51
49
50
49
48
47
51
52
51
49
49
51
51
48
46
45
46
44
43
41
40
35
33
31
30
29
26
24
23
22
19
18
17
15
13
11
8
6
4
3
2
1
-2
-4
-6
-8
-13
-15
-15
-17
-21
-24
-27
-30
-35
-40
-41
-41
-44
-48
-51
-54
-59
-64
-67
-67
-66
-69
-71
-71
-72
-74
-77
-76
-73
-69
-68
-69
-69
-67
-65
-62
-58
-55
-51
-48
-48
-46
-44
-40
-36
-33
-30
-24
-21
-20
-23
-20
-13
-9
-4
-2
-1
0
-2
-1
6
14
17
18
18
19
20
22
26
32
37
40
41
44
46
47
49
51
55
60
63
65
66
65
64
66
69
73
75
78
78
77
75
74
73
75
78
83
84
81
77
73
70
71
73
77
77
74
67
60
55
52
51
50
48
43
38
29
21
15
9
4
1
-5
-12
-22
-31
-41
-49
-54
-55
-59
-68
-76
-85
-93
-97
-98
-97
-97
-101
-106
-110
-110
-108
-105
-102
-101
-101
-103
-100
-96
-93
-90
-85
-78
-75
-72
-72
-69
-66
-62
-57
-48
-42
-42
-43
-43
-39
-37
-34
-29
-25
-21
-20
-18
-17
-18
-16
-11
-6
0
3
3
1
-2
-2
0
4
10
14
13
12
12
11
12
14
18
22
24
26
26
25
25
29
35
39
43
45
47
48
47
47
51
57
62
67
67
68
64
63
66
71
74
77
77
77
74
70
67
66
67
66
63
61
59
56
52
49
46
41
38
37
34
28
24
19
16
13
10
6
3
0
-2
-3
-4
-5
-8
-8
-11
-14
-15
-17
-16
-17
-22
-23
-23
-25
-26
-28
-29
-29
-28
-27
-25
-25
-31
-34
-32
-30
-27
-26
-26
-31
-32
-35
-32
-15
-16
-12
-18
-28
-30
-36
-30
-36
-22
-19
-23
-24
-38
-46
-50
-44
-39
-29
-25
-31
-32
-41
-45
-45
-36
-27
-16
-13
-19
-23
-26
-26
-25
-16
-12
0
5
0
-7
-13
-11
-7
6
10
12
13
13
13
12
16
16
22
24
25
28
26
28
30
31
31
30
31
32
33
37
36
35
33
33
34
33
34
32
34
35
33
35
31
30
28
29
32
34
34
31
27
26
26
25
27
29
32
30
24
21
20
23
23
21
22
20
21
23
20
16
16
14
15
18
19
16
14
9
9
7
4
-1
-2
-5
-7
-3
-8
-9
-14
-24
-27
-26
-24
-26
-28
-36
-38
-33
-36
-36
-39
-43
-42
-45
-47
-48
-44
-43
-40
-39
-44
-46
-49
-48
-46
-42
-38
-26
-20
-24
-32
-45
-44
-44
-44
-29
-3
12
9
-20
-50
-54
-47
-31
-9
10
17
8
-22
-47
-47
-39
-18
7
18
17
6
-17
-27
-22
-16
6
24
24
23
10
2
9
11
13
18
21
24
24
23
22
26
26
23
21
19
22
24
27
32
33
35
30
26
22
23
27
35
40
39
37
30
30
34
35
39
39
34
33
31
30
32
32
34
35
28
21
14
12
14
13
11
13
13
10
0
-9
-14
-15
-14
-11
-9
-10
-13
-22
-32
-37
-38
-34
-31
-27
-26
-32
-41
-45
-45
-45
-46
-49
-45
-39
-36
-37
-44
-50
-55
-53
-49
-43
-41
-39
-38
-40
-44
-46
-45
-42
-37
-34
-32
-32
-31
-29
-29
-29
-27
-23
-20
-18
-15
-13
-14
-10
-6
-2
-3
