-6
-7
-5
-3
-3
-2
-4
-2
3
1
-3
-4
-2
0
3
0
-2
1
4
5
3
-1
-1
1
2
1
1
2
5
7
8
8
10
10
8
10
8
9
9
6
4
7
8
8
9
9
13
15
16
15
16
17
19
19
18
16
16
19
18
15
15
16
16
16
15
15
15
16
14
12
12
14
14
12
8
7
6
4
1
0
-2
-4
-2
1
0
1
0
1
1
-1
-6
-9
-11
-14
-14
-16
-17
-13
-7
-5
-5
-5
-8
-10
-12
-12
-11
-13
-17
-21
-20
-17
-15
-17
-16
-13
-13
-19
-27
-31
-27
-19
-21
-32
-35
-30
-24
-24
-31
-26
-8
0
-12
-26
-27
-18
-13
-25
-39
-39
-28
-25
-31
-37
-37
-24
-13
-20
-32
-32
-19
-8
-10
-19
-22
-14
-9
-15
-31
-41
-44
-45
-54
-65
-66
-49
-15
23
64
102
136
160
167
152
128
106
88
64
30
-4
-26
-38
-41
-36
-27
-15
6
32
55
72
88
107
125
136
133
119
98
80
63
43
20
2
-2
4
10
14
21
35
48
59
55
51
46
40
32
21
9
-3
-6
-6
-5
-2
2
5
3
-1
-8
-13
-18
-20
-21
-16
-8
1
2
0
7
18
20
8
-3
-5
-13
-39
-69
-81
-79
-79
-99
-119
-109
-88
-94
-131
-162
-171
-172
-184
-199
-196
-186
-187
-206
-226
-244
-223
-128
45
220
290
253
239
299
274
101
-32
17
94
-11
-222
-315
-254
-197
-206
-228
-227
-169
-24
123
140
74
108
275
379
280
114
71
115
99
0
-108
-162
-169
-139
-113
-130
-163
-153
-90
-49
-57
-57
-18
25
46
67
101
116
90
58
60
84
90
50
-12
-55
-47
-23
-41
-92
-100
-32
56
96
100
117
164
279
446
527
444
378
449
458
284
80
24
56
47
-54
-140
-111
-38
28
37
-5
-8
138
254
200
127
153
235
276
209
50
-37
-18
-20
-107
-236
-299
-235
-124
-97
-119
-100
-30
42
51
-11
-84
-125
-144
-159
-181
-208
-216
-207
-221
-256
-293
-314
-318
-345
-396
-425
-452
-535
-617
-557
-325
25
382
650
724
660
606
575
426
137
-16
38
48
-240
-595
-690
-563
-422
-399
-416
-380
-175
127
291
258
208
359
569
604
397
157
81
104
85
-92
-300
-388
-323
-228
-239
-298
-319
-248
-162
-126
-108
-76
-10
54
108
139
147
131
88
66
73
114
124
61
-40
-100
-65
-32
-83
-179
-186
-66
67
110
81
112
238
381
452
440
394
359
367
352
266
147
65
40
13
-20
-47
-50
-34
40
208
364
409
375
375
395
358
274
198
193
200
186
138
80
52
55
58
2
-35
-16
10
-8
-33
-14
44
113
117
66
1
-29
-27
-51
-115
-169
-149
-93
-58
-62
-80
-96
-127
-192
-266
-330
-395
-464
-511
-521
-528
-563
-615
-640
-625
-580
-529
-514
-533
-502
-320
-2
290
401
389
451
593
597
364
120
133
284
215
-135
-456
-473
-308
-269
-460
-665
-589
-256
26
31
-73
34
384
652
587
337
210
310
405
282
2
-199
-198
-120
-136
-265
-363
-352
-289
-256
-268
-259
-210
-145
-92
-21
88
181
197
139
131
220
294
227
54
-42
-14
30
-36
-178
-256
-182
-30
54
37
18
116
301
443
484
475
489
512
513
480
424
345
251
175
135
130
100
22
-44
-32
50
174
284
320
336
424
504
446
283
157
181
258
226
89
2
-1
40
89
61
10
38
136
171
121
70
63
100
86
15
-70
-120
-141
-168
-201
-238
-239
-222
-195
-173
-175
-195
-253
-310
-338
-339
-370
-431
-484
-525
-567
-650
-756
-858
-907
-894
-858
-848
-823
-543
43
569
670
567
712
961
835
345
71
223
351
63
-444
-701
-615
-409
-394
-634
-835
-643
-169
45
-131
-248
87
608
819
655
438
498
721
762
477
89
-77
-63
-110
-319
-494
-504
-450
-418
-415
-352
-231
-100
-42
-42
30
174
274
186
42
71
269
390
273
101
94
241
272
87
-145
-227
-148
-85
-115
-196
-168
8
228
386
465
551
621
636
586
532
494
403
268
145
131
171
177
163
164
209
244
248
170
81
59
107
181
182
158
134
174
235
302
338
281
223
192
215
181
122
73
54
74
60
43
-41
-126
-220
-266
-256
-282
-315
-324
-235
-168
-154
-177
-181
-172
-212
-238
-259
-312
-431
-500
-527
-609
-775
-940
-1001
-1016
-1036
-1106
-1137
-1021
-542
174
597
560
549
919
1113
730
183
203
584
568
45
-485
-558
-396
-269
-479
-880
-979
-606
-187
-296
-552
-455
85
514
522
370
354
642
874
866
602
421
454
432
240
-78
-245
-343
-451
-625
-753
-713
-616
-503
-435
-276
-41
170
248
225
292
433
566
532
367
231
241
310
240
79
-25
23
81
41
-55
-139
-164
-158
-94
-19
55
153
303
488
623
722
778
800
781
775
750
586
319
92
0
-82
-174
-234
-185
-69
33
88
95
141
196
262
229
158
156
218
238
175
216
300
375
331
240
168
119
81
-51
-225
-403
-443
-404
-383
-407
-401
-293
-172
-105
-137
-164
-168
-197
-286
-394
-467
-532
-591
-628
-617
-634
-695
-747
-800
-918
-1009
-795
-287
107
118
48
290
611
570
267
228
542
738
517
60
-207
-215
-120
-253
-611
-858
-712
-374
-369
-574
-614
-273
92
179
61
-14
170
401
479
333
266
421
570
530
373
333
314
195
-24
-220
-324
-414
-523
-629
-629
-488
-295
-177
-161
-92
149
461
592
481
364
442
576
489
243
114
206
326
344
294
248
246
259
254
163
38
-34
-53
-83
-75
93
352
520
539
607
766
850
735
512
371
329
295
142
-51
-166
-112
1
36
-8
-48
10
29
-1
-72
-115
-143
-147
-94
-22
70
132
197
267
362
443
431
307
134
-8
-102
-201
-356
-516
-581
-527
-492
-524
-550
-476
-376
-354
-403
-446
-455
-462
-497
-563
-620
-646
-660
-724
-811
-768
-446
-18
176
90
43
214
311
122
-85
55
366
447
259
89
101
196
229
58
-208
-355
-296
-307
-551
-773
-755
-527
-400
-394
-410
-293
-33
197
301
284
364
513
599
541
426
366
313
216
65
-54
-97
-123
-192
-295
-319
-249
-182
-199
-269
-258
-112
90
169
112
98
238
389
372
283
305
435
519
510
477
458
463
480
486
463
449
477
475
396
330
363
396
297
138
101
191
257
221
151
139
186
228
218
171
149
157
139
62
-26
-58
-56
-64
-92
-91
-72
-66
-109
-152
-146
-102
-59
-58
-81
-75
14
139
180
118
45
40
58
23
-67
-162
-209
-236
-268
-331
-408
-439
-427
-410
-424
-418
-355
-276
-231
-231
-226
-207
-238
-335
-394
-345
-261
-283
-378
-405
-360
-354
-425
-457
-414
-382
-385
-404
-387
-356
-310
-247
-207
-126
0
118
115
7
-28
12
43
-33
-141
-200
-211
-157
-75
15
54
85
164
268
345
347
311
264
228
218
223
224
211
202
215
231
259
288
296
257
212
222
279
291
200
102
86
131
141
106
95
122
174
201
197
166
151
168
171
141
113
156
230
261
274
311
371
383
336
287
265
267
261
222
164
155
226
329
387
408
439
479
476
405
316
251
228
193
111
7
-52
-52
-46
-46
-55
-62
-71
-74
-76
-83
-76
-41
-22
-55
-97
-97
-64
-65
-135
-230
-294
-324
-372
-462
-568
-644
-695
-742
-791
-808
-782
-731
-686
-650
-618
-585
-517
-425
-316
-270
-311
-359
-364
-339
-355
-366
-318
-267
-242
-257
-244
-219
-208
-179
-151
-82
-28
-10
-22
-35
29
109
206
263
275
273
287
342
355
336
290
234
179
131
119
99
70
33
13
20
49
117
170
189
194
215
247
237
214
190
181
159
117
75
32
22
-4
-52
-107
-118
-68
-29
-18
-17
31
108
158
178
180
204
241
279
312
314
324
361
442
502
502
495
507
529
520
496
479
442
404
399
439
491
504
481
448
430
399
341
289
266
236
176
126
116
113
85
48
3
-48
-118
-197
-281
-350
-381
-401
-422
-435
-421
-402
-383
-352
-331
-352
-407
-464
-528
-610
-699
-771
-832
-862
-842
-810
-797
-782
-695
-561
-453
-446
-493
-517
-511
-497
-512
-474
-345
-200
-111
-92
-28
58
92
83
58
106
131
100
25
-44
-11
61
147
173
161
172
198
248
271
285
284
276
268
251
258
261
258
218
153
111
92
87
36
-46
-112
-124
-103
-121
-163
-193
-160
-87
-19
27
36
62
82
94
91
102
123
100
64
55
105
166
207
218
229
297
392
455
423
359
357
411
477
503
525
559
608
671
706
726
714
703
697
676
654
594
541
492
481
491
479
447
381
329
264
205
142
66
-13
-109
-185
-226
-240
-245
-263
-280
-288
-301
-336
-395
-466
-528
-576
-615
-653
-690
-696
-658
-602
-569
-570
-564
-565
-594
-660
-724
-738
-721
-656
-607
-585
-581
-559
-463
-386
-337
-313
-299
-265
-269
-252
-244
-246
-200
-130
14
130
190
210
184
224
270
314
314
275
242
184
161
151
151
125
78
60
52
60
45
26
6
-32
-64
-93
-99
-99
-110
-126
-157
-163
-148
-128
-133
-172
-184
-167
-142
-143
-153
-160
-157
-137
-103
-54
-21
16
48
82
136
201
269
298
317
361
427
497
545
587
625
683
762
822
840
823
824
843
853
841
807
783
759
737
706
666
634
584
529
476
436
402
353
305
262
238
214
171
93
-5
-87
-161
-234
-328
-427
-494
-529
-557
-612
-662
-674
-663
-664
-682
-700
-723
-751
-770
-784
-792
-826
-870
-877
-808
-654
-519
-487
-530
-564
-527
-473
-441
-395
-356
-299
-261
-223
-154
-97
-1
82
177
264
267
242
173
147
147
150
180
145
109
75
99
165
183
189
165
149
113
55
36
23
7
-64
-147
-185
-179
-125
-106
-128
-195
-264
-293
-328
-358
-415
-464
-481
-477
-439
-400
-342
-306
-284
-252
-200
-124
-83
-55
-30
15
67
106
152
218
322
422
498
557
625
707
764
806
819
827
838
848
870
879
902
935
969
989
978
978
985
981
940
859
772
704
662
615
555
497
452
420
370
309
234
153
73
-21
-124
-233
-318
-376
-419
-449
-481
-507
-529
-547
-569
-635
-709
-787
-843
-905
-973
-990
-946
-826
-733
-711
-726
-714
-634
-581
-560
-516
-431
-330
-304
-293
-249
-182
-100
-29
67
143
163
149
98
72
68
94
139
135
105
74
106
185
245
268
247
218
179
126
78
17
-42
-113
-187
-241
-267
-245
-223
-245
-300
-355
-396
-445
-493
-526
-542
-537
-530
-499
-466
-427
-374
-341
-328
-333
-327
-308
-297
-278
-272
-266
-240
-172
-79
7
98
201
305
397
483
569
641
693
720
743
770
799
811
794
805
857
914
921
902
907
910
896
864
822
767
709
675
643
595
545
520
507
472
417
353
285
215
153
90
3
-86
-163
-218
-258
-288
-316
-372
-437
-491
-538
-594
-645
-659
-620
-539
-486
-496
-559
-596
-585
-576
-567
-528
-448
-381
-372
-369
-349
-303
-244
-180
-100
-21
37
45
10
10
86
185
241
237
199
162
142
164
190
173
124
67
23
-47
-112
-139
-154
-190
-256
-296
-288
-250
-222
-234
-283
-344
-396
-429
-456
-479
-503
-532
-548
-544
-521
-492
-475
-481
-515
-524
-475
-416
-390
-392
-369
-309
-236
-129
-11
85
152
205
266
313
352
404
453
487
498
518
556
593
629
661
679
686
689
700
707
707
699
667
628
608
624
631
595
545
510
487
459
423
375
309
244
191
138
77
16
-24
-50
-87
-147
-207
-243
-250
-253
-267
-291
-339
-371
-327
-199
-94
-109
-200
-267
-284
-288
-281
-224
-142
-87
-67
-49
-10
54
135
222
294
340
353
319
259
234
267
309
316
285
220
146
106
120
142
90
-2
-64
-91
-128
-178
-192
-185
-211
-271
-327
-339
-307
-268
-277
-362
-476
-565
-616
-658
-707
-746
-778
-808
-825
-802
-747
-692
-656
-635
-620
-590
-529
-448
-371
-329
-308
-273
-201
-104
-13
63
108
124
134
163
234
332
416
456
450
440
470
543
618
656
652
627
599
587
589
587
551
493
434
374
328
318
333
331
278
210
155
128
118
97
46
-33
-107
-146
-155
-161
-181
-217
-256
-295
-333
-368
-370
-320
-229
-153
-136
-160
-174
-152
-125
-117
-92
-10
106
182
191
193
235
311
394
482
577
645
648
602
563
571
619
668
690
650
564
478
444
466
479
450
376
289
189
90
41
19
-23
-117
-225
-286
-296
-281
-283
-333
-418
-512
-591
-656
-714
-757
-795
-840
-884
-909
-906
-876
-825
-761
-704
-671
-638
-598
-549
-499
-468
-447
-421
-364
-277
-191
-119
-77
-48
-10
44
116
188
242
268
270
272
293
331
380
424
439
421
388
369
363
356
336
295
245
183
136
115
102
87
61
16
-40
-82
-101
-117
-155
-211
-273
-313
-328
-337
-371
-429
-471
-486
-460
-383
-275
-190
-184
-219
-217
-171
-124
-79
-10
94
194
261
293
312
357
447
572
690
756
770
741
717
743
792
850
890
896
835
713
643
678
747
741
657
572
518
466
417
383
342
269
167
66
-6
-35
-28
-37
-106
-215
-320
-379
-411
-433
-466
-519
-570
-618
-656
-670
-655
-598
-544
-524
-531
-533
-492
-429
-383
-356
-317
-240
-147
-90
-71
-59
-30
12
30
27
27
44
65
52
5
-24
5
68
93
51
-4
-24
-9
-19
-80
-151
-194
-198
-194
-212
-231
-234
-223
-263
-374
-482
-531
-550
-611
-707
-778
-805
-811
-843
-914
-974
-917
-665
-358
-200
-228
-292
-279
-257
-240
-111
234
644
849
767
605
623
836
1023
1002
840
721
682
653
611
638
756
868
853
652
360
167
185
289
251
66
-30
101
307
361
269
178
160
103
-57
-204
-146
122
346
326
143
51
124
187
88
-103
-208
-159
-60
-12
-2
59
167
203
85
-73
-90
36
137
108
55
120
329
552
683
713
690
640
510
327
220
300
491
603
575
472
377
275
115
-87
-265
-358
-382
-403
-450
-477
-450
-452
-579
-796
-974
-1010
-945
-867
-820
-802
-787
-812
-884
-983
-1029
-1031
-1053
-1141
-1257
-1300
-1278
-1051
-599
-41
259
122
-197
-413
-409
-377
-165
408
1170
1586
1261
571
95
114
280
314
296
407
667
761
624
395
261
169
-46
-322
-552
-484
-135
272
442
244
-24
-138
-114
-153
-253
-175
142
470
544
430
363
405
353
76
-222
-260
-25
161
140
37
26
80
13
-193
-381
-393
-274
-163
-113
-4
204
420
469
356
268
292
423
544
669
843
1045
1181
1109
885
644
538
549
614
678
717
706
560
334
110
-9
-38
-64
-93
-114
-70
-52
-127
-262
-382
-425
-420
-368
-247
-102
-21
-80
-258
-452
-568
-570
-509
-446
-438
-528
-718
-966
-1213
-1306
-1013
-412
73
23
-435
-765
-763
-661
-586
-175
636
1217
912
-78
-785
-636
-52
311
367
399
489
363
-59
-431
-443
-226
-142
-245
-309
-222
-105
-111
-247
-413
-493
-394
-150
65
164
167
127
56
-62
-127
-46
134
258
250
213
213
192
35
-231
-395
-323
-114
53
92
44
-42
-192
-365
-431
-318
-74
167
327
405
376
273
148
122
250
476
728
874
866
727
555
427
388
433
500
543
493
368
218
119
91
72
27
-38
-33
39
72
17
-111
-186
-143
-42
69
168
236
230
106
-63
-153
-80
73
138
53
-147
-344
-545
-697
-600
-134
442
559
108
-458
-541
-276
-61
184
742
1413
1359
406
-665
-806
-102
557
720
614
534
288
-232
-717
-715
-298
36
52
-119
-275
-463
-737
-933
-928
-734
-508
-300
-169
-181
-341
-528
-549
-414
-255
-155
-73
-4
-5
-65
-135
-167
-211
-287
-319
-241
-80
25
12
-94
-215
-304
-330
-247
-81
81
207
283
307
263
177
150
229
373
498
578
613
555
424
281
192
203
319
462
494
334
54
-175
-291
-309
-284
-226
-169
-164
-225
-367
-516
-603
-588
-490
-381
-257
-141
-111
-202
-321
-337
-248
-124
-47
10
7
-55
-208
-385
-344
11
556
782
557
136
-19
138
329
613
1139
1811
1949
1269
247
-196
218
910
1333
1371
1212
833
251
-260
-357
-6
388
555
449
181
-194
-626
-876
-841
-577
-307
-115
-64
-188
-457
-729
-799
-644
-384
-211
-168
-231
-355
-450
-443
-335
-230
-228
-304
-363
-352
-309
-305
-336
-351
-351
-323
-297
-237
-150
-83
-17
48
140
215
259
307
388
499
562
574
555
522
490
444
406
421
485
507
412
196
-60
-231
-297
-292
-264
-244
-268
-386
-603
-832
-955
-927
-796
-649
-578
-602
-680
-787
-894
-927
-847
-667
-526
-483
-507
-529
-574
-702
-689
-366
208
505
290
-169
-331
-68
245
578
1052
1659
1768
1086
139
-164
408
1187
1597
1597
1398
986
412
16
85
480
779
838
791
691
441
15
-280
-254
-17
177
265
306
238
-19
-344
-448
-232
92
234
153
-7
-141
-239
-291
-245
-121
-38
-68
-171
-254
-290
-324
-359
-333
-235
-126
-71
-88
-111
-142
-137
-61
34
126
107
97
139
256
388
410
418
385
382
372
347
344
385
437
418
308
119
-53
-170
-220
-219
-185
-129
-173
-357
-632
-856
-891
-807
-672
-584
-614
-740
-944
-1074
-1030
-845
-649
-594
-661
-775
-832
-883
-921
-816
-478
-31
96
-106
-428
-470
-310
-171
111
637
1274
1325
644
-202
-413
101
783
1175
1228
1014
508
-64
-335
-96
362
630
645
511
293
-8
-316
-357
-149
115
264
289
278
153
-97
-272
-195
127
396
417
254
62
-68
-129
-102
49
219
244
145
30
29
70
37
-34
-41
71
205
221
170
152
208
274
293
337
423
451
378
298
354
535
631
614
567
592
646
595
519
499
540
532
401
274
215
168
52
-84
-92
10
39
-132
-413
-628
-675
-648
-591
-529
-500
-575
-809
-1038
-1076
-904
-696
-654
-738
-865
-921
-959
-1000
-902
-650
-267
-63
-129
-380
-555
-475
-303
6
398
852
1062
716
81
-345
-168
372
879
1096
1001
641
135
-225
-270
-19
231
372
389
261
2
-359
-553
-474
-249
-17
73
73
-51
-330
-587
-630
-368
-6
176
118
-67
-253
-374
-370
-222
11
125
58
-72
-132
-121
-144
-189
-159
-43
109
173
167
127
71
72
119
251
384
444
417
346
308
337
413
493
544
545
529
492
459
465
516
582
573
518
472
423
326
190
148
236
336
310
147
-35
-154
-217
-235
-210
-160
-173
-303
-487
-584
-533
-423
-377
-417
-466
-523
-605
-681
-725
-614
-415
-191
-21
-57
-207
-440
-475
-319
-2
419
722
871
636
183
-190
-167
237
739
1016
941
605
191
-81
-170
-76
90
253
349
272
22
-271
-503
-541
-459
-262
-27
60
-62
-405
-721
-838
-708
-415
-154
-64
-182
-424
-623
-668
-564
-358
-162
-58
-60
-152
-253
-300
-287
-180
-27
141
264
272
184
40
-28
69
242
412
474
426
324
171
96
115
235
365
402
366
264
170
109
95
148
240
320
327
236
113
35
26
80
137
171
158
75
-45
-140
-161
-98
-47
-46
-74
-118
-169
-255
-341
-349
-291
-178
-120
-120
-190
-327
-447
-515
-360
-103
179
239
95
-109
-228
-144
9
279
544
762
802
609
367
216
294
547
807
956
905
689
427
195
98
151
342
556
617
452
151
-133
-295
-316
-236
-68
35
-10
-205
-449
-598
-651
-604
-467
-322
-228
-298
-469
-623
-689
-634
-532
-418
-320
-277
-301
-368
-419
-386
-290
-204
-159
-139
-87
-35
-29
-54
-62
-12
65
130
169
192
195
178
142
117
118
125
147
173
214
251
232
163
68
23
52
116
168
156
82
-36
-155
-208
-171
-99
-64
-94
-153
-225
-304
-339
-301
-224
-187
-212
-235
-213
-176
-165
-197
-195
-132
-52
2
3
-2
15
24
28
35
76
162
202
238
270
341
411
360
263
189
268
458
604
671
595
440
288
209
309
507
652
643
483
322
228
183
193
211
252
275
229
171
74
-38
-150
-232
-195
-97
4
43
-19
-129
-240
-293
-256
-192
-125
-102
-125
-144
-158
-164
-182
-226
-245
-230
-179
-114
-71
-75
-131
-191
-201
-173
-156
-163
-167
-147
-131
-151
-198
-249
-301
-321
-291
-190
-91
-96
-195
-298
-314
-254
-182
-128
-129
-181
-262
-311
-274
-198
-137
-120
-150
-193
-218
-211
-177
-168
-168
-151
-112
-64
-46
-35
-31
-46
-56
-48
10
68
90
94
114
169
207
195
144
110
144
220
287
305
284
245
211
187
201
252
291
284
217
160
161
212
278
290
250
188
159
180
198
193
163
143
148
152
145
102
38
-21
-44
-9
63
127
135
76
-8
-41
-5
61
100
97
77
60
50
58
74
75
56
33
52
93
108
84
44
44
83
116
122
91
50
20
-2
12
44
84
92
45
-4
-37
-29
-10
-14
-33
-65
-79
-73
-77
-113
-182
-249
-277
-283
-272
-263
-263
-285
-352
-428
-451
-408
-351
-341
-362
-370
-373
-395
-409
-364
-275
-220
-223
-228
-202
-172
-183
-203
-158
-52
34
42
7
5
48
96
120
140
184
222
217
179
171
198
237
229
192
170
175
198
207
207
201
192
170
132
85
52
29
34
72
113
127
92
48
17
-4
-15
-1
41
78
69
37
31
53
71
62
56
70
93
107
101
91
77
67
83
113
137
129
102
99
114
128
131
131
130
122
111
103
92
71
59
64
85
101
103
109
111
104
74
55
74
111
118
73
14
-12
-17
-37
-62
-66
-55
-75
-131
-173
-179
-177
-200
-226
-223
-209
-226
-276
-302
-271
-215
-190
-200
-204
-190
-190
-210
-204
-150
-97
-105
-162
-189
-152
-95
-73
-81
-79
-55
-32
-32
-38
-30
-15
-18
-44
-51
-28
6
9
-4
-11
2
16
7
-12
-30
-34
-25
1
40
63
61
35
4
0
20
56
79
87
102
129
156
156
133
130
158
189
188
171
174
181
167
135
127
158
187
185
168
170
184
167
121
78
59
66
83
96
85
44
-9
-43
-49
-34
-18
-10
-15
-38
-75
-106
-111
-90
-68
-63
-64
-59
-52
-68
-98
-98
-70
-51
-58
-62
-47
-42
-65
-93
-88
-65
-63
-73
-66
-37
-21
-40
-57
-50
-33
-35
-52
-45
-5
29
14
-38
-73
-68
-47
-34
-17
2
5
-30
-78
-101
-85
-45
-11
-6
-25
-59
-81
-86
-79
-74
-71
-59
-38
-38
-70
-113
-130
-110
-68
-25
-4
-11
-43
-80
-98
-88
-56
-22
6
30
48
57
53
45
50
81
126
162
177
172
154
130
129
149
171
180
192
216
239
238
212
174
146
139
157
192
215
204
151
85
49
47
61
78
84
70
32
-17
-47
-61
-67
-77
-90
-94
-91
-95
-114
-149
-176
-178
-149
-111
-87
-93
-119
-142
-149
-147
-138
-119
-91
-66
-64
-75
-78
-63
-46
-39
-25
12
51
70
61
41
29
33
47
63
73
84
90
84
74
65
62
57
52
56
60
55
41
28
22
10
-1
0
16
16
-31
-96
-126
-103
-51
-27
-33
-61
-105
-147
-170
-152
-108
-83
-97
-128
-134
-124
-123
-126
-109
-70
-40
-34
-36
-31
-26
-39
-43
-8
49
75
53
28
42
82
110
107
102
113
132
138
134
130
130
126
111
103
107
115
117
106
90
84
83
72
43
5
-25
-40
-33
-18
-4
-12
-44
-81
-100
-85
-62
-57
-70
-77
-69
-62
-73
-98
-118
-122
-112
-94
-72
-56
-54
-72
-96
-106
-86
-44
-9
-4
-22
-33
-19
12
46
67
76
73
69
76
93
115
132
146
160
171
175
167
153
137
124
122
142
167
168
128
67
34
42
74
100
98
69
26
-9
-24
-26
-27
-39
-54
-72
-89
-103
-106
-100
-97
-98
-97
-92
-95
-109
-123
-112
-81
-51
-41
-42
-47
-48
-57
-63
-59
-41
-15
5
12
3
-19
-40
-40
-20
7
20
12
-8
-25
-31
-27
-19
-13
-10
-20
-45
-71
-81
-72
-56
-50
-55
-60
-56
-54
-66
-89
-103
-97
-82
-69
-62
-52
-53
-73
-102
-114
-96
-75
-70
-71
-77
-91
-116
-127
-110
-80
-65
-69
-76
-81
-81
-78
-57
-23
2
7
6
18
42
62
76
91
113
133
149
164
182
197
205
206
207
209
209
211
222
241
258
258
238
208
183
181
188
190
176
157
137
107
77
62
71
77
63
36
18
10
1
-15
-24
-12
11
22
14
1
-7
-10
-10
-2
13
33
42
38
28
13
1
0
17
42
55
45
21
3
-9
-18
-21
-15
-4
-6
-33
-71
-97
-103
-90
-83
-85
-92
-102
-113
-135
-155
-165
-161
-152
-148
-146
-144
-147
-159
-180
-198
-196
-182
-171
-166
-167
-173
-188
-209
-218
-207
-186
-172
-168
-170
-176
-180
-174
-152
-128
-112
-106
-96
-87
-80
-70
-51
-16
11
19
18
24
44
73
98
114
125
133
136
142
163
195
222
229
220
208
207
219
234
239
233
217
201
180
162
151
154
157
147
126
98
74
58
44
33
32
33
33
25
11
-1
-11
-22
-31
-27
-9
6
6
-10
-23
-21
-11
6
20
31
34
31
24
16
15
26
48
61
57
44
38
37
30
13
6
16
35
43
41
33
19
-1
-15
-8
13
29
26
16
6
-5
-21
-36
-40
-38
-44
-55
-64
-70
-78
-91
-107
-118
-119
-121
-127
-137
-148
-156
-154
-143
-135
-132
-135
-135
-129
-124
-121
-119
-110
-95
-85
-77
-65
-51
-45
-50
-52
-42
-26
-7
12
28
41
47
45
40
41
51
66
81
95
102
104
94
79
70
75
88
98
98
86
66
47
45
55
62
58
49
43
43
49
51
47
38
30
22
16
11
4
-1
-1
1
3
-2
-10
-13
-15
-20
-29
-31
-29
-25
-28
-32
-31
-25
-21
-27
-39
-43
-39
-30
-19
-12
-13
-28
-48
-54
-40
-17
5
15
20
18
12
7
6
6
10
23
40
41
23
0
-13
-9
-1
6
12
17
13
3
-8
-8
5
17
22
23
32
47
54
46
31
27
35
48
55
53
41
28
15
7
12
23
31
27
16
4
-3
0
3
-3
-14
-21
-17
-14
-22
-37
-47
-47
-49
-56
-58
-55
-57
-71
-89
-92
-78
-63
-61
-67
-69
-66
-61
-55
-41
-25
-21
-28
-36
-34
-23
-12
0
13
29
36
31
24
23
31
46
64
77
79
70
54
46
54
74
89
85
66
49
40
41
44
44
44
41
30
14
0
0
6
1
-11
-21
-18
-15
-30
-54
-73
-72
-56
-46
-55
-75
-93
-98
-92
-87
-85
-85
-76
-67
-67
-71
-70
-60
-47
-41
-25
-1
21
27
18
17
29
52
73
86
92
90
77
68
69
85
104
114
112
103
100
98
92
80
69
70
82
85
74
56
42
35
27
19
16
18
11
-7
-24
-32
-35
-43
-56
-64
-66
-71
-80
-84
-77
-71
-76
-91
-100
-101
-96
-89
-77
-63
-50
-51
-59
-65
-59
-44
-26
-11
3
11
12
9
7
9
17
35
51
60
60
58
57
55
53
53
59
67
69
63
56
50
49
49
45
39
33
28
22
18
15
6
-8
-18
-19
-12
-4
-9
-25
-41
-49
-48
-40
-31
-26
-31
-39
-45
-46
-43
-36
-32
-27
-20
-14
-10
-13
-18
-16
-7
0
3
5
6
2
-3
0
11
22
25
19
11
7
9
12
19
26
28
23
20
21
21
17
13
10
9
15
23
29
23
6
-11
-16
-9
6
19
25
21
7
-8
-18
-17
-9
2
6
7
4
-2
-12
-18
-17
-9
0
7
9
5
-4
-12
-11
-4
3
7
8
8
3
-2
-5
-4
-2
-2
-3
-4
-1
-5
-10
-14
-17
-21
-26
-31
-32
-30
-34
-41
-43
-44
-51
-64
-70
-66
-54
-49
-52
-58
-63
-66
-61
-53
-42
-35
-30
-27
-18
-7
-1
-2
-2
5
24
44
54
54
46
42
45
56
69
79
78
64
53
51
58
62
62
54
45
39
39
41
33
16
-1
-5
2
9
7
-6
-22
-35
-40
-39
-30
-25
-27
-42
-60
-65
-62
-52
-46
-41
-36
-39
-45
-46
-41
-33
-25
-11
1
13
15
12
11
19
33
49
62
73
80
82
80
80
88
98
107
108
109
109
106
101
98
97
92
84
74
69
66
62
51
37
23
10
0
-9
-19
-26
-34
-47
-62
-77
-84
-86
-89
-96
-104
-112
-121
-130
-135
-134
-128
-125
-121
-117
-111
-104
-100
-98
-92
-77
-56
-39
-25
-15
-7
-4
-3
8
27
47
61
68
69
70
69
72
79
89
94
96
100
103
104
97
85
81
82
82
78
74
67
47
26
12
9
8
0
-11
-20
-27
-38
-53
-65
-68
-66
-66
-69
-77
-85
-93
-100
-103
-99
-90
-85
-83
-82
-80
-72
-62
-50
-40
-31
-22
-12
-1
10
20
25
31
42
56
71
81
86
88
87
88
88
93
99
108
107
100
89
80
70
64
61
58
55
47
36
23
7
-8
-17
-20
-25
-30
-38
-46
-53
-59
-66
-73
-80
-85
-83
-77
-74
-76
-82
-87
-85
-82
-74
-63
-51
-44
-44
-47
-47
-42
-33
-24
-13
-2
6
6
4
5
9
18
31
46
57
54
44
37
39
48
58
67
71
73
69
61
60
60
59
55
48
42
40
32
23
15
9
2
-3
-4
-6
-14
-29
-45
-51
-50
-46
-47
-50
-58
-68
-73
-73
-67
-57
-46
-40
-35
-32
-30
-28
-25
-22
-16
-6
9
20
30
32
29
27
30
37
44
49
50
47
43
38
35
34
36
36
32
28
24
20
17
13
11
8
5
1
-3
-6
-8
-11
-14
-19
-21
-20
-17
-12
-8
-9
-14
-20
-24
-24
-19
-11
-2
2
1
-5
-12
-14
-14
-9
2
9
10
4
-7
-17
-19
-11
-2
7
11
5
-4
-14
-17
-13
-7
-2
1
1
-3
-8
-9
-9
-5
-1
2
5
1
-5
-12
-14
-11
-5
3
5
-1
-10
-18
-21
-15
-8
-2
-2
-7
-11
-13
-12
-5
3
8
13
14
15
16
16
19
24
31
37
40
41
40
40
39
44
48
50
47
40
31
26
24
25
27
23
15
6
-3
-10
-13
-15
-17
-20
-23
-30
-36
-41
-46
-47
-46
-41
-38
-37
-40
-46
-48
-46
-37
-25
-16
-10
-10
-15
-18
-14
-3
12
23
29
29
25
20
18
25
36
46
49
48
41
33
29
27
31
36
39
38
32
25
18
9
5
6
10
9
4
-1
-8
