0
1
3
4
4
2
6
6
4
-1
-4
0
2
2
-1
0
4
5
3
-2
0
2
-1
-8
-9
-4
-5
-4
-2
1
3
3
-2
-5
-3
-3
-2
-2
-3
0
5
7
3
3
1
1
-1
-6
-11
-13
-11
-9
-7
-2
5
13
18
21
20
19
14
12
11
11
9
8
6
5
4
2
2
2
1
2
1
1
0
1
4
10
14
14
15
14
13
10
6
3
1
1
3
5
7
7
7
6
6
4
3
-1
-3
-6
-6
-4
-4
-5
-3
3
7
6
5
3
1
-3
-6
-9
-10
-13
-16
-13
-12
-14
-16
-19
-21
-19
-20
-25
-25
-26
-31
-36
-43
-53
-57
-50
-41
-39
-42
-44
-46
-47
-47
-45
-37
-25
-18
-17
-20
-12
22
67
86
85
92
94
69
27
3
5
12
9
-5
-14
-20
-17
-9
-10
-17
-10
15
26
22
25
42
58
64
64
56
41
29
24
10
-18
-41
-50
-50
-56
-60
-55
-52
-50
-42
-33
-36
-40
-30
-16
-6
1
10
14
15
21
30
32
22
13
11
9
0
-8
-12
-13
-3
15
30
36
40
48
58
65
63
64
71
88
98
97
98
91
80
70
71
93
113
106
83
66
49
15
-15
-30
-20
13
37
29
18
20
27
34
26
11
10
16
9
-5
-16
-26
-17
-8
-16
-37
-57
-73
-94
-110
-125
-124
-117
-109
-94
-80
-78
-97
-116
-126
-123
-131
-160
-181
-190
-194
-215
-235
-241
-217
-177
-164
-163
-155
-114
-56
-2
26
63
163
254
254
186
156
177
149
52
-24
-9
14
-19
-77
-102
-96
-83
-50
-36
-35
-7
70
128
114
98
121
166
178
157
131
96
72
54
29
-28
-77
-88
-89
-106
-131
-128
-123
-126
-114
-76
-43
-36
-3
41
69
78
91
103
87
78
86
92
53
11
4
13
13
1
8
18
38
69
96
108
106
125
152
168
172
180
183
171
164
156
140
111
82
56
30
9
-13
-38
-56
2
100
143
140
155
202
197
181
157
154
172
157
109
43
19
-21
-13
-11
-32
-15
3
6
-25
5
-9
-5
23
30
18
-11
-1
-33
-39
-56
-72
-83
-113
-117
-135
-137
-177
-203
-213
-222
-228
-255
-268
-284
-278
-297
-326
-356
-381
-373
-345
-301
-306
-306
-280
-243
-248
-281
-284
-191
42
258
343
309
314
368
306
94
-75
-17
71
20
-121
-178
-152
-122
-102
-115
-125
-110
-6
78
64
27
84
223
280
269
228
197
165
130
98
10
-74
-125
-101
-84
-108
-112
-114
-116
-137
-117
-95
-108
-112
-76
-4
25
42
50
60
87
145
204
172
101
67
88
65
-4
-48
-40
5
47
99
122
140
174
223
263
261
247
222
198
188
202
205
175
154
150
164
148
96
30
10
52
69
43
29
99
178
200
205
246
302
291
240
182
168
147
90
14
-31
-5
31
42
-12
-22
27
63
45
-4
-33
-68
-50
-43
-74
-116
-103
-42
-12
-24
-82
-115
-125
-138
-178
-237
-277
-299
-306
-340
-370
-395
-415
-437
-443
-443
-489
-543
-572
-559
-554
-539
-521
-504
-506
-375
55
485
564
370
455
678
521
3
-246
63
246
44
-282
-261
-153
-193
-208
-253
-263
-276
-26
115
12
-41
138
479
504
448
374
384
366
270
249
74
-58
-139
-75
-83
-192
-175
-189
-170
-225
-170
-152
-229
-203
-95
63
10
-1
70
125
149
205
341
249
96
54
148
78
-145
-196
-145
-67
-68
16
79
79
150
279
384
317
292
320
333
293
265
288
225
197
213
261
217
108
74
74
103
70
42
25
75
192
253
273
281
339
327
267
208
163
152
90
40
3
31
57
39
21
24
98
129
103
38
6
-17
-43
-39
-85
-140
-158
-95
-59
-95
-136
-137
-98
-109
-165
-231
-264
-285
-326
-356
-375
-407
-474
-486
-456
-445
-508
-579
-595
-615
-636
-656
-607
-553
-480
-393
-210
155
485
603
492
522
582
419
36
-180
29
151
-13
-325
-315
-192
-227
-288
-334
-259
-221
-12
112
92
96
230
539
586
499
357
360
366
247
177
27
-56
-150
-118
-96
-168
-186
-234
-209
-268
-265
-243
-246
-218
-176
-20
22
41
50
114
205
268
346
247
112
37
99
67
-117
-198
-166
-61
-51
-5
62
106
154
208
300
303
303
299
303
294
280
307
274
263
303
402
417
330
252
203
216
193
139
74
67
85
85
110
130
172
184
176
161
181
171
122
141
173
201
205
209
158
128
144
94
11
-76
-138
-222
-248
-236
-239
-261
-268
-183
-115
-116
-170
-162
-140
-172
-242
-310
-322
-364
-422
-472
-511
-583
-685
-740
-763
-753
-755
-740
-713
-692
-633
-442
-49
356
587
598
575
632
579
297
3
37
210
157
-132
-316
-290
-271
-303
-388
-434
-426
-263
-97
-82
-64
66
374
602
669
587
549
632
601
449
216
70
-28
-104
-144
-193
-217
-287
-305
-309
-310
-303
-315
-296
-275
-177
-80
-31
-14
26
143
275
377
342
236
174
187
151
-35
-197
-235
-167
-124
-103
-61
-13
49
131
253
306
277
265
301
323
295
308
347
370
412
491
517
433
319
238
185
118
59
35
17
2
69
177
233
229
238
262
279
309
253
157
105
138
177
197
199
141
147
180
164
52
-67
-137
-195
-216
-237
-239
-245
-211
-137
-86
-99
-164
-195
-189
-196
-255
-341
-365
-363
-405
-466
-497
-530
-646
-743
-773
-772
-811
-881
-900
-894
-646
-104
432
549
429
600
856
739
199
-35
237
479
270
-160
-280
-274
-228
-262
-365
-515
-523
-246
-201
-362
-466
-149
259
396
416
415
608
727
768
664
485
388
272
206
8
-133
-204
-250
-314
-437
-391
-333
-270
-267
-220
-112
-90
-81
-117
-79
-30
101
254
268
232
247
395
380
213
66
21
12
-85
-135
-183
-195
-180
-77
58
125
192
263
356
337
282
277
339
402
407
461
494
462
341
221
140
104
75
-13
-87
-82
-18
8
37
81
151
213
263
302
299
285
245
241
216
194
165
131
90
55
65
36
-25
-111
-149
-164
-171
-195
-254
-289
-272
-226
-234
-275
-287
-240
-205
-227
-290
-340
-414
-548
-680
-756
-811
-895
-955
-999
-1028
-891
-404
162
369
271
330
616
589
142
-124
171
561
477
112
-79
-76
-33
-94
-248
-442
-457
-254
-222
-392
-560
-383
-33
177
156
5
97
332
499
403
264
312
446
540
449
352
291
253
138
-73
-228
-319
-331
-375
-406
-374
-281
-168
-125
-116
-88
96
305
314
119
33
224
341
183
-42
21
266
390
364
292
271
234
224
200
74
-96
-150
-55
-45
-93
-12
201
310
279
370
552
616
462
307
250
224
154
38
-10
13
159
267
240
86
20
118
121
28
-92
-89
-90
-88
-46
-3
90
180
310
352
328
269
218
152
-8
-158
-221
-192
-228
-287
-268
-178
-143
-185
-200
-184
-189
-257
-322
-387
-474
-555
-573
-586
-666
-751
-763
-783
-903
-934
-627
-169
-24
-196
-227
52
204
53
-6
264
572
597
545
504
369
219
192
241
101
-60
-84
-129
-292
-465
-418
-287
-215
-252
-340
-305
-133
98
149
39
-14
143
401
426
236
72
134
251
217
80
-33
-17
93
209
179
10
-103
-64
0
-73
-141
-75
30
24
-18
51
124
95
29
82
193
227
237
263
261
206
243
396
459
352
248
286
309
245
205
216
208
199
277
361
328
255
259
288
235
140
95
59
-8
-53
-42
-44
-93
-103
-42
1
-5
-17
-5
-10
-50
-59
-36
-1
24
64
121
194
300
398
427
353
249
183
125
7
-145
-240
-277
-311
-364
-386
-352
-320
-326
-340
-328
-319
-336
-362
-385
-413
-452
-478
-508
-583
-644
-519
-252
-135
-298
-525
-539
-510
-649
-794
-762
-623
-556
-446
-259
-192
-220
-164
85
336
444
432
272
112
98
205
235
132
92
106
122
148
246
323
253
183
287
501
549
386
257
293
359
305
203
144
105
95
135
158
62
-56
-48
34
59
28
47
84
24
-97
-113
-65
-147
-304
-326
-212
-167
-183
-118
-41
-49
-42
112
229
155
58
107
198
200
189
224
237
210
232
309
347
345
370
433
493
539
601
640
634
633
655
655
558
419
346
334
287
189
112
58
-10
-59
-50
-43
-116
-191
-185
-151
-144
-130
-81
-80
-160
-211
-179
-146
-202
-294
-320
-333
-415
-530
-594
-637
-735
-828
-853
-861
-904
-901
-821
-762
-621
-337
-112
-194
-418
-363
-224
-323
-519
-489
-241
-136
-93
3
36
-38
-130
19
229
293
190
8
-31
24
149
261
330
372
339
367
452
495
403
265
229
269
312
263
129
12
15
95
96
-3
-95
-94
-34
8
-10
-62
-95
-96
-66
-28
15
77
125
109
33
22
55
14
-114
-213
-185
-148
-126
-81
-17
29
82
199
260
216
154
166
201
178
166
245
358
441
514
606
666
647
611
593
565
536
531
516
423
345
413
530
548
486
484
508
428
281
174
162
131
48
-29
-63
-73
-108
-137
-163
-210
-265
-315
-389
-518
-602
-569
-494
-482
-512
-497
-440
-392
-363
-340
-371
-462
-537
-571
-636
-767
-858
-881
-823
-647
-440
-371
-520
-580
-453
-409
-518
-590
-417
-208
-136
-53
12
48
8
38
281
502
542
308
92
124
240
302
262
248
196
108
134
223
223
79
10
110
218
191
98
79
100
98
76
64
10
-81
-76
9
41
-59
-173
-214
-223
-233
-236
-183
-156
-208
-282
-259
-139
-98
-134
-141
-59
14
54
133
191
196
196
263
336
338
339
381
440
503
564
619
615
575
580
638
696
680
635
633
679
718
720
702
672
645
647
662
627
518
385
292
258
255
241
191
139
100
57
-20
-115
-191
-248
-313
-385
-424
-435
-472
-552
-603
-566
-502
-517
-593
-650
-655
-675
-734
-765
-786
-822
-848
-784
-701
-720
-754
-614
-339
-208
-303
-435
-445
-423
-476
-513
-466
-360
-234
-73
75
95
19
-27
33
158
259
270
157
28
43
177
293
329
336
322
271
273
348
366
225
72
88
167
128
-11
-99
-100
-106
-112
-106
-118
-163
-192
-182
-230
-349
-465
-503
-505
-520
-484
-372
-256
-233
-242
-188
-118
-131
-192
-192
-157
-142
-95
25
107
109
160
324
459
451
430
511
585
553
514
572
661
691
735
852
979
1067
1121
1144
1102
1044
1031
1012
951
878
835
796
707
606
535
510
500
465
398
316
228
138
72
16
-52
-131
-183
-215
-277
-356
-430
-488
-564
-653
-713
-731
-716
-725
-760
-801
-837
-832
-789
-754
-790
-880
-941
-963
-880
-680
-499
-504
-655
-663
-535
-496
-540
-488
-286
-154
-140
-117
-92
-92
-100
29
270
419
412
282
238
316
389
406
375
337
228
118
142
237
236
116
64
120
153
107
35
-36
-127
-200
-220
-220
-250
-281
-262
-237
-246
-282
-333
-406
-482
-501
-465
-429
-435
-460
-468
-436
-379
-343
-355
-394
-394
-337
-256
-173
-117
-92
-71
20
198
348
427
455
481
525
571
650
720
765
807
864
941
971
991
1021
1036
1036
1029
1044
1036
988
912
835
788
761
738
688
630
600
594
571
482
371
299
286
263
170
47
-56
-134
-211
-286
-339
-395
-465
-514
-534
-533
-550
-600
-674
-753
-784
-795
-852
-970
-1030
-900
-690
-599
-682
-775
-757
-692
-653
-618
-518
-391
-269
-172
-122
-134
-148
-81
38
164
258
288
211
78
53
151
252
269
214
129
41
59
196
276
195
87
115
197
181
101
40
-17
-99
-166
-194
-231
-286
-308
-294
-312
-383
-437
-455
-483
-534
-526
-443
-402
-460
-532
-510
-446
-419
-411
-377
-339
-327
-275
-180
-133
-174
-186
-89
15
62
102
185
229
223
291
464
618
667
698
765
804
793
778
792
796
779
782
805
815
792
762
752
754
761
740
666
566
487
465
477
472
413
325
265
256
261
236
173
76
-14
-93
-166
-238
-319
-363
-392
-436
-479
-496
-492
-543
-614
-606
-485
-330
-293
-383
-517
-582
-556
-523
-492
-430
-309
-183
-133
-114
-126
-135
-123
-77
42
136
136
36
-56
0
129
252
324
322
251
135
117
197
233
141
24
21
65
66
16
-56
-157
-283
-332
-316
-328
-400
-457
-426
-413
-469
-522
-516
-501
-539
-556
-527
-508
-539
-570
-561
-557
-575
-581
-540
-482
-431
-370
-307
-256
-220
-152
-35
73
125
137
168
226
295
385
484
570
631
698
771
801
793
793
823
833
799
753
714
698
687
664
629
581
555
540
520
490
436
382
311
243
206
200
194
118
24
-35
-31
-14
-55
-127
-203
-258
-303
-348
-389
-448
-489
-502
-500
-480
-401
-213
-25
18
-87
-223
-286
-312
-311
-222
-86
24
49
57
104
151
226
333
458
532
513
472
405
348
346
393
455
443
378
290
211
208
238
228
120
-21
-93
-115
-117
-168
-280
-411
-508
-515
-472
-420
-403
-451
-516
-588
-637
-668
-685
-695
-740
-781
-788
-750
-705
-707
-718
-736
-750
-743
-713
-653
-603
-535
-447
-363
-290
-211
-76
63
125
117
101
139
218
322
444
520
542
537
568
640
684
721
768
796
744
637
616
675
718
688
599
514
432
383
377
369
344
283
219
158
112
107
97
60
-23
-116
-184
-201
-174
-172
-223
-292
-337
-361
-391
-420
-452
-486
-481
-370
-189
-74
-98
-191
-245
-236
-214
-156
-27
135
233
214
175
195
267
380
523
671
727
660
550
480
506
594
688
738
690
569
434
387
445
486
425
286
186
135
87
42
-9
-79
-194
-316
-392
-406
-360
-323
-360
-464
-587
-645
-648
-638
-655
-718
-793
-854
-866
-841
-818
-820
-858
-868
-817
-723
-631
-566
-497
-436
-376
-303
-222
-137
-92
-78
-68
-50
6
93
210
318
385
421
440
466
498
533
557
539
479
422
390
379
388
410
418
366
292
235
205
190
168
136
77
-1
-62
-95
-123
-154
-172
-174
-209
-276
-317
-319
-317
-360
-438
-514
-577
-595
-540
-378
-180
-71
-82
-157
-209
-207
-170
-95
24
151
249
297
331
374
428
522
645
793
905
898
815
715
702
759
810
862
862
798
662
562
622
703
690
568
445
373
300
272
252
160
8
-102
-103
-82
-107
-130
-138
-178
-298
-442
-509
-516
-507
-526
-578
-638
-674
-639
-594
-612
-691
-752
-716
-635
-584
-577
-564
-499
-418
-353
-284
-210
-139
-116
-127
-133
-107
-43
22
70
104
145
223
286
310
317
346
392
392
340
247
155
130
141
120
43
-37
-68
-65
-55
-47
-63
-95
-131
-176
-245
-348
-417
-451
-488
-537
-571
-565
-575
-599
-635
-677
-708
-723
-704
-624
-468
-323
-271
-279
-261
-200
-139
-97
0
153
283
327
324
350
404
516
693
850
949
963
936
888
831
826
834
849
837
756
626
508
543
634
610
460
280
218
195
170
152
113
76
34
3
-30
-69
-51
-9
-35
-147
-272
-284
-208
-133
-115
-140
-120
-80
-78
-134
-213
-249
-252
-233
-198
-136
-26
138
307
389
350
280
258
263
245
228
262
336
406
436
433
388
310
225
129
16
-75
-98
-77
-61
-67
-75
-84
-139
-268
-455
-630
-742
-773
-758
-721
-664
-604
-591
-656
-769
-862
-935
-1019
-1103
-1132
-1081
-1005
-971
-1013
-1146
-1177
-877
-321
81
36
-192
-254
-135
-76
18
488
1208
1609
1313
661
263
298
544
730
797
831
901
974
884
603
300
144
126
26
-228
-379
-167
242
405
199
-51
-83
-19
-86
-237
-206
23
228
256
162
120
159
171
51
-190
-357
-305
-122
-20
-70
-116
-104
-145
-306
-457
-410
-226
-80
-40
-1
149
347
441
392
335
409
579
714
820
940
1069
1112
1033
969
963
993
941
768
585
466
427
358
250
179
153
125
-6
-210
-334
-334
-270
-274
-360
-436
-476
-496
-544
-556
-470
-381
-392
-510
-588
-552
-526
-564
-657
-751
-823
-921
-1017
-1153
-1283
-1395
-1421
-1145
-623
-129
-97
-483
-813
-866
-748
-576
-13
886
1414
1034
62
-554
-438
79
538
865
1023
913
571
169
-82
-177
-101
78
285
368
243
52
-113
-248
-394
-411
-152
216
422
412
326
218
58
-57
10
191
336
385
398
330
89
-212
-405
-426
-352
-241
-112
-59
-149
-348
-494
-496
-442
-384
-291
-115
74
170
198
182
129
99
210
511
849
1031
1003
915
847
785
707
629
601
626
680
684
643
560
448
341
239
184
210
316
381
315
121
-70
-116
-51
35
109
192
227
149
-23
-158
-190
-167
-178
-246
-310
-402
-557
-757
-958
-1085
-1133
-907
-356
114
41
-580
-989
-925
-699
-558
-123
825
1367
805
-464
-1134
-771
-22
523
857
1007
624
-182
-818
-781
-344
45
283
429
391
-58
-667
-972
-812
-445
-153
79
232
142
-161
-441
-472
-265
43
369
528
428
163
-73
-190
-274
-258
-83
109
127
-27
-147
-223
-375
-527
-506
-268
-81
-123
-256
-320
-314
-312
-258
-61
190
284
234
174
241
336
342
347
398
563
658
578
371
161
143
264
388
401
331
234
93
-38
-85
-38
54
103
103
89
52
36
37
55
131
250
337
287
131
23
50
178
294
301
220
-12
-261
-488
-620
-576
-297
270
588
376
-288
-664
-494
-143
162
586
1303
1525
795
-390
-852
-323
463
963
1149
1063
437
-476
-929
-564
55
332
335
278
26
-598
-1214
-1263
-783
-263
-16
41
-14
-338
-805
-1012
-712
-124
318
469
334
11
-349
-505
-313
32
277
312
177
-64
-332
-476
-415
-248
-110
-48
-35
-101
-279
-429
-425
-267
-111
-37
-11
-49
-76
-57
94
311
442
443
346
279
238
256
318
326
219
22
-68
-8
67
15
-114
-209
-296
-397
-475
-467
-399
-371
-401
-432
-425
-410
-409
-360
-244
-97
-46
-74
-81
-18
62
90
98
85
-1
-135
-253
-312
-287
-203
123
487
530
151
-291
-233
52
349
619
1114
1583
1309
478
-186
-27
593
1133
1455
1507
1058
162
-460
-247
414
747
704
619
473
-23
-667
-818
-416
-21
79
-9
-103
-387
-828
-962
-600
-5
311
304
167
-83
-391
-573
-354
132
424
367
118
-108
-279
-410
-338
-113
79
103
-13
-155
-323
-443
-392
-184
51
153
107
-50
-244
-281
-66
301
577
606
463
268
124
137
314
507
522
328
114
1
-38
-70
-67
-7
-12
-140
-318
-454
-546
-644
-677
-581
-454
-435
-586
-739
-768
-667
-526
-426
-340
-269
-242
-280
-306
-309
-319
-400
-451
-458
-407
-339
-198
89
132
-74
-366
-277
-1
167
299
611
1084
1002
420
-130
-58
438
901
1228
1331
1055
365
-161
-30
468
756
715
645
523
106
-407
-504
-120
191
196
103
55
-175
-618
-784
-454
49
270
219
181
88
-156
-355
-174
300
573
459
189
3
-78
-125
-12
249
405
317
71
-98
-180
-243
-219
-56
146
195
133
38
-70
-152
-99
173
459
568
473
324
225
182
276
439
548
487
315
191
91
-37
-150
-109
15
8
-172
-400
-553
-659
-716
-658
-506
-413
-519
-730
-869
-857
-737
-607
-475
-397
-393
-447
-508
-529
-521
-519
-487
-482
-489
-454
-246
47
19
-284
-557
-373
-54
51
143
490
905
725
134
-217
10
439
743
1006
1140
810
112
-236
85
555
662
582
598
463
-39
-497
-404
25
165
20
-31
-8
-258
-739
-871
-523
-164
-93
-148
-118
-210
-479
-569
-264
187
365
283
164
28
-131
-185
42
394
528
414
239
141
81
44
163
404
573
556
409
270
147
83
198
464
707
712
563
402
292
263
348
577
752
699
477
276
168
96
82
207
359
346
121
-165
-361
-483
-527
-414
-216
-130
-290
-565
-740
-770
-711
-610
-474
-360
-373
-488
-599
-625
-603
-605
-592
-565
-529
-478
-348
-170
-204
-404
-575
-434
-212
-124
-15
253
557
426
42
-173
-31
258
530
834
1012
764
246
-9
209
528
601
632
720
609
186
-178
-100
175
214
90
77
117
-89
-480
-629
-474
-304
-273
-282
-248
-369
-632
-745
-580
-322
-221
-213
-176
-204
-318
-400
-292
-101
-45
-80
-80
-23
-29
-98
-79
51
181
247
312
347
294
193
225
404
557
596
578
604
583
511
535
666
737
638
515
522
558
484
369
386
474
450
313
209
134
-1
-149
-171
-75
-33
-117
-222
-274
-316
-357
-322
-232
-186
-231
-278
-259
-250
-314
-387
-414
-389
-407
-373
-362
-399
-459
-507
-326
-183
-143
-258
-390
-440
-493
-373
-86
252
383
160
-110
-226
-137
130
443
684
657
374
121
43
120
216
341
554
637
456
139
-107
-172
-169
-112
63
193
153
-121
-406
-536
-534
-404
-211
-54
-61
-296
-538
-627
-543
-377
-238
-125
-119
-236
-403
-496
-458
-376
-290
-188
-138
-191
-334
-418
-367
-267
-173
-82
12
27
-78
-140
-69
102
210
246
303
351
320
235
236
358
476
511
511
536
523
443
383
384
411
397
356
350
357
309
265
243
231
212
193
213
211
187
139
150
226
274
277
224
140
81
74
117
176
192
138
22
-69
-85
-43
21
19
-60
-156
-211
-195
-157
-135
-161
-198
-228
-216
-158
-87
-54
-63
-90
-117
-105
-60
5
65
95
98
75
39
-8
-46
-47
-16
42
66
19
-71
-149
-183
-181
-145
-73
-19
-37
-127
-213
-224
-188
-149
-99
-40
5
-34
-118
-161
-144
-112
-124
-144
-155
-185
-242
-294
-280
-244
-233
-240
-253
-272
-329
-386
-393
-333
-261
-221
-205
-219
-267
-311
-294
-220
-153
-137
-124
-91
-87
-119
-132
-84
-38
-41
-37
19
88
87
48
58
118
164
193
250
330
366
346
342
394
465
508
510
494
492
511
568
632
681
659
567
475
446
475
481
439
377
329
292
249
206
177
133
70
13
-12
-11
-22
-61
-102
-119
-107
-96
-99
-100
-98
-88
-73
-52
-46
-77
-128
-139
-87
-13
2
-50
-119
-155
-154
-141
-127
-91
-66
-74
-115
-140
-104
-42
-3
11
22
35
11
-38
-56
-31
3
-5
-40
-82
-154
-229
-250
-197
-131
-143
-200
-251
-292
-341
-374
-355
-322
-320
-328
-328
-335
-371
-397
-369
-333
-317
-313
-292
-275
-310
-361
-354
-298
-259
-265
-263
-227
-207
-224
-232
-193
-136
-105
-84
-51
-24
-20
-2
77
182
246
250
232
223
226
249
312
406
473
465
397
354
383
448
475
436
377
340
323
307
288
272
246
212
175
158
153
136
97
57
67
113
133
108
69
57
70
86
121
155
157
122
101
137
189
193
142
101
122
159
168
148
132
130
127
129
152
185
186
144
121
147
199
227
210
163
117
84
74
72
52
8
-49
-85
-104
-106
-97
-111
-174
-265
-319
-306
-277
-296
-331
-339
-330
-344
-379
-381
-371
-392
-419
-389
-320
-301
-349
-386
-383
-377
-393
-378
-318
-290
-332
-382
-359
-289
-253
-252
-243
-206
-175
-166
-146
-108
-68
-40
-26
-6
14
30
57
93
133
164
192
200
193
190
209
239
245
221
199
191
185
181
184
179
156
130
104
87
93
76
34
28
46
33
26
63
82
61
37
26
40
85
83
63
101
131
91
60
87
123
153
164
143
140
153
146
150
174
187
203
238
252
234
231
248
261
274
283
295
284
238
189
185
209
200
164
150
150
116
52
10
11
8
-35
-77
-73
-45
-58
-122
-168
-161
-143
-151
-166
-170
-169
-186
-217
-226
-211
-216
-238
-244
-238
-239
-262
-287
-295
-282
-263
-255
-247
-255
-267
-260
-234
-193
-162
-150
-155
-163
-156
-140
-113
-84
-62
-45
-34
-39
-41
-20
12
33
26
14
8
10
11
5
-2
-23
-54
-63
-35
-4
-15
-56
-78
-83
-91
-107
-101
-57
-20
-27
-38
-25
-8
-10
-18
6
62
110
113
82
60
47
38
39
61
98
127
132
122
107
107
132
169
190
199
217
227
217
200
212
240
243
224
219
251
278
263
227
210
209
196
176
180
201
187
131
80
74
90
85
65
61
65
45
2
-24
-15
4
15
17
18
-2
-41
-68
-72
-74
-86
-88
-79
-87
-115
-133
-118
-95
-99
-109
-102
-89
-84
-82
-70
-63
-61
-55
-41
-32
-24
-5
26
41
35
27
39
58
56
37
25
25
15
-5
-17
-18
-39
-84
-115
-105
-96
-124
-164
-180
-180
-203
-232
-232
-202
-185
-200
-209
-199
-191
-196
-197
-172
-140
-122
-122
-123
-125
-123
-121
-113
-104
-100
-97
-90
-90
-101
-97
-70
-53
-62
-67
-35
7
7
-13
0
34
32
0
8
64
98
74
42
58
95
112
115
134
157
145
107
94
113
127
121
117
143
168
161
132
108
106
118
141
177
203
193
145
107
104
118
121
115
111
94
59
35
43
56
57
48
50
58
51
34
29
33
29
25
36
52
47
20
3
8
30
62
98
118
105
86
85
92
89
84
100
106
74
25
8
24
23
-15
-42
-28
-12
-34
-70
-72
-55
-58
-81
-90
-74
-69
-90
-111
-108
-87
-77
-90
-105
-112
-109
-108
-111
-113
-112
-111
-112
-122
-135
-138
-132
-139
-165
-175
-150
-121
-127
-158
-173
-175
-188
-199
-172
-117
-95
-133
-181
-186
-158
-139
-129
-102
-81
-99
-137
-151
-124
-96
-84
-71
-44
-17
-16
-31
-42
-38
-15
24
86
136
137
96
66
81
124
158
176
175
157
136
135
160
174
159
143
156
187
192
165
137
124
116
123
161
203
201
151
106
99
124
151
175
192
186
162
148
157
169
164
159
167
167
148
130
123
109
86
74
92
109
92
54
43
60
62
40
22
33
45
33
20
24
29
13
-17
-23
-7
2
-10
-31
-38
-35
-37
-44
-63
-80
-82
-74
-76
-99
-119
-121
-121
-133
-147
-142
-138
-163
-196
-199
-175
-168
-196
-226
-234
-232
-233
-234
-222
-220
-243
-274
-285
-271
-257
-251
-243
-232
-231
-242
-249
-240
-220
-195
-163
-121
-91
-94
-117
-120
-87
-32
11
30
32
26
21
26
48
75
90
101
117
134
133
122
120
124
128
141
169
194
176
127
98
115
147
165
180
195
191
166
150
163
185
189
189
202
207
179
137
121
131
135
129
137
150
139
114
114
140
161
153
142
149
160
157
146
143
145
145
147
156
165
157
130
111
108
117
118
102
78
56
51
53
49
24
-12
-33
-37
-39
-43
-48
-58
-85
-119
-134
-129
-132
-156
-185
-189
-176
-172
-186
-205
-220
-237
-254
-255
-242
-234
-246
-264
-269
-269
-275
-288
-300
-299
-276
-236
-198
-187
-207
-229
-222
-183
-139
-107
-91
-93
-111
-121
-102
-62
-36
-32
-28
-11
2
-2
-13
-9
10
27
47
64
65
38
4
-4
18
44
66
90
98
80
52
42
57
71
74
87
112
117
87
52
44
51
50
53
74
88
73
46
47
74
85
74
76
107
138
142
131
129
136
141
156
185
206
200
187
186
198
212
219
220
209
190
182
192
205
194
165
144
140
139
131
123
118
101
72
52
50
52
35
8
-8
-15
-23
-35
-51
-63
-81
-100
-115
-125
-133
-142
-155
-171
-183
-189
-200
-213
-220
-210
-193
-179
-179
-192
-200
-189
-159
-129
-106
-98
-107
-125
-129
-108
-72
-47
-44
-48
-45
-41
-40
-39
-28
-16
-10
0
12
14
-9
-40
-48
-29
-8
-4
-6
-9
-20
-40
-49
-41
-34
-35
-36
-26
-25
-45
-73
-88
-88
-85
-78
-66
-61
-79
-103
-102
-81
-69
-74
-70
-44
-24
-25
-30
-21
-6
3
21
56
86
96
93
99
118
140
157
173
185
189
191
204
220
218
204
203
216
225
220
213
210
204
191
183
187
190
171
144
130
129
127
114
97
82
70
57
43
28
9
-10
-24
-29
-36
-48
-63
-75
-86
-91
-87
-80
-77
-86
-96
-94
-78
-62
-54
-57
-67
-71
-59
-36
-17
-14
-21
-26
-25
-18
-12
-3
6
10
9
12
20
20
5
-12
-11
5
14
3
-14
-29
-39
-42
-36
-28
-32
-50
-69
-78
-86
-99
-113
-121
-125
-132
-139
-143
-150
-164
-178
-177
-168
-169
-176
-174
-162
-157
-163
-166
-159
-152
-150
-141
-117
-97
-92
-93
-90
-78
-68
-54
-32
-13
-2
5
14
29
38
41
45
58
72
80
85
88
90
93
100
110
115
112
106
106
113
118
113
103
95
97
106
113
107
92
79
70
69
71
76
73
59
46
43
45
46
45
46
50
50
47
50
56
57
50
42
49
67
83
79
65
53
52
58
63
69
72
72
67
65
63
58
50
44
51
62
63
47
26
11
7
13
23
29
20
3
-11
-16
-15
-25
-36
-40
-41
-51
-66
-74
-74
-75
-84
-90
-88
-88
-102
-113
-111
-98
-90
-91
-95
-100
-102
-101
-94
-84
-77
-74
-73
-75
-75
-73
-68
-64
-57
-46
-36
-35
-41
-47
-50
-45
-38
-31
-27
-28
-36
-42
-40
-33
-27
-24
-23
-22
-21
-16
-13
-17
-20
-15
-5
1
-2
-9
-7
-1
3
6
14
20
21
15
15
21
22
22
26
37
47
50
50
51
53
51
54
67
79
86
84
82
79
75
77
86
95
99
101
99
95
92
90
95
102
106
106
103
100
99
96
97
100
102
99
93
89
85
84
79
74
66
63
58
47
34
28
28
24
13
2
-4
-8
-20
-30
-29
-21
-19
-28
-38
-43
-48
-52
-52
-46
-39
-40
-46
-51
-54
-57
-57
-54
-47
-46
-51
-60
-67
-71
-72
-71
-68
-71
-76
-81
-87
-94
-96
-92
-91
-94
-99
-100
-103
-105
-105
-105
-103
-98
-92
-91
-91
-91
-87
-85
-87
-83
-72
-64
-63
-64
-56
-45
-43
-48
-44
-30
-20
-21
-20
-14
-9
-9
-12
-2
9
10
6
9
11
8
4
8
18
22
18
18
19
13
7
9
21
27
25
24
24
23
20
24
34
42
44
46
48
47
46
49
53
55
59
62
63
59
55
63
69
69
69
70
71
65
61
68
75
80
76
77
82
82
78
78
84
88
88
87
85
80
77
75
77
81
79
76
68
60
55
53
52
45
36
28
20
12
3
-4
-8
-13
-20
-28
-38
-47
-54
-61
-69
-74
-78
-85
-93
-99
-100
-99
-98
-98
-99
-99
-101
-106
-108
-104
-96
-87
-83
-76
-72
-69
-69
-65
-57
-48
-41
-36
-35
-35
-35
-31
-26
-21
-22
-23
-18
-11
-13
-18
-19
-18
-18
-19
-17
-12
-10
-15
-20
-22
-22
-20
-16
-12
-9
-11
-13
-15
-16
-14
-12
-9
-5
2
8
7
0
0
6
14
18
21
24
26
27
28
34
46
54
56
59
66
67
68
70
82
97
105
105
102
99
97
99
106
115
123
120
111
102
98
98
100
99
95
86
79
73
67
60
57
56
49
40
31
24
15
4
-2
-7
-14
-24
-30
-34
-39
-44
-46
-44
-44
-46
-49
-49
-51
-50
-45
-42
-41
-41
-35
-31
-29
-29
-25
-21
-19
-16
-13
-11
-16
-21
-22
-21
-23
-25
-24
-24
-29
-36
-42
-45
-51
-57
-63
-66
-69
-74
-80
-89
-95
-100
-101
-102
-105
-111
-117
-123
-124
-125
-123
-120
-118
-116
-113
-110
-107
-103
-96
-85
-78
-72
-64
-55
-47
-41
-31
-16
-3
8
15
22
32
40
51
64
75
86
92
96
100
106
114
126
134
139
139
135
133
136
140
142
141
135
126
117
112
110
110
105
99
86
73
63
57
52
46
39
30
19
8
-3
-13
-16
-17
-18
-22
-30
-38
-45
-46
-44
-38
-32
-31
-34
-34
-32
-29
-24
-16
-8
-3
-4
-2
2
7
12
16
21
28
33
31
30
27
27
38
44
38
34
30
22
11
4
6
14
12
-7
-23
-32
-36
-45
-52
-60
-68
-74
-82
-91
-101
-115
-121
-120
-118
-125
-134
-138
-136
-137
-140
-138
-134
-131
-130
-125
-116
-109
-105
-99
-90
-81
-71
-59
-49
-37
-28
-15
0
8
16
24
39
52
61
66
74
83
91
95
101
111
115
114
115
117
121
125
124
119
113
110
106
104
104
101
95
89
82
75
71
64
59
55
52
49
42
34
29
28
29
30
31
29
25
19
18
21
23
24
25
27
26
24
23
26
29
32
35
39
42
40
36
34
35
38
42
48
48
43
32
25
28
30
30
27
22
15
3
-6
-11
-14
-18
-24
-30
-38
-49
-62
-70
-73
-73
-76
-84
-91
-98
-103
-107
-110
-111
-111
-109
-111
-114
-116
-116
-114
-113
-113
-106
-99
-99
-103
-101
-94
-85
-79
-77
-72
-67
-63
-58
-53
-47
-41
-37
-33
-25
-21
-17
-15
-14
-10
-4
-1
2
4
4
3
2
0
2
8
11
15
12
7
5
6
9
13
14
15
16
15
16
18
24
29
31
34
38
44
44
42
47
54
63
65
68
70
71
73
72
75
79
86
94
94
90
89
92
92
93
97
104
104
95
85
84
90
95
92
86
79
76
73
66
67
65
61
59
49
43
37
28
20
16
17
18
18
7
-5
-11
-18
-22
-23
-25
-31
-34
-39
-46
-47
-47
-48
-51
-56
-61
-66
-73
-78
-73
-75
-69
-78
-69
-20
-54
-97
-91
-86
-101
-108
-89
-71
-20
-21
-77
-111
-127
-118
-85
-46
-52
-65
-74
-77
-68
-91
-99
-87
-66
-41
-60
-73
