-11
-12
-13
-12
-9
-10
-12
-15
-12
-13
-17
-21
-20
-15
-11
-10
-13
-12
-8
-8
-12
-16
-17
-13
-10
-12
-12
-8
1
8
9
8
6
7
5
0
-3
-3
1
4
5
4
3
2
3
2
0
-1
-1
1
3
1
2
5
8
7
5
3
4
4
-1
-2
-4
-3
-3
-3
-2
0
2
3
2
0
1
0
1
-1
-1
0
2
3
5
7
8
9
10
11
11
11
11
10
12
12
16
17
21
27
31
33
34
37
40
37
35
34
32
28
25
25
24
21
18
16
13
10
9
7
4
2
1
0
1
2
2
0
-2
-4
-8
-16
-21
-22
-23
-26
-31
-37
-37
-35
-30
-28
-25
-28
-33
-33
-39
-49
-51
-38
-31
-33
-39
-40
-34
-32
-38
-51
-55
-52
-54
-56
-46
-24
2
23
33
42
47
37
25
22
18
13
17
19
4
-14
-12
-8
-27
-45
-40
-23
-16
-24
-18
3
18
25
33
33
24
21
24
18
-1
-15
-14
-13
-19
-27
-27
-27
-28
-31
-30
-31
-30
-23
-13
-7
-3
6
15
16
18
27
35
33
27
24
23
19
13
9
6
9
18
30
34
36
46
54
54
51
56
62
66
79
96
102
98
104
106
98
100
110
110
95
82
67
45
28
23
25
31
32
33
45
45
38
47
51
45
48
56
46
36
37
29
24
22
12
-6
-17
-27
-45
-58
-70
-66
-55
-49
-42
-32
-27
-26
-28
-39
-60
-86
-102
-106
-109
-114
-105
-102
-121
-129
-121
-129
-152
-159
-146
-139
-143
-150
-144
-139
-148
-162
-183
-197
-150
-28
83
139
195
249
231
142
66
34
8
-25
-40
-53
-102
-150
-144
-115
-129
-154
-123
-71
-47
-35
10
69
113
150
185
187
146
104
72
36
-21
-75
-100
-107
-111
-107
-86
-72
-72
-64
-44
-25
-19
-20
-8
14
35
52
71
79
87
108
125
114
83
54
26
-8
-44
-63
-67
-58
-33
13
63
96
122
150
166
169
170
162
137
105
87
83
74
60
51
46
31
7
-12
-31
-49
-65
-63
-47
-27
-5
27
68
93
145
242
280
204
126
132
109
31
-30
-19
35
71
48
-15
-27
-17
27
47
-9
-67
-29
27
-9
-15
14
56
98
123
86
11
-10
-35
-57
-100
-138
-153
-143
-113
-110
-92
-85
-87
-92
-95
-100
-109
-101
-108
-102
-83
-61
-67
-82
-93
-114
-114
-130
-159
-187
-182
-185
-202
-211
-214
-186
-159
-140
-153
-172
-188
-170
-101
-11
93
164
234
295
323
263
166
139
135
79
-38
-95
-88
-107
-168
-196
-159
-139
-113
-65
-11
14
57
148
207
210
189
213
231
189
122
61
24
-27
-56
-75
-85
-87
-81
-55
-48
-42
-48
-36
-20
-10
12
35
68
93
121
143
162
174
165
148
115
88
54
5
-48
-70
-49
-22
0
30
83
128
163
194
212
223
211
203
190
178
176
186
182
165
169
172
163
129
94
83
76
37
-10
-21
-15
13
48
73
79
98
116
102
75
32
-3
-23
-39
-72
-97
-99
-98
-90
-86
-92
-102
-94
-96
-117
-142
-166
-175
-185
-183
-171
-145
-125
-119
-109
-107
-129
-170
-197
-212
-225
-245
-268
-284
-293
-306
-344
-373
-385
-382
-389
-418
-436
-417
-337
-206
-37
118
277
463
576
529
373
316
331
261
65
-76
-63
-63
-165
-298
-320
-283
-239
-187
-147
-104
-46
108
254
307
295
328
415
419
336
223
180
130
40
-51
-110
-122
-154
-171
-194
-198
-193
-185
-161
-156
-119
-55
41
95
109
141
188
228
199
153
108
87
57
-1
-65
-115
-117
-114
-103
-87
-50
2
43
93
139
201
250
286
310
323
340
338
316
266
217
178
130
59
-4
-17
-20
-26
-25
3
45
99
153
195
240
265
255
219
173
128
104
86
45
15
23
39
36
35
28
21
26
20
-7
-44
-72
-92
-90
-82
-91
-88
-57
-24
-15
-26
-45
-69
-98
-132
-153
-175
-207
-241
-252
-245
-240
-255
-283
-290
-291
-300
-334
-369
-376
-355
-341
-345
-330
-311
-319
-376
-461
-544
-525
-310
45
352
484
528
578
577
393
149
74
164
192
29
-174
-278
-236
-192
-215
-260
-244
-119
5
71
48
78
218
388
449
347
265
257
284
216
97
25
-6
-19
-56
-59
-65
-83
-123
-162
-188
-220
-198
-170
-150
-142
-79
28
84
79
64
131
215
245
197
122
74
37
-4
-84
-145
-147
-87
-24
9
56
109
164
190
216
256
277
269
239
229
240
263
267
272
283
280
261
228
188
117
49
-3
-25
-8
28
56
93
162
240
282
248
184
150
165
153
106
73
64
86
107
107
69
42
29
-1
-53
-129
-204
-263
-270
-248
-202
-154
-111
-59
-27
-33
-69
-90
-116
-171
-239
-296
-331
-380
-428
-454
-444
-432
-459
-502
-544
-562
-557
-530
-510
-511
-501
-462
-346
-106
272
610
717
632
511
429
256
20
-114
-32
97
50
-143
-340
-357
-259
-193
-273
-359
-251
-65
59
58
109
277
504
645
586
492
477
505
351
92
-68
-113
-148
-228
-216
-178
-181
-256
-322
-345
-355
-273
-201
-194
-198
-57
116
147
120
135
245
320
336
238
93
17
-5
-47
-184
-250
-196
-87
-28
-11
20
51
118
168
204
223
257
286
263
243
258
316
349
363
355
325
304
277
212
107
43
44
73
84
95
144
204
235
243
224
177
137
133
128
114
125
128
129
158
215
221
166
95
35
-8
-64
-125
-192
-230
-214
-152
-105
-92
-79
-72
-87
-136
-199
-260
-310
-353
-384
-395
-418
-461
-534
-613
-670
-696
-729
-787
-828
-800
-610
-210
247
515
535
553
665
669
418
154
205
377
345
73
-143
-197
-167
-140
-273
-453
-519
-349
-232
-330
-422
-290
41
249
308
278
343
524
666
641
453
380
397
379
204
5
-108
-195
-287
-429
-515
-535
-471
-418
-416
-383
-282
-134
-83
-107
-105
43
261
345
273
189
235
290
226
75
-7
9
40
24
-60
-126
-125
-67
-39
-55
-43
23
98
116
143
217
301
316
279
293
354
400
355
251
146
96
103
115
111
98
136
203
238
208
175
174
175
154
107
73
61
88
144
218
279
305
315
304
282
236
205
160
73
-28
-89
-85
-96
-134
-165
-171
-182
-203
-204
-198
-213
-252
-269
-265
-282
-328
-378
-428
-488
-564
-645
-701
-744
-770
-775
-792
-723
-419
41
304
256
221
373
471
285
113
238
487
519
304
100
-36
-28
22
-51
-286
-424
-287
-200
-318
-499
-418
-139
103
159
27
-23
119
364
395
253
215
344
467
421
321
242
234
217
92
-149
-355
-362
-304
-358
-518
-563
-442
-304
-276
-314
-251
-73
79
70
-15
-4
115
214
206
158
177
309
440
450
334
233
226
214
99
-62
-105
-41
1
-37
-60
23
162
278
300
251
193
193
215
168
92
83
174
252
270
260
278
320
343
307
193
69
20
18
-27
-81
-81
-16
51
97
142
193
246
266
232
130
28
-35
-73
-106
-127
-117
-94
-63
-48
-67
-106
-130
-138
-178
-247
-292
-289
-292
-341
-392
-419
-446
-481
-517
-572
-659
-699
-572
-345
-239
-281
-295
-176
-77
-88
-81
40
202
280
299
272
185
126
153
183
124
80
108
79
-46
-146
-133
-78
-31
12
-6
-66
-45
88
169
130
78
86
122
135
122
69
1
-18
22
52
29
6
35
91
102
70
29
9
-12
-56
-72
-39
9
14
1
8
16
13
16
39
41
16
20
62
80
69
90
145
190
214
233
223
173
134
137
145
131
137
186
223
218
206
213
227
221
182
124
74
49
26
-7
-38
-39
7
58
89
97
87
67
32
8
8
19
22
44
105
180
248
305
338
326
288
228
154
71
-8
-81
-152
-210
-246
-260
-251
-222
-201
-199
-198
-190
-184
-201
-222
-250
-305
-378
-427
-452
-489
-529
-520
-424
-318
-315
-424
-532
-593
-651
-700
-685
-610
-534
-431
-262
-114
-50
13
132
250
308
329
285
149
32
21
62
80
121
188
186
155
223
368
427
372
311
302
320
321
311
285
259
256
279
301
291
266
243
203
121
22
-33
-54
-96
-150
-158
-116
-89
-90
-93
-104
-130
-131
-97
-97
-151
-191
-167
-123
-106
-83
-36
17
69
122
136
102
78
88
85
50
46
108
182
239
306
393
483
548
584
576
546
535
525
480
406
360
351
353
338
295
248
209
172
99
-1
-86
-127
-127
-123
-121
-113
-60
15
56
44
1
-39
-89
-173
-272
-365
-435
-484
-537
-598
-637
-632
-631
-678
-736
-750
-720
-686
-644
-588
-473
-316
-211
-214
-291
-302
-282
-289
-300
-263
-180
-140
-108
-77
-70
-64
-32
59
135
176
173
98
53
96
227
331
368
367
323
321
373
436
400
300
245
228
225
198
164
114
63
52
57
50
21
-16
-48
-82
-103
-119
-126
-131
-138
-133
-95
-27
8
0
-20
-28
-45
-82
-105
-110
-101
-78
-26
31
75
122
162
194
192
182
166
150
133
121
143
214
333
428
476
496
521
537
518
492
444
400
406
452
479
461
482
533
536
529
521
480
347
207
129
61
20
2
-12
-78
-137
-141
-142
-179
-256
-345
-430
-469
-482
-504
-519
-494
-443
-410
-393
-380
-380
-388
-407
-472
-565
-630
-663
-707
-740
-707
-579
-444
-407
-472
-567
-572
-535
-527
-529
-473
-344
-226
-109
3
63
109
185
287
344
361
364
278
167
132
207
296
324
334
275
212
211
277
295
216
159
147
154
129
104
87
45
8
-11
9
23
9
-23
-70
-118
-176
-208
-213
-244
-296
-311
-252
-202
-202
-215
-208
-204
-203
-163
-119
-104
-108
-79
-29
12
57
114
181
239
289
336
370
419
475
535
590
600
597
596
625
656
662
686
705
717
723
728
727
679
627
604
572
526
453
408
360
301
266
234
193
119
71
33
-30
-134
-236
-286
-311
-325
-351
-371
-396
-440
-475
-493
-508
-555
-632
-702
-758
-799
-829
-842
-842
-843
-833
-786
-703
-565
-420
-347
-387
-476
-481
-454
-430
-381
-272
-125
-43
14
58
109
177
230
296
319
301
233
138
119
155
247
319
363
347
281
282
347
416
375
278
207
178
180
165
129
35
-69
-125
-134
-125
-134
-149
-184
-250
-328
-395
-434
-492
-566
-612
-595
-538
-492
-441
-381
-309
-260
-238
-234
-244
-236
-214
-175
-155
-129
-68
17
135
254
381
469
508
514
512
537
551
568
579
617
703
801
927
1035
1097
1109
1083
1061
1004
941
872
791
704
592
526
490
487
493
473
422
320
209
109
38
-39
-136
-227
-293
-318
-329
-341
-371
-429
-496
-556
-621
-689
-758
-813
-870
-936
-973
-976
-947
-902
-817
-636
-481
-439
-518
-604
-595
-581
-542
-463
-355
-230
-138
-15
59
76
124
180
258
263
262
252
194
188
220
336
442
514
542
485
448
428
433
367
246
164
114
99
56
24
4
-41
-103
-187
-229
-250
-279
-325
-404
-470
-516
-521
-515
-537
-556
-543
-500
-477
-475
-491
-506
-522
-519
-489
-452
-412
-386
-341
-292
-238
-179
-118
-24
56
137
225
298
354
364
408
483
564
650
722
803
868
914
943
956
971
981
978
966
934
884
803
732
680
639
610
573
534
473
422
366
303
249
194
141
72
20
-5
-41
-82
-139
-205
-294
-379
-418
-445
-483
-558
-647
-723
-784
-790
-764
-667
-552
-506
-531
-614
-638
-626
-618
-571
-487
-363
-272
-215
-171
-151
-86
14
128
221
252
278
246
214
223
271
358
400
437
402
317
271
273
302
236
132
65
38
25
-9
-21
-52
-103
-151
-175
-161
-172
-200
-248
-315
-385
-452
-474
-496
-544
-590
-594
-556
-544
-553
-561
-556
-558
-547
-504
-445
-396
-359
-306
-253
-211
-152
-58
64
148
186
202
210
234
274
353
446
516
564
610
667
694
703
720
739
755
762
762
736
679
615
554
501
466
444
408
350
300
255
209
169
131
105
74
47
10
-53
-117
-156
-173
-198
-231
-268
-308
-339
-359
-401
-480
-551
-569
-481
-350
-272
-283
-359
-358
-310
-261
-192
-102
31
85
96
106
124
202
269
371
456
485
490
428
397
381
391
418
408
392
297
209
197
242
281
212
128
60
17
-1
-27
-68
-159
-242
-305
-360
-369
-343
-295
-309
-396
-497
-568
-593
-623
-673
-730
-768
-758
-725
-690
-659
-634
-603
-554
-495
-443
-409
-388
-342
-277
-205
-136
-59
26
97
166
222
274
315
349
398
453
506
544
559
565
579
633
696
730
713
650
590
554
537
511
448
363
282
220
175
151
134
103
57
-7
-74
-134
-175
-208
-260
-329
-398
-447
-474
-485
-509
-554
-607
-648
-656
-623
-495
-351
-301
-352
-414
-384
-343
-310
-214
-71
94
175
220
280
324
419
513
631
706
701
700
661
668
688
711
767
769
761
681
596
580
591
604
531
437
352
279
252
210
149
50
-45
-107
-176
-223
-253
-269
-316
-424
-555
-680
-734
-742
-762
-803
-842
-837
-805
-763
-727
-713
-721
-718
-682
-634
-589
-519
-428
-361
-315
-266
-186
-98
-32
29
64
105
180
269
350
371
387
418
460
513
536
549
542
523
501
471
473
467
443
394
328
266
195
152
112
58
3
-43
-67
-119
-183
-239
-283
-335
-409
-470
-523
-554
-580
-621
-673
-722
-707
-611
-460
-355
-344
-394
-445
-452
-433
-341
-181
-16
108
155
204
253
328
448
567
675
688
667
646
640
704
774
851
892
907
911
839
771
753
768
738
620
527
452
390
340
297
271
217
167
122
61
12
-37
-78
-161
-291
-409
-494
-504
-508
-541
-579
-598
-584
-580
-572
-560
-578
-618
-637
-598
-538
-480
-390
-274
-197
-166
-114
-16
74
122
142
146
150
172
224
278
299
326
359
396
420
428
438
406
343
261
195
173
157
137
89
34
-2
-37
-66
-112
-169
-237
-316
-386
-479
-575
-662
-730
-777
-822
-835
-830
-838
-867
-910
-880
-762
-639
-599
-640
-654
-621
-592
-547
-429
-216
0
121
171
172
200
289
417
566
660
701
693
658
688
762
883
1003
1056
1039
914
804
800
875
927
844
729
629
557
528
514
503
423
310
210
105
46
34
48
-5
-159
-316
-421
-431
-410
-431
-489
-566
-587
-564
-540
-511
-498
-472
-455
-438
-382
-304
-177
-39
59
79
70
128
234
331
390
443
486
507
537
571
598
601
595
558
473
393
368
379
357
266
149
70
40
28
-11
-104
-208
-294
-360
-424
-488
-516
-540
-617
-748
-881
-978
-1068
-1145
-1231
-1332
-1412
-1375
-1140
-848
-677
-677
-716
-690
-647
-632
-536
-252
132
371
353
221
145
236
421
575
625
568
523
513
504
514
552
655
743
689
492
231
149
261
365
305
141
135
268
376
360
259
201
147
79
-16
-102
-79
30
126
79
-83
-169
-127
-47
-66
-184
-257
-246
-178
-149
-166
-147
-63
83
195
263
305
335
367
343
280
254
367
593
770
811
735
669
665
668
645
596
575
579
566
505
406
347
322
274
141
-61
-219
-286
-284
-302
-355
-399
-416
-434
-502
-590
-657
-726
-804
-911
-978
-996
-965
-962
-1037
-954
-590
-52
164
-79
-436
-564
-483
-442
-191
417
1136
1405
961
265
-163
-56
320
574
556
407
428
529
446
171
-150
-278
-271
-379
-620
-783
-476
36
157
-251
-732
-738
-472
-321
-389
-463
-289
-40
74
-22
-188
-181
-45
-33
-244
-432
-295
18
118
-82
-327
-302
-119
-35
-109
-202
-121
52
213
304
399
544
647
595
393
276
396
741
1033
1080
959
786
640
505
461
544
699
773
642
394
160
8
-60
-130
-232
-295
-338
-397
-497
-587
-629
-668
-720
-804
-829
-753
-598
-473
-536
-743
-921
-946
-899
-839
-835
-642
-103
553
830
428
-79
-230
39
192
343
1049
2002
2471
1729
447
-355
-137
710
1386
1608
1438
1199
874
325
-281
-491
-176
394
634
347
-106
-317
-233
-369
-798
-1038
-669
31
307
66
-307
-488
-579
-780
-898
-705
-257
122
87
-351
-811
-1004
-946
-915
-930
-756
-422
-194
-387
-782
-978
-881
-574
-285
5
321
565
577
330
64
71
380
780
1092
1247
1269
1096
809
542
447
594
804
937
865
645
370
88
-151
-299
-326
-319
-365
-453
-519
-573
-689
-870
-1011
-1011
-933
-890
-903
-966
-1025
-1190
-1402
-1653
-1568
-811
152
591
-45
-878
-1057
-553
-175
-36
723
1786
2153
996
-590
-1059
-99
1189
1789
1763
1409
1022
475
-47
-218
193
885
1350
1338
835
253
-107
-173
-96
69
521
1116
1363
948
219
-206
-146
133
454
807
1044
908
359
-192
-476
-414
-194
-61
-39
-184
-353
-540
-789
-1011
-1104
-898
-527
-219
-119
-248
-401
-497
-501
-356
-91
297
594
632
495
296
183
204
367
633
821
799
523
154
-47
-48
94
215
194
51
-194
-456
-667
-755
-649
-504
-493
-688
-907
-964
-932
-948
-990
-952
-901
-985
-1313
-1276
-566
319
460
-401
-1023
-821
-94
103
106
826
1598
1438
-22
-1189
-947
239
1128
1239
934
413
-141
-602
-636
-309
254
616
658
388
-208
-667
-814
-516
-33
366
668
708
428
-90
-449
-303
223
768
1085
1057
742
214
-193
-159
146
530
703
632
347
-71
-294
-250
-52
68
60
84
79
16
-60
-103
23
200
370
501
522
540
522
539
606
669
697
586
512
563
656
659
491
329
314
324
237
24
-181
-280
-390
-500
-545
-482
-439
-636
-960
-1196
-1203
-1054
-968
-949
-938
-1016
-1141
-1445
-1458
-688
357
813
-11
-932
-944
-213
310
374
1075
1913
1760
236
-1203
-1027
276
1293
1464
1206
679
-87
-809
-813
-243
351
565
463
335
-187
-918
-1288
-950
-211
247
401
362
77
-463
-940
-841
-184
475
758
571
131
-295
-544
-390
-31
320
462
259
-123
-548
-669
-427
-89
81
-31
-154
-195
-239
-251
-148
146
405
442
380
328
347
414
539
783
952
921
724
519
478
515
590
644
658
665
542
290
7
-158
-135
-86
-118
-212
-311
-437
-693
-1006
-1111
-953
-704
-647
-834
-1069
-1289
-1429
-1504
-1110
-169
650
583
-372
-1009
-741
-52
339
776
1684
2158
1366
-255
-965
-178
1046
1687
1724
1429
655
-340
-865
-448
376
907
958
728
279
-480
-1104
-1062
-372
321
501
310
30
-308
-672
-800
-403
307
718
591
113
-312
-506
-463
-196
94
303
273
-53
-536
-913
-825
-392
-6
101
-35
-210
-462
-722
-716
-334
247
560
470
156
-114
-152
24
386
782
990
919
658
393
283
286
424
614
702
571
226
-106
-284
-264
-111
24
33
-132
-431
-756
-1060
-1176
-1024
-780
-661
-830
-1033
-1220
-1415
-1590
-1419
-611
198
345
-382
-1030
-915
-315
146
500
1293
1925
1511
95
-867
-408
797
1609
1744
1506
841
-74
-650
-326
466
974
995
740
407
-181
-732
-754
-156
494
666
468
182
-118
-411
-493
-166
414
853
836
400
-31
-351
-318
108
511
663
559
234
-283
-590
-507
-138
261
384
192
9
-133
-433
-558
-298
264
694
730
415
41
-133
-128
138
586
960
896
472
67
-86
42
332
593
730
622
209
-295
-623
-620
-379
-98
-22
-227
-580
-949
-1183
-1305
-1238
-984
-775
-819
-1154
-1535
-1741
-1685
-1276
-493
159
86
-618
-1105
-868
-275
165
660
1380
1682
978
-230
-652
110
1162
1652
1586
1221
591
-153
-474
-102
527
893
826
500
5
-621
-981
-792
-188
327
429
209
-199
-656
-880
-692
-184
324
525
349
-90
-510
-663
-451
9
389
494
270
-133
-499
-634
-406
48
421
434
156
-121
-253
-207
-28
317
714
863
679
359
214
296
581
905
1134
1187
1017
739
499
446
560
756
925
944
797
456
30
-277
-248
19
236
200
-102
-499
-873
-1108
-1200
-1128
-951
-860
-1010
-1362
-1687
-1822
-1631
-1107
-500
-254
-559
-992
-1039
-675
-254
168
761
1213
998
201
-395
-155
604
1255
1508
1363
844
171
-154
91
539
776
786
726
501
3
-468
-509
-148
195
273
179
27
-290
-658
-733
-364
170
424
296
-29
-344
-544
-529
-261
85
282
142
-248
-635
-797
-706
-444
-162
43
88
-132
-458
-697
-643
-333
74
370
387
215
-53
-173
-85
166
534
821
891
688
394
246
314
506
681
785
801
660
379
58
-104
-3
227
351
236
-2
-250
-481
-684
-765
-673
-534
-555
-766
-1023
-1203
-1244
-1055
-634
-281
-222
-461
-628
-560
-358
-46
438
1006
1176
782
162
-88
209
765
1246
1441
1199
584
43
9
405
741
827
793
635
202
-363
-594
-309
119
301
244
110
-96
-459
-700
-528
-48
369
428
240
-28
-249
-348
-267
37
347
422
213
-106
-304
-360
-292
-117
81
190
95
-110
-268
-325
-287
-139
121
337
339
123
-120
-177
-23
215
412
505
434
215
-46
-166
-31
235
399
346
154
-22
-155
-308
-419
-371
-211
-140
-289
-538
-720
-847
-979
-1065
-1012
-899
-926
-1128
-1345
-1395
-1259
-999
-712
-556
-545
-610
-574
-457
-243
137
613
974
920
640
447
506
717
1002
1347
1550
1355
834
436
467
753
935
1007
1041
900
485
21
-123
52
264
365
339
173
-149
-467
-522
-266
81
277
264
96
-158
-336
-331
-161
73
225
232
67
-155
-283
-273
-181
-100
22
166
217
93
-114
-216
-122
107
323
465
454
289
69
-14
181
501
733
757
622
428
229
141
219
412
553
514
354
180
44
-67
-133
-119
-90
-113
-225
-377
-587
-834
-1023
-1076
-1006
-985
-1087
-1278
-1496
-1642
-1635
-1448
-1165
-1001
-1004
-1118
-1147
-1038
-816
-470
-127
197
331
235
55
-47
110
454
836
1067
1027
806
538
379
391
549
801
965
896
626
337
162
101
131
275
452
439
198
-99
-209
-134
6
159
263
304
221
85
28
63
153
202
210
182
123
62
16
12
32
52
96
204
276
194
19
-76
34
217
347
397
388
326
170
74
156
370
564
596
524
411
290
201
181
282
413
475
422
291
150
16
-64
-63
36
145
141
-47
-360
-620
-748
-734
-660
-595
-615
-813
-1086
-1316
-1365
-1236
-1051
-817
-721
-765
-901
-971
-878
-758
-522
-164
236
413
211
-63
-145
25
297
542
776
858
724
466
287
330
481
621
678
645
522
293
60
-49
-24
55
108
88
38
-50
-162
-243
-272
-198
-93
-15
22
6
-14
-100
-203
-223
-127
32
99
74
6
-38
-45
-12
88
175
196
181
190
236
242
233
258
314
320
267
277
366
420
351
248
250
323
342
281
256
319
357
301
209
163
165
148
103
94
159
198
109
-89
-264
-324
-290
-248
-263
-333
-434
-541
-649
-743
-768
-710
-613
-628
-749
-815
-757
-632
-592
-583
-504
-394
-320
-335
-306
-205
-81
77
181
263
285
269
317
403
498
563
616
661
640
579
529
522
515
459
415
406
370
302
229
193
176
128
82
69
56
17
-9
-2
-10
-72
-135
-133
-87
-70
-93
-110
-116
-131
-134
-88
-13
-14
-85
-128
-73
11
29
12
14
30
9
-21
27
112
136
51
-44
-46
4
33
37
74
133
139
65
-10
-10
44
85
114
157
196
167
56
-72
-117
-70
13
55
7
-108
-217
-307
-402
-447
-386
-271
-243
-364
-516
-570
-544
-507
-458
-374
-333
-375
-435
-434
-392
-373
-355
-278
-169
-129
-157
-153
-108
-64
-62
-16
80
139
142
126
142
174
178
178
213
266
307
315
339
377
392
375
348
343
366
391
405
409
390
349
296
262
261
280
303
312
292
256
235
255
288
269
237
246
310
347
287
216
194
194
151
90
97
148
153
62
-68
-134
-142
-131
-102
-67
-33
-79
-194
-289
-313
-264
-209
-161
-113
-83
-110
-208
-288
-279
-204
-141
-129
-119
-102
-145
-255
-339
-306
-201
-155
-178
-208
-227
-273
-335
-318
-216
-144
-185
-267
-289
-267
-263
-274
-262
-234
-229
-231
-212
-190
-187
-187
-175
-146
-115
-73
-28
-11
-26
-53
-66
-64
-47
8
80
138
147
118
109
117
130
150
181
207
189
143
126
140
140
111
95
128
183
199
173
157
187
229
234
231
274
361
409
388
351
360
400
406
360
315
308
310
288
242
187
143
108
102
127
133
97
22
-46
-79
-82
-72
-57
-29
-15
-50
-123
-173
-141
-70
-39
-59
-68
-47
-57
-130
-186
-158
-96
-82
-104
-111
-110
-155
-228
-242
-171
-99
-101
-163
-217
-245
-263
-257
-226
-195
-191
-213
-226
-214
-193
-187
-191
-171
-136
-107
-94
-92
-90
-103
-113
-83
-21
51
91
99
94
72
63
90
146
205
226
207
155
94
50
40
54
57
47
41
34
16
-19
-37
4
62
75
45
39
101
166
180
178
203
231
214
181
189
222
230
207
205
219
191
111
44
53
99
106
71
24
-16
-54
-85
-67
-17
12
-19
-89
-121
-107
-77
-75
-96
-100
-96
-99
-117
-132
-136
-154
-175
-156
-101
-62
-94
-165
-207
-200
-161
-121
-99
-115
-186
-265
-296
-254
-185
-152
-179
-231
-240
-197
-157
-156
-157
-113
-49
-22
-22
-4
25
24
-6
8
88
167
192
178
185
217
232
233
249
288
314
294
257
231
215
187
150
143
160
149
97
39
30
47
52
37
22
20
18
20
37
72
107
109
78
44
43
72
89
82
73
72
64
34
4
2
27
48
36
-5
-53
-91
-110
-101
-57
-17
-31
-100
-152
-141
-105
-101
-117
-109
-88
-89
-102
-104
-116
-149
-162
-126
-69
-42
-51
-74
-113
-151
-145
-81
-24
-39
-111
-174
-207
-215
-201
-180
-178
-204
-224
-212
-183
-176
-193
-191
-158
-121
-109
-109
-99
-81
-59
-33
11
55
84
94
112
155
197
225
238
246
251
250
258
273
283
272
258
266
277
257
208
170
168
181
175
162
153
132
103
103
157
217
228
192
163
158
155
144
146
166
167
147
123
104
89
64
44
41
50
50
25
-23
-73
-91
-77
-74
-105
-151
-164
-144
-134
-145
-163
-178
-199
-219
-209
-173
-166
-210
-255
-250
-217
-191
-178
-163
-164
-197
-214
-179
-132
-139
-192
-214
-191
-166
-168
-172
-162
-161
-178
-185
-159
-124
-116
-118
-104
-73
-60
-73
-89
-79
-36
16
57
73
59
29
18
60
138
195
205
189
179
167
155
156
175
202
220
229
224
195
146
112
119
144
158
163
172
162
118
78
85
132
164
162
155
161
163
146
137
152
170
167
156
164
177
171
143
120
112
101
82
62
48
40
30
15
-12
-57
-90
-79
-48
-42
-76
-117
-141
-150
-146
-129
-112
-117
-143
-172
-190
-189
-167
-148
-160
-192
-195
-157
-134
-168
-224
-235
-202
-170
-164
-171
-176
-192
-213
-221
-203
-168
-145
-142
-139
-120
-99
-102
-122
-125
-90
-36
3
22
20
0
-14
12
74
128
142
130
122
121
121
124
122
121
117
119
125
124
109
83
63
57
63
71
73
66
51
37
36
44
53
56
63
68
65
65
78
100
109
97
93
101
103
86
77
90
95
72
46
48
63
60
38
26
18
-6
-43
-62
-45
-23
-30
-55
-69
-68
-71
-83
-88
-80
-73
-77
-86
-83
-76
-81
-97
-110
-102
-76
-51
-45
-62
-87
-102
-103
-99
-102
-106
-95
-74
-71
-89
-105
-94
-71
-52
-30
-3
5
-23
-57
-46
10
74
108
106
85
67
73
110
161
194
201
184
167
160
164
177
186
189
184
180
179
172
149
117
94
95
107
101
81
56
42
34
28
29
38
39
22
-1
-10
-4
1
2
-2
-2
0
5
11
14
12
5
-7
-27
-47
-54
-49
-45
-52
-74
-101
-124
-137
-138
-143
-153
-159
-158
-165
-185
-206
-200
-182
-178
-197
-207
-191
-163
-149
-156
-161
-149
-130
-124
-122
-104
-78
-72
-86
-101
-101
-88
-76
-64
-53
-45
-50
-58
-61
-48
-15
20
35
17
-12
-22
-2
33
66
87
88
74
61
70
98
124
136
137
139
145
149
143
144
154
166
174
181
189
187
167
144
142
159
170
169
158
147
134
122
123
132
140
140
135
132
130
131
130
130
129
122
123
135
153
151
126
108
121
140
130
91
66
69
72
43
5
-11
-11
-32
-73
-98
-93
-89
-122
-165
-187
-188
-197
-219
-236
-241
-247
-261
-274
-270
-259
-258
-265
-269
-264
-256
-253
-251
-250
-246
-239
-225
-210
-207
-213
-212
-198
-178
-159
-133
-99
-80
-86
-97
-86
-56
-22
8
29
39
37
34
47
75
100
116
124
134
143
148
154
158
158
162
175
194
200
187
163
146
141
143
142
134
124
114
98
80
70
74
73
55
33
27
36
38
28
23
36
54
56
49
53
71
84
81
77
97
121
116
83
64
84
111
113
98
86
82
71
56
47
50
52
44
21
-2
-15
-19
-21
-25
-31
-39
-57
-81
-90
-77
-65
-70
-84
-91
-95
-106
-113
-114
-116
-125
-134
-130
-126
-139
-162
-172
-166
-160
-155
-149
-142
-147
-161
-166
-149
-117
-94
-92
-101
-110
-112
-101
-75
-40
-14
-8
-13
-13
-1
14
33
61
93
112
110
100
98
109
130
154
166
155
134
121
126
131
129
123
117
116
115
111
104
89
67
54
60
79
92
80
51
21
9
20
38
49
47
30
10
-9
-18
-13
-4
-2
-12
-27
-42
-50
-56
-58
-54
-50
-48
-59
-82
-99
-102
-93
-79
-70
-70
-80
-89
-89
-77
-61
-46
-39
-40
-44
-42
-38
-39
-40
-32
-15
-1
-3
-17
-29
-28
-17
0
13
13
1
-18
-28
-26
-10
9
15
8
-2
-10
-18
-24
-15
1
12
14
8
1
-5
-4
13
37
54
54
45
35
36
51
71
83
75
57
51
59
69
77
75
63
52
51
68
85
80
55
41
57
87
105
103
91
75
61
62
82
111
124
108
80
61
62
69
73
78
80
67
42
12
-5
-5
-3
-7
-21
-40
-59
-82
-99
-103
-100
-103
-120
-137
-147
-151
-154
-159
-163
-163
-160
-158
-161
-172
-187
-190
-176
-156
-144
-148
-158
-168
-170
-150
-115
-86
-83
-100
-110
-100
-79
-60
-42
-32
-30
-34
-33
-24
-11
-2
10
30
46
54
50
49
56
72
92
113
129
136
134
129
131
147
165
170
165
164
166
161
153
153
157
156
148
143
145
140
124
109
109
118
123
117
108
100
92
90
97
108
107
96
83
78
81
82
82
82
80
73
61
43
29
26
29
32
24
5
-17
-34
-48
-55
-55
-57
-71
-92
-103
-100
-95
-105
-126
-141
-140
-132
-127
-131
-142
-154
-157
-156
-150
-149
-153
-164
-173
-173
-161
-145
-142
-161
-181
-183
-170
-154
-148
-148
-154
-160
-164
-158
-149
-138
-131
-123
-113
-106
-103
-100
-90
-71
-48
-30
-21
-17
-12
-1
19
36
50
58
65
66
65
67
79
95
103
105
105
105
101
100
106
116
126
126
122
116
120
126
129
131
134
142
148
146
142
141
148
154
154
150
151
157
156
146
137
135
139
137
125
109
92
81
72
66
65
57
38
19
7
5
4
-2
-11
-19
-26
-31
-35
-40
-54
-61
-59
-53
-53
-64
-74
-76
-77
-79
-80
-75
-71
-78
-89
-95
-93
-89
-90
-92
-94
-95
-102
-115
-124
-124
-115
-106
-106
-111
-116
-117
-113
-104
-91
-78
-67
-62
-60
-57
-45
-32
-22
-18
-11
5
14
11
6
13
27
40
45
45
45
45
44
49
59
69
71
63
57
59
69
74
71
68
65
66
68
76
85
90
88
82
83
91
97
98
95
92
90
88
80
72
60
52
48
45
38
26
11
-2
-9
-9
-12
-20
-26
-29
-35
-45
-54
-54
-54
-54
-50
-48
-52
-62
-70
-66
-55
-45
-43
-43
-42
-38
-36
-36
-33
-27
-22
-27
-32
-34
-30
-31
-37
-44
-49
-43
-32
-28
-37
-47
-49
-42
-35
-30
-22
-19
-17
-17
-13
-5
0
-3
-4
4
14
17
9
3
8
9
7
7
14
19
14
9
9
13
13
9
7
9
13
13
16
16
13
7
7
15
30
42
44
37
29
33
42
48
54
60
63
58
51
46
46
46
42
39
43
43
32
18
12
11
9
1
-2
-4
-7
-18
-30
-38
-40
-41
-43
-47
-49
-53
-60
-69
-74
-72
-66
-62
-65
-68
-66
-66
-70
-74
-70
-58
-52
-52
-54
-55
-54
-60
-62
-51
-32
-22
-26
-36
-40
-35
-24
-14
-4
6
8
4
2
10
22
28
31
38
45
51
52
50
49
51
56
67
75
74
62
51
50
56
64
70
70
59
45
40
46
54
52
42
37
37
41
44
43
39
32
27
29
36
40
38
31
24
23
22
21
20
17
10
3
1
4
5
2
-4
-10
-16
-17
-12
-9
-11
-21
-29
-32
-32
-34
-36
-34
-33
-34
-41
-50
-52
-52
-50
-46
-45
-48
-51
-54
-52
-49
-47
-48
-46
-42
-42
-46
-55
-63
-59
-47
-42
-42
-47
-54
-57
-56
-46
-33
-25
-24
-27
-27
-25
-23
-19
-11
-1
6
10
11
15
14
14
24
40
56
61
57
52
57
64
74
83
89
92
90
86
91
101
106
103
99
94
97
99
98
97
97
92
86
85
87
87
78
66
63
64
59
46
36
32
24
13
6
5
2
-10
-21
-28
-25
-26
-33
-38
-44
-51
-55
-58
-61
-63
-64
-62
-62
-68
-75
-75
-72
-69
-70
-70
-65
-60
-63
-62
-58
-49
-43
-41
-36
-30
-35
-44
-46
-39
-31
-24
-25
-28
-34
-45
-49
-40
-37
-21
2
-13
-17
-20
-33
-34
-46
-65
-58
-18
-8
-25
-34
-59
-72
-63
-65
-60
-34
-28
-25
-14
-27
-32
-26
-21
-14
1
9
15
22
20
18
23
37
46
54
64
63
59
57
62
67
70
77
77
79
85
72
54
48
52
49
52
64
49
38
38
19
25
38
18
14
18
0
-9
-5
17
11
-10
-10
-26
-34
-31
-35
-33
-9
-1
-21
-39
-42
-55
-50
-17
-20
-19
-4
-21
-21
-15
-22
-7
12
14
11
14
12
6
6
15
24
32
35
26
16
13
14
14
16
24
19
12
8
7
7
11
7
-4
-3
3
7
14
15
6
-6
-1
6
1
13
23
4
6
11
0
-4
3
-1
-4
29
23
4
19
8
0
20
27
16
16
14
7
23
23
17
45
23
-11
-9
-12
-23
-12
-14
-20
4
-12
-53
-54
-64
-70
-48
-29
-47
-58
-68
-83
-79
-86
-51
-31
-40
-55
-78
-94
-104
-91
-83
-47
-12
-42
-44
-61
-100
-77
-53
-36
-14
-13
-16
-5
-12
-27
-4
8
8
27
9
5
17
15
14
25
15
1
27
26
6
18
19
13
42
37
18
36
42
37
51
55
49
55
64
56
59
79
71
82
94
83
90
80
67
75
89
98
122
118
107
105
97
90
81
96
100
131
131
107
102
76
67
63
59
56
58
62
56
54
19
-3
-7
-10
12
3
-9
-21
-31
-26
-32
-46
-63
-65
-70
-78
-78
-81
-87
-92
-99
-108
-121
-127
-122
-110
-108
-107
-109
-115
-114
-117
-113
-102
-95
-92
-90
-80
-82
-85
-69
-74
-67
-52
-50
-41
-42
-44
-45
-39
-39
-44
-30
-31
-35
-35
-40
-34
-36
-31
-33
-37
-34
-39
-34
-24
-25
-23
-18
-13
-3
2
5
12
13
26
40
45
51
51
54
62
73
79
73
73
86
92
101
108
96
98
96
85
90
104
103
97
99
96
89
91
87
79
87
85
75
85
83
71
68
61
57
58
54
42
36
28
10
7
12
3
-7
-20
-35
-32
-31
-41
-43
-45
-43
-48
-65
-72
-74
-69
-61
-61
-67
-74
-76
-81
-76
-62
-57
-59
-67
-72
-65
-52
-48
-44
-37
-39
-47
-59
-60
-44
-36
-35
-32
-34
-38
-42
-40
-35
-21
-9
-5
-3
-7
-13
-6
6
12
20
20
15
17
8
3
13
21
28
30
34
27
22
16
10
18
25
33
41
39
32
25
23
21
26
28
28
30
23
19
15
10
9
7
8
16
19
16
12
0
-9
-12
-10
-3
0
2
-4
-12
-18
-21
-17
-16
-14
-11
-6
-3
-6
-10
-12
-11
-11
-13
-9
-5
-2
-3
-8
-8
-10
-13
-14
-16
-14
-12
-12
-18
-20
-18
-15
-11
-6
-7
-8
-11
-21
-22
-17
-12
-1
5
2
-9
-19
-24
-21
-10
4
11
13
5
-4
-10
-10
0
13
22
24
22
21
21
19
24
28
34
40
41
40
44
45
46
52
51
53
55
49
49
55
58
57
54
51
49
46
44
47
48
49
40
31
25
21
18
18
20
14
8
-2
-9
-13
-22
-20
-18
-19
-19
-24
-31
-38
-40
-39
-32
-31
-33
-36
-40
-38
-40
-40
-34
-33
-35
-40
-43
-45
-44
-44
-45
-39
-39
-43
-41
-45
-47
-49
-53
-50
-44
-37
-35
-36
-40
-44
-44
-44
-38
-36
-35
-29
-27
-26
-25
-23
-24
-22
-22
-17
-10
-2
6
8
12
16
19
23
31
36
42
50
56
61
68
69
66
70
75
78
84
87
84
80
76
73
73
74
73
73
71
66
59
51
48
45
43
43
44
44
36
31
25
21
22
23
20
20
17
10
10
8
1
-4
-9
-18
-21
-25
-30
-31
-34
-37
-43
-48
-51
-57
-60
-58
-57
-59
-60
-62
-65
-62
-62
-62
-61
-63
-66
-67
-68
-65
-61
-61
-60
-57
-61
-63
-65
-68
-66
-65
-63
-59
-59
-61
-61
-58
-59
-56
-52
-47
-43
-40
-35
-27
-20
-16
-17
-13
-8
-4
3
11
19
24
25
30
34
34
36
38
42
53
61
63
67
69
64
63
68
70
72
76
80
83
82
80
81
80
78
75
75
76
73
71
68
64
59
56
53
46
40
38
34
33
33
25
17
15
12
6
1
-4
-4
-6
-12
-12
-17
-25
-29
-32
-34
-36
-44
-50
-52
-55
-58
-57
-59
-64
-66
-70
-73
-74
-74
-72
-68
-66
-67
-67
-69
-71
-70
-69
-68
-65
-58
-55
-54
-52
-48
-51
-50
-43
-38
-35
-29
-22
-19
-17
-16
-12
-9
-3
5
11
18
20
19
24
27
27
35
41
41
46
50
48
49
52
55
59
62
66
68
64
63
63
62
61
62
62
63
60
56
55
52
47
47
46
45
43
43
40
36
33
31
29
28
28
26
26
27
23
19
17
14
14
14
11
11
10
5
3
1
1
-1
-4
-8
-9
-12
-17
-19
-22
-25
-26
-28
-31
-33
-35
-37
-40
-42
-45
-47
-49
-50
-52
-51
-54
-55
-54
-54
-54
-55
-54
-54
-52
-52
-50
-47
-46
-44
-43
-42
-39
-34
-32
-29
-25
-21
-17
-15
-12
-8
-3
0
5
10
15
17
19
24
26
29
32
38
42
45
46
47
49
48
49
51
51
53
54
52
51
52
51
49
48
50
50
49
45
44
41
40
37
35
34
32
28
25
23
21
17
15
12
9
7
3
0
-2
-3
-6
-10
-12
-16
-20
-22
-26
-28
-29
-31
-33
-35
-37
-37
-39
-40
-41
-41
-43
-44
-43
-44
-44
-44
-44
-44
-44
-44
-41
-39
-39
-37
-38
-36
-35
-33
-29
-27
-25
-22
-21
-22
-22
-17
-14
-10
-7
-5
-3
-1
0
3
6
10
13
16
18
20
21
23
26
26
27
30
32
33
33
33
32
33
31
30
32
35
35
32
28
25
24
24
23
24
24
23
20
15
11
12
12
11
12
12
9
5
2
0
0
-3
-2
-3
-4
-7
-12
-15
-17
-18
-19
-20
-21
-23
-26
-28
-33
-33
-33
-36
-38
-40
-42
-42
-45
-46
-47
-47
-48
-48
-48
-49
-49
-49
-50
-47
-46
-46
-46
-46
-44
-44
-40
-36
-31
-28
-26
-26
-24
-19
-15
-10
-7
-2
2
5
7
10
13
18
21
25
30
35
38
41
43
45
47
48
51
53
55
58
58
58
56
57
56
56
57
59
61
59
58
56
52
50
49
48
47
47
44
42
39
37
34
34
32
31
30
28
27
25
23
20
19
18
17
16
16
16
14
11
7
7
5
3
2
0
-3
-6
-10
-14
-13
-17
-20
-22
-24
-25
-29
-31
-33
-35
-37
-38
-38
-39
-40
-41
-41
-43
-46
-48
-49
-49
-48
-48
-48
-47
-49
-51
-49
-48
-47
-44
-41
-40
-39
-41
-39
-36
-32
-30
-27
-26
-23
-22
-19
-17
-14
-11
-9
-6
-4
-2
1
3
6
8
12
14
16
21
23
27
28
30
32
32
33
34
36
38
38
37
35
36
34
36
38
37
36
36
36
35
34
34
33
33
32
32
30
29
30
29
28
28
27
25
24
22
20
19
17
15
13
10
8
7
5
5
3
2
-1
-2
-4
-7
-8
-8
-10
-10
-13
-13
-16
-16
-17
-18
-17
-20
-21
-20
-21
-21
-21
-21
-22
-24
-23
-22
-21
-21
-20
-19
-20
-21
-22
-20
-18
-18
-19
-19
-18
-17
-16
-15
-15
-13
-11
-11
-11
-10
-9
-6
-6
-6
-6
-6
-5
-4
-4
-3
-2
-1
-2
-2
-3
-1
0
1
2
2
3
3
4
3
1
2
4
4
3
2
1
3
4
3
2
-1
0
1
0
-2
-1
-1
-3
-5
-6
-5
-4
-6
-9
-9
-9
-8
-9
-11
-14
-12
-10
-10
-11
-13
-12
-11
-11
-10
-10
-8
-10
-10
-8
-6
-4
-3
-5
-3
-1
1
2
2
4
6
6
7
9
12
12
13
13
17
20
20
20
21
21
21
23
24
24
24
25
25
27
27
29
29
28
28
28
27
27
26
24
23
22
21
21
21
19
17
17
15
16
15
13
12
11
10
9
7
4
3
4
3
3
0
0
-2
-1
-2
-5
-6
-8
-8
-8
-10
-9
-10
-13
-14
-15
-14
-15
-18
-20
-22
-23
-24
-25
-25
-26
-27
-29
-29
-30
-32
-34
-34
-35
-34
-33
-33
-34
-34
-35
-34
-33
-35
-35
-33
-32
-31
-29
-28
-28
-26
-26
-25
-22
-19
-18
-18
-17
-13
-11
-11
-10
-10
-6
-3
-2
0
1
2
5
7
11
15
16
18
19
21
25
26
27
29
32
35
37
39
41
41
42
42
45
48
49
49
49
48
48
47
47
47
45
45
44
42
41
40
37
36
34
32
29
28
24
19
16
13
10
7
6
3
2
-1
-3
-5
-7
-10
-12
-13
-14
-17
-19
-21
-23
-25
-26
-26
-26
-27
-26
-27
-28
-28
-29
-29
-30
-30
-29
-28
-28
-29
-29
-27
-27
-24
-24
-23
-22
-22
-21
-21
-17
-18
-17
-15
-14
-14
-14
-14
-13
-11
-9
-9
-9
-10
-10
-9
-9
-7
-7
-6
-5
-6
-5
-4
-3
-2
-1
-1
1
2
4
3
4
5
6
6
6
7
10
10
11
12
12
13
14
12
11
11
11
12
11
12
9
9
8
7
7
7
7
7
5
4
3
2
2
1
-1
-1
-1
-4
-4
-5
-7
-8
-10
-10
-11
-13
-14
-14
-15
-15
-13
-14
-14
-15
-14
-15
-16
-15
-14
-14
-15
-17
-16
-15
-15
-15
-14
-13
-13
-12
-10
-7
-6
-4
-3
-2
-1
-1
0
0
0
3
4
4
4
5
8
9
10
11
14
16
19
20
20
21
22
23
22
23
23
24
22
22
22
24
24
24
24
25
25
25
25
24
24
25
23
22
22
21
19
18
17
16
16
14
13
12
12
12
10
9
7
6
4
3
1
-1
-3
-4
-6
-7
-9
-11
-13
-13
-13
-15
-16
-17
-19
-20
-21
-21
-23
-25
-25
-26
-25
-26
-26
-26
-25
-26
-25
-25
-23
-22
-21
-21
-21
-20
-17
-17
-16
-15
-14
-13
-10
-10
-8
-7
-6
-5
-4
-2
-1
1
3
4
5
5
6
7
9
11
12
14
14
16
16
16
18
20
22
23
23
24
24
24
25
25
24
23
23
24
24
23
23
23
20
19
17
19
19
17
16
15
14
14
11
11
9
8
8
7
6
5
3
3
1
0
-2
-4
-4
-5
-5
-6
-8
-9
-11
-13
-14
-14
-15
-15
-17
-17
-18
-19
-20
-19
-19
-20
-21
-22
-22
-22
-22
-22
-23
-23
-23
-25
-23
-23
-22
-22
-22
-22
-22
-22
-21
-21
-20
-17
-17
-17
-17
-16
-15
-13
-10
-8
-7
-6
-5
-3
-1
1
3
5
7
8
9
12
13
15
16
18
19
20
21
23
24
28
29
30
30
30
31
32
32
34
35
35
35
35
33
33
34
33
33
31
31
29
27
25
25
23
21
20
18
17
15
13
10
8
7
5
3
0
-2
-4
-6
-9
-11
-12
-14
-18
-20
-23
-23
-25
-27
-28
-30
-31
-32
-34
-34
-35
-37
-38
-38
-38
-39
-39
-38
-39
-39
-39
-40
-41
-40
-39
-40
-39
-37
-35
-33
-32
-31
-29
-28
-28
-25
-22
-21
-18
-17
-15
-13
-9
-8
-6
-5
-2
-1
2
6
9
12
14
16
19
20
21
23
25
27
28
29
32
34
36
37
37
38
37
37
38
38
38
38
38
36
36
36
36
33
32
31
30
30
30
29
27
25
24
23
20
19
17
13
12
11
11
8
5
2
0
-1
-2
-5
-5
-6
-7
-9
-10
-11
-12
-14
-15
-15
-17
-17
-20
-21
-23
-23
-24
-25
-25
-26
-27
-27
-27
-28
-27
-26
-25
-26
-25
-25
-24
-25
-25
-24
-23
-21
-21
-20
-19
-18
-17
-15
-14
-13
-11
-9
-6
-4
-3
-1
0
2
3
4
5
6
7
9
10
11
12
13
14
