-3
-2
-2
-3
-1
-1
-3
-2
-2
-2
0
-2
-1
-1
-2
-1
-2
-2
-3
-4
-4
-3
-2
-4
-3
-4
-2
-1
-1
1
4
7
7
6
6
9
13
15
13
13
15
14
10
8
6
6
-4
-21
-31
-24
-16
-17
-20
-14
-5
-6
-10
-2
14
23
20
16
12
9
4
0
2
5
7
9
7
1
-1
-5
-9
-12
-13
-10
-4
1
1
3
9
10
5
-1
-6
-8
-8
-7
-8
-4
1
8
12
11
5
-3
-7
-10
-12
-13
-11
-5
0
7
16
26
34
35
29
25
20
14
8
5
6
14
24
30
32
32
30
27
26
19
17
21
25
27
30
33
28
26
24
17
4
-7
-11
-13
-12
-8
-3
3
9
8
0
-10
-21
-33
-46
-57
-59
-59
-57
-55
-55
-58
-60
-66
-87
-101
-101
-103
-118
-140
-156
-167
-180
-200
-209
-211
-207
-136
95
410
550
425
278
312
322
83
-174
-74
224
223
-107
-289
-134
21
-80
-263
-279
-161
-59
-9
41
105
181
297
409
394
235
101
83
62
-68
-191
-174
-108
-123
-155
-80
13
-36
-163
-193
-126
-109
-143
-117
-24
40
71
133
191
158
67
33
43
-3
-107
-178
-178
-166
-168
-146
-78
-13
18
46
80
93
73
64
79
101
128
155
160
138
120
118
97
37
-42
-103
-142
-173
-193
-143
11
167
200
158
214
320
313
169
56
78
118
41
-105
-128
-34
75
87
-1
-67
-42
27
-4
-63
-69
5
94
139
140
90
74
63
40
-33
-99
-121
-120
-117
-125
-93
-58
-42
-76
-111
-121
-141
-187
-255
-276
-264
-242
-259
-289
-293
-267
-233
-200
-178
-234
-303
-273
-75
212
435
485
432
412
358
176
-32
-68
52
146
49
-136
-205
-157
-105
-135
-213
-261
-178
-41
12
6
77
240
364
398
344
268
187
127
74
-14
-112
-176
-170
-143
-119
-117
-134
-161
-185
-172
-150
-120
-96
-61
21
175
298
253
120
60
66
8
-94
-121
-67
-43
-88
-129
-115
-69
-11
41
62
76
130
186
178
175
235
319
336
294
224
162
147
139
78
-24
-75
-89
-102
-95
-58
-7
57
122
173
243
314
346
317
258
177
139
138
100
71
71
79
72
58
-17
-77
-70
-54
-46
-34
3
42
114
158
150
100
39
-15
-88
-156
-204
-212
-224
-227
-192
-126
-86
-113
-168
-224
-261
-305
-354
-392
-402
-388
-419
-484
-535
-560
-612
-633
-510
-256
58
368
612
636
508
403
321
164
-7
26
165
169
-53
-232
-251
-243
-277
-345
-388
-411
-273
-92
12
87
245
472
572
573
470
352
225
143
87
-22
-85
-90
-53
-86
-119
-127
-160
-240
-328
-333
-302
-222
-140
-30
73
158
238
273
275
221
159
81
12
-54
-122
-152
-137
-94
-72
-28
21
50
45
43
64
75
94
143
236
319
391
434
434
390
313
243
157
52
-64
-158
-219
-232
-197
-135
-47
41
139
240
315
336
339
323
260
199
159
134
143
168
172
165
131
62
-11
-74
-137
-140
-88
-41
11
75
137
161
160
128
84
16
-71
-130
-137
-121
-127
-123
-108
-76
-76
-123
-198
-278
-355
-434
-465
-442
-395
-377
-368
-349
-358
-430
-556
-672
-767
-829
-868
-794
-476
83
614
800
712
605
535
286
-64
-176
35
249
184
-49
-200
-159
-96
-182
-420
-581
-508
-305
-188
-155
9
334
657
795
756
614
467
348
210
45
-84
-111
-85
-51
-15
48
60
-43
-183
-277
-302
-314
-305
-258
-140
16
143
220
254
262
229
192
158
120
53
-15
-32
-34
-41
-25
28
61
50
29
28
25
19
62
167
283
367
418
438
435
420
377
282
159
69
7
-51
-104
-70
62
171
196
201
229
217
174
115
84
90
127
166
182
203
241
328
347
259
148
94
38
-43
-91
-112
-65
10
76
77
40
-22
-83
-129
-173
-200
-218
-199
-154
-97
-52
-11
-7
-87
-201
-281
-340
-412
-490
-529
-521
-545
-637
-762
-843
-887
-916
-927
-842
-571
-113
394
670
667
589
576
439
140
-50
71
296
251
-43
-293
-322
-286
-331
-481
-632
-613
-421
-267
-230
-131
126
414
561
565
501
448
412
364
276
182
165
177
155
102
65
-4
-135
-297
-435
-496
-486
-418
-320
-190
-53
76
186
263
310
301
253
192
150
102
48
36
57
90
117
139
126
75
7
-65
-140
-196
-178
-81
49
185
338
473
542
560
550
521
433
299
168
74
24
15
49
94
135
162
165
155
137
112
67
36
29
64
131
204
299
385
432
400
334
245
152
71
9
-3
19
60
62
28
-36
-97
-159
-227
-275
-284
-241
-173
-85
-10
31
16
-42
-113
-189
-278
-398
-524
-612
-645
-665
-683
-711
-738
-808
-878
-891
-755
-389
38
312
342
372
445
452
304
184
319
480
476
181
-93
-275
-334
-391
-586
-728
-748
-509
-398
-388
-339
-101
183
266
304
240
266
286
360
369
333
394
447
479
381
306
162
-31
-262
-460
-564
-636
-585
-505
-357
-193
5
159
199
208
220
291
299
254
174
164
210
217
199
178
246
299
293
194
71
-19
-106
-175
-234
-185
-85
36
125
233
389
502
545
494
466
460
454
381
268
211
193
213
181
163
152
156
105
-29
-154
-236
-204
-180
-131
-63
73
197
247
295
293
320
302
272
188
123
114
105
88
38
22
-26
-59
-112
-168
-239
-323
-383
-441
-441
-403
-326
-283
-277
-289
-293
-306
-372
-462
-555
-591
-630
-691
-707
-529
-130
247
391
288
213
170
54
-128
-149
85
305
366
206
101
90
158
105
-161
-406
-521
-446
-497
-569
-568
-382
-143
-47
-30
-93
-11
85
160
130
122
239
344
403
362
361
323
243
76
-144
-293
-366
-382
-458
-502
-474
-339
-183
-97
-53
-12
97
190
233
218
216
237
230
236
263
345
423
461
434
367
305
242
199
152
139
151
170
153
113
126
198
295
313
276
233
218
201
169
167
185
234
280
327
346
341
316
236
127
3
-64
-100
-128
-155
-162
-118
-77
-54
-62
-72
-79
-82
-73
-68
-51
-8
66
112
128
136
141
121
67
15
-46
-122
-218
-301
-360
-400
-420
-439
-466
-496
-490
-429
-344
-280
-283
-336
-367
-320
-191
-79
-54
-98
-148
-167
-182
-176
-154
-135
-107
-80
-73
-109
-131
-67
26
96
140
181
201
163
130
83
28
-13
-41
-111
-257
-319
-268
-190
-180
-175
-117
-57
-2
50
98
98
88
85
70
44
46
75
67
7
-68
-106
-118
-108
-84
-60
-26
27
104
183
214
190
147
117
112
116
135
178
231
263
265
264
278
297
292
257
215
194
211
251
300
345
402
455
444
367
267
200
161
121
105
115
160
218
292
362
395
393
350
272
162
64
3
-37
-79
-121
-142
-131
-94
-61
-64
-99
-137
-153
-150
-144
-123
-77
-14
44
67
59
53
45
2
-85
-158
-197
-228
-291
-368
-431
-491
-551
-596
-609
-605
-598
-583
-550
-501
-438
-327
-211
-164
-201
-269
-306
-340
-359
-322
-247
-170
-126
-95
-82
-106
-109
-71
-19
-6
-17
-16
-40
-31
30
147
254
313
347
330
309
309
340
319
237
168
136
123
99
97
84
41
-18
-64
-64
-54
-37
-27
-35
-44
-30
10
32
20
-8
-15
-4
-12
-48
-98
-130
-147
-162
-173
-160
-102
-27
27
46
49
64
89
121
145
157
182
216
256
294
365
471
552
576
557
537
524
501
467
424
392
393
417
442
465
503
541
528
473
409
339
263
204
174
144
113
109
115
100
73
38
-37
-142
-241
-316
-378
-410
-403
-389
-379
-346
-297
-284
-312
-340
-352
-362
-388
-416
-452
-495
-537
-576
-608
-633
-640
-644
-652
-653
-604
-495
-412
-399
-437
-427
-385
-355
-300
-212
-94
-27
15
45
36
47
92
156
184
177
185
149
90
71
112
167
168
162
129
102
132
221
291
277
252
242
231
208
179
129
39
-38
-83
-103
-108
-106
-113
-158
-212
-250
-257
-248
-260
-275
-262
-196
-100
-10
62
94
83
48
28
14
-5
-28
-36
-26
2
52
112
178
240
286
316
336
344
340
340
374
428
494
563
623
654
665
680
681
656
616
584
544
507
504
518
529
528
530
505
442
377
322
257
162
57
-17
-60
-81
-104
-121
-121
-120
-138
-175
-220
-283
-361
-426
-463
-500
-529
-538
-520
-497
-471
-428
-393
-387
-413
-447
-481
-522
-577
-638
-675
-660
-616
-551
-463
-378
-338
-364
-377
-393
-423
-421
-383
-308
-257
-186
-109
-71
-7
95
208
249
241
242
201
151
138
189
240
258
275
245
174
115
105
93
45
11
-6
-19
-16
19
63
74
32
-32
-82
-95
-85
-84
-110
-140
-175
-201
-197
-186
-191
-214
-225
-229
-223
-201
-166
-129
-100
-64
-18
36
73
107
137
156
171
181
207
251
314
381
447
510
546
584
622
637
624
606
614
621
637
669
700
714
711
706
673
625
598
555
480
400
363
347
312
296
302
312
281
212
108
-28
-139
-215
-268
-326
-356
-361
-371
-386
-404
-421
-458
-498
-522
-545
-570
-587
-598
-610
-605
-584
-560
-542
-540
-536
-542
-546
-545
-536
-485
-431
-392
-405
-438
-417
-379
-313
-240
-146
-54
-25
-2
-8
-9
19
62
134
142
142
139
119
130
159
226
239
226
186
122
87
94
138
119
76
49
38
21
-2
-10
-53
-111
-174
-214
-226
-218
-192
-203
-251
-313
-340
-329
-319
-320
-335
-333
-317
-273
-211
-164
-124
-109
-91
-74
-50
-14
11
42
66
100
154
228
323
401
470
510
532
555
584
627
647
669
701
739
800
865
917
917
882
845
805
777
746
713
662
602
565
536
523
509
490
439
343
236
121
24
-54
-94
-124
-163
-191
-204
-217
-251
-285
-332
-412
-512
-591
-630
-644
-635
-625
-630
-645
-642
-618
-601
-613
-665
-721
-750
-722
-662
-566
-452
-384
-368
-396
-388
-363
-352
-314
-259
-169
-104
-46
3
-6
22
67
142
193
189
194
141
111
132
186
241
253
268
218
142
102
113
113
40
-32
-86
-110
-124
-125
-119
-158
-200
-252
-272
-250
-210
-182
-223
-289
-341
-338
-299
-286
-311
-361
-386
-376
-338
-301
-289
-289
-316
-310
-265
-181
-98
-50
2
43
93
165
265
366
433
464
474
486
511
559
621
671
704
742
801
862
904
911
896
867
842
846
864
866
828
773
720
679
662
651
617
547
463
382
314
256
198
150
107
68
7
-64
-128
-178
-225
-282
-327
-366
-391
-410
-427
-446
-484
-533
-596
-664
-725
-761
-770
-796
-822
-827
-756
-622
-516
-467
-511
-553
-560
-539
-472
-393
-274
-182
-143
-108
-83
-3
85
169
228
217
199
129
65
37
52
115
152
180
148
86
69
111
157
117
39
-42
-99
-136
-151
-138
-148
-173
-211
-232
-230
-221
-211
-253
-348
-453
-514
-524
-514
-508
-519
-508
-467
-397
-339
-302
-282
-280
-280
-275
-249
-224
-192
-137
-91
-64
-35
35
136
235
325
374
391
392
412
466
543
637
705
749
768
786
807
818
838
848
848
835
818
799
762
720
678
627
585
559
538
503
462
415
357
302
275
267
247
203
152
87
5
-52
-82
-106
-142
-179
-209
-256
-305
-352
-406
-468
-525
-573
-614
-628
-605
-528
-408
-316
-294
-342
-381
-391
-408
-412
-373
-293
-231
-210
-190
-178
-142
-67
25
107
122
124
88
41
54
105
179
211
232
214
144
109
118
133
80
-21
-106
-169
-199
-218
-240
-273
-303
-325
-358
-376
-370
-354
-365
-417
-473
-517
-529
-516
-496
-491
-511
-518
-515
-517
-517
-510
-503
-500
-475
-422
-365
-306
-242
-170
-122
-89
-21
92
199
254
286
309
342
396
476
563
623
676
709
710
684
676
705
738
770
777
752
718
701
702
683
652
622
579
513
438
386
351
329
320
312
288
248
206
154
86
21
-31
-88
-158
-218
-246
-257
-251
-250
-265
-300
-337
-361
-391
-424
-427
-357
-267
-220
-228
-255
-256
-241
-198
-129
-45
43
85
79
39
14
57
141
238
311
324
302
262
258
280
304
324
317
286
193
83
33
34
53
14
-59
-131
-176
-178
-179
-203
-259
-327
-375
-408
-417
-418
-408
-417
-474
-558
-632
-648
-634
-629
-656
-703
-721
-700
-651
-611
-602
-600
-575
-514
-446
-386
-329
-274
-235
-220
-197
-135
-38
51
107
135
158
200
275
374
458
518
566
606
627
635
661
691
699
680
646
625
616
623
603
550
488
432
405
389
380
352
280
201
147
132
125
104
63
0
-55
-85
-94
-98
-110
-130
-182
-254
-303
-325
-334
-362
-401
-439
-443
-351
-205
-101
-94
-132
-147
-161
-177
-139
-29
117
191
184
161
169
270
410
542
611
590
550
492
467
478
505
545
538
503
417
331
323
364
385
303
173
63
-8
-33
-59
-106
-198
-293
-354
-386
-386
-363
-332
-353
-451
-589
-696
-734
-739
-739
-769
-819
-847
-823
-749
-673
-617
-599
-605
-615
-609
-572
-521
-458
-412
-372
-327
-253
-138
-21
75
115
109
112
158
267
374
434
444
421
428
456
522
602
646
638
555
465
413
412
441
439
391
298
213
175
186
218
219
172
76
-29
-93
-106
-93
-108
-170
-261
-335
-355
-336
-300
-296
-339
-404
-468
-477
-424
-311
-197
-163
-202
-251
-225
-152
-84
-7
77
178
253
292
331
371
435
502
568
644
701
744
747
726
713
701
710
732
749
708
608
536
526
549
536
481
414
332
263
201
138
68
-2
-54
-116
-188
-251
-282
-285
-329
-420
-523
-590
-612
-619
-628
-664
-704
-720
-721
-720
-728
-722
-695
-654
-619
-604
-581
-524
-436
-348
-285
-219
-142
-65
-11
-2
-16
-18
17
81
141
183
199
212
228
244
253
264
288
297
268
213
169
163
172
171
148
110
60
-2
-49
-85
-110
-134
-154
-181
-219
-256
-288
-331
-389
-462
-536
-587
-608
-617
-645
-693
-713
-622
-414
-194
-83
-101
-134
-108
-40
45
178
390
607
697
637
537
535
636
743
760
692
610
575
585
604
608
600
620
627
539
358
199
182
248
265
176
74
84
189
280
279
216
161
132
105
42
-29
-41
19
75
47
-26
-52
-1
49
4
-106
-190
-195
-151
-132
-155
-185
-173
-126
-96
-96
-89
-35
41
79
63
40
83
175
227
194
144
160
220
237
163
44
-35
-44
-25
-27
-67
-101
-132
-202
-328
-461
-503
-462
-427
-474
-579
-639
-618
-551
-513
-531
-564
-604
-647
-714
-764
-723
-607
-506
-502
-562
-605
-596
-594
-673
-796
-766
-434
45
326
263
69
-21
-34
-68
28
466
1057
1349
1074
522
182
257
552
733
712
599
564
609
546
394
247
202
169
-26
-264
-343
-96
253
313
55
-234
-217
-28
67
21
-28
75
201
241
225
236
305
301
145
-94
-210
-85
110
161
29
-87
-70
-20
-38
-108
-102
-7
67
69
57
137
281
343
297
274
396
587
713
741
739
755
750
723
701
727
768
723
547
318
204
219
246
199
84
4
-69
-180
-312
-414
-412
-378
-401
-528
-664
-703
-659
-583
-542
-507
-480
-506
-578
-658
-676
-629
-580
-593
-702
-816
-886
-917
-967
-1053
-1061
-916
-583
-244
-111
-259
-491
-587
-540
-405
-80
518
1057
1080
493
-162
-353
-38
458
807
942
830
542
211
-36
-60
67
239
330
265
158
38
-12
-64
-187
-276
-253
-38
173
239
193
80
4
-48
-7
142
268
286
175
46
-61
-143
-188
-216
-216
-208
-178
-127
-115
-141
-209
-255
-252
-208
-124
-53
34
184
373
495
471
390
362
431
575
727
894
987
934
769
551
428
471
641
780
767
638
467
345
264
193
153
128
135
150
120
13
-151
-262
-266
-184
-89
-35
-36
-138
-301
-450
-511
-442
-328
-315
-470
-711
-880
-933
-947
-954
-799
-419
-139
-233
-642
-868
-696
-402
-202
89
636
927
530
-311
-757
-437
208
668
802
687
323
-179
-504
-446
-103
200
311
254
58
-210
-482
-569
-460
-265
-73
78
153
45
-171
-330
-312
-108
150
362
414
255
15
-144
-138
-52
29
57
1
-133
-290
-350
-303
-237
-239
-280
-282
-255
-266
-270
-161
16
127
125
106
134
158
163
241
434
608
632
502
322
235
274
394
513
541
444
246
67
-9
16
79
130
172
167
82
-62
-193
-238
-165
-25
99
159
150
83
-14
-66
-24
95
143
71
-84
-231
-283
-296
-308
-275
-3
350
391
42
-296
-192
89
217
382
897
1357
1056
144
-517
-343
266
754
1003
983
552
-225
-752
-613
-84
267
242
100
-89
-444
-872
-1016
-702
-316
-177
-214
-229
-288
-506
-694
-619
-281
44
164
106
-81
-305
-423
-301
1
235
240
24
-260
-453
-462
-290
-75
55
38
-77
-226
-325
-262
-46
210
356
366
295
185
103
135
328
576
715
627
357
100
15
126
306
411
359
187
-48
-277
-408
-422
-359
-310
-339
-432
-551
-657
-745
-762
-687
-563
-462
-448
-522
-624
-682
-654
-532
-415
-330
-329
-404
-504
-543
-426
-161
283
632
601
206
-124
-14
313
571
883
1445
1798
1373
465
-56
261
924
1390
1595
1495
943
126
-272
47
636
895
752
506
197
-225
-533
-416
11
261
195
60
-15
-193
-475
-559
-307
72
263
227
64
-216
-553
-725
-518
-69
236
156
-223
-614
-816
-744
-445
-101
84
-13
-267
-473
-500
-307
12
317
452
393
215
49
7
137
426
742
906
804
486
161
51
186
444
629
615
395
87
-153
-257
-238
-160
-99
-128
-315
-572
-736
-756
-703
-665
-623
-581
-615
-745
-900
-950
-889
-801
-755
-763
-806
-871
-987
-1090
-1022
-677
-135
172
19
-408
-596
-386
-37
329
808
1335
1334
589
-251
-343
329
1065
1456
1516
1202
463
-270
-315
278
837
917
708
469
126
-310
-493
-185
309
529
446
320
206
-28
-292
-285
60
464
631
530
273
-47
-306
-323
-47
304
450
277
-107
-490
-667
-532
-191
100
151
3
-214
-391
-476
-342
72
522
748
664
427
200
82
170
524
995
1198
996
547
155
34
201
541
832
854
511
43
-241
-274
-171
-99
-51
-38
-166
-428
-698
-792
-706
-537
-384
-314
-388
-609
-869
-1006
-949
-740
-560
-549
-713
-983
-1193
-1231
-1011
-556
-68
45
-302
-755
-859
-553
-174
174
630
1048
940
246
-391
-349
212
789
1150
1284
993
222
-446
-421
137
612
730
652
404
-90
-617
-719
-303
179
345
248
108
-89
-364
-502
-319
65
338
387
308
121
-163
-395
-349
-35
284
383
223
-109
-485
-701
-588
-231
93
165
-1
-239
-453
-534
-393
-22
417
628
570
378
217
149
244
573
1009
1277
1161
816
501
345
400
659
968
1066
821
361
9
-82
-8
135
252
263
91
-210
-483
-607
-549
-404
-249
-148
-186
-357
-584
-728
-706
-570
-393
-300
-367
-579
-828
-989
-933
-647
-213
114
9
-443
-824
-763
-402
-19
359
771
957
572
-105
-441
-147
415
882
1150
1130
663
-69
-451
-222
254
536
609
587
312
-242
-675
-607
-201
80
124
91
3
-257
-572
-631
-379
-79
82
147
138
-49
-378
-577
-454
-143
87
135
23
-218
-507
-657
-521
-211
19
51
-68
-223
-391
-490
-405
-132
251
455
410
224
15
-63
33
308
648
899
879
640
391
245
283
477
715
861
798
490
140
-34
-25
97
214
276
224
25
-247
-443
-439
-289
-123
-24
-74
-262
-483
-635
-629
-506
-299
-140
-151
-371
-674
-841
-774
-509
-177
128
158
-94
-427
-548
-347
-35
274
602
871
813
397
-23
-84
211
640
1015
1199
1016
476
-10
-105
117
401
598
708
587
179
-252
-383
-219
-59
13
109
166
3
-342
-564
-511
-354
-227
-71
106
72
-261
-596
-623
-399
-177
-78
-70
-164
-377
-573
-555
-349
-174
-126
-142
-154
-202
-300
-308
-169
46
186
191
160
102
6
-44
51
280
473
498
388
258
152
103
187
376
493
451
294
135
44
-11
-15
42
77
30
-81
-167
-236
-325
-386
-364
-257
-204
-259
-363
-459
-559
-625
-561
-392
-288
-342
-480
-552
-550
-532
-459
-289
-57
28
-49
-149
-138
-53
24
174
472
774
828
611
367
319
444
675
909
1038
956
695
486
474
560
604
592
584
560
468
360
279
203
80
-21
13
127
185
103
-84
-270
-372
-361
-278
-204
-186
-223
-273
-335
-406
-459
-488
-494
-484
-419
-296
-199
-223
-342
-411
-355
-229
-93
38
157
193
114
19
10
72
136
207
325
418
390
257
143
115
145
235
354
392
299
163
84
54
21
20
83
104
-20
-181
-221
-179
-199
-294
-350
-335
-342
-402
-422
-402
-432
-526
-588
-569
-528
-549
-577
-533
-463
-440
-423
-390
-384
-416
-441
-389
-272
-158
-74
-4
20
-11
-45
-23
52
165
291
401
468
438
332
265
307
428
555
616
577
483
389
356
410
475
474
424
375
336
309
301
308
318
296
236
207
204
169
90
38
56
111
116
43
-55
-134
-188
-194
-129
-42
-22
-93
-189
-224
-197
-138
-54
43
98
84
35
-10
-46
-72
-47
45
144
176
114
4
-101
-142
-80
44
132
112
18
-59
-63
-28
11
43
51
13
-45
-60
-3
43
25
-31
-57
-39
-15
-11
-17
-52
-122
-177
-166
-115
-104
-154
-221
-257
-269
-266
-248
-231
-245
-277
-292
-273
-242
-212
-185
-183
-210
-236
-236
-211
-172
-120
-75
-58
-80
-121
-136
-115
-53
37
112
123
67
-8
-36
-5
39
63
75
84
83
55
24
29
64
90
99
112
138
140
101
65
83
128
146
137
120
90
37
-5
4
52
90
101
94
69
22
-14
2
69
149
200
218
218
194
142
104
123
189
257
283
247
181
127
124
176
224
218
180
148
132
115
97
97
98
62
18
32
92
120
75
5
-25
-5
38
78
88
47
-19
-61
-53
-22
-9
-41
-98
-139
-148
-138
-131
-133
-154
-188
-213
-201
-154
-114
-106
-127
-152
-166
-169
-170
-164
-134
-82
-41
-42
-78
-117
-135
-125
-80
-9
34
4
-80
-151
-167
-133
-94
-71
-76
-116
-165
-176
-143
-109
-118
-154
-168
-147
-113
-95
-97
-112
-131
-135
-104
-50
-20
-42
-81
-93
-78
-53
-13
37
67
48
9
2
36
79
113
141
158
153
127
100
87
99
139
185
208
185
137
108
120
154
178
189
192
183
149
105
83
91
92
64
49
79
118
104
48
9
13
29
46
76
101
74
4
-28
11
61
58
17
-9
-17
-32
-49
-46
-42
-68
-104
-100
-57
-20
-16
-27
-29
-29
-28
-15
6
16
13
16
42
71
84
82
76
85
114
154
166
131
74
31
15
21
45
61
34
-37
-96
-100
-70
-57
-70
-91
-107
-118
-119
-110
-112
-133
-162
-164
-139
-119
-126
-148
-162
-170
-173
-156
-113
-63
-46
-70
-101
-99
-61
-22
-3
4
3
-6
-13
-6
7
16
16
20
37
61
75
70
49
38
49
82
118
126
94
46
27
43
66
66
49
33
20
11
16
33
38
21
2
9
26
31
18
1
-5
-14
-26
-29
-18
-13
-31
-64
-86
-80
-72
-72
-71
-64
-65
-84
-95
-84
-62
-59
-66
-59
-34
-13
-9
-4
11
25
32
49
86
121
131
120
114
117
118
118
127
142
141
113
87
87
99
97
86
84
89
91
82
70
65
64
63
58
45
30
16
7
0
-8
-8
-2
2
8
14
13
3
2
27
62
83
76
56
41
36
33
31
35
41
32
11
-8
-3
12
6
-9
-8
4
6
-16
-39
-45
-35
-28
-37
-58
-80
-100
-117
-121
-102
-81
-85
-119
-150
-154
-147
-138
-130
-120
-121
-140
-161
-171
-173
-167
-156
-145
-145
-160
-177
-175
-157
-142
-128
-116
-102
-100
-114
-125
-115
-88
-58
-32
-25
-40
-51
-48
-34
-14
21
60
74
51
20
19
41
59
64
69
81
80
73
80
104
115
98
80
80
94
100
93
92
97
98
96
93
93
86
71
58
57
69
80
84
81
77
67
55
60
89
127
155
167
168
156
144
139
148
163
179
188
179
154
130
125
136
138
130
131
147
158
145
126
127
139
127
100
88
88
70
39
31
50
52
18
-14
-9
7
-5
-34
-45
-47
-75
-121
-144
-136
-136
-160
-185
-193
-197
-217
-239
-252
-259
-263
-260
-249
-242
-256
-282
-303
-299
-275
-252
-241
-240
-246
-257
-261
-242
-199
-164
-158
-167
-170
-159
-147
-135
-114
-96
-92
-91
-79
-55
-38
-34
-35
-25
-6
19
41
50
55
65
81
93
95
93
86
74
66
76
99
114
108
97
93
85
79
87
109
131
138
139
136
134
135
138
145
158
175
189
183
166
152
150
151
154
156
164
173
166
147
133
141
163
169
155
141
144
150
145
144
162
176
158
121
110
138
163
151
120
106
107
100
83
78
85
73
38
7
0
5
-8
-42
-74
-91
-97
-99
-98
-103
-128
-161
-181
-177
-164
-167
-185
-208
-229
-237
-234
-224
-218
-219
-227
-235
-237
-244
-255
-263
-251
-227
-212
-212
-216
-227
-240
-238
-211
-168
-135
-121
-116
-111
-101
-81
-47
-18
-10
-15
-13
4
24
31
29
31
43
70
98
110
101
83
72
78
99
117
124
122
115
106
98
101
117
130
129
121
117
115
106
86
76
87
102
103
92
81
75
63
41
31
34
46
58
72
79
77
65
57
64
82
102
117
120
104
82
73
83
104
117
118
104
85
73
71
72
71
67
64
65
73
80
72
47
20
11
25
45
55
53
36
6
-26
-37
-29
-19
-21
-35
-47
-53
-65
-85
-103
-114
-125
-138
-148
-147
-146
-160
-180
-190
-189
-184
-172
-152
-138
-135
-141
-134
-117
-101
-95
-90
-77
-57
-39
-28
-24
-19
-10
7
27
49
61
54
38
32
40
60
76
81
77
71
62
52
45
43
43
42
41
38
35
28
14
-2
-11
-4
14
23
12
-11
-25
-27
-31
-40
-40
-28
-19
-23
-36
-45
-50
-51
-40
-21
-9
-18
-36
-46
-43
-36
-28
-16
-9
-11
-19
-23
-22
-15
-8
-3
2
14
23
22
11
4
12
29
46
57
59
48
34
33
49
70
82
81
77
71
67
63
67
78
80
65
43
34
38
36
24
14
12
1
-16
-23
-13
-10
-24
-38
-34
-22
-25
-42
-49
-43
-30
-17
-3
6
2
-10
-17
-8
7
21
31
38
38
29
22
25
32
34
38
43
38
15
-10
-16
-6
0
-7
-16
-22
-34
-49
-49
-32
-21
-35
-55
-58
-55
-63
-81
-87
-80
-69
-61
-55
-58
-77
-102
-108
-91
-70
-59
-62
-72
-92
-110
-112
-96
-77
-70
-66
-60
-59
-74
-90
-85
-61
-38
-25
-18
-15
-20
-29
-26
-2
25
35
26
19
20
21
25
41
64
76
71
67
72
79
82
85
94
99
87
77
78
81
73
60
65
82
88
77
65
63
64
65
72
83
85
75
67
65
70
70
77
97
114
115
103
97
101
109
120
137
150
147
132
119
117
117
118
124
130
122
98
82
81
80
69
56
52
47
33
16
8
2
-10
-23
-32
-37
-51
-61
-69
-72
-76
-77
-76
-83
-98
-113
-117
-121
-122
-117
-110
-118
-146
-169
-170
-155
-147
-146
-145
-146
-152
-166
-170
-158
-141
-138
-140
-135
-131
-136
-139
-129
-112
-105
-107
-103
-88
-83
-86
-79
-53
-30
-25
-30
-26
-18
-17
-15
-3
10
13
10
12
14
9
4
10
27
41
43
34
24
19
24
39
58
66
55
41
35
39
45
51
62
77
83
74
69
78
91
99
106
118
127
119
107
107
113
113
111
116
122
110
86
77
85
89
83
78
81
76
59
44
42
45
42
38
36
34
24
15
18
27
29
24
20
22
22
16
9
13
22
24
15
0
-8
-14
-18
-18
-17
-24
-37
-49
-56
-56
-58
-59
-59
-63
-71
-85
-95
-101
-101
-98
-92
-93
-97
-104
-111
-116
-112
-102
-93
-90
-94
-99
-98
-93
-87
-82
-82
-87
-88
-88
-84
-83
-84
-86
-84
-77
-68
-67
-81
-96
-94
-73
-53
-45
-55
-70
-77
-72
-57
-39
-22
-15
-17
-22
-18
-4
14
28
37
43
48
54
62
72
78
80
84
93
101
102
97
96
98
100
102
106
109
104
92
85
85
90
94
94
88
82
77
74
75
81
89
92
92
86
82
78
76
81
89
89
81
76
69
65
60
62
68
65
52
40
35
39
42
45
48
43
34
23
23
30
39
41
41
40
36
26
21
28
37
41
42
45
44
31
14
8
15
21
15
4
-3
-13
-29
-48
-57
-61
-63
-70
-77
-85
-102
-124
-135
-129
-119
-115
-120
-131
-148
-164
-164
-151
-134
-127
-132
-139
-141
-136
-127
-113
-97
-90
-87
-83
-76
-67
-63
-61
-52
-42
-34
-29
-24
-19
-17
-18
-15
-10
-5
-2
-1
1
0
-3
-2
1
0
-1
-1
-1
-1
-1
2
3
4
1
-4
-6
-2
6
15
16
10
2
-1
-1
7
18
28
29
22
14
17
28
39
50
57
59
56
56
64
76
87
98
104
106
107
114
120
127
133
139
146
154
156
154
150
144
143
145
149
150
140
128
114
102
95
91
87
79
66
46
28
15
7
-1
-6
-18
-33
-50
-65
-74
-80
-82
-81
-82
-90
-104
-113
-111
-104
-98
-94
-93
-94
-96
-92
-87
-81
-78
-73
-70
-68
-66
-66
-61
-56
-53
-49
-47
-47
-52
-55
-53
-48
-47
-45
-44
-46
-51
-61
-68
-69
-62
-57
-54
-54
-64
-75
-86
-90
-85
-72
-63
-63
-73
-85
-96
-94
-81
-69
-61
-65
-71
-74
-73
-68
-60
-51
-44
-41
-38
-30
-20
-13
-10
-5
4
18
31
39
43
49
59
71
83
94
101
106
107
110
120
133
140
141
138
135
130
128
129
133
136
128
113
102
95
89
85
80
78
72
60
46
35
28
25
26
28
28
22
9
-4
-10
-7
0
9
13
12
8
0
-7
-6
5
18
28
29
24
18
19
18
26
33
40
42
37
29
23
21
22
25
30
31
25
14
3
-3
-5
-6
-3
-2
-7
-22
-38
-49
-52
-50
-47
-48
-54
-66
-77
-83
-85
-85
-84
-82
-84
-88
-96
-100
-100
-96
-97
-95
-93
-92
-92
-92
-91
-84
-75
-68
-65
-62
-58
-53
-43
-29
-16
-10
-8
-11
-5
4
17
29
38
40
38
35
35
37
42
47
51
52
48
41
34
30
28
26
27
30
30
23
11
1
-3
-1
5
13
12
2
-12
-18
-15
-9
-2
3
3
-3
-11
-15
-12
-8
-4
0
3
5
3
0
2
8
13
19
24
28
28
28
29
32
37
42
45
48
47
47
52
56
62
66
67
61
54
52
53
52
53
55
55
52
46
41
37
36
34
35
35
32
25
20
16
14
12
10
7
1
-8
-17
-18
-18
-18
-16
-17
-22
-28
-31
-30
-26
-23
-22
-25
-29
-36
-39
-39
-35
-31
-31
-34
-37
-41
-44
-44
-45
-43
-43
-45
-48
-53
-57
-58
-57
-55
-55
-56
-60
-65
-69
-70
-67
-59
-48
-41
-42
-46
-48
-44
-36
-28
-23
-20
-20
-23
-19
-9
1
5
3
3
6
5
5
11
18
20
16
11
13
18
16
15
19
27
30
26
22
16
10
9
19
32
35
29
21
19
23
26
30
35
34
33
32
37
43
44
42
45
53
60
60
58
55
53
49
46
50
54
52
43
37
38
43
45
42
39
36
31
28
29
32
37
40
39
32
28
27
29
29
30
31
29
25
14
6
0
-3
-6
-9
-9
-15
-25
-40
-52
-57
-56
-54
-55
-62
-75
-85
-91
-92
-88
-83
-78
-78
-85
-94
-93
-87
-81
-75
-70
-67
-65
-65
-62
-57
-52
-44
-34
-27
-22
-21
-21
-17
-13
-8
-3
5
11
11
9
8
10
16
20
23
24
21
17
18
25
28
26
23
18
19
18
14
13
16
15
14
14
14
8
-2
-7
-2
5
10
8
6
1
-4
-5
-2
3
6
7
5
7
9
13
15
19
20
25
30
30
32
36
41
45
47
51
55
58
60
62
64
60
60
59
65
66
51
81
67
33
49
37
39
24
13
16
23
25
-14
7
-9
-41
-26
-25
-33
-54
-59
-59
-27
-31
-63
-55
-75
-80
-74
-56
-39
-55
-55
-53
-49
-57
-60
-49
-42
-34
-39
-40
-39
-32
-28
-22
-21
-29
-11
-12
4
11
-2
-2
0
12
2
28
20
39
70
27
23
15
23
5
8
26
30
74
40
11
-29
-51
-14
22
37
-3
2
-27
-20
-7
-47
-3
-14
2
-14
-62
-44
-45
5
1
-2
-10
-50
-21
-9
5
9
10
25
32
28
4
29
34
55
87
48
39
26
40
50
51
66
48
62
49
29
39
25
51
63
48
50
43
33
18
37
39
58
78
57
37
-9
-23
-13
13
37
31
31
0
-24
-38
-49
-31
-34
-14
12
1
-10
-21
-26
-30
-16
-17
-15
2
-5
3
12
-5
-17
-27
-27
-34
-16
9
-16
10
-4
-42
-28
-48
-51
-48
-13
-7
-27
-22
-47
-51
-43
-40
-43
-39
-36
-28
-19
-33
-30
-38
-21
-14
-35
-25
-22
-21
-24
-33
-24
-20
-23
-27
-24
-29
-48
-52
-43
-32
-26
-20
-24
-25
-30
-51
-38
-18
-28
-6
21
21
23
-7
-12
1
0
17
26
24
24
30
35
5
-8
-1
-3
26
18
-1
8
-1
1
11
4
7
16
15
16
10
13
13
15
33
12
25
40
15
30
18
12
28
15
33
35
30
22
20
32
18
18
32
36
31
54
39
33
45
10
27
26
30
48
44
53
24
18
30
18
32
29
17
25
19
19
29
11
-3
12
11
13
-4
-4
11
7
6
-24
-32
-33
-42
-30
-19
-18
-18
-27
-47
-64
-77
-67
-43
-37
-49
-49
-45
-58
-57
-55
-67
-57
-47
-60
-57
-50
-54
-57
-40
-30
-41
-50
-46
-33
-39
-37
-28
-8
-1
-17
-21
-19
-20
-27
-9
12
13
20
15
