2
1
0
-2
-2
-1
0
2
1
1
1
0
0
0
2
2
1
2
0
0
1
1
1
2
2
2
1
0
0
0
1
0
-1
-1
-2
-3
-4
-4
-4
-4
-4
-4
-4
-3
-2
-1
-2
-1
-2
-3
-3
-2
-1
-1
0
0
0
1
0
-1
2
2
3
3
2
3
2
1
1
1
1
1
1
-1
0
0
0
1
1
1
1
0
0
-1
-1
-2
-3
-3
-4
-5
-5
-6
-7
-7
-7
-8
-7
-8
-8
-9
-10
-10
-10
-11
-11
-12
-12
-13
-14
-14
-14
-15
-14
-14
-14
-14
-15
-14
-14
-14
-14
-14
-16
-15
-15
-15
-15
-15
-14
-16
-15
-15
-14
-15
-15
-15
-16
-15
-14
-13
-13
-14
-14
-15
-13
-13
-12
-11
-11
-10
-9
-8
-6
-3
-2
0
3
5
8
11
16
19
24
28
31
37
42
46
51
57
61
65
69
72
76
78
80
82
82
83
86
85
82
79
78
74
72
69
65
59
54
49
47
43
38
33
27
20
15
14
11
5
1
-6
-10
-11
-14
-15
-18
-21
-22
-21
-23
-25
-25
-23
-25
-24
-24
-22
-20
-18
-18
-16
-15
-13
-10
-10
-9
-4
-3
-3
-2
-1
-3
-1
1
-1
-2
-3
-4
-7
-8
-10
-12
-14
-20
-23
-26
-29
-33
-36
-41
-45
-49
-53
-58
-62
-65
-68
-71
-74
-77
-81
-84
-85
-87
-89
-92
-93
-93
-95
-95
-93
-92
-90
-88
-86
-81
-79
-76
-72
-70
-67
-59
-51
-45
-40
-34
-27
-18
-10
-5
2
9
16
21
26
32
37
44
49
54
60
63
65
67
68
68
72
73
74
74
74
75
77
77
76
75
74
72
69
67
63
61
56
52
50
48
46
45
44
42
42
41
40
39
41
41
39
40
39
38
37
38
40
41
42
41
42
42
45
46
49
50
51
51
50
50
51
52
51
49
49
49
48
46
44
41
42
39
36
33
30
27
21
16
11
6
1
-2
-6
-11
-17
-22
-27
-30
-35
-40
-46
-52
-57
-63
-68
-73
-77
-80
-85
-88
-93
-97
-100
-104
-107
-109
-113
-117
-117
-120
-123
-124
-127
-128
-128
-130
-128
-126
-125
-124
-124
-125
-124
-122
-121
-117
-112
-108
-104
-100
-95
-90
-87
-81
-76
-69
-62
-54
-50
-41
-34
-29
-21
-14
-6
2
9
16
23
31
35
42
47
55
63
68
73
79
81
84
89
92
97
101
103
106
109
109
112
111
111
110
111
111
110
110
108
105
103
100
96
95
93
92
93
90
88
86
85
82
79
78
77
77
77
77
79
81
82
81
82
83
82
82
81
79
80
77
76
75
71
69
67
64
63
61
58
56
51
47
41
34
27
23
17
12
6
-1
-9
-15
-24
-31
-37
-41
-45
-49
-54
-59
-65
-73
-80
-84
-87
-89
-92
-96
-101
-104
-107
-108
-109
-107
-108
-107
-110
-111
-111
-112
-111
-112
-113
-112
-113
-114
-115
-115
-115
-112
-113
-110
-110
-110
-110
-110
-110
-109
-107
-106
-105
-105
-107
-106
-106
-104
-99
-94
-89
-85
-80
-76
-70
-65
-59
-52
-45
-38
-32
-27
-20
-16
-9
-2
6
14
24
34
41
48
54
62
71
81
89
95
100
105
108
112
117
124
127
129
130
133
134
133
133
132
133
131
130
125
123
120
115
111
107
104
102
98
93
89
85
81
77
75
72
68
65
60
57
53
51
49
47
45
44
44
44
44
45
46
46
46
47
49
48
48
48
46
45
44
42
40
37
33
30
26
22
19
14
9
4
-3
-7
-12
-17
-22
-29
-36
-42
-48
-53
-57
-63
-70
-75
-83
-88
-93
-97
-102
-106
-108
-110
-113
-116
-117
-119
-120
-121
-120
-118
-117
-117
-118
-118
-117
-116
-114
-111
-110
-108
-108
-106
-104
-101
-98
-94
-90
-86
-85
-82
-79
-73
-70
-66
-64
-61
-57
-53
-50
-46
-44
-40
-37
-32
-28
-25
-22
-16
-12
-8
0
3
8
14
19
24
29
33
36
39
42
43
47
50
55
59
63
68
72
77
81
83
84
88
91
93
95
96
95
97
98
100
100
101
101
100
99
96
95
91
90
89
86
84
82
81
80
75
71
68
65
61
56
53
50
47
44
41
38
38
38
38
38
37
37
36
32
31
30
28
27
23
23
23
22
23
24
24
24
25
24
23
22
20
18
15
13
9
3
0
-1
-6
-10
-14
-16
-19
-23
-26
-31
-36
-39
-45
-50
-55
-59
-63
-67
-71
-75
-79
-82
-86
-87
-90
-91
-91
-93
-95
-97
-99
-101
-102
-102
-102
-101
-101
-98
-99
-98
-96
-96
-94
-91
-89
-87
-84
-81
-78
-76
-74
-70
-67
-64
-60
-58
-55
-51
-48
-45
-41
-38
-33
-29
-26
-21
-17
-14
-10
-5
-1
2
6
9
12
17
20
23
26
28
32
34
39
43
46
50
52
55
56
60
63
63
64
66
65
67
68
69
71
73
74
75
73
74
75
75
74
74
73
71
71
69
67
66
63
61
58
55
55
54
52
50
48
45
42
41
39
38
38
36
34
31
29
29
30
29
27
27
26
25
25
27
29
28
27
30
31
30
31
30
31
31
29
28
28
27
27
26
26
25
25
24
22
21
19
16
13
9
5
0
-2
-5
-11
-14
-18
-21
-25
-29
-32
-37
-41
-45
-49
-52
-55
-60
-64
-67
-69
-74
-76
-78
-81
-81
-83
-86
-86
-85
-84
-84
-84
-84
-82
-81
-80
-80
-78
-76
-75
-74
-71
-67
-64
-61
-57
-54
-53
-49
-49
-46
-43
-41
-40
-38
-36
-34
-34
-31
-30
-28
-28
-27
-26
-24
-23
-24
-24
-22
-21
-19
-19
-18
-16
-14
-13
-12
-9
-8
-5
-4
-2
0
3
6
8
10
14
17
20
24
28
32
36
39
41
44
47
50
51
55
58
62
64
66
69
70
72
72
74
76
79
82
81
81
81
80
78
78
78
79
79
77
76
74
73
73
71
69
68
67
66
64
62
60
58
56
54
53
52
49
47
45
46
44
42
42
40
38
36
35
34
30
26
25
23
20
17
11
9
6
6
3
-1
-3
-5
-7
-10
-14
-17
-22
-25
-30
-36
-42
-46
-50
-55
-60
-64
-67
-69
-73
-78
-82
-82
-79
-79
-82
-83
-85
-87
-86
-84
-85
-87
-87
-87
-85
-86
-87
-87
-86
-86
-88
-87
-83
-81
-81
-77
-75
-72
-70
-70
-69
-63
-60
-60
-59
-59
-58
-60
-61
-60
-59
-58
-56
-52
-51
-51
-52
-54
-52
-50
-50
-23
-1
-12
-24
-33
-35
-26
-22
-16
4
22
14
-1
-17
-25
-13
11
40
55
52
42
29
22
15
32
73
97
103
94
70
60
49
42
73
106
128
134
121
97
74
62
69
99
122
137
140
126
103
71
64
78
97
130
140
134
126
110
93
90
108
134
148
151
152
144
139
136
142
163
186
181
174
168
160
161
154
159
161
151
149
135
115
97
70
63
70
54
41
28
5
-14
-33
-46
-42
-43
-59
-74
-77
-82
-96
-111
-112
-104
-98
-102
-115
-113
-125
-141
-138
-135
-131
-141
-158
-165
-173
-195
-204
-195
-190
-193
-214
-242
-256
-271
-285
-289
-291
-291
-297
-320
-346
-364
-381
-392
-390
-383
-395
-406
-408
-388
-347
-352
-311
-251
-193
-195
-254
-221
-138
-22
41
96
163
184
156
120
181
263
319
372
419
437
345
212
178
217
278
277
254
236
139
9
-77
-60
-5
4
-11
-6
-27
-105
-191
-207
-137
-62
-29
4
23
-10
-60
-77
-6
96
155
188
225
231
197
155
174
270
347
376
376
363
337
281
255
300
360
378
349
314
284
228
176
180
230
256
242
205
189
168
140
194
254
327
311
235
235
205
213
245
290
357
341
266
189
142
95
96
128
148
144
24
-99
-181
-230
-228
-218
-185
-189
-258
-347
-415
-423
-386
-334
-249
-189
-214
-252
-276
-273
-207
-157
-97
-44
-62
-104
-164
-192
-200
-182
-160
-156
-202
-296
-405
-500
-529
-558
-545
-569
-672
-737
-804
-773
-717
-662
-510
-390
-332
-468
-587
-493
-244
29
167
287
363
319
167
90
240
469
655
725
701
561
251
39
80
275
393
313
164
-3
-233
-459
-504
-365
-212
-196
-265
-314
-432
-571
-606
-430
-149
6
7
-49
-93
-126
-111
34
264
432
462
421
393
353
302
305
428
583
627
538
405
311
244
216
264
364
403
326
198
108
81
79
102
193
274
280
244
169
264
345
431
486
445
528
518
554
622
661
707
660
567
471
445
402
435
486
423
292
39
-132
-170
-140
-99
-115
-174
-303
-445
-544
-538
-452
-336
-258
-219
-207
-274
-306
-276
-174
23
141
144
88
-16
-58
-37
-5
37
14
-105
-233
-339
-439
-502
-589
-638
-694
-788
-933
-1071
-1107
-1186
-1143
-1112
-1007
-928
-989
-858
-701
-450
-454
-552
-402
-125
235
330
409
540
596
544
434
513
650
761
757
750
646
319
33
-71
78
149
8
-184
-365
-549
-766
-840
-731
-574
-541
-603
-597
-594
-615
-597
-437
-144
71
168
171
179
222
257
380
541
684
728
667
614
554
489
427
441
506
513
403
217
93
20
-14
-28
-3
52
28
-34
-86
-70
-6
47
156
274
392
459
490
655
788
909
894
853
945
990
1050
1043
1034
1028
906
698
513
444
408
434
394
252
26
-280
-446
-434
-329
-277
-291
-362
-459
-534
-571
-472
-267
-59
57
107
107
92
122
178
334
517
563
490
349
214
145
72
30
15
-90
-294
-559
-761
-858
-943
-1012
-1056
-1129
-1254
-1442
-1555
-1612
-1559
-1488
-1299
-1088
-965
-737
-617
-454
-512
-575
-298
141
631
752
775
792
737
595
425
557
806
1003
938
705
375
-59
-311
-339
-133
-34
-207
-480
-775
-1003
-1169
-1142
-915
-666
-565
-613
-674
-703
-649
-489
-191
166
403
486
441
387
417
511
684
837
927
902
759
597
446
367
318
324
363
312
126
-124
-303
-355
-326
-282
-211
-169
-191
-252
-263
-178
-31
139
316
466
569
633
710
905
1051
1180
1177
1101
1126
1065
1095
1068
1024
998
815
570
276
101
47
75
62
-68
-273
-543
-685
-697
-593
-455
-367
-323
-364
-393
-391
-282
-73
174
397
507
501
434
425
459
552
659
707
651
451
200
28
-84
-140
-207
-328
-526
-793
-1011
-1157
-1224
-1259
-1312
-1356
-1426
-1506
-1605
-1643
-1613
-1378
-1095
-815
-459
-251
-100
-359
-508
-251
316
918
1081
1208
1211
1023
564
215
414
858
1218
1144
818
256
-406
-768
-682
-264
-72
-212
-557
-929
-1297
-1551
-1446
-1039
-566
-362
-395
-555
-726
-710
-470
54
554
829
837
676
571
551
662
847
1039
1138
1069
843
549
308
166
116
187
262
193
-90
-430
-632
-650
-576
-482
-348
-273
-300
-394
-404
-259
-66
160
388
607
728
737
864
1038
1222
1253
1177
1227
1187
1104
981
918
953
859
582
227
-7
-127
-131
-136
-226
-372
-610
-779
-810
-732
-608
-496
-405
-347
-277
-231
-170
-43
162
427
642
743
726
686
645
632
710
770
770
614
344
143
-9
-136
-272
-405
-567
-764
-977
-1159
-1255
-1322
-1372
-1379
-1398
-1470
-1585
-1670
-1569
-1268
-957
-698
-446
-230
-44
-199
-357
-146
396
998
1176
1168
1119
984
682
386
454
770
1025
953
645
166
-386
-756
-769
-443
-255
-368
-686
-1017
-1264
-1431
-1355
-1034
-636
-417
-366
-402
-466
-424
-267
133
606
911
999
866
737
683
755
932
1088
1149
1026
797
543
313
150
37
36
63
15
-180
-456
-668
-729
-645
-490
-334
-240
-240
-315
-317
-184
72
362
546
794
999
1101
1079
921
962
1070
1190
1237
1187
1123
931
655
341
164
86
49
5
-148
-336
-625
-875
-993
-968
-847
-751
-679
-672
-685
-679
-612
-422
-146
129
334
443
477
498
552
617
755
847
818
716
526
413
290
150
8
-132
-256
-442
-619
-832
-1007
-1127
-1219
-1222
-1287
-1394
-1521
-1617
-1531
-1338
-1056
-923
-734
-461
-143
-10
-254
-245
90
699
1035
1061
1146
1167
1045
625
437
626
948
1102
913
608
112
-370
-644
-584
-382
-358
-497
-744
-997
-1261
-1400
-1274
-951
-602
-398
-309
-347
-398
-347
-120
302
696
981
1052
946
815
747
821
949
1084
1152
1075
895
603
327
132
49
90
134
85
-118
-381
-595
-686
-638
-472
-238
-81
-57
-128
-159
-82
113
397
795
1155
1307
1224
926
808
848
1035
1252
1307
1295
1052
670
242
-35
-61
11
76
-21
-235
-599
-1000
-1231
-1206
-981
-760
-639
-685
-807
-931
-934
-706
-331
32
256
352
373
370
368
416
588
766
822
730
544
423
279
88
-58
-127
-162
-315
-551
-777
-961
-1117
-1263
-1304
-1315
-1397
-1490
-1566
-1452
-1274
-1115
-829
-529
-270
-314
-510
-422
-10
539
870
1046
1170
1161
912
541
465
717
1080
1195
1028
665
145
-296
-545
-466
-281
-225
-348
-680
-1072
-1420
-1508
-1311
-965
-672
-545
-530
-618
-644
-516
-206
180
499
711
790
796
758
746
783
880
1053
1172
1170
1006
741
479
254
209
295
378
316
103
-110
-274
-378
-421
-331
-170
-23
53
67
70
96
141
385
789
1167
1375
1216
1058
926
925
1055
1164
1356
1358
1130
703
315
153
123
141
80
-14
-230
-549
-854
-1029
-1041
-971
-872
-828
-828
-899
-940
-898
-792
-578
-327
-111
10
72
147
209
239
255
338
428
443
392
282
146
-41
-177
-227
-261
-335
-527
-688
-868
-1063
-1199
-1301
-1375
-1434
-1465
-1382
-1234
-1175
-979
-716
-456
-478
-678
-610
-259
235
522
767
1010
1057
788
350
254
554
1022
1267
1206
871
315
-182
-491
-424
-168
31
6
-320
-788
-1222
-1391
-1300
-1021
-686
-432
-330
-470
-669
-735
-537
-155
262
608
780
804
693
580
546
637
884
1159
1316
1258
996
663
358
241
339
528
613
493
272
35
-167
-277
-208
-18
183
298
296
251
177
167
415
779
1153
1303
1205
1124
980
965
1043
1208
1416
1430
1225
843
500
298
273
312
336
281
56
-283
-638
-850
-931
-883
-766
-671
-661
-815
-982
-1037
-949
-732
-483
-244
-120
-109
-175
-207
-145
-32
110
204
243
235
158
-22
-250
-396
-407
-317
-271
-337
-508
-821
-1099
-1284
-1361
-1352
-1338
-1226
-1161
-1130
-1028
-840
-671
-811
-979
-871
-435
21
257
476
688
698
367
-1
1
422
930
1187
1134
796
318
-148
-399
-313
-29
230
188
-155
-648
-1037
-1187
-1129
-913
-645
-406
-327
-436
-655
-814
-738
-442
-6
376
572
588
453
309
249
342
598
905
1098
1089
944
724
499
358
357
493
591
608
534
384
155
-54
-91
22
204
333
457
538
537
463
429
545
763
1036
1227
1310
1290
1228
1170
1060
989
1022
1178
1234
1084
821
548
353
191
122
125
98
-21
-228
-459
-664
-804
-845
-781
-699
-624
-587
-617
-681
-723
-632
-461
-290
-166
-103
-79
-107
-140
-192
-199
-133
-8
64
-30
-219
-409
-530
-632
-621
-572
-550
-695
-966
-1201
-1363
-1410
-1372
-1204
-1013
-782
-644
-647
-864
-1122
-1082
-729
-215
181
460
574
435
78
-260
-244
129
656
986
993
686
229
-164
-422
-422
-244
19
135
-30
-410
-813
-1051
-1100
-970
-733
-477
-319
-333
-454
-613
-667
-585
-346
-33
248
460
499
395
228
158
276
509
741
903
935
824
607
408
332
362
450
548
626
640
512
322
160
103
180
325
512
639
684
702
706
734
747
857
1039
1214
1329
1366
1387
1327
1220
1107
1074
1092
1098
1082
994
846
615
395
257
173
94
6
-79
-196
-334
-506
-614
-656
-640
-576
-531
-491
-495
-482
-452
-389
-291
-199
-136
-133
-145
-140
-121
-129
-147
-147
-164
-230
-334
-418
-493
-584
-697
-752
-815
-956
-1146
-1272
-1231
-1144
-998
-851
-726
-772
-1008
-1169
-1151
-843
-452
-62
260
357
213
-154
-408
-383
-23
452
748
796
552
197
-172
-393
-404
-248
-70
-27
-134
-400
-661
-884
-1011
-1024
-934
-744
-582
-503
-536
-594
-625
-647
-599
-474
-227
50
242
294
221
112
62
141
321
556
725
763
672
507
388
356
417
479
515
530
520
529
487
404
321
314
404
527
627
689
738
723
673
644
722
918
1113
1230
1260
1234
1160
1072
1032
1072
1154
1182
1130
1013
860
694
557
479
423
369
277
169
47
-108
-245
-337
-371
-350
-300
-273
-288
-354
-402
-407
-391
-337
-251
-146
-121
-186
-223
-188
-143
-165
-227
-244
-246
-302
-389
-476
-535
-606
-717
-857
-989
-1037
-1026
-917
-775
-613
-596
-827
-1110
-1266
-1129
-849
-495
-121
154
185
-104
-460
-648
-525
-174
236
548
598
438
127
-180
-416
-476
-339
-157
-71
-162
-289
-447
-636
-851
-984
-931
-790
-611
-493
-425
-436
-542
-660
-728
-648
-463
-210
-16
83
85
38
27
55
167
273
359
413
441
466
458
470
482
478
432
362
359
421
522
576
596
577
531
483
438
491
607
760
852
850
853
839
834
814
823
926
1046
1147
1167
1125
1026
890
785
735
755
786
794
746
636
478
318
196
106
65
42
33
13
-25
-56
-101
-151
-203
-210
-169
-133
-101
-83
-65
-86
-144
-165
-151
-119
-141
-184
-225
-253
-278
-345
-414
-494
-589
-711
-854
-952
-970
-917
-824
-730
-660
-700
-849
-1028
-1116
-1039
-850
-565
-279
-87
-68
-225
-408
-507
-445
-247
-1
200
259
190
58
-69
-158
-196
-203
-200
-239
-327
-403
-453
-465
-499
-576
-660
-734
-755
-740
-689
-586
-472
-392
-405
-468
-502
-464
-390
-300
-197
-87
37
114
159
177
176
171
165
190
269
402
535
591
533
434
378
393
432
474
528
588
641
669
698
730
734
711
677
685
745
835
944
1006
1019
978
921
882
846
849
879
921
935
891
812
717
612
526
474
430
387
319
253
188
117
64
15
-18
-54
-76
-60
-20
-2
-43
-98
-109
-83
-52
-37
-28
-14
-12
-46
-92
-115
-127
-124
-141
-186
-258
-352
-441
-523
-597
-690
-780
-841
-887
-911
-901
-856
-809
-840
-916
-972
-974
-911
-820
-680
-496
-342
-272
-300
-350
-361
-321
-243
-164
-92
-21
28
33
-6
-75
-142
-217
-300
-383
-425
-413
-372
-341
-355
-411
-500
-597
-673
-669
-575
-441
-330
-288
-284
-292
-298
-300
-304
-274
-196
-88
28
116
164
169
139
97
76
98
179
288
383
424
392
348
345
385
418
446
496
584
656
689
727
766
786
764
767
845
951
1017
1006
969
948
955
979
987
981
967
947
899
842
789
750
706
625
548
483
428
350
254
187
139
115
96
69
31
-3
-19
-38
-74
-107
-113
-96
-71
-47
-15
1
-28
-71
-90
-102
-112
-96
-78
-89
-145
-228
-315
-398
-478
-551
-602
-649
-723
-837
-961
-1036
-1020
-937
-867
-861
-894
-936
-1001
-1066
-1067
-933
-699
-471
-336
-311
-366
-454
-492
-433
-301
-150
-36
23
18
-36
-104
-158
-210
-278
-341
-377
-360
-312
-261
-256
-329
-447
-540
-569
-534
-451
-341
-253
-229
-267
-298
-274
-218
-177
-152
-121
-85
-34
35
117
171
181
171
150
135
142
194
276
333
355
352
352
354
356
378
434
519
611
684
722
734
757
804
862
917
970
1022
1051
1044
1040
1058
1077
1083
1084
1085
1072
1023
964
902
837
767
709
666
613
535
439
354
273
201
159
133
110
79
42
2
-43
-74
-89
-88
-86
-87
-74
-69
-65
-64
-77
-99
-124
-134
-135
-134
-140
-153
-195
-285
-387
-473
-534
-596
-661
-715
-778
-877
-1001
-1111
-1147
-1087
-965
-871
-868
-915
-983
-1049
-1122
-1107
-927
-651
-416
-346
-390
-475
-534
-531
-452
-298
-139
-36
-20
-64
-143
-226
-270
-280
-278
-298
-308
-301
-288
-295
-339
-380
-409
-418
-402
-373
-313
-255
-222
-237
-274
-280
-228
-145
-85
-60
-61
-54
-39
-9
56
129
176
163
112
74
85
162
247
310
333
336
348
363
399
449
510
564
614
665
745
842
927
981
986
970
956
977
1051
1139
1201
1214
1184
1146
1115
1092
1060
1016
970
927
881
837
776
702
619
523
422
342
319
330
322
264
173
80
10
-20
-3
48
90
82
20
-61
-118
-137
-122
-86
-54
-50
-93
-168
-237
-273
-278
-295
-335
-387
-444
-515
-604
-687
-750
-805
-880
-970
-1047
-1088
-1055
-965
-854
-814
-880
-974
-1052
-1095
-1109
-1037
-832
-576
-410
-402
-498
-607
-643
-598
-480
-336
-232
-167
-166
-214
-297
-357
-335
-306
-317
-371
-396
-365
-317
-304
-329
-357
-385
-401
-419
-394
-308
-221
-176
-212
-264
-274
-231
-164
-130
-119
-115
-96
-74
-44
-5
34
63
58
33
11
36
121
228
310
351
375
391
404
414
459
549
660
754
808
869
945
1019
1040
1023
1010
1032
1088
1163
1259
1315
1300
1204
1092
1027
1021
1066
1104
1103
1036
924
804
701
655
645
652
608
508
395
310
282
256
232
206
180
154
118
86
50
15
-17
-41
-59
-72
-81
-91
-119
-175
-242
-292
-317
-317
-313
-327
-373
-462
-568
-660
-713
-733
-750
-789
-863
-951
-1033
-1054
-984
-864
-788
-832
-932
-1014
-1047
-1063
-1044
-908
-676
-465
-421
-512
-634
-687
-650
-565
-440
-328
-239
-201
-236
-303
-384
-408
-390
-376
-388
-387
-333
-278
-274
-336
-383
-398
-392
-378
-347
-274
-208
-178
-205
-261
-293
-286
-244
-216
-206
-196
-169
-136
-117
-95
-65
-23
-6
-15
-30
-7
88
223
344
403
411
409
408
424
465
573
729
868
950
975
986
995
1009
1027
1048
1087
1145
1206
1242
1236
1196
1141
1084
1041
1038
1066
1089
1056
964
861
781
732
705
677
644
580
490
402
346
333
327
303
254
177
105
55
48
63
55
20
-41
-108
-165
-192
-177
-154
-165
-232
-313
-366
-393
-395
-392
-395
-420
-479
-562
-655
-744
-798
-813
-819
-874
-910
-846
-700
-608
-711
-865
-976
-984
-985
-966
-804
-539
-294
-295
-480
-717
-830
-765
-609
-394
-251
-171
-204
-334
-465
-566
-518
-432
-368
-382
-418
-381
-327
-309
-389
-476
-531
-532
-503
-455
-340
-235
-185
-270
-418
-498
-487
-394
-328
-291
-281
-266
-248
-249
-244
-230
-186
-150
-139
-127
-72
61
205
299
306
283
301
349
434
529
656
789
884
933
946
973
1027
1088
1119
1126
1137
1180
1237
1269
1253
1215
1166
1117
1073
1062
1089
1108
1067
964
844
758
709
685
673
661
635
572
482
388
326
294
278
246
195
158
147
156
137
63
-24
-100
-142
-163
-156
-113
-82
-101
-206
-329
-397
-393
-360
-360
-383
-419
-465
-547
-648
-732
-776
-785
-841
-829
-730
-541
-448
-586
-770
-915
-906
-887
-805
-571
-258
-51
-185
-483
-754
-807
-662
-430
-151
-5
21
-134
-369
-589
-700
-595
-423
-285
-303
-363
-402
-445
-529
-650
-664
-625
-556
-520
-485
-395
-364
-398
-545
-685
-701
-588
-400
-298
-283
-349
-404
-452
-477
-428
-321
-170
-105
-118
-172
-177
-75
46
152
184
208
258
329
418
509
638
746
806
799
816
911
1044
1152
1174
1166
1157
1183
1220
1243
1247
1230
1213
1172
1138
1123
1145
1166
1089
959
823
770
768
759
741
703
643
544
449
384
365
357
331
282
200
143
131
159
156
94
27
-33
-88
-146
-151
-88
-37
-77
-198
-311
-358
-350
-328
-314
-336
-406
-515
-622
-688
-723
-714
-747
-741
-679
-543
-454
-585
-772
-926
-884
-800
-679
-431
-138
54
-136
-502
-818
-848
-602
-259
115
262
182
-114
-440
-651
-724
-532
-250
-25
-90
-345
-571
-699
-724
-770
-715
-612
-522
-514
-581
-593
-628
-681
-784
-858
-813
-665
-438
-327
-356
-512
-649
-680
-649
-506
-323
-118
-48
-147
-286
-361
-269
-109
68
176
229
260
272
299
316
398
531
671
754
780
831
909
967
974
978
1027
1122
1218
1269
1252
1176
1097
1062
1069
1104
1156
1202
1160
1018
859
777
783
799
788
751
692
596
483
415
402
407
384
340
286
227
196
197
189
135
71
41
43
27
0
16
35
-1
-112
-207
-210
-164
-130
-144
-200
-289
-403
-504
-589
-621
-636
-620
-525
-420
-316
-438
-678
-902
-959
-838
-703
-437
-141
110
14
-401
-805
-947
-689
-280
158
387
298
-41
-477
-709
-725
-476
-112
163
155
-199
-599
-864
-900
-832
-684
-473
-356
-405
-646
-855
-946
-945
-899
-855
-748
-633
-520
-499
-608
-784
-904
-828
-643
-417
-228
-99
-80
-241
-460
-579
-449
-143
153
324
320
226
109
59
105
252
487
693
794
756
684
667
697
731
770
869
1012
1139
1191
1170
1092
978
894
901
1000
1132
1220
1219
1092
881
703
662
738
846
899
872
757
568
385
299
330
404
451
443
390
296
206
146
110
68
48
80
116
105
62
43
42
-23
-146
-209
-147
-33
10
-46
-156
-292
-415
-490
-503
-447
-444
-415
-373
-314
-315
-534
-725
-839
-760
-641
-513
-286
-54
67
-202
-609
-893
-807
-396
49
422
444
153
-340
-731
-778
-545
-67
334
462
135
-465
-924
-1045
-839
-568
-275
-118
-217
-569
-1007
-1178
-1103
-889
-719
-637
-601
-649
-716
-839
-957
-1030
-957
-721
-483
-325
-302
-313
-394
-561
-663
-574
-243
119
308
274
93
-80
-145
-37
186
474
710
791
696
481
353
414
600
790
910
995
1027
971
858
766
766
844
976
1096
1157
1122
1010
871
734
663
706
867
1030
1051
904
680
481
368
373
485
633
700
622
439
228
98
102
203
309
329
280
196
84
-34
-85
-21
91
136
80
9
-29
-54
-90
-130
-140
-159
-195
-256
-325
-370
-441
-404
-300
-145
-134
-381
-644
-812
-727
-593
-402
-140
82
90
-316
-782
-1006
-765
-229
261
546
387
-67
-612
-876
-713
-301
209
501
455
-41
-682
-1043
-971
-593
-270
-56
-58
-306
-739
-1144
-1201
-986
-679
-509
-511
-622
-805
-953
-1055
-1068
-1002
-814
-557
-411
-433
-585
-688
-712
-698
-586
-362
-36
163
123
-94
-294
-298
-123
172
436
604
622
503
330
210
297
555
825
947
889
783
698
671
683
735
836
938
1004
989
932
855
807
781
761
775
835
947
990
899
721
570
531
573
644
696
708
651
521
369
270
288
378
450
424
317
220
155
105
60
86
177
229
158
8
-87
-89
-29
8
22
-11
-79
-165
-253
-315
-339
-306
-318
-309
-270
-151
-144
-421
-730
-825
-581
-342
-268
-215
-110
-94
-421
-823
-922
-563
-15
311
324
-6
-421
-726
-706
-393
-22
291
354
109
-441
-936
-979
-575
-91
78
-36
-315
-657
-996
-1150
-927
-520
-227
-293
-613
-933
-1109
-1075
-940
-770
-641
-559
-528
-603
-748
-880
-839
-663
-474
-345
-256
-144
-107
-201
-365
-396
-192
123
369
429
363
260
190
197
308
526
755
866
789
610
489
540
718
874
913
868
813
762
729
733
820
925
924
816
696
691
755
812
814
759
690
621
589
595
629
654
639
572
458
376
375
441
469
423
366
328
289
202
129
158
248
290
224
115
50
40
36
26
19
16
7
-39
-113
-183
-238
-254
-335
-441
-419
-229
6
-92
-451
-759
-746
-541
-427
-340
-164
49
-51
-484
-906
-909
-491
-11
281
241
-66
-471
-726
-645
-353
-26
189
200
-60
-546
-916
-852
-422
-55
-21
-243
-512
-736
-907
-895
-677
-399
-297
-462
-730
-934
-977
-871
-709
-598
-595
-629
-624
-621
-711
-820
-786
-581
-357
-280
-286
-290
-300
-353
-403
-289
-34
215
319
258
127
36
91
295
541
685
706
657
579
514
517
665
875
976
904
753
670
692
783
885
949
914
803
704
675
701
725
756
774
723
606
514
542
632
657
590
503
461
441
418
409
429
436
400
351
298
257
227
245
297
307
256
177
150
146
117
80
95
155
159
74
-48
-132
-172
-196
-202
-200
-258
-334
-342
-212
-143
-307
-602
-751
-597
-390
-283
-276
-219
-180
-344
-650
-857
-693
-259
169
306
50
-410
-780
-765
-437
-52
154
132
-41
-374
-735
-889
-660
-204
62
-38
-381
-685
-841
-839
-683
-450
-285
-338
-546
-768
-893
-900
-804
-627
-499
-505
-604
-687
-714
-745
-747
-646
-453
-315
-330
-417
-461
-422
-347
-238
-79
64
116
75
47
90
161
253
393
579
712
695
591
532
596
716
818
887
926
937
877
802
760
794
881
956
973
888
760
658
640
687
716
723
702
645
531
405
369
436
520
517
443
347
266
215
210
278
363
413
377
268
141
64
117
249
339
315
222
159
136
118
91
86
110
111
64
-16
-65
-86
-114
-192
-315
-426
-481
-432
-302
-161
-164
-380
-713
-916
-831
-558
-302
-226
-291
-428
-593
-738
-789
-651
-359
-51
75
-87
-441
-758
-772
-483
-95
116
50
-167
-421
-582
-617
-492
-280
-101
-46
-163
-384
-617
-715
-615
-375
-168
-158
-329
-557
-696
-698
-625
-522
-438
-379
-376
-453
-594
-743
-782
-657
-425
-254
-246
-356
-462
-482
-435
-324
-163
13
124
120
67
43
90
201
357
531
666
705
661
615
628
723
851
973
1042
1040
988
930
909
930
975
1021
1039
1012
943
858
790
747
732
736
729
698
635
559
478
392
324
303
346
398
405
347
248
149
83
88
167
262
302
269
199
130
70
44
76
159
232
247
199
116
23
-49
-46
32
112
99
1
-112
-176
-195
-193
-179
-181
-220
-294
-374
-428
-469
-491
-501
-509
-523
-554
-571
-579
-595
-650
-717
-740
-708
-646
-614
-602
-607
-638
-688
-721
-697
-621
-535
-472
-444
-471
-547
-620
-619
-522
-383
-283
-278
-349
-436
-479
-445
-368
-284
-222
-194
-211
-276
-340
-358
-315
-249
-196
-173
-176
-208
-253
-271
-250
-193
-136
-94
-87
-115
-137
-124
-74
-14
36
70
92
105
134
202
286
342
348
346
379
441
514
564
595
611
619
641
677
730
774
799
797
769
750
772
832
873
853
791
745
734
738
740
741
747
724
650
564
520
538
567
548
486
421
387
378
367
326
264
206
187
202
207
183
137
100
58
-1
-57
-60
-17
8
-32
-111
-176
-213
-233
-237
-215
-196
-218
-287
-356
-381
-363
-346
-362
-402
-441
-456
-449
-438
-443
-473
-518
-548
-549
-531
-516
-528
-565
-606
-620
-601
-573
-564
-582
-605
-622
-630
-624
-612
-582
-549
-532
-546
-585
-604
-568
-498
-445
-432
-439
-450
-464
-482
-477
-430
-354
-303
-321
-378
-416
-398
-336
-272
-229
-206
-197
-195
-193
-171
-126
-70
-21
9
23
40
80
135
199
255
296
321
331
350
390
447
498
527
540
552
575
605
639
666
681
694
703
715
725
736
740
736
726
712
712
729
739
712
655
612
612
642
652
624
577
534
508
488
472
471
478
473
440
376
318
296
306
325
323
292
243
190
155
142
147
153
147
118
77
34
-3
-18
-10
9
10
-21
-70
-107
-119
-124
-122
-117
-121
-156
-221
-280
-300
-276
-240
-236
-276
-351
-424
-467
-467
-442
-422
-434
-482
-541
-582
-594
-595
-605
-626
-635
-618
-603
-620
-673
-730
-747
-719
-668
-627
-621
-656
-706
-734
-719
-674
-630
-600
-597
-614
-639
-643
-605
-549
-505
-490
-486
-460
-408
-359
-335
-337
-329
-287
-220
-153
-106
-86
-77
-58
-17
52
136
216
266
276
260
258
298
376
459
526
565
574
558
542
557
612
680
726
735
713
676
656
673
709
729
720
699
688
680
658
630
611
598
574
543
522
517
510
483
439
391
347
321
319
323
305
259
206
174
167
168
168
154
122
81
58
72
102
114
92
47
13
9
34
66
90
92
79
54
29
19
28
44
50
50
44
33
13
-17
-40
-48
-39
-31
-50
-95
-145
-181
-193
-200
-218
-244
-273
-306
-349
-394
-423
-431
-437
-459
-490
-519
-540
-567
-599
-627
-637
-631
-627
-636
-659
-675
-677
-684
-705
-719
-698
-651
-618
-627
-655
-673
-660
-620
-563
-511
-486
-491
-503
-495
-457
-389
-317
-262
-246
-248
-231
-179
-103
-31
27
62
74
80
112
186
275
334
350
356
382
424
470
509
544
577
606
618
617
619
640
672
688
678
662
666
683
680
656
630
609
596
581
565
556
549
526
488
441
401
380
377
374
347
298
246
212
202
196
189
175
147
101
60
51
76
104
104
75
36
7
4
31
73
101
92
63
45
54
75
97
108
111
112
104
91
78
71
75
84
84
64
30
3
-12
-22
-43
-67
-81
-100
-135
-184
-216
-227
-234
-260
-306
-352
-383
-395
-402
-422
-456
-496
-522
-536
-546
-559
-572
-580
-593
-610
-624
-615
-596
-592
-613
-638
-632
-593
-552
-529
-529
-534
-537
-532
-499
-434
-366
-338
-353
-379
-365
-307
-229
-165
-129
-122
-123
-106
-62
-3
54
95
124
147
169
202
242
272
294
320
358
396
414
423
444
473
487
476
467
491
540
572
557
514
480
474
491
512
521
508
473
425
383
358
364
382
381
348
291
237
203
187
184
188
185
161
115
73
56
57
56
44
29
29
32
27
16
9
13
18
20
26
39
52
61
69
79
85
82
77
86
103
117
121
116
110
102
91
77
63
52
50
53
46
14
-32
-74
-97
-99
-102
-118
-146
-183
-221
-256
-288
-307
-309
-309
-325
-364
-409
-442
-450
-446
-441
-441
-451
-470
-492
-504
-506
-500
-482
-454
-432
-437
-458
-466
-447
-407
-369
-335
-310
-300
-305
-305
-276
-224
-174
-146
-130
-113
-97
-81
-62
-28
15
52
76
93
111
127
146
166
190
219
254
292
319
323
311
310
330
366
403
429
436
421
390
369
377
413
448
458
438
400
363
336
332
344
361
361
334
288
241
210
198
199
200
191
167
131
91
59
43
44
48
41
21
0
-14
-20
-20
-17
-16
-20
-24
-21
-8
5
10
8
6
12
23
34
45
49
45
40
41
50
55
52
38
21
8
2
0
-4
-13
-34
-56
-82
-108
-128
-141
-141
-145
-165
-203
-245
-277
-291
-289
-285
-293
-318
-350
-378
-394
-399
-398
-390
-381
-379
-389
-401
-408
-408
-397
-374
-348
-328
-319
-315
-310
-298
-281
-258
-226
-191
-161
-141
-130
-127
-121
-100
-59
-9
32
51
54
55
68
95
132
170
198
210
211
215
229
254
280
301
315
316
314
316
328
346
362
366
364
357
347
340
339
349
363
367
355
330
304
290
288
293
290
277
256
236
221
210
197
181
164
152
144
132
118
104
98
96
85
62
39
32
42
54
55
41
25
15
12
13
17
21
21
19
19
20
20
16
6
-6
-12
-5
9
14
1
-27
-54
-68
-70
-65
-61
-62
-83
-125
-175
-201
-192
-169
-165
-195
-247
-296
-322
-328
-321
-314
-320
-346
-386
-424
-446
-442
-423
-409
-415
-439
-462
-473
-467
-451
-435
-420
-409
-404
-400
-398
-391
-371
-341
-307
-285
-268
-251
-232
-211
-186
-159
-130
-99
-70
-43
-16
11
34
54
82
113
145
173
197
210
220
238
267
303
330
338
336
332
339
357
384
408
413
402
385
373
375
387
401
403
394
373
354
344
338
336
334
324
302
278
262
257
257
250
230
209
194
186
183
181
172
160
150
143
140
136
133
131
129
120
111
110
119
130
132
123
106
97
98
109
120
125
118
103
79
61
56
65
75
70
48
15
-16
-37
-43
-39
-41
-58
-90
-134
-173
-195
-199
-197
-209
-243
-289
-326
-347
-355
-364
-378
-397
-419
-444
-467
-485
-492
-495
-497
-503
-511
-519
-520
-520
-521
-520
-511
-491
-469
-454
-450
-448
-440
-422
-392
-357
-328
-308
-293
-277
-257
-232
-197
-154
-111
-80
-64
-51
-31
2
44
87
122
142
152
159
175
204
242
277
301
309
308
311
329
355
377
390
395
395
390
385
386
390
398
403
401
391
375
357
345
344
346
344
336
321
301
283
271
267
266
258
246
233
222
218
213
207
201
193
186
184
187
191
190
184
171
158
161
175
188
190
181
169
160
153
152
157
162
161
150
132
115
107
103
96
84
72
60
45
20
-8
-27
-37
-49
-65
-92
-123
-153
-178
-194
-206
-218
-237
-267
-302
-329
-344
-347
-353
-372
-398
-418
-429
-438
-450
-459
-469
-480
-490
-497
-497
-493
-490
-494
-502
-502
-493
-477
-461
-452
-452
-455
-450
-430
-401
-371
-350
-335
-327
-317
-298
-270
-237
-205
-176
-142
-103
-72
-56
-54
-55
-38
0
50
103
152
182
178
153
132
150
216
297
348
348
313
275
268
296
343
382
390
374
347
339
363
395
410
394
374
359
353
348
338
341
349
350
327
289
260
260
293
324
330
297
254
241
252
272
277
277
273
276
276
258
243
242
258
282
298
297
282
264
246
233
231
237
242
231
206
174
141
116
98
94
101
101
79
40
-3
-40
-71
-84
-92
-106
-128
-154
-179
-209
-242
-275
-289
-286
-283
-291
-315
-337
-358
-381
-397
-402
-393
-380
-374
-387
-412
-438
-454
-453
-428
-402
-391
-398
-410
-420
-428
-429
-425
-412
-394
-378
-370
-371
-373
-373
-375
-366
-341
-302
-265
-245
-246
-253
-248
-230
-199
-161
-127
-101
-88
-82
-73
-59
-33
-4
26
49
63
77
99
123
136
135
135
150
175
199
215
217
210
203
200
210
230
252
266
270
263
250
245
250
261
272
285
295
300
294
279
266
267
284
305
323
334
333
320
306
299
302
310
323
334
340
339
327
309
297
298
303
306
309
307
300
285
265
242
227
222
225
228
219
192
157
127
109
98
90
79
62
37
6
-23
-45
-62
-76
-97
-122
-140
-159
-177
-198
-221
-243
-262
-274
-282
-291
-301
-316
-332
-346
-353
-355
-357
-362
-367
-369
-370
-373
-376
-376
-369
-363
-362
-362
-358
-349
-340
-333
-331
-326
-316
-302
-288
-278
-275
-272
-258
-241
-220
-206
-199
-193
-180
-161
-145
-131
-119
-105
-86
-66
-51
-42
-27
-10
8
22
30
40
55
76
92
98
96
95
105
126
144
152
150
145
143
151
166
181
184
179
175
176
185
198
205
209
207
206
206
215
229
239
247
250
246
246
251
262
271
274
271
269
277
290
297
294
283
276
279
289
295
292
282
272
264
260
257
256
252
242
226
212
202
191
181
166
149
132
115
102
93
84
68
42
16
-5
-20
-31
-45
-62
-85
-111
-134
-148
-155
-162
-175
-196
-218
-237
-255
-267
-276
-285
-294
-305
-313
-319
-325
-336
-348
-353
-352
-345
-336
-331
-332
-338
-350
-356
-350
-333
-312
-294
-283
-281
-288
-292
-281
-255
-225
-203
-194
-190
-180
-169
-156
-144
-131
-115
-95
-76
-57
-45
-35
-26
-19
-13
-2
16
41
62
71
66
57
54
62
80
101
120
130
132
126
121
121
128
143
161
174
178
174
169
162
160
160
170
189
206
215
211
198
187
184
195
215
232
238
231
218
209
210
217
225
228
224
222
220
216
210
204
202
201
204
201
194
185
176
167
158
149
143
136
132
124
109
89
74
64
58
53
44
30
16
1
-17
-35
-48
-59
-65
-72
-85
-103
-120
-134
-143
-151
-162
-174
-183
-190
-197
-206
-217
-231
-239
-242
-243
-244
-250
-257
-266
-266
-260
-255
-257
-263
-268
-263
-252
-243
-239
-240
-241
-238
-228
-214
-201
-190
-183
-180
-176
-169
-160
-146
-132
-119
-108
-101
-95
-87
-76
-63
-50
-40
-32
-23
-12
2
15
20
20
23
34
52
69
76
77
76
80
92
107
119
123
122
125
134
145
154
159
160
164
168
174
183
192
199
199
196
196
200
204
210
215
216
216
212
210
212
216
219
220
219
217
213
209
205
203
201
197
191
184
179
172
164
155
148
141
137
131
121
108
99
90
78
68
56
44
34
23
11
-2
-18
-30
-40
-50
-61
-73
-83
-97
-111
-121
-131
-140
-151
-163
-173
-181
-190
-198
-205
-213
-220
-227
-233
-236
-239
-240
-243
-245
-246
-246
-244
-246
-245
-245
-240
-234
-228
-224
-221
-217
-214
-207
-197
-187
-179
-170
-163
-157
-148
-138
-131
-123
-114
-104
-92
-81
-72
-64
-59
-52
-43
-32
-21
-10
0
7
12
18
26
37
49
59
64
67
70
77
91
107
114
118
117
118
126
139
152
160
165
166
168
172
180
188
194
198
200
204
211
217
222
222
221
221
223
229
235
236
236
235
231
226
224
224
226
225
219
211
203
201
199
193
184
175
166
155
145
141
136
128
114
97
79
67
60
52
40
28
13
-3
-17
-31
-43
-54
-65
-79
-94
-108
-121
-132
-141
-153
-168
-183
-192
-200
-205
-212
-222
-231
-241
-248
-256
-261
-262
-263
-266
-273
-277
-277
-276
-274
-270
-269
-268
-268
-264
-257
-247
-238
-234
-229
-223
-218
-211
-204
-191
-173
-158
-150
-149
-145
-138
-126
-110
-96
-82
-73
-69
-65
-60
-51
-38
-25
-14
-6
-1
-1
2
12
24
33
38
39
44
52
61
68
75
82
87
94
102
110
118
124
130
137
146
155
164
170
175
181
186
194
204
214
218
219
219
221
227
232
237
240
241
243
243
244
245
246
243
240
234
231
227
225
221
215
208
203
199
195
190
181
172
164
156
146
136
125
116
105
93
81
72
61
49
36
21
7
-6
-17
-30
-47
-65
-82
-96
-108
-116
-125
-135
-149
-163
-176
-185
-194
-205
-216
-226
-232
-238
-247
-254
-259
-264
-269
-274
-274
-270
-271
-275
-281
-284
-282
-277
-271
-266
-261
-259
-259
-254
-243
-229
-219
-214
-209
-204
-199
-188
-176
-162
-149
-141
-135
-129
-122
-111
-99
-88
-77
-67
-58
-49
-39
-29
-15
-4
7
18
28
37
48
59
68
76
86
98
108
117
124
133
141
150
160
169
175
183
189
194
199
204
207
212
217
222
226
230
230
233
238
243
246
248
248
249
250
252
252
251
249
247
246
244
240
237
234
232
229
224
217
209
202
195
189
182
172
160
149
140
130
120
107
94
80
67
57
47
32
19
4
-11
-26
-39
-52
-62
-76
-91
-105
-119
-131
-143
-152
-161
-170
-179
-189
-199
-208
-216
-222
-228
-234
-240
-246
-251
-254
-257
-258
-261
-262
-265
-263
-261
-261
-258
-254
-252
-252
-248
-241
-233
-227
-224
-220
-213
-207
-200
-187
-176
-170
-165
-163
-157
-150
-139
-127
-117
-110
-105
-101
-92
-81
-72
-62
-51
-42
-34
-29
-20
-10
2
13
21
27
33
41
51
63
73
83
89
97
106
113
121
127
135
139
144
152
160
168
174
177
180
183
189
196
203
205
206
208
210
214
218
221
225
226
224
222
221
222
223
225
226
223
220
214
211
208
205
200
195
188
181
176
168
163
153
141
130
122
113
104
94
81
67
54
42
31
22
10
-3
-18
-34
-50
-62
-72
-80
-88
-100
-114
-129
-141
-150
-156
-163
-168
-176
-185
-193
-202
-206
-208
-212
-216
-220
-225
-228
-229
-228
-227
-229
-229
-229
-228
-225
-223
-218
-214
-209
-206
-201
-196
-192
-186
-183
-177
-170
-163
-154
-146
-141
-138
-133
-127
-118
-108
-100
-93
-86
-79
-74
-68
-62
-55
-45
-38
-30
-24
-17
-9
-2
8
15
24
33
38
45
55
64
75
83
91
96
102
109
119
129
138
144
148
152
159
168
176
182
186
190
193
197
202
207
210
213
216
221
222
223
224
223
225
225
224
224
224
222
219
216
212
208
205
199
195
188
182
174
164
155
145
136
129
120
110
99
87
74
60
51
40
29
17
4
-8
-22
-34
-45
-55
-65
-76
-87
-96
-104
-112
-122
-131
-136
-142
-150
-156
-161
-166
-169
-175
-175
-177
-182
-187
-190
-191
-191
-194
-193
-192
-191
-191
-193
-194
-193
-192
-192
-191
-189
-187
-185
-184
-183
-182
-179
-176
-172
-167
-162
-157
-153
-148
-143
-140
-136
-132
-124
-116
-111
-105
-100
-93
-87
-80
-74
-67
-61
-54
-46
-35
-28
-20
-12
-5
3
11
20
30
38
46
53
61
71
81
89
96
104
112
121
130
138
147
153
160
164
171
177
184
192
198
203
204
206
207
212
216
216
216
215
216
216
216
215
214
212
206
201
196
192
189
183
175
169
161
153
146
138
130
120
109
101
90
81
72
62
52
42
30
20
11
2
-8
-18
-26
-36
-47
-55
-64
-73
-81
-89
-97
-102
-107
-112
-118
-124
-129
-133
-139
-141
-144
-147
-150
-152
-154
-155
-157
-158
-159
-159
-158
-161
-159
-159
-158
-158
-158
-157
-156
-154
-153
-150
-148
-146
-145
-144
-141
-139
-138
-136
-134
-130
-126
-123
-119
-116
-112
-110
-108
-104
-100
-94
-88
-82
-76
-73
-68
-63
-55
-48
-42
-37
-30
-23
-15
-7
1
8
17
23
29
36
45
53
62
71
79
87
92
100
107
114
121
129
134
142
146
150
154
159
166
167
170
174
176
179
180
180
180
182
182
180
179
177
175
170
168
164
159
155
151
145
138
132
126
120
113
106
98
89
81
73
67
60
52
43
34
26
17
9
2
-6
-14
-21
-27
-35
-42
-48
-53
-60
-65
-70
-74
-79
-83
-89
-93
-96
-99
-103
-107
-112
-113
-113
-112
-113
-113
-115
-116
-117
-116
-116
-118
-119
-119
-117
-114
-114
-117
-116
-112
-109
-107
-105
-103
-101
-100
-98
-97
-94
-93
-90
-87
-85
-84
-81
-78
-73
-69
-66
-64
-59
-54
-49
-48
-46
-42
-37
-30
-26
-23
-19
-15
-10
-4
-1
5
13
19
26
31
35
38
45
51
57
62
67
72
76
82
87
93
96
101
107
110
113
117
121
125
128
128
128
129
133
136
136
136
134
134
132
130
129
127
124
120
116
113
109
105
102
96
89
83
76
69
64
59
53
48
40
33
27
22
16
9
2
-3
-10
-17
-20
-25
-30
-37
-43
-48
-51
-57
-62
-65
-67
-71
-76
-79
-83
-86
-90
-93
-96
-100
-102
-104
-104
-106
-108
-110
-110
-110
-109
-108
-109
-108
-109
-110
-109
-107
-106
-106
-105
-103
-100
-96
-94
-92
-87
-87
-83
-80
-77
-73
-68
-64
-60
-56
-53
-50
-46
-41
-35
-31
-25
-20
-16
-12
-6
-1
4
9
13
17
23
30
35
40
43
48
51
55
58
63
67
71
76
80
83
85
87
90
91
93
95
99
101
104
104
103
104
104
107
105
105
106
105
106
103
100
99
97
95
94
93
90
88
84
79
74
72
68
64
61
57
52
48
44
39
35
30
26
20
16
11
5
2
-4
-9
-15
-21
-25
-28
-33
-38
-43
-49
-53
-55
-60
-63
-66
-71
-75
-79
-82
-83
-86
-90
-94
-97
-101
-101
-103
-103
-105
-108
-110
-110
-110
-113
-113
-114
-115
-116
-115
-112
-109
-107
-108
-107
-107
-105
-103
-99
-96
-91
-89
-87
-84
-82
-77
-73
-70
-66
-62
-58
-52
-47
-42
-36
-30
-25
-22
-18
-12
-4
3
9
15
21
26
30
36
42
49
54
60
65
72
77
82
88
94
97
101
103
107
112
117
121
124
127
129
131
132
134
136
138
140
139
140
139
138
137
137
133
131
129
127
126
122
119
115
110
105
101
97
93
89
82
78
71
67
61
55
50
44
38
32
27
21
16
10
4
-1
-6
-12
-19
-23
-29
-35
-38
-43
-48
-53
-58
-63
-67
-70
-72
-75
-78
-83
-87
-91
-94
-96
-98
-100
-102
-104
-105
-106
-108
-109
-110
-111
-111
-110
-110
-111
-112
-112
-111
-112
-112
-109
-107
-105
-105
-105
-102
-100
-96
-98
-96
-93
-91
-87
-84
-81
-76
-73
-71
-67
-64
-59
-55
-52
-47
-42
-36
-32
-26
-21
-18
-16
-12
-5
2
7
13
18
22
26
31
36
43
50
55
59
64
69
72
77
81
87
91
93
97
102
105
108
111
115
119
121
124
124
126
128
127
129
130
130
130
129
128
127
125
122
121
119
118
114
111
108
103
98
93
89
85
81
76
72
66
60
53
46
40
35
29
22
16
9
2
-4
-10
-17
-23
-30
-34
-40
-45
-50
-56
-62
-66
-73
-77
-82
-87
-89
-93
-98
-101
-105
-108
-110
-111
-114
-115
-116
-116
-118
-119
-118
-120
-120
-119
-119
-118
-117
-117
-116
-114
-111
-111
-106
-106
-104
-102
-100
-96
-94
-92
-89
-88
-84
-81
-79
-75
-72
-70
-67
-65
-61
-57
-53
-51
-48
-45
-42
-40
-34
-31
-28
-24
-22
-18
-14
-10
-4
-1
4
9
13
17
20
26
32
36
40
44
49
56
61
66
73
77
82
88
93
97
102
106
111
115
121
125
127
129
131
135
138
141
142
143
145
145
146
146
147
146
143
142
141
138
135
131
127
124
119
115
111
105
100
94
87
81
74
67
60
53
47
38
32
23
16
10
4
-4
-10
-18
-26
-31
-38
-43
-50
-57
-62
-67
-73
-79
-83
-88
-93
-97
-101
-103
-105
-109
-112
-113
-115
-116
-116
-117
-118
-117
-119
-117
-115
-115
-115
-113
-113
-109
-106
-105
-102
-100
-98
-94
-91
-89
-85
-81
-78
-73
-68
-65
-62
-57
-53
-49
-46
-41
-36
-33
-31
-29
-23
-20
-14
-11
-9
-5
-2
-1
3
7
9
12
14
17
22
24
25
29
33
35
37
39
42
47
49
49
52
57
61
63
64
67
69
71
74
79
83
86
88
90
94
98
99
100
102
106
108
109
111
114
115
114
113
113
115
115
113
109
109
107
104
102
96
95
89
84
80
75
70
64
57
52
47
40
31
24
17
10
2
-5
-10
-19
-27
-35
-43
-49
-55
-63
-70
-76
-82
-87
-92
-98
-102
-108
-112
-115
-118
-121
-124
-125
-130
-131
-132
-134
-133
-134
-134
-133
-133
-131
-129
-128
-128
-127
-124
-121
-118
-113
-109
-105
-102
-98
-94
-89
-86
-81
-77
-73
-67
-63
-57
-53
-49
-45
-41
-36
-31
-26
-21
-18
-14
-9
-4
-1
3
8
11
15
21
24
27
31
34
37
39
42
46
50
51
56
58
61
64
66
69
71
73
76
78
81
83
86
86
88
91
93
94
95
97
99
101
102
104
104
105
106
106
107
107
107
105
105
105
104
102
101
100
98
95
92
91
89
84
81
76
72
70
65
60
56
53
48
41
35
30
24
18
11
4
-1
-6
-13
-20
-26
-33
-39
-43
-49
-55
-60
-65
-71
-76
-80
-84
-88
-94
-97
-99
-101
-106
-107
-109
-111
-113
-114
-114
-114
-115
-114
-114
-113
-111
-110
-109
-108
-105
-103
-100
-97
-94
-90
-87
-85
-81
-76
-73
-71
-68
-64
-60
-56
-51
-47
-44
-40
-36
-31
-27
-24
-20
-18
-13
-8
-6
-2
2
4
7
12
15
20
24
28
31
34
39
42
44
47
49
52
56
57
61
63
64
69
71
74
77
79
82
85
86
88
90
91
93
94
95
96
96
98
97
98
98
98
98
99
98
96
95
93
92
90
87
85
82
78
74
71
67
64
60
57
55
50
45
42
37
32
27
23
19
15
10
5
0
-5
-9
-15
-18
-23
-28
-32
-37
-40
-43
-47
-51
-55
-58
-62
-66
-68
-70
-72
-76
-79
-80
-83
-83
-85
-87
-89
-89
-91
-92
-93
-92
-92
-94
-95
-94
-95
-95
-94
-92
-90
-91
-90
-88
-84
-82
-81
-81
-79
-75
-75
-72
-71
-68
-65
-61
-59
-56
-52
-50
-46
-43
-38
-35
-33
-28
-25
-21
-18
-12
-9
-6
1
5
7
12
17
21
25
29
33
37
42
45
48
53
55
59
64
68
71
75
79
81
83
86
89
92
93
95
97
98
100
101
102
101
101
101
102
102
100
99
97
96
94
91
89
87
84
82
78
74
70
68
64
60
55
50
47
41
37
33
26
22
18
11
6
3
-2
-7
-11
-15
-19
-24
-28
-32
-36
-40
-44
-48
-52
-54
-57
-60
-61
-65
-67
-68
-71
-70
-71
-72
-73
-74
-73
-74
-75
-75
-74
-75
-74
-73
-74
-72
-71
-72
-70
-69
-68
-67
-66
-65
-63
-62
-62
-61
-59
-60
-58
-57
-56
-55
-52
-51
-49
-48
-47
-45
-45
-43
-41
-40
-37
-37
-35
-32
-28
-26
-24
-22
-19
-16
-12
-8
-5
-1
1
5
9
13
17
23
26
31
36
38
43
47
53
58
62
66
70
74
79
81
84
86
89
93
96
97
101
101
102
104
103
103
103
102
101
101
99
98
96
91
88
84
80
77
73
69
65
60
55
50
45
38
34
29
23
18
15
10
6
1
-5
-10
-14
-20
-24
-28
-33
-35
-39
-43
-44
-46
-48
-51
-56
-57
-58
-60
-61
-63
-63
-63
-64
-65
-65
-65
-65
-66
-66
-65
-65
-65
-65
-64
-62
-60
-59
-59
-57
-55
-53
-54
-53
-51
-50
-49
-48
-47
-43
-43
-42
-42
-40
-38
-37
-36
-36
-33
-32
-31
-30
-28
-26
-27
-25
-25
-22
-19
-18
-15
-12
-9
-8
-6
-3
-1
2
4
7
10
12
14
20
23
25
28
31
35
38
41
45
50
55
56
57
59
64
67
67
68
71
73
76
76
78
80
82
80
80
83
85
86
85
84
85
82
79
75
75
73
70
66
62
61
58
53
49
46
42
40
35
31
28
25
21
15
9
4
0
-5
-9
-12
-18
-22
-27
-32
-36
-39
-43
-46
-49
-52
-53
-54
-56
-58
-61
-64
-65
-67
-69
-70
-70
-72
-72
-74
-75
-76
-75
-77
-75
-74
-72
-71
-70
-68
-67
-66
-66
-63
-60
-60
-60
-60
-60
-60
-59
-59
-58
-57
-54
-53
-51
-50
-46
-43
-42
-39
-38
-35
-33
-31
-28
-28
-24
-22
-20
-18
-15
-14
-11
-8
-6
-2
1
4
8
13
15
19
23
27
32
35
38
39
43
45
48
50
51
53
56
61
62
64
66
69
71
73
74
76
78
79
79
79
78
79
79
78
77
75
74
73
74
71
71
70
68
66
65
63
61
59
59
58
55
51
48
44
41
37
33
30
26
24
22
19
15
12
9
7
2
1
-2
-6
-8
-11
-15
-19
-23
-25
-28
-32
-36
-38
-41
-44
-48
-51
-53
-56
-57
-58
-61
-63
-64
-65
-67
-68
-70
-72
-71
-74
-73
-75
-75
-75
-75
-74
-75
-74
-73
-71
-70
-68
-67
-65
-64
-62
-60
-59
-57
-56
-53
-53
-51
-48
-45
-42
-40
-38
-36
-33
-30
-28
-23
-21
-18
-14
-13
-11
-9
-7
-5
0
3
7
10
12
16
19
21
24
26
30
33
36
38
40
44
46
49
50
53
55
59
61
63
65
67
68
70
69
72
72
74
76
77
78
79
79
78
77
76
75
73
72
75
75
72
68
66
64
62
61
59
57
54
52
50
45
42
39
37
33
30
28
26
22
19
17
13
10
7
2
1
-1
-5
-8
-12
-13
-16
-19
-23
-26
-29
-33
-36
-38
-40
-42
-44
-48
-52
-55
-56
-57
-60
-62
-63
-64
-65
-66
-68
-70
-70
-72
-72
-72
-73
-73
-73
-72
-71
-69
-70
-69
-68
-67
-66
-63
-61
-61
-59
-58
-57
-55
-54
-51
-49
-47
-44
-43
-41
-40
-38
-35
-32
-28
-26
-23
-21
-18
-15
-12
-10
-7
-3
-1
3
7
10
13
17
20
23
25
28
31
35
39
42
45
48
50
51
54
55
58
61
63
65
66
67
68
69
70
69
71
71
72
72
71
72
72
71
70
69
67
65
65
62
60
60
57
56
53
50
46
44
41
39
38
34
31
28
25
22
16
12
11
9
5
3
0
-3
-6
-8
-11
-13
-16
-19
-20
-21
-24
-25
-27
-29
-31
-34
-35
-36
-37
-38
-38
-39
-41
-41
-43
-44
-45
-46
-46
-46
-47
-47
-48
-48
-51
-51
-52
-51
-52
-52
-51
-51
-50
-52
-50
-50
-51
-50
-50
-49
-48
-47
-46
-45
-43
-42
-41
-39
-38
-37
-36
-34
-31
-29
-28
-25
-23
-20
-19
-16
-14
-12
-8
-5
-4
-1
2
4
5
9
12
14
16
18
21
23
26
27
30
33
35
36
38
40
41
41
42
44
46
46
46
45
45
47
47
46
46
46
46
45
46
44
43
41
40
39
39
37
35
34
33
31
31
29
29
28
26
24
22
21
20
19
16
15
12
11
10
9
6
4
3
3
2
1
-1
-3
-5
-7
-6
-8
-10
-11
-12
-13
-13
-14
-14
-15
-17
-18
-18
-18
-18
-18
-19
-20
-21
-22
-23
-22
-23
-25
-25
-26
-25
-25
-26
-25
-27
-27
-28
-28
-27
-25
-25
-27
-28
-28
-27
-26
-27
-27
-27
-26
-24
-23
-23
-23
-22
-20
-19
-18
-17
-16
-15
-13
-11
-10
-10
-8
-7
-6
-4
-2
0
3
5
6
6
9
11
11
12
14
15
16
18
19
21
23
23
23
25
28
29
28
29
31
31
32
31
31
32
33
32
32
31
32
33
33
32
31
31
30
29
29
29
30
29
28
26
25
26
24
22
21
20
18
17
16
14
12
10
7
7
5
5
3
1
0
-2
-3
-4
-6
-7
-10
-11
-13
-15
-14
-17
-18
-20
-21
-22
-25
-25
-26
-27
-28
-29
-31
-30
-32
-33
-35
-37
-36
-36
-36
-36
-36
-36
-38
-37
-37
-36
-34
-35
-36
-35
-36
-36
-35
-35
-34
-33
-32
-31
-31
-31
-29
-26
-27
-25
-24
-21
-20
-17
-15
-14
-14
-12
-9
-7
-6
-5
-3
-1
1
4
6
7
8
9
12
14
16
17
19
21
21
24
26
27
28
28
29
30
32
33
34
35
34
36
37
37
38
39
40
40
41
41
40
40
40
39
38
37
36
36
35
34
34
33
31
29
28
28
27
26
24
23
21
20
19
16
15
12
10
9
6
4
3
1
1
-1
-2
-4
-5
-6
-8
-10
-11
-14
-13
-15
-18
-19
-21
-21
-22
-23
-24
-25
-27
-28
-28
-28
-29
-30
-32
-32
-32
-33
-33
-34
-34
-36
-35
-35
-35
-34
-34
-34
-33
-34
-33
-32
-32
-32
-32
-31
-30
-28
-27
-27
-26
-26
-25
-24
-24
-21
-20
-18
-19
-17
-16
-14
-12
-10
-8
-8
-5
-3
-1
2
2
3
5
8
11
12
13
16
18
20
21
23
22
24
25
27
27
28
30
32
32
33
34
35
36
37
39
40
42
43
44
44
44
46
44
43
43
42
41
40
38
38
36
35
34
34
33
30
31
30
29
28
26
26
25
23
21
20
17
16
14
12
10
7
8
5
3
2
-1
-3
-4
-5
-6
-9
-11
-12
-13
-15
-17
-19
-20
-21
-24
-25
-25
-26
-29
-30
-30
-30
-30
-31
-34
-34
-34
-36
-36
-36
-37
-38
-38
-37
-36
-38
-39
-38
-37
-37
-38
-39
-37
-36
-36
-36
-36
-35
-35
-35
-36
-34
-32
-33
-31
-29
-28
-27
-28
-26
-26
-24
-23
-21
-19
-18
-16
-16
-13
-11
-10
-9
-7
-4
-2
-2
0
4
5
6
9
11
14
16
18
18
21
22
23
28
30
31
33
33
35
37
37
40
41
42
41
43
44
46
46
46
45
45
45
44
44
43
43
41
40
40
39
37
36
34
32
30
27
25
26
24
21
17
14
13
10
8
7
5
2
-1
-2
-5
-7
-9
-11
-13
-14
-15
-17
-21
-21
-21
-23
-25
-24
-25
-26
-28
-28
-29
-28
-29
-30
-30
-30
-31
-32
-32
-32
-31
-31
-33
-31
-31
-32
-33
-34
-32
-31
-30
-31
-31
-31
-34
-33
-32
-32
-29
-30
-30
-30
-29
-31
-31
-30
-29
-29
-28
-26
-24
-24
-25
-24
-23
-21
-19
-19
-17
-16
-14
-14
-12
-10
-8
-7
-6
-2
-2
1
3
6
9
9
10
12
15
16
19
20
22
25
27
28
29
29
31
33
36
37
40
41
41
42
44
44
43
45
47
48
48
48
48
49
50
48
47
48
48
48
48
48
47
47
47
46
44
43
41
40
39
38
36
34
33
32
29
27
27
25
23
22
20
19
18
16
12
8
6
5
4
1
-1
-3
-5
-6
-9
-10
-12
-13
-14
-18
-18
-20
-22
-22
-25
-26
-28
-30
-31
-33
-32
-34
-35
-34
-35
-35
-36
-36
-37
-39
-37
-38
-38
-37
-38
-38
-40
-39
-40
-39
-37
-38
-37
-36
-36
-35
-35
-34
-33
-33
-32
-32
-31
-30
-29
-28
-29
-28
-26
-25
-23
-22
-22
-19
-18
-15
-15
-14
-13
-11
-10
-8
-6
-3
-2
-1
0
2
3
4
6
8
9
11
14
17
19
18
19
19
21
23
23
24
26
25
26
27
28
29
31
31
32
33
32
32
32
34
32
30
31
31
31
31
29
29
29
30
27
27
26
26
26
24
23
23
20
19
18
17
16
13
13
13
12
10
8
7
6
5
2
2
1
0
-1
-3
-5
-7
-8
-10
-12
-13
-13
-14
-15
-16
-17
-19
-20
-20
-22
-23
-23
-24
-24
-25
-27
-27
-27
-27
-28
-30
-29
-29
-30
-30
-29
-28
-28
-29
-28
-27
-28
-28
-26
-25
-24
-26
-25
-24
-23
-21
-21
-20
-19
-17
-17
-16
-14
-13
-14
-14
-13
-9
-8
-8
-7
-5
-3
-2
-1
1
2
3
4
6
7
8
9
11
12
14
14
15
17
18
19
19
20
21
22
22
23
23
24
25
25
26
27
25
25
25
25
25
23
24
24
23
24
23
22
22
21
20
19
17
17
16
16
16
15
13
13
14
14
12
10
11
12
11
9
8
7
5
5
5
4
4
3
4
4
2
1
0
-1
-1
-3
-2
-3
-4
-4
-4
-5
-5
-6
-6
-7
-8
-8
-9
-9
-10
-11
-12
-11
-12
-12
-14
-14
-13
-13
-15
-16
-16
-17
-18
-17
-17
-16
-18
-19
-18
-18
-18
-18
-20
-21
-19
-19
-19
-20
-20
-18
-17
-17
-17
-18
-17
-16
-14
-14
-14
-13
-11
-10
-8
-6
-8
-6
-4
-2
-2
-2
-1
1
2
3
4
5
7
8
9
10
13
15
16
16
17
19
19
19
19
20
20
21
21
20
20
21
20
21
22
21
21
22
21
21
20
20
20
21
20
17
17
16
16
16
17
15
14
15
14
14
14
13
14
13
13
14
13
12
11
12
13
13
11
9
9
8
8
8
8
7
6
5
5
4
2
2
1
0
-2
-2
-4
-6
-7
-8
-9
-10
-13
-13
-13
-14
-16
-17
-18
-19
-19
-21
-21
-22
-24
-24
-25
-26
-27
-27
-29
-29
-29
-30
-29
-29
-29
-29
-28
-27
-27
-27
-28
-28
-27
-26
-25
-25
-24
-23
-22
-23
-21
-21
-19
-18
-16
-14
-12
-12
-10
-10
-8
-7
-6
-6
-3
-1
0
1
2
3
6
6
7
8
9
10
11
12
13
15
14
14
15
15
16
17
17
19
19
18
20
20
20
19
20
20
19
19
18
18
18
17
17
17
17
17
15
15
16
15
14
13
13
14
11
11
10
11
10
7
6
7
7
6
4
4
4
5
3
2
2
2
0
-1
-1
-1
-2
-2
-2
-3
-3
-4
-4
-3
-4
-4
-5
-6
-4
-5
-6
-6
-5
-6
-7
-8
-7
-7
-8
-8
-8
-8
-9
-9
-9
-9
-9
-9
-9
-9
-8
-10
-9
-9
-8
-8
-8
-7
-7
-7
-7
-8
-9
-8
-8
-7
-7
-8
-5
-5
-5
-4
-4
-3
-4
-3
-2
-1
0
0
0
0
0
0
1
0
2
1
2
3
3
3
3
2
3
3
3
3
3
4
4
6
4
5
5
5
5
5
5
5
6
5
5
5
5
4
4
4
5
6
6
7
7
6
6
6
5
6
5
5
5
6
6
4
6
4
5
5
4
4
4
4
4
3
5
4
4
3
3
4
4
4
4
4
4
4
4
3
2
2
2
1
-1
0
0
-1
-1
-1
0
-1
-1
-1
0
0
0
-1
-2
-3
-3
-4
-5
-6
-6
-7
-7
-8
-7
-6
-6
-6
-8
-7
-6
-7
-6
-5
-6
-5
-7
-7
-7
-8
-7
-6
-6
-6
-7
-6
-6
-5
-4
-3
-3
-2
-1
-3
-2
-2
-2
-2
-2
0
2
1
0
2
4
4
4
3
5
5
5
4
4
4
5
4
4
5
5
5
5
5
5
4
4
3
5
6
3
1
2
3
4
5
3
4
3
2
2
2
2
1
1
-1
0
1
1
1
1
1
2
3
2
2
2
1
2
2
1
2
2
1
1
2
2
0
0
0
0
0
1
-1
-1
-2
-2
-2
-3
-2
-2
-3
-3
-4
-4
-3
-4
-5
-6
-5
-6
-7
-8
-8
-8
-8
-9
-9
-9
-9
-10
-11
-12
-11
-9
-9
-9
-9
-10
-9
-11
-11
-10
-9
-9
-8
-9
-9
-8
-8
-6
-6
-6
-6
-6
-4
-4
-4
-3
-3
-3
-2
-1
0
0
0
1
1
3
1
2
3
2
3
3
3
5
6
6
5
5
6
5
6
6
7
7
8
8
8
8
8
8
7
8
8
7
8
8
9
8
8
8
9
9
9
8
9
9
9
8
8
8
8
8
8
7
8
8
7
7
6
7
6
6
7
7
7
6
5
6
5
5
