3
2
1
2
1
1
0
0
0
0
0
-2
-2
-2
-3
-2
-3
-3
-4
-4
-4
-5
-3
-4
-4
-4
-5
-4
-5
-4
-4
-5
-4
-4
-4
-4
-4
-3
-4
-4
-4
-3
-3
-3
-3
-4
-4
-4
-4
-3
-3
-3
-3
-5
-4
-5
-4
-4
-5
-5
-5
-6
-5
-5
-6
-4
-4
-4
-5
-5
-4
-4
-4
-3
-2
-1
-1
-2
-1
0
-1
0
1
2
2
2
3
4
5
4
5
5
5
6
6
6
7
7
7
8
8
8
8
8
7
8
7
7
6
7
6
6
6
5
6
5
4
3
2
4
2
2
1
0
-1
-2
-2
-3
-4
-4
-5
-5
-5
-6
-6
-6
-7
-8
-9
-9
-9
-9
-11
-10
-11
-13
-13
-13
-13
-13
-13
-12
-13
-13
-13
-13
-13
-13
-14
-16
-17
-18
-18
-19
-20
-22
-23
-24
-25
-25
-23
-20
-18
-16
-13
-12
-7
-3
0
6
11
15
19
23
27
30
35
39
44
47
50
50
51
51
51
52
52
53
50
49
47
44
40
38
36
35
32
27
23
20
15
11
6
3
0
-4
-8
-12
-18
-23
-27
-29
-31
-32
-34
-35
-33
-32
-32
-30
-26
-23
-19
-15
-11
-5
2
9
15
23
31
38
47
54
61
68
74
81
86
91
95
95
97
99
100
99
97
95
94
90
86
82
77
71
65
57
48
39
30
21
12
2
-10
-20
-25
-34
-43
-53
-63
-69
-75
-82
-90
-98
-104
-109
-112
-117
-124
-125
-128
-130
-131
-131
-130
-127
-126
-127
-129
-133
-135
-134
-134
-135
-136
-139
-140
-145
-149
-147
-136
-123
-113
-108
-108
-102
-94
-83
-65
-49
-35
-23
-11
1
11
20
31
47
66
83
93
96
95
95
99
104
107
109
106
100
93
88
83
78
71
67
64
64
66
59
50
40
32
27
23
16
3
-9
-22
-32
-35
-39
-45
-50
-55
-57
-56
-54
-54
-54
-53
-52
-48
-41
-34
-30
-25
-19
-6
8
24
37
50
65
79
95
112
127
140
153
167
180
193
202
208
215
221
228
232
236
232
227
225
220
214
205
196
184
170
157
140
125
109
91
73
56
40
21
3
-14
-30
-43
-56
-71
-85
-100
-113
-123
-135
-143
-149
-156
-161
-166
-168
-169
-171
-173
-173
-173
-173
-171
-168
-165
-163
-164
-168
-168
-167
-169
-170
-170
-171
-171
-171
-173
-174
-179
-185
-188
-190
-188
-182
-173
-166
-163
-162
-158
-151
-138
-125
-110
-92
-78
-64
-49
-36
-26
-17
-4
9
26
41
56
64
67
70
77
86
93
98
100
105
108
111
117
119
118
117
121
124
129
129
128
124
117
113
110
106
97
87
79
72
63
53
48
43
33
26
24
19
14
10
6
6
7
6
11
16
19
25
35
46
56
66
80
95
107
120
136
152
165
177
193
209
220
230
239
245
250
254
260
263
260
255
248
241
230
217
205
189
170
150
131
114
93
71
50
30
9
-11
-29
-48
-71
-90
-105
-122
-139
-155
-169
-184
-198
-211
-219
-227
-237
-244
-246
-247
-249
-249
-252
-256
-255
-252
-247
-242
-240
-238
-236
-235
-230
-226
-218
-214
-213
-211
-207
-203
-200
-199
-198
-195
-190
-183
-175
-167
-162
-158
-148
-139
-125
-109
-95
-81
-72
-58
-44
-32
-19
-7
8
23
33
43
54
62
70
76
85
96
101
105
110
115
122
127
131
137
143
149
156
160
160
160
158
159
157
151
146
139
130
119
111
105
100
91
82
74
68
61
54
48
41
35
32
29
28
28
26
24
23
28
35
39
46
52
59
66
75
83
94
105
114
128
142
151
163
174
184
193
201
208
216
221
221
218
214
207
199
193
187
177
164
151
137
121
104
88
72
57
42
25
7
-11
-28
-48
-67
-85
-99
-114
-131
-149
-164
-179
-192
-205
-216
-224
-233
-241
-250
-257
-263
-267
-268
-269
-269
-267
-267
-264
-261
-259
-255
-247
-237
-229
-220
-207
-198
-190
-185
-179
-174
-166
-158
-154
-148
-144
-140
-136
-133
-129
-123
-117
-110
-99
-88
-79
-67
-58
-50
-39
-27
-14
-2
8
19
28
35
40
44
50
58
66
73
78
84
89
96
102
107
116
126
135
144
151
154
156
157
161
166
169
171
168
166
160
152
146
140
137
134
128
122
113
104
96
89
85
83
82
78
74
71
67
63
59
58
57
57
57
55
53
52
52
55
59
65
73
82
90
95
100
106
112
118
126
130
133
135
134
132
132
132
134
135
132
128
122
115
107
98
88
78
67
55
42
29
16
4
-10
-25
-37
-49
-60
-73
-86
-102
-118
-132
-147
-159
-169
-180
-190
-201
-209
-217
-225
-230
-232
-235
-238
-242
-244
-246
-247
-248
-250
-247
-244
-239
-235
-229
-222
-217
-209
-201
-193
-185
-174
-163
-153
-146
-138
-129
-116
-104
-90
-76
-61
-45
-32
-18
-6
8
23
39
54
64
73
80
86
92
99
107
115
120
125
127
131
133
136
138
140
145
148
149
151
150
146
142
139
138
137
133
128
119
110
102
95
89
82
74
66
62
58
55
48
42
41
39
38
37
36
34
32
30
29
28
27
25
26
27
31
32
32
35
40
46
54
60
68
77
85
92
97
104
109
113
118
124
131
132
131
129
127
125
122
122
120
116
107
98
89
81
72
59
48
39
28
18
4
-9
-23
-39
-52
-61
-68
-76
-90
-102
-116
-127
-138
-148
-154
-163
-170
-177
-183
-190
-197
-204
-208
-209
-210
-211
-211
-211
-212
-212
-212
-210
-204
-199
-193
-187
-184
-179
-174
-170
-164
-157
-149
-141
-133
-125
-118
-113
-107
-98
-87
-79
-70
-59
-46
-37
-30
-20
-8
4
16
27
38
45
50
55
60
64
70
75
81
85
88
88
91
88
89
89
91
94
96
99
97
95
92
91
89
85
84
82
78
72
66
59
54
49
45
44
40
38
37
34
29
28
27
28
28
29
33
35
32
34
36
41
47
49
53
57
59
63
70
77
84
93
104
110
117
122
127
131
136
143
148
152
154
155
155
154
154
151
147
142
136
130
125
118
110
101
92
81
70
61
51
38
27
15
3
-12
-26
-36
-46
-58
-70
-79
-92
-104
-114
-122
-128
-135
-143
-148
-155
-161
-165
-169
-169
-170
-171
-171
-172
-172
-169
-166
-163
-160
-158
-151
-144
-138
-131
-126
-121
-115
-113
-110
-102
-95
-88
-85
-80
-76
-69
-62
-57
-52
-44
-35
-29
-23
-16
-7
-1
4
10
16
20
25
27
31
36
36
37
36
34
36
38
39
38
36
36
38
34
29
30
30
27
23
22
22
20
17
15
12
11
11
11
10
8
7
7
6
5
3
6
7
9
12
13
13
15
19
21
23
27
31
36
40
45
48
51
54
59
64
71
75
80
85
91
94
100
105
109
116
122
124
128
130
131
131
132
131
131
131
128
123
120
114
110
104
96
91
86
79
71
63
54
46
38
31
21
13
2
-6
-13
-23
-32
-42
-49
-58
-65
-70
-77
-83
-91
-95
-100
-103
-107
-109
-109
-110
-112
-113
-114
-115
-112
-112
-110
-108
-109
-106
-102
-100
-98
-96
-94
-90
-86
-83
-79
-79
-77
-73
-71
-71
-68
-66
-64
-63
-62
-62
-63
-64
-64
-63
-63
-62
-60
-56
-55
-56
-53
-54
-54
-54
-55
-53
-52
-52
-51
-54
-56
-54
-52
-51
-53
-52
-48
-44
-43
-42
-40
-36
-31
-26
-20
-14
-11
-7
-4
2
8
14
19
25
30
35
37
39
43
48
54
59
62
68
75
76
77
79
82
87
91
95
103
107
106
107
107
110
113
118
121
123
128
127
128
131
133
134
133
135
139
140
140
138
137
136
133
130
129
128
126
124
119
114
109
105
102
97
90
85
77
73
68
59
53
47
40
33
27
23
19
12
9
0
-9
-16
-22
-28
-34
-45
-51
-58
-65
-72
-77
-83
-89
-92
-97
-101
-103
-109
-114
-118
-121
-123
-125
-129
-133
-133
-137
-139
-137
-137
-138
-139
-142
-144
-143
-142
-143
-144
-145
-143
-145
-144
-143
-142
-145
-151
-151
-146
-142
-135
-126
-122
-118
-119
-118
-114
-109
-103
-99
-92
-81
-72
-70
-70
-70
-65
-50
-43
-26
9
44
71
81
62
57
81
96
102
117
128
133
134
105
63
45
49
57
77
67
26
-6
-29
-46
-55
-71
-68
-39
-30
-44
-58
-83
-96
-80
-47
2
60
92
98
106
106
96
116
162
220
292
332
332
323
296
270
294
351
408
450
444
392
341
301
278
296
329
340
322
278
208
147
110
99
123
151
153
127
80
16
-30
-41
-12
30
53
40
3
-50
-94
-113
-101
-69
-44
-48
-80
-123
-179
-214
-224
-216
-199
-190
-201
-244
-283
-329
-361
-365
-350
-329
-328
-335
-370
-403
-438
-467
-481
-472
-420
-364
-262
-174
-132
-182
-298
-344
-288
-123
60
217
309
283
159
9
-38
43
232
438
549
493
270
18
-100
-42
98
222
254
178
-14
-243
-400
-418
-326
-217
-122
-92
-184
-364
-529
-560
-436
-252
-94
-22
-62
-191
-309
-322
-216
-59
81
179
209
147
35
-50
-32
87
234
345
367
293
147
26
8
100
221
298
303
232
113
17
-8
47
162
251
345
375
316
221
109
157
285
441
555
568
535
438
357
335
379
459
527
561
529
409
234
120
109
162
212
209
141
7
-155
-256
-255
-195
-122
-95
-113
-159
-250
-304
-279
-185
-73
4
41
31
-20
-81
-83
-15
80
139
125
72
-16
-124
-213
-248
-219
-169
-194
-277
-427
-603
-739
-804
-723
-587
-481
-420
-404
-437
-559
-699
-662
-409
-65
193
277
256
130
-13
-52
104
373
596
702
652
457
160
-46
-23
174
341
330
187
-55
-337
-555
-592
-436
-267
-215
-279
-414
-575
-714
-708
-519
-269
-110
-82
-147
-239
-309
-276
-98
132
292
328
283
215
140
100
153
277
405
446
383
252
107
18
28
123
225
245
157
24
-90
-133
-87
14
131
205
225
254
265
274
268
281
401
521
621
654
629
604
564
532
517
517
521
539
527
461
317
135
41
27
63
67
-1
-91
-209
-306
-343
-322
-245
-175
-134
-110
-124
-165
-164
-102
39
168
217
225
187
156
147
155
214
243
218
131
10
-114
-237
-308
-332
-306
-360
-480
-667
-873
-1005
-1070
-949
-795
-599
-443
-430
-539
-810
-896
-689
-241
206
469
564
456
207
-38
-2
312
743
1021
1024
777
313
-86
-218
-21
274
367
244
-74
-476
-853
-1018
-874
-579
-363
-347
-491
-735
-959
-1015
-813
-433
-100
62
29
-108
-232
-250
-81
222
513
665
633
479
311
207
215
342
503
587
517
318
91
-90
-149
-95
29
134
97
-46
-226
-339
-322
-205
5
191
368
409
354
259
188
360
571
809
945
933
887
754
660
610
615
674
732
722
601
347
49
-108
-133
-52
-21
-108
-241
-432
-584
-632
-578
-448
-341
-281
-237
-215
-213
-182
-96
75
255
342
374
344
332
346
333
358
374
355
291
130
-21
-171
-288
-344
-420
-452
-566
-736
-967
-1150
-1197
-1108
-934
-828
-651
-580
-555
-712
-867
-701
-351
159
459
610
617
432
235
165
387
720
978
1042
922
573
119
-139
-103
160
279
191
-63
-444
-791
-1033
-975
-735
-541
-510
-606
-718
-860
-931
-838
-546
-210
5
74
26
-39
-76
-2
252
539
736
747
629
495
355
311
352
462
543
504
354
148
-43
-155
-188
-126
-14
13
-42
-186
-302
-352
-288
-109
158
463
572
546
392
327
456
641
919
1086
1178
1151
994
836
679
640
691
785
819
691
382
21
-223
-301
-237
-199
-226
-347
-541
-730
-847
-809
-671
-520
-410
-327
-285
-278
-255
-175
10
209
357
417
405
369
331
317
353
390
364
301
158
12
-183
-367
-442
-512
-527
-637
-776
-946
-1203
-1353
-1364
-1132
-884
-694
-565
-556
-674
-920
-869
-495
102
549
723
774
606
368
159
320
766
1161
1287
1081
724
244
-102
-125
157
416
349
34
-405
-784
-1055
-1095
-864
-588
-479
-601
-801
-968
-1037
-936
-648
-264
7
80
4
-91
-98
9
258
563
769
821
716
584
476
418
449
535
641
631
487
253
40
-68
-96
-49
19
57
-3
-146
-270
-304
-203
-29
262
519
616
542
357
386
532
774
1025
1183
1257
1109
877
701
665
742
838
877
794
509
99
-198
-302
-236
-182
-233
-380
-620
-840
-966
-927
-784
-629
-511
-472
-472
-480
-416
-271
-69
136
269
350
324
275
262
313
407
426
386
292
172
11
-180
-307
-379
-401
-488
-672
-862
-1103
-1265
-1384
-1333
-1114
-846
-613
-582
-771
-1074
-1144
-868
-317
184
526
705
598
299
-36
-14
418
958
1316
1286
914
328
-173
-275
39
423
529
301
-154
-652
-1053
-1182
-979
-647
-409
-436
-647
-914
-1122
-1115
-839
-380
27
178
99
-56
-141
-65
160
497
831
1006
947
752
557
476
499
621
797
847
708
417
170
45
16
64
125
178
118
-32
-177
-243
-195
-19
283
522
619
484
343
347
477
764
1017
1222
1239
1073
846
662
651
767
941
1001
869
514
122
-138
-213
-147
-107
-127
-313
-598
-878
-1008
-922
-740
-556
-482
-505
-576
-630
-576
-389
-131
114
232
224
156
92
143
236
342
400
365
300
170
-3
-160
-266
-303
-362
-482
-646
-856
-1057
-1264
-1278
-1204
-957
-683
-551
-576
-983
-1217
-1150
-687
-89
292
581
580
321
-101
-294
-4
585
1107
1292
1121
568
-37
-417
-271
205
523
545
173
-345
-898
-1235
-1139
-764
-364
-252
-413
-744
-1064
-1217
-1069
-633
-145
187
195
24
-184
-256
-125
171
575
893
998
878
630
438
373
456
689
886
912
717
418
172
51
59
205
352
406
349
192
87
13
64
236
436
624
693
704
666
633
664
787
950
1062
1092
1037
946
827
748
721
695
649
539
422
276
103
-52
-168
-250
-347
-443
-517
-568
-621
-664
-680
-647
-590
-544
-503
-447
-383
-314
-239
-151
-83
-59
-41
8
82
112
93
15
-76
-148
-206
-214
-235
-326
-498
-715
-880
-1032
-1073
-1042
-847
-560
-388
-405
-836
-1161
-1196
-801
-232
177
540
578
321
-219
-581
-394
196
855
1167
1060
523
-149
-582
-499
-42
364
502
251
-213
-790
-1222
-1250
-945
-490
-239
-258
-508
-857
-1116
-1140
-843
-395
10
162
82
-125
-312
-350
-195
141
507
746
747
540
270
100
113
328
582
727
675
436
167
-30
-51
112
330
472
478
342
161
33
62
339
700
964
989
795
637
586
727
1000
1281
1486
1445
1191
854
650
680
877
1079
1153
997
624
231
-39
-66
43
163
213
79
-206
-545
-743
-707
-512
-274
-143
-169
-350
-506
-537
-422
-233
-59
94
82
-40
-195
-277
-272
-262
-199
-123
-84
-199
-426
-659
-835
-909
-901
-824
-763
-843
-827
-716
-525
-544
-877
-995
-900
-532
-279
-32
361
574
418
-127
-459
-334
192
715
1046
1015
501
-162
-665
-568
-160
227
401
235
-160
-787
-1239
-1297
-986
-562
-321
-284
-492
-809
-1110
-1154
-890
-466
-50
129
102
-108
-312
-423
-322
-1
375
653
679
508
227
-33
-104
99
416
603
555
353
113
-109
-207
-102
134
384
502
483
352
180
116
221
480
743
930
963
892
796
764
859
995
1169
1289
1312
1232
1051
900
813
796
808
817
773
641
438
231
99
53
66
78
49
-48
-172
-281
-344
-332
-247
-131
-56
-37
-83
-163
-213
-191
-96
-10
30
25
4
-37
-144
-272
-380
-390
-330
-318
-370
-566
-802
-1014
-1114
-1074
-896
-500
-205
-206
-725
-1232
-1314
-975
-466
-85
370
610
446
-189
-759
-749
-226
511
998
1147
773
59
-588
-788
-428
61
435
457
138
-432
-1033
-1295
-1179
-780
-421
-252
-321
-602
-935
-1178
-1135
-863
-456
-130
20
-15
-195
-394
-541
-439
-102
338
645
683
476
132
-154
-185
63
410
656
658
431
70
-252
-329
-130
198
481
568
489
253
21
-40
93
383
646
837
876
776
622
525
562
715
945
1154
1242
1139
936
749
644
648
715
824
863
759
554
318
141
47
68
173
253
224
76
-127
-297
-356
-278
-101
70
136
69
-103
-245
-263
-140
7
90
150
125
8
-204
-331
-301
-239
-156
-165
-244
-477
-824
-1007
-1006
-698
-298
18
-17
-565
-1121
-1353
-1046
-578
-109
332
546
346
-347
-913
-966
-413
299
805
965
645
73
-526
-725
-490
-28
376
460
265
-199
-661
-986
-1031
-829
-531
-273
-235
-379
-700
-1002
-1154
-1100
-820
-488
-192
-75
-159
-409
-691
-761
-547
-130
275
516
516
319
22
-175
-143
85
418
673
759
579
242
-25
-93
72
318
606
772
734
508
221
92
121
306
532
737
855
840
716
504
337
324
533
844
1078
1134
997
751
463
298
357
608
854
924
795
501
188
-25
-13
163
358
444
349
163
-97
-282
-293
-144
43
104
52
-66
-163
-223
-243
-204
-122
-51
-46
-140
-228
-262
-269
-315
-415
-480
-537
-546
-395
-74
216
133
-292
-683
-804
-682
-476
-73
468
795
523
-242
-933
-1108
-696
-56
538
771
551
-33
-703
-1043
-970
-522
-12
288
230
-175
-660
-1008
-1083
-940
-661
-382
-199
-217
-418
-646
-809
-849
-849
-769
-538
-244
-35
-106
-391
-701
-834
-685
-314
112
370
354
103
-158
-288
-216
19
281
487
541
468
354
234
211
251
379
540
658
717
672
579
494
466
480
518
562
608
628
583
511
442
426
467
526
584
575
515
442
372
346
341
381
444
461
408
324
278
286
329
382
418
386
303
225
184
167
153
176
218
209
163
79
-14
-86
-105
-21
44
5
-113
-233
-296
-329
-331
-328
-360
-474
-536
-342
-13
261
183
-126
-411
-566
-517
-348
50
553
896
782
193
-468
-808
-626
-138
375
635
518
133
-394
-799
-1011
-907
-569
-256
-177
-362
-576
-765
-936
-1104
-1113
-926
-663
-489
-455
-438
-465
-580
-777
-910
-829
-577
-296
-146
-160
-272
-412
-513
-530
-444
-258
-41
94
69
-73
-162
-126
-31
28
20
67
193
325
404
410
426
411
355
286
314
496
742
905
866
709
533
443
412
444
558
687
736
633
473
356
299
258
222
232
280
324
319
266
195
132
108
104
131
195
298
400
431
396
329
273
261
328
445
514
481
401
350
330
306
289
302
286
190
61
-13
9
29
-28
-188
-356
-472
-472
-296
-38
195
171
-36
-330
-530
-553
-383
18
449
747
658
279
-168
-397
-302
-36
284
436
419
233
-35
-318
-523
-517
-446
-412
-528
-641
-657
-615
-606
-733
-901
-1054
-1099
-1040
-909
-742
-600
-523
-617
-781
-887
-832
-686
-583
-509
-471
-394
-335
-311
-321
-326
-299
-256
-239
-242
-155
-19
111
97
14
4
42
101
113
174
283
367
393
358
351
391
495
572
571
521
507
566
602
609
583
560
505
424
372
371
423
436
383
254
128
76
97
161
177
175
146
89
26
-1
76
166
226
247
251
260
255
263
294
340
399
463
507
503
459
441
473
501
470
414
392
407
397
330
236
135
41
-51
-101
-30
121
273
232
55
-129
-233
-244
-241
-138
47
263
341
248
81
-51
-61
-23
28
52
78
118
105
9
-157
-244
-245
-251
-338
-460
-504
-480
-474
-569
-675
-720
-706
-701
-730
-713
-671
-655
-714
-826
-868
-792
-645
-550
-545
-600
-643
-659
-671
-644
-539
-366
-248
-257
-365
-452
-448
-412
-334
-251
-152
-67
-64
-94
-114
-57
36
100
106
108
169
264
351
396
413
431
449
481
528
570
557
504
450
412
420
460
495
484
432
345
243
169
151
207
259
252
204
156
141
118
127
178
216
210
166
144
160
186
199
214
264
327
350
341
348
371
394
392
384
405
434
442
397
350
309
269
228
190
185
195
168
100
16
-18
34
85
124
106
72
3
-105
-177
-128
81
262
305
195
74
8
-19
-19
-45
-34
-27
-42
-77
-119
-121
-116
-157
-299
-453
-531
-504
-447
-445
-446
-460
-480
-566
-657
-668
-620
-556
-566
-615
-652
-636
-578
-523
-489
-477
-472
-502
-535
-533
-455
-340
-279
-289
-347
-404
-432
-428
-377
-301
-232
-189
-185
-197
-198
-155
-68
20
63
74
87
112
156
212
290
378
437
461
442
397
346
333
388
446
458
450
449
423
349
275
257
259
261
277
292
304
280
245
220
221
245
255
249
202
154
124
116
154
207
276
307
270
181
100
117
205
300
348
359
341
283
230
199
221
279
336
351
297
214
148
116
84
94
159
276
315
229
117
46
52
11
-39
18
161
266
232
106
-11
-69
-94
-67
-8
37
36
-35
-114
-183
-196
-140
-73
-76
-181
-306
-407
-441
-447
-422
-372
-337
-346
-414
-472
-499
-500
-496
-506
-513
-509
-483
-453
-431
-420
-410
-405
-429
-445
-436
-393
-336
-317
-344
-406
-465
-464
-409
-335
-275
-239
-224
-222
-231
-190
-91
32
131
124
62
-11
-17
62
192
320
398
422
381
305
211
178
234
335
417
436
412
353
283
229
200
219
256
292
302
280
248
205
177
161
167
192
207
187
142
102
67
71
90
115
126
113
90
59
63
105
162
202
212
200
186
168
157
192
256
324
351
322
263
212
187
191
196
218
251
293
317
245
165
95
86
65
22
7
51
131
127
85
-12
-59
-72
-84
-80
-94
-53
-22
-9
-20
-83
-125
-149
-151
-190
-260
-319
-318
-284
-298
-312
-336
-343
-368
-426
-458
-452
-399
-392
-437
-483
-506
-463
-391
-337
-337
-357
-398
-434
-461
-475
-416
-307
-209
-197
-259
-323
-339
-310
-269
-190
-60
59
100
54
-4
-31
-1
33
72
144
240
323
325
266
211
217
267
300
302
303
307
304
303
302
300
289
278
263
236
198
177
186
189
152
106
98
112
117
86
56
48
40
12
-40
-59
-31
-17
-45
-71
-63
-28
-9
-21
3
50
91
117
116
129
146
199
269
294
289
288
304
293
256
228
230
211
200
197
220
252
204
142
71
53
17
-25
-24
20
105
123
88
-11
-72
-78
-67
-40
-40
-16
2
26
33
-7
-21
-28
-36
-117
-234
-294
-269
-194
-184
-210
-250
-274
-328
-408
-442
-422
-357
-345
-377
-422
-430
-394
-369
-362
-407
-424
-406
-367
-326
-302
-246
-206
-184
-197
-221
-196
-146
-90
-51
-9
56
123
136
106
98
112
154
178
215
277
327
365
346
294
245
250
314
374
367
317
292
310
300
246
208
220
218
182
134
117
123
105
70
31
13
23
27
15
-2
-8
2
-22
-67
-113
-125
-96
-71
-87
-102
-79
-55
-56
-68
-35
16
47
44
25
31
56
95
129
143
135
125
98
76
39
16
70
173
295
273
159
41
-16
-50
-112
-70
83
307
382
271
68
-114
-167
-148
-34
119
247
284
179
37
-82
-95
-36
29
48
-23
-111
-172
-171
-172
-172
-185
-210
-251
-328
-342
-292
-229
-219
-297
-392
-461
-462
-422
-366
-326
-310
-304
-325
-341
-359
-326
-257
-208
-201
-223
-194
-125
-51
-13
13
57
114
158
163
181
216
266
297
315
363
427
464
429
367
318
313
352
397
447
463
429
327
200
105
71
119
180
205
170
82
-11
-85
-106
-93
-56
-26
-14
-41
-102
-141
-142
-108
-94
-97
-102
-89
-63
-59
-70
-89
-92
-85
-92
-85
-45
-9
-2
-45
-91
-111
-111
-126
-147
-167
-194
-237
-232
-81
125
292
205
-22
-252
-349
-272
-113
182
482
669
515
111
-278
-389
-146
243
594
724
592
279
-81
-273
-264
-40
248
423
381
108
-168
-333
-318
-263
-185
-96
-46
-84
-236
-339
-357
-325
-334
-378
-378
-326
-256
-244
-301
-405
-503
-503
-430
-306
-199
-115
-88
-181
-333
-440
-350
-129
70
155
158
153
142
105
90
175
336
485
522
458
408
434
481
499
472
476
515
540
520
462
412
369
315
237
173
160
196
197
114
-24
-147
-182
-174
-158
-135
-114
-111
-161
-245
-293
-275
-219
-159
-139
-151
-166
-158
-119
-97
-90
-85
-78
-87
-118
-110
-25
62
59
-50
-151
-188
-193
-196
-212
-196
-177
-65
71
177
98
-128
-242
-219
-63
37
208
477
673
560
122
-233
-255
91
508
786
846
629
261
-137
-284
-139
191
515
603
420
-17
-431
-592
-456
-194
3
76
-12
-208
-484
-652
-586
-385
-216
-222
-301
-365
-398
-432
-481
-468
-388
-285
-221
-198
-220
-253
-270
-290
-278
-228
-86
84
180
143
32
-10
56
179
292
412
507
536
474
378
380
471
595
658
636
590
547
514
492
483
489
490
445
357
279
231
187
114
34
-32
-73
-83
-116
-158
-218
-283
-335
-358
-343
-306
-275
-286
-322
-373
-410
-404
-346
-253
-195
-159
-152
-155
-174
-228
-242
-176
-63
11
-20
-93
-150
-198
-265
-318
-315
-199
45
250
324
78
-268
-443
-350
-82
154
440
701
747
362
-200
-480
-226
358
825
1021
877
461
-45
-382
-266
166
628
833
649
178
-369
-663
-564
-164
177
273
105
-225
-572
-836
-803
-497
-157
-45
-219
-476
-666
-745
-742
-658
-496
-328
-240
-277
-364
-455
-481
-422
-304
-165
-67
33
75
47
-50
-106
-8
210
422
515
519
471
394
319
329
477
694
852
859
735
577
465
450
533
662
737
701
566
385
235
180
215
268
267
198
87
-15
-89
-145
-179
-211
-247
-271
-280
-268
-271
-300
-333
-357
-362
-365
-353
-305
-254
-232
-271
-330
-355
-335
-254
-155
-89
-107
-175
-225
-249
-252
-264
-272
-290
-251
-63
140
283
81
-259
-446
-337
-26
171
397
600
683
352
-197
-455
-174
473
912
1010
746
288
-140
-343
-95
385
811
906
607
91
-425
-590
-340
148
457
436
151
-269
-633
-845
-682
-264
85
100
-216
-572
-792
-820
-715
-533
-344
-264
-324
-497
-629
-653
-569
-398
-247
-151
-142
-145
-122
-99
-113
-96
50
261
436
458
418
391
405
440
497
620
767
858
814
707
621
623
681
745
786
768
687
556
415
338
341
375
369
282
145
12
-72
-94
-75
-76
-118
-215
-310
-366
-381
-362
-344
-340
-363
-387
-399
-377
-335
-302
-298
-308
-318
-338
-340
-315
-241
-176
-171
-226
-272
-252
-225
-236
-304
-348
-347
-175
78
263
164
-233
-475
-429
-108
141
312
510
632
463
-87
-471
-333
311
888
1043
810
317
-123
-360
-189
315
789
969
699
129
-451
-683
-440
93
525
544
241
-254
-685
-899
-759
-284
141
221
-130
-601
-887
-907
-747
-525
-298
-199
-273
-511
-725
-776
-683
-466
-258
-136
-142
-225
-262
-261
-223
-140
28
248
409
424
344
301
297
372
495
641
793
862
826
724
640
618
671
773
863
894
831
701
533
432
430
468
478
410
309
175
43
-54
-77
-60
-71
-137
-230
-285
-326
-349
-349
-339
-331
-348
-367
-374
-357
-330
-317
-322
-314
-305
-297
-260
-203
-156
-157
-231
-279
-257
-191
-145
-178
-274
-355
-402
-390
-184
85
285
69
-410
-656
-518
-109
116
269
445
551
274
-324
-614
-281
482
960
950
590
130
-188
-311
-25
497
901
911
491
-59
-485
-526
-169
344
602
419
-3
-436
-660
-693
-453
-41
213
107
-365
-782
-909
-788
-563
-383
-273
-298
-469
-703
-829
-778
-589
-335
-182
-168
-285
-390
-390
-329
-198
-41
164
304
329
299
288
330
369
434
536
694
824
865
835
745
678
660
710
826
920
964
899
737
549
420
415
499
566
531
423
261
94
-42
-86
-33
21
12
-76
-191
-274
-332
-360
-325
-262
-227
-234
-281
-325
-371
-393
-333
-260
-211
-212
-226
-211
-205
-248
-291
-273
-180
-107
-146
-241
-324
-408
-472
-516
-368
-14
237
218
-292
-737
-795
-458
-23
191
387
488
404
-140
-685
-684
-13
821
1121
934
414
-69
-371
-369
110
712
1080
927
348
-275
-606
-428
60
529
606
349
-75
-472
-698
-690
-294
136
257
-85
-594
-853
-836
-670
-525
-389
-320
-401
-600
-779
-769
-634
-482
-391
-352
-325
-341
-327
-298
-230
-139
-42
72
153
237
314
394
426
409
439
545
697
788
800
767
732
733
744
802
857
861
817
749
695
619
548
519
524
494
392
266
195
165
129
79
29
-19
-78
-121
-138
-139
-155
-184
-200
-205
-203
-202
-193
-186
-202
-215
-194
-162
-161
-180
-151
-108
-137
-234
-303
-249
-127
-87
-153
-265
-347
-435
-525
-583
-477
-155
105
140
-289
-762
-867
-564
-108
77
214
324
312
-102
-635
-703
-167
602
952
877
494
11
-367
-439
39
673
1026
898
429
-87
-508
-538
-142
438
704
476
0
-429
-633
-667
-415
-21
214
50
-422
-781
-870
-754
-598
-463
-355
-355
-477
-656
-794
-811
-693
-459
-271
-217
-287
-368
-358
-317
-271
-186
22
252
341
246
166
248
416
542
583
672
796
844
755
652
687
838
968
943
836
746
721
713
673
653
636
586
456
291
236
283
351
309
161
7
-87
-113
-82
-11
34
3
-116
-253
-324
-276
-145
-13
27
-60
-225
-324
-302
-204
-103
-49
-26
-74
-198
-336
-364
-252
-114
-69
-149
-266
-397
-503
-574
-542
-463
-397
-249
-114
-46
-308
-673
-792
-564
-178
-35
59
203
330
102
-404
-648
-332
364
820
872
598
166
-214
-368
-65
456
833
862
541
65
-408
-581
-305
261
603
455
24
-394
-621
-723
-605
-253
84
104
-295
-753
-958
-905
-711
-505
-337
-296
-430
-637
-771
-773
-668
-456
-224
-93
-146
-273
-315
-274
-201
-88
119
348
455
398
292
277
403
585
769
885
901
826
704
640
684
822
979
1053
953
730
526
477
590
731
768
672
488
306
170
120
198
320
385
285
72
-122
-187
-132
-10
90
87
-18
-154
-227
-231
-160
-64
-9
-33
-108
-154
-160
-175
-179
-117
-40
-41
-148
-257
-263
-184
-147
-167
-231
-287
-341
-397
-425
-415
-394
-449
-431
-296
-61
-33
-324
-658
-699
-374
-84
30
91
272
289
-86
-591
-663
-77
631
959
784
314
-177
-480
-374
112
629
858
687
239
-341
-780
-723
-154
451
566
174
-353
-710
-898
-870
-537
-65
144
-150
-700
-1020
-981
-771
-559
-396
-309
-358
-509
-659
-700
-630
-430
-197
-73
-117
-232
-223
-126
-36
29
148
359
492
446
356
368
501
647
735
791
821
798
714
675
716
834
924
940
875
733
597
530
589
685
744
693
541
343
185
161
250
385
437
338
143
-59
-157
-121
-20
73
85
37
-70
-214
-332
-303
-151
-18
4
-87
-169
-242
-329
-379
-252
-16
78
-64
-275
-336
-249
-184
-183
-156
-78
-76
-195
-344
-382
-321
-243
-201
-265
-279
-226
-56
-50
-285
-571
-563
-262
-54
-27
-48
151
182
-141
-585
-615
-127
381
556
389
87
-271
-512
-445
-67
317
433
273
-18
-384
-684
-700
-329
115
214
-45
-410
-639
-780
-788
-557
-192
-30
-227
-559
-722
-685
-621
-546
-406
-250
-219
-303
-379
-371
-402
-400
-269
-20
156
117
46
43
97
117
196
372
572
626
521
442
430
478
573
734
887
914
792
645
595
655
761
869
919
886
748
594
496
473
565
664
721
595
372
221
185
235
277
305
271
170
1
-138
-134
-45
12
-36
-117
-170
-210
-226
-233
-179
-124
-96
-113
-171
-214
-233
-176
-86
-19
-34
-44
-17
-11
-43
-90
-53
42
92
58
-4
-36
-86
-158
-211
-194
-179
-267
-343
-273
-41
-4
-294
-679
-809
-583
-321
-154
-136
-107
-195
-474
-767
-841
-521
-68
265
260
-55
-510
-812
-695
-278
133
279
161
-75
-360
-607
-643
-365
48
249
150
-140
-371
-503
-522
-337
-33
161
77
-169
-369
-423
-407
-325
-168
-8
32
-65
-184
-229
-245
-244
-165
2
159
164
75
-6
-8
6
28
138
329
474
462
361
268
276
357
474
620
749
816
768
654
543
513
625
792
924
915
793
663
557
521
538
625
690
659
527
361
234
145
147
194
233
180
41
-63
-113
-123
-153
-182
-165
-141
-150
-193
-216
-211
-192
-171
-126
-92
-86
-57
-4
34
4
-48
-12
99
196
221
181
136
79
6
-5
74
167
171
42
-116
-229
-271
-246
-192
-148
-209
-383
-565
-648
-611
-487
-418
-474
-637
-821
-903
-856
-704
-542
-456
-488
-628
-801
-885
-822
-626
-379
-204
-193
-363
-582
-664
-527
-268
-47
57
38
-73
-194
-236
-140
33
157
183
162
167
167
143
122
137
201
236
257
307
354
316
156
7
-1
112
215
256
240
190
99
-36
-107
-56
77
185
207
162
94
37
29
63
144
244
305
307
261
212
196
231
296
362
419
443
421
372
335
338
377
417
450
480
491
467
418
366
364
396
422
436
434
423
384
309
234
219
261
323
359
345
266
137
49
67
177
262
242
158
77
30
12
18
48
91
101
56
-1
-66
-144
-200
-178
-90
-47
-92
-200
-306
-365
-385
-359
-310
-282
-328
-427
-512
-536
-538
-537
-531
-514
-502
-526
-571
-606
-627
-623
-591
-560
-543
-557
-571
-568
-552
-527
-507
-474
-434
-416
-426
-402
-342
-290
-294
-319
-288
-208
-119
-81
-84
-103
-112
-108
-64
7
70
93
67
40
21
24
38
77
126
160
169
141
88
60
100
181
249
267
251
228
210
189
195
234
300
337
343
327
295
267
256
287
316
346
356
357
355
325
295
280
305
325
325
342
357
358
336
308
297
311
338
367
388
379
336
291
272
287
325
362
380
356
309
273
258
256
266
286
305
301
267
228
189
166
156
157
171
176
171
128
64
24
15
23
31
40
33
-13
-92
-166
-183
-140
-102
-111
-162
-221
-290
-350
-374
-346
-297
-289
-351
-442
-502
-502
-463
-417
-406
-439
-500
-552
-551
-512
-458
-450
-475
-498
-495
-462
-443
-433
-435
-423
-410
-387
-354
-347
-351
-358
-347
-324
-300
-271
-227
-181
-153
-174
-218
-222
-172
-102
-56
-21
-8
-38
-90
-106
-59
29
94
122
119
79
10
-43
3
126
251
277
211
133
94
96
118
180
271
330
312
231
156
158
201
257
301
331
327
280
232
214
257
319
345
322
300
302
329
349
334
320
319
323
329
329
328
330
313
265
233
236
257
255
225
185
163
167
153
134
133
132
113
69
40
51
86
90
64
44
33
26
13
16
37
43
31
8
6
30
30
6
-18
-34
-46
-50
-27
-2
-9
-37
-74
-95
-93
-82
-73
-53
-58
-104
-144
-165
-174
-182
-179
-168
-159
-173
-210
-239
-254
-274
-286
-273
-253
-258
-299
-338
-342
-314
-300
-330
-358
-355
-326
-294
-282
-294
-313
-328
-332
-325
-303
-268
-238
-228
-241
-276
-303
-286
-239
-196
-182
-185
-168
-154
-162
-165
-164
-148
-118
-91
-47
-20
-37
-57
-43
18
84
108
110
109
118
126
135
170
204
225
246
269
282
283
282
303
348
380
400
409
385
361
361
392
426
438
424
401
394
382
354
339
346
361
350
310
272
249
232
206
179
173
174
155
120
86
67
64
63
51
36
22
1
-22
-45
-55
-30
-9
-15
-50
-97
-116
-100
-55
-30
-36
-60
-61
-38
-30
-39
-46
-25
8
18
6
-4
-4
-7
-14
-19
-3
15
16
5
-16
-36
-48
-52
-55
-58
-72
-83
-83
-95
-127
-153
-147
-132
-127
-135
-145
-162
-179
-204
-210
-178
-144
-140
-166
-186
-199
-207
-209
-212
-201
-196
-208
-223
-239
-253
-249
-236
-235
-246
-251
-249
-241
-238
-251
-261
-263
-248
-231
-219
-198
-184
-175
-167
-146
-110
-81
-75
-81
-62
-22
18
34
30
40
74
114
147
175
207
231
245
247
245
257
282
316
341
351
347
334
320
319
327
351
369
361
337
309
283
262
247
241
239
217
195
178
153
120
77
39
26
32
29
11
-33
-79
-115
-131
-123
-101
-87
-104
-142
-188
-210
-198
-156
-121
-106
-116
-143
-156
-138
-94
-62
-60
-72
-66
-35
-13
-12
-9
15
46
54
35
23
38
67
85
87
73
56
44
49
72
103
124
113
87
58
41
42
60
86
99
88
52
9
-12
-4
15
29
19
-14
-55
-83
-100
-104
-112
-129
-144
-153
-158
-178
-210
-236
-239
-233
-232
-225
-208
-206
-228
-248
-239
-207
-175
-163
-166
-158
-142
-129
-113
-78
-39
-12
-3
3
21
48
82
100
109
121
141
160
171
167
170
201
235
241
225
221
239
252
238
224
232
244
238
214
193
185
179
166
151
142
132
111
87
69
52
27
2
-8
-16
-34
-68
-99
-124
-138
-149
-147
-143
-159
-191
-215
-216
-200
-188
-187
-191
-190
-185
-192
-196
-183
-154
-127
-115
-115
-112
-101
-88
-71
-48
-19
4
17
17
10
12
27
49
71
86
92
91
80
68
67
79
103
129
142
128
97
59
41
57
90
108
100
70
28
-6
-23
-12
10
26
24
-4
-41
-76
-92
-89
-68
-44
-42
-68
-102
-130
-134
-109
-77
-56
-48
-55
-68
-74
-69
-49
-13
23
43
48
46
46
51
65
95
130
153
161
162
157
153
154
162
191
219
229
216
198
181
178
182
192
206
211
208
184
154
120
101
110
135
151
133
97
57
22
9
21
46
60
43
3
-37
-62
-63
-72
-77
-78
-85
-103
-126
-142
-152
-159
-172
-187
-194
-194
-193
-193
-203
-215
-224
-234
-235
-233
-226
-218
-216
-224
-227
-218
-204
-191
-180
-170
-156
-143
-134
-120
-105
-89
-76
-66
-51
-33
-27
-23
-18
-14
-10
-6
4
19
30
23
9
-4
-7
-2
3
1
-12
-37
-55
-63
-70
-75
-81
-89
-103
-120
-134
-142
-135
-128
-126
-127
-126
-128
-137
-137
-121
-93
-63
-49
-45
-47
-39
-14
25
66
101
122
128
125
136
165
204
244
272
284
285
279
278
295
326
357
376
377
368
358
347
342
342
356
368
359
341
319
299
281
265
257
253
253
243
214
178
158
149
146
145
127
106
88
57
32
19
13
11
5
-9
-34
-56
-85
-96
-90
-79
-81
-101
-125
-146
-159
-167
-163
-148
-146
-160
-177
-190
-189
-182
-176
-163
-158
-162
-171
-172
-167
-159
-147
-138
-141
-148
-148
-133
-112
-107
-126
-146
-144
-125
-108
-107
-109
-116
-129
-154
-177
-173
-143
-125
-139
-178
-216
-237
-242
-234
-219
-212
-226
-261
-300
-316
-305
-281
-263
-257
-267
-282
-299
-303
-285
-250
-219
-204
-202
-199
-188
-165
-144
-122
-83
-41
-22
-14
3
32
61
82
109
149
182
195
205
222
242
263
286
309
332
340
341
344
343
360
380
390
394
389
372
367
379
380
378
384
377
359
340
320
314
326
328
318
304
273
241
234
234
225
223
214
184
152
131
120
125
120
100
76
53
36
28
20
8
-1
-6
-19
-37
-48
-51
-51
-51
-54
-62
-64
-58
-67
-75
-70
-72
-73
-63
-56
-52
-49
-54
-59
-56
-55
-55
-53
-50
-62
-72
-78
-89
-98
-103
-117
-131
-137
-143
-157
-182
-211
-224
-225
-229
-243
-270
-299
-313
-316
-316
-318
-333
-346
-352
-359
-364
-371
-376
-370
-366
-368
-365
-360
-346
-327
-316
-313
-308
-304
-292
-266
-238
-221
-214
-204
-181
-151
-122
-110
-109
-94
-72
-55
-31
-7
13
36
45
49
66
99
134
150
152
149
155
180
204
228
251
260
253
250
254
270
302
321
322
313
302
300
306
319
333
342
335
323
311
308
308
307
306
307
300
285
266
258
264
265
251
232
211
189
168
159
165
183
196
182
151
117
85
79
107
146
159
144
115
94
89
94
105
122
143
146
126
93
65
65
91
123
127
111
82
54
31
5
-1
9
14
7
-28
-78
-114
-129
-135
-138
-149
-175
-201
-223
-254
-280
-294
-301
-304
-311
-329
-351
-368
-371
-369
-366
-358
-349
-343
-343
-349
-361
-362
-347
-326
-295
-277
-282
-286
-295
-295
-278
-259
-234
-215
-210
-212
-214
-210
-192
-171
-166
-161
-158
-150
-137
-131
-126
-106
-88
-77
-67
-58
-42
-29
-25
-11
9
30
47
62
84
105
121
132
145
155
164
175
190
212
228
232
237
239
240
245
247
247
252
252
255
260
248
233
228
224
223
224
215
211
210
202
196
196
192
185
178
178
187
194
189
182
179
177
180
191
201
208
207
201
203
203
204
207
204
195
185
176
169
157
147
134
125
118
101
86
72
60
43
23
-4
-31
-49
-65
-80
-98
-122
-145
-167
-189
-207
-219
-230
-236
-246
-261
-270
-280
-282
-281
-287
-294
-294
-293
-294
-288
-280
-277
-274
-276
-272
-259
-243
-230
-222
-216
-209
-203
-196
-178
-166
-159
-148
-147
-143
-132
-120
-107
-91
-89
-92
-85
-77
-65
-49
-41
-35
-31
-33
-32
-26
-16
-2
11
14
10
11
20
37
51
53
52
55
66
77
81
83
84
81
81
84
90
90
92
95
85
73
74
85
101
112
107
98
97
99
99
113
127
133
134
124
117
115
122
141
167
179
173
164
160
168
178
194
209
218
218
208
203
206
210
213
218
226
226
216
203
184
178
183
178
170
163
136
112
105
94
74
61
54
46
30
6
-24
-46
-59
-68
-75
-88
-106
-123
-145
-165
-176
-187
-193
-193
-192
-197
-211
-222
-225
-225
-226
-228
-227
-224
-225
-224
-218
-216
-213
-211
-209
-204
-195
-188
-182
-175
-169
-167
-163
-153
-139
-128
-125
-124
-114
-105
-101
-92
-82
-68
-53
-51
-53
-46
-43
-34
-18
-12
-3
8
8
8
14
21
31
43
48
45
40
42
50
54
54
55
58
56
54
49
46
49
52
50
48
47
41
37
38
40
47
51
56
64
64
60
58
66
76
87
97
108
111
105
105
110
122
137
143
139
137
133
137
145
150
152
148
143
139
133
127
128
136
142
136
118
102
93
92
97
96
90
83
69
52
37
25
19
13
11
4
-10
-33
-57
-70
-74
-70
-71
-80
-89
-103
-117
-126
-130
-126
-122
-121
-120
-124
-129
-134
-130
-123
-115
-108
-110
-113
-112
-109
-103
-100
-95
-93
-94
-92
-89
-86
-85
-86
-82
-78
-74
-65
-62
-67
-76
-78
-69
-49
-32
-32
-36
-41
-44
-39
-32
-22
-11
-5
-6
-7
-6
-8
-1
8
11
14
20
21
19
15
14
22
31
35
38
43
40
33
34
42
49
55
58
66
73
72
68
72
80
91
98
97
93
95
101
111
124
128
125
116
111
116
126
132
136
136
126
117
112
110
114
119
110
102
96
86
81
79
71
63
55
43
31
20
12
6
4
-3
-18
-32
-43
-52
-56
-58
-63
-73
-83
-95
-103
-107
-108
-115
-117
-117
-121
-125
-130
-134
-135
-136
-140
-138
-132
-131
-128
-126
-128
-133
-132
-125
-120
-114
-114
-114
-108
-103
-95
-87
-93
-90
-78
-73
-67
-59
-58
-56
-55
-57
-45
-32
-31
-30
-25
-24
-27
-28
-24
-13
-2
-2
-6
-6
-4
-3
0
3
8
10
7
8
9
14
17
12
12
22
26
28
27
30
41
44
43
51
58
63
62
62
71
81
89
91
90
95
109
122
125
130
134
136
141
146
154
162
164
162
160
162
163
170
179
175
165
163
167
167
160
152
148
150
142
128
116
111
110
101
87
78
67
58
47
28
21
11
-1
-10
-18
-30
-42
-55
-67
-77
-85
-90
-93
-97
-109
-126
-135
-140
-141
-144
-151
-155
-153
-153
-162
-172
-167
-157
-155
-155
-153
-151
-152
-154
-154
-148
-142
-137
-128
-122
-121
-125
-119
-109
-104
-99
-95
-94
-88
-78
-76
-79
-75
-71
-62
-57
-53
-46
-38
-34
-36
-36
-36
-33
-28
-20
-16
-18
-18
-16
-18
-13
-5
4
10
11
7
11
22
25
28
36
41
45
49
52
56
65
72
78
81
81
82
87
95
103
109
113
109
112
118
120
120
125
137
142
137
132
134
140
143
144
147
152
151
148
142
136
137
139
136
132
130
125
119
115
112
108
104
97
91
83
74
67
62
60
55
45
34
30
24
16
9
3
-5
-14
-26
-32
-36
-44
-53
-57
-64
-75
-80
-86
-90
-95
-103
-110
-114
-119
-126
-132
-134
-135
-142
-147
-153
-155
-154
-155
-160
-161
-160
-165
-170
-172
-171
-167
-168
-171
-169
-169
-169
-166
-162
-158
-156
-161
-161
-159
-155
-147
-141
-138
-134
-130
-131
-130
-120
-109
-101
-97
-96
-88
-79
-71
-63
-53
-45
-35
-26
-24
-16
-6
6
17
24
34
39
46
56
67
75
81
89
97
105
113
119
125
134
143
146
148
150
154
160
165
169
173
179
183
181
179
181
182
183
187
187
182
175
171
175
178
177
171
167
163
161
160
157
153
149
146
143
141
139
135
130
125
119
111
107
104
101
93
85
81
78
73
66
61
54
46
40
36
31
21
13
3
-3
-11
-24
-33
-38
-40
-48
-56
-64
-72
-77
-81
-88
-95
-107
-118
-125
-133
-141
-145
-151
-156
-161
-167
-170
-170
-173
-180
-188
-191
-191
-191
-198
-204
-200
-197
-203
-206
-206
-206
-202
-198
-194
-187
-184
-183
-178
-171
-164
-157
-150
-144
-138
-132
-123
-112
-100
-92
-86
-76
-63
-50
-40
-31
-19
-9
1
11
22
32
40
46
55
63
69
74
82
90
94
100
106
111
116
119
119
121
127
128
128
130
131
132
134
133
134
138
137
138
139
138
137
138
139
140
137
135
135
135
135
132
132
131
131
131
128
126
129
129
126
125
125
122
117
113
112
111
105
98
94
93
87
83
82
79
76
70
61
53
48
38
30
25
17
11
3
-8
-16
-22
-31
-37
-45
-58
-70
-75
-85
-95
-98
-108
-112
-116
-129
-136
-141
-153
-159
-167
-171
-173
-179
-184
-187
-188
-190
-190
-185
-184
-185
-184
-189
-187
-183
-178
-173
-168
-164
-162
-154
-148
-146
-137
-126
-118
-108
-103
-99
-95
-92
-85
-76
-69
-63
-58
-51
-40
-35
-31
-26
-17
-14
-9
-3
2
9
12
15
23
29
33
36
40
47
47
47
53
56
58
64
70
76
78
76
78
87
91
92
99
101
102
103
101
103
109
113
116
122
123
123
123
123
129
138
138
136
135
131
128
131
133
135
139
136
133
133
130
127
128
126
120
120
119
110
105
101
96
91
82
74
68
64
58
53
46
39
34
25
19
16
9
-1
-7
-19
-28
-33
-41
-45
-49
-59
-64
-70
-81
-89
-91
-91
-90
-90
-95
-99
-102
-109
-108
-104
-101
-105
-116
-122
-122
-119
-118
-117
-113
-110
-106
-104
-101
-96
-91
-89
-88
-83
-78
-78
-79
-80
-77
-72
-67
-66
-64
-61
-58
-55
-52
-49
-44
-37
-36
-35
-34
-36
-34
-31
-27
-24
-22
-19
-17
-17
-16
-17
-13
-7
-6
-3
-3
-2
1
6
12
14
17
18
16
21
27
31
34
33
35
40
45
48
52
59
61
63
67
68
76
82
89
94
98
101
102
106
106
107
113
114
116
117
116
114
113
111
110
110
108
101
99
95
92
88
81
73
70
68
58
45
38
33
27
21
12
5
0
-8
-14
-23
-30
-36
-41
-45
-51
-55
-59
-66
-71
-75
-77
-79
-82
-85
-88
-86
-84
-87
-87
-86
-84
-78
-72
-73
-73
-70
-64
-59
-54
-53
-51
-46
-45
-41
-38
-36
-36
-33
-28
-27
-27
-25
-25
-26
-25
-26
-26
-27
-29
-31
-31
-31
-36
-41
-38
-38
-37
-36
-38
-38
-40
-39
-38
-40
-38
-38
-34
-33
-33
-31
-28
-23
-21
-21
-16
-11
-6
-8
-7
-1
5
8
9
12
14
18
24
26
27
33
41
49
49
49
51
55
58
58
58
63
68
70
71
72
76
78
79
80
82
83
83
82
81
80
78
78
77
76
70
69
69
68
65
62
63
60
57
52
44
40
35
26
21
19
14
6
2
-2
-10
-15
-20
-26
-30
-33
-38
-45
-49
-56
-63
-68
-74
-78
-76
-77
-80
-80
-81
-81
-81
-81
-79
-80
-75
-70
-68
-66
-64
-60
-54
-49
-46
-42
-35
-29
-24
-21
-18
-14
-8
-4
-1
-1
1
5
12
14
13
13
15
19
21
21
20
20
22
19
19
18
17
14
11
12
11
10
6
-2
-2
-2
-5
-9
-10
-12
-14
-13
-15
-17
-17
-17
-18
-19
-17
-19
-20
-17
-11
-13
-13
-10
-6
-1
5
7
11
17
17
22
28
34
37
42
44
45
48
50
55
58
63
64
62
61
63
65
66
67
68
64
61
60
57
53
48
44
43
39
30
23
18
15
10
4
-1
-5
-12
-18
-25
-26
-29
-37
-42
-47
-51
-54
-59
-59
-61
-65
-67
-69
-68
-67
-68
-67
-67
-66
-66
-64
-60
-55
-52
-50
-49
-45
-41
-38
-34
-26
-21
-19
-16
-14
-12
-8
-2
3
7
8
10
10
11
15
19
23
25
24
20
19
20
21
22
23
21
19
17
16
17
17
16
17
14
12
12
10
10
9
9
9
8
8
8
9
10
9
8
9
8
8
11
14
15
15
16
18
21
25
26
28
31
31
31
34
35
39
40
44
46
47
47
49
49
48
47
47
47
45
43
39
39
38
39
36
34
33
28
24
19
16
16
15
12
5
-2
-8
-12
-13
-14
-18
-22
-26
-29
-34
-35
-39
-42
-45
-49
-51
-52
-53
-52
-54
-56
-59
-60
-59
-59
-58
-59
-59
-59
-57
-55
-52
-51
-48
-45
-46
-44
-39
-35
-32
-32
-34
-31
-27
-25
-21
-16
-16
-14
-10
-7
-4
-6
-5
-3
-3
-3
-3
-1
0
0
2
5
6
6
5
6
7
7
6
6
5
3
4
3
4
5
6
5
5
4
6
8
7
7
8
8
10
12
14
16
18
18
19
21
22
25
29
29
30
30
33
37
40
41
42
45
48
48
49
50
53
53
51
53
54
54
53
53
51
48
47
48
44
40
38
37
33
27
20
19
18
15
9
2
-2
-5
-8
-12
-16
-19
-24
-29
-35
-39
-41
-41
-45
-50
-54
-57
-59
-62
-64
-65
-67
-68
-70
-72
-70
-70
-70
-67
-67
-67
-65
-63
-60
-59
-54
-50
-47
-45
-43
-39
-36
-32
-27
-25
-22
-19
-16
-12
-11
-8
-5
-2
0
0
2
4
4
6
7
8
9
8
7
6
7
8
7
6
5
4
5
3
2
2
2
2
3
2
-1
-1
0
-2
0
3
5
5
4
7
8
10
13
17
20
23
24
27
32
34
38
43
48
52
56
59
64
69
73
77
82
85
89
92
95
97
101
104
104
105
108
109
107
104
105
106
105
101
99
96
94
89
86
82
77
71
65
59
53
46
42
36
30
21
14
8
1
-7
-14
-20
-25
-31
-37
-45
-50
-55
-59
-64
-71
-75
-77
-80
-84
-89
-92
-94
-95
-98
-101
-100
-102
-103
-101
-101
-99
-99
-99
-99
-99
-97
-95
-91
-86
-83
-83
-81
-77
-74
-74
-70
-67
-63
-58
-58
-57
-54
-51
-50
-48
-47
-45
-42
-41
-39
-37
-35
-34
-32
-31
-31
-30
-28
-28
-28
-25
-23
-22
-20
-19
-18
-15
-15
-15
-12
-9
-5
-4
-2
-1
0
3
7
11
14
18
23
26
27
28
32
36
39
43
44
47
53
55
56
59
63
67
71
75
77
80
81
83
86
89
91
92
94
94
95
95
94
94
93
93
94
93
90
86
82
81
79
75
70
68
64
59
56
51
47
43
38
33
31
25
18
13
9
6
1
-5
-12
-16
-22
-27
-32
-37
-40
-44
-47
-52
-54
-61
-64
-67
-68
-70
-74
-75
-78
-80
-81
-82
-83
-85
-84
-84
-83
-82
-83
-86
-83
-82
-79
-77
-77
-77
-76
-74
-71
-68
-68
-65
-64
-61
-58
-57
-53
-53
-50
-46
-44
-40
-36
-35
-33
-30
-27
-23
-22
-21
-18
-15
-12
-9
-8
-7
-6
-3
1
4
6
7
10
12
13
15
17
20
23
24
24
26
27
30
34
34
35
38
40
43
44
46
48
50
54
57
59
60
62
65
67
69
71
72
72
74
74
77
78
81
81
82
85
87
88
89
89
89
89
90
91
89
88
88
85
83
80
79
76
75
71
68
66
64
61
59
55
51
48
45
41
36
33
27
23
18
14
8
3
-1
-8
-11
-17
-21
-24
-29
-34
-40
-43
-45
-49
-54
-59
-62
-64
-67
-69
-73
-75
-77
-79
-81
-82
-83
-86
-88
-90
-91
-89
-91
-92
-90
-91
-92
-90
-90
-89
-88
-88
-86
-83
-80
-77
-75
-74
-72
-68
-64
-63
-59
-55
-52
-52
-49
-46
-42
-39
-35
-33
-32
-30
-26
-24
-21
-17
-14
-13
-11
-8
-6
-3
-1
0
3
7
10
12
15
14
16
17
18
20
22
25
23
24
26
26
25
26
27
26
29
29
30
30
30
30
30
31
33
36
37
37
38
39
42
44
46
48
49
48
48
51
54
55
56
57
56
55
57
57
55
57
57
56
54
53
51
49
49
47
46
42
40
39
37
34
30
26
25
22
21
17
15
10
5
1
1
-1
-5
-10
-15
-17
-21
-23
-29
-31
-35
-39
-42
-45
-48
-50
-53
-55
-55
-58
-61
-62
-64
-65
-67
-66
-66
-66
-66
-67
-68
-67
-66
-65
-62
-59
-60
-60
-58
-56
-55
-51
-48
-46
-44
-40
-37
-34
-31
-29
-26
-23
-20
-17
-14
-11
-7
-5
-2
1
2
6
7
10
14
17
19
20
22
24
26
27
29
32
33
33
33
35
34
36
38
39
41
41
42
42
43
43
44
46
47
48
48
49
50
49
49
51
51
51
50
50
50
50
50
50
48
48
46
47
46
49
48
48
48
47
45
45
43
42
41
37
34
32
28
24
21
19
17
14
13
10
9
7
5
5
3
1
-1
-3
-6
-11
-13
-16
-19
-22
-24
-24
-25
-26
-26
-27
-29
-27
-28
-29
-27
-29
-31
-33
-33
-34
-34
-34
-36
-37
-38
-41
-40
-41
-42
-41
-41
-40
-41
-40
-39
-39
-39
-40
-41
-40
-40
-39
-38
-38
-36
-35
-35
-33
-30
-28
-24
-22
-19
-17
-16
-15
-14
-11
-8
-7
-4
-2
-2
1
4
6
7
8
7
10
10
10
12
14
17
16
14
14
17
16
16
16
17
20
21
22
25
25
26
26
26
24
24
23
22
21
21
19
19
18
19
20
20
18
17
15
14
13
12
12
10
9
7
3
2
-1
-2
-4
-7
-8
-9
-10
-10
-9
-9
-10
-11
-13
-13
-14
-15
-15
-18
-20
-22
-23
-25
-24
-26
-26
-25
-28
-28
-27
-28
-27
-27
-27
-28
-27
-27
-27
-26
-26
-25
-25
-26
-25
-24
-22
-21
-20
-20
-20
-18
-17
-14
-15
-15
-14
-13
-12
-9
-7
-7
-7
-7
-6
-5
-5
-3
-2
-2
-2
-3
-5
-6
-4
-3
-4
-2
-2
-2
-1
0
3
4
6
8
10
11
13
15
15
17
18
19
21
21
23
25
27
28
29
32
34
37
38
39
39
41
42
45
46
47
49
47
49
49
52
53
54
53
53
52
52
52
53
52
50
50
48
45
43
42
39
36
34
32
27
22
19
17
17
16
12
8
6
4
1
-2
-3
-4
-7
-8
-9
-12
-13
-16
-19
-20
-22
-25
-27
-29
-30
-31
-32
-35
-36
-37
-39
-39
-39
-40
-38
-37
-36
-35
-33
-32
-31
-29
-30
-28
-27
-25
-25
-24
-24
-23
-21
-21
-20
-19
-21
-21
-22
-20
-18
-17
-15
-14
-15
-13
-14
-13
-11
-10
-9
-9
-8
-7
-6
-6
-4
-4
-3
-2
-1
-1
-1
-1
0
1
2
2
2
1
1
1
0
0
1
1
0
1
0
2
2
2
4
4
3
2
2
2
4
5
5
6
6
7
7
7
8
10
10
11
12
13
14
15
14
15
16
16
16
16
16
16
16
17
17
18
18
17
18
18
18
18
17
17
16
14
13
11
10
7
7
5
3
1
1
0
-1
-2
-2
-4
-7
-9
-10
-12
-13
-15
-16
-18
-19
-20
-21
-21
-22
-23
-25
-25
-24
-23
-22
-23
-23
-20
-19
-19
-18
-16
-14
-13
-13
-11
-9
-7
-7
-6
-4
-2
-1
0
0
2
2
1
1
3
4
2
2
2
4
3
2
2
4
3
3
1
-1
-1
-2
-4
-6
-5
-6
-8
-9
-9
-9
-10
-11
-11
-10
-10
-10
-10
-9
-8
-9
-7
-5
-5
-3
-3
0
1
2
2
5
8
9
10
11
12
14
15
16
18
19
20
22
22
24
24
25
28
27
28
29
29
29
28
29
29
29
29
30
29
27
28
26
26
25
23
24
23
21
21
20
18
16
15
14
13
12
11
9
9
7
6
2
2
2
1
-1
-4
-7
-7
-8
-9
-10
-11
-13
-13
-15
-18
-18
-18
-17
-19
-20
-22
-23
-24
-25
-25
-26
-27
-29
-28
-31
-31
-31
-32
-32
-33
-34
-34
-33
-33
-33
-32
-33
-33
-33
-33
-33
-31
-31
-29
-28
-27
-27
-26
-23
-21
-19
-17
-16
-13
-13
-11
-9
-7
-7
-5
-2
0
1
3
5
6
8
9
10
13
14
16
17
17
17
17
19
20
21
22
24
25
25
26
26
29
30
30
30
31
31
31
30
31
31
32
32
32
32
33
33
32
32
32
31
32
33
30
29
29
28
27
26
25
26
24
23
21
20
19
18
15
13
14
12
10
10
7
5
4
2
1
0
-2
-3
-5
-5
-7
-8
-11
-11
-11
-11
-12
-14
-15
-16
-16
-18
-18
-19
-20
-21
-20
-21
-22
-22
-22
-22
-23
-22
-23
-23
-23
-22
-23
-24
-24
-23
-24
-25
-25
-26
-26
-25
-28
-30
-31
-31
-31
-32
-35
-36
-37
-37
-39
-40
-39
-40
-39
-39
-40
-39
-38
-38
-36
-35
-34
-32
-31
-28
-25
-24
-21
-19
-17
-14
-12
-10
-8
-5
-3
1
2
5
7
9
12
14
16
18
21
23
25
26
27
29
32
33
35
36
39
40
42
42
43
43
43
44
43
42
43
42
41
41
38
38
36
34
32
31
29
26
24
22
21
18
15
14
11
10
8
6
5
4
3
1
0
0
-1
-2
-4
-4
-5
-5
-7
-7
-7
-8
-8
-8
-8
-8
-9
-7
-8
-7
-7
-6
-5
-5
-5
-5
-5
-5
-6
-5
-6
-5
-6
-6
-6
-6
-6
-7
-6
-8
-7
-7
-7
-7
-8
-9
-10
-10
-10
-12
-12
-13
-12
-13
-13
-12
-13
-13
-12
-12
-13
-11
-12
-12
-11
-11
-10
-10
-10
-9
-7
-6
-6
-4
-2
-2
-2
-2
0
-1
0
0
0
2
2
3
3
5
5
6
6
7
8
9
9
10
10
11
11
11
11
12
12
12
10
11
11
10
11
11
11
11
12
11
12
12
12
12
11
11
11
10
10
10
9
10
10
9
9
9
9
9
8
7
6
5
5
4
3
4
3
3
3
3
3
4
2
2
1
1
0
-1
-3
-2
-3
-5
-5
-5
-5
-6
-7
-7
-9
-10
-10
-11
-13
-12
-12
-12
-12
-11
-10
-10
-11
-10
-10
-11
-9
-10
-11
-10
-10
-9
-10
-9
-9
-8
-9
-8
-8
-8
-8
-9
-9
-8
-10
-10
-8
-9
-9
-8
-10
-9
-10
-8
-9
-7
-7
-6
-6
-6
-5
-5
-3
-4
-3
-3
-2
-2
-2
-2
-1
-1
-1
0
0
-1
0
0
0
1
1
3
4
6
5
6
7
8
8
9
9
10
8
8
8
7
5
4
4
4
2
1
2
1
1
2
2
3
4
4
5
4
6
6
5
6
8
8
7
6
8
8
8
6
6
5
6
4
4
5
6
6
6
6
5
5
6
7
7
7
6
7
6
6
3
2
1
0
-1
-2
-4
-4
-4
-7
-7
-8
-9
-9
-8
-7
-8
-8
-7
-6
-6
-5
-5
-4
-4
-2
-3
-4
-4
-4
-4
-3
-4
-4
-2
-2
0
-1
