1
1
2
1
1
1
1
1
1
1
0
0
-1
-1
1
0
1
0
-1
0
-1
0
-1
-1
-1
-2
-2
-2
-3
-2
-3
-2
-2
-2
-2
-2
-2
-1
0
-1
0
-1
0
0
1
1
1
1
1
2
1
2
1
2
3
3
2
2
2
3
2
2
3
2
2
1
1
1
1
1
1
0
0
-1
-1
-1
-1
-2
-2
-3
-2
-3
-5
-4
-4
-5
-5
-5
-6
-7
-7
-7
-9
-8
-8
-9
-9
-9
-9
-9
-9
-9
-9
-9
-8
-10
-10
-11
-10
-11
-10
-10
-10
-10
-11
-12
-13
-13
-14
-13
-12
-12
-12
-13
-12
-13
-13
-12
-12
-12
-12
-12
-12
-12
-12
-13
-13
-13
-12
-12
-12
-12
-11
-11
-10
-9
-9
-6
-4
-2
1
3
4
6
9
13
16
18
20
24
27
29
31
34
36
38
41
41
42
42
42
42
44
46
45
45
46
46
47
47
47
47
49
49
51
51
50
49
48
49
48
49
46
45
43
41
40
37
36
34
32
32
31
29
27
26
25
24
22
21
19
16
15
13
9
9
6
4
3
1
1
-2
-3
-5
-8
-8
-12
-15
-18
-20
-22
-26
-28
-32
-34
-38
-42
-45
-48
-51
-54
-56
-57
-60
-63
-65
-68
-71
-73
-75
-78
-80
-83
-86
-87
-90
-92
-94
-95
-98
-101
-104
-106
-107
-109
-109
-106
-105
-102
-99
-96
-93
-89
-84
-78
-71
-62
-53
-45
-38
-29
-21
-12
-2
9
19
28
35
41
45
51
54
59
62
64
65
65
66
66
66
64
64
65
64
65
65
63
60
58
54
50
46
40
33
27
19
13
8
1
-2
-6
-9
-12
-14
-16
-19
-21
-19
-20
-18
-16
-15
-13
-10
-7
-2
3
8
17
28
40
50
61
71
79
88
99
111
122
131
138
146
150
157
164
170
175
178
179
178
176
172
168
163
156
146
134
122
108
93
81
67
54
40
28
19
7
-6
-18
-30
-43
-54
-64
-74
-84
-93
-104
-111
-118
-124
-128
-132
-133
-135
-137
-137
-139
-139
-140
-139
-136
-136
-135
-134
-132
-130
-127
-125
-121
-119
-115
-109
-105
-102
-100
-100
-98
-96
-94
-92
-93
-96
-99
-103
-103
-104
-105
-105
-107
-106
-105
-103
-100
-94
-87
-80
-74
-68
-61
-56
-50
-42
-34
-26
-19
-13
-8
-2
3
10
19
26
35
41
47
52
57
63
70
78
85
91
98
105
109
114
119
124
129
132
136
136
135
132
127
125
122
119
115
111
107
102
97
93
89
87
86
83
81
79
78
75
74
71
70
69
68
68
69
69
71
72
74
76
81
84
89
94
96
100
102
103
105
105
106
105
104
102
99
94
89
82
74
66
60
53
44
37
25
15
6
-4
-13
-22
-31
-41
-51
-60
-70
-80
-91
-100
-109
-117
-124
-131
-139
-148
-158
-165
-170
-173
-174
-175
-177
-178
-179
-178
-176
-173
-170
-165
-162
-158
-155
-152
-148
-144
-141
-137
-132
-129
-124
-122
-121
-118
-114
-111
-107
-102
-97
-95
-94
-93
-92
-89
-85
-80
-73
-65
-59
-53
-48
-43
-37
-30
-21
-12
-4
4
8
12
14
16
20
25
33
39
44
47
50
53
58
63
70
78
87
94
99
105
107
110
113
117
122
127
129
130
130
127
125
124
123
122
121
120
119
117
113
109
107
107
106
106
104
101
97
93
90
86
84
83
80
79
78
74
71
68
66
65
67
70
71
73
71
71
72
72
75
79
83
86
88
88
88
85
81
80
78
77
72
65
59
53
44
37
31
26
19
10
2
-7
-16
-25
-35
-43
-49
-57
-66
-77
-87
-96
-107
-117
-126
-132
-137
-146
-153
-161
-166
-173
-178
-181
-182
-182
-183
-183
-184
-184
-183
-182
-178
-174
-169
-164
-160
-155
-151
-148
-147
-142
-136
-131
-127
-120
-116
-112
-109
-106
-100
-93
-84
-76
-68
-60
-50
-42
-33
-24
-16
-6
2
12
19
24
29
31
33
37
43
47
52
55
57
58
62
63
67
71
77
83
87
91
94
97
98
101
104
108
109
110
110
108
106
101
100
100
98
96
95
94
91
88
83
81
80
80
79
77
75
73
70
66
63
60
58
56
56
55
52
51
50
50
51
53
56
59
60
62
65
67
70
74
77
79
81
82
83
84
85
84
83
81
81
79
77
73
72
66
63
59
54
50
43
37
31
24
14
6
-3
-11
-20
-29
-37
-47
-55
-64
-73
-82
-90
-99
-106
-115
-122
-129
-136
-141
-147
-153
-157
-160
-164
-166
-168
-171
-170
-172
-171
-170
-170
-168
-165
-162
-161
-157
-155
-151
-146
-144
-139
-133
-129
-124
-119
-115
-113
-107
-103
-95
-88
-81
-72
-63
-53
-44
-35
-25
-17
-6
2
11
19
26
31
35
40
44
49
54
59
63
66
67
71
74
77
81
86
90
94
97
100
101
102
103
103
104
104
105
99
97
95
91
89
87
86
86
84
82
80
77
75
74
73
73
73
74
71
70
68
65
64
63
63
64
65
67
65
65
65
66
68
70
74
75
75
77
77
78
79
81
83
84
85
87
86
84
81
79
77
77
76
75
71
67
62
55
50
43
38
33
27
20
12
3
-6
-16
-24
-29
-36
-42
-48
-56
-64
-73
-80
-88
-95
-100
-106
-112
-120
-127
-135
-142
-148
-153
-157
-158
-161
-164
-166
-167
-168
-169
-168
-164
-161
-158
-157
-156
-156
-153
-153
-151
-148
-145
-142
-139
-137
-134
-131
-128
-125
-120
-115
-110
-106
-99
-91
-83
-76
-71
-64
-57
-51
-44
-37
-30
-23
-17
-12
-9
-3
1
5
11
17
24
30
35
41
45
48
54
59
65
72
77
81
85
89
92
95
97
99
102
103
103
106
104
104
104
102
102
102
102
104
103
103
103
102
101
101
101
102
102
101
101
100
100
100
99
99
99
100
100
101
101
103
103
104
105
109
112
113
115
116
117
117
117
115
116
115
113
112
108
106
102
97
93
90
85
79
73
67
62
54
47
41
34
27
19
11
2
-6
-15
-25
-33
-40
-49
-57
-66
-74
-82
-88
-97
-103
-109
-116
-121
-125
-129
-134
-138
-140
-143
-145
-149
-150
-151
-153
-153
-154
-156
-155
-155
-155
-153
-154
-153
-151
-149
-149
-147
-146
-144
-141
-140
-138
-135
-135
-131
-127
-124
-120
-115
-111
-104
-98
-93
-87
-82
-76
-71
-65
-59
-51
-45
-41
-35
-30
-24
-19
-14
-8
-2
5
10
18
24
28
33
40
45
52
58
62
67
72
76
80
82
85
87
89
90
92
94
94
95
96
95
96
97
97
98
98
97
97
98
98
98
96
96
98
97
97
96
94
95
95
95
98
99
100
101
102
104
107
109
111
113
116
118
121
122
121
122
121
124
124
125
124
121
118
115
112
107
102
98
93
87
81
74
67
59
51
43
34
27
19
10
1
-8
-16
-26
-35
-44
-52
-60
-68
-78
-88
-96
-103
-110
-117
-123
-131
-135
-139
-144
-147
-152
-155
-159
-162
-163
-166
-172
-175
-174
-174
-176
-178
-180
-181
-181
-182
-183
-182
-179
-178
-176
-174
-173
-168
-167
-162
-161
-158
-156
-153
-148
-142
-137
-130
-126
-122
-117
-108
-101
-93
-86
-81
-73
-65
-59
-52
-44
-37
-30
-21
-11
-4
5
12
22
30
39
48
58
67
76
84
90
97
103
109
114
119
123
126
129
131
134
139
141
143
144
146
145
147
150
151
151
147
145
143
140
137
135
138
138
137
135
134
133
132
131
131
134
134
135
139
140
141
141
143
145
145
147
150
149
147
146
146
146
146
145
141
137
132
126
124
121
114
106
97
90
81
76
71
62
54
39
45
86
83
11
-39
-44
-50
-39
-31
-40
-27
-9
-52
-90
-78
-78
-93
-99
-128
-152
-157
-180
-183
-153
-164
-203
-238
-282
-296
-247
-211
-220
-241
-280
-299
-273
-279
-311
-280
-247
-265
-295
-343
-396
-385
-346
-313
-245
-194
-218
-256
-284
-314
-298
-250
-200
-105
2
13
-32
-69
-110
-96
7
126
221
291
276
191
135
102
90
143
229
285
303
254
146
44
-25
-47
17
112
133
99
34
-73
-162
-201
-189
-115
-23
0
-40
-106
-184
-239
-228
-156
-43
59
80
41
-7
-60
-76
-11
102
215
289
302
271
237
207
206
294
395
470
512
501
455
411
389
381
433
497
524
520
470
395
320
293
311
357
384
349
298
241
176
130
112
121
144
150
127
84
31
-31
-58
-41
-10
9
-7
-49
-96
-139
-162
-163
-141
-144
-172
-192
-213
-239
-271
-301
-312
-297
-276
-270
-269
-289
-329
-358
-364
-359
-349
-350
-347
-351
-366
-402
-459
-515
-549
-525
-444
-339
-343
-331
-298
-234
-225
-359
-355
-234
12
146
159
200
195
157
35
28
164
349
468
440
349
143
-48
-103
-8
139
153
66
-47
-212
-383
-489
-444
-298
-223
-222
-246
-311
-423
-499
-424
-216
-41
13
-7
-59
-115
-140
-78
71
208
258
255
242
194
130
78
124
241
311
316
239
125
32
-11
30
119
178
179
132
62
18
4
44
131
222
283
298
265
231
218
265
388
500
637
672
643
574
452
473
539
627
688
634
577
472
324
191
124
155
233
259
161
-8
-196
-292
-263
-174
-80
-75
-116
-169
-229
-227
-179
-71
70
145
182
174
131
129
142
207
284
299
245
146
46
-27
-70
-118
-166
-239
-334
-420
-518
-606
-700
-738
-749
-756
-770
-830
-844
-875
-882
-891
-913
-812
-709
-499
-396
-369
-198
-98
64
-26
-94
92
387
680
640
576
541
538
443
290
299
396
545
484
328
53
-274
-393
-385
-215
-163
-287
-449
-658
-805
-864
-780
-577
-416
-356
-329
-317
-353
-351
-251
8
284
406
422
333
246
214
275
456
582
589
492
363
251
134
75
63
100
128
61
-61
-210
-317
-308
-221
-120
-38
-28
-54
-78
-60
37
166
316
464
567
666
778
828
877
824
804
903
947
985
921
845
798
663
483
298
199
185
191
135
-6
-220
-439
-519
-491
-377
-300
-292
-303
-346
-361
-328
-225
-50
122
265
364
364
320
313
359
470
540
519
453
331
209
74
-6
-86
-195
-302
-462
-565
-685
-803
-875
-925
-965
-1041
-1102
-1132
-1104
-1056
-1007
-942
-907
-840
-782
-657
-488
-252
65
256
255
52
18
228
535
716
718
796
832
714
373
80
79
277
499
500
299
-105
-509
-711
-646
-421
-315
-327
-476
-667
-823
-889
-779
-574
-344
-126
18
34
-68
-150
-54
239
554
757
758
611
436
312
319
387
454
459
383
251
56
-145
-303
-375
-316
-227
-198
-297
-472
-581
-575
-456
-292
-133
-24
39
87
154
261
376
517
665
818
921
958
1034
1035
1034
962
862
850
764
708
607
524
473
309
85
-156
-281
-288
-217
-163
-177
-276
-440
-505
-456
-287
-113
8
122
157
157
139
185
336
509
637
704
692
607
507
396
350
361
349
286
119
-108
-323
-490
-581
-629
-682
-754
-870
-960
-1025
-1055
-1031
-1012
-972
-978
-979
-900
-829
-737
-764
-741
-572
-347
-118
-1
127
250
293
186
104
219
488
739
748
644
488
314
119
-54
-9
143
255
164
-102
-385
-614
-706
-647
-482
-353
-360
-501
-649
-722
-692
-539
-296
-66
76
113
105
120
147
249
432
644
774
745
637
491
386
332
339
390
392
297
119
-62
-207
-283
-298
-241
-177
-173
-239
-334
-378
-334
-214
-62
70
180
261
317
359
410
523
667
787
860
868
891
922
891
846
691
592
512
423
390
298
256
155
-23
-248
-440
-481
-401
-262
-204
-225
-332
-418
-415
-319
-115
67
220
281
269
252
235
289
411
565
706
719
590
400
251
184
172
165
130
33
-137
-353
-544
-653
-702
-732
-754
-786
-819
-878
-980
-996
-984
-891
-794
-755
-693
-729
-750
-735
-640
-409
-209
3
215
363
316
12
-166
19
485
846
885
751
518
248
-70
-213
-74
219
419
326
34
-417
-771
-880
-713
-375
-190
-172
-354
-604
-785
-804
-556
-188
133
292
299
225
131
107
235
505
772
926
897
726
499
304
238
293
387
415
320
136
-97
-315
-454
-486
-382
-246
-185
-247
-388
-493
-491
-372
-154
67
217
284
283
304
361
467
654
807
967
1090
1092
1033
818
676
646
667
712
604
482
341
150
-67
-281
-384
-385
-346
-320
-335
-427
-532
-584
-526
-374
-215
-53
55
103
110
117
204
325
443
548
622
646
564
451
340
298
279
208
132
-5
-154
-331
-486
-567
-643
-712
-793
-851
-897
-964
-1014
-1031
-967
-901
-858
-822
-830
-812
-852
-818
-680
-429
-144
32
187
222
208
48
-55
106
455
860
1000
973
721
324
-41
-213
13
353
575
467
89
-396
-812
-922
-729
-369
-161
-158
-328
-590
-818
-898
-673
-278
114
339
380
305
156
105
217
511
838
1029
1029
841
581
364
282
341
444
507
457
266
-9
-296
-463
-488
-377
-220
-120
-142
-283
-427
-483
-393
-175
109
347
422
374
301
330
444
631
835
1011
1173
1147
1009
756
560
527
528
600
589
539
374
56
-273
-529
-565
-471
-312
-230
-285
-471
-708
-792
-730
-497
-221
1
115
73
-21
-96
-15
187
430
607
656
605
457
306
192
165
196
223
189
46
-167
-388
-583
-720
-759
-745
-696
-730
-842
-1010
-1122
-1133
-1066
-940
-882
-855
-897
-865
-715
-539
-347
-78
253
423
208
-107
-100
263
687
906
1034
1053
809
304
-117
-121
191
525
645
501
86
-469
-878
-971
-753
-491
-294
-273
-439
-721
-974
-989
-761
-360
32
315
405
308
168
114
230
508
845
1090
1123
953
683
447
317
354
507
634
616
439
154
-164
-421
-475
-323
-118
-6
-32
-136
-288
-407
-380
-144
184
457
585
590
538
478
503
644
861
1146
1327
1314
1058
672
455
358
426
514
593
599
350
-55
-533
-799
-789
-568
-285
-155
-245
-538
-833
-970
-858
-547
-178
89
161
85
-67
-155
-110
87
376
625
742
665
425
131
-62
-82
13
131
182
82
-175
-527
-813
-921
-882
-771
-709
-720
-847
-1060
-1229
-1291
-1234
-1134
-1070
-944
-772
-600
-434
-280
-48
29
-58
-137
-7
376
702
907
980
923
648
247
3
75
375
591
598
320
-119
-571
-852
-841
-682
-488
-427
-518
-727
-975
-1084
-1024
-768
-448
-152
61
141
166
160
227
374
601
858
1040
1116
1042
883
711
600
602
684
753
736
590
330
60
-138
-176
-122
-41
19
27
-11
-110
-209
-221
-102
105
343
527
665
763
816
820
802
909
1084
1250
1284
1191
1060
876
702
538
447
398
339
237
65
-151
-400
-589
-693
-689
-639
-595
-585
-658
-752
-823
-796
-668
-473
-267
-140
-89
-82
-61
-15
45
145
276
375
371
263
142
28
-73
-121
-117
-107
-198
-363
-530
-648
-741
-820
-852
-854
-896
-1010
-1158
-1266
-1258
-1155
-995
-806
-538
-262
-117
-232
-464
-472
-184
260
602
849
998
916
580
140
-23
170
556
850
876
616
112
-405
-758
-805
-616
-370
-228
-325
-613
-963
-1174
-1184
-1003
-693
-358
-73
33
-2
-114
-161
-44
218
556
845
1002
986
823
602
455
444
577
756
870
823
582
246
-28
-134
-92
14
117
178
137
20
-102
-134
-57
94
317
561
777
898
902
876
855
912
1027
1179
1314
1388
1379
1211
960
710
587
570
552
500
392
233
-5
-277
-477
-550
-530
-477
-442
-476
-569
-697
-778
-775
-677
-499
-302
-139
-86
-101
-146
-176
-143
-70
51
142
184
139
8
-150
-270
-302
-292
-279
-308
-351
-488
-653
-781
-840
-864
-964
-1064
-1143
-1143
-1065
-957
-748
-516
-342
-372
-600
-721
-620
-259
133
510
814
883
620
91
-263
-238
151
608
890
876
522
-8
-506
-715
-658
-419
-174
-109
-261
-600
-913
-1101
-1133
-1000
-746
-422
-185
-113
-188
-309
-383
-353
-172
122
462
706
754
576
328
187
209
363
547
704
733
594
355
148
56
49
110
193
258
267
224
157
104
124
251
444
620
750
836
890
873
846
885
1016
1192
1314
1358
1293
1155
985
827
733
715
748
741
624
407
171
-33
-170
-230
-215
-169
-183
-259
-378
-484
-545
-536
-444
-322
-209
-138
-108
-140
-202
-230
-183
-93
-29
22
21
-54
-215
-371
-422
-411
-391
-407
-446
-517
-613
-728
-838
-961
-1058
-1061
-994
-880
-779
-604
-429
-387
-558
-781
-786
-583
-284
-37
233
489
567
385
40
-184
-172
60
343
549
597
445
142
-222
-475
-554
-464
-324
-247
-279
-423
-601
-790
-926
-973
-905
-716
-501
-331
-284
-325
-378
-393
-341
-234
-54
161
326
371
320
247
222
244
298
385
456
480
431
327
234
169
157
173
185
173
155
167
218
292
369
445
491
505
510
551
649
779
913
1007
1040
1039
1038
1055
1065
1064
1068
1067
1052
990
891
763
605
431
296
236
230
217
140
13
-129
-246
-317
-340
-317
-264
-224
-219
-232
-230
-193
-150
-125
-106
-82
-54
-60
-81
-112
-116
-103
-122
-174
-275
-356
-453
-545
-646
-695
-729
-797
-863
-902
-738
-540
-369
-404
-567
-701
-791
-721
-577
-254
115
354
354
92
-157
-304
-236
-69
131
304
372
358
187
-10
-243
-374
-444
-488
-477
-436
-303
-245
-304
-513
-770
-936
-994
-865
-659
-402
-245
-241
-369
-553
-617
-555
-371
-203
-62
54
148
218
241
249
227
195
183
213
295
391
479
488
405
267
166
141
172
253
350
428
447
425
378
358
372
440
513
556
599
648
699
711
713
748
792
813
811
814
819
809
780
752
715
666
609
535
441
325
243
201
174
157
140
137
81
-22
-126
-188
-172
-125
-45
9
24
-4
-72
-125
-169
-147
-82
-7
21
-18
-82
-165
-228
-287
-340
-415
-509
-579
-645
-639
-541
-360
-214
-279
-478
-686
-771
-757
-641
-375
-33
198
145
-105
-362
-466
-411
-281
-129
-31
20
17
-33
-90
-145
-167
-226
-343
-490
-568
-519
-408
-303
-286
-344
-469
-603
-700
-733
-673
-571
-466
-439
-464
-475
-455
-423
-448
-489
-503
-433
-287
-111
48
121
125
86
46
50
111
225
323
357
352
355
392
432
475
509
524
498
462
442
451
493
542
578
590
569
524
465
413
417
484
567
623
637
625
592
543
502
483
476
462
451
461
484
485
449
388
330
295
282
280
275
258
234
194
152
123
105
101
95
90
80
53
15
-10
2
47
67
53
16
-28
-58
-96
-137
-184
-224
-268
-321
-389
-435
-400
-318
-242
-261
-328
-392
-449
-514
-582
-542
-393
-221
-159
-214
-301
-361
-371
-386
-368
-319
-239
-166
-159
-178
-211
-191
-165
-193
-265
-347
-382
-415
-449
-462
-415
-346
-326
-359
-428
-466
-491
-493
-510
-536
-528
-495
-426
-394
-393
-416
-429
-419
-387
-307
-211
-130
-77
-32
4
46
90
135
163
155
148
177
244
340
433
514
557
533
491
465
488
541
587
609
578
531
496
505
534
550
568
588
593
561
529
540
578
592
569
560
570
573
552
512
486
459
447
437
440
456
454
418
321
226
177
190
194
164
143
129
122
72
26
5
6
16
4
5
10
40
70
69
50
6
-35
-95
-155
-179
-174
-170
-228
-343
-435
-454
-394
-335
-330
-360
-423
-522
-675
-782
-763
-626
-470
-398
-394
-441
-487
-525
-533
-505
-484
-432
-364
-276
-209
-173
-151
-176
-249
-364
-436
-419
-348
-282
-275
-314
-381
-442
-493
-515
-494
-451
-415
-449
-527
-586
-573
-495
-428
-386
-372
-352
-339
-334
-307
-243
-139
-51
-7
-7
2
53
129
187
199
209
266
361
452
511
550
581
567
526
488
485
516
533
545
542
548
561
575
581
555
526
521
540
558
587
632
675
682
653
643
642
648
640
622
604
575
565
572
568
537
484
421
351
273
214
185
179
162
129
93
41
-9
-50
-71
-64
-34
9
35
42
28
20
10
-7
-36
-63
-65
-68
-81
-114
-182
-238
-248
-198
-142
-163
-226
-329
-435
-568
-690
-699
-598
-459
-388
-410
-488
-574
-626
-636
-599
-549
-483
-422
-375
-349
-349
-315
-288
-284
-351
-440
-475
-456
-396
-355
-336
-338
-362
-409
-469
-498
-484
-451
-461
-508
-546
-526
-460
-417
-404
-408
-400
-396
-401
-395
-340
-234
-142
-100
-105
-110
-74
-11
66
127
185
235
269
319
390
494
569
584
548
493
452
435
441
482
544
597
616
599
571
539
501
468
459
478
521
570
616
635
619
586
554
548
548
566
600
629
619
576
527
498
490
489
485
460
428
382
335
293
243
211
184
160
137
105
90
97
110
99
78
62
64
68
52
38
32
40
25
-11
-54
-93
-144
-181
-185
-121
-41
-71
-167
-319
-439
-563
-673
-664
-524
-321
-250
-328
-482
-603
-654
-666
-613
-546
-454
-387
-357
-354
-403
-404
-391
-389
-463
-562
-585
-534
-459
-443
-432
-443
-481
-556
-624
-618
-586
-537
-535
-581
-630
-639
-563
-499
-479
-513
-535
-530
-533
-505
-431
-294
-181
-146
-192
-241
-206
-103
28
112
171
227
268
312
344
422
496
520
480
414
409
454
520
567
598
615
616
596
553
520
509
527
553
561
577
595
629
616
558
489
448
461
497
553
586
598
569
503
434
393
405
450
488
491
460
420
383
341
291
260
249
240
222
193
183
197
221
213
175
137
130
141
144
126
99
69
48
24
-1
-28
-62
-55
-30
34
40
-28
-143
-259
-348
-441
-443
-333
-139
-28
-73
-226
-392
-485
-518
-458
-343
-250
-211
-251
-303
-386
-441
-434
-400
-387
-465
-548
-576
-538
-512
-517
-532
-562
-622
-716
-750
-710
-629
-567
-576
-621
-683
-700
-682
-666
-660
-658
-608
-547
-497
-461
-404
-339
-315
-339
-360
-308
-183
-33
79
139
164
181
220
265
326
387
438
451
418
395
419
503
584
626
610
557
490
452
470
517
566
583
570
522
460
421
423
435
427
398
383
397
418
425
421
390
342
287
267
293
348
402
418
390
334
298
296
320
332
332
315
275
230
210
239
296
315
273
205
156
142
145
144
126
95
43
-7
-86
-120
-37
123
275
209
28
-158
-245
-271
-300
-211
4
260
308
120
-157
-340
-352
-300
-176
-50
52
77
-39
-197
-382
-443
-399
-317
-296
-366
-410
-437
-455
-555
-654
-698
-696
-703
-761
-751
-678
-589
-602
-730
-841
-880
-819
-760
-714
-672
-620
-566
-558
-555
-541
-480
-409
-366
-352
-338
-258
-144
-43
-10
-13
36
100
177
219
284
374
408
380
307
315
392
481
514
486
448
416
404
397
414
444
456
424
346
302
298
336
356
330
294
255
246
247
265
289
307
301
273
240
234
272
309
313
285
260
268
286
309
323
332
333
296
250
212
238
286
316
305
257
237
221
206
161
115
82
49
-9
-16
108
328
492
399
157
-81
-169
-152
-85
124
431
662
557
173
-212
-343
-196
54
311
449
443
264
-29
-274
-399
-322
-156
-25
-42
-169
-276
-341
-418
-558
-653
-651
-582
-539
-531
-487
-474
-555
-754
-946
-979
-857
-661
-528
-509
-596
-711
-787
-800
-735
-627
-484
-394
-387
-430
-437
-354
-272
-218
-223
-203
-114
0
140
233
301
310
246
159
118
214
393
548
564
462
317
209
189
250
371
461
459
367
211
99
50
86
141
154
114
62
49
45
43
30
35
47
59
92
159
242
266
207
113
48
70
166
299
401
419
377
286
196
149
201
311
385
357
270
211
195
197
171
140
109
45
-28
35
246
514
538
312
24
-130
-77
33
267
592
889
857
429
-92
-342
-165
218
595
802
779
545
137
-201
-354
-247
30
263
322
122
-145
-351
-450
-535
-599
-561
-432
-323
-365
-447
-511
-568
-704
-894
-942
-811
-581
-425
-437
-572
-759
-867
-846
-717
-539
-381
-291
-334
-469
-583
-537
-359
-187
-95
-109
-126
-124
-86
-11
69
165
208
208
173
179
283
412
469
398
269
173
164
225
320
400
415
348
218
103
45
49
110
139
118
44
-16
-29
-36
-70
-115
-128
-116
-89
-62
3
66
74
24
-47
-69
-28
48
130
177
189
183
156
137
158
224
299
311
239
175
177
230
240
197
145
99
13
-33
76
345
609
517
196
-144
-235
-118
62
378
746
1013
827
261
-294
-408
-42
464
864
977
833
474
24
-256
-265
37
414
613
494
126
-195
-348
-351
-367
-350
-243
-127
-146
-349
-505
-557
-559
-646
-759
-707
-533
-367
-386
-555
-754
-872
-824
-660
-443
-271
-198
-262
-449
-635
-652
-409
-101
83
68
-46
-132
-195
-147
-5
223
362
336
221
105
112
195
339
436
452
361
230
151
120
171
228
283
279
198
123
60
55
25
-20
-59
-66
-29
-5
9
-37
-104
-191
-247
-238
-164
-30
58
59
-48
-165
-189
-127
-20
53
90
93
44
-30
-89
-30
121
243
237
121
39
37
83
99
88
98
79
23
-111
-140
48
347
558
371
29
-230
-198
-19
113
352
655
881
637
66
-361
-295
165
568
807
833
694
361
-55
-247
-144
226
563
686
514
130
-195
-364
-347
-287
-160
26
130
15
-314
-562
-622
-562
-532
-524
-410
-275
-240
-412
-649
-789
-780
-628
-436
-244
-153
-176
-295
-456
-538
-472
-223
58
205
150
-15
-131
-151
-37
150
384
522
484
321
144
122
212
372
493
536
488
354
214
105
96
150
234
283
234
144
36
-47
-129
-198
-182
-100
-8
-19
-98
-194
-267
-320
-329
-239
-101
15
3
-101
-213
-274
-238
-139
-8
95
118
74
-42
-153
-186
-87
74
175
164
88
39
6
-24
-40
-13
53
47
-37
-124
-180
-67
101
300
331
125
-81
-180
-31
103
234
411
621
669
331
-82
-255
22
443
722
813
668
405
29
-195
-134
132
480
655
605
242
-218
-497
-462
-224
-40
102
141
63
-247
-624
-759
-628
-369
-260
-243
-233
-271
-403
-641
-773
-719
-510
-272
-134
-116
-237
-362
-457
-462
-372
-188
98
275
246
10
-188
-177
-42
160
371
586
676
516
247
76
152
371
556
653
638
549
367
162
44
75
248
398
418
263
55
-101
-190
-231
-224
-116
6
26
-117
-318
-428
-422
-333
-227
-119
-56
-85
-203
-350
-407
-335
-150
33
109
73
-33
-129
-208
-231
-169
-8
144
168
51
-109
-177
-148
-77
-12
36
43
-22
-152
-268
-335
-231
31
341
469
225
-97
-268
-145
48
188
425
711
849
524
-14
-299
-87
423
802
944
800
488
84
-205
-178
97
494
721
654
266
-249
-547
-482
-167
76
153
92
-58
-329
-656
-767
-588
-267
-112
-189
-327
-437
-513
-618
-663
-569
-383
-193
-117
-161
-314
-457
-492
-397
-221
-50
129
216
151
-77
-280
-249
-2
311
518
602
551
388
179
95
228
489
704
743
642
459
295
209
228
327
415
465
428
310
134
-44
-123
-98
-8
39
31
-14
-106
-234
-389
-443
-366
-199
-78
-78
-167
-303
-411
-451
-370
-191
-13
69
-6
-158
-282
-296
-211
-99
6
55
45
-48
-177
-249
-213
-84
15
46
1
-90
-189
-293
-309
-276
-143
72
278
381
164
-162
-378
-279
15
273
514
680
737
442
-44
-347
-185
377
883
1107
894
420
-63
-308
-158
190
585
805
736
323
-309
-718
-646
-182
222
315
158
-121
-433
-757
-854
-637
-245
16
-48
-283
-549
-686
-687
-576
-402
-262
-145
-83
-125
-307
-508
-513
-306
-39
99
135
142
84
-63
-231
-188
79
396
559
508
377
236
187
235
366
517
588
571
471
367
315
361
463
506
438
296
222
233
266
259
190
133
66
20
-19
-30
-14
-37
-100
-207
-267
-259
-181
-121
-157
-259
-358
-354
-286
-205
-155
-156
-188
-260
-302
-274
-192
-123
-119
-144
-173
-174
-175
-152
-92
-29
5
-42
-103
-136
-123
-99
-96
-93
-89
-122
-143
-78
102
272
156
-128
-363
-263
23
231
338
373
418
253
-60
-311
-213
225
666
877
681
222
-224
-352
-58
335
570
552
388
125
-267
-553
-494
-60
343
365
41
-349
-564
-613
-498
-294
-90
-12
-123
-308
-493
-576
-529
-357
-164
-94
-143
-211
-229
-248
-309
-319
-186
30
147
110
8
-52
-55
-40
56
217
393
455
377
236
135
161
293
471
573
571
485
391
329
318
377
477
533
468
338
254
259
302
314
289
231
146
49
-7
24
76
78
-6
-114
-201
-250
-267
-249
-191
-154
-173
-256
-346
-387
-361
-285
-211
-183
-192
-224
-256
-295
-285
-207
-89
4
9
-27
-67
-71
-61
-30
30
101
151
129
73
8
-11
4
15
-9
-85
-100
-23
134
192
43
-202
-375
-332
-186
-17
100
169
155
-42
-299
-482
-384
-66
288
485
340
-39
-445
-524
-242
149
378
333
158
-84
-310
-408
-291
-15
189
205
68
-103
-242
-330
-267
-99
80
116
23
-79
-160
-206
-237
-189
-78
37
89
58
-40
-195
-306
-266
-67
153
221
133
-17
-127
-163
-117
25
197
309
288
182
82
19
34
152
368
542
548
405
240
182
214
335
498
621
617
458
285
188
198
264
362
467
471
322
77
-86
-94
-20
60
94
79
-30
-194
-328
-366
-310
-236
-179
-173
-214
-282
-345
-363
-335
-268
-175
-78
-42
-83
-137
-119
-40
27
54
100
196
278
255
166
117
147
218
261
278
264
206
97
0
-13
41
76
31
-82
-215
-308
-311
-226
-134
-141
-282
-474
-605
-609
-496
-335
-203
-184
-305
-502
-647
-631
-459
-228
-71
-61
-181
-334
-418
-379
-235
-56
80
116
41
-79
-144
-97
34
158
219
228
231
222
178
123
110
179
295
376
376
312
226
153
107
104
141
194
234
226
162
45
-66
-113
-68
14
53
39
-7
-49
-99
-147
-163
-128
-39
36
63
41
-12
-59
-79
-57
29
139
224
228
152
74
66
127
199
238
264
294
288
230
153
131
183
235
239
198
173
183
185
153
92
44
41
74
105
115
107
83
44
-4
-27
3
74
129
123
76
32
30
61
91
106
111
108
87
51
15
15
48
80
58
-17
-79
-89
-59
-41
-58
-93
-131
-175
-226
-257
-251
-230
-231
-256
-286
-311
-340
-375
-393
-391
-367
-338
-325
-340
-379
-411
-407
-367
-314
-275
-255
-250
-268
-283
-262
-195
-122
-77
-58
-48
-50
-59
-46
-5
64
118
142
136
105
74
55
83
155
226
242
192
133
95
100
126
162
192
193
165
119
94
95
117
131
135
131
111
83
54
44
50
60
73
86
84
56
10
-22
-27
6
51
84
86
51
12
-4
10
32
54
79
100
106
79
45
36
63
112
137
146
140
125
98
74
94
144
189
191
167
141
124
107
101
140
200
234
206
140
96
83
103
135
165
176
146
100
68
60
61
58
62
77
87
69
31
-14
-49
-72
-65
-34
-20
-48
-100
-138
-154
-175
-204
-227
-224
-212
-204
-203
-217
-253
-308
-346
-344
-306
-260
-235
-236
-262
-303
-330
-319
-274
-220
-180
-153
-151
-173
-208
-224
-191
-114
-26
23
5
-62
-119
-116
-50
32
88
103
76
22
-23
-28
8
68
115
116
74
26
13
36
67
87
80
68
54
47
54
69
80
70
50
43
49
55
49
45
56
65
52
27
32
64
79
58
27
21
38
66
86
92
87
67
43
31
45
88
134
149
124
79
46
38
47
66
99
137
144
101
34
-9
-5
31
71
92
91
69
42
17
0
-1
14
38
58
70
75
70
51
24
17
49
100
134
127
91
56
39
42
74
117
146
133
78
21
1
19
52
78
84
64
21
-31
-60
-53
-25
-7
-21
-50
-76
-87
-91
-93
-97
-106
-114
-110
-93
-82
-98
-139
-175
-176
-138
-91
-69
-85
-129
-181
-213
-201
-149
-88
-66
-91
-137
-174
-194
-204
-196
-155
-103
-83
-109
-155
-190
-199
-181
-141
-89
-60
-73
-113
-147
-146
-115
-75
-40
-25
-41
-68
-70
-38
7
36
45
44
42
47
58
78
96
110
132
164
184
173
148
148
174
208
230
242
246
233
197
166
165
189
211
228
236
219
164
91
51
69
111
134
126
100
60
1
-53
-69
-44
-13
-11
-32
-59
-85
-109
-118
-101
-73
-58
-66
-83
-90
-80
-57
-38
-24
-20
-13
-5
3
18
36
55
68
71
75
84
98
104
101
101
110
121
124
120
113
107
99
92
95
105
111
99
77
68
71
69
46
15
5
13
27
29
15
-13
-39
-54
-59
-61
-57
-46
-39
-52
-88
-130
-154
-152
-137
-123
-126
-145
-174
-199
-217
-224
-225
-224
-228
-233
-235
-236
-240
-247
-253
-255
-260
-255
-230
-192
-158
-157
-181
-199
-182
-136
-80
-32
-9
-15
-41
-58
-36
18
78
115
127
121
112
108
120
156
196
225
237
229
211
197
204
229
252
255
239
219
207
203
197
185
177
167
148
119
90
73
66
56
37
13
-12
-29
-43
-61
-82
-100
-107
-112
-122
-135
-148
-160
-172
-175
-161
-140
-129
-138
-154
-164
-156
-136
-105
-77
-57
-51
-52
-48
-31
-6
24
55
76
88
90
91
99
120
149
176
192
194
188
189
194
202
211
219
226
225
222
217
208
194
188
190
194
190
172
147
121
92
71
60
52
43
28
5
-27
-63
-95
-123
-139
-140
-141
-153
-175
-201
-231
-263
-280
-267
-239
-225
-239
-266
-284
-284
-277
-262
-239
-215
-203
-202
-206
-199
-182
-161
-138
-115
-94
-80
-69
-55
-39
-27
-12
8
29
50
70
81
89
88
86
96
122
153
165
151
131
125
138
162
173
170
161
149
140
133
128
124
121
116
108
95
82
70
59
47
29
10
-3
-12
-13
-19
-36
-59
-91
-109
-109
-101
-97
-102
-118
-140
-167
-184
-176
-154
-136
-127
-128
-133
-143
-146
-126
-92
-64
-54
-56
-47
-19
5
28
40
48
69
93
122
144
149
161
176
198
211
214
221
235
246
253
252
244
236
226
219
221
218
208
193
172
151
134
120
105
86
65
52
45
31
6
-26
-53
-74
-85
-86
-78
-78
-95
-127
-159
-173
-165
-148
-125
-114
-121
-144
-169
-177
-163
-128
-91
-68
-72
-98
-122
-123
-102
-68
-35
-22
-25
-41
-54
-51
-39
-30
-20
-9
0
5
-6
-18
-17
-17
-18
-11
4
25
29
6
-22
-35
-28
-4
16
21
13
-8
-29
-42
-38
-16
11
16
-1
-29
-52
-52
-38
-25
-23
-34
-51
-62
-66
-66
-72
-84
-94
-94
-93
-95
-99
-101
-100
-107
-118
-124
-118
-98
-76
-66
-72
-81
-81
-71
-51
-32
-12
10
26
35
32
31
38
58
87
113
132
136
129
115
104
108
124
148
167
174
165
138
104
81
81
103
127
132
111
73
37
14
14
24
38
43
35
16
-7
-25
-31
-26
-15
-1
8
8
4
-2
-8
-9
-10
-1
27
53
66
58
37
27
29
40
64
85
98
94
77
60
55
62
79
97
97
82
62
50
52
58
61
60
56
44
26
12
7
11
18
25
27
10
-17
-41
-47
-34
-16
-13
-26
-45
-64
-75
-78
-73
-64
-62
-76
-94
-106
-108
-103
-106
-116
-124
-126
-123
-121
-125
-129
-134
-138
-143
-142
-132
-114
-98
-93
-101
-114
-118
-100
-72
-46
-35
-34
-34
-23
-11
3
19
31
40
47
56
70
83
90
94
92
88
85
82
83
89
92
91
85
65
37
9
-6
-4
-1
-10
-26
-46
-63
-78
-101
-116
-120
-113
-108
-112
-118
-116
-111
-103
-102
-104
-97
-77
-48
-19
-2
5
14
22
33
50
75
107
134
143
142
139
153
174
187
190
193
196
204
209
209
207
198
183
172
173
182
191
187
171
149
128
121
122
126
125
115
103
90
79
70
60
50
41
34
31
28
19
4
-12
-26
-34
-36
-38
-44
-54
-70
-92
-106
-109
-110
-115
-130
-146
-159
-169
-175
-179
-181
-187
-202
-219
-227
-222
-211
-201
-206
-217
-228
-230
-216
-197
-175
-160
-160
-164
-164
-155
-129
-100
-75
-63
-59
-56
-50
-38
-16
8
26
38
35
24
19
26
47
74
87
83
59
29
12
13
36
59
65
44
5
-31
-44
-40
-27
-17
-19
-35
-58
-77
-90
-93
-87
-80
-77
-78
-75
-76
-77
-79
-80
-71
-55
-30
-11
-4
-9
-14
-5
17
45
72
90
99
95
92
97
118
147
170
183
183
175
169
171
188
214
230
229
216
204
201
203
210
216
225
227
217
204
194
186
187
195
197
189
177
166
153
141
133
129
129
130
124
110
87
63
48
39
34
30
20
4
-17
-38
-55
-69
-74
-74
-77
-91
-113
-134
-149
-158
-154
-146
-140
-140
-146
-156
-161
-159
-148
-133
-122
-116
-115
-111
-107
-99
-88
-72
-59
-52
-54
-59
-58
-52
-43
-42
-47
-50
-52
-56
-63
-66
-68
-70
-75
-87
-103
-118
-126
-127
-125
-130
-139
-151
-158
-159
-159
-157
-154
-154
-160
-170
-172
-164
-149
-136
-132
-134
-136
-130
-115
-98
-86
-82
-80
-75
-66
-57
-46
-33
-23
-13
-4
4
12
18
18
24
34
51
68
76
76
72
75
88
106
128
139
141
138
137
142
155
176
197
208
203
193
191
203
224
240
243
236
226
219
222
229
236
237
231
221
209
202
197
189
179
169
157
146
136
124
110
96
83
72
65
56
44
30
16
1
-7
-10
-14
-17
-28
-39
-48
-51
-47
-45
-46
-53
-59
-60
-57
-51
-50
-51
-55
-60
-64
-64
-61
-58
-58
-62
-71
-76
-83
-91
-98
-100
-100
-103
-116
-131
-147
-157
-163
-166
-169
-173
-181
-192
-203
-209
-209
-208
-210
-216
-219
-215
-205
-197
-197
-203
-204
-194
-181
-164
-148
-139
-134
-134
-133
-129
-114
-91
-72
-62
-61
-62
-59
-53
-44
-33
-26
-22
-15
-9
-1
2
-2
-7
-5
7
22
35
41
40
40
38
41
52
63
76
90
100
106
107
106
109
120
139
156
165
167
167
168
170
173
184
197
207
209
198
188
185
190
199
208
210
200
185
173
168
171
176
180
176
164
151
139
131
128
127
126
125
121
113
103
96
90
85
81
82
85
87
83
73
62
54
50
53
58
61
54
41
32
27
25
22
14
5
0
-6
-11
-18
-25
-38
-54
-66
-75
-83
-88
-92
-100
-117
-135
-144
-150
-151
-153
-158
-167
-174
-181
-186
-189
-188
-189
-191
-193
-193
-188
-185
-184
-185
-183
-180
-178
-178
-174
-168
-159
-151
-152
-155
-156
-153
-146
-137
-128
-124
-124
-123
-123
-122
-115
-105
-92
-83
-79
-78
-75
-71
-67
-61
-53
-46
-33
-24
-19
-14
-13
-15
-11
1
20
33
42
42
38
36
37
45
59
72
78
77
70
68
78
91
98
100
98
93
91
95
104
117
123
120
115
107
104
112
120
127
131
132
132
132
132
130
129
132
141
146
144
143
141
139
136
132
131
135
138
139
132
124
119
116
114
112
108
100
92
83
77
73
68
63
58
48
32
20
12
10
9
4
-7
-20
-31
-41
-49
-53
-53
-54
-60
-67
-75
-79
-85
-90
-92
-92
-92
-92
-92
-95
-98
-101
-104
-103
-100
-101
-101
-102
-102
-104
-104
-104
-101
-100
-102
-105
-107
-106
-103
-99
-97
-97
-97
-99
-100
-98
-96
-90
-86
-88
-88
-86
-82
-78
-76
-75
-73
-70
-66
-61
-53
-49
-45
-44
-41
-36
-32
-25
-17
-10
-9
-11
-9
-4
4
11
15
21
21
20
20
24
31
36
39
44
47
48
48
51
58
66
70
70
71
71
74
76
85
95
100
99
93
91
93
97
105
110
113
113
105
100
98
100
102
103
106
103
97
92
86
82
81
80
82
81
79
73
66
59
52
49
51
53
52
48
41
31
21
17
18
22
26
23
13
3
-4
-4
-6
-4
-3
-8
-15
-20
-23
-24
-23
-24
-28
-30
-33
-33
-32
-36
-40
-46
-47
-45
-42
-41
-44
-50
-56
-58
-57
-53
-53
-58
-62
-69
-67
-63
-59
-60
-64
-70
-74
-74
-68
-63
-60
-62
-67
-72
-71
-65
-60
-57
-56
-59
-60
-60
-58
-53
-48
-46
-45
-43
-40
-39
-37
-34
-35
-34
-30
-24
-19
-18
-19
-22
-24
-19
-12
-6
-4
-6
-9
-11
-12
-6
3
9
9
6
3
0
4
10
14
16
16
15
16
18
18
19
18
19
22
28
31
30
27
20
18
17
21
27
33
34
29
21
15
12
16
22
26
27
24
19
15
13
13
17
21
23
21
15
12
10
12
14
14
15
14
12
10
9
9
9
11
11
9
11
10
8
7
5
7
10
13
13
10
6
6
8
12
13
12
11
9
6
6
11
13
13
7
3
3
3
7
7
6
5
1
-1
-2
-1
0
1
-1
-2
-4
-4
-5
-3
-2
-2
-1
-1
-2
-4
-5
-4
-2
0
4
5
3
-2
-3
-4
-1
2
6
8
6
1
-4
-5
-3
2
6
9
6
2
-2
-4
-2
2
6
6
6
3
-1
-2
-2
1
4
6
6
3
-1
-1
1
3
5
6
5
3
1
1
3
4
5
4
2
-1
-1
-1
0
1
0
0
-3
-4
-6
-7
-6
-7
-8
-8
-8
-10
-10
-11
-13
-11
-11
-12
-13
-14
-12
-12
-13
-14
-15
-15
-16
-17
-16
-15
-16
-16
-18
-18
-18
-16
-17
-17
-16
-16
-16
-15
-16
-14
-13
-13
-15
-15
-14
-12
-10
-11
-9
-9
-8
-9
-7
-4
-2
-1
0
1
4
4
6
9
13
17
17
17
18
21
24
29
34
37
40
39
40
43
47
52
55
55
54
55
55
58
60
63
61
58
55
54
53
52
52
52
48
44
38
36
35
34
32
27
24
20
16
13
11
10
5
0
-4
-6
-5
-6
-7
-10
-15
-19
-21
-20
-18
-17
-21
-26
-28
-29
-28
-26
-25
-25
-26
-30
-30
-31
-29
-28
-28
-29
-30
-32
-33
-32
-32
-32
-34
-36
-35
-36
-39
-40
-42
-43
-42
-44
-45
-48
-52
-55
-55
-53
-52
-54
-58
-62
-66
-68
-68
-69
-68
-69
-72
-75
-74
-74
-74
-74
-74
-74
-73
-72
-70
-68
-67
-65
-62
-58
-53
-49
-48
-46
-44
-38
-30
-22
-17
-13
-11
-6
0
9
18
25
29
33
34
40
46
53
60
66
68
70
74
79
82
86
89
92
94
95
96
97
98
99
98
98
98
97
96
93
92
89
87
87
86
82
76
71
67
64
62
59
55
50
44
39
36
33
30
27
24
19
14
8
6
4
3
2
-2
-4
-7
-9
-9
-10
-10
-10
-10
-11
-12
-12
-9
-9
-7
-6
-7
-6
-5
-4
-3
-4
-3
-2
-3
-2
0
0
-1
-3
-4
-5
-5
-5
-5
-8
-11
-15
-18
-19
-21
-23
-26
-31
-35
-37
-41
-43
-47
-50
-53
-56
-60
-63
-65
-68
-71
-73
-72
-74
-75
-77
-78
-78
-77
-76
-75
-74
-72
-70
-69
-64
-61
-56
-53
-51
-47
-44
-36
-31
-25
-20
-16
-12
-7
0
7
12
19
22
25
27
31
37
43
46
49
51
53
55
55
55
58
62
62
60
58
60
61
62
61
59
59
57
57
54
53
53
51
48
46
45
45
43
39
34
32
31
29
29
29
29
25
22
18
18
21
19
18
17
15
13
12
13
16
16
17
18
17
16
15
17
18
19
19
18
19
21
22
19
18
17
18
17
17
18
18
16
10
8
7
7
7
5
4
0
-5
-10
-14
-17
-19
-25
-27
-28
-33
-39
-45
-49
-51
-56
-61
-67
-69
-70
-75
-80
-82
-85
-86
-87
-88
-86
-86
-86
-85
-85
-84
-83
-80
-76
-71
-66
-63
-60
-56
-53
-50
-47
-43
-39
-35
-33
-29
-26
-25
-24
-23
-20
-16
-13
-11
-12
-11
-11
-11
-11
-9
-8
-5
-4
-4
-4
-7
-7
-5
-2
2
4
4
7
5
5
5
9
13
16
19
20
21
22
22
24
25
28
32
34
37
41
42
43
43
44
47
50
53
56
57
58
58
58
60
61
64
66
68
68
68
67
68
69
69
69
69
68
66
67
66
66
65
62
61
58
57
55
54
52
48
45
41
38
34
30
26
21
16
12
7
4
-1
-7
-13
-19
-24
-28
-33
-37
-40
-46
-51
-55
-59
-60
-62
-62
-63
-63
-64
-64
-63
-61
-58
-54
-52
-48
-46
-42
-38
-33
-28
-23
-20
-16
-11
-8
-3
2
5
7
10
13
15
16
17
19
20
20
21
21
21
20
20
18
15
14
13
10
8
7
4
1
-3
-4
-6
-8
-11
-13
-16
-17
-20
-22
-23
-23
-25
-27
-29
-30
-30
-32
-31
-31
-30
-31
-31
-32
-30
-26
-24
-21
-19
-17
-14
-10
-6
-3
-1
1
4
8
11
15
18
20
22
23
28
30
35
38
39
41
42
44
44
44
47
46
44
41
39
38
37
35
32
28
24
21
20
18
15
11
6
2
-1
-4
-8
-13
-16
-19
-22
-26
-29
-33
-36
-37
-39
-40
-43
-42
-41
-41
-44
-44
-44
-42
-40
-38
-37
-37
-35
-32
-29
-25
-21
-18
-16
-12
-7
-2
0
4
9
14
17
20
23
27
30
32
35
38
38
41
41
40
39
40
42
43
41
38
37
36
32
30
26
23
21
19
15
9
6
2
-1
-4
-7
-9
-14
-21
-24
-27
-30
-34
-36
-38
-40
-43
-44
-47
-47
-46
-45
-46
-47
-47
-45
-44
-44
-42
-40
-36
-33
-28
-24
-22
-20
-18
-13
-9
-2
3
6
9
12
16
20
23
27
30
32
34
35
37
38
39
40
40
39
38
37
37
37
37
34
33
31
28
26
23
21
17
14
11
8
5
1
-3
-5
-9
-11
-14
-17
-19
-21
-23
-25
-26
-27
-26
-26
-25
-25
-26
-27
-26
-23
-21
-19
-17
-15
-15
-12
-7
-6
-3
-2
2
4
7
11
14
16
19
20
22
24
25
29
30
30
32
33
31
32
33
33
31
30
30
28
27
26
24
21
19
16
15
14
12
8
5
2
0
-2
-3
-5
-8
-11
-12
-14
-16
-18
-19
-20
-23
-24
-24
-25
-25
-25
-25
-25
-25
-24
-24
-24
-22
-21
-19
-17
-17
-15
-13
-13
-12
-11
-8
-7
-5
-3
-2
-1
2
3
4
5
6
7
8
8
9
8
10
9
11
10
9
9
8
9
8
6
6
5
4
3
1
1
-1
-2
-3
-4
-5
-7
-8
-8
-11
-10
-12
-12
-11
-12
-12
-13
-13
-13
-13
-13
-13
-13
-12
-9
-9
-7
-7
-5
-3
-2
-1
1
3
4
6
7
8
11
12
14
17
17
17
19
19
19
19
19
20
20
21
20
20
19
18
18
17
16
15
13
12
12
9
7
4
4
4
2
0
-3
-4
-4
-6
-7
-7
-10
-10
-11
-11
-11
-13
-11
-12
-12
-12
-13
-12
-10
-10
-9
-8
-7
-6
-5
-3
-2
-2
-2
1
2
2
4
4
6
7
7
7
8
8
8
8
7
8
8
7
6
5
3
2
2
-1
-2
-3
-5
-7
-9
-11
-14
-16
-17
-20
-24
-24
-27
-29
-30
-32
-33
-35
-35
-36
-38
-37
-39
-40
-37
-39
-37
-37
-37
-35
-35
-34
-31
-29
-27
-25
-22
-20
-17
-15
-11
-8
-5
-3
1
4
7
10
13
15
18
22
24
25
26
29
32
35
34
36
36
36
39
39
41
42
40
40
39
39
39
40
38
37
35
34
32
31
32
29
28
26
24
23
22
19
17
16
16
16
14
11
12
12
12
10
10
9
9
9
8
8
7
8
7
7
6
8
9
10
10
10
10
9
11
12
13
14
12
12
13
14
12
12
12
12
12
12
9
9
8
7
7
5
3
2
0
-3
-4
-6
-8
-11
-14
-15
-18
-21
-24
-26
-28
-31
-34
-36
-38
-41
-45
-49
-50
-51
-54
-56
-58
-59
-59
-60
-61
-62
-62
-61
-61
-61
-61
-59
-57
-56
-55
-52
-50
-47
-44
-42
-39
-35
-32
-28
-24
-20
-17
-14
-11
-6
-2
2
5
8
10
14
16
20
22
25
26
29
30
32
33
34
36
37
37
36
36
36
36
36
36
35
34
33
33
32
31
32
29
29
27
26
27
26
27
25
25
26
25
25
24
24
23
25
25
26
26
26
26
25
26
26
28
27
27
28
27
27
27
28
29
30
29
27
27
27
27
26
27
27
26
26
25
24
25
25
25
24
23
21
19
18
17
15
13
11
9
7
4
1
-2
-3
-6
-9
-13
-15
-18
-22
-26
-26
-29
-33
-36
-40
-42
-46
-47
-52
-53
-55
-58
-60
-62
-63
-63
-64
-64
-64
-64
-64
-65
-64
-62
-62
-60
-60
-58
-57
-56
-54
-52
-49
-46
-43
-40
-38
-35
-31
-28
-26
-23
-20
-17
-16
-13
-11
-9
-6
-3
-1
1
3
5
7
8
9
10
12
14
15
19
19
20
20
21
23
25
26
26
27
27
28
29
29
29
31
33
33
34
35
36
37
37
38
38
39
39
40
40
40
41
42
43
44
44
44
44
43
43
42
42
42
41
40
39
37
38
37
37
36
36
33
33
31
29
27
26
24
22
21
20
18
16
12
11
9
7
6
3
2
-2
-5
-5
-6
-7
-9
-10
-12
-14
-16
-19
-19
-21
-24
-26
-27
-28
-30
-31
-31
-32
-33
-35
-35
-36
-36
-38
-42
-42
-42
-43
-45
-46
-47
-47
-49
-51
-51
-50
-50
-50
-52
-52
-51
-52
-51
-51
-50
-49
-49
-49
-48
-47
-46
-46
-45
-43
-41
-38
-37
-36
-32
-30
-27
-25
-23
-19
-16
-15
-12
-10
-5
-2
0
3
7
9
12
16
17
22
25
27
30
32
35
37
38
40
44
45
46
47
48
51
51
52
53
52
53
54
54
52
51
51
51
51
51
50
50
48
46
44
44
42
42
40
39
38
36
35
33
31
30
29
27
25
25
23
22
21
21
19
18
16
16
16
16
15
15
14
13
13
12
11
10
8
7
7
5
5
5
4
4
3
1
1
0
-1
-2
-3
-3
-5
-8
-10
-11
-12
-14
-15
-17
-18
-20
-22
-24
-27
-27
-29
-29
-31
-32
-33
-34
-38
-39
-41
-42
-44
-46
-45
-45
-47
-47
-48
-49
-49
-50
-50
-50
-49
-48
-49
-49
-47
-45
-43
-43
-40
-38
-38
-37
-35
-34
-32
-29
-28
-26
-24
-21
-19
-18
-15
-12
-9
-7
-5
-2
0
2
4
6
8
10
11
14
15
17
19
18
21
21
24
25
25
26
28
29
29
29
30
30
29
30
30
30
31
31
30
30
31
31
30
28
26
27
27
25
25
24
23
23
21
20
20
19
19
17
18
18
18
17
16
16
16
14
14
14
15
14
12
11
11
11
12
11
10
9
9
9
8
7
7
7
6
5
3
5
4
3
2
0
-1
-2
-3
-4
-6
-3
-6
-8
-10
-9
-10
-10
-11
-14
-13
-13
-15
-17
-18
-20
-22
-22
-23
-25
-23
-26
-27
-28
-27
-27
-27
-28
-28
-28
-29
-29
-29
-27
-26
-26
-25
-25
-24
-24
-22
-20
-21
-19
-19
-16
-16
-15
-13
-13
-12
-10
-7
-6
-5
-4
-3
-2
0
1
2
3
3
5
5
5
8
9
11
12
11
13
13
15
16
16
17
16
16
15
16
17
16
15
16
15
16
15
14
15
15
13
12
12
12
11
11
11
11
9
9
10
11
8
9
8
6
5
6
6
7
6
5
4
4
4
3
2
1
2
2
1
0
0
1
-1
-3
-2
-1
-1
-2
-2
-1
-1
-2
-1
-1
-1
-2
-3
-2
-2
-2
-2
-3
-1
-1
-1
-1
0
1
-1
-1
-1
-1
-1
-1
-2
0
0
1
0
0
0
1
2
1
1
1
1
1
1
1
1
0
0
1
-1
-1
0
0
0
0
-1
-1
-2
-3
-5
-3
-5
-5
-4
-4
-3
-4
-4
-5
-5
-4
-4
-4
-4
-4
-5
-4
-5
-4
-3
-2
-2
-3
-3
-2
0
0
-1
0
0
1
3
4
4
3
3
4
6
7
8
9
10
11
11
11
11
11
13
14
12
12
12
13
14
14
14
13
13
13
13
13
12
9
9
8
9
9
7
7
4
2
0
-1
-1
-1
-4
-6
-7
-7
-8
-10
-11
-12
-12
-15
-15
-17
-18
-18
-18
-18
-20
-19
-20
-19
-19
-18
-19
-19
-17
-17
-16
-15
-13
-12
-12
-9
-8
-8
-7
-5
-4
-2
-1
-1
2
2
5
5
7
6
8
9
9
8
9
9
10
10
9
9
11
11
11
10
9
9
8
8
6
6
6
5
3
1
2
0
-1
-2
-3
-4
-5
-6
-7
-7
-7
-8
-8
-8
-8
-9
-10
-11
-12
-11
-11
-12
-11
-10
-9
-10
-9
-8
-7
-5
-3
-2
-2
0
1
2
3
4
5
6
8
9
11
11
11
13
14
15
16
14
14
14
14
15
15
14
13
13
12
12
12
10
10
9
8
7
8
5
4
2
1
1
-1
-2
-3
-4
-6
-5
-7
-8
-9
-9
-9
-9
-10
-11
-12
-13
-13
-13
-13
-12
-13
-14
-14
-13
-13
-12
-12
-12
-11
-11
-10
-9
-8
-9
-7
-6
-6
-6
-4
-4
-2
-1
0
1
1
2
3
4
5
7
8
9
9
9
9
10
10
11
11
12
10
10
10
9
9
9
7
6
8
7
7
5
4
3
3
2
2
1
0
0
-1
-3
-3
-4
-4
-4
-4
-5
-5
-4
-5
-5
-5
-6
-6
-4
-5
-6
-4
-5
-3
-3
-3
-3
-3
-3
-1
-1
1
2
3
4
3
4
4
4
5
7
7
8
8
9
9
9
9
10
10
9
8
11
9
9
9
8
8
8
6
6
4
4
2
2
1
1
0
0
-2
-2
-2
-4
-4
-6
-6
-7
-7
-8
-10
-10
-10
-10
-10
-11
-11
-12
-12
-11
-11
-9
-9
-9
-9
-8
-8
-7
-8
-7
-7
-6
-4
-4
-4
-2
-2
-1
-1
0
2
1
1
2
3
3
3
4
4
5
5
6
5
7
6
5
5
5
4
4
3
4
3
3
2
2
2
3
2
2
1
2
1
-1
0
0
0
0
0
-1
0
-1
-1
-2
-2
-2
-2
-2
-2
-2
-2
-1
0
-1
0
-1
-1
0
0
1
-1
0
0
0
0
2
1
1
1
2
1
3
3
3
3
4
2
3
2
2
1
0
1
1
2
0
1
2
1
1
1
2
1
1
0
0
0
2
1
0
0
1
1
-1
0
0
0
0
-1
0
-1
1
1
0
-1
1
0
0
0
-1
0
0
-1
-2
1
1
0
1
0
2
1
1
-2
0
1
1
-1
-2
0
0
2
-1
-1
0
-1
-1
-1
-1
-1
-1
-2
-1
-1
-1
-1
-2
-2
-1
-1
-1
-1
0
-2
-1
-2
-2
-2
-1
-1
-1
-1
-1
-1
-2
-2
-1
-1
-1
-1
-2
0
0
1
0
0
0
0
-1
0
-1
0
-1
-2
0
0
0
1
0
2
1
2
1
2
1
2
1
0
1
1
2
2
1
0
1
1
1
1
1
-1
0
-1
1
-1
-1
0
-1
-2
-2
-1
-2
-3
-3
-2
-3
-3
-3
-3
-3
-3
-2
-3
-3
-3
-3
-3
-3
-3
-3
-4
-3
-3
-3
-3
-2
-1
-1
-1
-1
0
-1
-1
-2
0
-2
-1
0
-1
0
1
0
0
0
1
0
0
0
0
1
1
1
0
1
0
1
1
1
1
1
1
1
0
2
1
1
1
2
3
2
1
2
2
1
1
2
1
3
3
3
2
2
3
2
3
4
4
4
3
4
3
4
4
4
4
4
4
6
5
5
6
6
6
6
5
6
6
5
5
5
6
4
5
5
5
6
5
4
5
5
4
4
2
3
2
2
2
1
1
0
0
0
1
0
-1
-1
-2
-3
-2
-3
-3
-4
-3
-4
-4
-5
-5
-5
-5
-6
-5
-4
-6
-5
-5
-5
-5
-6
-5
-5
-4
-4
-4
-5
-5
-5
-4
-4
-3
-3
-3
-3
-2
-2
-2
-2
-1
-1
-2
0
1
0
-1
0
0
0
1
1
1
1
1
1
1
2
3
2
3
2
1
2
2
1
1
1
2
1
0
-2
-1
-1
-1
-1
-2
-1
-1
-1
-2
-2
-2
-2
-2
-2
-2
-1
-2
-2
