0
0
0
-1
-1
-3
-2
-2
-2
-2
-1
-1
0
-1
-1
0
-1
0
0
0
1
2
1
1
2
3
3
4
5
5
6
6
5
6
7
7
7
7
8
8
9
8
8
8
9
10
10
10
9
8
9
8
8
9
8
7
6
6
5
6
4
3
2
1
1
1
1
-2
-2
-4
-5
-5
-6
-7
-8
-8
-9
-9
-10
-11
-11
-11
-13
-12
-13
-13
-13
-14
-14
-14
-15
-15
-15
-17
-15
-15
-16
-16
-16
-16
-17
-17
-17
-17
-16
-16
-15
-16
-15
-15
-16
-16
-16
-16
-15
-15
-14
-13
-11
-8
-6
-2
-2
1
2
4
7
7
10
12
14
15
17
18
20
21
21
23
26
27
27
26
26
25
25
22
20
19
16
16
16
15
12
8
5
4
4
2
0
-4
-6
-8
-10
-11
-14
-16
-17
-17
-15
-16
-15
-16
-16
-15
-12
-10
-9
-8
-6
-2
1
5
7
8
12
17
22
26
29
29
32
36
39
39
38
38
40
41
43
43
42
43
42
43
43
42
40
37
37
35
33
29
25
19
15
12
9
4
-2
-6
-10
-11
-13
-17
-21
-24
-27
-29
-32
-37
-44
-48
-49
-52
-55
-60
-63
-66
-65
-64
-65
-69
-72
-75
-76
-77
-79
-81
-84
-87
-92
-95
-97
-99
-101
-99
-91
-83
-76
-73
-71
-68
-64
-55
-43
-34
-25
-13
-2
8
8
10
18
35
54
71
78
73
68
72
82
91
90
86
79
79
84
85
78
62
51
51
61
66
61
50
36
28
28
31
28
16
4
-4
-7
-13
-21
-29
-39
-42
-38
-31
-31
-38
-46
-48
-45
-41
-34
-32
-31
-26
-20
-15
-11
-5
2
12
25
36
43
49
55
60
71
83
91
99
106
113
120
126
129
131
134
138
144
148
147
142
136
134
131
127
122
113
106
101
93
82
69
57
48
43
38
30
18
4
-8
-17
-24
-31
-38
-46
-50
-55
-60
-68
-76
-82
-89
-90
-87
-87
-90
-95
-101
-104
-102
-101
-101
-104
-104
-105
-104
-104
-107
-111
-112
-110
-110
-108
-106
-109
-109
-113
-115
-116
-116
-114
-114
-114
-116
-121
-126
-129
-132
-131
-129
-129
-130
-132
-127
-119
-112
-105
-103
-97
-91
-82
-67
-53
-40
-28
-19
-5
2
11
22
38
61
76
88
95
97
104
112
123
128
128
128
127
131
131
128
123
116
116
122
129
128
123
116
112
113
113
111
103
88
74
65
61
52
43
32
23
18
13
9
2
-5
-12
-14
-13
-12
-10
-13
-15
-16
-13
-7
0
9
20
29
39
47
55
64
74
84
96
108
116
123
128
133
138
144
147
150
153
155
154
150
145
138
132
126
117
107
96
81
66
50
35
20
4
-12
-27
-40
-57
-74
-91
-106
-119
-132
-142
-152
-161
-173
-184
-193
-201
-206
-209
-211
-210
-210
-209
-208
-206
-204
-199
-192
-186
-177
-170
-165
-160
-153
-144
-136
-128
-121
-114
-105
-99
-93
-86
-80
-75
-68
-63
-58
-55
-53
-53
-52
-47
-42
-36
-31
-29
-25
-25
-24
-18
-9
2
12
20
23
24
25
30
40
52
62
67
69
69
71
75
81
85
88
88
91
95
95
91
88
85
89
95
100
99
95
90
87
87
91
94
96
91
85
80
76
70
64
62
60
58
53
48
42
36
31
28
28
28
30
30
26
25
24
24
23
26
31
35
40
42
44
50
57
68
77
84
91
99
105
111
118
123
126
132
136
139
138
134
130
128
125
123
120
111
102
93
84
75
66
55
45
34
22
10
-3
-15
-28
-40
-52
-64
-76
-89
-103
-114
-124
-132
-141
-150
-160
-166
-171
-176
-180
-183
-183
-183
-181
-181
-180
-177
-175
-170
-163
-157
-152
-148
-141
-135
-127
-120
-114
-108
-102
-93
-85
-79
-72
-69
-64
-59
-54
-48
-43
-38
-36
-33
-31
-29
-27
-25
-23
-24
-20
-17
-13
-8
-5
-4
-4
-3
2
9
16
18
18
16
16
19
20
23
24
26
27
27
28
30
31
34
36
42
48
53
55
57
57
60
65
69
76
79
79
78
76
77
79
79
80
82
82
82
83
82
83
81
81
81
83
86
87
85
81
77
73
71
72
73
72
70
66
64
60
61
61
61
64
66
66
67
68
67
68
68
71
75
79
82
82
79
74
70
69
70
70
68
63
57
50
41
32
24
19
14
9
0
-10
-22
-33
-47
-58
-66
-73
-79
-89
-100
-109
-120
-129
-137
-143
-147
-148
-154
-160
-164
-170
-177
-178
-175
-173
-170
-169
-168
-167
-165
-163
-157
-150
-144
-137
-131
-126
-122
-118
-114
-109
-101
-93
-85
-78
-75
-70
-67
-64
-55
-50
-44
-39
-33
-28
-25
-21
-16
-12
-6
0
4
7
11
16
20
21
24
28
31
32
33
34
37
38
38
37
39
42
41
43
47
49
51
54
57
60
63
64
68
70
72
74
75
76
79
81
81
82
85
85
86
87
88
87
89
89
90
92
92
92
92
93
92
92
92
90
90
90
89
88
87
88
87
88
88
89
88
88
89
90
90
89
87
88
89
90
89
90
90
86
83
81
79
79
78
76
71
65
60
56
51
46
42
37
31
25
17
8
0
-5
-11
-18
-24
-31
-38
-46
-55
-61
-66
-73
-80
-87
-90
-96
-103
-107
-112
-116
-119
-121
-123
-126
-127
-129
-131
-133
-134
-133
-135
-136
-136
-134
-132
-133
-133
-131
-129
-127
-125
-121
-118
-117
-115
-114
-110
-107
-103
-101
-98
-95
-95
-96
-95
-93
-91
-85
-79
-74
-72
-69
-66
-64
-62
-56
-49
-44
-39
-35
-32
-30
-29
-26
-21
-13
-7
-2
4
10
13
17
23
26
32
41
49
55
61
64
68
73
77
83
89
94
97
100
101
104
105
108
111
115
118
120
122
123
121
120
120
121
120
121
121
119
117
114
112
110
107
107
107
106
104
100
97
95
93
93
93
93
92
90
86
85
81
78
76
75
74
73
70
66
62
57
55
53
51
48
45
40
35
30
23
17
13
9
4
-1
-9
-17
-25
-33
-41
-48
-52
-58
-63
-68
-74
-80
-88
-95
-100
-103
-108
-110
-112
-116
-118
-122
-123
-125
-126
-125
-127
-129
-131
-131
-133
-136
-136
-134
-135
-135
-136
-135
-134
-133
-134
-133
-131
-128
-128
-127
-126
-125
-125
-125
-127
-127
-123
-116
-113
-111
-108
-106
-103
-98
-92
-84
-76
-69
-60
-55
-52
-48
-40
-32
-21
-13
-7
-1
4
9
15
21
27
37
46
53
59
63
67
73
80
88
94
100
104
104
107
112
115
120
122
123
127
129
130
130
129
129
131
133
137
139
138
137
135
132
130
127
126
125
125
123
120
118
113
113
112
111
110
110
110
111
111
110
108
107
108
109
110
107
104
102
103
103
102
100
99
97
93
88
86
87
83
78
74
70
66
61
58
54
47
38
30
25
19
10
3
-3
-11
-20
-28
-36
-44
-52
-62
-71
-79
-85
-90
-93
-98
-107
-83
-27
-31
-110
-175
-194
-194
-191
-186
-170
-125
-109
-176
-273
-328
-315
-246
-171
-140
-179
-271
-330
-324
-306
-290
-266
-255
-253
-259
-282
-291
-281
-275
-261
-218
-190
-187
-178
-164
-140
-109
-89
-84
-83
-58
-10
56
102
110
116
110
106
126
170
210
220
207
185
185
180
137
120
112
118
156
173
143
78
13
-28
-13
16
18
16
-10
-36
-42
-61
-76
-76
-72
-48
-2
25
17
6
-18
-20
21
69
116
157
166
154
160
167
180
216
267
337
398
400
380
355
327
324
353
418
488
507
448
356
286
248
262
313
359
363
304
218
157
113
76
77
116
145
136
85
2
-82
-132
-121
-54
13
17
-26
-101
-174
-208
-210
-181
-153
-151
-159
-196
-251
-323
-372
-372
-343
-286
-259
-262
-311
-393
-440
-452
-420
-378
-345
-332
-359
-396
-456
-499
-539
-551
-464
-325
-208
-211
-214
-200
-180
-208
-242
-121
33
196
262
271
255
140
66
71
206
356
399
407
334
202
26
-91
-34
46
75
29
-60
-168
-336
-453
-456
-377
-279
-230
-207
-235
-329
-394
-383
-273
-125
-9
69
91
62
31
26
69
148
244
341
361
303
226
168
148
135
160
210
206
161
83
28
0
-31
-17
27
75
79
49
50
59
79
120
185
279
319
333
348
364
405
462
609
710
746
665
570
522
459
483
490
573
571
465
298
61
-51
-104
-3
129
139
28
-200
-350
-405
-353
-228
-112
-35
-42
-96
-171
-213
-192
-58
134
314
383
301
178
51
38
111
219
307
241
109
-82
-240
-333
-400
-368
-371
-372
-453
-579
-718
-853
-849
-814
-706
-690
-717
-778
-868
-828
-751
-536
-337
-175
-2
41
39
-85
-94
117
387
647
709
690
573
377
227
191
302
428
466
420
265
-33
-321
-473
-391
-256
-231
-271
-419
-570
-738
-816
-714
-561
-368
-257
-183
-169
-250
-273
-194
15
257
430
507
461
333
227
196
252
361
432
454
354
190
37
-91
-121
-139
-89
-42
-73
-150
-289
-344
-343
-264
-113
7
112
119
111
136
188
325
469
712
923
1011
959
786
712
676
757
853
942
992
854
606
269
52
-7
84
256
316
185
-131
-438
-580
-523
-366
-195
-99
-100
-180
-287
-315
-267
-97
114
331
469
449
332
182
141
224
388
491
453
282
45
-138
-255
-275
-266
-275
-358
-519
-685
-819
-889
-899
-880
-836
-823
-863
-926
-1002
-1006
-924
-760
-591
-459
-321
-167
-5
80
58
29
79
230
438
617
736
699
511
274
104
107
219
357
415
311
69
-236
-454
-500
-436
-335
-274
-285
-384
-565
-707
-740
-633
-412
-180
0
53
-10
-98
-122
2
221
445
589
596
508
372
263
234
269
341
372
321
198
26
-141
-270
-323
-297
-259
-245
-291
-359
-416
-441
-387
-281
-141
-26
51
115
174
248
342
477
640
839
1016
1090
1015
845
731
697
754
805
848
838
695
433
80
-149
-203
-100
67
129
20
-276
-570
-689
-585
-353
-142
-15
10
-52
-145
-174
-89
121
353
570
700
664
509
293
205
268
409
532
489
331
56
-196
-351
-408
-361
-348
-391
-531
-710
-854
-942
-973
-947
-870
-798
-761
-840
-945
-981
-866
-581
-318
-84
-12
27
23
-32
-9
76
351
621
765
751
569
377
199
135
207
299
378
337
190
-37
-327
-528
-577
-482
-326
-292
-358
-515
-691
-756
-727
-537
-310
-125
-5
-7
-8
-24
12
146
318
532
649
655
566
418
319
290
341
439
469
393
226
17
-126
-223
-247
-231
-214
-188
-228
-282
-340
-369
-304
-200
-28
104
177
221
226
300
401
557
752
962
1113
1102
934
743
653
653
725
774
822
741
501
136
-230
-381
-356
-169
-12
-33
-276
-648
-876
-862
-641
-378
-193
-116
-148
-243
-293
-240
-58
196
432
618
647
556
386
243
247
346
510
564
471
227
-79
-293
-396
-373
-335
-356
-466
-655
-839
-951
-986
-954
-909
-844
-789
-781
-870
-985
-979
-743
-359
-45
101
102
74
16
-20
55
323
705
951
921
670
370
176
128
204
353
442
400
185
-114
-405
-626
-697
-631
-479
-383
-446
-624
-827
-938
-906
-731
-438
-171
-28
-19
-76
-83
-15
151
400
631
785
793
704
588
485
444
460
530
590
555
402
166
-45
-166
-197
-170
-133
-129
-172
-272
-357
-378
-332
-216
-92
47
148
208
250
313
459
637
820
932
964
932
847
778
767
834
898
885
741
502
250
68
-4
-7
-12
-99
-264
-476
-650
-739
-737
-665
-588
-532
-512
-515
-516
-487
-395
-225
-10
186
310
342
314
283
309
395
495
554
523
419
262
112
1
-76
-130
-207
-278
-391
-541
-724
-887
-952
-949
-902
-881
-898
-936
-983
-1062
-1069
-981
-688
-340
-72
85
59
22
-109
-113
79
447
891
1078
1032
731
375
160
130
335
577
725
667
365
-43
-429
-645
-615
-454
-265
-202
-335
-583
-891
-1046
-984
-725
-334
-53
88
25
-120
-181
-137
114
429
733
905
865
724
541
440
446
530
673
754
705
524
251
16
-134
-176
-101
-20
31
-50
-210
-342
-407
-336
-213
-45
100
182
230
247
298
410
649
920
1120
1118
1003
863
761
752
789
947
1041
1001
726
301
-50
-246
-170
1
122
22
-313
-698
-980
-1020
-877
-667
-509
-450
-501
-588
-669
-660
-527
-292
32
290
431
385
217
70
34
183
403
575
598
418
130
-170
-344
-355
-293
-246
-314
-452
-638
-857
-1065
-1170
-1133
-1009
-908
-897
-987
-1132
-1183
-1080
-778
-402
-63
115
76
-69
-184
-82
220
641
996
1128
990
658
343
189
256
447
645
702
557
238
-153
-460
-618
-585
-452
-321
-296
-432
-657
-893
-1001
-928
-678
-346
-79
53
31
-52
-96
-8
213
503
770
919
929
807
652
538
530
614
709
764
719
572
347
106
-72
-142
-110
-22
43
18
-87
-232
-335
-344
-233
-46
142
278
347
448
569
718
801
854
921
976
1049
1055
1092
1105
1080
968
742
542
381
330
300
239
94
-148
-412
-636
-748
-788
-778
-781
-800
-848
-895
-909
-896
-813
-695
-507
-308
-125
3
34
42
46
139
255
371
456
462
409
259
107
-17
-79
-118
-179
-257
-383
-536
-722
-888
-1049
-1168
-1220
-1202
-1158
-1167
-1197
-1232
-1188
-1054
-777
-458
-239
-229
-332
-329
-155
193
529
826
968
922
732
494
413
487
682
826
824
653
337
13
-253
-385
-402
-362
-350
-420
-580
-788
-957
-1048
-994
-837
-600
-378
-255
-216
-255
-241
-144
80
379
646
827
864
830
767
741
774
858
950
996
987
891
734
510
319
200
168
206
239
260
178
34
-130
-230
-198
-87
96
244
335
360
419
565
740
887
932
982
1004
1049
1074
1123
1202
1209
1142
913
680
477
391
385
352
256
10
-266
-557
-758
-862
-886
-856
-860
-891
-967
-1020
-1059
-1032
-956
-794
-563
-343
-155
-91
-90
-132
-108
32
229
426
494
448
287
106
-14
-86
-101
-137
-175
-286
-470
-711
-946
-1085
-1178
-1203
-1271
-1277
-1247
-1185
-1145
-1127
-988
-831
-680
-640
-580
-414
-184
64
269
482
617
628
525
447
491
639
798
849
765
537
291
81
-33
-82
-130
-179
-309
-460
-643
-791
-876
-921
-889
-821
-697
-566
-463
-413
-406
-365
-251
-50
186
426
616
722
721
688
715
814
961
1049
1103
1091
1013
881
701
572
482
458
451
448
418
318
174
25
-70
-74
47
214
374
398
368
319
320
420
559
802
982
1116
1103
1000
914
843
897
963
1045
1036
920
729
483
275
110
14
-63
-146
-272
-429
-618
-803
-951
-1036
-1021
-970
-882
-833
-816
-828
-842
-787
-683
-496
-310
-157
-54
-20
23
47
105
167
209
255
233
199
99
-9
-124
-281
-413
-549
-623
-708
-849
-1025
-1221
-1294
-1268
-1171
-1028
-871
-745
-805
-1003
-1129
-1011
-680
-276
89
362
438
290
61
-46
140
503
875
1063
967
690
327
95
13
52
150
171
103
-108
-358
-582
-749
-831
-858
-804
-683
-548
-468
-485
-584
-659
-642
-488
-235
40
293
420
422
357
342
460
623
804
946
1048
1090
1004
865
708
607
582
601
676
716
695
573
364
162
29
52
194
340
433
434
422
406
416
455
510
622
729
830
894
959
1034
1063
1013
875
760
732
802
881
890
768
516
218
-33
-159
-197
-204
-270
-405
-581
-746
-850
-914
-932
-937
-906
-833
-748
-665
-630
-612
-603
-551
-424
-253
-75
23
40
6
-41
-23
15
56
30
-41
-124
-228
-318
-448
-576
-768
-934
-1012
-968
-828
-718
-650
-732
-932
-1170
-1255
-1090
-734
-327
-35
78
-35
-264
-435
-376
-58
376
738
869
762
494
216
47
39
158
299
377
321
137
-136
-415
-625
-724
-684
-549
-393
-342
-437
-636
-838
-916
-827
-585
-312
-102
-4
-27
-97
-151
-79
117
383
627
777
852
830
749
656
609
650
739
852
931
933
839
655
472
344
335
454
617
736
705
569
390
264
253
347
540
717
829
808
702
594
554
628
754
883
942
930
845
721
602
526
493
455
399
323
239
127
-22
-200
-364
-476
-537
-540
-528
-528
-571
-664
-765
-845
-847
-783
-681
-575
-493
-415
-370
-353
-350
-327
-273
-199
-102
-16
38
17
-83
-221
-341
-409
-417
-417
-479
-594
-713
-783
-795
-772
-690
-634
-650
-775
-915
-924
-825
-588
-353
-170
-127
-240
-350
-387
-219
69
347
513
503
393
247
160
153
205
249
246
177
92
5
-90
-186
-308
-391
-445
-421
-350
-321
-331
-435
-542
-601
-580
-449
-298
-145
-72
-74
-108
-113
-24
127
293
435
541
614
640
622
611
614
641
695
760
846
870
832
720
578
501
509
617
711
747
695
582
470
386
411
511
631
682
643
576
524
521
569
643
698
722
711
688
646
593
538
477
420
358
315
267
194
76
-79
-211
-302
-346
-376
-405
-456
-537
-629
-713
-757
-755
-710
-670
-656
-658
-639
-587
-535
-489
-461
-406
-356
-309
-269
-237
-210
-230
-261
-327
-382
-426
-460
-505
-574
-599
-584
-535
-521
-527
-588
-693
-821
-879
-785
-590
-335
-193
-184
-334
-531
-606
-491
-169
158
381
408
264
68
-77
-64
69
241
367
380
283
113
-64
-182
-235
-228
-166
-98
-54
-97
-206
-346
-475
-511
-457
-305
-150
-65
-54
-128
-202
-229
-151
18
202
365
468
515
505
479
479
527
610
712
809
887
921
884
802
703
658
687
770
851
879
833
723
595
497
485
547
632
669
634
540
445
402
421
483
531
551
542
520
503
477
453
414
369
328
301
285
250
187
84
-33
-135
-198
-222
-240
-285
-362
-450
-541
-608
-654
-667
-663
-658
-660
-669
-651
-627
-599
-585
-562
-522
-482
-444
-417
-394
-371
-366
-370
-386
-400
-425
-467
-536
-604
-605
-557
-473
-436
-426
-488
-605
-738
-816
-750
-596
-365
-208
-169
-288
-491
-623
-603
-379
-79
185
285
204
13
-157
-204
-118
59
212
292
251
145
17
-93
-148
-170
-123
-59
7
34
-3
-93
-232
-348
-390
-325
-184
-52
16
-10
-97
-180
-196
-115
47
220
359
429
439
425
419
468
545
650
766
860
930
936
914
856
805
810
862
958
1008
1003
925
799
685
616
639
701
754
733
638
523
441
424
463
507
508
480
435
413
398
400
389
345
288
231
217
220
216
177
86
-21
-120
-174
-194
-206
-236
-301
-396
-500
-577
-616
-623
-632
-640
-657
-657
-646
-632
-625
-647
-655
-645
-593
-529
-474
-443
-462
-508
-561
-581
-564
-536
-528
-583
-641
-672
-642
-563
-498
-447
-490
-585
-723
-817
-768
-602
-347
-189
-173
-320
-523
-626
-557
-325
-57
131
165
73
-84
-184
-183
-75
70
157
190
137
78
7
-64
-95
-123
-98
-60
-1
44
23
-50
-175
-286
-319
-251
-120
-1
37
0
-91
-170
-183
-106
58
216
340
390
382
376
372
437
530
642
763
854
925
935
913
881
860
889
960
1062
1127
1111
1039
930
840
782
771
808
843
845
783
678
583
518
508
522
535
536
508
468
417
368
328
294
275
258
240
224
183
122
31
-68
-143
-191
-207
-219
-246
-309
-407
-513
-601
-638
-631
-610
-604
-634
-670
-710
-728
-729
-707
-674
-649
-630
-626
-608
-606
-614
-637
-652
-640
-618
-583
-596
-641
-750
-833
-840
-731
-550
-447
-423
-569
-734
-901
-952
-830
-586
-253
-85
-104
-361
-631
-745
-624
-300
25
248
237
79
-139
-245
-209
-61
117
211
239
174
121
54
-8
-60
-118
-99
-50
69
158
164
68
-124
-275
-335
-241
-51
125
187
102
-54
-176
-183
-77
114
294
419
450
423
404
394
454
534
654
789
916
1029
1046
1009
924
870
884
958
1091
1211
1251
1181
1024
869
779
773
853
944
991
941
804
655
534
499
532
589
630
606
545
452
361
287
240
228
231
234
220
173
85
-37
-163
-255
-293
-280
-245
-244
-302
-432
-571
-683
-730
-709
-661
-616
-625
-666
-730
-780
-809
-811
-773
-717
-642
-592
-567
-590
-656
-733
-770
-730
-639
-532
-488
-528
-659
-822
-931
-936
-786
-575
-409
-418
-592
-804
-973
-1001
-888
-625
-312
-114
-128
-358
-621
-749
-646
-357
-24
207
256
146
-29
-167
-204
-113
48
207
292
294
243
139
18
-103
-153
-96
36
185
249
192
26
-171
-307
-325
-200
1
174
219
122
-37
-147
-141
-17
178
373
503
535
503
459
449
494
598
742
889
1010
1076
1077
1019
940
900
940
1031
1132
1191
1183
1105
968
851
799
830
897
935
911
816
703
605
560
566
582
579
545
493
438
390
346
306
250
190
142
119
114
85
20
-87
-191
-268
-302
-305
-305
-323
-377
-472
-572
-646
-666
-653
-634
-632
-658
-693
-725
-734
-719
-697
-666
-640
-622
-624
-641
-657
-675
-679
-660
-619
-576
-575
-627
-722
-848
-913
-884
-758
-608
-548
-576
-728
-903
-1045
-1045
-876
-630
-386
-290
-336
-521
-711
-774
-641
-345
-34
168
177
33
-167
-268
-224
-48
159
299
335
244
119
-2
-62
-54
-14
76
151
203
179
76
-66
-206
-259
-198
-41
127
211
180
54
-89
-151
-76
117
341
489
534
490
414
382
418
546
707
863
978
1015
1006
952
917
910
937
1013
1095
1164
1171
1117
1025
925
866
865
906
951
955
903
804
696
623
596
609
632
640
624
576
505
427
356
316
295
279
250
206
157
99
23
-65
-143
-200
-239
-263
-292
-336
-397
-477
-554
-610
-627
-608
-593
-601
-640
-689
-719
-718
-684
-642
-610
-599
-612
-636
-643
-627
-591
-568
-562
-564
-570
-587
-617
-645
-682
-711
-758
-808
-866
-912
-902
-857
-784
-770
-794
-875
-949
-998
-981
-844
-651
-423
-324
-358
-513
-657
-643
-434
-83
213
342
250
49
-131
-173
-27
223
459
532
439
226
37
-53
-23
96
203
264
236
147
31
-76
-122
-106
-26
86
198
264
249
166
73
44
111
268
449
590
639
596
527
494
557
679
832
946
982
968
911
882
871
887
923
960
1000
1010
988
932
859
797
768
772
800
822
810
752
659
583
542
558
591
605
578
496
410
328
290
279
264
235
180
121
58
3
-56
-116
-181
-244
-293
-332
-360
-401
-451
-510
-560
-583
-595
-598
-614
-629
-639
-631
-603
-577
-562
-574
-596
-608
-595
-552
-492
-445
-428
-451
-490
-515
-527
-523
-525
-527
-549
-590
-645
-712
-769
-837
-893
-934
-963
-970
-960
-914
-872
-861
-879
-906
-918
-907
-844
-714
-545
-397
-320
-320
-357
-372
-312
-145
72
260
334
292
191
101
113
232
414
542
539
422
252
124
92
156
271
357
369
307
206
118
82
116
202
296
374
411
407
370
318
309
354
457
584
684
738
720
669
628
631
684
758
831
872
866
827
770
734
726
746
784
806
805
771
717
662
617
611
634
671
697
681
635
557
480
435
425
451
463
436
360
254
165
115
99
91
61
0
-85
-170
-235
-282
-311
-344
-392
-445
-498
-530
-558
-576
-586
-592
-597
-605
-605
-602
-597
-587
-569
-545
-514
-490
-470
-461
-461
-458
-454
-436
-421
-406
-403
-419
-449
-483
-507
-530
-555
-580
-600
-625
-655
-698
-740
-778
-813
-838
-859
-873
-885
-873
-822
-760
-712
-690
-670
-652
-639
-601
-506
-353
-196
-85
-48
-75
-110
-85
31
209
373
453
438
359
283
259
321
448
571
616
565
461
370
339
374
448
515
547
531
485
428
396
409
462
530
580
601
601
577
548
530
541
571
605
635
645
626
588
559
556
573
592
611
615
599
564
529
513
517
535
555
569
559
532
500
477
461
452
454
456
440
391
335
286
256
239
218
194
151
98
33
-32
-94
-141
-166
-180
-199
-241
-295
-353
-395
-418
-424
-427
-438
-462
-496
-528
-550
-556
-544
-524
-508
-508
-517
-526
-530
-522
-501
-475
-457
-445
-439
-444
-459
-472
-478
-479
-481
-483
-488
-487
-489
-502
-524
-546
-560
-564
-562
-562
-566
-576
-590
-602
-611
-613
-619
-625
-621
-602
-568
-536
-515
-510
-513
-503
-459
-372
-265
-183
-165
-198
-233
-207
-101
52
195
270
264
209
170
209
339
518
659
696
627
526
485
548
686
813
862
822
738
668
651
685
739
784
801
791
760
711
653
612
599
615
646
650
608
524
440
392
390
420
445
441
393
316
249
226
244
276
290
263
212
164
141
150
177
197
191
163
121
87
74
76
84
78
67
54
34
0
-38
-74
-89
-90
-85
-89
-113
-150
-198
-237
-257
-259
-249
-241
-238
-264
-309
-356
-382
-376
-360
-344
-352
-383
-423
-448
-445
-426
-411
-420
-444
-466
-473
-471
-466
-459
-458
-460
-460
-458
-462
-464
-464
-453
-429
-407
-400
-407
-418
-427
-418
-390
-358
-335
-328
-334
-335
-322
-297
-270
-246
-230
-213
-193
-175
-160
-141
-123
-107
-89
-71
-51
-29
-1
23
41
63
88
113
135
153
177
204
237
276
308
330
355
377
402
428
446
459
483
521
564
597
615
610
597
597
614
648
675
685
674
649
624
613
613
618
617
608
587
564
534
496
459
424
404
395
388
361
313
251
191
148
129
129
122
94
42
-21
-78
-117
-132
-136
-139
-151
-175
-214
-265
-315
-350
-359
-344
-317
-305
-321
-361
-408
-441
-447
-423
-382
-343
-330
-347
-382
-417
-428
-411
-371
-321
-284
-276
-287
-307
-320
-317
-296
-268
-240
-223
-221
-234
-251
-264
-263
-254
-239
-221
-208
-209
-227
-251
-274
-285
-280
-261
-244
-237
-249
-275
-296
-302
-291
-265
-242
-235
-241
-251
-250
-236
-216
-199
-185
-172
-157
-135
-108
-83
-59
-36
-13
9
37
67
102
132
154
176
195
222
254
288
321
348
367
382
392
400
407
423
444
468
489
501
505
502
497
496
505
519
530
534
524
507
492
486
486
487
485
478
466
449
429
409
391
375
354
334
313
293
273
247
216
180
142
112
91
72
48
12
-30
-78
-120
-147
-161
-173
-194
-228
-269
-308
-333
-341
-340
-338
-345
-362
-377
-393
-401
-407
-409
-407
-403
-400
-400
-405
-410
-413
-416
-416
-411
-401
-389
-373
-365
-360
-360
-360
-354
-339
-317
-293
-276
-268
-264
-263
-259
-244
-223
-205
-191
-184
-181
-184
-182
-177
-170
-160
-149
-136
-124
-116
-111
-106
-100
-90
-75
-57
-38
-25
-16
-7
1
14
29
43
58
76
98
123
144
164
182
198
215
230
247
265
283
302
317
329
333
334
338
350
368
388
407
422
422
413
401
397
397
404
417
429
433
430
416
394
373
361
367
389
410
419
408
379
347
330
336
354
368
361
333
292
251
226
222
227
224
210
178
134
88
43
12
-3
-14
-27
-54
-92
-137
-184
-222
-251
-273
-290
-306
-326
-353
-383
-412
-436
-452
-461
-460
-459
-461
-472
-490
-506
-514
-508
-496
-482
-477
-482
-489
-492
-483
-465
-445
-434
-430
-431
-424
-405
-376
-347
-327
-319
-319
-315
-302
-278
-246
-216
-192
-177
-165
-157
-149
-141
-133
-123
-107
-87
-66
-49
-42
-46
-57
-61
-57
-40
-17
10
27
38
43
48
56
71
94
122
152
178
195
210
221
232
248
273
305
336
363
381
386
385
387
395
412
435
457
472
475
468
455
448
448
455
463
469
468
460
446
430
422
421
423
428
431
427
413
394
375
359
351
350
352
352
342
319
290
260
232
211
199
192
181
160
128
86
42
11
-6
-12
-19
-38
-71
-115
-157
-185
-201
-208
-218
-235
-263
-298
-329
-355
-373
-386
-401
-419
-442
-464
-480
-494
-508
-520
-533
-545
-553
-557
-559
-558
-562
-566
-569
-569
-566
-558
-546
-532
-519
-506
-490
-473
-457
-443
-428
-412
-390
-362
-328
-300
-284
-279
-277
-267
-244
-213
-181
-160
-151
-151
-148
-133
-112
-86
-63
-47
-38
-27
-17
-1
18
35
54
75
98
123
146
167
182
197
216
244
274
304
330
349
361
374
393
417
439
457
472
485
495
500
503
505
509
514
517
524
528
525
519
509
498
491
490
494
498
497
491
480
466
453
450
450
451
452
449
437
421
402
385
372
361
354
341
321
301
279
257
233
208
180
154
130
107
83
57
28
-5
-35
-63
-88
-113
-143
-174
-207
-236
-261
-282
-300
-320
-346
-378
-410
-434
-448
-459
-472
-492
-513
-538
-560
-577
-587
-593
-601
-609
-618
-629
-639
-645
-646
-642
-633
-621
-606
-596
-586
-578
-564
-542
-517
-490
-461
-436
-417
-400
-384
-364
-339
-308
-277
-251
-230
-217
-205
-192
-177
-159
-139
-119
-97
-78
-63
-53
-48
-40
-25
-6
20
48
73
92
101
108
120
140
168
198
227
251
268
283
302
325
352
381
405
424
439
454
468
480
492
502
513
525
531
533
528
519
510
506
509
511
509
502
490
475
462
454
451
451
450
446
436
421
405
393
385
382
379
374
360
343
325
308
295
284
276
263
247
231
210
186
159
136
115
95
74
54
30
2
-28
-59
-86
-108
-128
-144
-163
-188
-220
-254
-283
-303
-312
-319
-329
-350
-382
-420
-457
-479
-488
-486
-483
-488
-505
-532
-560
-580
-584
-572
-558
-550
-553
-562
-574
-577
-568
-551
-530
-511
-499
-492
-485
-474
-457
-433
-406
-375
-349
-329
-314
-300
-285
-265
-239
-215
-194
-175
-162
-147
-133
-118
-104
-91
-84
-75
-58
-41
-19
3
22
35
47
58
73
95
121
147
173
192
211
226
242
265
288
312
333
351
364
376
389
402
420
437
450
457
458
460
460
458
457
458
458
455
453
452
448
445
442
438
432
427
422
416
409
403
398
392
388
381
372
361
348
334
320
305
289
274
259
244
228
211
193
168
142
117
93
76
59
39
19
-6
-35
-62
-85
-105
-120
-133
-153
-176
-198
-220
-237
-252
-262
-278
-297
-320
-342
-364
-382
-394
-405
-417
-432
-445
-456
-465
-471
-478
-484
-490
-492
-489
-483
-473
-463
-454
-448
-441
-431
-417
-400
-382
-364
-349
-335
-321
-304
-286
-265
-241
-219
-204
-194
-184
-173
-162
-149
-135
-122
-112
-103
-97
-87
-73
-58
-42
-28
-16
-7
1
6
14
30
51
70
91
109
122
133
143
158
179
198
219
240
261
275
285
290
294
298
308
322
339
353
360
363
362
359
361
370
382
390
396
397
390
382
374
373
372
377
382
380
372
360
346
331
319
310
302
292
280
269
257
242
224
209
194
180
166
150
129
105
81
61
44
31
21
7
-12
-34
-57
-76
-90
-101
-111
-121
-134
-149
-165
-184
-204
-221
-234
-247
-260
-277
-296
-313
-332
-347
-357
-362
-363
-366
-371
-377
-384
-391
-396
-398
-394
-387
-383
-379
-376
-371
-362
-348
-335
-318
-301
-287
-273
-260
-242
-224
-207
-191
-178
-166
-153
-140
-125
-110
-98
-84
-71
-57
-42
-28
-15
-7
0
10
23
38
51
61
69
76
84
95
110
129
142
152
158
166
181
199
213
221
222
221
215
218
226
238
254
265
268
266
262
262
264
272
281
288
293
291
286
282
282
278
273
271
273
278
282
282
278
271
262
253
245
245
244
238
227
212
194
179
163
151
141
130
116
98
81
63
47
31
16
0
-13
-27
-43
-61
-76
-92
-108
-121
-132
-142
-152
-163
-172
-186
-199
-211
-224
-233
-241
-250
-260
-268
-279
-292
-307
-323
-334
-342
-348
-350
-352
-357
-366
-376
-383
-386
-385
-379
-372
-367
-365
-366
-367
-363
-354
-339
-321
-303
-290
-278
-269
-255
-236
-212
-185
-166
-150
-135
-124
-107
-88
-69
-51
-36
-21
-7
6
20
31
45
59
71
83
94
107
119
130
141
152
164
175
187
193
201
211
221
236
250
260
265
263
261
263
269
276
286
292
291
290
289
286
287
290
295
298
300
301
303
301
296
294
287
285
286
290
292
290
285
276
269
262
258
253
247
240
229
219
209
201
191
175
158
141
127
115
100
84
63
41
19
0
-19
-38
-54
-72
-89
-108
-127
-147
-169
-183
-195
-207
-217
-227
-240
-253
-264
-272
-278
-280
-279
-280
-284
-291
-298
-305
-309
-308
-307
-304
-298
-298
-299
-303
-308
-305
-298
-290
-281
-271
-267
-269
-270
-266
-256
-239
-219
-204
-196
-193
-189
-180
-166
-146
-130
-117
-109
-102
-98
-90
-76
-57
-41
-25
-12
-2
3
9
17
28
39
54
69
81
89
94
102
114
130
151
171
186
194
198
203
212
225
241
258
269
277
282
285
292
298
304
311
320
323
323
322
318
314
312
311
316
318
319
314
306
299
295
293
290
287
281
272
264
259
254
249
241
231
216
202
192
181
171
159
144
129
113
96
80
66
51
35
16
-6
-26
-49
-72
-92
-114
-134
-156
-173
-190
-208
-223
-241
-259
-275
-292
-304
-314
-323
-333
-343
-354
-365
-372
-377
-381
-382
-385
-387
-389
-388
-386
-385
-380
-374
-369
-366
-363
-361
-354
-347
-339
-330
-322
-315
-307
-296
-282
-267
-251
-238
-226
-218
-210
-201
-192
-181
-168
-155
-140
-126
-112
-98
-84
-71
-60
-49
-38
-28
-17
-6
7
20
30
40
50
60
72
84
95
104
113
120
130
140
152
163
173
183
192
203
213
225
235
243
251
258
265
272
282
290
297
304
309
313
318
324
332
337
340
342
341
338
338
338
338
338
336
335
331
327
321
314
305
297
289
286
280
273
266
257
245
231
218
203
187
170
155
139
121
102
82
61
37
14
-8
-30
-50
-68
-87
-104
-122
-142
-163
-184
-205
-225
-241
-255
-270
-285
-298
-312
-324
-335
-344
-350
-356
-364
-371
-377
-382
-385
-383
-380
-378
-375
-373
-371
-368
-363
-354
-344
-329
-318
-306
-289
-273
-255
-238
-223
-208
-196
-186
-176
-163
-150
-135
-119
-105
-89
-72
-56
-41
-26
-13
-5
7
14
23
37
49
57
65
73
80
88
97
106
111
118
122
128
137
147
157
169
179
187
195
200
208
216
224
231
240
247
252
260
267
271
275
279
284
286
287
285
283
282
281
283
288
292
295
296
296
293
289
287
283
280
278
274
269
264
260
255
251
248
241
234
224
213
203
189
173
157
145
130
117
101
83
62
40
20
1
-16
-32
-51
-72
-96
-117
-137
-155
-171
-186
-204
-221
-238
-252
-262
-270
-281
-290
-303
-312
-324
-335
-341
-349
-356
-363
-369
-375
-377
-379
-379
-379
-377
-377
-372
-365
-358
-352
-343
-332
-321
-312
-303
-292
-281
-269
-257
-245
-229
-214
-200
-183
-168
-153
-140
-127
-114
-101
-91
-83
-73
-62
-50
-39
-28
-20
-13
-8
-4
3
12
22
32
41
48
55
62
71
83
94
105
114
121
129
136
145
154
162
172
178
183
190
194
203
212
221
229
235
239
243
246
249
252
255
260
263
263
261
259
260
262
262
262
263
261
256
252
248
244
241
236
233
225
214
206
196
188
178
169
160
148
134
121
107
93
79
66
53
38
22
8
-4
-16
-31
-46
-60
-75
-89
-103
-118
-132
-144
-155
-167
-183
-193
-203
-214
-225
-233
-238
-246
-254
-261
-264
-268
-274
-279
-278
-280
-283
-287
-289
-288
-289
-287
-282
-280
-277
-271
-264
-258
-249
-242
-234
-228
-220
-211
-201
-193
-185
-176
-167
-157
-147
-135
-123
-109
-97
-82
-71
-60
-50
-37
-23
-10
2
12
24
35
45
55
62
70
79
88
96
109
119
128
136
144
152
158
164
170
175
181
187
193
196
199
207
215
224
230
238
243
249
254
257
257
255
255
257
259
259
261
258
255
251
246
240
240
235
230
226
220
216
211
206
202
198
194
188
181
172
163
153
140
129
120
110
100
90
80
71
60
48
38
29
16
4
-11
-22
-33
-41
-49
-61
-73
-85
-98
-109
-118
-128
-137
-144
-151
-155
-160
-162
-165
-169
-173
-179
-184
-188
-193
-198
-200
-200
-197
-196
-195
-194
-195
-196
-197
-197
-197
-197
-197
-192
-188
-181
-173
-166
-159
-152
-146
-144
-141
-138
-135
-130
-125
-120
-112
-105
-95
-87
-78
-70
-59
-51
-43
-38
-31
-27
-23
-18
-12
-7
-3
1
5
9
12
16
21
24
29
32
36
41
47
51
56
60
64
70
73
79
85
91
99
103
106
109
111
112
114
113
116
119
125
132
138
144
148
152
155
156
157
155
153
151
147
145
143
139
133
129
124
119
114
110
104
97
91
85
75
68
58
47
35
24
15
7
-1
-12
-25
-39
-50
-61
-71
-79
-86
-93
-97
-103
-108
-114
-120
-129
-138
-148
-158
-165
-171
-174
-176
-177
-177
-175
-177
-178
-178
-177
-174
-170
-167
-163
-163
-163
-162
-160
-158
-155
-149
-141
-136
-130
-127
-121
-116
-111
-106
-102
-97
-92
-85
-78
-74
-68
-63
-59
-55
-50
-46
-43
-39
-32
-27
-20
-13
-7
-1
3
8
13
19
28
37
42
45
48
50
56
57
61
68
76
83
88
91
96
102
105
107
112
118
124
128
132
135
137
140
141
144
146
147
147
147
150
154
159
164
169
171
173
176
177
177
179
179
180
179
175
169
164
160
156
150
146
144
143
138
133
125
121
117
110
104
98
90
81
69
57
46
36
22
8
-6
-17
-27
-37
-45
-53
-61
-67
-74
-80
-86
-90
-95
-102
-107
-115
-122
-129
-136
-140
-141
-142
-141
-139
-137
-137
-137
-136
-136
-134
-130
-127
-124
-119
-114
-110
-106
-102
-100
-99
-98
-93
-86
-81
-73
-66
-60
-56
-51
-45
-38
-34
-28
-23
-19
-14
-13
-10
-7
-5
-3
-1
2
7
11
13
18
20
23
26
27
27
30
32
34
35
38
42
47
49
50
50
52
53
55
57
59
62
66
68
70
71
73
75
79
80
84
87
91
94
94
94
92
91
90
88
89
88
86
84
81
78
76
71
68
66
64
62
60
56
52
47
40
32
25
21
17
13
9
5
1
-5
-10
-16
-23
-28
-32
-39
-44
-50
-54
-60
-65
-72
-78
-86
-95
-102
-109
-114
-120
-127
-133
-137
-142
-144
-146
-148
-149
-151
-152
-152
-152
-152
-154
-156
-158
-157
-154
-149
-144
-139
-136
-132
-130
-125
-122
-118
-115
-110
-104
-98
-90
-84
-79
-73
-68
-63
-58
-52
-45
-40
-34
-30
-24
-20
-15
-9
-3
4
11
17
21
25
29
33
36
37
37
40
41
45
48
52
54
56
57
59
63
64
66
68
71
73
74
76
80
84
88
93
100
104
107
109
112
115
117
119
122
122
123
126
129
134
135
136
134
133
131
132
131
129
127
125
121
117
115
112
108
102
96
90
83
77
72
67
61
54
47
42
36
28
20
14
8
0
-9
-14
-19
-26
-33
-36
-42
-48
-55
-60
-62
-68
-74
-77
-80
-86
-91
-96
-100
-101
-104
-107
-110
-111
-112
-112
-113
-114
-114
-115
-115
-114
-113
-113
-110
-110
-108
-104
-100
-99
-94
-90
-85
-81
-74
-67
-61
-57
-54
-51
-46
-41
-37
-34
-28
-24
-20
-16
-11
-7
-1
6
11
17
20
24
25
27
32
38
42
44
46
49
50
54
58
63
69
73
78
82
85
88
90
91
91
92
95
95
97
101
105
109
108
109
113
113
110
110
113
112
109
108
114
117
117
116
114
112
113
117
119
117
116
117
119
112
98
96
95
89
86
87
83
75
69
69
64
52
47
45
39
31
29
25
11
-6
-15
-20
-33
-47
-49
-47
-58
-71
-73
-74
-93
-109
-110
-107
-109
-117
-125
-133
-153
-166
-163
-153
-149
-148
-144
-148
-165
-179
-179
-165
-153
-148
-141
-146
-167
-185
-191
-186
-178
-162
-149
-144
-138
-142
-144
-133
-116
-104
-98
-100
-99
-108
-119
-110
-92
-82
-81
-76
-77
-84
-92
-89
-68
-44
-26
-5
0
-15
-31
-41
-40
-27
-11
-4
7
13
0
-6
1
9
23
43
60
70
64
49
45
49
55
67
78
88
91
89
92
101
104
105
114
124
128
126
123
126
132
143
155
154
140
130
128
135
144
157
166
162
152
145
139
129
120
126
137
138
125
114
100
85
87
98
104
97
80
70
63
46
34
35
38
43
39
26
13
-10
-32
-25
-2
1
-17
-41
-60
-88
-111
-109
-91
-84
-87
-89
-92
-111
-133
-133
-114
-101
-96
-96
-104
-128
-161
-172
-163
-146
-130
-122
-113
-114
-138
-146
-113
-93
-92
-77
-60
-66
-72
-44
-20
-41
-72
-68
-61
-73
-74
-56
-37
-37
-42
-36
-33
-33
-14
17
27
19
11
-9
-42
-66
-55
-19
23
50
52
39
18
-6
-11
20
74
105
108
103
62
-5
-21
28
89
121
123
101
53
-1
-20
5
60
117
153
166
147
97
39
1
10
52
100
130
130
98
47
33
77
129
169
199
195
147
75
28
33
78
136
180
187
163
111
56
31
53
107
162
182
157
109
55
17
-1
14
64
85
72
47
-2
-50
-61
-29
17
59
80
68
19
-46
-99
-118
-99
-72
-59
-48
-45
-77
-116
-119
-98
-84
-73
-78
-107
-131
-154
-168
-150
-122
-113
-108
-111
-129
-147
-166
-156
-117
-81
-72
-79
-92
-123
-175
-193
-158
-123
-103
-78
-73
-100
-131
-131
-104
-76
-47
-14
-14
-58
-109
-132
-112
-73
-32
11
30
8
-24
-45
-55
-39
6
49
59
34
6
-21
-48
-49
-14
35
69
69
42
10
-7
-8
9
49
88
103
86
48
9
-26
-40
-11
49
95
98
78
45
1
-25
-10
42
98
144
152
114
64
32
20
42
85
120
139
131
97
52
32
45
65
85
105
110
87
47
22
27
42
53
70
78
57
29
16
11
6
20
49
66
70
54
22
-1
-8
-2
3
6
-1
-16
-39
-62
-61
-48
-36
-32
-18
-10
-30
-62
-74
-75
-85
-86
-75
-75
-89
-95
-82
-78
-82
-76
-59
-49
-41
-35
-50
-67
-82
-98
-108
-98
-70
-44
-24
-22
-24
-26
-45
-53
-39
-30
-37
-35
-22
-19
-19
-14
1
8
3
-1
-8
-15
-18
-15
10
51
82
92
98
87
50
20
18
31
47
60
55
44
26
0
-6
18
52
80
99
94
73
50
42
47
61
73
71
57
50
42
29
34
55
70
76
64
47
28
0
-12
10
54
84
91
85
66
37
19
34
61
87
116
125
108
67
23
3
20
58
92
105
92
55
3
-39
-47
-18
36
81
99
95
69
18
-32
-44
-20
8
23
29
7
-42
-90
-113
-109
-81
-54
-38
-34
-48
-77
-102
-103
-93
-80
-69
-73
-91
-112
-133
-153
-151
-120
-92
-90
-93
-94
-108
-127
-140
-139
-119
-95
-84
-83
-85
-92
-104
-108
-87
-64
-55
-54
-54
-56
-67
-78
-74
-58
-44
-39
-44
-51
-51
-48
-43
-36
-25
-13
-3
2
13
32
43
34
26
30
33
41
59
70
60
46
45
55
70
82
85
89
80
52
30
22
21
35
64
89
96
84
72
59
43
44
71
99
112
101
73
39
11
1
14
42
82
107
95
64
40
30
37
57
72
76
71
58
38
33
35
43
60
67
52
30
13
15
35
57
64
67
59
25
-14
-28
-24
-11
11
24
18
-1
-29
-60
-74
-55
-22
5
31
36
9
-32
-55
-61
-54
-45
-42
-45
-65
-95
-110
-97
-78
-58
-37
-39
-71
-96
-98
-95
-85
-63
-35
-29
-47
-75
-91
-89
-73
-52
-21
10
13
-15
-42
-62
-78
-82
-76
-58
-37
-30
-39
-48
-62
-75
-80
-73
-54
-31
-18
-4
6
5
2
3
2
1
10
21
31
33
20
-4
-17
-12
3
17
32
42
42
29
26
36
49
63
72
79
80
62
45
46
51
58
81
109
119
104
84
70
63
68
85
118
143
142
126
103
80
69
77
95
116
128
113
82
52
26
12
20
45
64
74
71
50
27
18
22
30
43
50
43
29
18
11
16
27
30
21
3
-14
-24
-29
-26
-12
-5
-11
-19
-32
-52
-71
-82
-84
-78
-71
-72
-80
-84
-98
-115
-114
-96
-84
-74
-68
-73
-90
-112
-132
-141
-131
-116
-101
-84
-76
-78
-84
-85
-84
-82
-76
-71
-67
-67
-68
-64
-63
-63
-67
-70
-77
-87
-87
-70
-49
-29
-8
0
-14
-44
-67
-71
-65
-53
-33
-14
-7
-12
-21
-29
-25
-8
11
30
45
49
44
35
32
32
32
34
40
45
44
46
49
55
63
65
68
68
62
59
65
80
100
113
114
109
103
93
92
97
103
112
122
118
103
94
88
84
83
89
94
88
75
63
56
57
59
56
52
41
26
14
9
7
13
25
39
40
29
16
0
-18
-21
-11
-3
6
6
-15
-45
-66
-69
-61
-49
-31
-19
-30
-58
-84
-91
-89
-84
-72
-56
-57
-70
-79
-89
-95
-89
-73
-65
-63
-71
-85
-87
-81
-77
-63
-40
-33
-43
-61
-77
-85
-80
-69
-51
-34
-36
-50
-64
-77
-80
-67
-41
-22
-15
-15
-21
-38
-54
-57
-51
-45
-35
-25
-15
-14
-19
-20
-14
-6
7
25
29
23
21
21
18
20
28
41
57
68
73
78
82
73
62
57
52
46
48
61
77
82
86
92
88
81
81
85
86
92
105
119
121
110
99
90
79
83
99
113
122
122
118
112
100
83
77
76
74
80
93
96
94
91
88
85
76
66
61
54
43
33
24
17
10
4
0
-6
-15
-23
-32
-35
-31
-33
-37
-35
-36
-36
-33
-41
-58
-70
-79
-83
-81
-77
-80
-90
-103
-118
-127
-131
-125
-116
-110
-106
-107
-110
-119
-131
-133
-130
-127
-118
-112
-111
-113
-112
-117
-121
-110
-96
-81
-61
-49
-54
-65
-74
-83
-87
-82
-71
-52
-38
-36
-45
-54
-57
-54
-46
-32
-23
-18
-13
-13
-15
-13
-11
-8
-1
-2
-8
-9
-9
-12
-7
15
34
41
43
39
27
17
22
36
54
72
83
88
82
70
58
56
64
74
88
97
94
83
72
71
75
83
94
102
99
85
72
68
76
87
102
115
113
98
77
60
48
42
54
65
72
71
66
61
52
48
44
41
42
41
38
39
38
36
32
24
12
2
2
5
13
20
20
13
3
-8
-21
-33
-42
-47
-52
-59
-66
-71
-71
-73
-72
-67
-66
-67
-69
-76
-87
-95
-95
-91
-86
-82
-79
-82
-88
-98
-103
-97
-84
-74
-67
-68
-74
-89
-100
-99
-81
-57
-36
-25
-28
-41
-58
-66
-63
-51
-35
-26
-28
-34
-37
-39
-35
-21
3
23
24
13
-1
-17
-27
-21
-1
20
37
44
43
36
24
19
25
32
39
44
44
39
29
19
15
18
27
37
43
47
49
52
56
66
75
82
89
86
75
68
68
71
76
81
88
94
90
84
82
83
84
88
94
99
96
89
83
87
94
98
97
97
90
75
65
62
61
68
72
70
67
62
56
50
51
56
59
56
49
35
25
21
20
24
28
26
15
2
-12
-22
-29
-25
-17
-16
-19
-22
-33
-50
-62
-66
-68
-71
-76
-81
-86
-93
-97
-96
-96
-96
-98
-102
-110
-119
-122
-117
-106
-96
-86
-84
-93
-105
-113
-114
-110
-95
-76
-61
-60
-73
-87
-101
-111
-105
-87
-72
-63
-58
-54
-56
-59
-58
-48
-39
-36
-39
-38
-34
-30
-23
-9
2
2
-4
-15
-28
-37
-32
-17
-2
7
10
7
2
2
6
14
28
39
39
33
21
11
9
12
19
29
40
43
36
23
14
12
19
33
42
47
44
39
33
31
44
64
81
81
74
63
48
35
33
42
52
57
58
54
46
37
32
34
38
42
39
33
31
26
19
21
28
31
30
27
16
4
-9
-16
-15
-14
-16
-18
-18
-22
-21
-16
-10
-7
-3
-1
-4
-7
-6
-3
-1
1
1
-1
-6
-10
-12
-11
-1
7
6
0
-10
-20
-28
-29
-24
-16
-8
0
2
-4
-15
-25
-31
-33
-32
-26
-23
-19
-14
-16
-16
-12
-10
-10
-5
-4
0
5
10
15
17
16
15
12
7
3
1
2
8
10
12
17
18
19
16
16
17
20
24
30
26
18
7
-4
-11
-17
-20
-16
-12
-15
-17
-12
-6
-2
8
17
21
21
15
8
5
3
4
11
19
22
22
17
6
-6
-7
-3
4
12
19
20
12
0
-7
-10
-6
1
11
18
19
13
10
7
6
10
16
19
17
8
-4
-16
-21
-22
-16
-8
-5
-7
-11
-16
-19
-17
-12
-5
1
3
0
-1
0
-1
3
6
6
8
5
-2
-9
-12
-15
-17
-15
-9
-2
2
5
6
3
-2
-7
-6
1
4
6
11
12
8
5
5
7
8
9
11
14
12
6
-1
-7
-13
-18
-16
-12
-7
-5
-3
-6
-8
-11
-13
-10
-3
2
2
4
0
-10
-14
-17
-15
-9
-1
1
1
0
-4
-6
-5
1
6
10
10
9
8
7
7
11
16
19
18
20
19
16
16
20
25
26
26
22
16
8
0
-1
-2
-2
2
3
0
-5
-10
-11
-11
-6
2
8
8
6
3
-2
-6
-5
-4
-1
-3
-7
-12
-15
-21
-23
-17
-10
-6
-5
-3
-1
-4
-5
-3
-3
-2
-3
-7
-13
-22
-28
-31
-34
-35
-36
-34
-33
-32
-30
-29
-26
-26
-26
-29
-30
-33
-34
-36
-38
-39
-39
-42
-43
-47
-46
-44
-42
-38
-35
-33
-36
-41
-43
-41
-37
-30
-26
-26
-25
-24
-23
-23
-20
-15
-11
-8
-5
-2
2
4
2
4
9
13
17
21
22
20
18
20
23
26
29
33
34
33
31
34
38
45
54
63
66
61
54
42
34
31
34
39
46
49
48
45
43
42
45
53
56
54
53
47
40
31
28
28
33
41
46
47
48
45
44
43
45
46
43
36
26
15
9
8
11
17
22
22
20
15
10
10
12
16
18
15
7
-4
-14
-19
-18
-10
-4
0
-1
-8
-16
-24
-29
-27
-24
-18
-15
-16
-19
-23
-24
-22
-15
-6
-5
-8
-17
-28
-36
-39
-36
-28
-20
-16
-20
-25
-31
-33
-32
-24
-17
-11
-12
-17
-24
-30
-32
-28
-20
-12
-7
-9
-14
-20
-24
-26
-23
-16
-10
-10
-13
-18
-23
-27
-25
-18
-9
-6
-7
-11
-13
-16
-15
-10
-5
0
2
0
-3
-5
-9
-13
-12
-10
-6
-2
3
7
10
13
16
16
17
16
14
15
17
19
21
22
20
19
18
17
21
26
30
35
36
34
30
26
24
24
26
31
34
33
32
30
27
28
28
30
30
29
25
21
17
14
13
14
16
17
14
7
0
-4
-7
-10
-9
-7
-6
-8
-10
-14
-18
-21
-23
-22
-23
-26
-30
-33
-37
-37
-38
-39
-43
-47
-47
-46
-43
-39
-34
-31
-32
-35
-41
-46
-49
-49
-47
-44
-42
-42
-45
-50
-50
-46
-39
-29
-21
-15
-15
-17
-20
-26
-30
-30
-24
-19
-18
-18
-16
-15
-16
-13
-10
-4
1
2
-1
-3
-7
-10
-10
-10
-8
-4
-3
-4
-2
4
11
15
21
25
23
20
17
18
23
27
30
33
33
32
29
29
32
39
44
46
46
44
38
33
32
35
38
42
44
42
40
37
37
38
42
45
47
45
41
39
36
35
39
43
48
46
43
41
35
30
27
27
27
22
15
8
2
0
1
6
12
17
17
10
5
1
-4
-7
-8
-8
-10
-15
-21
-25
-30
-29
-27
-22
-18
-18
-24
-34
-42
-45
-44
-42
-38
-35
-38
-42
-45
-45
-43
-39
-35
-32
-31
-33
-35
-35
-33
-31
-29
-29
-31
-32
-36
-37
-36
-33
-26
-19
-14
-13
-10
-10
-10
-9
-4
2
7
7
7
5
2
-1
0
6
11
13
14
12
11
9
9
12
16
17
18
17
15
16
15
17
19
21
22
22
23
23
25
28
33
35
35
32
30
28
27
27
30
32
32
31
28
24
21
21
23
28
32
35
34
32
28
25
24
25
27
28
28
26
23
21
19
17
18
18
16
14
12
10
9
10
11
10
9
6
0
-5
-8
-9
-7
-3
-1
-1
-6
-12
-18
-22
-23
-22
-21
-21
-22
-26
-31
-34
-34
-33
-31
-28
-28
-32
-35
-37
-38
-39
-38
-37
-37
-40
-43
-45
-46
-47
-46
-46
-44
-45
-47
-48
-50
-48
-45
-41
-36
-37
-37
-39
-43
-42
-39
-37
-32
-28
-26
-28
-31
-30
-31
-29
-24
-21
-18
-18
-18
-17
-18
-15
-11
-8
-4
-3
-4
-5
-4
-2
2
7
11
10
8
7
7
7
11
18
20
22
22
21
19
18
21
28
36
41
43
43
41
36
36
38
40
43
45
46
45
41
40
40
42
46
48
48
47
44
43
42
42
43
45
44
44
42
39
37
35
36
37
34
35
33
28
27
27
25
25
25
23
19
18
16
14
13
14
13
10
9
7
2
-1
-4
-7
-6
-5
-6
-8
-7
-7
-12
-13
-12
-13
-15
-16
-16
-19
-22
-24
-25
-29
-31
-31
-29
-30
-30
-29
-31
-36
-39
-41
-41
-40
-39
-37
-37
-37
-39
-40
-42
-44
-41
-39
-36
-33
-32
-32
-31
-32
-33
-31
-27
-24
-23
-20
-17
-15
-15
-16
-15
-14
-14
-14
-14
-11
-10
-8
-7
-5
-4
-2
-1
1
3
5
7
8
9
10
8
9
10
12
14
12
11
13
12
13
14
14
15
15
17
20
21
21
21
23
21
21
22
21
20
19
19
20
22
24
24
25
23
23
23
21
21
20
19
21
21
22
22
22
21
19
20
21
20
19
17
19
18
16
15
15
14
11
7
5
5
1
0
2
4
3
3
3
2
0
-2
-5
-8
-8
-8
-9
-9
-8
-7
-5
-6
-4
-5
-9
-12
-16
-18
-19
-19
-18
-15
-13
-10
-8
-5
-1
1
-1
-5
-9
-12
-15
-19
-20
-19
-19
-18
-17
-15
-12
-7
-4
-3
0
-2
-3
-7
-12
-14
-13
-11
-9
-9
-9
-8
-9
-6
-4
1
2
0
-2
-3
-5
-7
-9
-10
-6
-5
-3
-1
2
3
4
8
10
9
5
1
-4
-10
-12
-10
-7
-5
-5
-1
3
5
6
8
9
10
6
1
-2
-5
-7
-6
-1
6
13
17
16
13
12
10
6
1
-1
-3
-5
-7
-7
-3
2
8
11
13
10
8
5
0
-2
-3
-5
-5
-5
-2
0
3
4
7
11
14
12
5
-3
-8
-10
-11
-8
-5
1
4
5
8
10
11
8
5
5
4
3
-1
-4
-6
-3
1
2
2
0
-2
-4
-8
-7
-5
-3
-4
-6
-8
-7
-8
-8
-6
1
4
6
5
1
-3
-8
-11
-10
-9
-8
-8
-8
-10
-11
-11
-10
-5
-2
2
4
0
-5
-9
-11
-11
-12
-15
-15
-10
-7
-4
-2
5
11
11
10
10
9
5
1
1
5
10
10
9
8
7
6
4
4
6
10
12
9
7
8
10
11
11
10
11
8
1
-5
-2
0
3
6
12
18
18
15
11
8
5
2
0
-2
-3
-3
-3
-3
-1
3
4
5
4
2
-1
-3
-4
-1
0
2
4
5
5
1
-1
-1
-2
0
2
5
5
3
1
2
1
2
2
3
5
3
2
0
-2
-3
-2
-1
-2
-2
-3
-3
-3
-5
-6
-6
-5
-3
-3
-3
-6
-8
-7
-7
-6
-4
2
6
8
9
8
4
1
-4
-8
-13
-13
-11
-9
-8
-7
-3
-1
0
1
1
4
5
5
5
2
-2
-5
-8
-10
-11
-8
-5
-3
-1
3
5
5
4
4
2
-1
-4
-8
-10
-9
-9
-7
-3
3
7
11
11
13
11
8
5
1
-4
-7
-8
-6
-5
0
6
10
12
14
14
11
9
7
6
4
0
-1
-4
-5
-6
-4
0
2
6
9
11
11
8
5
3
1
-4
-5
-5
-7
-7
-6
-6
-5
-5
-3
-2
-1
-1
1
1
1
-2
-4
-8
-11
-14
-17
-17
-14
-11
-8
-5
-3
-3
-2
-4
-5
-8
-10
-12
-15
-17
-17
-18
-18
-18
-16
-14
-14
-15
-15
-15
-14
-15
-15
-12
-9
-8
-7
-7
-8
-8
-10
-12
-13
-15
-15
-13
-10
-6
0
6
11
15
14
11
8
5
0
-1
-2
-2
2
6
8
12
17
20
20
19
16
15
14
13
10
9
7
7
9
11
14
19
23
25
25
20
16
12
7
