0
-1
0
0
0
0
1
0
0
0
0
1
0
1
1
1
1
2
2
2
2
2
1
1
1
0
0
1
1
1
0
1
1
1
1
0
0
0
0
0
1
1
1
0
1
2
2
1
0
1
0
2
2
1
2
2
2
2
2
3
2
2
3
3
2
1
2
1
2
2
2
1
0
-1
0
0
0
-1
-1
-2
-3
-2
-3
-4
-4
-3
-4
-4
-5
-7
-6
-6
-7
-7
-6
-6
-6
-6
-6
-6
-7
-7
-8
-8
-8
-7
-6
-7
-6
-7
-6
-7
-6
-7
-7
-7
-8
-6
-7
-6
-7
-7
-7
-8
-9
-9
-9
-8
-10
-9
-10
-10
-9
-10
-11
-11
-11
-10
-11
-10
-10
-11
-10
-10
-10
-9
-8
-8
-6
-6
-5
-3
-2
-1
0
2
3
5
6
10
12
13
16
18
19
21
22
24
27
28
30
31
33
35
36
36
36
37
38
37
38
38
39
37
36
33
32
31
30
29
26
23
22
20
18
15
13
10
7
5
4
1
-1
-2
-5
-7
-8
-9
-11
-13
-14
-14
-14
-15
-16
-15
-16
-15
-15
-15
-14
-13
-12
-13
-11
-9
-8
-7
-6
-6
-5
-3
-3
-2
-1
-1
-1
-1
-2
-2
-3
-4
-5
-6
-6
-7
-10
-12
-14
-16
-18
-21
-24
-26
-28
-31
-34
-36
-39
-40
-43
-46
-48
-49
-51
-52
-53
-54
-56
-55
-56
-55
-54
-52
-52
-50
-47
-45
-44
-41
-37
-34
-30
-26
-22
-19
-14
-11
-7
-2
2
6
10
14
18
22
26
30
33
35
39
42
44
47
50
51
55
55
57
60
62
63
64
65
67
67
69
69
70
70
69
69
69
69
68
67
66
65
63
61
59
57
55
52
50
49
46
43
41
38
36
33
30
28
26
22
20
17
15
13
12
9
7
5
4
3
3
0
0
-2
-3
-5
-5
-6
-8
-7
-9
-9
-11
-11
-12
-13
-13
-16
-16
-16
-18
-19
-21
-21
-23
-24
-27
-29
-32
-34
-38
-41
-45
-48
-53
-57
-61
-65
-70
-74
-77
-83
-88
-91
-97
-101
-104
-107
-110
-114
-117
-119
-120
-122
-124
-124
-124
-123
-121
-119
-115
-111
-107
-103
-98
-92
-87
-80
-74
-67
-61
-54
-47
-42
-34
-27
-20
-12
-6
1
8
16
22
27
34
41
48
53
58
64
68
72
74
78
83
86
89
91
93
96
98
101
101
102
103
104
106
106
107
107
106
106
105
103
104
103
102
103
102
103
101
100
99
99
98
96
95
93
92
89
87
86
82
80
78
76
74
71
69
66
64
60
58
53
50
46
42
37
34
30
26
22
17
13
8
4
0
-4
-10
-14
-19
-21
-25
-30
-34
-40
-44
-49
-53
-58
-62
-64
-69
-71
-74
-77
-80
-84
-88
-92
-96
-100
-104
-107
-110
-115
-118
-122
-126
-130
-134
-136
-139
-141
-143
-144
-146
-150
-152
-152
-152
-152
-151
-150
-148
-145
-140
-137
-132
-128
-122
-116
-108
-100
-93
-86
-78
-71
-64
-57
-51
-43
-35
-27
-18
-10
-1
6
13
21
29
37
45
51
58
65
69
75
82
86
91
95
101
105
109
112
114
116
117
119
120
122
125
127
127
129
129
131
130
130
132
132
133
133
133
133
133
132
131
131
130
128
126
125
122
120
117
114
111
108
105
103
101
98
96
92
89
86
84
80
74
71
66
61
55
50
45
38
31
25
20
14
8
0
-5
-11
-17
-23
-29
-35
-39
-46
-51
-55
-60
-65
-69
-73
-76
-81
-85
-88
-91
-96
-100
-105
-109
-113
-117
-121
-125
-129
-133
-138
-142
-148
-152
-156
-159
-161
-164
-164
-166
-168
-171
-172
-173
-173
-174
-172
-169
-165
-161
-156
-151
-146
-139
-132
-125
-118
-109
-102
-95
-87
-80
-73
-67
-59
-51
-42
-33
-25
-16
-9
-1
8
18
26
36
44
52
60
68
74
81
86
93
99
106
112
116
120
123
127
127
129
132
134
135
136
140
137
136
136
136
134
136
137
137
137
137
136
136
135
133
132
130
130
129
127
126
124
122
119
118
116
114
111
107
103
100
96
92
87
83
79
74
69
65
58
52
46
40
34
29
22
15
10
2
-4
-10
-15
-22
-28
-34
-41
-47
-52
-58
-64
-70
-74
-81
-86
-91
-97
-103
-107
-111
-116
-120
-123
-128
-131
-134
-138
-142
-147
-150
-154
-157
-159
-162
-165
-168
-171
-172
-174
-175
-175
-173
-173
-174
-174
-173
-172
-170
-167
-163
-158
-152
-145
-139
-132
-127
-120
-112
-105
-95
-87
-79
-71
-64
-56
-50
-42
-34
-26
-16
-7
2
10
20
27
34
44
52
62
73
81
89
98
103
109
114
120
125
131
137
141
144
146
149
150
151
153
155
157
159
161
162
162
161
160
159
159
158
158
158
156
156
154
152
149
147
144
141
140
139
137
133
130
126
123
119
116
112
110
107
102
99
94
89
84
79
74
68
62
57
51
44
36
29
22
15
8
1
-6
-11
-18
-24
-30
-38
-45
-50
-57
-62
-67
-73
-79
-84
-90
-95
-101
-105
-111
-115
-119
-124
-127
-131
-134
-138
-141
-143
-146
-148
-149
-150
-152
-155
-154
-157
-159
-160
-161
-163
-164
-164
-164
-165
-164
-163
-161
-160
-158
-156
-153
-148
-143
-138
-131
-126
-119
-112
-105
-98
-92
-84
-77
-68
-59
-52
-43
-36
-28
-19
-11
-3
6
14
24
34
44
52
60
68
75
84
93
100
107
114
120
125
128
133
137
140
144
145
147
148
148
148
149
148
149
149
149
147
144
141
139
138
135
134
131
130
127
124
118
113
109
106
103
99
98
94
90
86
81
76
73
69
66
61
57
55
52
47
42
38
33
28
23
17
13
7
4
0
-4
-9
-16
-21
-26
-32
-35
-39
-42
-47
-53
-59
-65
-69
-72
-76
-78
-82
-86
-91
-98
-104
-107
-107
-108
-111
-116
-118
-119
-120
-123
-129
-130
-128
-129
-134
-136
-136
-135
-129
-127
-137
-145
-149
-153
-148
-145
-151
-148
-136
-138
-149
-158
-159
-150
-138
-140
-147
-146
-136
-129
-117
-103
-97
-92
-84
-77
-72
-62
-47
-31
-4
22
34
42
50
54
60
70
85
113
140
153
156
151
145
143
145
155
172
184
183
173
154
153
155
141
140
153
158
162
156
137
130
126
114
111
123
135
127
115
110
109
109
113
120
139
153
136
122
125
127
135
149
171
183
157
119
105
114
125
145
166
171
159
114
54
35
58
94
124
118
83
27
-24
-39
-24
-2
14
25
15
-21
-78
-129
-140
-117
-67
-43
-74
-130
-176
-209
-220
-203
-179
-158
-152
-187
-243
-282
-297
-275
-236
-215
-206
-231
-276
-308
-334
-316
-273
-246
-227
-253
-321
-372
-388
-387
-355
-355
-317
-181
-81
-39
-171
-395
-406
-201
-19
124
200
213
295
205
-48
-156
47
394
649
671
450
233
81
36
138
368
557
512
303
88
-47
-151
-132
-23
127
254
171
-94
-331
-412
-386
-193
36
134
54
-183
-372
-395
-265
-94
56
133
150
78
-65
-111
-57
82
268
432
457
369
247
145
219
392
542
615
592
479
343
279
306
417
495
491
435
355
243
128
76
129
248
290
213
53
-88
-148
-124
-34
55
62
-40
-172
-248
-225
-163
-124
-106
-100
-128
-205
-278
-317
-301
-241
-189
-171
-210
-311
-402
-409
-348
-269
-235
-267
-325
-359
-396
-378
-305
-265
-248
-270
-310
-314
-308
-320
-298
-250
-238
-267
-355
-397
-320
-116
91
108
-69
-341
-386
-179
90
258
307
366
374
243
-67
-202
56
514
811
717
397
56
-99
-66
142
411
538
402
69
-195
-341
-337
-222
-38
126
115
-103
-414
-587
-544
-315
-45
132
98
-148
-395
-468
-318
-62
160
252
219
98
-49
-98
-5
202
412
544
520
362
164
104
252
476
659
643
503
387
309
274
364
493
572
590
457
286
211
217
280
402
476
418
282
121
42
93
231
317
305
212
43
-106
-116
-34
60
104
31
-117
-255
-322
-325
-275
-213
-206
-286
-411
-496
-561
-513
-394
-335
-325
-412
-522
-558
-509
-422
-328
-275
-262
-307
-415
-440
-389
-344
-227
-193
-270
-320
-443
-581
-538
-284
31
263
118
-334
-677
-613
-249
87
325
426
452
283
-153
-530
-385
267
850
969
586
58
-298
-358
-123
268
613
613
237
-251
-556
-615
-420
-80
199
257
-15
-467
-794
-762
-429
4
283
243
-62
-428
-572
-424
-88
248
425
394
181
-65
-182
-71
206
518
705
655
481
221
68
253
508
743
841
635
427
349
346
465
646
696
668
611
477
396
397
462
504
573
607
475
344
267
226
323
447
421
328
183
11
-47
8
118
163
79
-83
-268
-336
-286
-222
-174
-182
-278
-410
-504
-549
-495
-390
-304
-257
-332
-473
-557
-539
-407
-284
-220
-287
-406
-469
-543
-504
-380
-337
-412
-515
-653
-630
-380
-87
37
-81
-376
-665
-536
-262
-20
186
363
450
235
-220
-622
-406
257
829
850
397
-106
-433
-419
-169
167
389
342
-25
-445
-725
-773
-598
-277
27
59
-215
-635
-937
-889
-515
-81
183
133
-181
-503
-604
-402
-20
281
423
352
123
-56
-97
26
306
598
695
624
393
164
178
399
701
884
812
591
384
262
345
551
765
929
866
571
294
228
393
686
898
868
645
380
177
154
386
645
730
635
358
79
-36
-11
123
301
350
217
-58
-316
-391
-318
-155
-19
-45
-167
-359
-505
-511
-403
-243
-151
-157
-250
-372
-444
-374
-264
-192
-158
-165
-250
-348
-414
-516
-400
-315
-392
-498
-645
-616
-306
36
7
-208
-612
-704
-458
-253
25
241
533
509
-16
-688
-776
-137
646
948
571
32
-413
-575
-480
-218
194
343
92
-377
-885
-1124
-1003
-652
-240
-23
-208
-641
-1093
-1253
-941
-429
27
164
-107
-480
-712
-701
-381
19
337
420
228
-23
-216
-195
21
362
636
741
552
201
-2
46
357
713
959
876
624
354
188
350
641
882
986
937
758
601
505
512
705
921
1062
979
697
437
346
498
718
826
734
504
278
112
81
182
282
286
168
-48
-222
-252
-214
-129
-32
-12
-92
-237
-350
-333
-185
-30
62
47
-90
-202
-262
-219
-59
38
47
-47
-171
-318
-425
-482
-509
-389
-397
-501
-636
-595
-276
-146
-243
-675
-818
-547
-242
7
72
298
376
84
-499
-681
-182
527
912
580
104
-294
-498
-405
-187
118
253
39
-398
-849
-1095
-1021
-747
-450
-296
-444
-718
-979
-1193
-1085
-739
-339
-96
-224
-504
-724
-753
-564
-275
46
222
122
-146
-325
-309
-115
174
311
384
314
116
-10
-41
197
498
690
692
473
302
216
275
446
695
908
957
822
510
329
337
606
956
1134
1082
718
363
250
403
705
907
852
625
349
110
50
132
312
447
416
255
0
-179
-201
-74
123
257
239
72
-88
-198
-140
37
214
343
314
161
43
-26
-33
105
147
242
213
-33
-227
-458
-456
-356
-340
-353
-304
-73
44
-93
-622
-878
-649
-241
114
83
281
509
375
-228
-877
-684
162
953
982
430
-240
-673
-704
-494
-27
294
274
-148
-790
-1191
-1266
-1006
-651
-433
-419
-559
-841
-1193
-1337
-1175
-712
-217
-81
-252
-570
-824
-864
-674
-270
87
207
48
-276
-483
-470
-270
-34
195
271
146
-46
-280
-324
-113
190
404
457
346
183
93
60
167
429
686
832
775
565
405
349
472
722
931
1004
839
579
425
426
558
685
706
639
473
259
126
88
135
210
201
156
86
-23
-69
-77
-39
96
161
194
186
102
83
116
213
319
399
430
404
309
168
112
139
266
338
256
116
-109
-380
-460
-392
2
512
572
257
-446
-829
-660
-211
260
609
928
959
543
-408
-928
-611
344
1273
1327
844
18
-704
-932
-717
-83
494
552
49
-728
-1380
-1506
-1182
-749
-337
-266
-423
-776
-1276
-1462
-1315
-793
-271
-78
-161
-460
-811
-1028
-929
-553
-53
236
123
-217
-636
-838
-694
-365
70
221
80
-237
-562
-608
-443
-125
169
341
290
99
-124
-203
-48
212
578
813
875
733
374
147
185
498
903
1099
982
650
289
88
175
412
646
663
432
130
-138
-201
-143
-57
35
40
43
-35
-156
-251
-274
-138
46
226
291
299
215
137
128
158
345
519
626
559
374
194
131
192
250
238
161
-29
-183
-265
-149
325
546
513
-44
-543
-481
-185
272
516
825
1027
918
264
-379
-399
120
964
1280
1198
751
50
-411
-651
-329
265
619
552
22
-654
-1109
-1173
-969
-533
-190
-79
-196
-689
-1067
-1248
-1083
-604
-253
-1
-18
-313
-669
-933
-931
-613
-176
110
174
-94
-547
-868
-992
-669
-236
46
61
-302
-612
-790
-715
-456
-156
135
224
130
-129
-321
-278
-43
273
522
726
715
584
316
87
195
408
674
766
680
511
262
79
-16
39
99
120
88
31
-60
-249
-404
-519
-440
-216
-34
62
-36
-163
-269
-267
-139
46
296
436
415
265
142
83
191
354
423
509
453
330
184
-42
-181
-241
-115
45
374
644
611
335
-313
-595
-457
98
680
1033
1235
1030
602
-51
-307
-2
738
1396
1442
1159
493
-17
-288
-317
64
513
817
632
28
-623
-931
-847
-581
-298
-100
72
-48
-415
-756
-980
-752
-415
-148
73
64
-76
-340
-624
-737
-582
-291
-1
121
-12
-236
-555
-785
-793
-667
-331
-122
-112
-266
-574
-728
-691
-506
-236
-41
14
-37
-179
-288
-213
-12
226
397
396
370
305
275
331
355
381
326
275
293
311
300
185
5
-151
-234
-239
-186
-140
-159
-262
-436
-555
-535
-373
-198
-155
-201
-234
-206
-129
-61
11
120
163
167
154
204
315
348
280
145
78
118
167
199
83
-89
-271
-353
-23
377
721
588
72
-324
-474
-239
190
831
1335
1482
957
102
-305
-195
541
1192
1501
1456
936
366
-172
-344
-100
365
739
773
402
-157
-503
-707
-607
-410
-174
159
190
40
-274
-566
-580
-495
-272
15
212
241
68
-274
-478
-437
-287
-36
67
61
20
-212
-374
-492
-503
-370
-358
-306
-257
-235
-248
-345
-427
-419
-348
-252
-126
-66
7
33
-5
15
-3
41
144
226
351
417
355
217
22
-102
-24
142
312
340
102
-215
-479
-556
-434
-321
-227
-247
-387
-544
-707
-696
-548
-370
-254
-221
-244
-252
-212
-202
-138
-128
-82
25
138
269
268
164
37
-58
-51
0
56
76
-1
-151
-324
-161
104
420
474
145
-73
-285
-241
-26
415
945
1264
1117
499
33
-165
199
704
1043
1254
1057
792
319
-125
-249
-84
346
602
525
208
-58
-293
-415
-465
-431
-91
101
184
103
-120
-164
-267
-276
-157
31
224
250
53
-162
-176
-92
86
130
59
49
-57
-96
-130
-132
-10
-21
-58
-170
-241
-204
-127
-56
-29
22
-4
-1
-63
-100
12
111
222
197
151
153
184
285
282
256
152
26
-65
-43
89
212
260
35
-273
-519
-579
-460
-361
-312
-374
-467
-574
-689
-700
-663
-556
-456
-364
-310
-279
-234
-256
-254
-317
-313
-221
-46
136
186
142
-10
-137
-214
-217
-139
-55
-33
-185
-373
-497
-367
-45
191
273
87
-111
-290
-336
-225
71
548
896
1005
716
360
135
103
324
544
831
991
967
733
351
88
-17
101
196
249
189
126
84
-41
-88
-174
-169
-139
-181
-159
-121
5
110
116
50
-60
-138
-197
-175
-145
13
169
242
249
95
-10
-71
-92
-42
20
147
296
365
317
188
47
1
56
161
325
393
411
328
183
143
181
297
379
359
277
268
284
285
222
88
30
-7
33
93
82
52
-106
-283
-381
-375
-301
-249
-313
-463
-571
-614
-542
-452
-378
-348
-392
-450
-508
-510
-408
-301
-234
-230
-283
-301
-280
-222
-175
-175
-185
-191
-204
-208
-242
-323
-389
-500
-549
-527
-384
-89
117
159
-59
-283
-397
-363
-258
-104
193
481
666
532
311
141
65
143
183
327
475
557
551
413
295
163
103
15
-68
-126
-113
27
113
168
94
0
-73
-184
-254
-266
-131
24
127
104
-10
-71
-135
-134
-145
-128
-66
-39
12
10
73
145
178
143
63
72
138
274
336
360
387
406
466
458
452
453
471
509
529
554
571
604
550
491
449
428
507
469
341
210
114
155
210
209
173
93
-18
-160
-288
-321
-230
-153
-163
-307
-483
-519
-482
-366
-286
-270
-286
-352
-430
-452
-379
-269
-171
-182
-217
-257
-263
-213
-205
-176
-139
-91
-45
-91
-209
-318
-370
-347
-302
-306
-332
-372
-403
-371
-317
-213
-144
-138
-215
-364
-490
-502
-344
-103
141
223
173
37
-104
-138
-130
-55
42
141
244
281
261
203
155
100
59
7
-8
40
67
122
101
62
48
25
49
23
-24
-110
-195
-250
-251
-164
-68
14
-30
-133
-254
-335
-328
-280
-178
-71
34
95
109
85
69
103
136
188
236
302
394
432
489
554
645
722
711
666
631
634
669
709
725
703
643
546
494
469
487
496
427
342
218
161
131
115
111
99
75
-8
-121
-224
-234
-188
-125
-97
-117
-152
-212
-253
-257
-255
-213
-179
-145
-108
-98
-114
-137
-151
-140
-93
-59
-40
-70
-139
-185
-198
-121
-15
14
-48
-215
-369
-449
-467
-445
-412
-365
-334
-336
-395
-477
-532
-558
-559
-568
-565
-517
-447
-396
-398
-383
-298
-166
-76
-102
-183
-245
-211
-99
51
202
312
346
252
63
-99
-105
41
207
256
166
22
-94
-147
-121
-31
61
59
-56
-218
-323
-327
-263
-224
-224
-237
-235
-190
-168
-166
-176
-169
-148
-145
-117
-45
38
105
129
131
165
207
259
317
375
458
558
619
662
663
655
663
627
592
572
612
687
732
707
627
552
501
505
514
522
504
449
400
330
297
297
303
295
252
187
128
81
21
11
20
66
108
98
69
25
-10
-30
-40
-58
-65
-64
-80
-114
-159
-166
-124
-80
-61
-122
-205
-263
-287
-279
-285
-313
-378
-418
-469
-511
-575
-649
-648
-609
-518
-480
-524
-594
-638
-619
-578
-526
-489
-433
-400
-401
-377
-324
-192
-65
11
11
-65
-135
-157
-96
17
145
212
201
105
-58
-166
-194
-134
-61
-54
-87
-136
-168
-174
-176
-156
-137
-142
-192
-252
-287
-283
-241
-216
-190
-199
-201
-192
-193
-181
-183
-157
-108
-59
-37
-29
-7
19
46
49
81
144
211
268
299
335
398
470
545
606
625
610
576
568
612
702
790
845
855
837
820
794
764
728
707
709
699
655
573
493
461
463
463
448
418
373
309
236
184
183
205
228
217
174
129
76
32
3
-9
-9
-42
-117
-205
-268
-279
-274
-285
-316
-355
-394
-424
-452
-463
-456
-453
-472
-514
-581
-631
-633
-603
-562
-525
-474
-408
-363
-369
-381
-382
-377
-385
-409
-382
-297
-194
-126
-112
-146
-173
-188
-189
-173
-170
-168
-174
-193
-191
-178
-134
-92
-116
-199
-301
-339
-305
-247
-241
-271
-317
-335
-323
-306
-264
-237
-228
-257
-306
-339
-347
-323
-297
-267
-238
-199
-156
-154
-175
-213
-217
-186
-158
-133
-124
-97
-60
-10
45
99
144
171
200
231
286
382
487
597
672
711
731
725
718
721
779
871
954
973
947
922
909
908
883
855
837
821
792
739
690
666
649
622
561
478
398
337
268
209
172
155
154
128
86
33
-13
-65
-141
-241
-328
-375
-381
-356
-339
-341
-354
-385
-421
-446
-444
-413
-372
-329
-312
-309
-322
-339
-336
-344
-334
-316
-306
-277
-248
-189
-130
-117
-144
-206
-275
-350
-388
-373
-270
-155
-128
-165
-249
-285
-275
-275
-272
-303
-335
-329
-305
-238
-174
-147
-162
-229
-328
-414
-454
-440
-396
-380
-352
-317
-304
-319
-378
-411
-397
-375
-370
-396
-419
-409
-367
-323
-277
-265
-272
-275
-300
-303
-291
-241
-166
-122
-108
-99
-63
-1
71
122
173
221
246
283
343
446
571
650
677
675
695
764
836
882
910
945
1005
1059
1078
1072
1054
1028
990
937
892
875
863
842
792
718
644
565
486
399
316
243
188
111
30
-37
-75
-66
-75
-108
-152
-189
-209
-247
-293
-317
-306
-280
-267
-258
-243
-203
-172
-172
-188
-196
-167
-128
-108
-115
-132
-157
-180
-204
-241
-256
-293
-312
-284
-233
-167
-198
-272
-366
-429
-476
-513
-473
-366
-197
-146
-194
-297
-383
-376
-379
-361
-346
-337
-302
-303
-285
-262
-223
-210
-251
-358
-514
-588
-600
-502
-413
-372
-338
-372
-430
-526
-577
-541
-468
-413
-415
-418
-422
-382
-342
-317
-299
-339
-346
-348
-316
-246
-170
-62
-9
-11
-33
-19
45
95
126
144
228
328
418
497
538
618
673
719
763
800
872
925
961
963
995
1063
1140
1177
1123
1062
975
903
852
816
844
854
808
697
560
446
367
306
243
203
140
86
31
-25
-31
-51
-61
-91
-138
-156
-152
-119
-93
-94
-128
-134
-131
-120
-97
-91
-65
-68
-95
-102
-90
-48
-32
-63
-129
-209
-290
-354
-399
-415
-432
-419
-339
-230
-164
-276
-454
-615
-675
-704
-671
-482
-176
131
106
-146
-482
-666
-633
-531
-326
-122
29
38
-119
-305
-429
-444
-412
-380
-409
-434
-366
-299
-252
-341
-462
-518
-562
-579
-591
-494
-316
-218
-284
-435
-534
-553
-525
-531
-503
-414
-344
-271
-259
-241
-211
-228
-234
-263
-234
-103
92
261
323
289
232
240
257
332
482
658
845
882
847
813
802
839
842
851
891
985
1071
1131
1114
996
879
737
671
667
714
823
840
748
560
372
284
265
278
298
314
281
231
133
36
11
-16
12
28
33
86
149
211
185
54
-77
-117
-96
-44
4
27
75
30
-76
-167
-218
-178
-161
-210
-278
-359
-407
-443
-506
-411
-236
-52
-80
-371
-641
-720
-619
-518
-357
-140
164
221
-141
-585
-862
-701
-356
-66
157
200
84
-228
-594
-769
-643
-332
-57
26
-162
-371
-501
-550
-555
-617
-544
-407
-340
-380
-487
-471
-425
-518
-720
-798
-665
-427
-281
-337
-423
-567
-701
-730
-661
-414
-166
-23
-19
-171
-299
-293
-127
57
184
244
317
392
362
355
399
549
693
731
747
782
823
813
753
703
754
844
947
1007
971
866
716
587
548
611
771
915
885
656
364
195
210
337
458
545
531
394
197
31
31
143
264
319
279
206
154
142
129
104
55
52
109
149
142
74
10
-53
-147
-196
-165
-40
30
-35
-212
-390
-485
-559
-425
-161
142
207
-153
-562
-800
-698
-482
-200
122
394
389
-148
-764
-1067
-747
-102
374
539
324
-92
-546
-859
-823
-445
47
363
288
-172
-686
-921
-851
-587
-400
-260
-132
-216
-501
-887
-1017
-811
-570
-484
-504
-505
-524
-653
-896
-983
-842
-617
-391
-318
-334
-417
-570
-628
-605
-451
-185
86
230
160
-42
-187
-113
30
224
433
620
777
697
509
404
425
593
735
812
857
868
824
755
665
582
618
699
834
899
835
740
576
416
324
359
540
717
705
529
306
137
109
173
309
480
543
473
288
79
3
62
213
342
343
261
184
110
64
36
40
129
179
118
19
-48
-30
-33
-124
-222
-231
-212
-124
9
127
174
-131
-487
-628
-455
-150
63
208
328
318
-89
-588
-805
-475
158
564
605
300
-166
-549
-718
-525
-58
363
496
239
-348
-890
-1011
-691
-161
109
12
-263
-633
-960
-1137
-985
-501
-109
-155
-553
-952
-1112
-1041
-929
-747
-506
-413
-467
-672
-858
-870
-792
-615
-426
-315
-265
-255
-279
-323
-385
-353
-109
164
288
257
139
127
163
215
408
659
847
796
532
338
364
535
748
908
939
872
641
413
371
499
763
935
886
662
376
215
246
372
490
557
523
408
224
51
60
204
361
408
315
213
158
124
110
111
145
227
248
196
130
73
90
128
110
87
77
82
76
-10
-100
-137
-120
-145
-99
51
267
328
-27
-446
-604
-327
52
260
335
404
376
-33
-527
-700
-212
537
898
692
102
-418
-629
-503
-98
361
603
468
-3
-614
-972
-813
-255
303
310
-154
-679
-946
-921
-795
-551
-209
-45
-305
-833
-1204
-1154
-835
-575
-454
-443
-558
-741
-958
-1021
-888
-663
-396
-252
-282
-483
-664
-668
-492
-304
-175
-24
74
56
-108
-246
-135
130
376
501
512
495
404
294
270
385
598
780
823
724
571
420
406
499
613
714
709
639
518
362
284
311
401
460
426
318
217
132
84
117
185
269
273
182
104
79
119
171
191
193
178
140
107
104
131
185
215
199
169
121
120
147
161
147
106
41
-11
-46
-84
25
224
414
353
-38
-387
-391
-27
307
424
372
343
247
-100
-387
-360
163
707
842
555
19
-406
-545
-265
240
622
587
209
-187
-502
-630
-530
-166
272
284
-124
-649
-856
-703
-492
-332
-237
-228
-433
-749
-967
-939
-718
-548
-448
-465
-644
-870
-1037
-956
-725
-533
-430
-409
-443
-607
-779
-811
-578
-257
-85
-62
-176
-276
-356
-334
-128
156
386
432
379
305
235
194
231
438
682
845
780
596
460
389
456
557
704
794
750
577
369
257
236
313
401
478
445
271
71
-46
-9
82
144
171
144
57
-58
-96
-18
81
98
41
41
76
81
18
-26
41
138
182
141
123
154
180
161
135
162
191
204
168
119
75
17
75
239
438
459
218
-52
-154
-12
175
347
451
488
374
43
-226
-269
14
367
556
499
184
-202
-488
-399
-3
397
460
147
-233
-503
-577
-509
-315
-57
15
-161
-487
-715
-753
-678
-518
-331
-172
-245
-531
-833
-916
-738
-528
-375
-340
-409
-571
-786
-867
-761
-526
-321
-242
-294
-470
-662
-748
-610
-315
-66
17
-82
-231
-355
-388
-255
15
300
403
318
148
23
8
77
271
511
685
656
464
284
241
343
466
582
621
599
506
380
310
288
332
379
405
383
314
244
180
127
73
61
139
249
289
194
50
-25
2
80
145
212
237
183
49
-47
5
157
292
306
249
190
174
201
250
320
354
324
258
227
258
311
340
329
292
254
242
268
294
295
268
234
213
173
116
74
81
104
83
21
-35
-52
-77
-155
-249
-294
-259
-212
-217
-297
-415
-517
-579
-583
-553
-506
-484
-511
-582
-662
-696
-674
-610
-563
-547
-564
-567
-538
-481
-421
-391
-372
-366
-353
-322
-261
-179
-109
-88
-119
-154
-160
-127
-70
-3
55
79
44
-23
-60
-21
63
122
143
125
102
50
-16
-65
-50
42
137
174
115
13
-75
-94
-40
57
147
171
126
42
5
46
138
216
238
235
232
229
212
218
270
343
370
335
299
305
339
347
330
336
375
415
428
405
362
307
267
274
332
391
394
354
300
269
255
272
312
347
331
272
236
247
279
283
276
274
265
220
176
181
214
203
133
77
82
99
60
-19
-72
-79
-80
-99
-113
-118
-153
-233
-307
-316
-275
-254
-270
-320
-389
-466
-521
-521
-482
-464
-495
-540
-561
-563
-579
-599
-589
-551
-523
-505
-488
-461
-445
-448
-415
-343
-275
-263
-293
-302
-264
-201
-134
-68
-23
-27
-72
-108
-71
19
92
120
107
87
55
30
46
100
145
129
62
2
-7
13
31
34
10
-29
-79
-115
-114
-86
-66
-65
-73
-86
-98
-102
-75
-27
-3
-11
-16
24
91
129
126
111
120
157
194
230
274
304
295
255
246
302
387
429
419
385
353
338
349
386
439
466
447
407
371
370
398
445
484
485
443
393
383
403
421
420
426
444
446
403
343
298
279
263
244
237
233
198
111
29
-5
2
6
-13
-61
-128
-217
-299
-323
-297
-269
-295
-370
-449
-493
-506
-490
-464
-451
-475
-530
-565
-552
-521
-516
-529
-527
-491
-457
-444
-435
-424
-422
-438
-436
-384
-305
-252
-236
-229
-210
-192
-183
-159
-108
-57
-31
-24
-6
27
34
8
-27
-27
10
46
57
46
23
-13
-48
-69
-67
-56
-53
-59
-74
-97
-124
-141
-135
-116
-98
-94
-97
-108
-119
-123
-116
-89
-58
-32
-11
9
30
32
28
41
91
156
197
205
198
202
211
224
252
296
345
366
359
341
338
357
382
405
418
430
437
441
442
441
444
451
469
486
495
490
481
472
460
451
452
453
448
421
383
352
329
314
291
256
206
162
132
117
101
74
34
-11
-60
-106
-142
-160
-166
-181
-215
-268
-318
-352
-365
-361
-357
-383
-430
-466
-475
-470
-473
-482
-475
-451
-437
-448
-464
-457
-427
-398
-377
-353
-320
-298
-300
-317
-317
-288
-237
-191
-159
-148
-159
-183
-198
-186
-144
-89
-55
-54
-88
-123
-134
-114
-84
-70
-67
-77
-92
-111
-123
-120
-106
-103
-118
-132
-123
-98
-88
-106
-125
-119
-98
-85
-82
-69
-40
-21
-29
-44
-32
2
40
59
65
62
65
76
103
138
164
175
173
179
195
231
280
324
336
309
287
301
349
396
421
433
433
416
379
361
392
459
508
495
446
402
392
403
416
422
425
413
375
323
280
270
284
293
271
224
176
152
143
140
132
128
115
80
31
-17
-36
-35
-34
-49
-78
-109
-147
-185
-210
-209
-188
-183
-207
-250
-281
-295
-290
-281
-273
-278
-302
-332
-352
-344
-326
-310
-305
-308
-325
-349
-361
-339
-297
-270
-274
-303
-322
-318
-292
-260
-235
-227
-239
-257
-267
-262
-250
-230
-207
-189
-201
-242
-282
-288
-254
-213
-188
-183
-195
-222
-260
-271
-229
-155
-99
-94
-120
-146
-152
-138
-104
-51
-5
5
-14
-31
-28
-5
20
44
70
97
113
121
128
137
150
174
206
240
258
264
269
281
293
299
312
348
398
418
395
353
332
353
391
425
451
462
440
384
325
309
348
407
433
409
352
295
257
245
259
279
287
264
217
166
135
126
124
116
99
88
88
79
49
10
-10
-1
17
22
14
-4
-27
-53
-74
-68
-38
-15
-23
-58
-95
-113
-101
-78
-51
-43
-59
-85
-102
-98
-85
-73
-70
-76
-90
-100
-103
-98
-93
-106
-128
-145
-156
-160
-157
-153
-160
-182
-211
-231
-241
-244
-251
-260
-269
-284
-309
-335
-353
-365
-375
-384
-387
-388
-397
-410
-417
-412
-403
-400
-398
-388
-373
-363
-358
-345
-324
-307
-297
-279
-252
-224
-205
-190
-167
-135
-102
-67
-25
16
41
55
69
92
130
183
238
272
278
266
263
284
321
366
406
426
419
395
381
395
424
446
448
436
424
411
396
382
377
377
371
350
323
295
272
256
243
231
211
183
153
131
111
97
89
86
82
68
42
12
-7
-14
-10
-8
-10
-21
-35
-40
-36
-27
-24
-18
-13
-15
-22
-24
-13
8
20
19
18
21
25
27
38
56
72
71
61
52
48
49
50
54
58
55
48
41
29
13
-12
-27
-29
-26
-27
-46
-81
-121
-154
-166
-160
-157
-175
-213
-259
-293
-316
-327
-326
-326
-342
-376
-413
-435
-441
-437
-433
-431
-432
-435
-440
-445
-441
-428
-408
-380
-352
-327
-317
-318
-310
-281
-232
-181
-146
-129
-123
-110
-82
-40
12
57
83
90
94
108
136
177
224
263
277
271
258
259
279
312
342
363
368
352
326
310
317
335
346
349
344
334
312
286
273
273
278
271
255
238
224
209
189
169
155
145
138
127
106
81
60
49
41
37
32
27
20
5
-14
-31
-34
-16
-1
-1
-11
-16
-17
-17
-15
-6
16
36
38
21
6
10
27
46
65
82
89
78
59
47
57
86
110
115
101
76
62
62
69
77
75
66
46
15
-16
-35
-32
-20
-21
-48
-91
-135
-165
-180
-182
-179
-186
-210
-250
-286
-308
-310
-303
-301
-305
-318
-335
-351
-355
-346
-330
-316
-310
-305
-298
-288
-278
-264
-244
-216
-188
-168
-154
-140
-123
-102
-83
-66
-46
-18
13
34
38
35
39
59
87
114
135
146
148
145
140
143
160
185
208
217
213
198
186
182
193
211
228
233
223
206
191
182
181
184
186
188
182
163
141
122
119
125
126
114
93
71
58
57
56
53
45
31
14
4
3
9
15
8
-5
-16
-19
-15
-7
1
4
3
-3
-8
-9
2
17
29
32
23
11
7
17
34
48
54
49
39
31
25
34
46
45
28
7
-3
1
10
8
-8
-33
-63
-83
-87
-77
-70
-84
-122
-166
-194
-193
-177
-163
-170
-200
-239
-268
-271
-251
-224
-212
-219
-241
-259
-258
-239
-212
-190
-181
-181
-179
-169
-154
-135
-116
-100
-90
-80
-65
-42
-18
-5
-4
-6
6
31
58
79
87
85
79
76
87
111
140
156
155
141
128
131
154
179
196
193
175
160
162
182
202
207
193
173
162
171
187
197
192
172
153
140
140
149
153
148
131
109
91
85
86
85
80
75
62
48
34
28
30
29
21
12
7
5
5
-5
-18
-25
-24
-18
-15
-16
-23
-31
-39
-41
-35
-23
-14
-18
-25
-31
-31
-29
-26
-22
-21
-26
-31
-36
-35
-34
-40
-47
-56
-59
-65
-76
-84
-90
-99
-112
-124
-132
-134
-140
-151
-164
-174
-178
-180
-182
-187
-193
-199
-199
-194
-188
-183
-179
-179
-179
-181
-172
-152
-131
-121
-123
-130
-127
-111
-88
-63
-44
-37
-40
-40
-30
-9
11
26
35
41
48
56
65
76
89
97
105
113
123
136
143
145
144
145
154
166
178
183
180
172
167
165
176
189
197
193
179
166
162
167
171
172
170
163
153
144
137
137
135
129
122
118
110
101
94
90
88
83
76
70
65
61
51
38
29
28
32
32
27
17
6
-2
-3
-4
-3
-3
-6
-10
-15
-22
-26
-30
-33
-35
-36
-42
-47
-54
-60
-66
-72
-76
-83
-87
-98
-109
-118
-127
-134
-139
-147
-154
-165
-173
-177
-185
-197
-207
-211
-212
-215
-218
-224
-225
-226
-228
-233
-232
-224
-217
-210
-207
-206
-203
-198
-187
-164
-142
-139
-143
-140
-127
-112
-101
-84
-60
-40
-40
-51
-50
-27
3
19
22
18
22
31
47
60
70
79
83
87
88
88
91
106
121
127
133
134
132
133
139
148
155
160
163
166
169
170
167
168
180
196
198
187
177
177
182
189
195
194
187
176
171
174
172
165
162
161
163
161
155
151
140
126
128
131
135
136
133
126
120
109
98
98
107
116
111
102
97
88
86
88
84
73
62
59
56
52
47
35
19
0
-22
-35
-33
-26
-34
-58
-90
-117
-136
-143
-143
-144
-152
-175
-199
-214
-221
-234
-244
-246
-250
-255
-264
-270
-273
-275
-276
-277
-273
-265
-261
-256
-255
-258
-260
-250
-231
-213
-208
-210
-209
-201
-190
-178
-163
-149
-147
-150
-147
-133
-111
-92
-83
-83
-86
-85
-75
-54
-33
-20
-20
-25
-26
-14
6
25
43
52
51
46
49
67
88
105
117
122
126
129
133
141
154
170
181
186
188
188
187
187
191
200
213
223
221
212
197
188
188
195
206
212
207
195
177
167
169
176
179
180
179
175
165
153
147
151
162
170
169
168
165
160
153
148
152
157
160
161
155
149
141
131
124
119
115
107
100
89
74
57
39
22
9
-3
-15
-30
-51
-70
-89
-107
-121
-132
-147
-163
-182
-200
-209
-214
-222
-233
-243
-252
-260
-267
-269
-268
-268
-271
-279
-283
-282
-274
-269
-266
-265
-265
-265
-263
-262
-257
-249
-242
-236
-233
-233
-235
-234
-226
-212
-201
-196
-195
-194
-187
-177
-166
-151
-138
-129
-122
-118
-112
-97
-82
-65
-50
-40
-31
-22
-9
7
23
40
52
65
75
84
94
103
117
131
144
154
157
162
169
176
185
190
195
201
206
211
209
211
213
215
218
223
227
227
225
224
224
226
230
233
235
235
229
222
222
230
237
237
232
222
215
215
218
220
219
211
202
192
183
176
171
166
156
143
129
118
107
97
85
68
51
38
29
20
11
-3
-21
-38
-52
-61
-66
-74
-84
-92
-103
-114
-123
-128
-133
-139
-146
-156
-161
-165
-165
-167
-172
-178
-184
-189
-187
-186
-184
-187
-191
-197
-200
-202
-201
-200
-202
-205
-209
-213
-212
-213
-212
-210
-209
-208
-210
-207
-203
-196
-193
-189
-184
-179
-176
-171
-162
-152
-143
-134
-126
-115
-107
-96
-85
-74
-64
-56
-44
-36
-24
-13
-3
7
18
30
39
48
59
72
82
92
99
104
110
115
122
130
142
150
154
155
156
163
170
180
188
193
195
195
198
201
205
209
212
213
213
212
212
212
214
216
214
212
206
200
193
188
184
183
178
168
157
149
142
135
125
115
106
98
84
75
65
56
47
38
30
22
12
4
-6
-14
-23
-32
-40
-45
-51
-57
-62
-67
-72
-75
-78
-83
-87
-90
-94
-97
-98
-100
-106
-115
-121
-123
-123
-123
-123
-128
-136
-147
-151
-150
-145
-147
-155
-164
-173
-176
-176
-173
-173
-176
-181
-188
-191
-189
-188
-187
-188
-189
-189
-189
-185
-181
-175
-170
-168
-165
-160
-149
-137
-128
-124
-122
-119
-109
-95
-80
-68
-60
-53
-46
-38
-24
-8
7
17
24
29
36
46
60
74
85
93
100
106
113
123
132
141
150
155
162
164
169
175
179
183
187
190
190
190
191
190
191
192
192
188
182
178
173
170
164
160
156
149
139
133
128
122
117
109
100
91
86
82
77
72
65
58
47
41
38
35
30
23
16
13
9
7
6
3
-3
-8
-14
-16
-16
-18
-19
-25
-30
-35
-38
-39
-42
-43
-46
-52
-60
-64
-68
-71
-74
-76
-79
-86
-93
-100
-103
-106
-106
-109
-115
-119
-126
-132
-138
-139
-139
-141
-143
-147
-152
-152
-152
-149
-145
-143
-145
-145
-144
-139
-134
-128
-125
-120
-117
-114
-110
-102
-90
-80
-71
-64
-58
-51
-42
-32
-20
-8
2
10
18
24
36
49
62
72
79
83
87
95
105
117
126
133
136
137
138
141
147
156
160
161
159
157
155
153
154
155
155
153
149
142
137
135
132
130
126
120
113
104
99
96
92
87
80
75
69
62
54
49
44
40
34
28
22
16
10
5
3
3
-1
-8
-15
-20
-21
-25
-26
-27
-33
-38
-44
-49
-51
-51
-54
-58
-62
-67
-71
-74
-75
-77
-79
-85
-90
-95
-95
-96
-96
-99
-107
-115
-119
-121
-122
-121
-125
-130
-133
-137
-137
-137
-135
-136
-138
-141
-144
-144
-139
-136
-132
-130
-130
-129
-127
-123
-117
-107
-103
-98
-92
-88
-83
-77
-67
-57
-51
-43
-36
-29
-17
-8
0
11
20
30
41
48
57
66
77
85
92
97
102
110
119
126
129
135
141
145
147
149
152
158
162
161
162
163
164
163
162
159
157
156
153
151
150
147
144
140
134
130
127
123
119
115
109
104
99
94
91
85
80
76
68
63
59
53
50
46
38
32
28
22
17
13
10
4
-2
-8
-14
-20
-25
-30
-36
-42
-45
-52
-58
-61
-65
-71
-77
-83
-88
-92
-95
-100
-103
-107
-112
-118
-121
-125
-128
-130
-134
-138
-142
-145
-148
-149
-150
-152
-154
-156
-155
-154
-155
-155
-154
-154
-152
-151
-148
-144
-140
-136
-132
-129
-125
-121
-115
-110
-104
-96
-91
-85
-77
-70
-64
-59
-51
-43
-35
-26
-19
-12
-6
1
7
15
23
30
38
45
51
54
59
64
69
75
81
86
91
96
99
102
106
110
117
121
123
125
126
127
129
134
137
137
137
137
137
140
144
144
144
142
139
139
138
140
141
140
138
134
129
126
123
122
120
118
113
108
104
102
100
96
93
86
80
74
68
63
61
56
51
43
35
28
22
15
10
5
-3
-10
-18
-25
-32
-38
-46
-55
-61
-67
-73
-83
-90
-95
-100
-107
-112
-117
-124
-131
-135
-140
-145
-148
-152
-157
-162
-165
-165
-168
-169
-170
-171
-174
-172
-172
-170
-166
-166
-165
-162
-160
-155
-146
-142
-136
-130
-127
-121
-114
-103
-95
-85
-79
-70
-63
-55
-46
-36
-26
-21
-15
-7
2
11
19
26
31
37
43
48
53
58
65
69
71
75
79
85
87
90
93
96
97
98
98
99
103
105
106
109
111
111
110
112
115
118
118
117
119
119
120
121
122
124
126
127
129
128
130
130
130
132
132
133
134
132
132
131
131
128
127
124
125
122
118
114
112
108
103
98
93
89
82
74
66
59
52
43
32
26
16
6
-5
-14
-22
-32
-42
-52
-63
-74
-84
-96
-105
-112
-120
-130
-140
-147
-156
-162
-169
-174
-181
-186
-191
-195
-196
-197
-200
-203
-204
-203
-204
-202
-198
-196
-193
-192
-190
-186
-178
-175
-168
-162
-157
-152
-145
-139
-131
-124
-118
-111
-102
-95
-89
-83
-76
-67
-61
-54
-49
-40
-33
-28
-22
-16
-9
-1
3
8
13
19
25
31
36
41
44
48
53
58
62
66
68
73
79
84
89
92
96
99
102
105
108
114
117
120
120
123
127
130
133
137
139
143
144
146
151
153
155
156
155
156
156
155
156
156
154
151
150
150
150
147
142
138
136
132
128
125
119
113
104
98
92
84
78
71
63
56
46
38
31
26
17
6
-3
-12
-19
-28
-35
-42
-49
-60
-68
-76
-81
-87
-95
-101
-109
-113
-118
-122
-125
-131
-135
-139
-141
-140
-142
-145
-148
-148
-145
-146
-146
-146
-144
-144
-144
-141
-137
-133
-131
-129
-128
-122
-118
-115
-111
-106
-101
-98
-96
-91
-85
-80
-78
-75
-71
-66
-60
-56
-52
-48
-47
-43
-37
-31
-27
-23
-22
-19
-13
-9
-3
0
4
8
9
13
19
24
28
32
34
38
42
48
54
60
64
66
70
76
81
87
90
93
98
101
105
112
119
122
122
123
127
132
136
140
141
143
143
142
144
147
146
145
142
140
138
138
135
133
130
124
119
114
109
104
99
92
85
80
72
65
60
52
44
35
26
20
13
7
-2
-11
-19
-27
-34
-38
-44
-54
-60
-68
-73
-76
-81
-85
-91
-96
-100
-104
-105
-104
-105
-109
-111
-113
-115
-115
-113
-112
-111
-112
-113
-112
-111
-111
-111
-109
-108
-107
-106
-104
-103
-103
-102
-101
-101
-98
-97
-95
-95
-95
-95
-93
-90
-89
-88
-89
-87
-86
-82
-78
-76
-75
-75
-72
-71
-68
-64
-59
-55
-52
-48
-44
-39
-36
-31
-27
-20
-14
-7
-1
6
11
18
24
29
39
49
56
61
64
71
79
86
93
101
108
113
118
124
133
137
141
145
148
151
155
158
160
161
160
157
158
159
159
159
154
150
147
144
140
135
129
124
118
112
108
100
93
85
77
68
60
52
44
37
27
16
6
1
-2
-9
-17
-25
-30
-36
-41
-47
-51
-55
-59
-64
-68
-70
-73
-77
-78
-79
-82
-84
-85
-85
-84
-85
-86
-85
-82
-81
-82
-81
-80
-78
-77
-75
-75
-76
-75
-74
-74
-74
-74
-75
-74
-75
-73
-74
-72
-70
-70
-70
-71
-70
-71
-70
-70
-71
-70
-70
-68
-67
-66
-65
-64
-63
-60
-59
-56
-53
-52
-49
-45
-40
-36
-33
-29
-26
-21
-16
-10
-2
3
8
11
16
22
28
34
40
46
53
56
62
67
74
79
85
91
94
99
103
105
109
110
113
114
117
119
119
120
119
118
118
115
114
113
110
109
104
100
96
93
88
81
77
72
68
64
59
53
48
41
35
31
26
21
17
12
6
0
-6
-10
-13
-15
-18
-22
-24
-28
-30
-33
-35
-37
-37
-38
-38
-39
-39
-41
-42
-42
-40
-40
-41
-42
-42
-43
-44
-44
-44
-45
-45
-46
-47
-49
-50
-50
-52
-53
-54
-54
-55
-56
-56
-58
-61
-64
-67
-68
-69
-70
-68
-67
-68
-70
-71
-71
-70
-70
-70
-68
-66
-65
-64
-62
-61
-60
-58
-55
-51
-47
-43
-42
-38
-34
-31
-29
-25
-19
-13
-9
-5
-1
6
12
16
20
25
29
33
39
44
48
51
54
58
63
67
67
70
73
76
77
76
78
78
79
80
77
74
74
72
69
66
67
66
63
60
58
56
51
45
40
38
34
30
26
24
20
16
12
8
7
4
1
-1
-1
-2
-4
-6
-7
-9
-11
-14
-14
-13
-13
-13
-15
-16
-16
-15
-14
-14
-12
-13
-13
-12
-9
-10
-12
-11
-11
-11
-12
-10
-10
-12
-15
-15
-13
-14
-15
-16
-18
-17
-18
-20
-23
-23
-22
-25
-29
-30
-31
-32
-36
-38
-39
-39
-40
-39
-39
-37
-38
-40
-41
-39
-38
-37
-40
-40
-35
-33
-33
-34
-32
-29
-26
-23
-21
-16
-10
-7
-5
-4
-2
2
5
8
12
15
16
19
23
25
26
30
33
34
36
40
43
44
44
45
46
45
45
43
45
45
42
41
41
42
40
39
38
34
35
30
28
27
25
22
20
18
16
14
12
9
6
3
1
0
-2
-2
-3
-4
-6
-7
-7
-8
-9
-10
-9
-8
-10
-10
-8
-7
-6
-6
-7
-5
-4
-4
-2
-2
-2
1
1
1
2
2
2
2
3
3
1
2
0
1
1
0
-2
-4
-4
-4
-7
-10
-11
-11
-12
-14
-16
-17
-18
-19
-22
-23
-24
-25
-24
-27
-27
-28
-28
-29
-30
-29
-28
-27
-28
-29
-26
-26
-25
-23
-23
-21
-20
-18
-18
-14
-11
-11
-9
-6
-5
-2
1
3
7
8
9
11
13
16
19
22
24
25
25
28
31
32
35
37
38
40
39
38
39
41
42
41
40
39
40
38
37
38
37
35
34
32
31
26
24
22
19
17
15
11
9
8
7
3
1
-1
-4
-7
-9
-11
-12
-14
-16
-17
-18
-20
-21
-21
-22
-23
-23
-23
-22
-22
-23
-23
-23
-24
-24
-23
-23
-21
-21
-21
-20
-19
-19
-19
-18
-18
-19
-19
-18
-17
-17
-18
-18
-18
-18
-19
-21
-21
-21
-21
-22
-23
-23
-24
-26
-26
-26
-28
-29
-29
-29
-29
-31
-32
-31
-30
-31
-30
-32
-32
-31
-30
-29
-29
-27
-25
-24
-23
-22
-20
-17
-15
-14
-11
-9
-7
-4
-3
-1
1
4
7
11
15
16
17
20
22
24
26
29
31
34
35
37
37
39
43
44
45
47
46
48
48
50
49
50
51
50
49
51
50
49
47
47
46
47
48
47
46
45
42
42
41
40
37
35
32
31
30
27
26
24
22
22
20
19
17
16
14
11
10
9
9
6
3
0
-3
-3
-5
-8
-10
-12
-15
-17
-19
-20
-22
-21
-24
-26
-26
-28
-29
-31
-33
-34
-36
-37
-39
-40
-41
-43
-45
-47
-46
-48
-49
-48
-50
-51
-49
-49
-49
-48
-49
-48
-49
-51
-49
-48
-49
-49
-47
-46
-45
-44
-43
-43
-44
-43
-40
-39
-38
-35
-32
-29
-27
-27
-23
-21
-19
-16
-14
-13
-9
-8
-7
-6
-5
-2
0
1
5
9
10
12
14
19
21
24
26
28
32
35
36
37
39
43
42
43
44
46
48
47
49
52
53
55
57
59
62
64
65
65
66
67
67
68
67
68
68
69
68
67
67
66
65
65
64
63
61
61
62
62
60
59
59
55
52
52
49
46
44
42
40
36
31
28
25
21
18
15
12
8
5
1
-3
-6
-10
-13
-17
-22
-27
-31
-35
-40
-43
-47
-50
-54
-57
-60
-64
-67
-70
-73
-76
-76
-78
-80
-83
-84
-86
-85
-88
-87
-87
-89
-89
-88
-89
-86
-84
-82
-80
-80
-79
-79
-76
-73
-72
-70
-68
-66
-62
-60
-57
-54
-53
-49
-45
-42
-38
-34
-31
-29
-27
-22
-18
-17
-13
-10
-8
-7
-6
-3
1
4
6
7
10
13
14
18
21
22
26
26
28
31
33
34
35
35
37
39
39
41
43
44
47
47
51
52
54
56
58
59
60
63
64
64
66
66
66
65
64
66
67
66
66
68
67
68
67
67
69
69
66
65
64
62
59
55
54
51
48
43
39
36
32
29
25
23
20
16
14
11
8
5
1
-2
-6
-11
-15
-20
-26
-30
-34
-37
-41
-46
-50
-52
-53
-55
-57
-58
-60
-59
-61
-63
-64
-64
-66
-67
-65
-67
-69
-72
-72
-72
-71
-70
-70
-67
-64
-63
-61
-57
-55
-52
-50
-47
-43
-42
-41
-41
-39
-37
-35
-33
-31
-28
-25
-24
-22
-19
-16
-14
-10
-5
-1
1
5
6
9
11
12
13
13
12
11
12
12
13
13
16
18
21
23
23
25
27
28
30
31
31
32
32
33
33
34
36
37
37
38
38
37
38
39
42
44
45
48
51
53
54
55
55
54
54
55
54
52
50
50
49
48
47
47
46
45
43
41
40
39
39
37
36
33
30
28
25
22
18
16
13
9
8
5
2
1
-2
-4
-5
-8
-10
-13
-16
-20
-23
-25
-26
-28
-29
-32
-33
-35
-36
-38
-38
-40
-42
-44
-46
-47
-46
-45
-46
-46
-46
-45
-43
-43
-42
-41
-40
-39
-38
-37
-35
-36
-35
-33
-32
-29
-27
-25
-24
-23
-21
-20
-19
-16
-15
-13
-12
-12
-9
-9
-8
-7
-5
-4
-4
-2
0
0
2
4
6
6
6
7
9
11
11
13
14
14
15
18
16
18
19
18
21
22
24
25
25
26
26
28
27
28
28
29
28
28
28
27
27
27
27
29
29
27
27
26
23
23
24
23
21
19
19
18
18
15
14
12
10
9
8
6
4
2
-1
-1
-1
-3
-4
-7
-10
-11
-10
-13
-13
-16
-18
-20
-21
-22
-24
-23
-23
-24
-24
-25
-28
-29
-29
-31
-30
-31
-30
-30
-31
-32
-32
-32
-33
-32
-31
-32
-33
-34
-33
-32
-31
-30
-28
-29
-28
-29
-29
-29
-30
-28
-26
-25
-23
-23
-23
-23
-21
-21
-21
-18
-18
-15
-13
-12
-11
-8
-7
-5
-3
-3
-2
0
1
1
3
4
6
8
10
12
14
15
19
21
21
24
24
24
26
27
28
30
33
33
34
35
37
39
39
38
39
41
42
43
47
46
45
46
46
44
45
47
47
45
44
42
42
43
41
40
38
39
39
36
35
35
33
30
28
27
25
23
22
19
16
13
13
11
9
5
2
0
-1
-1
-2
-3
-6
-7
-9
-10
-11
-13
-14
-16
-17
-18
-20
-21
-20
-22
-25
-25
-26
-27
-28
-27
-29
-30
-30
-30
-31
-30
-29
-31
-29
-30
-30
-30
-31
-30
-29
-30
-31
-29
-28
-29
-29
-30
-30
-30
-29
-29
-28
-28
-28
-29
-28
-26
-25
-24
-22
-21
-19
-18
-17
-16
-16
-14
-13
-12
-10
-11
-10
-7
-6
-4
-3
-2
2
2
3
4
6
7
9
13
15
15
16
17
20
22
22
23
23
22
24
25
25
26
26
25
27
28
30
31
32
34
34
34
34
33
35
34
34
33
32
31
31
29
28
28
25
25
23
22
20
19
18
17
17
15
15
13
11
10
8
7
4
1
-1
-3
-4
-7
-9
-10
-12
-11
-13
-13
-14
-15
-16
-18
-19
-20
-23
-25
-25
-25
-27
-28
-28
-27
-27
-29
-28
-28
-29
-28
-27
-27
-28
-30
-30
-30
-29
-29
-30
-29
-29
-28
-29
-29
-29
-29
-28
-27
-27
-25
-24
-22
-22
-21
-20
-21
-20
-19
-18
-17
-18
-19
-17
-16
-16
-15
-15
-13
-11
-10
-9
-6
-5
-4
-3
-1
-1
1
2
4
5
6
8
9
9
11
12
14
15
17
20
23
25
26
28
29
30
31
33
33
34
34
34
34
35
37
38
39
41
40
40
40
38
38
37
37
36
37
35
35
33
33
30
29
27
27
26
24
23
20
18
16
16
13
12
9
8
6
4
4
2
-1
-3
-6
-6
-8
-10
-12
-13
-14
-15
-18
-19
-19
-20
-21
-22
-25
-24
-24
-24
-25
-25
-26
-26
-27
-27
-28
-28
-29
-30
-30
-30
-30
-29
-28
-27
-27
-27
-27
-25
-24
-24
-25
-26
-25
-24
-23
-21
-22
-23
-22
-20
-19
-17
-17
-17
-14
-14
-13
-13
-10
-9
-8
-9
-9
-8
-7
-5
-4
-3
-2
-1
0
1
3
3
3
3
6
8
9
8
9
12
14
14
14
16
18
19
18
17
20
21
23
22
23
25
27
29
28
28
27
29
29
27
27
26
27
28
27
28
27
27
26
25
26
26
25
23
21
20
19
18
17
16
16
14
12
13
10
11
9
7
6
4
3
2
1
0
-1
-4
-6
-7
-7
-7
-8
-10
-11
-12
-14
-14
-16
-16
-17
-18
-19
-19
-19
-18
-20
-22
-22
-23
-23
-23
-21
-21
-22
-22
-22
-23
-21
-21
-20
-22
-21
-20
-20
-21
-21
-19
-20
-21
-19
-19
-17
-16
-16
-15
-17
-16
-15
-16
-15
-15
-14
-12
-12
-11
-10
-9
-9
-9
-7
-7
-6
-5
-4
-3
-2
-1
0
0
3
4
5
5
7
7
8
9
11
12
13
14
16
17
17
18
20
21
21
22
22
23
24
25
25
25
26
25
26
27
27
27
27
27
28
28
28
29
28
29
28
26
28
27
26
24
25
25
23
23
24
24
23
21
20
18
17
14
14
13
12
11
7
6
6
5
5
3
2
1
-1
-3
-4
-6
-7
-10
-11
-12
-12
-14
-14
-17
-19
-19
-20
-22
-22
-24
-24
-27
-28
-30
-30
-31
-32
-34
-36
-35
-36
-38
-38
-39
-37
-38
-40
-40
-39
-39
-41
-40
-40
-40
-41
-40
-40
-38
-39
-38
-36
-35
-33
-33
-33
-33
-31
-30
-30
-28
-26
-24
-23
-22
-21
-18
-15
-15
-14
-11
-9
-7
-4
-4
-2
1
0
3
6
9
10
13
15
17
19
21
24
26
26
27
30
33
37
38
39
41
42
42
43
45
48
48
48
50
51
50
52
52
53
52
52
53
53
52
51
51
52
52
50
49
49
49
46
43
42
43
43
40
38
36
35
33
31
30
28
25
23
21
19
19
15
12
10
8
6
3
0
0
-2
-6
-9
-11
-10
-11
-15
-19
-21
-22
-24
-26
-28
-29
-33
-34
-35
-36
-37
-37
-37
-40
-41
-44
-44
-43
-45
-46
-47
-47
-46
-47
-46
-46
-46
-45
-47
-45
-45
-44
-43
-43
-41
-39
-39
-38
-37
-35
-34
-34
-35
-30
-27
-26
-25
-22
-20
-17
-16
-14
-12
-10
-9
-10
-7
-4
-2
-1
1
2
6
7
9
10
12
13
14
15
17
17
19
20
22
22
23
24
25
25
25
26
24
25
26
27
27
27
26
25
25
25
26
26
25
25
25
25
25
25
24
23
23
22
20
19
20
18
17
17
18
17
19
18
18
18
16
16
15
14
14
11
11
10
10
9
7
7
5
4
4
2
2
0
-1
-1
-2
-3
-4
-5
-7
-7
-8
-9
-9
-10
-11
-13
-14
-17
-18
-17
-18
-18
-18
-19
-19
-19
-20
-20
-21
-21
-21
-20
-20
-20
-21
-22
-23
-24
-24
-23
-22
-22
-22
-22
-21
-21
-21
-20
-19
-17
-16
-16
-16
-15
-16
-16
-16
-17
-17
-17
-17
-16
-15
-15
-13
-13
-10
-9
-7
-6
-5
-5
-4
-3
-4
-4
-3
-3
-2
0
-1
1
2
2
2
4
5
6
8
9
9
10
11
10
11
10
11
11
11
13
12
13
14
14
14
15
15
15
17
16
17
17
16
16
14
15
15
15
15
15
16
16
17
17
17
16
16
14
14
14
13
12
11
11
10
9
11
11
10
10
10
10
9
7
7
6
6
6
5
4
5
4
4
3
3
2
3
2
2
1
1
0
-1
-2
0
0
-1
-1
-2
-3
-3
-3
-6
-5
-6
-5
-4
-5
-5
-3
-5
-5
-5
-5
-4
-6
-7
-6
-6
-4
-7
-8
-8
-6
-5
-6
-5
-4
-4
-3
-5
-5
-3
-3
-3
-3
-2
-2
-3
-2
0
0
0
0
1
3
3
3
2
2
3
3
2
2
1
3
3
2
2
2
2
3
3
1
2
3
3
2
0
0
0
2
0
0
1
0
0
0
1
1
-1
-1
-1
0
-1
-1
-1
0
0
-1
-1
0
-1
-1
-1
-1
0
0
0
-1
-1
0
0
0
-2
0
-1
-2
-2
-2
-3
-3
-2
-2
-2
-2
-3
-1
-2
-2
-2
-1
-2
-2
-1
-2
-2
-2
-3
-3
-2
-2
-3
-3
-4
-7
-6
-7
-6
-6
-7
-7
-7
-6
-5
-5
-5
-5
-5
-5
-5
-5
-6
-6
-5
-5
-4
-4
-3
-3
-3
-4
-3
-3
-4
-3
-4
-3
-3
-2
-1
-2
-1
0
1
2
1
2
3
3
3
5
5
6
7
6
7
6
6
6
6
7
7
5
6
5
6
6
6
6
6
5
4
4
3
4
4
4
4
4
4
3
3
5
6
4
4
3
3
3
2
3
4
3
3
2
2
2
1
1
0
0
0
-2
-2
-2
-2
-3
-3
-3
-2
-3
-4
-4
-5
-4
-4
-3
-3
-3
-3
-4
-3
-3
-4
-4
-5
-4
-4
-5
-6
-5
-6
-7
-8
-7
-8
-8
-8
-8
-6
-6
-6
-5
-6
-4
-4
-5
-5
-4
-5
-6
-5
-5
-5
-4
-5
-4
-2
-3
-2
-1
-1
-1
-2
-1
-1
-2
-2
-4
-3
-2
-1
-2
-2
0
0
-1
0
1
3
2
1
2
3
2
1
-1
0
1
1
1
1
5
5
5
7
8
9
8
7
8
8
8
7
7
7
8
10
8
9
11
12
12
12
14
15
14
15
15
15
14
14
12
12
12
11
9
10
10
9
10
8
11
10
10
10
9
8
7
5
4
3
2
0
-2
-1
-2
-3
-2
-2
-3
-3
-3
-3
-3
-3
-4
-5
-5
-5
-6
-7
-9
-9
-10
-10
-10
-11
-10
-9
-9
-11
-9
-8
-8
-6
-7
-7
-7
-8
-8
-6
-6
-7
-7
-7
-6
-5
-4
-5
-3
-3
-4
-4
-4
-3
-2
-2
-4
-3
-3
-2
-2
-3
-3
-4
-4
-4
-4
-2
-4
-4
-4
-2
-2
-3
-2
-1
-2
-2
-4
-2
-1
-1
-2
-3
-2
-1
0
-1
1
0
-1
-1
0
1
1
1
1
2
2
2
2
3
4
4
3
4
6
7
7
7
7
9
9
9
10
10
9
8
8
8
10
10
9
10
10
