0
0
0
-1
0
0
0
0
1
0
0
0
-1
0
-1
-1
-2
-2
-2
-2
-2
-2
-2
-2
-1
-2
-2
-2
-3
-2
-3
-3
-4
-4
-5
-5
-5
-5
-5
-3
-4
-3
-3
-3
-2
-2
-2
-3
-3
-4
-3
-4
-3
-4
-4
-2
-2
-1
-2
-1
1
0
0
1
1
1
1
-1
0
0
0
0
0
1
2
2
2
2
2
2
1
2
3
3
3
3
2
2
2
2
2
2
2
3
3
3
4
4
4
4
3
3
3
3
1
1
1
3
3
4
5
7
7
9
9
10
12
13
16
16
16
17
18
21
23
22
22
23
24
27
28
28
28
29
27
28
28
28
29
27
26
24
23
23
21
19
17
16
14
14
11
10
6
4
4
2
0
-3
-4
-9
-9
-12
-15
-13
-16
-19
-21
-23
-25
-27
-25
-27
-29
-30
-32
-34
-31
-32
-33
-34
-34
-33
-31
-31
-33
-35
-31
-31
-31
-30
-32
-30
-30
-32
-31
-30
-29
-28
-30
-29
-32
-33
-32
-34
-34
-34
-35
-34
-35
-36
-36
-37
-37
-40
-39
-38
-38
-38
-38
-40
-39
-38
-34
-31
-29
-26
-25
-21
-17
-13
-7
-1
5
9
15
19
24
27
33
40
45
49
52
55
59
60
62
65
64
64
64
64
62
59
57
55
52
51
50
49
48
45
42
39
39
36
37
36
34
35
34
33
35
36
36
39
40
41
43
43
44
44
46
46
44
44
42
42
41
43
43
40
43
42
43
41
40
41
40
42
42
37
41
39
35
36
29
30
32
23
24
14
14
6
-5
-2
-15
-22
-24
-35
-44
-46
-56
-63
-68
-77
-77
-91
-81
-97
-101
-93
-109
-95
-107
-102
-99
-108
-98
-106
-98
-98
-103
-93
-94
-95
-92
-95
-95
-98
-102
-100
-103
-101
-102
-97
-96
-97
-94
-93
-90
-87
-83
-83
-71
-62
-59
-46
-40
-29
-23
-18
-9
0
9
16
26
35
40
47
50
54
56
58
63
64
67
68
69
70
66
65
64
65
65
65
65
68
67
63
59
57
53
49
49
47
41
38
38
34
29
27
26
27
23
21
24
22
22
19
18
23
22
25
31
39
43
46
56
70
76
81
91
102
109
113
119
125
133
134
136
134
129
131
129
134
131
125
123
118
114
101
90
80
71
70
54
57
38
27
21
-1
5
-15
-16
-23
-33
-36
-49
-55
-72
-76
-86
-83
-90
-115
-104
-116
-120
-127
-145
-123
-147
-141
-131
-148
-124
-141
-142
-127
-130
-124
-119
-119
-112
-113
-119
-99
-113
-108
-103
-107
-83
-101
-96
-80
-103
-97
-90
-99
-94
-96
-90
-87
-90
-96
-100
-88
-90
-90
-79
-71
-71
-63
-53
-49
-36
-34
-29
-16
-8
2
9
17
24
27
37
44
46
52
56
60
68
73
78
85
87
89
94
98
102
104
107
110
116
112
110
114
111
107
107
108
102
101
96
92
90
84
79
73
73
71
68
61
60
58
56
55
52
50
52
52
53
55
54
57
57
64
71
66
85
84
80
92
89
93
95
97
97
99
100
96
91
93
89
77
76
73
69
61
56
43
42
30
16
12
2
5
-3
-30
-32
-25
-64
-43
-73
-91
-66
-105
-72
-132
-120
-104
-146
-126
-154
-130
-157
-146
-158
-151
-144
-192
-139
-155
-143
-155
-158
-126
-140
-131
-152
-129
-120
-121
-123
-105
-99
-122
-99
-89
-98
-93
-82
-81
-69
-83
-79
-72
-75
-72
-78
-52
-64
-64
-50
-55
-52
-49
-39
-37
-20
-23
-18
-3
-1
5
3
14
24
32
42
46
58
64
59
77
85
84
89
95
105
109
114
109
112
114
118
126
125
124
116
124
122
117
113
104
107
103
96
96
94
78
68
68
65
56
47
43
44
43
37
34
29
28
24
24
22
24
28
19
40
34
24
38
32
38
39
52
54
49
62
62
71
66
66
68
79
83
71
93
88
83
85
70
73
63
70
57
57
54
29
41
31
1
-6
11
-13
-42
-22
-24
-46
-54
-98
-73
-58
-98
-113
-139
-83
-109
-164
-141
-151
-140
-130
-172
-170
-130
-165
-152
-167
-166
-125
-160
-125
-145
-133
-108
-133
-119
-134
-107
-95
-97
-96
-90
-76
-66
-76
-85
-66
-67
-57
-59
-59
-52
-55
-49
-36
-51
-62
-43
-32
-30
-45
-43
-33
-19
-11
-26
-10
7
11
7
7
29
41
33
42
59
73
80
70
79
96
93
97
97
104
117
117
118
119
128
129
116
117
123
120
110
109
100
102
101
85
84
72
76
70
59
53
40
42
31
29
31
23
21
19
13
9
25
19
2
11
24
23
18
8
22
41
49
44
38
50
63
69
63
62
57
76
89
86
96
89
104
109
102
94
86
94
80
88
102
87
80
77
53
51
47
17
21
15
22
6
-13
-15
-48
-42
-42
-71
-64
-84
-93
-86
-121
-117
-142
-134
-137
-151
-121
-156
-156
-164
-161
-147
-159
-169
-152
-137
-118
-149
-158
-139
-138
-120
-125
-115
-123
-93
-106
-92
-122
-101
-61
-97
-54
-94
-40
-65
-76
-58
-81
-25
-66
-39
-42
-34
-28
-29
-27
-43
-21
-32
3
-9
0
4
10
28
16
17
21
45
34
48
54
69
69
66
72
65
88
78
78
73
85
93
81
78
71
86
78
77
72
62
68
60
56
47
39
44
34
26
29
27
19
7
9
7
7
4
-2
-2
10
21
5
14
15
20
23
18
28
27
41
56
54
57
70
64
86
78
74
91
87
110
90
113
114
110
117
104
117
114
114
99
106
107
104
90
91
82
66
77
45
60
58
16
33
6
3
14
-34
-13
-38
-24
-20
-85
-48
-73
-78
-67
-107
-105
-97
-87
-97
-124
-103
-109
-124
-104
-115
-116
-124
-106
-105
-98
-123
-103
-81
-117
-70
-112
-75
-82
-112
-60
-99
-57
-76
-86
-52
-80
-71
-78
-90
-81
-78
-88
-66
-70
-92
-78
-74
-70
-85
-102
-68
-80
-79
-60
-91
-58
-53
-60
-50
-64
-37
-35
-30
-13
-19
1
16
17
29
30
36
52
50
57
65
64
77
78
78
87
80
79
87
88
79
68
68
71
59
57
49
44
48
33
30
29
28
31
16
27
32
29
27
36
40
38
45
31
49
41
47
56
42
66
67
72
77
84
91
84
98
88
100
127
108
118
126
135
141
126
134
140
154
151
139
150
158
142
119
133
141
126
120
116
98
88
108
72
24
41
53
50
-4
14
-14
-36
2
-63
-63
-75
-61
-75
-85
-68
-120
-122
-115
-115
-147
-133
-125
-118
-133
-147
-122
-141
-129
-148
-150
-137
-117
-121
-144
-136
-135
-120
-120
-109
-142
-136
-78
-103
-132
-125
-94
-122
-110
-87
-125
-91
-100
-117
-113
-93
-88
-128
-104
-87
-97
-94
-101
-106
-98
-88
-86
-75
-65
-74
-56
-46
-51
-38
-44
-29
-20
10
16
-7
29
24
27
41
32
37
44
57
61
59
51
55
66
55
48
52
54
51
35
42
37
40
41
24
40
39
34
27
32
42
39
51
50
57
61
72
74
74
71
96
102
88
110
107
133
135
116
144
143
151
156
137
168
178
178
189
163
184
195
185
188
179
186
194
184
186
180
155
157
154
156
134
113
106
113
104
58
46
45
42
25
-4
-20
10
-26
-60
-58
-61
-59
-104
-89
-79
-117
-75
-109
-143
-85
-127
-109
-160
-149
-86
-162
-112
-152
-156
-109
-147
-133
-158
-162
-136
-140
-165
-144
-148
-173
-155
-152
-135
-166
-179
-152
-167
-141
-156
-206
-169
-170
-178
-174
-194
-173
-171
-177
-178
-167
-163
-178
-170
-144
-135
-147
-113
-112
-111
-86
-90
-64
-37
-36
-23
-5
28
35
29
41
51
85
80
71
93
89
89
96
99
95
101
98
91
93
91
91
69
65
62
67
77
61
66
63
60
69
67
64
53
66
89
97
86
86
93
109
110
108
112
119
136
117
116
128
149
140
140
167
163
179
195
190
203
200
202
222
236
246
228
245
273
283
257
228
222
238
249
218
212
179
183
177
140
114
79
71
54
53
42
4
0
-5
-36
-58
-76
-68
-67
-103
-107
-127
-107
-92
-174
-173
-160
-118
-122
-218
-211
-181
-146
-163
-245
-242
-203
-171
-196
-227
-210
-207
-184
-199
-215
-238
-227
-196
-200
-150
-205
-220
-166
-214
-232
-241
-202
-180
-229
-212
-212
-190
-187
-248
-233
-211
-172
-173
-205
-202
-177
-126
-133
-135
-130
-103
-61
-45
-28
-43
-4
25
16
60
54
62
87
85
101
95
98
104
95
107
101
95
109
89
77
84
64
71
71
65
66
53
51
34
28
14
17
36
50
67
69
61
41
64
67
65
83
82
123
138
142
137
129
158
161
165
164
179
201
213
218
219
264
271
264
252
244
276
277
281
287
300
313
304
301
289
266
255
265
262
256
218
191
198
169
157
124
92
74
43
33
23
-4
-33
-54
-60
-50
-88
-114
-118
-153
-147
-163
-177
-145
-173
-180
-175
-192
-185
-213
-228
-210
-206
-192
-194
-206
-204
-225
-235
-217
-244
-259
-232
-235
-230
-231
-258
-278
-291
-271
-273
-294
-289
-301
-280
-272
-309
-313
-288
-257
-252
-247
-249
-237
-222
-217
-189
-182
-143
-111
-82
-46
-46
-19
-1
32
60
62
96
126
129
123
126
134
136
127
113
115
132
119
95
84
80
84
60
34
22
21
15
-13
-21
-20
-24
-21
-28
-29
-31
-35
-26
-21
-9
-3
8
17
32
53
58
74
87
107
116
131
168
170
181
200
219
246
249
261
281
298
321
331
344
361
386
397
402
377
369
374
372
371
350
383
382
389
343
296
289
254
261
206
199
194
158
141
98
66
24
2
-17
-32
-44
-55
-78
-97
-106
-125
-131
-139
-144
-161
-182
-190
-196
-230
-243
-242
-216
-190
-223
-233
-254
-260
-271
-299
-275
-260
-259
-263
-285
-300
-311
-347
-374
-363
-343
-336
-338
-347
-382
-402
-394
-374
-349
-360
-337
-302
-251
-233
-270
-259
-230
-144
-90
-57
-39
-14
62
102
125
118
138
167
208
221
207
208
193
202
176
161
129
87
69
36
47
38
3
-30
-59
-63
-62
-82
-119
-145
-139
-119
-112
-117
-118
-103
-86
-73
-79
-69
-37
-19
-8
23
64
91
99
103
115
141
169
173
192
212
229
241
255
275
273
274
279
290
295
309
316
311
339
358
392
384
360
355
345
361
360
368
370
388
398
386
359
316
286
258
254
228
208
188
158
118
58
17
-14
-51
-86
-112
-122
-115
-127
-142
-162
-186
-181
-191
-202
-207
-221
-206
-189
-184
-180
-180
-170
-168
-179
-181
-197
-214
-214
-228
-242
-258
-275
-318
-363
-412
-439
-458
-495
-538
-589
-581
-552
-511
-493
-488
-443
-391
-351
-345
-336
-304
-225
-109
-10
52
96
134
193
240
250
253
256
306
335
349
338
293
249
182
145
86
38
-15
-60
-70
-97
-100
-129
-168
-207
-232
-206
-204
-215
-221
-192
-138
-94
-65
-52
-14
8
28
53
69
115
127
151
193
219
239
216
186
176
171
164
160
153
153
149
154
150
137
127
99
90
106
146
163
167
210
242
328
392
421
419
372
403
409
437
419
438
510
536
558
469
422
330
268
230
190
187
123
118
57
5
-71
-144
-185
-245
-249
-247
-215
-214
-206
-174
-138
-110
-111
-105
-99
-93
-66
-33
-6
14
38
57
42
11
-29
-68
-132
-183
-212
-257
-301
-352
-398
-459
-536
-606
-658
-727
-811
-856
-804
-691
-646
-613
-552
-441
-332
-304
-297
-260
-150
-10
105
172
246
349
443
498
467
429
395
379
350
316
296
253
205
120
51
-50
-167
-262
-352
-374
-380
-364
-350
-341
-293
-249
-214
-205
-196
-151
-74
8
87
170
244
324
374
394
393
383
381
360
327
306
323
315
269
209
149
97
21
-43
-112
-156
-171
-172
-139
-125
-88
-68
-52
-24
9
78
123
164
287
479
631
669
639
638
637
592
510
484
532
595
589
516
427
300
196
69
-40
-122
-169
-189
-240
-296
-340
-343
-355
-360
-355
-307
-261
-229
-154
-55
54
120
186
242
277
276
252
199
150
153
165
165
100
56
24
-50
-182
-349
-476
-559
-604
-657
-688
-710
-734
-756
-804
-847
-910
-926
-880
-778
-645
-503
-339
-194
-82
8
103
158
172
199
288
383
442
461
478
510
498
447
342
224
111
17
-62
-127
-182
-235
-267
-323
-387
-443
-477
-495
-502
-451
-347
-233
-139
-44
67
158
219
270
320
358
390
436
478
506
519
516
484
420
356
296
206
89
17
-23
-60
-118
-165
-184
-213
-224
-236
-240
-229
-203
-143
-83
7
99
185
259
330
406
483
547
585
664
744
765
712
626
550
470
376
288
221
176
139
60
-23
-124
-202
-252
-296
-313
-335
-326
-315
-294
-261
-219
-154
-91
-36
24
101
160
210
250
300
345
359
354
315
252
168
91
11
-73
-147
-181
-206
-268
-330
-376
-420
-497
-559
-591
-613
-635
-631
-622
-627
-610
-589
-573
-618
-625
-555
-462
-354
-241
-96
31
118
160
179
178
184
214
235
264
274
299
316
302
276
231
179
103
10
-71
-139
-216
-275
-303
-322
-337
-352
-346
-334
-321
-267
-187
-111
-64
17
128
213
258
295
350
384
404
420
428
411
383
370
335
282
239
197
125
53
-8
-45
-86
-134
-163
-177
-168
-153
-130
-104
-50
23
74
120
173
250
306
349
386
423
467
484
505
511
543
609
622
557
438
338
241
130
21
-46
-36
-13
-24
-82
-132
-181
-207
-220
-236
-232
-222
-176
-140
-111
-86
-23
39
64
86
114
137
116
111
114
123
128
129
108
53
-10
-78
-152
-236
-276
-290
-298
-306
-315
-314
-329
-365
-415
-476
-524
-537
-542
-558
-594
-585
-561
-580
-636
-677
-631
-553
-460
-342
-195
-45
77
165
206
235
260
286
315
348
374
387
394
389
368
331
259
164
57
-39
-144
-259
-345
-410
-437
-454
-446
-415
-377
-309
-225
-132
-46
42
134
228
315
380
435
483
528
558
572
566
551
506
440
361
270
191
109
27
-70
-145
-179
-187
-191
-206
-200
-179
-138
-104
-53
20
95
180
264
356
439
513
560
578
572
564
577
593
571
528
499
449
353
223
100
-2
-72
-136
-199
-239
-240
-229
-234
-238
-230
-192
-160
-153
-154
-123
-84
-56
-28
9
66
112
133
122
103
84
59
14
-32
-66
-82
-98
-143
-179
-219
-262
-311
-357
-358
-357
-343
-330
-314
-299
-308
-320
-342
-377
-414
-447
-493
-543
-584
-603
-616
-647
-667
-675
-633
-571
-462
-310
-142
3
84
161
213
282
302
299
316
365
414
391
351
305
302
275
213
122
33
-46
-149
-250
-366
-429
-448
-423
-389
-333
-225
-76
73
180
298
409
499
529
529
523
511
503
474
452
430
430
418
380
312
238
162
62
-28
-110
-165
-198
-198
-161
-100
-14
81
156
199
247
309
359
384
405
435
459
472
477
474
449
410
362
307
236
157
114
87
81
96
106
96
56
31
12
-10
-32
-38
0
51
57
22
7
-4
-3
-21
-52
-98
-131
-141
-165
-192
-237
-249
-233
-211
-217
-212
-198
-189
-174
-158
-110
-74
-52
-64
-82
-106
-138
-171
-220
-247
-268
-291
-331
-376
-428
-488
-557
-643
-717
-779
-827
-877
-912
-942
-957
-920
-825
-673
-505
-312
-84
134
287
351
395
459
509
520
503
485
456
397
307
203
114
34
-23
-77
-160
-247
-313
-360
-414
-468
-486
-435
-343
-254
-140
15
205
390
546
674
756
795
785
738
648
539
441
359
293
229
197
193
190
163
125
102
77
43
-6
-38
-24
8
62
136
233
349
450
525
568
587
604
598
552
466
381
318
276
230
178
161
194
256
284
272
258
247
221
165
94
51
51
64
63
48
41
62
103
105
50
-32
-102
-158
-235
-336
-418
-442
-429
-419
-415
-391
-334
-263
-220
-201
-174
-128
-95
-88
-101
-104
-73
-50
-69
-104
-127
-144
-177
-238
-308
-372
-425
-485
-558
-617
-660
-694
-725
-764
-804
-820
-832
-866
-904
-916
-875
-775
-630
-484
-321
-91
162
362
458
474
497
537
515
426
339
276
210
124
25
-64
-119
-153
-188
-246
-317
-363
-360
-357
-388
-403
-352
-243
-121
-16
94
243
425
585
700
775
815
823
790
699
572
450
337
223
119
46
36
66
104
154
209
252
282
309
318
294
267
259
273
310
368
425
490
544
576
609
608
572
506
423
338
249
173
115
88
82
105
201
333
425
450
443
436
409
335
223
129
91
70
29
-25
-61
-71
-60
-73
-144
-231
-301
-354
-422
-518
-594
-596
-533
-455
-368
-276
-172
-64
21
59
63
55
40
16
-39
-106
-149
-172
-212
-273
-324
-349
-353
-385
-459
-544
-607
-653
-698
-742
-777
-797
-821
-844
-837
-832
-858
-871
-810
-675
-520
-359
-179
16
189
317
406
464
476
467
450
393
273
132
29
-60
-156
-241
-286
-291
-282
-281
-292
-304
-313
-303
-281
-263
-245
-203
-105
21
151
283
424
558
650
707
736
714
637
532
426
310
186
84
25
11
26
61
129
220
312
378
425
462
484
485
459
426
391
370
370
383
406
431
459
474
478
476
463
428
372
317
274
234
211
202
206
234
299
394
513
610
618
560
484
391
259
99
-60
-161
-199
-250
-323
-359
-366
-354
-315
-301
-332
-357
-361
-365
-382
-423
-441
-360
-240
-153
-69
21
89
124
126
96
43
-36
-128
-214
-296
-380
-447
-494
-537
-550
-522
-500
-506
-532
-563
-605
-658
-712
-749
-774
-790
-783
-769
-784
-801
-754
-637
-509
-362
-142
109
247
251
262
356
426
385
322
303
279
187
62
-64
-197
-290
-300
-275
-311
-374
-354
-265
-239
-307
-324
-234
-133
-92
-60
20
124
252
406
523
557
573
647
702
634
492
390
317
208
80
3
0
18
48
107
200
296
381
453
499
506
483
463
433
382
321
296
305
317
343
393
459
499
508
506
498
492
468
420
379
369
386
397
407
442
494
526
512
471
408
324
223
122
35
-54
-154
-242
-295
-331
-355
-346
-332
-329
-333
-329
-306
-293
-306
-318
-306
-285
-252
-190
-126
-77
-29
14
34
15
-33
-82
-152
-253
-345
-409
-472
-538
-575
-574
-552
-528
-512
-483
-453
-446
-474
-527
-591
-636
-660
-694
-746
-817
-846
-782
-653
-496
-298
-42
184
327
409
469
504
469
403
346
274
149
5
-106
-204
-287
-324
-301
-275
-279
-264
-211
-182
-232
-279
-250
-198
-181
-167
-91
26
148
287
434
544
599
635
655
612
496
371
276
173
48
-57
-97
-96
-80
-41
37
145
257
362
462
525
547
551
545
509
441
372
324
296
274
267
287
341
403
451
481
498
508
499
471
437
403
377
370
380
392
415
448
470
457
408
351
285
196
89
-17
-101
-179
-250
-306
-342
-363
-378
-367
-324
-294
-300
-305
-278
-251
-255
-265
-243
-207
-166
-123
-92
-81
-91
-97
-108
-143
-204
-270
-321
-365
-412
-456
-482
-501
-515
-518
-510
-502
-494
-485
-487
-519
-586
-635
-651
-666
-708
-760
-779
-730
-626
-514
-374
-169
64
246
359
445
516
541
500
442
390
293
134
-17
-139
-258
-348
-364
-326
-293
-267
-204
-124
-96
-128
-119
-72
-62
-84
-66
13
107
218
350
471
546
593
641
645
562
427
307
190
36
-100
-162
-168
-154
-115
-34
85
216
335
435
498
514
514
504
467
399
325
269
238
221
209
220
264
310
351
386
426
464
483
476
454
448
452
461
459
436
408
389
376
336
274
216
183
153
86
3
-65
-125
-180
-223
-250
-277
-300
-306
-302
-298
-306
-312
-302
-271
-246
-240
-243
-233
-203
-165
-132
-114
-111
-125
-148
-181
-230
-288
-348
-399
-436
-452
-460
-458
-449
-450
-457
-455
-446
-446
-467
-516
-579
-621
-654
-695
-756
-830
-860
-802
-670
-523
-341
-95
152
321
391
437
494
530
517
479
410
276
127
19
-83
-209
-308
-324
-287
-258
-247
-205
-133
-83
-46
10
71
84
85
121
165
202
260
367
463
509
541
585
602
555
483
397
277
146
33
-44
-103
-138
-128
-63
35
139
262
404
521
578
590
586
558
486
376
270
188
131
97
92
120
174
251
330
395
437
458
463
453
423
372
325
296
289
313
357
376
363
343
318
258
167
69
-11
-59
-122
-216
-287
-326
-342
-342
-336
-336
-323
-295
-275
-262
-263
-287
-293
-273
-257
-239
-225
-218
-196
-157
-127
-128
-150
-188
-228
-263
-326
-398
-462
-510
-542
-554
-552
-540
-520
-515
-519
-516
-525
-564
-621
-665
-716
-780
-842
-862
-801
-685
-535
-331
-88
120
275
402
498
552
556
525
470
378
233
87
-25
-136
-247
-295
-278
-247
-208
-155
-82
-23
4
36
85
123
130
145
182
214
270
357
449
518
557
585
604
592
529
446
359
243
130
46
1
-27
-42
-14
56
155
252
358
472
558
596
601
590
559
500
418
331
247
174
128
120
136
166
220
290
365
428
466
497
535
563
558
511
452
392
332
273
211
165
146
137
113
69
12
-44
-88
-138
-203
-275
-333
-371
-404
-442
-474
-472
-447
-416
-391
-373
-352
-324
-291
-266
-252
-247
-246
-246
-254
-278
-316
-352
-375
-402
-441
-480
-500
-498
-489
-482
-479
-478
-481
-496
-517
-553
-600
-652
-711
-767
-829
-903
-925
-861
-736
-565
-341
-94
125
293
403
486
554
580
563
516
413
258
101
-33
-155
-252
-313
-325
-286
-221
-156
-90
-36
7
57
107
128
120
111
115
147
213
292
374
457
532
607
654
646
594
526
436
315
179
55
-39
-85
-87
-51
21
129
262
403
544
666
745
776
770
723
641
536
430
339
256
193
163
161
187
235
282
327
390
460
518
545
548
553
567
560
519
458
376
284
198
121
65
29
0
-15
-41
-84
-114
-135
-175
-229
-275
-318
-358
-404
-462
-512
-532
-530
-511
-479
-456
-420
-366
-315
-277
-248
-234
-240
-251
-278
-328
-394
-457
-498
-521
-541
-544
-521
-499
-493
-492
-495
-518
-571
-640
-699
-741
-792
-873
-965
-1021
-987
-860
-688
-492
-251
18
239
384
470
544
595
598
542
430
265
84
-53
-167
-301
-404
-422
-374
-323
-280
-219
-136
-44
31
99
149
168
194
235
260
266
305
363
415
456
493
538
558
534
479
405
306
200
111
11
-79
-123
-111
-60
22
148
296
454
604
744
850
892
887
851
784
677
561
456
355
268
214
212
247
294
352
418
497
587
691
760
770
749
701
638
547
438
333
246
164
94
54
19
0
18
43
42
26
9
-15
-68
-165
-284
-375
-440
-499
-555
-597
-616
-599
-562
-535
-497
-442
-386
-359
-356
-377
-402
-431
-474
-522
-572
-619
-631
-605
-577
-554
-516
-481
-460
-457
-478
-524
-596
-689
-797
-912
-1033
-1113
-1094
-1001
-849
-625
-351
-108
75
251
434
574
604
572
548
477
296
68
-125
-300
-443
-495
-482
-460
-425
-327
-191
-97
-63
-10
93
142
119
94
94
119
179
267
333
379
440
531
599
575
504
441
363
229
79
-40
-145
-225
-262
-246
-187
-89
63
260
464
635
778
894
961
972
932
853
746
640
548
462
383
320
300
315
357
420
486
540
580
620
648
656
672
698
723
713
670
604
529
448
363
285
210
147
111
80
37
-3
-13
-9
-19
-51
-98
-148
-206
-280
-366
-448
-510
-542
-549
-543
-530
-504
-468
-436
-434
-453
-475
-496
-531
-579
-624
-661
-681
-677
-649
-604
-562
-524
-495
-485
-512
-575
-662
-775
-919
-1080
-1198
-1228
-1176
-1045
-827
-567
-336
-124
100
310
456
524
562
587
516
319
82
-111
-277
-420
-503
-545
-551
-499
-389
-286
-249
-220
-131
-18
9
-33
-63
-51
5
85
170
243
331
458
579
646
637
600
552
449
292
122
-28
-171
-290
-371
-405
-368
-265
-107
63
238
431
623
783
894
960
968
926
858
772
673
575
502
456
436
433
463
524
596
671
754
837
885
892
877
848
794
713
627
554
507
468
428
378
328
309
315
305
263
218
190
169
132
54
-36
-92
-115
-134
-164
-207
-250
-270
-274
-299
-352
-408
-444
-467
-503
-564
-621
-661
-694
-713
-726
-737
-739
-706
-646
-607
-600
-599
-589
-591
-633
-694
-767
-866
-1004
-1119
-1129
-1027
-847
-670
-533
-404
-225
-24
116
188
249
353
410
315
108
-92
-225
-335
-438
-555
-656
-651
-538
-416
-400
-423
-358
-210
-105
-123
-184
-213
-171
-74
4
23
36
139
293
399
430
440
468
459
389
269
126
-23
-151
-247
-340
-409
-411
-332
-209
-66
105
280
446
581
688
769
805
812
788
741
674
634
637
638
625
621
646
676
707
763
842
894
889
876
869
849
817
775
718
666
642
620
565
482
417
402
401
361
307
274
253
234
206
154
85
47
57
70
37
-28
-67
-63
-67
-105
-170
-238
-289
-326
-378
-471
-564
-624
-669
-722
-780
-810
-804
-772
-734
-698
-683
-679
-660
-639
-657
-735
-838
-933
-978
-959
-874
-720
-540
-403
-312
-209
-87
-1
39
64
133
172
90
-69
-216
-331
-439
-496
-541
-600
-603
-531
-441
-440
-476
-440
-343
-275
-296
-332
-357
-339
-247
-140
-81
-53
38
168
253
259
229
217
184
121
39
-57
-155
-222
-230
-238
-250
-233
-160
-59
32
129
221
299
343
375
411
440
477
515
546
569
626
720
801
849
875
907
929
944
975
996
968
896
834
788
742
701
690
708
739
786
814
793
740
716
717
677
576
456
367
298
223
150
85
52
75
140
177
167
146
152
162
133
73
1
-86
-182
-271
-363
-472
-563
-622
-650
-668
-683
-680
-663
-640
-619
-610
-626
-659
-688
-740
-829
-932
-1016
-1047
-1014
-889
-648
-385
-221
-138
-32
73
94
49
11
31
10
-123
-304
-436
-519
-585
-594
-605
-618
-556
-419
-323
-365
-424
-399
-319
-300
-363
-422
-473
-467
-393
-301
-263
-247
-151
-24
46
23
-12
-24
-77
-165
-250
-303
-363
-399
-379
-335
-273
-203
-100
9
111
202
263
296
275
249
234
227
230
243
267
302
392
516
637
729
801
885
975
1050
1083
1104
1078
989
885
799
734
681
651
639
662
705
745
794
827
821
809
829
819
750
664
573
490
417
356
303
266
234
221
215
188
155
144
145
128
104
63
3
-66
-143
-217
-294
-369
-427
-457
-491
-528
-535
-522
-521
-544
-571
-592
-619
-689
-808
-933
-1007
-985
-874
-698
-509
-348
-229
-139
-70
-55
-83
-117
-108
-93
-173
-314
-439
-492
-534
-562
-562
-573
-558
-509
-447
-463
-540
-579
-560
-527
-530
-511
-476
-425
-337
-216
-112
-83
-66
-61
-94
-170
-271
-351
-451
-545
-606
-613
-591
-546
-449
-333
-214
-112
-12
60
89
113
128
123
84
48
37
44
79
136
217
289
368
461
550
612
645
671
660
641
647
700
780
849
913
949
964
967
961
945
885
806
764
757
755
737
693
639
630
668
686
672
657
662
683
679
640
577
529
498
474
423
334
258
210
176
126
72
19
-40
-86
-119
-140
-165
-203
-228
-241
-230
-196
-183
-226
-310
-399
-483
-561
-659
-793
-937
-1029
-1008
-869
-653
-406
-174
-17
59
88
43
-74
-218
-313
-341
-426
-584
-709
-719
-672
-627
-561
-526
-486
-407
-317
-341
-482
-591
-618
-616
-656
-685
-684
-647
-550
-406
-273
-215
-181
-153
-161
-240
-360
-465
-566
-656
-716
-727
-706
-649
-537
-395
-265
-167
-96
-47
-20
-11
-13
-23
-45
-50
-23
14
54
119
216
301
359
403
447
489
512
515
509
523
590
696
780
814
824
820
803
773
767
794
809
820
830
839
833
833
836
801
734
664
615
560
492
434
435
485
554
620
664
696
709
710
661
564
440
326
233
132
22
-79
-137
-158
-136
-92
-37
16
61
106
141
154
96
-15
-148
-268
-377
-491
-607
-724
-820
-881
-848
-724
-523
-246
37
214
229
168
79
-62
-228
-357
-368
-348
-400
-496
-538
-520
-510
-495
-501
-529
-530
-490
-490
-607
-737
-772
-709
-652
-640
-644
-638
-567
-451
-360
-362
-393
-386
-379
-418
-491
-541
-585
-630
-649
-643
-622
-579
-502
-432
-392
-358
-317
-291
-293
-276
-222
-155
-111
-84
-49
4
80
160
218
245
284
359
434
477
489
499
502
513
576
675
734
725
682
644
616
607
631
700
789
885
972
1011
980
914
850
772
667
559
468
404
370
364
396
472
585
692
746
735
688
625
532
412
304
228
168
123
101
98
104
116
141
158
161
158
140
96
42
7
-38
-121
-217
-272
-295
-325
-384
-443
-493
-537
-534
-446
-276
-65
124
216
184
99
9
-99
-224
-287
-236
-163
-173
-249
-307
-340
-374
-390
-418
-482
-537
-534
-556
-675
-810
-844
-796
-756
-740
-731
-710
-658
-550
-441
-409
-418
-403
-373
-401
-462
-507
-553
-625
-681
-692
-691
-687
-670
-631
-603
-584
-553
-518
-482
-433
-338
-248
-199
-173
-123
-57
2
57
104
151
207
295
392
453
472
474
459
438
468
529
558
535
502
494
505
523
560
650
779
890
977
1011
952
839
740
654
564
483
433
411
426
470
536
611
677
730
753
721
635
530
421
326
271
252
247
253
269
293
323
337
333
309
274
234
186
131
79
48
12
-40
-100
-135
-139
-143
-168
-218
-281
-363
-425
-424
-343
-157
93
293
332
243
122
-2
-133
-266
-303
-204
-64
-28
-79
-135
-171
-199
-224
-270
-381
-476
-524
-593
-734
-865
-893
-868
-836
-822
-814
-811
-754
-627
-520
-468
-416
-329
-279
-283
-311
-366
-466
-579
-650
-691
-732
-763
-752
-730
-724
-699
-663
-627
-573
-482
-396
-338
-283
-202
-97
3
88
150
198
252
319
381
398
365
307
256
223
206
237
302
378
436
502
570
624
673
711
744
778
819
829
772
652
527
463
439
415
388
411
481
582
672
701
696
677
659
602
491
354
234
176
172
232
317
395
467
531
555
521
450
343
211
89
21
8
16
48
112
185
225
217
175
109
31
-37
-105
-202
-315
-413
-468
-458
-377
-238
-66
113
238
235
123
-15
-111
-162
-175
-114
16
127
148
110
46
-48
-160
-262
-384
-541
-664
-739
-802
-887
-940
-931
-896
-853
-809
-747
-689
-614
-499
-377
-280
-228
-202
-212
-249
-309
-395
-497
-599
-675
-718
-733
-744
-760
-755
-722
-673
-635
-589
-527
-448
-340
-211
-76
40
147
227
274
299
321
316
257
174
107
85
92
126
163
200
280
423
587
677
701
710
727
726
686
643
604
579
547
515
467
405
389
417
460
496
557
624
653
633
559
465
356
260
193
150
152
209
312
412
499
567
602
588
513
387
227
95
12
-12
3
58
152
245
331
373
367
301
199
95
2
-61
-111
-142
-166
-200
-260
-363
-461
-515
-477
-396
-277
-121
16
100
97
88
76
73
90
147
217
190
114
-1
-134
-306
-449
-518
-583
-642
-707
-742
-791
-835
-845
-854
-869
-875
-802
-721
-652
-550
-404
-257
-179
-126
-111
-139
-217
-320
-428
-548
-626
-657
-640
-616
-582
-543
-521
-512
-512
-487
-436
-353
-249
-141
-31
66
150
192
179
125
84
78
86
105
143
206
270
336
408
457
471
480
519
568
589
601
618
623
597
554
516
485
468
465
472
455
439
453
486
520
535
533
501
456
403
344
285
258
280
336
387
416
435
443
435
402
350
281
235
229
235
233
230
243
278
319
357
372
351
301
245
197
142
98
73
68
49
-2
-83
-191
-318
-470
-610
-725
-763
-682
-492
-273
-77
119
276
314
175
-35
-183
-229
-212
-153
-61
8
44
40
-35
-225
-442
-573
-635
-706
-808
-880
-894
-865
-823
-800
-806
-809
-756
-650
-554
-485
-404
-289
-190
-153
-189
-276
-369
-431
-440
-431
-418
-382
-312
-235
-213
-252
-331
-408
-454
-468
-450
-401
-307
-182
-60
4
12
10
28
60
86
118
159
236
346
444
495
500
496
483
473
455
436
452
530
654
726
707
629
542
464
394
348
339
392
494
600
644
629
597
565
528
459
381
328
336
396
453
479
474
467
456
419
345
268
237
262
322
379
421
444
454
450
404
314
211
139
125
144
181
210
223
214
175
95
-34
-174
-290
-352
-380
-382
-373
-362
-361
-410
-508
-618
-651
-590
-482
-364
-241
-130
-92
-148
-245
-311
-320
-262
-145
-37
-6
-51
-141
-280
-457
-613
-696
-698
-652
-598
-567
-584
-629
-675
-717
-788
-859
-876
-816
-711
-599
-474
-353
-250
-180
-150
-164
-214
-249
-249
-222
-202
-181
-150
-124
-126
-165
-223
-293
-341
-339
-297
-248
-202
-136
-67
-25
-16
-23
-34
-25
31
132
237
318
396
468
509
501
470
446
428
440
488
573
674
769
846
876
842
742
617
500
429
419
457
527
592
627
595
524
445
383
359
367
411
469
527
553
539
509
477
454
440
439
437
432
430
439
443
431
410
366
305
231
169
137
129
138
138
130
115
88
55
1
-69
-131
-166
-179
-188
-210
-249
-295
-353
-415
-495
-574
-635
-665
-658
-639
-566
-478
-422
-401
-407
-432
-503
-567
-593
-594
-565
-498
-408
-374
-404
-460
-519
-583
-632
-639
-617
-569
-493
-422
-396
-418
-439
-449
-442
-416
-378
-326
-266
-205
-188
-210
-249
-278
-298
-302
-290
-283
-270
-232
-174
-145
-144
-133
-108
-81
-53
-12
14
37
60
89
120
131
128
108
85
65
43
21
-3
9
53
113
172
229
290
339
374
395
399
396
412
444
483
515
537
555
560
562
561
570
591
616
642
674
715
749
761
755
740
722
705
685
660
635
621
614
589
557
525
491
466
447
432
417
401
385
358
315
267
225
201
196
197
193
185
175
143
80
4
-76
-152
-233
-307
-363
-405
-432
-457
-475
-495
-517
-538
-556
-576
-598
-625
-654
-693
-735
-762
-775
-755
-725
-710
-714
-717
-699
-713
-744
-753
-747
-726
-688
-617
-558
-531
-482
-413
-355
-321
-272
-202
-148
-106
-80
-83
-112
-140
-150
-170
-197
-215
-215
-210
-208
-202
-197
-189
-174
-153
-126
-96
-68
-36
6
58
99
113
96
70
44
22
2
-17
-20
-4
22
45
59
75
81
82
91
95
100
108
139
182
220
258
297
328
337
328
323
333
356
400
461
534
610
682
741
776
787
781
776
773
769
764
763
776
788
788
775
760
752
741
717
682
648
618
579
534
484
443
417
399
388
374
358
338
306
265
213
153
85
17
-44
-103
-175
-253
-307
-324
-330
-340
-349
-354
-359
-375
-407
-460
-523
-566
-587
-597
-607
-613
-614
-616
-624
-649
-697
-759
-811
-847
-880
-890
-877
-850
-811
-762
-700
-664
-653
-640
-610
-569
-521
-459
-402
-365
-335
-308
-292
-293
-301
-304
-295
-260
-212
-185
-191
-199
-188
-179
-192
-213
-217
-199
-159
-101
-44
-1
40
72
90
94
86
69
55
62
84
102
109
108
115
135
169
198
213
220
228
233
223
200
176
157
154
171
198
227
263
313
356
381
390
393
392
393
403
420
440
474
515
556
585
608
625
635
643
648
658
671
685
702
704
690
661
639
626
616
613
609
601
593
585
564
517
461
413
376
350
329
309
285
257
230
185
124
64
25
-9
-55
-102
-144
-172
-188
-200
-214
-248
-285
-316
-341
-375
-433
-486
-523
-555
-586
-608
-620
-635
-653
-667
-685
-697
-699
-699
-699
-695
-685
-684
-698
-721
-747
-761
-746
-698
-647
-621
-599
-581
-593
-629
-654
-654
-649
-621
-557
-503
-484
-468
-431
-390
-358
-307
-237
-177
-118
-52
1
13
9
24
45
57
58
58
61
74
99
122
147
191
247
303
336
335
305
277
273
274
260
260
290
332
370
402
419
421
423
431
419
388
367
364
364
364
374
381
385
397
424
444
440
433
435
436
433
427
417
409
416
431
438
429
425
428
427
417
400
373
347
345
369
386
381
369
368
382
400
413
406
381
367
354
317
253
196
176
189
216
228
209
173
143
114
64
-2
-56
-86
-92
-97
-124
-180
-241
-283
-310
-339
-382
-417
-425
-413
-406
-418
-437
-453
-460
-464
-475
-501
-535
-567
-589
-605
-625
-646
-664
-680
-695
-710
-717
-725
-735
-749
-770
-801
-833
-845
-829
-787
-737
-696
-666
-628
-594
-589
-598
-583
-540
-481
-410
-332
-269
-218
-162
-107
-73
-46
-6
44
91
140
174
190
211
258
317
363
402
437
469
497
523
536
526
510
509
524
545
563
571
573
575
578
566
542
525
525
531
535
532
523
514
508
495
464
420
383
355
321
288
256
218
184
164
144
120
96
86
86
88
96
113
137
158
169
170
164
152
138
130
132
145
171
206
235
255
261
256
259
269
278
277
269
258
243
220
193
175
176
187
189
170
129
81
37
9
-20
-46
-60
-60
-59
-76
-114
-161
-200
-239
-288
-341
-385
-413
-436
-465
-496
-521
-540
-557
-579
-611
-643
-666
-676
-676
-674
-669
-663
-655
-651
-662
-688
-719
-742
-751
-745
-728
-714
-698
-668
-624
-588
-566
-552
-532
-503
-463
-429
-402
-369
-326
-279
-229
-173
-105
-23
70
154
213
252
283
315
347
387
436
484
532
578
609
612
603
599
605
609
618
634
649
665
687
700
701
698
700
696
683
659
621
578
539
503
456
409
369
339
309
274
240
212
192
176
150
118
86
54
18
-17
-50
-79
-102
-109
-99
-91
-86
-78
-65
-53
-46
-47
-50
-44
-34
-28
-29
-30
-21
-6
16
43
68
86
99
116
132
137
143
157
183
208
224
226
217
205
195
188
177
159
130
96
57
9
-45
-95
-125
-139
-150
-168
-196
-231
-270
-309
-341
-365
-380
-392
-406
-429
-463
-506
-554
-596
-625
-643
-656
-665
-673
-678
-681
-678
-671
-665
-655
-638
-620
-610
-606
-603
-590
-558
-515
-472
-428
-379
-329
-288
-255
-227
-200
-175
-143
-103
-54
-1
55
107
155
200
234
255
271
296
330
377
433
486
527
559
597
637
663
681
699
716
725
724
701
657
623
612
613
606
595
583
569
552
531
496
452
408
369
324
274
226
184
155
135
107
70
26
-6
-21
-31
-51
-76
-95
-103
-111
-131
-163
-191
-206
-211
-213
-216
-213
-201
-189
-186
-197
-215
-226
-224
-210
-190
-164
-134
-103
-70
-37
-20
-19
-16
-4
10
16
16
14
20
41
59
67
72
80
91
97
97
88
70
59
50
36
8
-29
-60
-88
-117
-145
-169
-191
-211
-226
-245
-275
-315
-349
-370
-377
-376
-380
-384
-382
-376
-377
-391
-399
-397
-391
-382
-376
-372
-360
-343
-322
-304
-288
-269
-251
-234
-214
-193
-168
-139
-104
-65
-23
14
45
73
97
113
129
149
166
182
198
218
235
251
272
290
303
314
336
362
383
396
402
396
393
402
414
426
440
460
470
461
446
421
396
378
379
388
392
392
385
366
335
303
273
243
226
214
193
160
122
89
66
50
40
16
-14
-36
-52
-75
-104
-129
-154
-177
-198
-214
-232
-252
-261
-269
-277
-279
-277
-278
-283
-288
-296
-312
-325
-331
-328
-318
-304
-292
-285
-275
-262
-250
-243
-232
-219
-206
-196
-184
-171
-159
-143
-122
-107
-92
-70
-49
-29
-10
3
4
6
14
24
43
64
80
85
86
88
87
82
72
61
52
42
32
24
10
-4
-11
-21
-34
-42
-49
-60
-70
-75
-80
-75
-59
-35
-18
-7
-1
-1
0
2
-4
-17
-31
-36
-31
-20
-5
13
34
56
72
83
89
91
96
101
105
117
137
161
185
200
205
204
206
209
214
219
226
234
243
249
252
249
239
233
231
234
244
256
262
258
241
218
198
190
187
183
174
158
140
128
112
97
86
86
88
81
63
29
-17
-71
-118
-156
-188
-212
-222
-225
-230
-246
-268
-292
-309
-316
-325
-341
-356
-361
-361
-363
-370
-382
-397
-405
-408
-411
-413
-415
-414
-406
-394
-380
-365
-350
-332
-316
-304
-294
-284
-272
-253
-230
-207
-188
-167
-142
-114
-83
-49
-12
26
60
89
114
136
155
174
198
219
235
250
267
281
292
304
322
346
366
382
387
385
380
373
357
335
317
300
282
264
245
226
213
211
211
208
201
189
171
148
123
101
84
75
73
76
77
80
81
80
79
76
71
64
58
52
48
50
58
68
79
88
95
98
98
96
93
87
86
89
96
103
106
102
93
87
84
81
79
81
84
86
80
69
52
32
14
0
-21
-52
-85
-111
-130
-141
-145
-149
-161
-176
-200
-228
-255
-281
-301
-315
-320
-325
-333
-344
-353
-359
-367
-374
-377
-378
-377
-383
-393
-403
-408
-406
-399
-389
-379
-369
-361
-354
-348
-347
-343
-341
-333
-320
-306
-289
-269
-249
-226
-201
-176
-154
-132
-110
-92
-76
-60
-43
-24
-2
22
53
91
128
163
190
212
234
256
275
291
303
315
327
342
359
377
395
415
436
451
462
472
479
479
475
466
457
448
445
450
452
452
446
436
425
410
388
363
338
317
301
288
276
264
253
244
233
219
200
179
164
148
132
112
92
73
60
46
35
26
22
20
15
10
0
-10
-20
-29
-36
-48
-63
-72
-76
-80
-84
-88
-91
-98
-107
-118
-127
-131
-134
-138
-144
-152
-163
-176
-189
-197
-206
-217
-228
-236
-243
-252
-268
-284
-305
-323
-342
-360
-374
-390
-403
-419
-432
-440
-450
-460
-472
-482
-490
-495
-498
-496
-493
-485
-474
-459
-445
-427
-410
-394
-377
-360
-342
-327
-304
-276
-246
-217
-196
-177
-153
-128
-103
-84
-65
-40
-11
24
54
79
101
120
139
158
180
199
214
233
257
282
303
318
329
341
355
368
376
382
393
407
420
431
442
451
458
464
467
464
456
447
445
443
440
435
434
438
445
445
442
438
435
426
414
398
384
373
363
356
346
337
331
326
320
314
303
288
269
248
226
199
176
157
140
123
105
86
67
48
21
-6
-29
-51
-73
-100
-119
-134
-153
-174
-194
-212
-227
-244
-263
-281
-296
-311
-327
-346
-365
-380
-389
-397
-401
-404
-405
-403
-402
-403
-407
-416
-428
-441
-447
-452
-462
-471
-472
-466
-456
-447
-437
-429
-427
-427
-424
-425
-427
-427
-423
-411
-396
-387
-378
-366
-352
-338
-328
-318
-304
-288
-271
-259
-245
-225
-201
-180
-163
-142
-118
-99
-87
-76
-58
-31
-3
21
41
63
83
107
128
142
160
183
206
232
259
283
302
320
341
365
384
399
410
422
437
451
458
464
470
478
491
501
505
507
508
514
514
506
498
491
486
482
479
479
478
472
463
453
443
429
410
390
375
362
348
332
316
300
283
261
238
220
205
192
178
158
142
124
103
82
63
45
30
15
-2
-18
-32
-48
-68
-92
-115
-136
-152
-164
-177
-190
-205
-224
-241
-257
-272
-290
-311
-332
-346
-355
-364
-371
-383
-396
-410
-422
-429
-438
-447
-452
-457
-461
-464
-466
-465
-465
-466
-464
-459
-452
-447
-438
-426
-418
-414
-410
-405
-394
-381
-366
-352
-338
-318
-299
-282
-267
-255
-242
-228
-211
-192
-170
-147
-124
-102
-79
-61
-46
-34
-20
-5
11
28
46
64
83
103
122
135
149
161
176
192
207
221
233
245
260
276
288
296
305
314
324
337
347
355
361
366
371
377
380
382
388
394
400
404
407
413
415
415
412
409
403
399
395
388
378
370
363
354
346
337
328
319
309
297
287
274
260
245
229
210
190
168
147
127
109
91
72
54
38
24
7
-10
-30
-51
-75
-98
-119
-135
-150
-167
-180
-189
-195
-206
-219
-232
-245
-258
-273
-287
-301
-312
-321
-330
-337
-338
-342
-347
-350
-349
-347
-348
-353
-358
-360
-364
-367
-368
-362
-356
-350
-343
-337
-331
-330
-331
-332
-334
-336
-332
-324
-312
-298
-287
-275
-261
-248
-237
-229
-221
-210
-196
-179
-164
-149
-136
-123
-107
-92
-77
-64
-50
-36
-22
-8
5
22
39
59
80
99
118
137
156
173
187
196
204
215
228
243
257
268
278
286
296
304
314
321
330
336
338
342
343
341
338
334
329
325
319
317
310
303
296
287
278
268
258
248
242
234
229
221
213
207
198
187
175
163
151
140
129
123
117
109
101
90
81
72
61
52
44
37
29
22
13
8
5
-4
-11
-19
-26
-36
-47
-57
-68
-78
-91
-103
-116
-126
-136
-145
-151
-156
-165
-174
-185
-194
-201
-209
-217
-223
-227
-229
-234
-239
-244
-252
-258
-264
-270
-272
-271
-272
-268
-264
-261
-257
-254
-249
-242
-237
-232
-228
-222
-214
-207
-194
-185
-173
-158
-141
-123
-104
-86
-70
-57
-43
-30
-21
-11
1
15
32
46
63
76
86
94
100
105
108
110
115
122
129
133
136
144
154
164
173
176
177
177
177
171
164
161
160
163
170
177
183
185
187
185
181
178
174
170
169
166
161
152
143
137
131
124
118
113
108
107
106
105
103
101
98
89
77
64
50
40
31
25
18
9
1
-7
-15
-24
-32
-40
-47
-53
-59
-65
-71
-77
-80
-83
-88
-93
-101
-108
-114
-119
-122
-126
-128
-131
-131
-132
-130
-129
-127
-126
-123
-120
-120
-120
-121
-124
-125
-129
-130
-130
-125
-121
-120
-118
-118
-118
-119
-119
-116
-113
-111
-109
-105
-98
-94
-89
-88
-87
-85
-84
-83
-79
-74
-66
-60
-56
-50
-45
-42
-39
-34
-28
-18
-6
6
19
31
39
44
48
54
64
73
87
101
115
129
139
146
155
164
174
181
188
195
198
202
204
206
207
209
210
211
213
214
218
219
218
215
210
206
200
192
184
174
165
156
147
134
121
107
95
84
70
59
47
40
34
23
13
-3
-22
-39
-54
-69
-83
-94
-102
-110
-121
-132
-141
-153
-163
-169
-175
-183
-186
-187
-190
-194
-196
-199
-201
-204
-205
-205
-205
-207
-205
-201
-198
-193
-187
-177
-166
-155
-146
-141
-136
-129
-117
-107
-96
-85
-75
-71
-68
-68
-67
-63
-60
-59
-56
-50
-43
-39
-38
-36
-31
-26
-21
-17
-14
-8
-1
2
6
9
10
11
10
9
10
12
13
18
27
36
41
42
39
38
40
43
44
44
49
55
61
66
73
77
82
93
103
112
124
136
145
153
160
170
178
184
189
194
201
208
215
221
225
227
228
227
228
230
232
231
228
225
220
214
207
202
198
196
193
186
176
169
162
152
139
126
114
102
89
76
62
45
29
12
-3
-18
-35
-52
-67
-84
-101
-114
-130
-143
-159
-174
-189
-202
-214
-220
-225
-232
-238
-245
-252
-258
-262
-269
-276
-280
-282
-284
-284
-284
-283
-283
-282
-281
-277
-272
-264
-255
-252
-245
-238
-230
-217
-204
-193
-185
-179
-169
-157
-142
-128
-118
-106
-91
-76
-60
-45
-33
-26
-20
-13
-2
7
16
24
34
43
54
63
71
78
83
88
96
106
113
119
123
127
130
134
138
143
149
152
154
158
160
163
163
162
160
158
157
159
163
169
175
179
182
181
178
177
177
178
182
187
191
191
191
190
190
190
189
190
194
197
199
200
198
198
197
194
188
184
182
181
176
172
167
162
152
142
132
121
111
100
90
79
68
55
41
29
13
-3
-18
-30
-44
-59
-75
-92
-108
-122
-137
-152
-166
-180
-195
-209
-224
-241
-255
-269
-278
-289
-300
-309
-318
-325
-330
-336
-339
-343
-347
-346
-347
-347
-345
-343
-338
-334
-328
-322
-316
-309
-301
-291
-280
-269
-256
-245
-233
-221
-208
-194
-179
-165
-147
-131
-116
-102
-87
-72
-56
-41
-28
-15
-1
14
29
41
51
62
77
92
106
116
127
136
145
157
165
173
180
188
197
204
209
214
218
222
224
225
230
234
235
236
238
240
243
244
244
243
243
245
245
242
240
240
241
241
237
233
228
220
218
216
214
212
208
203
197
189
183
176
170
166
160
155
151
146
139
128
119
110
106
102
94
84
74
65
58
48
40
31
24
17
5
-5
-14
-28
-38
-47
-53
-58
-67
-77
-88
-100
-112
-123
-135
-144
-150
-154
-160
-173
-189
-206
-220
-225
-229
-232
-234
-240
-247
-255
-263
-274
-283
-287
-288
-287
-285
-284
-285
-288
-292
-290
-289
-287
-287
-288
-286
-282
-275
-263
-251
-238
-228
-223
-222
-219
-212
-199
-182
-165
-147
-130
-114
-101
-87
-75
-63
-48
-33
-17
0
18
34
52
66
81
95
108
122
136
149
161
174
188
196
202
209
217
224
236
245
252
262
270
275
278
280
283
284
283
280
279
280
284
286
285
277
268
259
250
242
238
236
232
228
221
210
199
189
177
167
159
153
148
144
139
130
118
109
99
89
82
73
67
61
56
49
40
30
20
10
1
-6
-13
-19
-25
-32
-40
-47
-53
-59
-66
-75
-80
-86
-94
-101
-107
-113
-116
-117
-121
-125
-131
-139
-148
-156
-164
-173
-178
-182
-186
-191
-197
-205
-214
-221
-228
-236
-239
-241
-244
-248
-249
-249
-249
-250
-252
-253
-254
-252
-249
-248
-244
-239
-235
-229
-221
-215
-210
-206
-202
-195
-186
-177
-167
-158
-149
-139
-129
-116
-101
-83
-66
-50
-35
-23
-13
-1
11
25
41
58
73
87
100
111
121
131
140
149
157
167
178
187
196
202
208
213
217
221
226
227
230
234
238
240
240
241
242
241
241
239
234
231
227
222
216
208
201
197
191
185
178
172
166
158
149
139
129
121
115
106
99
94
88
81
74
65
58
50
42
34
28
23
15
8
1
-6
-12
-21
-30
-35
-42
-49
-55
-63
-69
-72
-77
-82
-86
-91
-92
-96
-100
-101
-102
-105
-107
-109
-109
-108
-111
-113
-115
-118
-118
-119
-121
-122
-123
-124
-127
-130
-131
-132
-134
-135
-137
-137
-137
-136
-137
-138
-139
-137
-137
-139
-139
-138
-138
-135
-132
-126
-124
-123
-121
-117
-112
-107
-101
-97
-92
-88
-83
-78
-70
-63
-57
-48
-40
-33
-25
-18
-10
-2
6
14
23
32
41
51
60
70
79
88
94
103
111
117
125
132
139
147
154
162
166
170
171
172
174
175
177
178
180
182
182
181
178
174
169
166
161
158
154
148
143
138
130
125
119
113
106
100
90
83
76
69
61
55
47
38
30
21
14
8
2
-4
-10
-17
-22
-28
-35
-40
-45
-53
-58
-64
-69
-71
-75
-78
-80
-82
-83
-84
-87
-89
-93
-95
-96
-96
-97
-96
-95
-95
-95
-95
-97
-97
-101
-103
-103
-103
-102
-98
-97
-96
-97
-97
-96
-94
-92
-91
-88
-86
-83
-79
-75
-70
-69
-68
-66
-64
-62
-57
-54
-51
-49
-45
-42
-38
-33
-32
-31
-28
-25
-20
-17
-12
-9
-6
-3
3
7
10
16
21
27
31
33
37
41
42
47
52
55
59
59
62
63
65
64
64
63
64
67
68
70
69
70
70
72
74
74
74
74
74
75
75
74
72
70
68
68
67
64
62
60
59
55
53
50
46
40
37
34
32
28
25
22
19
15
12
9
6
2
-1
-4
-7
-11
-13
-14
-17
-20
-23
-27
-35
-38
-42
-46
-49
-55
-60
-63
-66
-66
-69
-72
-75
-77
-77
-76
-77
-75
-74
-74
-73
-70
-69
-68
-65
-64
-63
-62
-61
-59
-56
-56
-52
-51
-47
-44
-40
-34
-31
-25
-20
-16
-12
-8
-3
0
2
6
11
15
18
21
26
29
32
36
37
39
42
45
48
50
49
46
46
47
47
47
45
43
44
45
45
46
45
47
49
49
51
54
54
55
55
56
55
54
53
51
50
50
50
45
45
42
41
40
37
34
33
31
30
28
28
25
20
17
16
17
15
12
12
11
10
8
7
9
12
10
7
5
6
7
3
-1
-6
-11
-14
-17
-19
-22
-23
-27
-30
-32
-36
-38
-39
-40
-42
-43
-44
-45
-45
-49
-51
-56
-59
-58
-58
-59
-62
-65
-67
-69
-71
-72
-75
-74
-74
-75
-73
-73
-72
-73
-74
-75
-75
-74
-70
-66
-63
-60
-57
-54
-49
-46
-42
-36
-31
-27
-22
-16
-12
-7
-5
-1
4
10
14
21
28
32
38
42
47
52
55
59
64
69
73
77
81
84
86
87
88
91
92
94
95
96
97
98
97
96
95
92
92
92
90
89
87
86
84
80
77
75
73
70
66
62
59
56
51
48
43
38
34
30
26
21
17
13
7
2
-4
-9
-13
-15
-16
-18
-22
-25
-30
-33
-34
-36
-38
-41
-44
-48
-50
-52
-53
-56
-58
-62
-64
-66
-66
-65
-67
-67
-68
-71
-72
-74
-77
-78
-79
-80
-79
-81
-81
-82
-81
-81
-79
-77
-76
-75
-74
-75
-72
-71
-70
-70
-70
-69
-68
-65
-63
-63
-61
-59
-58
-55
-53
-49
-47
-45
-42
-40
-38
-35
-31
-30
-28
-25
-21
-16
-12
-9
-8
-4
-4
0
2
4
7
10
16
20
23
27
30
34
38
43
49
54
58
62
67
71
76
80
85
90
96
100
105
109
112
116
120
121
123
126
128
129
133
134
134
133
132
132
131
130
128
126
124
122
119
115
110
105
99
93
88
83
77
71
65
58
50
42
33
23
14
5
-3
-11
-20
-27
-36
-43
-53
-60
-67
-75
-82
-89
-97
-101
-108
-113
-118
-123
-127
-131
-133
-135
-137
-139
-138
-141
-142
-142
-141
-141
-140
-138
-137
-134
-132
-128
-124
-122
-119
-115
-113
-108
-103
-97
-92
-88
-83
-78
-73
-70
-64
-57
-51
-47
-44
-41
-37
-33
-30
-25
-20
-15
-13
-9
-5
-2
1
4
8
11
13
13
13
16
20
23
25
27
31
33
35
37
38
44
48
51
53
54
56
60
64
68
71
73
76
79
81
84
88
90
96
101
105
108
111
114
117
118
123
124
129
132
133
133
135
136
137
139
140
139
138
138
137
136
136
134
133
131
127
122
118
114
111
104
97
88
81
72
64
57
49
42
34
27
19
10
1
-10
-18
-29
-40
-51
-60
-67
-77
-86
-95
-102
-111
-119
-126
-134
-140
-145
-151
-156
-161
-164
-169
-172
-175
-177
-179
-181
-183
-183
-183
-183
-183
-181
-175
-172
-169
-165
-158
-150
-145
-138
-131
-123
-117
-111
-106
-98
-89
-79
-72
-66
-59
-51
-43
-37
-30
-24
-19
-12
-5
2
8
12
16
22
27
33
38
40
42
44
46
48
50
53
53
54
55
55
56
57
58
59
58
58
58
60
61
61
61
61
61
63
64
65
66
67
69
71
74
78
80
83
87
91
93
97
100
103
106
108
108
110
112
114
119
122
122
123
125
125
126
127
126
126
123
122
121
119
116
113
108
102
97
93
88
82
75
68
61
52
45
38
28
18
8
-2
-12
-24
-35
-45
-54
-64
-75
-86
-97
-106
-112
-122
-129
-136
-144
-150
-155
-159
-164
-167
-171
-176
-177
-178
-181
-181
-181
-181
-181
-180
-176
-172
-170
-168
-166
-161
-158
-153
-147
-142
-136
-131
-125
-120
-112
-104
-95
-88
-81
-73
-65
-58
-50
-42
-33
-24
-17
-8
1
8
16
22
27
33
38
42
47
53
58
62
66
70
72
76
79
80
81
83
87
88
93
96
97
98
98
98
98
99
100
101
101
104
105
104
102
102
99
98
96
96
95
94
90
90
90
90
90
89
88
85
85
83
84
87
88
85
81
79
78
80
83
82
81
78
75
74
72
72
70
65
61
57
56
55
51
47
41
36
29
25
23
21
15
9
3
-1
-4
-11
-16
-25
-30
-36
-43
-49
-54
-59
-67
-78
-84
-89
-93
-98
-105
-112
-119
-124
-128
-133
-136
-138
-142
-146
-148
-150
-151
-152
-153
-151
-151
-149
-148
-147
-143
-140
-136
-133
-128
-123
-118
-115
-110
-104
-96
-88
-82
-77
-69
-63
-57
-47
-38
-29
-23
-16
-9
0
9
15
21
30
37
45
50
58
63
68
72
78
84
89
92
93
96
102
106
107
107
107
107
108
109
108
109
106
104
102
100
100
98
95
93
90
87
85
82
78
77
75
72
69
66
66
61
58
56
54
52
49
45
41
39
36
33
30
29
26
24
21
19
17
16
14
12
12
11
8
6
4
3
4
2
2
0
-2
-3
-5
-8
-10
-11
-14
-18
-22
-23
-26
-30
-33
-38
-42
-45
-50
-54
-59
-62
-67
-71
-73
-75
-80
-83
-87
-91
-92
-94
-96
-98
-100
-102
-105
-106
-105
-105
-105
-106
-107
-107
-106
-105
-104
-102
-101
-100
-101
-97
-93
-89
-82
-82
-79
-74
-68
-63
-58
-52
-48
-42
-36
-29
-20
-14
-9
-3
5
12
19
25
32
37
41
45
52
60
66
70
74
78
82
87
91
95
99
100
101
104
107
107
108
107
109
110
110
108
106
105
102
102
101
97
96
91
86
80
78
75
72
68
62
56
50
47
43
39
36
30
24
21
18
13
10
8
3
2
-2
-5
-9
-10
-11
-13
-14
-13
-15
-17
-17
-18
-20
-20
-20
-22
-24
-25
-26
-25
-24
-24
-27
-27
-26
-25
-24
-23
-24
-23
-24
-24
-24
-23
-23
-24
-26
-29
-29
-31
-32
-33
-37
-37
-40
-42
-43
-47
-48
-52
-55
-56
-57
-60
-64
-65
-67
-66
-66
-69
-69
-71
-70
-68
-67
-66
-67
-64
-61
-59
-56
-54
-51
-47
-46
-42
-38
-34
-29
-25
-19
-14
-10
-5
-1
6
13
19
26
31
36
42
47
51
56
62
67
73
76
81
86
88
92
96
102
104
104
106
107
107
107
107
105
102
101
97
96
92
88
85
82
79
76
70
65
62
57
54
51
46
42
37
31
26
20
15
9
4
1
-4
-8
-13
-18
-22
-26
-29
-34
-36
-40
-42
-44
-45
-48
-50
-53
-54
-56
-58
-60
-61
-61
-62
-62
-61
-60
-60
-61
-60
-60
-58
-58
-58
-55
-53
-52
-51
-48
-46
-45
-44
-43
-41
-38
-39
-38
-37
-37
-36
-36
-35
-33
-34
-34
-34
-35
-33
-32
-33
-33
-32
-31
-31
-31
-31
-31
-29
-28
-29
-29
-29
-30
-30
-28
-28
-27
-27
-27
-30
-29
-27
-27
-25
-25
-21
-20
-18
-17
-14
-12
-8
-7
-2
3
7
10
14
17
21
26
32
36
42
48
51
55
59
63
68
70
72
74
78
81
83
84
85
88
89
91
90
91
92
93
92
92
93
92
92
90
88
86
82
79
77
74
70
65
57
51
45
41
33
26
20
15
8
1
-5
-12
-19
-25
-30
-34
-39
-44
-47
-52
-56
-59
-62
-66
-69
-70
-72
-74
-75
-76
-78
-78
-80
-81
-82
-82
-81
-81
-79
-79
-77
-75
-74
-72
-69
-68
-65
-62
-57
-52
-49
-45
-42
-39
-35
-30
-26
-23
-21
-17
-12
-10
-8
-7
-6
-6
-4
-1
0
2
2
2
4
5
6
8
7
7
8
9
11
11
11
12
15
15
16
17
19
19
20
20
19
19
22
23
23
25
23
23
26
28
29
31
31
31
36
38
39
42
43
46
50
52
54
56
57
58
62
63
66
68
67
68
67
67
67
68
69
68
67
64
62
59
57
59
56
54
51
45
44
42
40
36
31
25
21
18
15
11
7
2
-3
-6
-10
-14
-19
-25
-31
-35
-39
-41
-43
-49
-53
-57
-61
-65
-67
-69
-72
-74
-75
-77
-78
-79
-80
-82
-84
-84
-85
-84
-83
-80
-80
-81
-80
-79
-77
-75
-75
-72
-70
-66
-63
-62
-59
-56
-52
-48
-44
-41
-38
-33
-31
-27
-24
-20
-16
-12
-7
-6
-3
1
4
9
11
15
16
19
22
24
27
28
31
34
35
35
37
37
39
39
42
43
43
43
42
42
42
42
43
45
42
41
43
42
41
41
43
42
41
41
40
39
39
42
42
41
40
41
41
39
39
40
41
42
42
40
40
38
39
41
41
40
39
40
39
37
38
38
36
36
36
34
32
30
29
28
24
23
21
19
16
15
12
9
6
3
0
-5
-8
-10
-15
-17
-22
-26
-30
-32
-36
-39
-43
-46
-50
-54
-56
-60
-61
-61
-64
-67
-69
-71
-73
-74
-75
-75
-76
-78
-76
-77
-78
-77
-75
-74
-74
-73
-71
-69
-67
-65
-62
-61
-59
-57
-54
-52
-49
-46
-42
-39
-37
-34
-29
-26
-22
-18
-14
-9
-5
-3
2
4
6
11
13
17
21
23
28
30
33
35
37
41
43
46
49
51
55
56
56
57
57
58
59
59
60
59
59
60
60
59
59
56
56
56
56
56
55
54
52
51
48
46
44
45
43
43
41
40
38
36
33
32
32
31
31
30
31
30
27
26
24
22
21
19
19
18
16
15
14
12
10
7
7
5
5
4
3
2
1
0
-3
-4
-5
-8
-10
-13
-14
-15
-16
-21
-24
-26
-28
-30
-31
-31
-31
-32
-34
-36
-39
-39
-43
-45
-46
-47
-47
-50
-51
-52
-53
-54
-55
-56
-56
-55
-55
-55
-55
-53
-53
-52
-51
-50
-49
-47
-47
-44
-43
-40
-38
-38
-36
-33
-31
-27
-25
-21
-16
-14
-10
-6
-5
-3
-1
2
3
6
9
13
14
16
19
20
24
24
26
28
30
33
37
38
37
40
41
40
41
40
40
40
40
40
40
38
39
38
38
37
36
36
36
37
37
35
33
32
31
30
27
26
24
23
24
23
22
21
17
18
17
15
14
13
12
10
8
5
4
3
3
2
1
0
-2
-3
-3
-5
-5
-5
-7
-7
-7
-8
-7
-8
-9
-11
-12
-13
-14
-15
-15
-17
-17
-18
-17
-18
-19
-21
-22
-21
-20
-19
-21
-19
-21
-22
-22
-23
-23
-23
-22
-20
-19
-20
-19
-20
-19
-17
-18
-18
-17
-16
-13
-13
-13
-14
-14
-14
-15
-13
-12
-11
-11
-11
-9
-9
-9
-10
-9
-8
-7
-6
-4
-3
-3
-4
-3
-2
-1
0
1
3
4
5
6
6
8
7
8
8
8
10
10
10
11
10
10
9
8
10
10
10
10
12
14
13
13
14
14
13
13
12
13
12
12
13
12
12
11
9
8
8
7
7
6
6
6
7
5
4
4
3
4
5
4
5
4
4
3
2
2
1
1
0
0
0
-1
-2
-3
-4
-5
-4
-4
-4
-4
-3
-3
-2
-3
-3
-5
-4
-5
-6
-5
-4
-3
-5
-6
-5
-6
-4
-5
-4
-5
-4
-4
-4
-3
-3
-3
-4
-4
-5
-4
-4
-3
-3
-3
-2
-4
-3
-2
-2
-1
-1
-1
-1
-1
-1
0
1
0
0
0
0
2
3
4
4
5
4
3
4
4
5
6
6
7
6
6
5
5
6
5
6
6
8
8
8
8
8
8
8
8
9
9
9
11
11
10
11
10
9
9
8
9
11
10
10
9
8
8
7
6
7
6
4
3
4
4
3
2
0
-1
-2
-2
-2
-3
-2
-2
-4
-5
-5
-6
-6
-7
-7
-7
-7
-7
-8
-9
-8
-9
-8
-8
-8
-8
-8
-7
-8
-8
-9
-9
-9
-10
-10
-9
-9
-8
-7
-8
-9
-9
-9
-8
-7
-7
-7
-6
-6
-5
-5
-5
-6
-5
-6
-7
-7
-5
-5
-4
-4
-5
-6
-5
-4
-4
-3
-4
-4
-4
-4
-5
-6
-5
-4
-4
-5
-4
-4
-2
-2
-1
-2
-1
1
1
1
3
2
2
4
4
6
6
8
8
8
9
10
9
11
12
13
12
12
14
14
14
15
16
16
16
16
15
16
17
17
17
18
18
18
17
16
14
14
14
14
13
12
11
11
9
7
5
4
4
3
2
2
0
-2
-3
-4
-5
-6
-8
-7
-9
-11
-11
-12
-13
-13
-13
-14
-16
-17
-17
-17
-17
-17
-17
-19
-19
-20
-20
-21
-22
-21
-23
-23
-22
-21
-21
-22
-21
-21
-20
-19
-19
-18
-17
-16
-17
-16
-15
-16
-16
-14
-13
-12
-12
-10
-9
-9
-10
-10
-10
-10
-9
-6
-6
-5
-4
-4
-4
-4
-3
-3
-2
-2
-1
0
0
0
0
1
1
1
2
3
4
6
5
6
6
7
8
10
10
12
13
13
13
16
16
17
16
16
19
19
19
22
22
23
24
23
24
25
25
25
27
28
29
30
30
29
30
28
27
28
26
25
25
25
25
24
23
21
20
19
17
14
13
10
10
9
6
3
2
2
-1
-1
-4
-5
-5
-8
-10
-11
-12
-13
-12
-13
-13
-15
-16
-16
-17
-19
-20
-21
-22
-21
-20
-21
-20
-19
-18
-18
-20
-20
-20
-19
-18
-17
-16
-14
-13
-12
-11
-11
-11
-10
-10
-9
-7
-5
-5
-6
-4
-3
-2
-3
-2
-1
1
0
-2
-1
-2
-2
-2
-1
1
2
1
0
0
0
2
0
0
-1
-1
0
2
2
3
4
3
4
3
2
0
1
3
5
4
2
2
4
5
6
7
5
5
6
9
10
9
10
10
10
11
13
14
14
15
15
16
19
19
19
21
21
22
23
23
24
24
23
23
21
21
22
23
22
22
20
20
20
19
18
19
17
15
13
13
12
11
10
7
6
4
3
0
-1
-4
-6
-8
-10
-12
-13
-14
-17
-19
-21
-23
-25
-27
-28
-30
-30
-33
-36
-36
-35
-35
-38
-39
-40
-40
-40
-40
-40
-40
-41
-41
-42
-40
-41
-41
-40
-41
-41
-39
-38
-37
-36
-36
-35
-35
-33
-33
-32
-31
-30
-29
-26
-26
-25
-24
-24
-23
-22
-21
-18
-16
-14
-12
-10
-10
-8
-6
-4
-3
0
1
3
5
6
9
9
10
11
12
13
15
17
20
21
22
24
25
27
28
30
31
32
32
33
34
34
35
35
36
38
38
38
40
41
42
43
42
42
41
42
41
41
41
39
39
38
37
36
35
36
36
35
34
35
35
34
33
31
29
26
23
21
19
19
17
15
12
13
11
10
7
8
6
6
5
3
2
-1
-3
-5
-7
-9
-11
-12
-12
-16
-17
-18
-19
-19
-19
-20
-20
-20
-23
-24
-26
-26
-27
-30
-31
-32
-32
-31
-32
-32
-32
-31
-33
-31
-31
-30
-30
-31
-31
-31
-30
-31
-30
-30
-29
-28
-28
-28
-26
-25
-24
-22
-21
-21
-18
-18
-17
-17
-15
-13
-12
-9
-8
-9
-8
-7
-5
-2
-1
1
2
4
5
6
6
8
10
11
13
15
15
18
18
19
19
19
18
18
19
23
23
23
24
24
26
26
28
27
28
29
29
30
31
29
30
29
30
31
30
30
30
31
31
29
30
29
29
29
29
30
30
28
27
26
25
22
20
18
19
18
18
18
15
14
15
15
13
12
12
12
11
11
10
8
5
2
0
0
-1
-4
-6
-10
-11
-12
-15
-18
-19
-20
-21
-21
-23
-25
-27
-31
-32
-34
-33
-35
-38
-38
-39
-40
-42
-41
-38
-38
-40
-42
-43
-43
-42
-41
-40
-42
-43
-44
-46
-47
-47
-48
-48
-48
-46
-44
-43
-44
-42
-40
-39
-39
-34
-31
-28
-27
-26
-26
-24
-21
-18
-16
-14
-13
-10
-10
-10
-8
-5
-4
-4
-2
-1
1
1
2
5
8
10
10
12
13
13
16
16
19
22
26
27
27
29
31
32
31
33
34
36
37
35
34
35
35
33
31
31
33
33
33
31
31
30
29
30
28
28
30
29
31
31
31
30
29
28
27
27
27
26
26
27
26
25
23
20
19
16
16
15
15
13
12
11
10
8
6
5
4
4
5
4
4
4
3
3
3
1
0
-1
0
-1
-2
-3
-1
-3
-5
-8
-10
-9
-10
-10
-9
-11
-12
-13
-14
-16
-17
-18
-18
-18
-17
-17
-17
-18
-19
-20
-20
-20
-20
-19
-18
-18
-19
-19
-19
-20
-20
-21
-21
-21
-19
-19
-19
-19
-20
-19
-19
-20
-19
-17
-16
-14
-12
-11
-11
-10
-11
-10
-8
-6
-5
-5
-4
-2
0
0
0
0
0
2
3
5
6
7
8
8
8
9
10
10
8
8
9
10
10
9
9
7
7
6
7
7
6
6
5
3
4
4
3
2
2
3
3
2
1
1
2
3
3
2
0
2
3
2
3
3
3
3
1
2
2
3
4
6
5
5
5
3
2
3
4
6
6
6
7
8
7
8
9
8
9
9
8
9
10
10
12
12
10
10
8
9
7
6
6
7
6
6
3
1
0
-1
-1
-1
0
0
-2
-2
-3
-4
-5
-6
-6
-6
-6
-8
-8
-8
-7
-8
-9
-10
-10
-11
-11
-11
-12
-12
-11
-10
-10
-9
-10
-12
-12
-10
-8
-6
-5
-5
-4
-4
-2
-2
-2
-1
2
4
4
5
5
3
4
4
4
7
8
8
8
6
7
8
10
10
11
11
10
9
10
9
9
7
7
6
5
4
2
0
-1
-1
0
-2
-3
-5
-6
-6
-7
-5
-4
-4
-6
-8
-10
-10
-9
-8
-7
-8
-9
-10
-10
-9
-10
-9
-8
-8
-8
-8
-6
-7
-6
-6
-4
-4
-3
-1
0
1
1
3
4
6
7
6
7
7
8
7
7
7
7
7
7
8
8
8
8
8
7
8
9
8
7
8
6
6
7
6
5
3
2
2
1
1
0
-1
0
-1
-3
-3
-3
-3
-5
-5
-5
-4
-6
-6
-7
-5
-6
-5
-6
-7
-6
-5
-5
-3
-4
-4
-4
-3
-3
-2
-3
-3
-3
-3
-3
-2
-2
0
0
0
0
1
1
1
2
2
3
3
4
4
3
2
3
3
3
2
2
1
3
2
0
1
0
0
-1
-1
-3
-2
-1
-1
-4
-4
-4
-4
-4
-5
-5
-5
-5
-6
-6
-6
-7
-6
-7
-8
-9
-9
-9
-8
-9
-8
-8
-8
-8
-8
-8
-7
-8
-7
-6
-4
-5
-4
-3
-3
-3
-3
-3
-4
-3
-2
-1
-2
-1
-1
-1
0
-1
1
0
2
4
4
4
5
6
7
5
6
5
5
6
7
7
6
7
6
7
6
6
8
8
9
10
10
10
11
13
13
12
12
12
13
14
14
15
14
14
14
13
12
12
12
13
15
16
16
15
13
13
12
11
11
12
12
12
12
11
12
11
10
11
11
11
9
9
8
9
8
8
8
7
7
5
5
3
4
4
4
4
4
4
3
5
4
3
4
5
5
6
5
3
1
-1
-2
-3
-3
-3
-4
-4
-7
-8
-9
-9
-10
-11
-11
-11
-10
-11
-12
-13
-15
-17
-19
-21
-21
-19
-18
-20
-21
-22
-22
-23
-24
-24
-22
-19
-19
-19
-20
-20
-20
-20
-20
-20
-20
-19
-19
-19
-19
-18
-15
-14
-13
-14
-15
-13
-9
-8
-6
-5
-6
-6
-5
-5
-3
-4
-2
0
0
0
-2
-2
-2
1
3
5
7
8
8
7
5
5
5
5
5
7
9
8
8
7
7
5
4
3
3
5
7
9
10
11
9
8
6
6
7
7
9
10
11
10
10
8
8
6
7
8
8
10
10
8
7
6
6
5
6
5
5
4
4
5
5
3
2
0
-1
0
0
1
0
1
1
0
-1
-1
-3
-2
-2
-2
-2
-1
1
2
1
1
0
-1
-1
-1
-1
-1
0
-1
-2
-4
-4
-5
-6
-5
-7
-9
-11
-12
-11
-10
-10
-9
-10
-11
-12
-12
-12
-12
-13
-12
-11
-10
-11
-11
-12
-13
-11
-9
-10
-10
-9
-9
-8
-7
-8
-8
-7
-7
-7
-6
-7
-5
-4
-3
-2
-1
-1
-1
-2
0
2
2
4
5
6
6
6
6
8
10
11
11
12
12
12
12
13
14
15
14
15
14
15
15
16
16
16
17
18
18
18
17
18
18
19
18
18
18
18
19
18
17
16
17
17
17
16
15
16
15
17
17
15
13
13
14
13
14
14
13
13
12
11
10
9
8
9
8
7
7
6
5
5
4
4
2
1
1
0
-1
-1
-2
-3
-3
-5
-6
-7
-9
-9
-9
-8
-10
-11
-11
-11
-11
-13
-15
-14
-14
-14
-15
-15
-16
-16
-16
-16
-18
-17
-17
-18
-16
-16
-16
-16
-16
-16
-15
-14
-14
-14
-14
-14
-14
-14
-12
-12
-12
-11
-10
-11
-10
-10
-8
-7
-7
-5
-6
-6
-6
-5
-5
-4
-4
-4
-3
-3
-3
-2
-2
-3
-2
-1
-1
1
1
2
2
1
3
3
3
2
3
4
4
4
5
5
4
4
6
6
5
5
5
5
5
5
4
4
5
4
4
4
4
3
1
2
2
2
2
4
3
1
2
2
2
1
0
0
2
0
0
1
0
1
0
1
0
0
-1
-1
0
1
0
-1
-1
-2
-1
-4
-5
-4
-4
-3
-4
-4
-3
-3
-4
-6
-6
-5
-6
-7
-6
-5
-2
-2
-6
-5
-5
-4
-6
-6
-5
-4
-4
-5
-5
-5
-6
-6
-6
-6
-6
-6
-5
-7
-7
-6
-7
-8
-8
-8
-8
-9
-8
-7
-7
-6
-6
-6
-6
-6
-5
-4
-3
-4
-3
-4
-4
-4
-4
-3
-3
-3
-3
-2
-2
-1
-2
-2
-1
1
0
2
0
1
1
3
4
4
5
5
7
8
9
10
11
12
12
12
13
15
15
15
15
16
15
16
16
16
16
16
16
17
18
19
18
18
17
18
19
18
19
18
18
18
20
19
20
20
18
17
18
17
17
16
16
14
13
13
12
11
9
9
7
7
5
5
3
2
1
0
1
0
-3
-3
-4
-4
-4
-4
-5
-6
-7
-7
-8
-8
-9
-9
-11
-10
-10
-10
-11
-11
-12
-13
-12
-12
-12
-12
-13
-13
-13
-13
-14
-13
-13
-12
-12
-10
-10
-10
-9
-9
-8
-7
-7
-6
-6
-6
-5
-5
-5
-5
-5
-5
-4
-3
-4
-4
-3
-3
-3
-3
-4
-3
-4
-2
-2
-3
-4
-3
-3
-3
-2
-2
-2
-1
-2
-2
0
0
0
0
1
1
1
-1
-1
-1
-1
-1
0
1
0
0
0
0
1
1
1
1
1
1
0
0
0
0
0
0
2
2
2
2
1
2
2
1
1
1
0
1
1
0
-1
-1
-1
0
0
0
0
0
0
1
0
0
1
1
2
1
0
0
0
0
0
1
2
2
2
0
1
0
1
1
-1
-2
-1
0
0
0
-1
-2
-2
-2
-3
-2
-2
-2
-2
-1
-2
-1
-2
-2
-1
-1
0
-1
-1
