0
0
1
-1
0
0
-1
-1
0
0
-1
-1
-1
0
-1
-2
-1
-2
-2
-3
-1
-2
-1
-1
-3
-2
-2
-2
-1
-1
-1
-2
-1
-1
-1
-2
0
-2
-2
-2
-1
-2
-1
-2
-2
-2
-3
-2
-1
-1
-1
-1
-1
-2
0
0
0
0
0
1
0
0
1
1
2
2
1
2
2
2
2
3
2
1
2
2
1
2
1
1
1
1
1
1
2
1
1
1
1
2
1
2
1
2
2
2
3
2
2
2
2
1
3
2
2
3
2
3
3
3
2
4
3
3
2
2
3
3
2
2
3
3
4
4
4
5
5
4
4
6
6
5
5
6
6
7
7
7
8
8
8
7
7
6
6
7
7
6
5
6
5
5
4
3
2
3
2
1
1
-1
-2
-2
-2
-2
-4
-6
-6
-7
-9
-9
-12
-12
-13
-15
-16
-16
-19
-20
-21
-23
-23
-24
-25
-28
-29
-31
-32
-32
-34
-34
-34
-35
-36
-35
-36
-37
-37
-36
-37
-38
-36
-36
-36
-36
-35
-34
-33
-31
-30
-30
-29
-28
-27
-25
-25
-23
-21
-19
-17
-16
-14
-12
-12
-11
-11
-9
-7
-5
-5
-2
0
-1
1
4
4
6
9
13
16
19
21
23
27
31
34
39
44
48
53
57
60
63
68
71
73
75
79
80
81
82
83
82
82
82
81
81
78
77
75
71
67
66
65
61
58
57
53
51
47
42
38
36
31
27
24
21
15
11
8
3
0
-5
-8
-11
-12
-16
-18
-20
-18
-20
-23
-22
-25
-23
-24
-26
-21
-19
-20
-20
-16
-16
-18
-17
-15
-15
-14
-16
-16
-14
-14
-16
-18
-18
-21
-24
-28
-26
-29
-31
-33
-35
-38
-42
-45
-51
-53
-56
-58
-62
-65
-70
-74
-76
-82
-84
-87
-90
-93
-93
-94
-95
-94
-93
-93
-95
-94
-93
-90
-87
-82
-75
-67
-62
-58
-52
-46
-39
-32
-22
-11
-4
3
10
15
19
24
29
38
45
51
55
58
60
62
65
66
67
72
74
75
71
72
72
71
70
69
69
67
65
61
60
58
58
58
58
58
55
53
48
47
46
44
43
44
46
44
39
39
42
41
39
40
42
40
44
41
36
48
40
41
40
49
49
32
46
42
47
39
40
50
42
44
32
42
33
30
29
23
32
18
14
12
14
6
-3
-4
-3
-8
-17
-19
-20
-26
-37
-28
-35
-49
-51
-47
-52
-64
-64
-68
-65
-71
-79
-82
-79
-82
-94
-94
-96
-96
-101
-99
-110
-105
-109
-110
-105
-124
-116
-117
-115
-120
-121
-118
-111
-111
-116
-113
-114
-104
-108
-102
-95
-90
-80
-79
-70
-66
-60
-57
-46
-35
-26
-22
-12
-2
-1
8
11
22
27
35
43
49
59
60
63
66
75
79
81
82
85
92
87
88
89
88
86
86
87
85
84
77
73
75
78
77
69
72
75
76
69
67
81
68
73
84
83
85
74
91
81
86
91
77
99
99
84
85
96
96
85
79
93
97
92
89
83
95
94
75
85
82
79
95
66
68
68
65
61
36
58
38
34
20
21
28
-10
-6
-17
-7
-13
-36
-41
-47
-35
-59
-72
-69
-70
-73
-82
-79
-94
-94
-90
-104
-96
-103
-112
-93
-104
-108
-106
-112
-111
-103
-100
-117
-111
-105
-102
-115
-126
-116
-116
-102
-123
-125
-115
-123
-124
-131
-127
-128
-124
-122
-112
-117
-118
-122
-119
-107
-116
-92
-98
-87
-76
-75
-68
-76
-63
-55
-32
-29
-22
-8
-2
6
4
20
22
31
45
54
63
64
65
69
75
78
86
93
95
99
100
99
95
94
95
97
102
103
99
100
99
95
92
97
95
99
96
109
111
84
95
97
110
103
93
107
102
110
105
94
95
101
92
105
114
98
83
85
112
81
77
76
88
106
66
95
68
68
52
59
71
43
71
30
49
17
21
17
-5
23
-29
1
-14
-18
-40
-69
-30
-84
-25
-64
-97
-67
-102
-54
-117
-112
-120
-97
-76
-132
-129
-116
-98
-151
-112
-121
-119
-108
-128
-110
-136
-95
-128
-136
-118
-103
-102
-129
-124
-119
-106
-141
-101
-122
-129
-101
-114
-106
-148
-122
-132
-123
-111
-130
-113
-116
-107
-104
-110
-127
-106
-84
-83
-79
-74
-65
-48
-33
-36
-38
-20
20
6
12
46
54
59
55
79
90
92
93
105
123
124
128
133
130
129
137
136
139
140
142
134
134
136
133
126
123
135
124
132
129
124
131
111
110
135
116
103
133
123
116
108
113
118
113
111
90
123
120
111
92
94
121
89
94
104
88
88
80
82
114
70
54
65
71
95
75
26
26
67
53
75
2
-4
36
17
40
-6
-31
-50
0
18
-35
-76
-78
-68
-19
-54
-93
-126
-98
-37
-120
-74
-175
-118
-72
-110
-114
-151
-86
-177
-105
-113
-117
-135
-165
-101
-110
-96
-176
-121
-111
-128
-112
-117
-122
-165
-120
-100
-97
-116
-136
-178
-87
-85
-154
-153
-148
-112
-102
-62
-172
-158
-135
-102
-97
-147
-123
-130
-51
-86
-102
-119
-91
-80
-60
-16
-65
-36
-35
15
1
-5
18
31
67
54
78
80
84
79
106
110
124
133
118
135
137
145
118
122
128
152
144
134
143
134
138
109
116
112
123
127
124
114
91
113
113
74
71
90
80
104
84
65
62
77
72
46
64
75
61
59
72
40
84
28
55
72
44
102
28
66
18
64
91
18
47
49
95
41
35
20
27
69
15
36
10
74
39
-50
28
-2
14
-14
-70
16
12
-19
-72
-68
5
-67
-62
-68
-53
-38
-78
-45
-83
-71
-94
-106
-68
-88
-83
-103
-83
-80
-117
-111
-111
-92
-113
-115
-57
-104
-134
-94
-112
-79
-120
-130
-82
-98
-95
-139
-114
-119
-98
-107
-149
-106
-102
-101
-155
-120
-90
-110
-119
-106
-70
-102
-76
-105
-94
-61
-89
-42
-50
-46
-20
0
-21
-22
6
19
48
40
51
50
83
94
87
93
80
114
115
119
116
111
117
128
127
109
114
106
130
108
96
102
89
99
88
88
78
79
73
70
62
67
47
46
71
41
60
41
42
66
59
41
34
54
85
54
23
82
61
83
48
43
100
76
79
37
85
122
65
58
91
73
93
84
70
85
59
100
53
79
59
47
91
62
53
10
48
61
57
-31
-30
83
31
-17
-59
-41
28
-23
-49
-86
-44
0
-68
-87
-68
-91
-91
-51
-90
-76
-129
-97
-23
-86
-133
-150
-50
-46
-127
-112
-99
-57
-61
-124
-114
-105
-90
-125
-78
-60
-130
-89
-113
-98
-117
-146
-119
-126
-87
-120
-120
-106
-149
-168
-117
-123
-147
-137
-125
-79
-132
-148
-116
-72
-81
-138
-87
-30
-35
-68
-47
-24
7
17
-11
31
32
53
56
66
90
54
84
92
99
112
92
108
95
94
96
91
102
68
91
88
84
97
54
65
52
52
65
31
37
43
59
45
39
43
17
43
15
6
36
64
66
29
59
69
63
28
30
53
91
112
82
110
82
99
80
83
96
61
168
116
93
135
67
132
89
58
94
110
163
86
58
93
121
78
30
72
47
114
92
33
25
-11
60
24
15
-2
-3
32
16
-35
-86
-36
0
-15
-43
-16
-60
-49
-71
-87
-39
-109
-52
-29
-35
-58
-79
-99
-89
-66
-106
-48
-60
-71
-114
-72
-80
-175
-145
-114
-107
-112
-67
-163
-176
-145
-150
-187
-206
-136
-174
-99
-163
-207
-193
-231
-181
-194
-147
-148
-114
-108
-130
-115
-133
-112
-87
-43
-30
1
17
-1
-5
30
26
36
71
80
119
88
82
98
107
85
63
101
121
97
76
67
58
71
28
39
39
32
33
0
32
1
-8
-17
-12
3
-21
11
-20
-6
-4
-11
4
-17
20
17
53
84
62
82
66
88
91
100
137
142
194
174
166
164
159
160
152
202
201
231
207
181
193
139
147
146
167
190
149
183
142
104
121
57
101
123
100
83
80
98
44
9
-19
8
9
-8
-15
-9
20
-32
-64
-101
-102
-48
-99
-99
-44
-58
-75
-117
-125
-108
-129
-104
-115
-82
-56
-96
-103
-115
-93
-116
-110
-127
-107
-111
-195
-140
-126
-151
-190
-201
-164
-173
-207
-263
-283
-235
-220
-236
-209
-214
-194
-200
-228
-234
-244
-206
-196
-120
-52
-36
-37
-61
-36
-38
-22
2
48
122
123
133
128
103
95
76
82
96
136
140
120
125
72
59
47
16
13
16
29
6
-5
-30
-42
-36
-56
-58
-54
-37
-33
-45
-65
-74
-39
-12
-32
-33
1
32
19
5
22
72
145
135
136
178
188
189
170
191
229
271
315
311
300
301
278
278
280
273
291
299
285
261
245
221
180
153
172
193
171
132
105
103
111
97
53
58
76
102
71
-5
-20
-26
0
-17
-21
-6
-6
-28
-83
-126
-151
-111
-136
-95
-55
-50
-60
-151
-171
-204
-185
-154
-140
-89
-108
-89
-95
-168
-224
-234
-193
-173
-165
-174
-183
-203
-261
-299
-331
-340
-344
-361
-335
-324
-293
-286
-302
-301
-273
-273
-308
-261
-212
-148
-88
-46
3
21
37
41
58
80
111
153
212
231
219
231
198
173
112
66
94
88
56
46
58
44
-22
-66
-81
-104
-132
-145
-120
-108
-131
-143
-116
-107
-129
-131
-112
-82
-82
-56
-21
7
25
28
65
78
77
94
115
131
164
219
277
296
302
307
313
345
320
304
332
379
417
427
429
398
375
341
340
337
311
329
334
329
308
260
222
190
132
120
122
128
114
85
80
56
22
-15
-28
-46
-69
-79
-75
-69
-101
-128
-147
-151
-158
-176
-168
-164
-160
-162
-171
-177
-201
-205
-196
-199
-198
-212
-223
-229
-274
-281
-270
-269
-269
-302
-328
-365
-376
-430
-488
-490
-452
-354
-329
-296
-247
-231
-217
-253
-247
-198
-130
-32
63
179
236
245
250
215
200
180
205
240
258
286
266
238
137
42
-41
-114
-150
-211
-200
-196
-193
-200
-211
-221
-265
-286
-304
-303
-285
-245
-180
-119
-71
-14
32
55
56
58
68
93
136
179
221
232
251
242
219
166
100
87
81
103
126
139
167
209
225
223
213
198
236
271
300
337
390
469
527
542
545
542
538
533
520
513
502
509
495
466
413
332
265
173
83
-7
-69
-104
-146
-186
-213
-229
-269
-303
-339
-342
-324
-324
-299
-264
-208
-156
-132
-117
-101
-80
-69
-57
-34
8
30
29
23
-7
-50
-127
-205
-251
-281
-319
-377
-433
-506
-569
-632
-689
-740
-767
-709
-599
-470
-366
-277
-209
-173
-152
-141
-90
-15
110
292
468
556
553
517
462
400
323
262
219
193
169
132
60
-61
-202
-329
-426
-531
-585
-601
-587
-544
-477
-375
-329
-312
-296
-254
-208
-168
-106
-29
78
191
314
373
385
388
382
357
291
245
244
250
226
190
170
140
68
-6
-65
-124
-150
-139
-117
-80
18
112
228
347
443
531
529
549
570
615
658
733
832
901
963
884
783
653
533
429
316
248
182
152
69
-26
-147
-253
-331
-435
-503
-538
-516
-480
-412
-312
-209
-136
-92
-43
-19
1
-12
-6
44
98
145
160
178
170
131
67
-36
-138
-224
-295
-365
-434
-482
-521
-559
-613
-684
-765
-866
-931
-924
-859
-705
-492
-238
-57
14
43
62
91
83
134
260
430
549
590
605
562
505
407
288
162
31
-74
-171
-254
-345
-418
-459
-528
-609
-681
-727
-740
-731
-652
-531
-393
-246
-109
18
105
179
234
277
310
345
402
440
462
458
445
401
314
221
125
33
-51
-100
-143
-196
-229
-240
-236
-239
-231
-204
-152
-91
-14
109
250
423
609
812
948
999
1017
997
951
879
843
842
850
827
756
629
474
325
169
27
-101
-200
-256
-313
-361
-387
-399
-388
-365
-339
-307
-256
-181
-80
2
99
206
291
331
334
325
279
201
94
17
-52
-123
-199
-267
-301
-351
-402
-480
-537
-578
-631
-663
-701
-688
-647
-598
-569
-596
-612
-589
-507
-404
-280
-86
149
318
350
336
310
304
276
229
234
253
276
245
185
105
27
-45
-154
-254
-372
-452
-507
-580
-615
-627
-582
-556
-558
-528
-470
-382
-309
-221
-113
12
124
213
291
333
366
367
348
300
243
203
161
113
31
-25
-62
-117
-185
-253
-283
-284
-276
-254
-214
-159
-89
-15
49
132
227
328
425
518
608
719
803
924
1110
1198
1173
1049
957
857
708
545
425
432
429
372
237
128
46
-26
-76
-129
-142
-138
-94
-87
-67
-39
30
109
125
155
177
213
191
174
186
209
196
145
95
19
-67
-195
-325
-475
-570
-614
-656
-698
-680
-598
-557
-543
-557
-526
-509
-485
-458
-445
-402
-386
-370
-381
-392
-370
-315
-254
-136
50
214
276
229
174
149
144
99
50
58
111
130
58
-24
-55
-35
-37
-99
-196
-267
-309
-385
-495
-563
-544
-509
-501
-485
-408
-305
-225
-166
-112
-43
25
81
89
87
107
136
132
102
93
100
80
10
-50
-87
-119
-159
-186
-192
-176
-147
-129
-106
-68
-3
66
123
182
262
357
436
507
564
622
684
755
878
1020
1096
1072
979
882
795
676
539
447
446
465
419
336
255
229
209
170
138
128
145
146
138
132
133
163
194
203
207
200
168
120
83
53
23
-3
-48
-101
-159
-232
-312
-402
-481
-549
-597
-633
-647
-616
-576
-549
-537
-504
-457
-430
-413
-402
-403
-431
-494
-577
-646
-646
-560
-430
-289
-112
76
194
205
155
122
103
91
87
87
79
66
32
-6
-32
-42
-40
-74
-149
-239
-320
-400
-493
-580
-630
-628
-599
-552
-487
-406
-311
-205
-107
-12
70
122
149
137
81
10
-56
-120
-153
-161
-151
-149
-155
-139
-133
-156
-195
-214
-212
-210
-195
-153
-89
-6
100
206
317
421
519
594
635
664
702
758
821
899
971
990
929
834
745
647
550
453
393
386
403
402
389
397
423
442
427
409
394
391
379
361
371
384
406
421
419
412
371
297
204
101
2
-75
-123
-175
-225
-260
-278
-296
-354
-415
-436
-423
-411
-405
-389
-375
-357
-355
-365
-356
-346
-344
-374
-448
-542
-645
-743
-782
-712
-581
-416
-215
-43
40
49
55
87
114
95
66
94
99
35
-44
-83
-94
-119
-148
-180
-206
-277
-371
-426
-495
-611
-717
-746
-723
-692
-644
-535
-362
-196
-73
34
124
171
171
129
58
-40
-135
-202
-252
-302
-336
-324
-298
-310
-350
-368
-356
-348
-345
-317
-230
-121
-49
18
105
201
289
375
475
573
652
722
804
894
970
991
955
892
802
699
592
498
414
363
331
295
271
275
335
416
483
515
544
586
609
599
556
517
497
493
475
452
446
448
433
393
333
260
170
58
-60
-167
-250
-302
-330
-335
-322
-287
-243
-205
-167
-142
-141
-155
-176
-216
-274
-323
-344
-364
-401
-474
-586
-682
-727
-730
-681
-530
-283
-61
57
101
170
258
279
209
158
170
130
-20
-211
-299
-286
-275
-313
-382
-448
-500
-523
-550
-641
-775
-841
-796
-739
-739
-723
-593
-380
-202
-61
80
228
324
323
260
150
9
-156
-314
-463
-612
-711
-730
-702
-686
-669
-609
-503
-413
-376
-334
-270
-197
-127
-35
82
194
302
405
521
630
722
804
879
931
956
968
947
875
755
621
515
418
315
223
160
140
132
147
217
332
461
574
667
720
747
754
704
620
553
498
441
395
358
335
346
352
341
326
282
193
98
3
-95
-165
-213
-220
-183
-142
-102
-42
23
51
50
14
-51
-105
-144
-192
-279
-381
-468
-515
-558
-619
-641
-570
-394
-156
63
165
208
282
395
471
446
387
386
393
259
-5
-269
-424
-482
-533
-609
-708
-775
-763
-672
-618
-683
-768
-727
-582
-513
-548
-547
-414
-204
-43
51
140
239
296
281
187
29
-156
-342
-530
-729
-920
-1043
-1068
-1041
-1008
-939
-791
-584
-380
-216
-75
44
120
174
236
278
278
268
299
374
428
435
437
472
524
567
601
595
548
486
443
412
375
348
344
359
358
335
345
407
500
598
685
744
796
848
849
778
640
489
371
289
204
114
48
36
86
171
247
297
328
345
349
310
222
131
68
32
-5
-25
-19
11
33
17
-31
-99
-155
-190
-208
-267
-399
-536
-644
-704
-725
-706
-618
-423
-94
235
422
469
519
662
765
717
591
543
505
320
32
-227
-386
-511
-616
-698
-777
-847
-837
-724
-658
-729
-785
-668
-483
-430
-471
-429
-284
-149
-65
9
76
87
84
85
30
-128
-324
-473
-622
-825
-1030
-1131
-1144
-1158
-1160
-1069
-881
-664
-465
-267
-81
55
147
234
312
328
288
250
249
244
197
149
141
180
257
365
481
550
564
563
576
579
547
513
489
457
402
347
339
388
459
521
573
624
687
746
759
699
583
469
381
296
180
54
-14
-3
63
143
219
293
366
436
473
460
399
324
254
163
48
-49
-96
-111
-126
-142
-129
-98
-93
-111
-125
-154
-228
-325
-415
-491
-546
-555
-481
-298
-23
244
420
526
632
759
835
795
694
606
502
303
40
-209
-406
-543
-619
-670
-730
-773
-736
-617
-531
-532
-514
-409
-300
-267
-277
-264
-212
-137
-82
-80
-114
-143
-135
-122
-181
-310
-451
-559
-668
-811
-963
-1075
-1124
-1132
-1103
-1018
-870
-693
-507
-312
-127
27
146
230
263
233
157
87
51
22
-35
-95
-104
-25
106
241
366
468
543
596
635
634
599
558
522
496
451
378
326
339
388
428
461
507
581
647
651
597
522
445
378
315
229
129
60
46
84
141
182
227
305
390
442
451
425
373
303
212
106
25
-41
-107
-161
-189
-178
-133
-85
-54
-32
-34
-78
-157
-259
-364
-413
-360
-229
-60
113
263
398
541
683
788
844
871
885
828
629
333
65
-136
-307
-458
-574
-637
-646
-610
-553
-512
-498
-454
-353
-281
-303
-346
-332
-258
-177
-141
-151
-161
-139
-115
-125
-203
-328
-457
-569
-677
-800
-933
-1048
-1108
-1119
-1110
-1070
-986
-854
-684
-496
-326
-180
-46
71
154
185
166
119
62
-14
-122
-230
-296
-296
-230
-96
98
276
399
508
631
709
701
640
593
573
521
418
297
197
162
223
317
363
403
492
595
630
573
479
415
380
310
203
93
21
33
105
164
184
225
306
391
430
402
347
292
221
133
49
-19
-75
-131
-189
-223
-221
-200
-174
-135
-92
-72
-81
-99
-129
-170
-203
-195
-89
110
302
405
462
567
705
810
856
890
939
916
763
520
278
70
-112
-244
-370
-498
-584
-564
-479
-448
-444
-383
-243
-139
-116
-119
-107
-63
-15
8
-20
-64
-97
-120
-164
-273
-412
-534
-635
-736
-855
-981
-1087
-1140
-1154
-1154
-1128
-1053
-916
-750
-573
-393
-223
-82
18
94
130
124
91
46
-39
-161
-265
-323
-330
-288
-172
-9
130
240
352
487
582
606
581
554
533
474
388
283
183
138
168
223
267
336
419
482
501
482
445
401
344
256
143
34
-26
-18
16
37
66
131
213
286
329
319
264
198
139
71
-21
-98
-139
-184
-243
-291
-296
-263
-216
-173
-144
-134
-130
-123
-140
-169
-154
-60
109
285
409
481
552
653
753
815
844
885
932
903
744
531
363
227
91
-54
-200
-307
-342
-319
-302
-304
-276
-169
-31
48
61
58
93
165
211
185
121
87
68
22
-76
-213
-356
-487
-608
-732
-862
-988
-1067
-1086
-1083
-1077
-1041
-945
-804
-651
-494
-339
-193
-74
22
92
109
70
3
-65
-157
-278
-388
-442
-432
-363
-229
-67
76
201
325
434
497
516
516
516
486
410
302
191
116
97
103
98
118
202
308
368
366
342
333
331
310
235
120
16
-22
-20
-27
-45
-30
37
119
191
225
210
172
135
86
-3
-117
-211
-262
-311
-372
-414
-413
-374
-311
-242
-181
-145
-129
-117
-110
-105
-82
2
150
312
432
496
541
611
704
763
792
828
856
812
663
487
336
202
85
-10
-98
-182
-207
-173
-150
-159
-134
-34
77
131
148
180
241
308
337
308
253
203
155
81
-31
-163
-297
-431
-560
-680
-789
-883
-941
-957
-951
-930
-884
-795
-659
-507
-361
-236
-136
-47
34
88
86
33
-38
-119
-210
-319
-424
-492
-502
-427
-266
-77
70
203
359
499
571
571
540
505
463
389
271
121
-10
-62
-48
-34
-17
47
151
236
274
277
270
261
243
194
117
46
19
19
4
-26
-37
-7
48
89
80
41
14
7
-26
-107
-203
-274
-321
-383
-447
-483
-490
-466
-403
-319
-251
-201
-151
-107
-96
-112
-114
-54
76
232
340
382
405
475
579
628
633
686
792
821
713
558
432
328
219
123
22
-78
-108
-47
-4
-43
-55
50
190
242
226
214
243
303
349
344
294
249
234
217
135
-5
-136
-249
-372
-508
-641
-749
-815
-835
-834
-809
-757
-668
-541
-409
-276
-159
-61
2
43
66
54
22
-29
-111
-221
-323
-389
-416
-403
-368
-276
-104
108
286
407
510
614
674
640
543
457
385
285
156
24
-96
-144
-102
-37
9
81
185
272
314
305
262
212
166
105
35
-35
-78
-69
-51
-57
-68
-54
-26
-19
-55
-111
-146
-177
-234
-296
-340
-390
-438
-478
-504
-532
-543
-509
-453
-430
-428
-383
-314
-259
-220
-134
24
232
403
461
450
472
537
543
478
445
523
579
505
375
284
237
199
175
107
17
-14
31
47
-26
-76
-31
77
147
164
166
198
300
405
444
410
376
381
382
316
171
25
-104
-233
-389
-559
-712
-807
-827
-828
-817
-768
-650
-472
-285
-127
-14
76
154
207
203
122
24
-47
-107
-205
-310
-364
-360
-313
-249
-156
-20
142
308
433
507
540
558
557
521
451
366
290
206
107
18
-31
-51
-48
-2
64
115
150
180
201
197
166
122
95
56
7
-31
-47
-43
-40
-37
-48
-47
-47
-76
-126
-177
-220
-276
-339
-406
-467
-511
-539
-554
-577
-591
-566
-500
-453
-451
-454
-429
-378
-333
-269
-116
137
367
466
483
515
574
571
488
428
463
492
415
291
191
122
85
96
87
23
8
85
140
52
-67
-67
22
78
73
60
86
187
335
446
476
483
521
547
479
320
171
41
-127
-329
-521
-677
-780
-805
-789
-770
-724
-606
-430
-245
-83
49
152
219
264
282
239
163
88
17
-74
-169
-217
-231
-224
-185
-95
44
194
335
445
522
564
589
593
545
473
417
381
319
231
156
104
82
76
84
94
118
137
144
146
132
114
91
77
59
32
4
-14
-6
-3
-10
-25
-44
-76
-129
-194
-269
-339
-415
-482
-530
-557
-567
-569
-571
-591
-595
-566
-521
-514
-545
-554
-537
-528
-535
-506
-385
-147
150
361
426
434
493
550
487
332
267
351
384
262
98
18
9
30
54
17
-23
28
143
141
-13
-132
-95
12
36
-23
-64
22
216
395
475
484
533
611
620
488
291
124
-33
-214
-431
-627
-765
-808
-781
-740
-687
-584
-411
-231
-77
54
172
251
274
264
225
165
98
47
7
-54
-93
-93
-59
-27
18
114
238
345
412
467
512
544
559
539
498
454
452
436
387
332
298
276
220
182
177
187
170
138
127
126
139
151
156
132
98
85
84
85
55
22
-16
-45
-72
-124
-199
-277
-325
-379
-448
-517
-565
-589
-602
-607
-622
-638
-628
-572
-515
-509
-535
-547
-524
-512
-548
-604
-581
-390
-67
192
256
254
337
438
381
215
144
241
348
296
138
-1
-38
3
42
-7
-84
-41
83
115
-18
-149
-137
-33
11
-46
-110
-67
112
290
372
389
441
525
535
430
252
89
-62
-232
-426
-603
-704
-729
-693
-650
-574
-449
-295
-151
-34
87
179
221
206
174
137
90
67
51
45
27
24
47
66
85
122
214
290
320
344
403
495
571
630
638
631
645
663
642
547
460
410
362
264
178
176
206
224
226
232
239
273
325
329
281
221
197
188
157
100
54
29
9
-16
-62
-129
-188
-236
-296
-363
-428
-485
-532
-553
-548
-554
-577
-581
-529
-462
-435
-459
-488
-496
-513
-556
-617
-675
-704
-633
-392
-69
154
219
246
330
384
304
160
137
228
235
108
-37
-113
-132
-80
-13
-38
-102
-72
47
45
-98
-226
-237
-192
-172
-150
-132
-65
63
238
374
420
436
429
390
242
47
-135
-305
-472
-624
-690
-708
-676
-613
-502
-357
-225
-92
8
82
117
138
139
99
53
10
16
33
48
52
41
44
71
128
146
168
225
292
355
436
591
745
814
803
785
780
720
622
531
457
364
284
249
223
211
254
343
389
405
436
458
439
381
315
238
178
136
110
81
48
33
27
20
-9
-45
-101
-150
-188
-244
-316
-399
-479
-543
-551
-530
-530
-542
-508
-427
-390
-427
-482
-492
-484
-513
-591
-702
-789
-774
-584
-265
31
190
255
319
361
286
104
-21
26
113
80
-27
-85
-83
-54
3
7
-61
-86
-25
-22
-183
-359
-411
-354
-301
-264
-207
-115
39
197
312
356
359
313
197
45
-128
-284
-430
-542
-620
-651
-613
-524
-422
-346
-238
-108
-27
-29
-61
-46
-22
-22
-50
-58
-44
-17
20
34
20
4
14
31
41
46
79
174
315
465
605
737
867
970
992
903
757
615
502
419
347
278
233
252
334
431
510
557
600
639
624
533
412
317
244
186
148
127
124
144
186
207
192
149
102
45
-22
-69
-115
-182
-274
-345
-378
-385
-388
-404
-411
-400
-376
-368
-377
-387
-401
-413
-418
-423
-435
-476
-556
-663
-740
-743
-604
-316
-7
169
204
236
275
224
76
-7
101
279
338
233
108
42
49
58
-23
-192
-306
-242
-162
-243
-415
-455
-319
-153
-51
-43
-68
-41
60
128
65
-37
-82
-98
-167
-260
-312
-332
-356
-380
-381
-378
-346
-287
-229
-210
-221
-216
-222
-239
-237
-203
-173
-181
-179
-167
-161
-159
-128
-86
-62
-34
39
167
297
414
527
643
743
816
850
836
794
699
552
384
278
275
332
384
414
486
593
699
762
756
692
617
557
466
343
233
186
185
200
226
260
299
313
292
221
118
31
-30
-67
-96
-123
-153
-184
-217
-263
-302
-323
-338
-358
-385
-409
-396
-339
-275
-261
-283
-297
-281
-296
-372
-479
-582
-689
-832
-940
-918
-674
-290
42
222
296
384
390
260
78
33
150
254
263
145
27
-47
-39
-46
-140
-232
-236
-124
-98
-181
-310
-334
-240
-151
-150
-289
-389
-369
-271
-229
-262
-254
-202
-122
-81
-60
-61
-73
-92
-152
-218
-276
-286
-288
-319
-367
-413
-418
-415
-414
-420
-403
-345
-286
-248
-235
-186
-88
32
130
208
308
425
544
623
664
672
661
646
624
591
537
479
421
378
374
435
557
671
738
782
825
840
799
709
590
479
410
370
312
243
216
261
339
395
402
365
306
252
179
59
-75
-155
-180
-183
-185
-178
-154
-129
-127
-148
-177
-207
-234
-269
-295
-302
-288
-266
-244
-222
-237
-288
-357
-417
-485
-568
-652
-718
-767
-802
-750
-578
-252
96
347
415
353
279
155
4
-151
-129
31
203
245
161
91
47
78
54
-20
-156
-229
-204
-224
-316
-468
-493
-474
-471
-528
-600
-602
-544
-385
-236
-133
-67
43
169
203
148
43
-43
-140
-240
-334
-408
-446
-450
-426
-450
-504
-519
-462
-391
-372
-373
-337
-242
-105
38
161
257
349
445
533
592
609
593
549
489
437
413
406
405
433
480
545
594
633
664
699
761
828
877
852
750
605
480
400
340
288
251
272
357
480
573
595
554
483
392
263
89
-91
-221
-283
-257
-172
-73
1
65
134
174
152
41
-107
-239
-319
-344
-337
-330
-324
-273
-171
-99
-129
-234
-340
-413
-466
-506
-519
-507
-487
-462
-444
-487
-577
-622
-526
-308
-103
22
40
10
-54
-108
-119
-82
63
256
448
486
404
237
45
-109
-264
-383
-519
-570
-561
-515
-502
-563
-591
-605
-567
-555
-554
-538
-453
-247
-40
100
128
134
157
177
126
-36
-216
-346
-370
-356
-363
-389
-380
-314
-282
-323
-402
-433
-369
-234
-96
11
119
243
373
453
453
404
362
346
343
356
391
448
514
584
636
659
662
653
640
669
721
766
754
681
608
538
476
401
363
378
430
495
531
538
520
533
537
494
389
256
136
16
-79
-138
-125
-53
55
151
195
201
194
173
107
0
-108
-171
-209
-246
-272
-268
-238
-195
-156
-139
-147
-146
-125
-137
-183
-225
-225
-209
-233
-284
-364
-446
-540
-633
-739
-849
-946
-986
-918
-729
-413
-79
214
351
329
181
-27
-183
-260
-181
-34
127
172
124
14
-130
-228
-339
-397
-480
-503
-486
-474
-477
-543
-561
-584
-579
-582
-573
-511
-408
-219
-40
97
143
132
111
48
-23
-100
-118
-96
-49
18
76
115
92
36
-55
-149
-228
-254
-208
-118
12
134
208
207
194
218
267
307
319
351
416
520
643
730
752
701
633
566
516
517
567
656
724
772
809
805
732
594
468
363
290
257
263
302
346
393
406
377
314
243
192
181
211
251
274
274
264
245
194
100
-18
-116
-173
-191
-168
-102
-31
18
60
95
92
38
-52
-130
-179
-179
-134
-73
-20
-2
-21
-99
-216
-357
-477
-549
-575
-542
-478
-398
-333
-294
-283
-308
-345
-404
-481
-557
-602
-588
-540
-475
-422
-359
-310
-294
-318
-374
-413
-455
-478
-493
-517
-539
-555
-550
-537
-514
-483
-460
-434
-400
-343
-276
-220
-205
-224
-252
-264
-233
-177
-98
-14
68
123
130
100
46
12
7
13
23
46
96
158
216
260
288
307
320
335
332
322
307
290
277
268
289
329
375
395
396
396
406
430
439
428
397
364
344
343
348
354
368
377
392
394
408
426
428
426
421
429
445
466
489
485
468
457
459
461
443
402
352
306
264
221
179
165
178
197
214
228
247
249
223
185
149
122
99
74
47
35
34
25
-4
-43
-79
-120
-155
-192
-232
-282
-336
-375
-396
-404
-427
-467
-512
-541
-560
-577
-606
-643
-667
-671
-650
-627
-611
-620
-651
-691
-727
-734
-719
-688
-667
-658
-650
-648
-638
-630
-613
-583
-531
-461
-395
-341
-303
-264
-230
-204
-170
-126
-71
-22
21
56
82
111
129
143
150
160
164
157
151
153
176
202
219
212
188
178
183
203
207
190
170
179
237
308
361
380
383
381
373
350
303
238
171
124
107
115
122
112
106
123
180
252
309
332
314
288
280
296
328
358
376
393
415
437
464
494
526
547
556
550
531
509
500
507
513
527
543
550
535
497
459
424
396
371
347
320
299
293
277
247
207
172
138
81
11
-65
-118
-131
-119
-111
-130
-165
-210
-252
-303
-377
-455
-530
-572
-590
-592
-584
-571
-553
-550
-568
-605
-632
-648
-665
-688
-714
-721
-725
-731
-739
-746
-733
-702
-670
-659
-658
-654
-643
-628
-627
-625
-600
-535
-452
-385
-344
-300
-237
-160
-81
-11
58
122
163
174
150
119
110
123
134
133
121
97
68
36
17
8
14
37
74
129
198
275
337
371
374
356
335
303
264
214
172
145
134
144
168
200
227
247
257
266
274
268
240
196
161
162
186
223
258
286
295
282
253
226
213
228
281
342
391
430
474
522
557
582
597
607
613
612
600
584
578
586
597
612
616
591
535
461
387
319
257
207
167
138
124
114
96
59
24
-6
-29
-47
-69
-94
-122
-145
-183
-251
-335
-405
-445
-469
-487
-506
-516
-515
-512
-510
-527
-550
-581
-612
-635
-645
-649
-653
-652
-646
-634
-620
-616
-631
-668
-711
-754
-775
-761
-713
-648
-577
-499
-439
-405
-383
-351
-298
-236
-175
-129
-94
-67
-50
-49
-61
-72
-74
-64
-48
-27
0
34
74
101
108
109
121
135
139
132
127
138
157
179
189
194
207
224
233
226
217
218
228
243
259
267
274
289
304
310
308
302
297
292
290
290
285
266
229
189
170
180
204
236
270
307
345
379
396
395
387
387
397
408
418
436
478
527
552
537
503
480
473
474
462
432
397
384
390
383
342
281
238
233
259
286
287
259
212
156
88
17
-42
-82
-108
-128
-156
-198
-243
-276
-292
-304
-321
-344
-357
-362
-371
-390
-417
-443
-461
-461
-454
-453
-467
-492
-522
-557
-588
-611
-623
-619
-607
-583
-552
-526
-506
-488
-475
-467
-460
-457
-456
-463
-478
-499
-509
-488
-437
-375
-323
-295
-288
-293
-289
-276
-269
-258
-227
-171
-112
-73
-66
-77
-90
-82
-44
10
69
119
159
184
194
195
189
178
176
178
182
183
186
198
227
280
340
381
397
396
383
363
340
307
279
271
286
316
345
368
382
392
410
431
441
429
406
387
380
383
386
389
394
407
417
413
390
357
332
308
281
255
234
224
225
231
233
237
254
272
276
268
254
238
229
226
210
179
160
158
159
145
118
87
60
46
34
9
-30
-69
-97
-118
-135
-152
-173
-184
-188
-195
-219
-256
-294
-321
-332
-335
-339
-355
-364
-354
-337
-328
-341
-367
-387
-392
-384
-386
-404
-416
-407
-387
-374
-364
-360
-359
-354
-350
-352
-364
-373
-374
-371
-368
-372
-376
-384
-392
-405
-427
-448
-459
-457
-445
-422
-395
-364
-324
-286
-265
-255
-242
-217
-188
-155
-122
-94
-64
-24
20
57
92
134
180
217
241
244
229
215
216
232
256
291
332
372
411
445
464
471
479
494
512
525
535
540
543
555
565
563
550
544
541
523
493
466
443
426
420
411
392
364
338
311
285
255
219
185
161
148
134
103
58
22
0
-15
-37
-67
-96
-106
-91
-71
-63
-63
-68
-84
-101
-106
-110
-105
-82
-44
-11
7
9
0
-13
-24
-31
-36
-41
-35
-22
-15
-10
-9
-27
-55
-77
-89
-109
-143
-177
-203
-211
-195
-171
-154
-147
-138
-126
-122
-133
-167
-210
-243
-264
-277
-286
-290
-288
-295
-321
-356
-389
-416
-435
-451
-464
-472
-470
-463
-454
-443
-433
-427
-430
-440
-444
-444
-441
-438
-426
-394
-347
-300
-270
-259
-258
-253
-246
-237
-226
-202
-159
-114
-75
-39
12
85
163
228
273
308
345
383
416
436
451
477
515
555
587
612
625
621
605
586
578
577
578
578
577
575
577
579
577
569
557
535
509
482
457
434
406
364
314
261
214
166
118
66
16
-27
-53
-67
-79
-97
-117
-142
-174
-211
-248
-270
-273
-264
-251
-236
-224
-211
-201
-195
-191
-187
-179
-164
-142
-122
-105
-95
-87
-85
-80
-67
-56
-46
-35
-23
-14
-5
9
32
68
106
133
138
135
132
123
100
71
48
34
20
-3
-38
-74
-101
-123
-143
-170
-205
-239
-267
-283
-296
-310
-324
-335
-335
-334
-339
-353
-369
-384
-394
-400
-400
-397
-391
-383
-375
-371
-369
-370
-370
-371
-367
-357
-340
-313
-278
-230
-178
-127
-80
-45
-22
0
19
35
41
43
54
77
115
156
194
228
261
295
327
349
354
349
350
366
393
418
444
477
519
565
595
597
583
564
549
530
504
478
448
420
396
378
357
333
310
291
275
255
226
188
149
119
94
67
33
4
-20
-42
-64
-91
-117
-136
-141
-136
-142
-161
-189
-209
-223
-233
-250
-274
-293
-295
-290
-288
-298
-310
-320
-319
-305
-294
-286
-277
-253
-219
-186
-159
-134
-107
-78
-50
-29
-16
-6
2
3
8
14
22
31
41
51
57
56
52
50
55
57
51
35
20
13
11
3
-15
-37
-52
-60
-66
-78
-102
-125
-142
-153
-169
-192
-213
-222
-223
-218
-216
-213
-206
-193
-178
-171
-173
-178
-174
-160
-144
-133
-127
-120
-107
-87
-66
-48
-39
-33
-21
-5
18
38
53
64
75
94
118
141
159
177
197
222
245
262
268
270
273
276
275
264
252
249
248
246
247
256
277
295
303
298
286
270
258
249
242
231
220
215
215
214
203
189
186
191
193
179
147
111
76
38
-5
-45
-72
-80
-83
-90
-105
-124
-142
-153
-162
-175
-190
-206
-224
-238
-256
-276
-293
-307
-309
-304
-292
-285
-288
-299
-311
-316
-316
-317
-318
-315
-309
-301
-292
-282
-270
-251
-224
-194
-170
-149
-129
-105
-81
-67
-64
-58
-40
-13
15
36
49
57
66
81
95
109
117
128
145
166
184
193
201
208
209
202
190
177
164
159
154
149
142
134
127
125
119
108
87
62
42
27
15
6
1
6
18
35
47
51
51
50
51
53
49
43
42
39
35
36
40
47
59
70
77
79
81
87
94
104
120
134
141
150
161
163
159
150
142
142
151
162
166
169
178
182
177
163
139
113
94
76
57
48
44
44
43
37
25
5
-17
-38
-52
-66
-79
-90
-97
-101
-105
-115
-133
-162
-190
-208
-221
-235
-253
-273
-287
-298
-302
-312
-331
-345
-353
-355
-357
-362
-364
-360
-346
-326
-313
-303
-293
-283
-277
-271
-267
-262
-260
-248
-228
-209
-192
-177
-165
-150
-133
-113
-99
-89
-74
-59
-37
-10
14
31
47
69
87
103
121
142
165
191
217
243
265
286
305
313
319
327
330
332
332
333
341
353
366
377
375
371
368
363
355
337
311
284
261
246
236
226
217
214
215
212
202
183
162
145
124
103
88
75
67
64
60
56
43
31
22
17
15
11
8
6
6
6
7
6
2
-3
-12
-22
-24
-20
-12
-3
3
10
15
13
6
-6
-20
-33
-45
-57
-70
-79
-79
-75
-77
-83
-90
-102
-115
-135
-159
-182
-206
-230
-248
-260
-270
-281
-292
-302
-315
-333
-349
-361
-370
-377
-384
-390
-394
-392
-389
-389
-393
-392
-386
-379
-369
-357
-346
-338
-328
-310
-288
-263
-240
-220
-205
-185
-161
-138
-118
-105
-95
-81
-69
-51
-31
-11
10
32
56
82
107
126
136
139
140
147
160
179
202
226
248
269
292
315
334
344
351
356
363
366
365
364
366
368
370
377
387
394
398
401
400
398
394
385
370
353
341
331
325
321
319
317
312
305
294
275
255
238
221
201
183
167
158
153
150
145
134
122
108
94
78
63
50
38
23
10
-2
-13
-26
-41
-58
-74
-88
-98
-108
-120
-133
-141
-148
-161
-176
-193
-210
-221
-231
-241
-251
-256
-257
-255
-255
-260
-268
-280
-288
-296
-304
-308
-311
-316
-320
-323
-328
-333
-335
-340
-348
-357
-360
-361
-366
-371
-374
-376
-372
-367
-361
-352
-344
-337
-331
-326
-318
-309
-301
-293
-283
-270
-253
-234
-211
-188
-169
-149
-126
-105
-88
-71
-52
-32
-13
1
15
31
52
75
95
116
138
160
176
188
195
200
207
216
225
239
252
267
287
306
320
330
340
350
361
364
366
368
375
386
399
410
417
425
433
440
442
438
431
423
413
403
395
389
389
391
394
394
390
383
372
360
347
333
318
300
281
265
250
235
224
218
212
207
194
175
151
124
101
74
45
21
3
-15
-31
-49
-70
-94
-113
-130
-151
-174
-198
-221
-239
-254
-270
-288
-306
-318
-328
-342
-356
-370
-383
-395
-399
-402
-405
-411
-418
-424
-426
-425
-425
-418
-412
-411
-404
-395
-383
-378
-381
-386
-390
-389
-382
-374
-362
-352
-353
-333
-302
-278
-255
-266
-292
-314
-335
-314
-265
-209
-147
-131
-163
-212
-266
-267
-203
-115
-33
-1
-32
-99
-156
-160
-109
-17
71
104
85
31
-27
-38
7
79
151
193
188
151
116
105
132
192
246
279
289
275
259
259
278
318
358
381
394
396
394
400
407
419
437
455
478
491
492
490
481
476
474
467
465
460
451
450
445
434
420
404
390
381
368
350
326
304
278
253
228
208
192
176
159
138
117
90
60
35
14
-5
-21
-41
-63
-84
-112
-136
-155
-172
-181
-189
-200
-215
-234
-256
-271
-281
-288
-291
-293
-298
-302
-305
-314
-319
-320
-322
-322
-321
-327
-334
-337
-338
-336
-332
-329
-328
-327
-328
-329
-328
-325
-323
-319
-315
-312
-307
-298
-289
-283
-283
-287
-291
-286
-274
-259
-242
-228
-222
-218
-217
-214
-205
-193
-175
-153
-134
-119
-111
-107
-101
-94
-82
-63
-44
-23
-5
9
22
33
45
58
76
92
108
124
137
151
164
182
206
228
247
260
265
271
282
294
310
325
337
348
355
358
361
358
359
362
371
382
381
375
364
354
356
358
360
361
355
345
330
313
301
295
291
283
272
257
241
225
212
201
192
178
156
134
119
108
102
96
87
70
50
29
11
-1
-9
-20
-32
-49
-68
-87
-98
-104
-106
-109
-120
-134
-150
-162
-170
-175
-181
-192
-202
-212
-219
-221
-225
-230
-229
-230
-233
-243
-253
-258
-261
-263
-261
-257
-249
-242
-240
-240
-243
-247
-250
-251
-246
-244
-242
-240
-236
-230
-224
-221
-218
-217
-218
-221
-219
-214
-202
-191
-184
-185
-185
-180
-167
-149
-130
-118
-112
-105
-97
-89
-83
-71
-56
-42
-31
-24
-13
2
18
32
43
54
65
74
84
93
102
112
123
133
145
156
167
180
193
204
206
207
210
221
236
247
251
253
255
260
260
258
258
258
259
258
254
247
243
242
238
227
209
190
177
172
169
161
148
134
123
112
101
94
91
87
77
62
43
25
17
15
17
14
5
-10
-24
-32
-35
-40
-47
-53
-60
-67
-76
-85
-88
-91
-91
-90
-91
-93
-101
-109
-112
-112
-108
-107
-112
-119
-129
-136
-138
-137
-133
-128
-125
-130
-136
-141
-145
-144
-141
-142
-144
-147
-150
-151
-147
-142
-140
-138
-139
-144
-148
-151
-149
-146
-142
-136
-130
-122
-114
-105
-95
-91
-86
-83
-79
-72
-60
-43
-27
-11
3
10
15
23
33
46
61
78
89
97
101
100
102
108
118
132
147
158
164
164
162
159
161
164
164
165
165
165
164
167
170
173
174
173
170
164
157
152
150
148
147
144
136
130
128
125
122
116
105
93
83
76
71
69
64
56
47
33
21
11
3
-1
-6
-12
-21
-29
-36
-44
-54
-64
-77
-82
-84
-88
-96
-108
-118
-125
-128
-128
-130
-135
-139
-143
-142
-138
-142
-143
-145
-145
-145
-147
-147
-142
-134
-126
-125
-128
-131
-130
-125
-116
-108
-102
-98
-95
-89
-79
-71
-69
-66
-62
-57
-54
-51
-47
-39
-32
-29
-32
-36
-37
-36
-33
-28
-24
-20
-14
-9
-5
-4
-6
-7
-4
2
11
17
22
29
35
35
36
34
36
40
45
46
48
53
62
75
87
97
99
101
103
109
119
127
134
138
141
143
151
165
174
180
181
181
179
176
173
174
178
178
177
173
165
159
153
151
149
144
133
123
113
103
94
88
81
76
68
54
40
28
20
12
1
-10
-20
-27
-35
-46
-59
-72
-81
-89
-99
-109
-120
-131
-140
-144
-148
-154
-162
-170
-177
-183
-187
-192
-194
-197
-197
-198
-200
-202
-200
-197
-197
-197
-198
-199
-198
-195
-191
-186
-181
-174
-163
-154
-149
-145
-139
-133
-125
-117
-109
-98
-85
-73
-63
-55
-46
-40
-33
-27
-22
-13
-5
3
7
10
15
23
34
42
50
54
59
65
72
76
80
87
95
102
108
112
113
112
112
116
121
127
129
131
130
128
125
125
124
126
128
130
132
134
135
138
140
142
146
150
155
157
159
159
158
157
157
158
159
163
164
165
161
157
155
151
146
143
141
139
136
133
130
126
122
117
110
104
97
87
80
72
67
59
50
42
29
16
1
-10
-21
-31
-40
-52
-66
-80
-94
-107
-119
-129
-136
-145
-155
-170
-183
-194
-204
-212
-221
-229
-235
-242
-250
-255
-256
-259
-261
-266
-271
-273
-274
-273
-268
-264
-259
-256
-253
-250
-243
-235
-226
-218
-209
-199
-189
-180
-168
-154
-143
-131
-119
-106
-96
-84
-73
-62
-51
-42
-29
-18
-5
10
20
30
42
52
63
73
80
87
95
102
110
118
129
138
144
147
150
150
150
152
154
159
162
161
161
160
159
159
164
168
172
174
171
166
165
166
166
165
166
169
174
177
176
171
167
163
160
158
161
164
165
166
165
160
156
150
144
144
146
146
146
146
146
142
137
133
131
130
125
116
105
94
88
82
77
74
65
53
38
23
9
-5
-16
-23
-27
-35
-51
-64
-77
-91
-107
-120
-125
-129
-137
-150
-166
-178
-188
-199
-209
-216
-224
-230
-235
-243
-253
-258
-261
-262
-260
-263
-266
-265
-266
-265
-262
-259
-257
-253
-248
-243
-238
-232
-225
-219
-212
-205
-197
-187
-176
-165
-153
-140
-129
-120
-112
-101
-86
-73
-60
-47
-38
-29
-16
-5
6
16
25
37
48
54
59
67
76
84
91
98
106
115
122
129
135
144
152
158
162
166
170
174
176
175
177
178
181
181
177
177
178
180
182
184
184
184
184
184
184
181
179
176
171
166
164
159
160
161
159
158
153
147
141
137
133
132
128
123
118
109
104
97
90
85
82
77
72
67
60
54
46
41
34
28
18
10
1
-8
-16
-24
-31
-40
-46
-54
-61
-66
-73
-80
-88
-92
-101
-111
-121
-128
-136
-142
-147
-151
-156
-161
-166
-174
-179
-183
-185
-187
-189
-192
-193
-196
-199
-200
-201
-202
-203
-204
-202
-202
-201
-197
-191
-188
-182
-177
-173
-169
-166
-161
-159
-153
-146
-139
-130
-122
-113
-104
-96
-88
-80
-74
-70
-61
-54
-46
-35
-22
-12
-1
11
22
31
39
48
54
63
73
84
93
102
109
115
123
129
137
143
150
159
166
173
177
183
185
189
192
196
199
202
202
203
203
203
204
204
203
202
199
198
198
194
191
185
179
176
170
164
156
149
143
136
129
121
114
107
98
89
82
73
64
56
47
40
35
27
19
12
5
-2
-9
-14
-19
-26
-36
-44
-50
-56
-62
-69
-74
-77
-79
-83
-88
-92
-96
-100
-104
-108
-111
-112
-114
-116
-119
-119
-121
-124
-130
-131
-130
-128
-128
-129
-132
-134
-136
-137
-137
-137
-137
-138
-139
-141
-142
-146
-147
-145
-144
-143
-143
-143
-141
-138
-140
-138
-137
-132
-128
-128
-125
-121
-116
-110
-106
-102
-98
-93
-89
-83
-79
-73
-66
-58
-49
-40
-31
-23
-11
-4
3
10
17
27
37
47
56
66
75
83
93
101
109
116
125
132
139
147
154
159
164
169
174
179
184
188
189
190
190
189
188
187
187
188
188
185
180
176
170
166
162
157
150
141
133
128
121
114
105
97
90
82
73
61
53
44
35
29
21
12
4
-6
-15
-21
-25
-31
-38
-45
-49
-55
-59
-65
-70
-76
-81
-85
-89
-93
-96
-99
-98
-98
-98
-99
-101
-103
-102
-99
-97
-96
-94
-91
-89
-85
-82
-81
-80
-79
-78
-76
-76
-77
-77
-75
-72
-70
-65
-65
-64
-61
-61
-59
-57
-57
-56
-53
-51
-48
-47
-48
-47
-47
-46
-48
-49
-50
-51
-50
-50
-46
-44
-43
-40
-37
-32
-29
-27
-23
-20
-18
-15
-12
-8
-4
1
6
10
16
19
22
27
31
35
40
45
51
60
64
69
75
80
83
87
92
94
99
100
102
109
111
113
115
117
118
118
118
115
112
111
109
107
105
101
98
93
89
84
79
72
66
59
53
47
40
34
27
21
14
7
2
-3
-9
-16
-21
-27
-34
-37
-43
-48
-51
-56
-59
-62
-66
-70
-72
-75
-78
-79
-79
-80
-81
-83
-83
-81
-79
-78
-78
-77
-74
-74
-71
-68
-67
-63
-60
-59
-55
-54
-50
-47
-47
-45
-43
-42
-39
-37
-35
-33
-30
-28
-25
-22
-21
-20
-21
-21
-22
-23
-22
-23
-23
-21
-22
-21
-16
-15
-12
-11
-11
-9
-7
-6
-5
-4
-2
-1
0
1
4
7
8
9
11
12
16
18
20
23
27
28
33
36
39
42
45
48
51
53
55
58
62
61
62
64
66
69
70
70
70
71
72
72
72
72
70
68
65
62
60
57
52
47
43
39
35
33
30
25
23
20
17
15
13
11
9
7
3
-2
-5
-7
-11
-16
-22
-25
-28
-31
-33
-35
-38
-42
-44
-45
-43
-46
-49
-51
-53
-54
-55
-56
-58
-59
-60
-61
-61
-61
-61
-60
-59
-57
-56
-55
-53
-49
-47
-47
-46
-44
-41
-39
-38
-36
-36
-35
-32
-29
-26
-24
-20
-18
-14
-11
-9
-7
-4
-2
0
2
6
10
12
13
17
20
24
27
31
34
37
39
39
42
43
45
44
45
46
46
46
48
49
49
49
49
49
50
52
54
55
55
55
55
54
54
53
52
51
49
50
50
50
51
50
49
50
49
46
45
43
41
40
37
34
33
30
28
27
23
20
18
17
15
13
11
8
6
3
1
-2
-5
-8
-11
-15
-19
-23
-27
-31
-33
-36
-39
-40
-43
-46
-49
-52
-55
-58
-62
-65
-70
-71
-75
-77
-80
-79
-81
-84
-84
-87
-88
-90
-91
-89
-90
-89
-88
-87
-84
-84
-83
-82
-81
-79
-77
-76
-74
-71
-69
-67
-64
-61
-56
-53
-50
-47
-42
-39
-36
-33
-29
-25
-23
-19
-16
-12
-9
-5
-1
3
8
10
14
18
22
26
28
33
36
39
43
48
52
56
59
62
66
68
70
73
74
78
80
83
86
88
91
93
95
97
100
101
102
102
104
104
103
104
103
104
103
100
97
93
90
87
85
84
82
79
76
74
72
66
64
61
58
55
53
49
44
39
35
29
27
22
18
13
5
0
-6
-12
-16
-20
-24
-27
-32
-37
-40
-45
-48
-50
-53
-55
-58
-59
-61
-63
-67
-71
-73
-74
-77
-80
-84
-86
-89
-92
-93
-94
-95
-96
-97
-98
-97
-95
-95
-96
-94
-94
-94
-93
-92
-91
-91
-89
-88
-87
-85
-84
-81
-79
-77
-75
-72
-68
-64
-62
-57
-53
-50
-47
-43
-37
-33
-30
-26
-23
-18
-15
-11
-6
-1
4
9
13
20
24
29
33
37
42
46
50
56
58
61
65
69
75
79
82
86
89
92
92
95
100
104
106
108
110
111
112
112
114
113
113
114
114
116
116
115
113
111
111
110
110
110
107
105
103
98
96
92
90
87
83
78
73
67
63
57
52
46
41
35
29
22
17
11
5
0
-8
-13
-20
-26
-33
-40
-45
-51
-56
-65
-71
-78
-82
-88
-92
-95
-100
-105
-111
-115
-119
-121
-124
-128
-129
-130
-131
-134
-134
-136
-137
-136
-136
-136
-133
-130
-127
-124
-122
-119
-115
-113
-109
-106
-101
-98
-94
-92
-88
-85
-80
-74
-67
-61
-56
-51
-46
-41
-36
-32
-28
-23
-18
-14
-9
-4
1
6
10
15
19
23
28
30
33
36
38
40
43
45
47
49
52
53
56
58
60
62
63
65
67
68
70
73
72
73
75
76
76
78
80
83
85
88
91
93
95
95
98
99
101
103
105
107
108
109
111
112
114
114
113
112
111
110
108
106
103
102
99
98
95
90
86
81
75
70
65
57
52
46
39
32
26
20
12
6
-4
-11
-19
-26
-35
-43
-51
-58
-64
-71
-77
-83
-90
-96
-102
-107
-114
-120
-126
-132
-133
-134
-139
-140
-141
-143
-145
-145
-144
-144
-142
-141
-140
-138
-134
-133
-129
-126
-123
-119
-115
-110
-103
-97
-90
-86
-80
-75
-69
-62
-57
-50
-42
-34
-30
-22
-17
-13
-7
-3
2
7
12
17
24
29
33
37
42
46
51
54
56
56
57
58
59
59
59
60
63
65
66
66
69
71
70
71
73
72
71
72
71
71
69
68
71
71
71
71
70
70
73
73
73
73
73
73
73
73
75
75
74
75
73
73
74
74
73
72
71
70
71
71
71
72
68
66
62
59
55
51
47
45
40
36
33
33
29
23
17
13
10
6
2
-6
-14
-20
-26
-34
-40
-47
-54
-59
-66
-70
-76
-83
-88
-93
-97
-102
-107
-109
-112
-117
-123
-128
-132
-133
-135
-137
-138
-138
-136
-136
-135
-133
-131
-130
-129
-126
-123
-121
-117
-113
-109
-105
-99
-94
-89
-81
-76
-69
-63
-55
-49
-43
-38
-31
-23
-16
-10
-2
5
11
18
24
29
37
42
47
51
59
63
66
71
74
79
82
86
90
94
96
98
99
100
101
101
101
102
103
102
103
104
102
100
98
96
95
93
90
85
82
82
79
74
72
69
67
64
62
59
58
55
53
50
49
45
44
41
38
34
31
29
27
25
23
21
19
16
15
13
10
8
7
6
4
2
1
-2
-4
-5
-5
-8
-10
-10
-14
-18
-21
-25
-28
-33
-35
-37
-40
-42
-44
-47
-50
-52
-55
-59
-62
-66
-69
-71
-75
-77
-80
-83
-84
-88
-89
-91
-91
-94
-93
-95
-96
-96
-96
-94
-97
-96
-94
-93
-92
-90
-87
-84
-81
-78
-75
-71
-68
-64
-60
-57
-52
-48
-43
-39
-34
-30
-25
-21
-16
-12
-7
-3
3
9
15
21
26
31
36
41
46
50
53
56
61
63
65
68
71
73
74
77
78
80
82
83
86
88
88
87
88
89
88
87
85
84
83
83
80
78
78
76
73
72
70
67
64
61
59
56
52
48
46
40
39
33
31
27
25
22
18
15
12
9
5
3
0
-3
-6
-7
-10
-14
-16
-19
-20
-23
-25
-27
-28
-29
-30
-32
-33
-33
-34
-36
-36
-36
-36
-36
-38
-39
-40
-39
-41
-40
-41
-39
-39
-40
-40
-40
-40
-39
-39
-39
-39
-38
-37
-38
-38
-39
-38
-39
-39
-41
-39
-39
-40
-40
-40
-40
-40
-40
-38
-38
-36
-35
-32
-31
-31
-31
-30
-30
-29
-28
-26
-25
-22
-20
-18
-17
-13
-12
-9
-3
0
3
5
9
12
14
18
21
25
29
33
36
39
41
44
47
49
53
56
59
61
64
65
67
69
70
70
70
71
71
70
69
68
68
66
64
64
62
60
58
57
55
52
50
45
41
38
35
30
26
25
21
17
15
12
7
2
0
-4
-8
-13
-15
-18
-21
-23
-25
-27
-31
-31
-33
-35
-35
-38
-41
-43
-45
-47
-49
-50
-50
-50
-49
-50
-48
-49
-49
-51
-52
-52
-51
-51
-49
-49
-50
-48
-48
-50
-50
-48
-45
-44
-44
-44
-44
-44
-43
-43
-42
-40
-37
-36
-35
-35
-35
-35
-36
-37
-37
-35
-33
-32
-30
-31
-30
-29
-28
-27
-26
-24
-23
-22
-19
-16
-15
-13
-10
-10
-8
-4
-2
1
3
6
7
10
14
18
22
25
30
34
38
42
44
46
50
54
56
60
63
68
71
74
78
81
82
84
86
88
89
91
92
93
92
92
93
92
91
91
90
89
88
85
81
78
73
70
68
65
60
55
50
45
38
34
28
22
16
11
5
0
-4
-11
-15
-21
-27
-31
-36
-39
-44
-50
-53
-57
-61
-65
-69
-72
-75
-78
-80
-82
-84
-85
-87
-88
-88
-87
-88
-87
-85
-85
-83
-81
-82
-79
-76
-74
-73
-70
-66
-64
-63
-60
-58
-55
-51
-49
-47
-45
-40
-38
-35
-32
-30
-29
-26
-21
-19
-18
-15
-14
-13
-11
-10
-8
-7
-5
-4
-2
1
2
4
4
6
6
9
11
11
12
14
15
18
18
20
21
23
25
27
31
31
32
34
37
37
40
42
45
48
53
56
58
61
63
65
67
69
70
73
76
78
79
83
85
86
85
87
88
87
88
87
86
85
85
83
81
79
78
77
73
71
68
65
62
56
51
46
41
37
32
27
24
18
13
7
2
-4
-12
-18
-25
-30
-35
-39
-43
-47
-51
-57
-62
-65
-67
-71
-77
-81
-84
-84
-86
-88
-88
-91
-89
-88
-90
-90
-90
-89
-88
-89
-87
-88
-85
-81
-80
-78
-74
-71
-68
-64
-64
-62
-60
-57
-54
-50
-45
-43
-39
-35
-31
-28
-25
-23
-21
-19
-17
-16
-13
-11
-8
-7
-5
-4
-3
-1
-1
0
1
1
2
3
5
7
8
10
11
13
14
14
14
15
16
17
20
21
23
25
25
28
30
31
31
32
34
35
37
38
39
43
46
46
47
48
50
51
53
54
54
57
58
59
61
63
63
64
64
64
64
62
61
62
61
60
60
59
59
58
55
52
51
48
45
42
39
37
34
32
28
25
23
20
13
10
8
4
2
0
-4
-8
-11
-14
-17
-20
-24
-27
-31
-32
-36
-42
-43
-45
-48
-52
-53
-54
-55
-57
-59
-61
-61
-63
-66
-66
-68
-68
-67
-68
-69
-66
-65
-66
-65
-63
-60
-60
-59
-55
-53
-51
-49
-45
-43
-39
-36
-33
-31
-28
-25
-22
-19
-14
-11
-9
-7
-4
-3
-1
3
4
6
8
8
10
11
11
12
14
16
16
17
18
18
19
19
19
20
21
23
21
22
24
26
25
25
27
27
25
29
32
32
33
33
34
35
35
35
35
34
36
36
37
36
36
36
35
34
34
36
35
35
35
35
34
34
33
31
29
28
27
25
25
25
22
20
18
17
15
14
14
13
12
11
9
7
7
5
3
-1
-1
-2
-3
-5
-7
-7
-11
-12
-13
-16
-15
-16
-16
-18
-18
-18
-18
-21
-21
-22
-24
-25
-25
-28
-29
-30
-31
-32
-32
-35
-35
-36
-36
-38
-38
-38
-40
-40
-41
-42
-42
-40
-42
-42
-40
-41
-40
-39
-39
-38
-36
-35
-32
-29
-27
-24
-22
-20
-16
-14
-12
-11
-7
-5
-2
1
4
6
9
10
13
15
15
19
19
22
23
25
27
28
30
31
32
32
31
32
31
32
33
32
31
32
33
32
33
34
32
31
31
30
30
29
29
27
27
26
25
24
23
22
20
20
16
15
14
13
12
11
10
9
6
4
3
2
0
-2
-2
-3
-3
-5
-7
-8
-8
-9
-9
-11
-11
-12
-12
-13
-14
-15
-14
-14
-14
-12
-13
-13
-15
-16
-15
-15
-16
-17
-17
-17
-15
-15
-17
-16
-17
-17
-18
-19
-19
-18
-18
-18
-18
-18
-19
-19
-19
-18
-17
-18
-17
-16
-15
-17
-16
-16
-15
-14
-12
-12
-13
-10
-9
-9
-10
-9
-8
-7
-6
-4
-2
-1
-2
-1
0
1
1
2
4
7
8
9
10
10
11
13
14
13
14
17
17
16
15
16
18
18
20
21
20
21
22
21
21
21
21
20
19
20
19
20
20
18
18
18
16
14
13
13
14
13
11
11
10
10
8
6
5
6
6
4
4
4
1
0
-3
-4
-1
-1
-2
-3
-3
-4
-6
-7
-9
-9
-8
-8
-9
-9
-10
-10
-10
-11
-11
-10
-9
-9
-9
-9
-8
-7
-7
-8
-8
-7
-8
-9
-10
-9
-8
-9
-9
-7
-6
-7
-5
-7
-6
-5
-4
-4
-4
-3
-3
-3
-2
-2
-1
0
1
0
2
3
2
2
1
1
2
3
2
3
4
4
2
3
3
2
1
1
0
1
2
2
1
2
3
4
4
4
3
4
5
5
4
4
6
6
6
5
4
5
5
5
3
2
3
4
4
3
3
4
5
6
4
4
5
5
5
4
5
7
6
6
5
6
5
4
4
3
4
3
2
3
2
1
-1
-2
-3
-4
-4
-6
-7
-7
-7
-7
-8
-9
-11
-11
-11
-11
-11
-11
-12
-11
-12
-10
-9
-8
-8
-10
-10
-11
-10
-10
-12
-11
-10
-11
-11
-10
-11
-11
-10
-10
-13
-13
-12
-13
-14
-13
-13
-12
-12
-14
-14
-14
-15
-15
-14
-12
-11
-11
-9
-8
-7
-7
-4
-5
-6
-2
-1
-2
0
-2
-3
-2
-2
-2
0
2
1
1
3
6
6
9
10
10
11
12
13
12
13
15
14
16
16
16
14
13
15
14
14
17
16
18
19
19
19
18
19
19
19
20
19
20
20
19
19
21
20
18
19
18
19
19
18
19
19
19
20
18
17
15
15
14
14
13
13
11
11
9
7
6
4
4
3
3
1
-1
-1
-3
-2
-3
-3
-3
-5
-8
-9
-11
-13
-13
-12
-13
-12
-15
-17
-19
-20
-21
-23
-22
-22
-22
-21
-22
-22
-22
-25
-24
-25
-23
-22
-24
-24
-22
-22
-21
-20
-18
-18
-16
-15
-14
-13
-12
-12
-11
-10
-8
-8
-7
-5
-4
-3
-3
-1
-1
0
1
2
3
4
4
4
5
5
5
7
8
9
10
11
13
13
11
12
12
13
14
14
15
15
15
16
15
16
17
17
18
20
20
20
19
19
20
20
20
21
21
21
20
20
21
22
22
22
23
23
22
23
22
22
22
21
21
21
20
19
19
18
18
16
14
12
11
10
8
8
6
5
3
2
0
-3
-6
-8
-8
-9
-11
-14
-15
-17
-20
-21
-23
-24
-27
-29
-30
-31
-33
-35
-37
-39
-40
-40
-42
-43
-44
-44
-45
-46
-47
-48
-48
-48
-48
-49
-48
-48
-47
-47
-48
-45
-46
-45
-43
-43
-42
-40
-40
-38
-36
-33
-32
-29
-28
-27
-24
-22
-20
-18
-15
-13
-11
-10
-8
-6
-4
0
0
3
4
6
7
9
10
12
14
15
17
20
20
19
19
22
24
25
25
25
28
28
30
32
35
35
36
38
38
39
39
41
43
42
43
44
44
45
43
43
44
44
45
45
45
45
44
44
43
42
42
42
41
40
39
38
35
33
33
32
30
28
28
29
27
24
22
22
20
20
19
16
15
14
11
10
8
5
3
2
-1
-2
-4
-6
-7
-8
-9
-9
-10
-11
-13
-13
-14
-16
-18
-17
-19
-20
-22
-23
-23
-23
-24
-25
-24
-26
-26
-29
-28
-28
-28
-28
-29
-30
-31
-32
-33
-33
-34
-34
-34
-34
-32
-31
-31
-31
-29
-29
-29
-28
-27
-25
-25
-23
-23
-22
-21
-21
-20
-18
-16
-15
-13
-12
-11
-11
-10
-9
-8
-7
-6
-4
-4
-3
-3
-3
-1
0
1
2
2
4
5
7
7
8
9
10
12
14
14
15
15
16
17
17
18
20
22
23
22
22
23
26
26
26
27
28
29
28
29
27
29
31
31
30
30
31
31
30
31
29
29
29
31
30
28
27
27
27
25
23
22
21
21
21
20
17
14
14
12
9
7
7
7
4
3
-2
-4
-5
-7
-8
-11
-12
-13
-16
-18
-22
-25
-25
-26
-28
-30
-33
-33
-34
-36
-38
-40
-39
-40
-42
-43
-43
-42
-44
-45
-45
-46
-45
-46
-47
-45
-46
-45
-45
-44
-45
-44
-45
-44
-42
-42
-42
-41
-40
-37
-35
-37
-35
-33
-30
-29
-27
-27
-25
-21
-20
-19
-17
-14
-12
-12
-11
-8
-6
-3
-2
0
1
3
4
7
10
10
12
14
14
17
19
22
23
23
25
28
28
30
33
34
35
37
37
40
40
41
43
44
44
44
43
44
44
45
45
44
45
45
45
44
43
45
44
43
43
42
42
42
40
40
39
38
35
34
33
33
31
29
28
27
25
24
22
21
20
16
16
14
13
12
10
9
8
6
4
2
1
0
-3
-3
-3
-5
-6
-8
-8
-10
-11
-12
-13
-15
-15
-16
-19
-20
-22
-23
-23
-24
-25
-26
-28
-30
-28
-28
-30
-30
-31
-31
-32
-32
-31
-31
-33
-31
-31
-30
-30
-30
-30
-27
-26
-25
-25
-23
-23
-22
-20
-21
-21
-18
-18
-16
-14
-14
-14
-14
-11
-9
-9
-9
-8
-7
-8
-6
-4
-3
-3
-3
-2
-1
-1
1
3
5
4
4
6
6
8
9
8
10
11
12
11
11
12
13
13
13
13
15
14
14
15
16
15
15
15
16
17
15
16
15
15
14
15
14
14
15
14
14
14
14
12
11
12
12
10
8
9
10
9
7
7
7
7
5
5
5
5
3
2
2
1
0
-1
-1
-1
-2
-3
-3
-3
-4
-5
-5
-7
-7
-7
-8
-8
-9
-9
-10
-11
-11
-12
-13
-13
-13
-13
-13
-13
-13
-13
-13
-13
-15
-14
-14
-13
-13
-12
-11
-11
-11
-11
-11
-10
-9
-10
-8
-8
-8
-8
-8
-7
-7
-7
-6
-6
-6
-5
-6
-4
-5
-4
-3
-3
-2
-1
-1
1
1
2
2
2
3
3
3
3
4
5
5
5
4
5
6
5
5
6
6
5
7
7
8
8
7
7
7
9
8
7
8
9
10
9
8
8
9
10
8
7
7
8
6
5
5
4
4
3
4
2
3
2
1
0
-1
0
-2
-2
-1
0
1
0
-1
-1
0
-1
-1
-1
0
0
-1
-1
0
-2
-2
-3
-2
-1
-2
-4
-4
-3
-2
-4
-3
-3
-2
-1
-1
0
0
1
2
3
4
3
4
4
4
5
6
6
5
5
6
4
2
2
3
2
2
1
1
1
0
0
0
1
0
0
-1
0
-1
-2
-3
-3
-2
-3
-3
-4
-4
-4
-5
-6
-7
-7
-6
-5
-6
-6
-7
-7
-8
-7
-6
-6
-7
-6
-6
-4
-3
-2
0
1
3
4
5
5
6
6
8
9
8
9
9
9
9
10
10
10
11
11
8
6
6
6
7
5
6
4
4
4
3
1
0
-2
-3
-3
-3
-3
-2
-4
-4
-5
-3
-4
-4
-3
-4
-3
-4
-5
-5
-5
-5
-6
-6
-7
-7
-7
-7
-8
-9
-9
-8
-8
-7
-8
-9
-9
-9
-7
-6
-5
-4
-4
-4
-4
-4
-3
-2
0
-1
-1
1
1
2
1
2
3
3
3
3
3
4
3
2
1
1
2
1
1
1
1
1
1
1
1
1
2
2
3
2
2
2
2
2
1
1
1
0
1
2
1
-1
1
-1
-1
-1
-1
-2
-1
-1
0
-1
-1
0
-1
0
0
1
0
1
2
2
2
2
3
2
2
3
4
3
3
3
2
4
4
3
3
2
3
1
3
3
3
3
4
5
5
5
6
7
6
6
7
7
6
6
