0
2
1
0
1
1
1
1
1
1
1
1
1
1
1
1
0
0
1
1
1
1
1
1
0
0
0
0
1
1
0
1
0
-1
0
0
0
1
0
1
0
0
0
0
0
0
1
1
0
0
0
0
1
0
1
1
0
0
0
0
1
0
0
0
0
0
0
0
-1
0
-1
0
0
0
-1
-1
0
0
-1
-2
-1
-1
-2
-2
-2
-2
-3
-3
-3
-2
-3
-2
-3
-4
-4
-3
-4
-4
-5
-4
-4
-4
-4
-5
-5
-5
-4
-5
-6
-6
-5
-6
-6
-4
-6
-6
-5
-5
-5
-5
-6
-7
-7
-6
-7
-6
-7
-7
-7
-8
-7
-6
-6
-6
-5
-5
-5
-6
-6
-5
-5
-5
-6
-5
-5
-4
-4
-3
-2
-2
-1
1
1
2
2
3
3
5
5
5
5
5
6
6
7
7
10
11
11
12
13
13
14
13
14
14
15
16
15
14
14
15
15
16
17
17
18
18
18
18
16
17
19
19
18
18
17
16
16
18
17
16
17
19
17
17
17
18
18
19
19
18
18
18
18
16
16
16
15
15
15
15
13
12
11
11
11
11
10
10
8
7
5
3
1
1
-1
-3
-4
-6
-7
-8
-9
-10
-10
-12
-14
-18
-18
-20
-22
-23
-25
-27
-28
-30
-33
-35
-36
-36
-36
-38
-39
-39
-39
-41
-42
-42
-42
-42
-42
-41
-42
-42
-41
-40
-40
-40
-40
-40
-39
-36
-34
-35
-34
-33
-31
-29
-27
-24
-22
-21
-19
-17
-14
-14
-12
-10
-9
-10
-10
-8
-7
-6
-6
-4
-2
-1
-1
1
2
4
5
6
8
10
11
12
12
14
15
15
15
17
18
19
20
21
21
23
24
25
28
32
34
35
36
38
39
40
42
43
45
47
50
51
52
54
57
58
59
62
63
63
64
64
64
64
64
63
62
61
59
58
56
54
53
50
49
47
45
43
40
39
37
33
31
28
25
22
19
15
11
6
4
-1
-5
-9
-12
-16
-20
-24
-27
-32
-34
-38
-42
-46
-49
-51
-53
-57
-58
-61
-62
-64
-66
-67
-69
-71
-71
-71
-72
-73
-74
-75
-76
-75
-77
-76
-76
-76
-76
-75
-76
-77
-75
-74
-74
-74
-72
-71
-70
-69
-68
-66
-64
-62
-59
-57
-54
-53
-52
-49
-47
-44
-42
-39
-37
-35
-30
-29
-28
-26
-22
-19
-16
-12
-8
-5
-1
2
6
10
14
19
25
31
36
41
48
53
59
64
69
75
81
86
91
96
100
104
108
113
116
119
122
123
123
124
125
123
122
121
121
120
117
113
109
105
102
99
94
91
84
80
74
69
63
56
51
45
38
33
26
22
17
10
4
0
-4
-8
-14
-17
-22
-25
-28
-31
-34
-36
-37
-41
-42
-44
-47
-49
-51
-51
-49
-51
-53
-52
-52
-53
-53
-55
-57
-58
-56
-59
-62
-65
-65
-67
-69
-70
-74
-77
-78
-81
-82
-85
-88
-91
-93
-94
-99
-102
-103
-108
-111
-111
-114
-116
-119
-119
-116
-117
-117
-117
-114
-111
-107
-102
-98
-91
-85
-78
-71
-64
-55
-45
-35
-27
-16
-5
4
13
22
33
44
53
62
70
76
83
89
94
99
103
109
112
115
117
119
121
123
125
130
133
134
135
134
133
131
130
128
126
125
124
121
116
112
107
105
103
100
98
95
91
86
82
78
74
70
68
65
64
61
59
57
56
55
54
55
56
57
59
57
57
55
56
55
53
52
51
49
46
43
40
37
34
30
24
22
17
12
6
-2
-6
-12
-19
-25
-31
-39
-46
-55
-62
-70
-77
-85
-92
-99
-106
-112
-119
-128
-135
-139
-146
-152
-157
-162
-167
-171
-175
-178
-180
-183
-185
-188
-190
-193
-195
-198
-199
-201
-202
-202
-204
-204
-202
-199
-196
-193
-191
-185
-179
-171
-162
-154
-143
-132
-122
-110
-101
-88
-76
-65
-53
-41
-30
-15
-2
7
19
28
39
47
58
67
77
87
95
103
109
113
118
124
132
137
142
145
149
149
148
148
150
153
153
154
152
150
148
146
144
144
145
144
142
141
141
142
141
140
138
139
141
143
142
141
141
141
143
143
140
142
141
141
142
141
140
139
137
139
138
138
134
129
128
126
123
116
110
108
104
99
90
80
73
66
53
40
30
22
15
3
-12
-24
-36
-46
-58
-67
-79
-90
-97
-110
-118
-128
-136
-144
-152
-156
-163
-169
-177
-182
-185
-190
-196
-200
-199
-200
-169
-179
-207
-208
-214
-184
-199
-216
-207
-196
-159
-182
-207
-202
-208
-178
-160
-192
-197
-191
-166
-150
-173
-183
-174
-144
-128
-140
-150
-136
-119
-95
-87
-95
-83
-74
-54
-40
-40
-27
-17
-3
8
18
30
33
40
53
60
70
75
78
84
98
115
118
120
128
141
155
159
162
164
175
185
190
188
184
190
196
201
201
198
196
198
199
199
195
192
193
194
196
193
207
212
197
185
179
185
182
165
155
157
171
162
137
127
114
119
129
109
86
83
92
98
88
65
58
61
57
49
32
22
17
14
17
9
-4
-21
-32
-30
-36
-45
-58
-67
-69
-69
-72
-86
-101
-110
-114
-112
-116
-130
-141
-146
-151
-159
-169
-174
-176
-178
-180
-180
-186
-198
-204
-201
-203
-204
-207
-208
-204
-207
-214
-222
-222
-216
-212
-210
-212
-214
-210
-203
-199
-194
-195
-193
-182
-172
-168
-170
-174
-169
-149
-136
-133
-131
-126
-107
-102
-101
-93
-78
-53
-35
-29
-20
-15
5
27
35
45
53
71
87
92
99
103
134
153
148
153
147
156
167
172
182
195
223
220
201
192
179
188
204
197
199
203
206
201
182
164
154
160
166
166
166
160
148
145
144
134
132
127
124
128
126
123
117
108
110
114
116
113
104
97
93
95
94
91
91
98
102
90
78
75
70
68
61
58
62
60
52
42
34
23
12
1
-1
12
3
-14
-31
-37
-37
-44
-53
-76
-67
-58
-77
-81
-97
-117
-103
-96
-107
-108
-132
-137
-127
-132
-134
-151
-152
-148
-139
-128
-153
-164
-155
-153
-138
-136
-156
-154
-152
-153
-141
-151
-164
-158
-145
-136
-145
-159
-161
-157
-143
-141
-145
-142
-139
-127
-129
-144
-143
-128
-110
-103
-117
-122
-110
-97
-84
-88
-92
-85
-71
-49
-40
-44
-37
-18
0
20
24
18
20
38
62
75
76
76
83
98
114
118
118
121
130
143
152
154
150
150
148
152
151
143
144
148
144
140
136
130
134
128
120
113
106
109
106
99
96
89
82
79
78
79
72
77
66
54
71
55
43
41
33
78
85
51
45
43
61
50
37
48
22
55
59
45
77
24
12
31
42
57
23
16
5
52
76
4
-20
-23
28
59
-1
-40
-28
21
18
-33
-53
-47
-1
2
-37
-63
-56
-37
-37
-46
-77
-74
-67
-70
-63
-99
-102
-85
-81
-57
-74
-104
-99
-105
-92
-81
-72
-80
-110
-64
-65
-93
-92
-120
-104
-55
-52
-88
-83
-81
-86
-70
-82
-99
-82
-53
-65
-73
-60
-91
-102
-73
-77
-68
-44
-61
-66
-48
-46
-66
-68
-52
-42
-4
5
-39
-26
-3
-7
5
-10
-6
36
65
61
44
37
41
62
83
88
84
89
88
93
106
87
71
72
80
99
90
73
69
59
69
59
45
45
40
54
53
28
12
27
28
17
15
12
26
25
12
6
6
23
17
11
32
35
44
42
23
38
42
42
57
76
74
61
73
73
73
74
77
82
91
105
83
78
69
62
93
92
70
61
72
80
59
31
26
51
51
37
27
13
31
33
4
-22
-38
3
5
-31
-28
-28
1
-17
-79
-82
-94
-65
-28
-62
-64
-67
-54
-41
-94
-129
-117
-53
-42
-81
-60
-71
-80
-62
-95
-84
-75
-101
-64
-59
-75
-82
-88
-73
-89
-60
-49
-116
-103
-89
-83
-51
-116
-128
-67
-82
-112
-145
-143
-93
-88
-72
-114
-154
-91
-98
-103
-81
-110
-74
-39
-54
-58
-62
-60
-46
-29
0
17
14
32
27
24
44
32
55
79
57
95
108
86
97
67
61
70
59
73
60
67
73
49
43
24
14
16
1
1
12
18
24
8
-13
-9
-5
-10
-10
-12
-5
21
30
38
44
36
47
50
58
78
99
119
130
145
144
141
143
143
142
155
177
189
188
173
147
136
152
143
146
152
143
137
112
115
115
100
81
66
85
94
61
37
26
14
36
36
8
-7
-3
9
12
-8
-51
-56
-23
2
-5
-28
-30
-23
-35
-61
-105
-92
-52
-57
-32
-49
-70
-69
-116
-130
-150
-141
-99
-106
-85
-98
-136
-133
-193
-226
-211
-199
-167
-152
-144
-152
-177
-213
-256
-279
-259
-214
-196
-178
-178
-194
-183
-190
-197
-178
-150
-106
-83
-65
-41
-38
-7
34
50
75
87
79
85
96
119
148
155
166
169
151
129
95
87
84
62
64
77
71
46
-3
-33
-45
-58
-63
-76
-93
-91
-87
-93
-104
-121
-111
-95
-99
-97
-99
-81
-54
-41
-30
-2
34
65
93
98
114
148
165
185
209
238
268
287
302
312
316
312
312
317
321
319
312
314
304
281
258
236
225
204
183
178
165
154
140
126
120
99
75
70
66
56
40
25
21
19
9
7
-1
-11
-28
-51
-59
-73
-76
-72
-77
-79
-96
-111
-123
-143
-159
-173
-174
-160
-157
-160
-170
-185
-192
-198
-213
-221
-217
-220
-209
-199
-207
-223
-241
-254
-279
-300
-308
-299
-292
-297
-274
-237
-201
-203
-222
-198
-185
-173
-174
-138
-44
11
46
56
78
105
92
92
87
108
144
163
181
159
118
87
69
44
-16
-62
-72
-67
-81
-98
-98
-112
-128
-161
-188
-198
-216
-214
-197
-170
-139
-106
-77
-60
-59
-76
-57
-22
1
29
55
95
131
145
140
150
159
141
144
155
175
210
229
258
276
279
291
283
274
264
269
310
344
366
377
381
384
371
344
334
334
332
331
322
333
327
300
270
230
201
169
137
116
91
67
54
42
25
-8
-43
-67
-87
-111
-132
-135
-128
-115
-97
-86
-87
-92
-94
-100
-98
-102
-104
-88
-65
-48
-59
-71
-84
-99
-117
-155
-179
-197
-214
-229
-260
-299
-338
-354
-382
-416
-452
-494
-519
-535
-518
-488
-436
-384
-334
-273
-244
-220
-220
-184
-112
-40
56
116
173
215
217
231
222
198
188
174
162
123
87
60
23
-21
-77
-132
-187
-240
-285
-316
-331
-323
-294
-278
-261
-253
-245
-222
-207
-177
-144
-90
-34
9
66
109
147
171
177
193
189
180
176
178
184
184
184
168
161
127
91
76
58
64
62
66
103
137
183
221
253
285
304
337
365
395
438
477
525
555
562
561
563
552
519
475
444
417
365
309
253
205
168
121
66
6
-42
-82
-111
-121
-131
-125
-105
-95
-77
-67
-60
-37
-16
15
50
81
109
138
158
160
151
133
120
98
60
20
-20
-49
-97
-153
-217
-284
-341
-404
-456
-493
-521
-545
-564
-583
-605
-614
-633
-635
-643
-627
-583
-521
-432
-364
-263
-172
-98
-57
-42
12
83
144
175
208
248
280
295
272
226
179
139
94
8
-81
-138
-163
-182
-247
-300
-340
-367
-386
-411
-400
-384
-336
-288
-241
-190
-140
-70
-17
29
65
113
168
198
224
244
262
279
271
236
206
171
140
98
47
3
-29
-55
-85
-102
-120
-116
-107
-98
-77
-64
-22
39
89
146
210
307
423
504
568
610
651
669
664
651
637
654
647
616
554
478
422
362
292
202
110
39
-16
-84
-141
-181
-189
-167
-166
-167
-161
-128
-70
-18
32
85
139
202
252
281
298
307
311
301
272
229
199
160
102
39
-32
-89
-151
-220
-284
-334
-382
-436
-489
-527
-549
-561
-557
-555
-540
-530
-526
-511
-501
-488
-462
-436
-421
-425
-448
-432
-390
-327
-256
-182
-90
-56
-47
-39
-16
29
47
86
133
157
149
141
144
133
103
74
46
-6
-65
-118
-148
-183
-243
-266
-276
-283
-285
-283
-240
-200
-169
-108
-59
-7
46
92
148
172
189
230
254
271
276
286
306
286
243
198
150
108
47
-7
-46
-83
-99
-109
-116
-122
-115
-95
-66
-41
-17
39
94
158
226
293
369
433
495
557
606
642
667
664
645
610
556
512
462
408
360
294
230
159
85
29
-28
-75
-101
-114
-118
-126
-123
-96
-65
-29
2
39
94
150
195
239
275
309
327
324
303
269
225
164
108
42
-23
-80
-137
-188
-244
-301
-348
-388
-425
-459
-484
-496
-510
-516
-516
-521
-506
-474
-443
-436
-442
-435
-425
-423
-432
-439
-438
-445
-446
-444
-432
-399
-362
-295
-219
-172
-117
-74
-24
32
68
119
161
197
225
221
226
212
177
155
115
72
18
-37
-72
-126
-190
-236
-260
-266
-264
-252
-210
-151
-91
-20
54
135
218
283
330
350
373
397
396
389
371
368
355
318
266
202
144
73
-1
-62
-126
-169
-193
-209
-226
-232
-205
-170
-134
-91
-29
60
148
224
306
383
445
503
544
567
594
618
634
625
589
547
494
424
334
254
194
140
73
-4
-61
-91
-94
-91
-87
-77
-57
-14
31
55
79
113
154
197
218
235
266
290
299
283
271
262
223
156
72
-10
-80
-154
-236
-307
-356
-389
-413
-438
-455
-454
-451
-446
-451
-462
-451
-428
-412
-412
-418
-411
-396
-395
-405
-425
-440
-442
-459
-491
-531
-560
-579
-602
-592
-530
-455
-401
-337
-236
-113
-14
34
94
195
288
326
317
328
371
411
394
307
219
176
150
90
-12
-124
-181
-194
-237
-296
-340
-320
-260
-225
-196
-129
8
160
259
329
406
505
578
580
546
526
515
482
405
317
254
204
146
54
-49
-116
-157
-198
-266
-333
-345
-325
-298
-292
-261
-173
-62
34
113
211
329
438
514
563
607
640
649
635
615
591
553
499
428
353
272
192
122
59
13
-33
-81
-118
-145
-146
-122
-75
-36
1
53
125
181
208
224
242
265
262
245
226
205
178
156
141
106
66
15
-43
-114
-190
-240
-288
-344
-395
-423
-417
-409
-407
-406
-384
-342
-313
-309
-321
-322
-322
-348
-388
-422
-435
-441
-463
-503
-534
-547
-558
-568
-586
-619
-663
-665
-593
-490
-415
-350
-204
-14
124
166
200
333
467
486
420
390
431
444
389
278
170
100
58
16
-83
-199
-251
-218
-199
-272
-328
-279
-167
-108
-93
-12
155
336
449
530
624
715
787
795
742
651
562
487
383
235
84
0
-48
-125
-219
-281
-278
-272
-302
-343
-345
-296
-254
-224
-190
-121
-14
97
201
294
388
491
585
642
649
642
636
601
512
407
330
270
194
98
19
-30
-58
-90
-117
-118
-104
-96
-89
-79
-64
-33
17
66
104
136
187
249
276
266
247
239
218
167
106
59
23
-16
-54
-84
-99
-119
-149
-178
-200
-221
-254
-287
-311
-326
-325
-320
-311
-307
-298
-275
-255
-255
-278
-293
-309
-342
-397
-441
-463
-497
-548
-592
-607
-605
-612
-620
-627
-643
-658
-626
-533
-429
-339
-226
-67
75
146
180
268
387
449
451
435
427
399
328
247
153
56
-24
-79
-120
-179
-229
-233
-206
-182
-168
-128
-59
14
67
131
226
337
448
545
637
715
770
792
766
704
610
494
373
246
109
-16
-120
-202
-272
-321
-338
-322
-291
-259
-221
-175
-129
-82
-32
17
72
130
187
244
305
368
424
471
511
540
544
519
475
429
362
267
170
91
16
-70
-141
-162
-144
-123
-109
-73
-20
28
66
93
103
105
119
125
113
92
85
103
119
111
95
95
99
76
38
-4
-46
-79
-112
-143
-174
-209
-230
-229
-234
-261
-281
-280
-265
-261
-281
-299
-290
-276
-289
-323
-343
-345
-358
-400
-463
-506
-523
-545
-606
-678
-711
-719
-743
-791
-802
-729
-596
-459
-318
-137
60
210
282
343
437
523
543
496
440
389
334
269
181
87
15
-9
-7
-57
-162
-226
-207
-185
-227
-278
-242
-125
-24
54
163
325
494
637
756
838
877
883
861
799
677
524
400
303
176
31
-83
-137
-171
-221
-264
-272
-252
-233
-210
-171
-137
-111
-76
-14
46
88
138
220
307
344
353
386
436
450
413
380
366
335
263
195
169
151
109
58
17
-16
-56
-84
-84
-65
-45
-20
14
35
44
61
85
87
74
60
48
35
3
-32
-47
-55
-73
-79
-61
-42
-31
-19
-1
12
-4
-42
-69
-83
-119
-185
-246
-276
-281
-284
-300
-302
-280
-257
-250
-249
-255
-280
-321
-372
-429
-479
-508
-526
-562
-607
-630
-625
-627
-670
-728
-742
-667
-529
-411
-319
-184
15
196
277
310
404
549
635
598
489
379
296
239
156
8
-144
-190
-140
-126
-214
-290
-239
-135
-98
-119
-109
-40
40
118
203
301
422
576
729
807
813
808
831
809
685
506
355
251
137
-2
-132
-216
-250
-251
-221
-195
-167
-113
-36
28
50
56
77
119
138
129
138
173
206
205
203
216
237
252
244
231
209
193
187
181
169
153
167
198
219
204
167
141
125
99
62
37
22
14
-1
-35
-57
-66
-77
-85
-95
-114
-127
-121
-123
-134
-147
-149
-115
-65
-37
-29
-4
36
75
88
61
26
-4
-55
-147
-255
-344
-410
-459
-503
-533
-532
-508
-481
-460
-452
-457
-449
-431
-443
-490
-536
-549
-558
-614
-714
-797
-802
-716
-577
-437
-291
-81
169
342
399
437
547
653
658
567
447
335
218
96
-65
-232
-322
-295
-236
-249
-290
-253
-135
-49
-33
-28
7
52
87
126
166
238
353
491
603
660
717
784
807
731
596
473
364
237
76
-75
-184
-244
-274
-280
-249
-188
-95
3
89
153
190
228
258
262
227
186
194
221
234
221
221
246
267
274
270
264
241
226
231
234
215
200
220
235
218
190
193
202
182
145
113
91
62
19
-27
-73
-107
-117
-116
-131
-154
-159
-138
-119
-119
-124
-112
-90
-72
-68
-59
-32
13
52
62
54
50
60
42
-33
-150
-248
-294
-336
-400
-469
-504
-485
-463
-466
-471
-472
-445
-434
-453
-494
-547
-571
-613
-690
-797
-858
-777
-611
-447
-305
-125
125
332
419
445
501
595
639
602
498
356
224
128
23
-130
-265
-292
-237
-240
-315
-352
-304
-226
-202
-201
-180
-126
-34
65
144
202
300
445
567
615
626
647
669
636
527
398
288
182
66
-45
-137
-206
-236
-224
-189
-145
-77
24
126
199
238
268
297
299
282
245
211
190
183
198
216
243
284
331
371
388
392
384
382
370
342
294
244
207
161
121
97
103
125
132
113
80
51
33
22
-6
-62
-118
-143
-158
-214
-290
-334
-320
-281
-267
-262
-231
-179
-126
-80
-47
-29
-17
-6
-14
-54
-106
-144
-168
-212
-266
-294
-293
-285
-297
-322
-338
-351
-364
-400
-447
-497
-529
-549
-587
-651
-716
-765
-822
-861
-829
-699
-500
-279
-60
154
326
454
567
685
752
735
702
641
513
317
119
-43
-187
-295
-356
-375
-396
-405
-364
-309
-282
-277
-242
-201
-184
-175
-137
-48
71
199
322
445
557
655
727
738
668
561
448
312
139
-50
-207
-313
-369
-382
-352
-270
-150
4
161
285
375
434
469
463
419
356
291
243
200
178
182
212
265
327
386
434
495
565
618
630
587
528
461
386
285
173
93
57
53
45
45
52
72
104
136
135
99
66
20
-51
-147
-248
-325
-384
-420
-431
-413
-381
-337
-278
-211
-154
-112
-77
-57
-48
-66
-121
-186
-237
-281
-330
-369
-375
-356
-326
-289
-255
-230
-229
-253
-289
-344
-426
-540
-679
-811
-930
-1027
-1085
-1029
-846
-590
-312
-39
222
426
596
724
804
831
811
782
665
456
229
65
-63
-195
-277
-310
-309
-297
-270
-254
-266
-270
-243
-216
-253
-303
-300
-237
-144
-47
63
184
328
474
587
642
632
584
514
407
242
55
-116
-253
-358
-445
-485
-461
-369
-232
-74
85
234
384
515
598
622
605
572
523
472
419
361
302
269
283
314
367
435
504
552
578
613
626
604
558
505
444
363
292
239
196
135
91
93
109
116
118
112
80
52
29
-33
-124
-209
-271
-330
-384
-440
-474
-470
-449
-413
-369
-336
-315
-286
-258
-252
-273
-312
-340
-357
-384
-420
-437
-428
-396
-353
-320
-294
-261
-240
-243
-273
-319
-381
-477
-631
-830
-1023
-1142
-1125
-977
-765
-543
-281
11
255
436
595
759
877
920
884
736
502
269
100
-77
-258
-358
-356
-312
-270
-214
-177
-168
-141
-96
-94
-171
-253
-284
-268
-220
-145
-41
94
259
426
557
637
661
628
543
414
246
41
-175
-354
-495
-598
-657
-632
-534
-384
-189
28
237
405
532
624
669
663
620
567
523
490
461
433
430
457
507
578
669
770
831
812
739
657
573
474
376
308
273
259
254
254
258
268
305
362
383
356
314
288
236
137
20
-80
-151
-219
-279
-333
-368
-377
-360
-342
-347
-359
-350
-331
-345
-396
-463
-513
-550
-592
-634
-667
-673
-646
-603
-559
-512
-461
-413
-373
-353
-351
-361
-403
-472
-594
-773
-940
-983
-903
-794
-668
-475
-218
-16
102
236
426
598
682
724
708
588
403
234
69
-156
-334
-385
-378
-397
-404
-336
-262
-212
-163
-107
-89
-123
-143
-152
-146
-113
-50
31
117
226
361
485
552
566
546
484
375
223
43
-142
-307
-434
-529
-582
-580
-527
-419
-260
-89
62
198
335
458
536
562
567
580
588
591
594
601
614
632
663
705
750
786
814
816
776
711
637
567
504
458
424
394
372
362
360
355
355
363
374
373
347
303
260
214
150
83
25
-25
-66
-102
-137
-169
-190
-197
-205
-222
-253
-293
-340
-394
-453
-512
-570
-613
-647
-675
-684
-665
-628
-589
-555
-522
-500
-499
-517
-534
-548
-598
-686
-787
-909
-1028
-1056
-948
-754
-538
-342
-178
-22
128
253
343
408
479
559
564
415
203
61
-12
-109
-250
-359
-382
-333
-300
-328
-372
-349
-254
-191
-230
-327
-367
-308
-206
-145
-122
-34
152
341
448
491
519
553
555
479
340
197
72
-51
-184
-309
-394
-419
-388
-323
-233
-127
-13
98
173
230
292
351
393
405
418
456
529
607
658
701
774
874
954
972
937
899
857
777
659
543
464
443
460
478
474
476
505
527
516
483
462
442
381
284
201
157
137
106
57
24
23
53
62
19
-48
-80
-68
-71
-127
-210
-274
-317
-367
-446
-531
-589
-605
-609
-634
-673
-685
-652
-611
-597
-609
-623
-627
-621
-627
-670
-745
-829
-931
-1046
-1086
-977
-768
-564
-415
-280
-139
-17
62
118
164
218
312
353
239
46
-71
-108
-198
-323
-388
-373
-336
-330
-349
-386
-388
-327
-283
-321
-409
-436
-381
-310
-257
-202
-81
83
226
311
342
356
353
323
240
126
31
-37
-87
-139
-171
-171
-138
-75
8
88
142
194
231
238
235
237
256
269
278
306
386
498
604
697
777
872
983
1085
1131
1097
1015
911
789
648
520
459
465
490
511
534
566
607
650
663
631
583
551
491
364
220
122
80
57
51
50
56
81
110
112
73
39
36
31
-12
-83
-153
-225
-294
-343
-377
-414
-446
-457
-457
-480
-519
-531
-531
-551
-588
-609
-622
-650
-702
-770
-843
-925
-1013
-1088
-1070
-895
-628
-391
-225
-81
41
107
126
145
177
186
176
116
-40
-241
-367
-401
-454
-529
-552
-489
-397
-370
-395
-422
-405
-363
-357
-406
-489
-521
-466
-366
-293
-242
-138
14
163
245
245
203
154
98
-6
-139
-249
-304
-323
-337
-330
-293
-215
-106
6
105
175
236
278
289
291
306
336
356
378
425
500
591
676
736
764
798
857
929
989
1022
1031
994
922
851
800
761
721
715
744
764
746
712
672
629
609
596
559
507
474
456
404
334
282
258
248
230
191
126
61
10
-41
-86
-105
-103
-119
-144
-154
-166
-197
-232
-252
-271
-306
-354
-399
-438
-492
-552
-596
-615
-629
-645
-655
-684
-738
-807
-892
-991
-1043
-954
-724
-439
-222
-120
-81
-41
-22
-69
-137
-121
-19
31
-65
-210
-280
-290
-317
-374
-442
-498
-497
-472
-535
-709
-825
-772
-669
-660
-708
-679
-527
-338
-200
-125
-79
-21
41
58
-18
-153
-262
-336
-411
-489
-510
-448
-357
-285
-229
-160
-96
-45
-21
-9
13
43
59
51
59
119
219
322
393
459
545
647
725
746
720
684
672
676
690
754
863
945
960
966
999
1014
979
923
907
909
895
869
832
765
692
684
668
584
518
529
537
482
436
419
416
433
447
414
325
247
191
120
20
-56
-69
-77
-110
-145
-165
-187
-212
-230
-240
-249
-254
-259
-280
-326
-387
-446
-506
-573
-612
-625
-646
-709
-807
-923
-1013
-989
-822
-563
-301
-91
30
41
-19
-94
-166
-242
-260
-178
-86
-114
-222
-267
-251
-260
-320
-397
-475
-532
-568
-638
-779
-899
-886
-774
-696
-691
-672
-560
-387
-242
-174
-165
-159
-149
-170
-254
-370
-462
-520
-559
-580
-550
-478
-397
-330
-291
-262
-238
-220
-222
-227
-187
-107
-34
10
70
180
316
430
494
533
566
606
639
636
600
547
529
543
574
640
761
914
998
990
968
985
992
948
903
913
987
1049
1038
936
804
726
697
648
520
417
426
506
549
542
552
617
711
740
649
482
341
252
167
59
-13
-17
20
64
87
94
91
91
49
-44
-144
-198
-239
-326
-424
-485
-474
-437
-406
-397
-402
-397
-411
-494
-660
-832
-958
-1010
-981
-822
-561
-316
-153
-80
-53
-73
-98
-90
-25
59
69
-29
-189
-323
-420
-480
-554
-653
-736
-741
-704
-749
-853
-912
-859
-777
-738
-736
-727
-658
-521
-373
-286
-255
-223
-181
-179
-233
-310
-377
-441
-486
-503
-494
-462
-431
-418
-429
-425
-394
-355
-332
-311
-250
-160
-65
27
131
245
356
448
511
552
588
629
645
602
531
485
482
496
493
482
489
571
736
904
993
1045
1154
1256
1245
1119
1009
947
851
698
549
479
456
493
555
585
629
766
925
919
788
658
558
424
261
124
19
-17
38
145
223
297
430
563
584
497
381
244
65
-133
-315
-456
-518
-486
-373
-261
-178
-113
-64
-67
-134
-204
-307
-492
-742
-986
-1209
-1369
-1396
-1246
-946
-583
-196
89
191
139
87
90
22
-62
-66
-10
-58
-208
-329
-422
-520
-623
-689
-770
-878
-925
-931
-982
-1065
-1060
-955
-867
-825
-788
-699
-565
-415
-276
-197
-157
-118
-67
-42
-69
-120
-200
-282
-368
-444
-500
-551
-592
-619
-614
-584
-532
-465
-384
-263
-117
31
163
285
389
455
497
526
546
559
552
543
514
472
440
423
426
440
482
540
624
749
930
1125
1248
1253
1154
1004
824
655
534
489
522
613
714
781
834
899
957
952
883
768
631
489
358
245
158
123
150
213
273
337
427
519
572
573
551
512
435
308
149
-8
-132
-197
-195
-142
-43
88
211
264
233
142
-3
-198
-426
-626
-770
-880
-954
-1006
-1040
-1094
-1172
-1208
-1125
-865
-502
-148
89
188
192
112
-4
-126
-166
-97
-7
-6
-165
-360
-502
-594
-704
-847
-947
-982
-968
-981
-1040
-1115
-1150
-1095
-1002
-923
-863
-762
-588
-377
-171
7
153
248
261
208
86
-94
-303
-498
-618
-662
-632
-560
-481
-407
-344
-284
-255
-237
-216
-169
-107
-38
45
128
218
304
389
456
488
506
514
508
491
491
539
613
683
735
764
779
789
804
835
867
861
812
741
696
675
684
744
852
987
1084
1108
1028
877
722
600
515
433
382
382
426
467
490
498
499
503
495
460
388
330
310
326
333
332
342
354
335
283
240
210
196
170
146
139
161
180
111
-68
-298
-477
-577
-623
-649
-667
-690
-730
-792
-903
-1031
-1163
-1240
-1236
-1108
-811
-414
-19
213
250
128
-85
-296
-487
-587
-540
-349
-155
-110
-189
-293
-373
-510
-744
-1032
-1274
-1376
-1338
-1249
-1202
-1150
-990
-754
-564
-505
-497
-443
-340
-233
-164
-117
-79
-41
-5
-22
-79
-136
-159
-176
-225
-262
-271
-263
-287
-340
-381
-398
-379
-344
-288
-224
-122
24
170
294
387
471
527
561
587
608
629
648
672
690
692
676
642
593
537
498
517
602
748
905
1016
1054
1014
936
829
721
643
639
697
766
808
799
757
696
656
633
607
565
521
483
443
402
373
371
395
425
429
404
368
355
369
386
400
408
417
399
350
276
195
104
8
-53
-62
-29
-24
-92
-222
-374
-512
-615
-687
-732
-761
-780
-797
-826
-864
-903
-926
-975
-1057
-1135
-1096
-882
-584
-327
-223
-218
-269
-337
-408
-441
-358
-183
-1
31
-108
-361
-593
-750
-878
-988
-1057
-1002
-854
-712
-670
-728
-796
-815
-794
-797
-802
-743
-546
-248
54
276
395
439
420
324
137
-79
-254
-335
-333
-279
-201
-125
-66
-51
-106
-220
-340
-388
-326
-187
-21
141
294
422
496
497
425
325
253
250
311
420
556
673
753
792
814
818
799
768
728
705
722
809
928
993
963
853
730
612
535
527
610
756
890
976
970
892
768
655
566
485
425
399
428
483
556
606
605
552
469
394
317
250
214
232
281
321
327
290
217
121
16
-88
-175
-204
-149
-53
1
-29
-133
-282
-458
-640
-800
-900
-911
-836
-739
-694
-707
-743
-799
-896
-1038
-1174
-1253
-1254
-1173
-1025
-805
-560
-322
-176
-197
-376
-623
-773
-802
-671
-407
-108
79
31
-170
-442
-678
-825
-852
-757
-609
-431
-276
-196
-230
-337
-439
-518
-596
-663
-666
-559
-360
-106
115
210
150
-3
-125
-198
-224
-200
-95
87
265
413
461
415
308
202
117
3
-114
-174
-126
-12
107
157
122
44
-20
-9
63
193
371
577
771
898
931
902
846
786
742
722
735
781
863
976
1085
1142
1129
1045
900
742
593
522
545
661
817
926
936
812
621
430
314
298
361
462
551
595
567
483
371
263
182
133
115
122
153
206
247
258
233
162
69
-22
-90
-145
-206
-259
-288
-301
-343
-435
-559
-677
-752
-771
-741
-688
-621
-548
-499
-508
-587
-703
-813
-886
-930
-956
-964
-952
-914
-874
-861
-907
-974
-987
-931
-822
-725
-661
-633
-652
-668
-664
-594
-451
-246
-31
90
98
12
-112
-224
-287
-273
-215
-134
-85
-97
-172
-295
-430
-539
-560
-488
-368
-252
-163
-105
-73
-49
-9
45
114
186
254
293
299
298
288
280
258
235
212
187
186
207
244
288
345
412
466
482
435
339
244
192
212
294
407
518
604
665
684
669
648
642
667
716
800
893
968
1009
1010
975
918
859
815
781
741
722
715
716
699
652
594
533
486
442
384
309
230
177
157
162
183
225
277
317
305
240
152
75
17
-26
-61
-96
-132
-181
-247
-315
-370
-403
-426
-445
-458
-449
-441
-436
-458
-509
-556
-595
-619
-653
-689
-718
-733
-729
-714
-700
-709
-745
-796
-853
-909
-950
-974
-985
-973
-941
-888
-836
-787
-723
-663
-605
-585
-583
-600
-612
-576
-534
-495
-485
-470
-445
-442
-430
-418
-380
-310
-235
-158
-119
-79
-26
36
101
138
166
183
219
260
284
301
309
319
313
309
311
318
334
366
421
481
532
562
570
556
522
469
400
328
267
235
247
292
345
399
456
506
537
538
519
488
448
421
407
412
436
485
558
641
707
734
724
689
636
582
528
490
480
487
507
518
533
535
523
502
461
437
425
435
447
444
432
419
416
418
403
367
316
264
216
157
95
38
7
1
-19
-64
-126
-198
-276
-362
-448
-518
-554
-560
-546
-543
-557
-583
-620
-663
-700
-725
-746
-770
-787
-795
-772
-726
-688
-667
-668
-667
-658
-639
-632
-644
-660
-681
-687
-694
-709
-737
-767
-787
-807
-805
-766
-696
-631
-602
-590
-584
-578
-556
-532
-500
-452
-378
-285
-209
-159
-133
-102
-46
18
73
101
131
178
225
258
270
271
284
317
353
368
370
387
430
493
557
608
631
629
614
589
559
530
506
491
506
547
588
596
564
510
453
425
419
425
443
470
513
549
561
554
520
474
420
364
317
286
276
288
294
299
305
318
337
346
339
306
258
216
180
155
141
143
164
190
209
223
240
256
260
247
228
208
191
178
161
145
137
150
183
204
197
160
95
9
-87
-172
-232
-262
-270
-271
-281
-311
-357
-419
-491
-559
-612
-639
-642
-617
-578
-536
-497
-472
-465
-477
-500
-528
-555
-582
-605
-628
-640
-626
-597
-577
-583
-607
-639
-675
-703
-723
-727
-717
-687
-651
-630
-632
-646
-664
-665
-640
-605
-564
-527
-481
-432
-381
-322
-268
-218
-159
-76
12
74
100
105
116
154
229
322
420
511
598
670
718
746
748
739
725
720
708
694
685
687
698
708
724
738
762
794
816
810
774
728
683
650
629
625
625
620
598
562
519
470
421
368
311
254
204
159
119
82
46
11
-19
-37
-54
-61
-58
-50
-43
-54
-77
-105
-123
-124
-116
-102
-83
-65
-43
-17
18
47
61
60
54
53
50
51
59
69
82
94
106
105
96
75
50
16
-15
-41
-70
-94
-107
-111
-119
-130
-148
-173
-198
-237
-293
-357
-418
-468
-511
-538
-545
-543
-529
-510
-499
-506
-528
-550
-572
-600
-635
-662
-667
-642
-601
-556
-529
-525
-537
-558
-583
-615
-643
-657
-649
-617
-563
-504
-449
-412
-397
-389
-381
-371
-366
-360
-341
-294
-217
-127
-38
38
115
181
225
238
236
250
291
360
437
503
549
580
620
671
726
769
795
806
808
801
794
795
804
825
851
871
873
857
829
799
764
717
664
610
566
532
499
467
435
401
367
331
285
222
147
70
3
-48
-85
-111
-141
-173
-205
-230
-243
-249
-248
-251
-260
-275
-289
-289
-282
-271
-263
-262
-266
-268
-265
-255
-251
-249
-245
-229
-198
-164
-144
-129
-112
-80
-48
-29
-12
5
36
69
90
94
81
69
61
55
46
26
-3
-30
-55
-82
-115
-146
-171
-189
-202
-223
-264
-314
-354
-374
-383
-393
-403
-410
-407
-400
-406
-438
-479
-503
-513
-518
-526
-538
-544
-535
-510
-478
-447
-421
-402
-384
-364
-338
-310
-278
-238
-186
-133
-84
-49
-26
-8
13
39
64
83
99
118
147
184
222
262
305
342
363
370
365
355
347
358
395
452
521
589
651
692
716
726
723
708
681
659
645
639
645
654
666
677
683
682
663
625
569
502
430
365
312
268
229
195
174
160
140
108
61
3
-67
-136
-192
-227
-240
-245
-249
-253
-259
-270
-291
-320
-349
-374
-394
-408
-414
-416
-429
-449
-464
-467
-461
-449
-434
-416
-395
-373
-353
-337
-325
-310
-288
-268
-255
-254
-259
-251
-221
-168
-105
-41
14
60
84
86
65
38
22
26
45
60
63
55
40
21
-4
-27
-39
-38
-31
-32
-50
-80
-111
-136
-154
-163
-167
-166
-160
-161
-172
-187
-201
-213
-215
-209
-194
-176
-158
-147
-141
-128
-105
-78
-59
-46
-33
-16
3
23
49
86
125
161
186
199
204
207
212
214
210
210
222
244
265
273
267
255
251
254
265
280
298
324
350
366
372
366
356
347
344
352
369
389
396
394
389
385
387
387
377
360
340
316
287
254
222
190
158
121
81
42
5
-27
-58
-80
-89
-86
-84
-89
-105
-130
-173
-231
-295
-350
-393
-430
-456
-464
-460
-453
-452
-459
-475
-493
-507
-517
-524
-530
-536
-538
-534
-519
-503
-487
-467
-438
-409
-386
-374
-367
-359
-348
-327
-296
-257
-222
-191
-160
-123
-78
-38
-1
31
55
75
94
114
135
165
204
240
265
274
276
273
264
248
238
240
253
271
282
284
277
261
238
216
200
187
175
166
161
163
172
181
179
168
157
149
146
145
143
135
123
113
112
114
115
112
111
113
115
125
144
156
160
158
154
154
161
168
169
167
162
162
163
160
153
146
139
139
143
149
155
157
154
148
133
111
95
82
72
59
53
59
66
68
63
51
34
20
17
22
25
19
9
2
-4
-11
-17
-32
-57
-89
-127
-166
-201
-236
-269
-307
-344
-368
-380
-383
-389
-403
-422
-441
-454
-467
-482
-495
-498
-491
-480
-472
-471
-480
-497
-514
-527
-536
-537
-529
-511
-486
-463
-446
-431
-414
-389
-362
-336
-315
-290
-263
-225
-176
-123
-74
-32
8
52
98
138
179
220
262
309
356
402
441
473
496
518
538
561
582
600
618
628
634
634
628
621
615
613
605
587
562
535
511
492
474
453
432
417
405
387
360
328
290
255
220
190
164
145
134
128
119
105
89
73
56
35
13
-1
-7
-3
3
9
17
24
29
30
27
20
9
-6
-16
-22
-20
-14
-12
-18
-27
-34
-35
-37
-44
-56
-69
-83
-98
-115
-131
-141
-144
-143
-147
-159
-174
-188
-202
-218
-235
-247
-251
-249
-255
-264
-282
-304
-326
-345
-365
-393
-425
-450
-466
-470
-464
-460
-457
-457
-461
-469
-484
-502
-523
-540
-550
-552
-544
-522
-492
-461
-437
-419
-406
-397
-389
-383
-382
-381
-370
-347
-311
-270
-233
-202
-173
-149
-124
-102
-83
-61
-29
10
60
111
161
205
249
297
342
378
405
428
448
467
481
497
511
529
549
568
586
607
631
662
694
719
730
731
725
716
705
692
676
662
652
642
628
605
574
536
495
452
411
379
358
340
323
302
278
253
225
201
176
147
115
86
65
51
38
25
13
3
-3
-6
-13
-29
-50
-72
-89
-105
-123
-143
-166
-191
-211
-224
-228
-227
-220
-216
-217
-222
-230
-240
-260
-282
-297
-298
-291
-285
-284
-290
-301
-319
-342
-365
-384
-400
-411
-422
-433
-445
-456
-470
-483
-501
-518
-537
-554
-563
-568
-572
-578
-577
-568
-551
-534
-521
-510
-498
-486
-473
-462
-449
-434
-413
-389
-364
-339
-318
-300
-282
-261
-239
-214
-187
-153
-116
-85
-56
-34
-16
3
26
53
85
120
159
199
234
261
276
287
300
314
330
349
371
397
421
437
447
458
472
491
512
532
545
558
574
592
610
619
619
615
607
601
594
587
582
584
594
606
615
614
604
587
566
542
517
494
477
467
457
446
429
407
386
369
354
340
326
308
283
248
211
166
120
75
41
20
7
-7
-27
-52
-77
-107
-146
-189
-230
-262
-286
-305
-322
-337
-349
-355
-362
-377
-399
-419
-433
-443
-454
-464
-469
-468
-464
-465
-469
-478
-489
-499
-507
-513
-515
-509
-502
-494
-496
-507
-521
-534
-539
-536
-524
-504
-481
-460
-443
-433
-429
-431
-432
-427
-414
-398
-382
-367
-354
-338
-322
-310
-299
-289
-277
-263
-246
-232
-215
-197
-179
-161
-141
-119
-96
-72
-52
-35
-18
5
32
58
82
108
136
167
199
234
268
302
334
361
381
400
420
441
460
477
497
514
526
538
551
560
563
565
566
569
572
574
575
576
578
578
576
572
564
556
543
534
528
527
531
533
530
521
508
486
464
439
412
383
357
332
310
293
278
261
237
211
184
160
135
109
83
59
35
12
-16
-47
-73
-97
-118
-139
-160
-174
-186
-202
-218
-237
-260
-285
-310
-333
-358
-380
-399
-416
-428
-438
-452
-472
-491
-506
-517
-526
-535
-545
-550
-552
-556
-562
-569
-573
-574
-569
-564
-556
-546
-534
-519
-501
-483
-469
-458
-449
-440
-428
-415
-400
-381
-361
-338
-319
-306
-294
-280
-261
-238
-215
-190
-164
-137
-112
-98
-89
-79
-70
-57
-38
-20
4
29
50
70
86
101
111
121
131
141
152
165
178
194
211
228
244
258
274
291
307
323
337
351
368
382
390
395
398
403
412
419
426
437
448
462
471
475
477
475
477
478
477
476
471
466
460
454
448
436
426
417
408
401
390
382
374
367
358
344
327
311
290
268
245
223
201
175
151
124
98
72
44
19
0
-19
-36
-55
-77
-96
-117
-140
-162
-184
-204
-225
-241
-254
-266
-277
-291
-306
-320
-338
-355
-373
-391
-403
-412
-418
-420
-420
-418
-415
-413
-413
-415
-416
-416
-416
-415
-411
-404
-395
-383
-373
-366
-361
-355
-347
-340
-333
-327
-320
-312
-305
-296
-286
-274
-258
-240
-220
-202
-185
-167
-155
-143
-130
-116
-100
-82
-61
-40
-19
-1
14
30
44
55
64
69
73
82
95
113
133
156
178
197
209
215
214
212
211
214
221
232
245
259
274
289
303
317
332
343
349
350
346
340
336
331
329
327
324
322
321
317
313
306
298
291
284
274
263
250
239
227
219
212
204
198
188
175
159
144
130
116
100
88
78
68
53
39
23
9
-6
-20
-29
-40
-48
-58
-67
-74
-78
-80
-82
-85
-88
-95
-105
-119
-134
-148
-159
-171
-186
-203
-214
-221
-223
-222
-222
-223
-222
-220
-222
-225
-235
-244
-248
-246
-240
-234
-230
-228
-222
-219
-222
-226
-232
-236
-238
-238
-234
-227
-219
-206
-193
-182
-173
-165
-160
-154
-150
-143
-131
-115
-99
-83
-69
-53
-42
-35
-31
-29
-23
-15
-5
7
20
32
46
60
72
84
92
97
101
107
111
114
116
122
132
139
147
155
165
175
184
191
191
190
187
183
179
175
173
176
186
198
207
211
213
207
200
194
188
185
183
182
180
177
174
165
156
146
132
120
112
109
105
99
91
76
60
42
21
-1
-24
-42
-56
-63
-69
-73
-80
-88
-97
-108
-117
-125
-131
-135
-135
-133
-130
-127
-125
-126
-128
-132
-134
-134
-134
-133
-133
-134
-135
-131
-127
-120
-113
-106
-99
-88
-80
-73
-68
-64
-63
-61
-59
-56
-52
-47
-44
-44
-45
-49
-53
-56
-62
-65
-67
-67
-65
-62
-58
-55
-53
-51
-47
-47
-46
-47
-47
-47
-47
-42
-35
-28
-21
-16
-15
-13
-13
-12
-9
-1
7
18
28
39
49
59
70
78
88
98
109
120
132
144
156
168
178
188
194
198
200
199
199
202
206
211
215
217
215
211
206
198
190
182
179
174
171
165
158
150
138
127
115
103
94
85
75
66
58
44
30
16
0
-18
-36
-52
-69
-83
-96
-109
-120
-131
-142
-154
-166
-177
-184
-190
-195
-200
-206
-211
-217
-226
-236
-245
-249
-249
-245
-242
-240
-237
-238
-241
-244
-248
-249
-245
-235
-221
-206
-192
-178
-166
-157
-150
-142
-134
-122
-109
-95
-80
-67
-53
-43
-33
-26
-21
-16
-9
0
10
21
33
44
55
63
70
76
81
81
85
89
96
102
107
112
115
118
119
120
119
118
118
117
116
111
110
108
107
108
107
108
109
113
116
120
124
127
129
132
132
132
133
139
146
155
165
175
181
186
191
192
193
194
195
198
201
206
209
211
212
212
211
210
208
208
205
199
193
185
178
173
167
160
151
143
132
119
104
87
70
54
37
18
0
-20
-41
-61
-80
-99
-119
-138
-156
-176
-192
-208
-223
-234
-247
-260
-271
-283
-293
-304
-312
-320
-327
-332
-338
-343
-348
-351
-355
-355
-353
-351
-348
-344
-338
-329
-322
-312
-303
-295
-285
-276
-266
-255
-242
-228
-215
-200
-184
-170
-154
-139
-127
-115
-103
-90
-77
-62
-47
-33
-21
-6
9
22
34
42
52
61
70
81
90
101
113
123
134
141
149
157
164
169
173
178
184
190
198
202
207
213
217
221
223
224
225
225
223
222
221
223
223
225
228
228
229
230
228
228
226
224
219
218
217
216
213
210
205
203
201
197
191
186
183
180
175
170
164
158
154
148
142
138
133
130
122
113
107
100
91
80
71
61
48
36
25
11
-3
-19
-34
-47
-59
-70
-82
-94
-104
-115
-126
-138
-151
-165
-179
-193
-207
-220
-230
-240
-249
-259
-270
-280
-290
-302
-311
-322
-330
-334
-336
-338
-338
-338
-336
-336
-335
-334
-332
-328
-325
-319
-312
-304
-294
-285
-275
-263
-253
-242
-233
-221
-210
-198
-184
-169
-152
-133
-115
-95
-77
-59
-44
-32
-20
-6
6
22
37
53
71
87
103
117
131
143
154
164
175
188
203
217
228
237
246
253
261
266
270
275
280
287
291
294
297
300
305
308
308
309
308
307
307
302
298
294
289
287
284
280
275
268
261
255
247
236
227
218
211
203
195
188
181
173
163
152
141
128
116
106
97
89
78
69
57
46
35
23
10
0
-10
-19
-28
-38
-49
-60
-70
-81
-92
-103
-113
-122
-128
-135
-141
-147
-153
-161
-169
-177
-188
-198
-205
-213
-220
-226
-230
-235
-239
-243
-248
-254
-261
-266
-269
-272
-275
-279
-280
-281
-282
-283
-284
-285
-286
-285
-285
-285
-286
-285
-285
-283
-277
-274
-266
-256
-244
-233
-222
-213
-205
-196
-190
-183
-173
-162
-148
-133
-117
-100
-84
-69
-56
-44
-32
-20
-8
7
25
42
61
80
98
115
132
147
160
173
183
195
207
216
226
234
242
251
259
268
278
286
293
299
303
307
307
307
306
305
304
301
299
297
292
287
279
271
263
254
244
235
225
214
204
193
183
174
163
152
141
130
119
110
98
87
77
66
55
44
35
25
14
4
-4
-13
-20
-27
-35
-43
-51
-58
-66
-73
-79
-86
-92
-96
-102
-105
-108
-113
-117
-121
-124
-127
-129
-131
-133
-135
-137
-139
-140
-144
-148
-152
-154
-156
-157
-157
-158
-158
-158
-160
-162
-164
-169
-172
-176
-175
-175
-174
-172
-169
-167
-168
-170
-172
-173
-174
-173
-171
-168
-162
-156
-151
-148
-142
-138
-135
-134
-131
-124
-117
-109
-98
-87
-76
-67
-57
-48
-38
-27
-14
-3
9
20
32
45
56
66
76
84
96
109
122
134
145
156
162
169
177
185
192
199
208
221
231
238
245
250
250
248
244
243
243
243
242
244
244
241
236
228
218
210
199
190
181
173
166
159
151
143
132
121
108
93
79
65
52
42
34
25
17
9
2
-9
-22
-33
-42
-51
-61
-70
-75
-81
-88
-93
-97
-101
-107
-111
-114
-119
-122
-125
-125
-124
-122
-122
-119
-119
-117
-116
-115
-113
-111
-111
-109
-110
-109
-107
-104
-102
-101
-100
-98
-97
-95
-95
-96
-97
-99
-99
-100
-100
-99
-100
-103
-105
-106
-106
-106
-109
-110
-112
-113
-112
-111
-109
-106
-107
-106
-103
-98
-93
-90
-86
-81
-75
-72
-66
-61
-54
-48
-41
-33
-25
-17
-9
-2
8
17
23
30
37
46
53
59
66
74
82
92
100
109
117
122
126
131
136
141
145
153
158
164
170
176
180
182
179
176
170
168
165
167
170
175
177
172
158
145
132
124
118
115
115
113
107
91
74
58
50
46
44
43
38
27
15
4
-9
-19
-27
-31
-33
-37
-46
-57
-66
-72
-78
-83
-88
-90
-90
-95
-100
-104
-102
-101
-99
-99
-101
-104
-107
-108
-107
-107
-103
-98
-93
-88
-85
-88
-92
-93
-89
-86
-78
-70
-62
-58
-57
-58
-62
-61
-59
-55
-48
-43
-38
-35
-35
-34
-32
-32
-30
-24
-19
-15
-11
-7
-5
-4
-2
0
-1
-1
2
2
3
5
9
12
13
12
10
9
12
15
18
21
20
22
24
24
24
24
25
26
27
27
25
28
30
31
32
32
33
34
34
34
36
38
40
43
43
41
40
39
40
41
40
42
40
41
41
40
40
39
40
41
40
42
41
41
39
36
34
33
31
28
25
21
20
19
18
16
14
11
7
3
-1
-5
-10
-14
-17
-21
-24
-28
-33
-39
-44
-48
-54
-57
-60
-65
-69
-73
-77
-80
-82
-86
-87
-88
-88
-89
-90
-87
-87
-87
-87
-88
-88
-87
-86
-84
-81
-78
-73
-67
-62
-57
-52
-47
-43
-38
-35
-33
-31
-28
-20
-13
-4
7
15
22
29
32
35
38
43
47
54
59
65
70
73
76
80
86
91
94
97
99
98
97
99
99
101
104
108
110
110
111
112
111
111
107
103
100
96
96
98
98
97
95
92
89
85
84
83
81
80
79
75
72
69
67
65
63
62
61
57
53
48
44
42
38
35
32
29
25
20
15
11
7
3
-3
-8
-12
-13
-15
-17
-19
-22
-29
-36
-44
-48
-51
-54
-57
-63
-66
-72
-77
-85
-91
-95
-98
-100
-102
-105
-107
-111
-115
-121
-125
-128
-130
-130
-130
-132
-133
-133
-135
-137
-136
-136
-134
-131
-129
-127
-123
-120
-118
-117
-115
-113
-110
-107
-103
-99
-94
-89
-85
-81
-77
-71
-66
-61
-56
-51
-45
-39
-34
-29
-23
-18
-13
-7
0
6
13
18
23
30
36
43
49
55
61
69
77
85
92
97
103
109
113
119
124
130
134
139
143
144
147
150
152
152
151
150
149
149
148
148
146
146
143
138
132
130
123
119
114
109
107
104
98
89
80
71
63
56
47
41
32
23
14
3
-7
-17
-26
-34
-42
-49
-56
-61
-67
-75
-83
-91
-99
-107
-112
-117
-120
-122
-123
-126
-127
-128
-131
-136
-139
-141
-141
-140
-138
-135
-132
-127
-124
-124
-123
-121
-120
-118
-113
-109
-101
-93
-86
-82
-77
-73
-69
-66
-61
-58
-54
-47
-40
-32
-28
-24
-21
-20
-18
-15
-14
-8
-3
2
4
7
9
11
13
13
16
19
22
25
27
29
33
34
36
38
41
44
48
53
55
58
61
63
66
69
72
76
81
87
91
96
100
105
110
115
119
123
130
137
141
143
145
149
152
154
156
158
161
165
167
167
165
166
166
165
163
161
159
156
153
150
147
142
136
130
120
111
103
94
86
77
67
56
45
35
22
8
-5
-16
-29
-40
-53
-67
-78
-87
-97
-107
-115
-121
-130
-140
-150
-159
-167
-172
-175
-177
-181
-185
-189
-195
-200
-203
-204
-201
-198
-197
-197
-196
-195
-192
-190
-184
-178
-172
-166
-160
-156
-151
-146
-140
-134
-128
-121
-113
-107
-102
-97
-92
-86
-78
-71
-64
-57
-52
-45
-39
-33
-27
-22
-15
-9
-6
-2
4
9
13
19
23
27
31
35
37
41
43
46
49
52
56
59
63
65
68
73
77
81
84
88
90
92
93
94
96
98
100
102
103
104
108
108
108
110
110
112
115
115
114
114
114
113
113
115
114
114
115
116
117
118
121
123
123
124
123
121
120
120
119
117
117
116
115
112
111
109
105
99
93
87
79
67
58
51
42
30
21
14
4
-6
-17
-29
-40
-48
-60
-72
-83
-93
-103
-111
-120
-129
-138
-147
-152
-160
-169
-173
-177
-181
-184
-187
-187
-188
-191
-191
-190
-188
-187
-186
-182
-178
-171
-167
-164
-158
-151
-143
-139
-134
-127
-118
-113
-108
-100
-90
-82
-78
-70
-61
-54
-47
-39
-31
-24
-15
-6
0
5
12
19
27
31
36
40
44
49
52
55
59
61
64
65
68
69
71
71
74
76
77
77
75
74
74
74
72
71
72
73
73
72
70
70
70
71
72
74
74
74
74
75
79
82
85
90
93
96
97
99
101
102
104
108
114
118
121
121
123
124
124
125
126
127
128
127
127
125
123
119
116
114
111
106
103
97
90
84
76
68
60
54
45
37
27
19
12
5
-3
-12
-20
-31
-41
-51
-62
-71
-81
-89
-97
-106
-115
-123
-129
-137
-145
-149
-156
-163
-170
-176
-179
-183
-186
-187
-189
-192
-193
-196
-195
-195
-196
-195
-194
-192
-188
-182
-177
-173
-170
-166
-162
-157
-150
-145
-137
-130
-122
-115
-109
-101
-93
-86
-78
-69
-58
-49
-42
-33
-26
-18
-10
-1
7
15
22
29
37
46
54
63
71
77
84
89
94
99
105
110
115
119
122
124
124
126
126
129
131
134
135
136
135
133
130
129
130
131
132
132
132
129
126
122
120
119
119
122
124
123
121
118
113
110
107
104
104
104
105
103
99
98
94
91
89
87
85
83
78
75
71
67
62
59
57
53
51
44
39
34
26
20
13
6
-1
-8
-15
-22
-26
-32
-38
-47
-55
-64
-74
-83
-92
-102
-108
-114
-118
-124
-129
-136
-142
-147
-153
-158
-164
-167
-169
-171
-173
-176
-178
-179
-181
-180
-179
-177
-175
-173
-170
-165
-162
-158
-154
-149
-142
-136
-129
-126
-118
-111
-103
-94
-86
-78
-68
-59
-49
-40
-31
-22
-14
-5
3
9
17
23
31
39
46
53
59
66
74
83
93
100
104
108
113
116
120
124
125
127
130
131
130
131
129
129
128
126
125
123
121
120
119
118
117
115
115
111
108
104
100
96
92
88
85
82
77
73
70
68
65
60
56
52
46
43
40
36
30
26
24
20
17
14
11
8
7
5
3
0
-4
-7
-10
-13
-16
-18
-19
-22
-24
-27
-29
-31
-32
-34
-37
-41
-41
-45
-47
-49
-51
-55
-58
-62
-64
-66
-69
-72
-72
-75
-78
-80
-80
-82
-84
-84
-88
-90
-92
-93
-95
-97
-100
-104
-105
-107
-110
-110
-111
-112
-113
-114
-114
-113
-112
-109
-107
-104
-101
-99
-95
-90
-86
-82
-76
-69
-63
-57
-50
-44
-37
-30
-24
-16
-9
-1
9
17
25
32
39
48
57
66
74
82
90
97
105
112
118
123
128
133
138
142
145
148
149
150
150
148
147
149
149
147
143
140
137
133
128
122
116
112
107
102
97
88
79
72
63
56
49
41
35
29
20
11
2
-5
-10
-16
-19
-23
-29
-34
-39
-43
-48
-52
-54
-55
-56
-56
-58
-59
-62
-64
-65
-62
-61
-59
-58
-58
-57
-56
-54
-52
-48
-44
-42
-39
-37
-34
-32
-32
-31
-29
-27
-25
-23
-22
-20
-21
-22
-20
-18
-18
-17
-18
-17
-17
-20
-20
-20
-21
-22
-23
-25
-26
-27
-31
-33
-34
-35
-37
-36
-36
-36
-36
-38
-37
-36
-37
-37
-37
-36
-34
-33
-32
-30
-27
-25
-21
-19
-18
-15
-12
-11
-8
-4
-2
1
4
7
12
15
18
21
27
31
34
37
40
44
48
49
52
54
56
57
58
61
62
62
63
62
61
59
59
58
56
54
52
49
46
44
40
37
33
30
27
21
16
12
10
5
0
-6
-10
-15
-21
-25
-30
-32
-34
-35
-38
-41
-44
-46
-49
-52
-54
-55
-57
-59
-58
-58
-60
-60
-58
-57
-56
-56
-53
-51
-49
-47
-43
-38
-33
-31
-29
-25
-20
-18
-14
-10
-5
-2
0
3
5
10
12
13
17
18
20
22
24
27
29
28
28
29
29
30
30
30
29
30
29
26
25
25
24
25
22
19
19
17
15
11
9
7
5
3
1
-1
-1
-4
-6
-7
-6
-7
-8
-9
-10
-10
-11
-13
-12
-11
-10
-10
-11
-9
-6
-2
0
3
6
10
13
15
19
24
28
31
34
37
41
45
47
50
53
56
58
60
64
65
69
71
74
76
76
78
78
78
77
76
74
74
73
69
65
61
58
54
50
44
39
34
27
22
17
12
8
2
-4
-10
-15
-21
-27
-33
-39
-46
-50
-54
-58
-63
-69
-71
-74
-76
-81
-86
-88
-91
-95
-96
-97
-96
-96
-94
-92
-91
-91
-89
-87
-83
-83
-81
-79
-78
-75
-71
-69
-66
-63
-60
-59
-57
-54
-51
-48
-46
-42
-39
-35
-32
-29
-26
-24
-23
-23
-22
-21
-20
-19
-17
-16
-15
-14
-12
-11
-10
-9
-10
-8
-8
-6
-4
-2
0
2
4
5
6
7
10
10
12
13
15
17
20
23
26
29
30
32
34
35
36
38
42
44
47
50
54
58
63
67
69
69
70
72
74
76
78
79
81
81
83
84
87
87
87
87
86
85
85
85
83
81
79
76
74
72
67
63
61
55
50
45
42
39
33
28
23
20
17
12
7
1
-3
-7
-12
-18
-23
-26
-30
-33
-39
-43
-47
-50
-54
-56
-60
-66
-68
-69
-71
-74
-77
-79
-79
-80
-81
-81
-82
-79
-77
-76
-77
-77
-78
-77
-73
-69
-64
-64
-65
-63
-61
-58
-54
-47
-38
-33
-30
-31
-30
-25
-17
-9
-3
-1
-3
-1
2
7
11
16
20
21
22
22
22
23
28
31
31
32
32
33
32
34
34
35
37
37
36
34
33
32
31
31
31
31
29
29
28
29
28
26
24
23
23
24
25
24
24
23
21
22
22
21
21
20
19
18
17
15
16
17
16
15
14
15
16
16
16
16
16
17
17
16
15
13
12
11
8
7
6
2
1
-1
-1
-1
-4
-4
-5
-6
-5
-6
-8
-10
-11
-12
-13
-15
-18
-20
-21
-22
-24
-25
-28
-28
-29
-30
-32
-33
-35
-35
-37
-38
-39
-40
-41
-40
-39
-39
-39
-38
-36
-37
-37
-37
-37
-36
-36
-37
-38
-37
-37
-37
-36
-35
-33
-32
-30
-28
-27
-24
-20
-20
-17
-15
-12
-10
-7
-5
-3
-1
0
3
6
9
13
13
14
17
20
23
26
30
33
35
38
40
43
47
49
51
52
53
53
54
52
51
51
52
51
50
49
49
47
46
44
41
40
37
35
33
33
32
30
27
25
22
19
16
14
13
13
11
9
7
5
4
1
-1
-4
-4
-5
-5
-6
-5
-4
-3
-4
-5
-5
-5
-6
-9
-11
-11
-9
-10
-10
-10
-11
-10
-9
-11
-10
-9
-9
-7
-6
-4
-3
-4
-4
-4
-5
-5
-6
-8
-9
-9
-10
-11
-12
-14
-16
-18
-19
-22
-23
-23
-25
-27
-27
-27
-27
-29
-29
-31
-31
-33
-35
-38
-40
-42
-43
-46
-47
-48
-47
-49
-50
-51
-50
-49
-48
-47
-44
-39
-36
-32
-31
-27
-24
-23
-21
-21
-17
-14
-13
-10
-7
-4
-1
1
5
7
10
12
15
20
24
26
30
34
37
41
43
44
47
49
50
49
51
53
52
51
50
50
49
49
48
48
49
47
49
49
50
49
47
45
44
42
40
37
36
34
31
29
28
25
24
21
18
17
17
17
15
16
19
20
20
20
20
21
19
17
15
13
11
8
5
4
2
-2
-3
-5
-7
-9
-12
-14
-16
-15
-15
-18
-18
-16
-17
-18
-19
-21
-23
-26
-30
-33
-34
-36
-41
-45
-47
-51
-52
-55
-57
-59
-61
-59
-59
-58
-56
-53
-51
-50
-49
-48
-46
-47
-46
-46
-45
-44
-43
-41
-42
-41
-38
-37
-36
-32
-29
-25
-21
-17
-12
-9
-3
2
4
6
10
13
15
16
18
19
20
21
21
25
26
27
29
30
34
36
40
41
45
47
50
51
52
54
53
55
54
54
54
54
53
51
49
49
48
46
44
43
42
41
40
37
36
35
33
31
30
26
23
20
18
14
11
7
3
-2
-5
-8
-12
-16
-19
-22
-23
-28
-30
-31
-34
-35
-36
-39
-41
-42
-43
-44
-46
-46
-48
-50
-51
-51
-51
-51
-52
-52
-52
-50
-49
-49
-50
-47
-46
-44
-42
-40
-38
-35
-33
-32
-29
-27
-26
-24
-22
-21
-17
-18
-15
-14
-10
-7
-5
-3
-1
4
7
9
11
13
15
17
18
20
21
22
24
25
26
27
27
27
27
28
29
30
32
32
34
36
38
38
39
41
40
41
40
39
38
39
36
37
37
35
35
35
34
35
33
32
31
31
31
30
31
31
33
32
32
30
30
27
24
22
21
18
14
11
9
6
4
2
1
-1
-2
-4
-6
-7
-9
-10
-11
-12
-12
-14
-16
-18
-20
-21
-23
-25
-28
-31
-33
-35
-36
-39
-38
-39
-38
-38
-38
-36
-35
-35
-33
-29
-27
-25
-24
-23
-20
-18
-17
-16
-13
-10
-10
-9
-8
-7
-5
-4
-4
-1
0
1
4
5
7
8
10
12
13
14
14
13
13
13
11
11
11
10
9
9
7
6
6
5
4
4
2
2
1
1
-1
-1
-1
-3
-2
-1
-1
-1
-1
-1
-1
-1
-1
-2
-1
-2
-2
-2
-3
-1
-1
-1
-2
-1
0
2
3
4
4
4
7
8
8
8
8
8
7
6
6
5
4
3
2
2
4
5
5
5
5
5
5
5
4
3
4
3
1
0
-3
-5
-6
-6
-6
-8
-7
-5
-5
-5
-4
-5
-5
-6
-7
-9
-10
-12
-13
-15
-16
-17
-16
-17
-17
-16
-15
-14
-12
-10
-9
-9
-8
-6
-6
-8
-6
-7
-6
-7
-7
-6
-3
-2
-1
0
3
3
6
6
7
8
7
6
5
3
2
1
-1
-2
-2
-3
-3
-3
-2
-1
-1
-2
-2
-2
-2
-4
-5
-7
-9
-10
-11
-13
-14
-13
-14
-14
-14
-15
-14
-14
-13
-13
-14
-14
-14
-14
-14
-13
-13
-13
-14
-12
-10
-8
-5
-3
0
3
4
5
8
10
9
11
12
12
15
17
18
18
20
23
25
27
30
33
34
36
36
36
36
37
36
35
35
34
33
33
34
33
33
34
34
35
36
38
38
36
35
35
34
33
31
30
28
27
23
23
22
20
19
18
16
15
13
11
9
6
5
3
2
0
-2
-3
-5
-9
-11
-13
-14
-16
-19
-21
-21
-24
-25
-28
-29
-30
-31
-31
-33
-34
-35
-34
-36
-35
-35
-36
-38
-40
-39
-39
-39
-39
-40
-40
-40
-41
-41
-41
-40
-39
-39
-38
-37
-38
-38
-37
-36
-35
-33
-33
-33
-32
-31
-30
-29
-27
-26
-25
-24
-21
-20
-19
-17
-16
-14
-15
-14
-11
-8
-8
-6
-3
-1
2
3
6
9
10
12
14
15
16
19
20
22
25
29
30
33
37
38
39
42
43
45
49
50
51
54
56
57
58
59
60
59
59
59
59
60
61
62
62
63
63
63
62
61
63
62
62
61
60
57
54
52
49
48
45
43
40
37
35
31
28
25
21
15
10
5
0
-2
-8
-11
-15
-20
-23
-27
-31
-36
-40
-43
-49
-54
-56
-59
-61
-63
-67
-68
-70
-72
-74
-74
-75
-77
-75
-73
-72
-70
-69
-69
-66
-64
-62
-61
-62
-61
-59
-57
-55
-53
-50
-48
-44
-42
-40
-37
-36
-35
-31
-27
-23
-20
-18
-15
-11
-8
-5
-5
-4
-3
0
2
3
6
9
9
10
11
11
10
10
12
13
14
15
16
16
18
20
20
20
19
19
20
20
20
18
17
18
18
19
20
20
20
21
22
24
25
26
28
27
27
28
28
27
25
24
22
20
19
18
17
16
14
14
13
13
13
13
13
13
13
14
14
12
13
12
11
10
9
10
10
9
9
9
9
8
7
5
3
2
1
-1
-1
-2
-2
-3
-3
-4
-5
-6
-7
-10
-9
-9
-11
-11
-12
-10
-11
-11
-12
-11
-12
-11
-11
-11
-10
-11
-9
-10
-9
-9
-7
-7
-7
-7
-7
-7
-8
-8
-9
-11
-11
-11
-11
-9
-8
-6
-4
-3
0
2
4
4
4
5
4
4
4
5
5
7
7
8
9
11
12
13
12
10
8
7
5
5
6
5
5
6
7
8
7
7
7
6
5
5
3
3
2
3
3
3
3
3
3
4
4
5
4
2
2
2
2
2
3
3
4
5
2
0
-1
-4
-8
-10
-12
-13
-14
-14
-12
-10
-8
-7
-4
-4
-4
-2
-3
-2
-4
-4
-5
-4
-4
-2
-1
1
4
5
6
6
6
5
3
2
2
2
3
3
6
7
10
11
11
10
11
11
11
11
11
10
8
8
7
7
8
9
7
7
5
4
3
2
1
-1
-1
-1
-1
-2
-1
-2
-4
-6
-10
-13
-16
-19
-20
-21
-22
-21
-20
-20
-18
-16
-14
-12
-10
-10
-10
-10
-11
-11
-12
-11
-11
-9
-6
-3
0
1
2
4
4
5
4
5
6
7
8
10
10
11
14
15
15
15
15
15
14
13
12
11
10
10
11
10
12
12
10
9
7
6
0
-3
-3
-3
-2
-1
-1
-1
1
0
-1
-3
-5
-8
-11
-13
-15
-17
-19
-20
-19
-17
-15
-14
-12
-10
-9
-8
-8
-9
-10
-10
-9
-8
-7
-6
-3
-2
-1
-1
0
1
2
3
4
3
5
6
7
7
10
11
12
13
14
14
14
14
12
11
10
10
11
11
11
12
12
11
11
10
9
6
4
2
1
0
-2
-2
-2
-3
-2
-3
-5
-2
-6
-10
-12
-15
-17
-20
-21
-21
-21
-21
-20
-19
-18
-17
-16
-15
-15
-15
-14
-13
-12
-11
-11
-9
-7
-6
-7
-6
-4
-4
-3
-3
-3
0
1
2
3
5
5
8
8
8
9
11
12
12
13
13
14
14
12
12
11
12
10
12
13
13
15
14
14
14
16
15
15
15
14
13
13
12
12
10
8
5
4
2
0
-2
-2
-2
-3
-3
-3
-4
-4
-5
-6
-8
-8
-7
-8
-7
-6
-6
-6
-4
-3
-4
-5
-5
-5
-4
-4
-4
-1
-1
0
-1
0
0
-1
-1
-2
-1
0
0
1
2
4
2
1
1
0
0
-1
-1
0
0
0
0
1
1
0
2
2
1
2
2
3
3
4
4
3
3
0
-3
-6
-8
-8
-10
-10
-10
-11
-11
-12
-11
-11
-11
-10
-10
-8
-8
-7
-4
-2
-2
0
1
2
2
2
2
2
2
3
4
4
4
3
4
4
3
4
6
7
8
8
11
13
14
15
16
16
15
16
17
16
18
17
18
17
15
16
15
14
12
12
11
10
9
12
11
10
10
8
8
6
4
2
0
0
-3
-4
-5
-5
-6
-8
-9
-10
-12
-12
-12
-12
-12
-13
-13
-13
-12
-12
-11
-10
-11
-11
-12
-11
-12
-14
-14
-15
-15
-15
-14
-13
-13
-13
-11
-10
-9
-9
-8
-8
-8
-6
-4
-5
-4
-3
-3
-2
-3
-2
-1
-2
-4
-5
-4
-4
-4
-4
-2
1
2
3
5
7
7
7
5
5
4
1
-1
-4
-4
-3
-4
-4
-5
-3
-4
-5
-6
-5
-5
-5
-7
-5
-4
-3
-2
-3
-2
0
-1
-2
-3
-3
-3
-4
-6
-7
-5
-2
-2
-2
-3
-1
1
2
1
0
2
3
4
4
4
6
9
8
8
10
10
9
7
7
9
8
7
7
8
10
11
9
10
13
14
14
12
12
13
12
9
7
7
7
7
5
3
3
2
2
0
-2
-2
-2
-2
-3
-4
-4
-3
-2
-2
-2
-1
-1
-2
-3
-3
-3
-6
-5
-6
-7
-7
-6
-7
-7
-7
-6
-7
-8
-9
-9
-8
-8
-6
-6
-4
-3
-2
-3
-2
0
-1
-3
-4
-1
-1
-2
-2
0
1
2
3
3
5
5
7
7
6
7
8
8
7
6
7
7
8
7
6
6
4
4
2
1
0
0
-1
-3
0
-1
0
1
1
0
1
1
0
-1
-3
-5
-5
-5
-7
-7
-7
-7
-7
-7
-7
-7
-6
-7
-7
-6
-5
-5
-4
-3
-1
1
3
4
6
7
7
8
10
11
13
13
15
16
17
17
18
19
19
22
23
25
25
25
25
24
23
23
23
24
22
23
21
21
21
19
18
18
18
16
16
15
13
12
9
9
9
7
8
8
6
4
2
-2
-5
-8
-10
-12
-13
-13
-12
-12
-14
-16
-18
-20
-22
-25
-27
-28
-27
-27
-26
-25
-26
-26
-26
-27
-27
-29
-30
-30
-31
-31
-30
-30
-29
-28
-26
-26
-25
-24
-22
-22
-21
-21
-20
-19
-18
-17
-17
-15
-15
-14
-15
-14
-15
-16
-17
-17
-17
-16
-15
-13
-10
-10
-8
-6
-5
-4
-3
-2
-1
0
0
1
2
3
4
5
7
8
10
12
13
14
15
16
16
16
16
17
16
17
17
18
18
18
19
18
19
20
20
21
21
22
20
20
21
21
20
19
20
19
19
18
19
17
16
14
14
14
13
12
12
11
12
11
9
7
7
5
3
2
1
-1
-2
-3
-4
-3
-4
-4
-4
-4
-4
-6
-7
-7
-7
-7
-9
-8
-8
-9
-9
-9
-10
-11
-12
-12
-13
-15
-16
-15
-15
-15
-16
-16
-16
-16
-15
-15
-16
-15
-16
-14
-13
-13
-14
-14
-13
-11
-11
-10
-11
-9
-7
-6
-5
-5
-5
-3
-2
0
0
1
2
2
3
4
4
5
5
5
5
5
8
9
10
11
11
13
15
17
18
19
18
18
19
19
19
19
17
16
17
15
15
14
13
12
11
10
8
7
6
4
3
2
0
-1
-2
-2
-2
-3
-4
-4
-6
-7
-7
-8
-8
-9
-9
-9
-9
-10
-12
-10
-10
-10
-9
-8
-7
-6
-5
-5
-5
-3
-3
-3
-3
-3
-2
-1
-1
1
2
4
5
7
8
9
10
9
10
10
12
12
13
13
12
11
9
9
8
6
6
6
4
4
4
4
3
3
2
1
0
-2
-3
-4
-4
-6
-7
-8
-8
-7
-8
-8
-8
-8
-7
-8
-7
-5
-7
-7
-5
-6
-6
-7
-6
-7
-5
-4
-3
-3
-2
0
0
1
1
2
3
3
4
5
4
3
5
5
6
6
5
5
6
7
7
7
6
7
6
6
6
5
4
4
4
3
1
1
1
1
1
-1
-2
-1
-1
-1
-1
-2
-3
-4
-5
-4
-5
-7
-9
-8
-8
-8
-7
-7
-6
-5
-6
-6
-8
-8
-8
-8
-9
-8
-7
-5
-3
-2
-3
-2
-1
0
1
1
1
0
0
1
0
1
0
1
1
3
3
3
3
3
3
1
1
0
1
1
3
3
2
3
3
3
2
2
1
1
2
3
4
4
3
3
2
1
0
0
1
-2
-2
-2
-1
-1
-1
-1
-2
-1
-1
0
1
1
2
0
-1
-1
-3
-2
-3
-3
-1
1
1
3
5
4
3
3
2
3
4
3
3
2
1
1
0
-2
-3
-5
-6
-6
-4
-3
0
1
2
2
1
0
0
2
1
1
2
3
3
1
1
1
1
0
0
1
1
1
2
2
3
3
4
4
3
2
1
0
-1
-1
-1
-2
-3
-3
-2
-2
-2
-1
-1
-1
0
1
1
1
2
3
2
3
2
2
2
0
-3
-3
-4
-6
-7
-8
-10
-9
-9
-9
-8
-8
-6
-6
-7
-8
-7
-7
-8
-8
-7
-7
-7
-6
-7
-6
-6
-6
-6
-6
-6
-7
-5
-4
-4
-2
-2
-2
-4
-5
-6
-8
-8
-9
-9
-10
-9
-8
-8
-6
-7
-5
-3
-2
0
2
2
3
4
6
5
5
5
6
8
8
8
9
8
8
7
7
6
5
6
7
8
10
11
12
10
8
8
9
9
9
9
9
11
12
14
14
14
12
12
12
12
12
11
11
12
12
12
12
11
11
10
9
8
7
6
6
6
5
5
5
5
5
5
5
6
6
7
6
7
7
8
8
7
6
6
6
5
4
2
2
1
-1
-2
-2
-3
-2
-2
-2
-3
-3
-3
-6
-7
-8
-8
-8
-10
-9
-9
-9
-10
-9
-9
-10
-11
-10
-11
-10
-10
-10
-10
-9
-9
-7
-7
-7
-7
-8
-8
-9
-9
-8
-8
-9
-9
-8
-8
-7
-6
-5
-6
-6
-6
-6
-6
-6
-7
-7
-5
-4
-2
-2
-2
-2
-3
-4
-5
-5
-4
-3
-2
-2
-1
1
1
1
0
1
1
1
2
1
3
4
4
4
4
4
4
3
3
3
5
6
5
4
5
5
6
6
6
4
4
4
4
3
4
2
0
0
0
0
-1
-2
-1
-1
-1
0
0
-1
0
1
1
1
1
2
3
3
3
4
3
2
1
2
2
1
2
1
2
4
5
5
5
5
4
5
5
5
5
4
4
2
2
0
-1
-2
-1
-3
-4
-5
-5
-5
-6
-6
-6
-6
-6
-7
-6
-7
-7
-9
-11
-12
-13
-13
-12
-12
-13
-13
-12
-12
-12
-13
-11
-11
-10
-9
-7
-7
-7
-9
-9
-9
-10
-10
-10
-10
-10
-12
-13
-12
-9
-8
-6
-5
-4
-2
0
-1
-1
-2
-1
-1
-2
-1
0
1
1
1
0
0
1
1
1
3
3
5
8
8
8
9
11
10
10
11
10
10
10
10
9
9
9
9
12
13
13
14
16
16
18
17
17
19
19
20
20
20
19
20
18
17
15
13
13
11
9
8
9
10
11
11
11
12
12
10
9
9
10
8
6
7
7
7
6
5
5
5
4
3
2
2
2
3
3
4
4
5
5
6
5
3
1
0
-2
-4
-6
-8
-10
-10
-11
-11
-11
-12
-11
-10
-11
-9
-9
-8
-7
-7
-7
-6
-7
-6
