0
1
0
1
1
0
0
0
0
0
1
1
0
1
1
0
1
1
1
1
1
1
2
2
1
2
2
2
1
1
1
2
2
2
1
2
1
1
2
2
0
1
1
0
0
-1
0
-1
-1
-1
-1
-2
-2
-2
-2
-2
-3
-3
-3
-4
-5
-4
-4
-5
-5
-6
-6
-6
-6
-7
-6
-7
-8
-8
-8
-9
-10
-10
-10
-10
-11
-10
-11
-11
-12
-11
-11
-12
-12
-12
-12
-12
-12
-12
-12
-12
-12
-12
-12
-12
-11
-12
-12
-12
-11
-11
-11
-11
-11
-11
-10
-9
-9
-8
-6
-7
-6
-5
-4
-3
-3
-3
-1
0
2
4
4
4
5
7
8
9
10
11
12
14
15
16
16
17
18
19
20
21
23
24
26
27
30
31
31
32
34
34
34
35
34
36
37
37
37
38
39
39
40
39
39
41
41
40
41
42
41
40
38
39
38
37
35
35
34
31
30
29
26
25
22
19
17
14
11
9
4
1
-3
-6
-11
-14
-17
-20
-25
-29
-31
-34
-38
-40
-44
-45
-48
-50
-53
-55
-56
-59
-60
-62
-63
-65
-66
-68
-71
-71
-72
-73
-74
-75
-76
-76
-77
-77
-77
-77
-79
-80
-80
-80
-81
-81
-83
-83
-84
-86
-87
-86
-87
-86
-86
-85
-81
-79
-75
-72
-66
-60
-55
-49
-41
-33
-24
-18
-8
2
13
23
32
41
52
63
71
79
87
93
97
100
103
106
110
113
113
116
118
119
120
123
126
128
130
132
133
131
131
130
128
127
123
119
116
112
110
107
103
101
97
93
88
83
78
73
67
60
54
51
45
40
37
36
32
30
28
28
28
27
25
24
22
20
17
14
12
9
8
6
3
1
1
-2
-4
-8
-11
-16
-20
-26
-31
-38
-46
-53
-59
-68
-73
-81
-89
-96
-102
-108
-117
-124
-131
-137
-145
-152
-161
-168
-174
-182
-189
-194
-198
-202
-204
-204
-204
-204
-200
-197
-191
-184
-176
-168
-159
-149
-137
-123
-108
-96
-82
-66
-50
-36
-22
-6
9
22
35
47
59
71
80
88
96
101
107
113
117
122
126
129
130
131
131
129
128
125
120
115
109
102
93
85
75
65
56
45
37
28
21
13
7
2
-3
-7
-9
-11
-10
-11
-8
-4
0
10
16
26
37
49
61
73
86
98
111
123
134
146
154
163
170
177
183
187
190
192
193
194
192
191
187
181
174
167
160
149
140
128
115
104
90
76
62
49
31
17
1
-14
-31
-46
-61
-77
-91
-104
-118
-130
-143
-154
-164
-173
-183
-190
-196
-201
-205
-209
-211
-212
-213
-214
-211
-208
-207
-204
-201
-199
-195
-195
-192
-192
-189
-188
-187
-186
-183
-179
-176
-172
-167
-163
-158
-152
-147
-141
-134
-126
-121
-114
-106
-99
-90
-81
-72
-62
-52
-43
-32
-21
-11
-2
9
16
25
33
41
47
55
62
67
75
83
90
97
102
108
113
117
122
122
126
127
127
126
125
125
124
123
122
120
120
120
119
118
117
119
119
119
120
122
125
128
130
134
138
144
147
153
158
163
168
171
176
179
182
185
186
188
188
187
188
187
184
182
178
175
169
163
157
150
142
135
125
116
105
93
82
70
57
44
31
17
3
-11
-25
-39
-54
-69
-83
-98
-112
-125
-138
-151
-160
-172
-182
-190
-198
-205
-211
-216
-220
-224
-227
-229
-230
-229
-230
-230
-229
-228
-226
-225
-223
-220
-220
-217
-217
-215
-214
-211
-208
-206
-203
-200
-197
-191
-186
-180
-175
-168
-160
-152
-144
-136
-128
-117
-107
-96
-88
-75
-64
-55
-46
-36
-25
-15
-5
5
14
25
35
43
54
64
75
82
92
102
112
122
130
136
143
150
156
163
168
171
173
175
177
178
178
177
177
176
175
173
172
170
167
166
164
161
161
159
158
155
154
153
151
150
149
148
146
146
146
147
144
143
141
141
139
137
136
133
130
128
125
122
118
114
107
102
97
92
85
78
70
61
53
44
34
24
15
6
-4
-17
-29
-39
-49
-59
-70
-81
-91
-100
-110
-122
-131
-139
-147
-155
-163
-169
-176
-182
-187
-193
-196
-199
-203
-208
-212
-215
-216
-219
-223
-224
-225
-227
-229
-230
-230
-232
-234
-234
-234
-233
-232
-231
-229
-226
-222
-217
-212
-207
-200
-192
-182
-173
-162
-152
-140
-126
-114
-100
-89
-78
-65
-47
-33
-18
-5
6
19
32
43
55
66
79
90
101
114
125
136
141
151
161
167
173
180
191
196
197
202
209
214
213
210
214
216
218
218
212
211
209
206
203
199
197
196
193
184
179
173
167
157
151
146
149
189
179
141
106
105
138
130
109
81
108
149
142
92
49
53
78
113
93
57
38
54
82
64
27
4
24
53
54
26
2
-5
10
23
8
-13
-36
-33
-21
-23
-43
-64
-66
-55
-46
-58
-76
-93
-96
-91
-96
-107
-123
-131
-122
-116
-126
-144
-156
-154
-148
-149
-156
-164
-163
-162
-161
-170
-185
-190
-187
-181
-182
-190
-200
-198
-190
-190
-197
-204
-200
-187
-184
-189
-195
-193
-180
-173
-173
-172
-167
-153
-146
-144
-138
-129
-112
-98
-88
-81
-72
-54
-35
-22
-17
-9
6
24
39
46
52
64
80
95
106
115
121
132
147
156
155
158
173
187
187
182
178
183
195
197
190
178
180
186
191
190
180
174
171
169
163
154
147
147
146
137
134
119
107
108
104
97
91
81
76
75
68
67
57
52
48
37
45
43
20
28
28
24
38
19
16
21
13
23
16
15
8
-3
27
23
14
-2
-24
10
24
8
-17
-27
-22
5
1
-32
-51
-58
-17
-26
-50
-71
-98
-49
-57
-92
-103
-101
-87
-82
-123
-143
-111
-130
-115
-155
-131
-134
-158
-133
-171
-143
-158
-149
-165
-151
-156
-165
-151
-183
-142
-149
-144
-155
-170
-134
-132
-129
-143
-152
-116
-104
-115
-110
-115
-95
-82
-79
-77
-82
-61
-45
-34
-47
-45
-20
6
4
-6
12
29
46
53
47
53
82
89
97
101
101
116
114
137
137
140
146
146
158
154
160
151
150
155
165
165
147
141
141
149
148
134
123
119
119
124
111
105
87
74
90
79
83
73
33
53
63
45
37
18
39
22
6
42
24
11
-2
0
23
21
6
-11
1
23
23
0
9
13
-8
13
35
25
8
4
27
28
17
32
3
18
27
12
50
26
5
1
-7
21
45
3
-26
-20
2
31
-13
-38
-63
-50
48
1
-70
-66
-97
-3
-19
-60
-62
-132
-41
-21
-48
-92
-147
-92
-25
-20
-75
-122
-150
-41
8
-86
-99
-109
-81
-14
-34
-64
-121
-111
-24
-13
-20
-88
-117
-43
-12
-15
-59
-96
-61
-13
2
-19
-77
-91
-57
1
32
-42
-93
-74
-7
27
-12
-72
-75
-19
25
26
-31
-66
-24
42
46
10
-33
-20
34
63
67
24
7
24
61
77
56
39
38
65
84
84
40
29
48
59
90
64
28
31
41
59
41
11
7
17
44
41
-2
-19
-17
11
2
-16
-8
-33
-20
-7
-24
-41
-26
-36
-40
-10
-23
-19
-34
-34
-8
-21
7
-12
-43
22
6
16
31
-7
14
17
40
50
50
26
25
62
76
73
29
50
54
78
95
73
57
44
68
82
90
55
42
52
79
80
28
34
67
34
21
9
62
52
-36
5
0
40
13
-36
-23
-24
9
-31
-9
-44
-34
-12
-48
-4
-60
-41
-35
-22
-19
-72
-31
-14
-35
-70
-47
-29
-14
-26
-49
-65
-53
-26
-25
-38
-75
-54
-29
-39
-49
-49
-70
-98
-48
-27
-53
-50
-101
-101
-42
-28
-46
-116
-94
-39
-24
-25
-87
-80
-64
-32
0
-27
-45
-54
-1
4
0
-5
-35
-9
10
35
8
-18
-1
-9
21
11
-13
-1
-22
-7
-6
-26
-29
-53
-36
-35
-44
-41
-65
-59
-61
-67
-67
-79
-65
-68
-56
-47
-62
-48
-55
-46
-39
-45
-17
-10
31
56
19
23
35
72
92
92
119
112
149
176
157
165
156
181
211
227
232
212
220
229
232
241
239
227
210
197
209
229
232
220
195
166
175
148
102
82
126
157
131
130
73
64
38
-37
-47
-4
38
31
5
-19
-21
-29
-41
-127
-159
-93
-69
-27
-27
-70
-62
-55
-92
-141
-164
-134
-98
-66
-28
-29
-41
-106
-151
-144
-149
-136
-131
-99
-88
-73
-109
-168
-181
-227
-202
-224
-214
-159
-173
-164
-205
-219
-212
-247
-237
-227
-231
-172
-167
-165
-146
-165
-138
-132
-113
-120
-123
-77
-43
-22
-9
7
24
29
-10
-16
4
13
42
64
70
80
62
35
23
0
3
-7
10
23
25
34
-3
-20
-48
-64
-58
-64
-43
-29
-14
-14
-30
-40
-54
-44
-33
-26
6
25
50
56
61
89
86
107
126
157
207
217
221
230
257
292
307
315
311
320
350
355
345
338
335
342
347
350
316
287
268
263
261
230
210
189
187
169
134
117
85
77
66
54
52
24
16
6
-20
-23
-39
-48
-41
-46
-57
-66
-71
-77
-97
-102
-102
-111
-117
-132
-117
-115
-134
-156
-170
-159
-167
-163
-189
-199
-179
-183
-172
-217
-245
-254
-254
-217
-238
-260
-273
-289
-300
-329
-360
-359
-331
-324
-304
-332
-358
-327
-338
-330
-333
-298
-223
-192
-151
-145
-146
-123
-81
-42
-6
24
57
135
163
159
143
108
126
134
135
141
136
145
126
90
59
24
-13
-22
-17
-37
-52
-63
-70
-85
-116
-126
-126
-111
-118
-129
-107
-98
-72
-49
-38
-12
1
6
21
42
71
90
119
171
213
225
217
225
259
287
316
338
356
390
403
427
448
448
447
441
457
472
469
443
443
456
480
473
416
385
347
343
334
296
285
257
253
234
193
134
69
49
48
55
32
-1
-19
-40
-58
-97
-121
-136
-148
-142
-139
-144
-162
-189
-202
-206
-206
-197
-209
-212
-215
-220
-202
-204
-215
-214
-228
-234
-245
-269
-279
-301
-311
-314
-318
-341
-369
-410
-456
-479
-510
-477
-461
-422
-432
-444
-400
-410
-385
-423
-374
-286
-204
-124
-107
-50
-39
-4
25
56
100
113
172
197
213
203
170
161
114
80
60
47
16
-32
-64
-82
-87
-116
-156
-184
-201
-211
-236
-233
-217
-205
-168
-146
-111
-86
-81
-59
-47
-22
22
67
111
132
160
203
231
233
208
208
227
251
263
261
269
272
288
284
271
258
243
254
272
287
289
303
333
377
444
490
500
480
466
478
479
489
492
525
603
642
620
545
466
394
352
330
301
287
265
238
176
78
-17
-91
-140
-177
-208
-211
-188
-186
-197
-191
-179
-167
-171
-182
-191
-197
-176
-150
-110
-72
-45
-23
-35
-72
-111
-145
-191
-227
-245
-246
-246
-291
-364
-438
-505
-579
-659
-703
-740
-749
-764
-771
-733
-702
-671
-657
-630
-577
-518
-461
-414
-336
-231
-111
-18
43
103
146
193
218
235
254
277
302
306
293
268
230
171
94
15
-49
-100
-172
-223
-250
-257
-247
-286
-304
-313
-321
-309
-296
-263
-202
-139
-75
-10
38
102
144
180
222
243
274
311
346
372
375
374
371
352
325
283
233
199
176
154
135
119
110
104
91
97
102
114
139
150
189
232
283
350
399
505
599
690
735
715
736
711
700
658
640
676
705
708
629
537
415
335
238
146
66
-13
-40
-114
-158
-210
-249
-265
-305
-328
-326
-305
-290
-243
-176
-68
14
49
74
70
91
92
66
47
17
15
22
-6
-39
-104
-166
-247
-362
-475
-566
-607
-651
-696
-760
-793
-832
-907
-943
-985
-961
-933
-926
-850
-774
-648
-559
-496
-377
-264
-164
-129
-63
34
136
212
238
286
302
362
376
364
350
300
284
234
157
59
-7
-55
-120
-201
-274
-311
-361
-398
-418
-419
-398
-385
-346
-276
-208
-127
-47
17
83
151
227
289
312
341
408
449
448
424
412
413
386
358
311
261
202
150
96
29
-17
-60
-74
-100
-107
-90
-65
-24
-3
38
104
186
264
336
419
501
587
702
805
899
955
960
957
889
839
763
683
642
608
569
495
379
249
170
53
-32
-141
-217
-233
-301
-317
-331
-317
-277
-263
-225
-168
-118
-53
4
56
130
184
256
299
303
305
258
199
120
21
-68
-145
-218
-282
-363
-439
-492
-579
-670
-759
-832
-868
-905
-931
-918
-916
-904
-870
-850
-810
-803
-776
-710
-650
-540
-432
-330
-210
-103
-21
43
71
115
161
167
200
185
190
205
183
200
183
170
155
82
21
-58
-125
-147
-208
-249
-268
-293
-296
-308
-300
-259
-217
-162
-108
-48
39
116
186
260
312
376
429
454
468
458
473
476
443
412
380
338
284
227
177
121
56
-5
-45
-84
-110
-127
-143
-138
-119
-75
-28
16
90
164
240
319
387
468
539
593
663
714
778
819
839
843
813
772
679
592
486
391
311
233
163
106
44
-20
-70
-134
-164
-200
-206
-207
-215
-190
-169
-120
-58
-8
55
103
132
178
205
218
229
211
201
187
156
103
10
-71
-154
-237
-317
-421
-505
-562
-611
-650
-683
-731
-766
-788
-796
-796
-792
-750
-721
-717
-710
-684
-662
-636
-623
-629
-612
-577
-487
-391
-324
-212
-95
16
58
40
58
96
123
114
94
118
175
203
223
223
225
242
189
102
6
-52
-74
-128
-177
-207
-213
-191
-182
-176
-138
-86
-25
34
86
168
244
317
380
422
477
536
564
550
528
514
492
445
380
324
267
224
168
88
28
-24
-70
-132
-188
-207
-209
-199
-179
-143
-90
-22
50
121
199
278
360
437
506
578
637
695
767
813
840
810
752
654
533
425
278
178
111
54
7
-45
-102
-154
-192
-222
-234
-257
-251
-244
-227
-179
-145
-74
-10
47
117
167
215
244
258
275
271
243
209
149
88
17
-87
-192
-309
-388
-450
-518
-560
-597
-616
-625
-647
-674
-679
-669
-686
-705
-708
-683
-642
-631
-614
-592
-570
-569
-604
-607
-562
-484
-417
-347
-237
-88
38
96
134
167
233
255
208
181
170
199
203
195
222
241
251
216
154
77
-8
-95
-169
-245
-300
-301
-287
-246
-199
-125
-14
73
159
238
326
420
480
513
531
556
585
591
568
554
551
511
451
384
322
253
154
52
-38
-101
-141
-180
-209
-229
-230
-195
-152
-109
-60
1
82
147
206
281
358
431
484
548
612
660
705
731
743
721
652
553
438
328
215
112
14
-80
-130
-164
-202
-231
-238
-222
-201
-191
-183
-162
-148
-131
-112
-72
-25
22
76
120
153
184
202
217
213
174
127
60
-15
-94
-190
-271
-351
-413
-463
-509
-528
-543
-539
-538
-561
-567
-554
-553
-565
-608
-624
-621
-627
-628
-662
-669
-660
-675
-703
-698
-646
-590
-512
-407
-277
-149
-28
89
179
256
288
309
358
370
343
291
266
258
208
169
134
103
54
-3
-66
-153
-240
-320
-374
-416
-427
-393
-303
-172
-42
101
260
426
555
645
709
752
755
736
721
686
660
620
588
545
480
417
332
252
144
29
-66
-142
-199
-258
-275
-266
-226
-180
-99
1
99
204
287
371
438
494
534
551
569
573
582
578
582
608
620
592
525
436
335
214
73
-83
-181
-209
-268
-302
-305
-281
-255
-229
-180
-143
-98
-87
-73
-67
-68
-65
-48
-10
-4
29
50
77
82
57
46
25
-16
-70
-104
-168
-237
-311
-365
-415
-448
-456
-457
-430
-438
-449
-452
-446
-463
-511
-563
-624
-675
-720
-739
-763
-799
-841
-878
-872
-811
-720
-621
-494
-331
-147
8
103
168
274
401
476
490
482
484
468
424
346
265
185
103
25
-68
-168
-261
-333
-401
-466
-528
-554
-529
-481
-408
-300
-133
66
260
452
643
807
929
1000
1022
1012
966
894
801
695
597
499
406
313
219
152
103
39
-49
-140
-189
-212
-241
-258
-251
-189
-91
26
164
298
434
570
681
757
797
815
815
784
727
674
630
573
489
393
314
230
117
-7
-103
-179
-259
-334
-390
-412
-397
-335
-267
-195
-148
-98
-39
-15
-18
-57
-69
-84
-113
-137
-142
-107
-88
-69
-55
-37
-49
-91
-146
-216
-282
-341
-392
-434
-453
-443
-388
-338
-307
-281
-258
-234
-267
-334
-401
-467
-556
-684
-805
-874
-927
-1014
-1085
-1090
-992
-830
-686
-502
-295
-83
105
220
310
364
405
433
452
452
423
405
390
369
295
227
168
103
1
-157
-282
-400
-512
-633
-728
-761
-746
-677
-561
-393
-204
18
259
498
696
838
962
1033
1038
978
895
815
720
594
465
373
299
238
178
137
105
67
39
14
-17
-47
-62
-53
-38
-4
68
174
299
415
538
667
785
875
917
926
910
882
851
799
698
573
451
332
202
53
-69
-134
-164
-198
-245
-274
-274
-245
-196
-160
-129
-108
-88
-72
-69
-88
-114
-132
-156
-187
-226
-240
-243
-255
-277
-292
-288
-287
-284
-301
-334
-375
-397
-407
-420
-425
-408
-363
-320
-273
-223
-156
-136
-171
-240
-309
-364
-470
-603
-746
-866
-1004
-1149
-1207
-1152
-1030
-897
-701
-440
-171
21
157
302
447
530
533
536
541
503
406
316
260
209
151
118
95
8
-115
-213
-272
-382
-544
-673
-737
-766
-787
-742
-595
-398
-203
25
296
545
726
853
938
956
897
806
720
602
436
289
207
146
73
19
27
57
72
81
118
168
182
185
193
206
217
255
347
451
540
627
754
895
996
1038
1055
1058
1020
953
850
736
597
461
346
239
142
71
41
9
-35
-85
-92
-67
-60
-61
-57
-33
-16
-2
3
-1
-25
-71
-113
-156
-214
-292
-344
-394
-443
-483
-497
-488
-489
-494
-504
-503
-519
-534
-539
-535
-540
-524
-474
-420
-359
-305
-240
-192
-186
-210
-237
-286
-400
-568
-754
-943
-1112
-1192
-1180
-1100
-966
-749
-478
-229
-25
144
334
482
546
553
536
488
347
202
96
46
9
-22
-16
-3
-14
-72
-114
-186
-318
-469
-574
-631
-708
-753
-712
-560
-368
-170
77
336
568
732
857
917
882
772
635
509
344
158
5
-85
-146
-195
-190
-141
-65
-7
62
153
225
273
296
328
346
364
408
497
608
701
805
927
1040
1112
1146
1164
1162
1118
1034
939
809
647
480
350
249
153
76
34
64
80
68
73
110
157
187
221
226
226
204
178
141
78
-12
-87
-114
-170
-228
-289
-330
-364
-401
-436
-475
-501
-566
-619
-667
-724
-786
-825
-830
-814
-769
-715
-608
-491
-407
-358
-318
-300
-321
-355
-441
-561
-738
-895
-962
-935
-869
-782
-623
-465
-292
-107
75
211
273
331
393
451
363
179
34
-46
-106
-208
-268
-298
-298
-298
-277
-227
-264
-325
-351
-331
-381
-475
-494
-449
-369
-305
-176
19
211
368
515
666
727
715
665
600
469
250
56
-84
-188
-311
-389
-372
-317
-240
-146
-20
93
171
237
303
367
383
404
451
510
563
638
760
870
961
1036
1131
1240
1297
1265
1159
1034
889
735
579
413
275
217
211
192
168
170
233
324
386
396
394
386
359
313
250
172
108
95
91
86
54
23
22
26
-3
-70
-128
-202
-292
-409
-515
-604
-680
-736
-779
-785
-784
-753
-714
-691
-678
-643
-591
-573
-568
-565
-570
-604
-672
-782
-901
-967
-944
-808
-617
-462
-354
-235
-73
78
141
148
183
292
368
299
118
-66
-151
-185
-225
-332
-436
-488
-471
-422
-448
-507
-553
-503
-438
-440
-477
-485
-419
-359
-291
-204
-69
84
223
373
470
516
529
541
512
400
255
122
22
-106
-233
-322
-354
-349
-315
-213
-87
30
116
198
282
337
360
372
405
436
470
530
622
706
766
864
997
1134
1216
1222
1199
1143
1032
859
673
512
392
331
296
268
253
292
385
487
540
543
560
568
530
439
338
246
164
116
81
76
90
108
125
142
140
121
116
81
5
-94
-190
-284
-379
-479
-570
-615
-640
-648
-642
-629
-622
-608
-581
-573
-600
-647
-690
-734
-817
-947
-1030
-1009
-909
-764
-592
-396
-227
-82
39
130
201
212
210
197
152
17
-181
-330
-437
-495
-564
-599
-597
-579
-532
-487
-425
-429
-449
-433
-400
-391
-431
-439
-415
-343
-254
-141
-19
72
168
255
319
298
224
134
32
-80
-211
-307
-368
-389
-386
-344
-260
-154
-9
141
279
359
396
436
457
438
364
316
317
340
368
399
470
561
672
768
846
894
925
956
969
943
846
733
637
568
519
492
496
504
534
588
657
696
691
670
637
603
525
426
325
218
123
49
19
14
33
55
89
128
157
181
195
188
133
60
-16
-95
-188
-292
-377
-446
-499
-540
-561
-566
-571
-563
-564
-586
-624
-659
-712
-833
-978
-1037
-950
-791
-647
-518
-349
-159
6
102
141
171
207
227
161
-5
-237
-425
-521
-599
-687
-768
-778
-731
-650
-570
-510
-455
-421
-346
-274
-256
-302
-343
-311
-278
-234
-201
-151
-94
-53
-10
-1
-15
-90
-166
-253
-360
-462
-551
-578
-581
-542
-472
-360
-212
-79
74
220
364
454
496
513
503
481
419
375
334
318
322
338
414
543
702
811
882
936
971
982
933
846
752
693
646
604
574
555
589
675
777
848
900
945
961
915
790
638
503
394
283
178
101
70
107
185
255
295
320
343
345
301
201
84
-13
-98
-182
-277
-360
-392
-373
-352
-370
-382
-362
-322
-304
-338
-411
-500
-571
-654
-771
-865
-843
-687
-485
-311
-146
31
193
277
276
253
224
193
114
-55
-322
-585
-713
-766
-828
-922
-928
-815
-680
-588
-561
-516
-474
-402
-337
-347
-420
-490
-454
-388
-325
-288
-243
-167
-120
-79
-80
-120
-226
-368
-504
-649
-785
-909
-986
-1030
-1019
-933
-775
-562
-350
-130
80
272
422
505
529
492
441
383
324
266
213
184
193
273
418
591
732
829
905
952
966
921
834
718
610
528
467
439
419
432
482
577
693
821
940
998
1007
976
914
812
684
541
390
257
160
139
168
212
254
319
412
494
537
505
429
321
205
86
-47
-192
-327
-413
-477
-515
-520
-494
-446
-401
-359
-322
-298
-337
-441
-543
-559
-453
-274
-109
5
91
203
321
386
372
338
357
374
277
34
-242
-426
-539
-664
-822
-938
-954
-875
-771
-732
-755
-745
-635
-497
-444
-481
-517
-478
-387
-287
-217
-183
-156
-111
-58
-55
-113
-223
-359
-511
-688
-850
-979
-1073
-1143
-1167
-1123
-1011
-847
-664
-474
-288
-105
62
171
209
200
193
183
161
137
123
125
141
193
260
348
484
641
765
830
870
882
852
786
710
677
659
603
509
435
408
434
509
550
550
589
691
791
810
761
694
668
659
617
535
433
364
360
391
388
380
406
450
483
490
485
465
422
331
211
96
-12
-102
-178
-262
-345
-378
-343
-298
-271
-262
-255
-264
-293
-287
-199
-32
140
261
328
382
454
465
384
298
308
383
371
219
-10
-159
-210
-260
-378
-543
-645
-640
-565
-581
-723
-841
-824
-699
-632
-652
-690
-645
-509
-333
-186
-131
-109
-76
-46
-90
-222
-385
-563
-741
-927
-1069
-1162
-1220
-1238
-1212
-1134
-1021
-868
-714
-576
-451
-333
-222
-151
-130
-139
-121
-84
-56
-35
-21
0
29
68
91
121
219
358
443
423
404
446
496
490
443
464
576
686
700
642
570
530
565
585
513
419
411
465
472
421
380
425
515
572
574
538
496
484
494
461
391
350
357
374
367
357
364
381
360
308
267
233
191
137
42
-76
-152
-172
-185
-216
-227
-207
-189
-213
-220
-125
71
322
542
687
749
788
810
742
582
421
392
437
388
192
-3
-50
-31
-49
-137
-237
-278
-248
-223
-341
-557
-723
-730
-666
-670
-724
-727
-594
-377
-163
-19
62
126
151
109
-39
-258
-496
-734
-977
-1208
-1354
-1417
-1418
-1383
-1307
-1181
-1007
-813
-670
-582
-522
-439
-351
-336
-370
-386
-332
-248
-160
-82
-29
28
75
108
89
44
42
94
132
88
52
76
135
177
215
303
437
556
591
568
528
511
527
516
437
341
318
335
319
261
209
208
252
306
339
348
351
377
417
427
411
410
429
425
390
343
305
273
214
125
47
4
-5
-6
-14
-31
-26
4
34
44
24
-40
-119
-123
-9
208
461
675
831
933
1006
1025
971
857
750
731
719
591
356
179
136
148
130
81
49
37
58
64
-14
-182
-331
-352
-328
-351
-406
-396
-303
-169
-21
100
172
169
122
52
-78
-273
-484
-668
-853
-1031
-1150
-1191
-1184
-1173
-1146
-1087
-1001
-907
-819
-760
-741
-713
-655
-577
-507
-437
-359
-271
-159
-56
4
3
-41
-94
-156
-222
-279
-281
-227
-160
-98
-45
6
49
89
150
228
296
333
331
301
275
289
327
348
317
271
259
261
222
137
48
-8
-18
10
47
70
84
138
231
321
374
391
393
375
335
282
208
101
-11
-87
-125
-129
-124
-118
-106
-72
-13
34
48
42
19
-35
-135
-216
-164
65
390
682
874
980
1056
1075
973
799
692
733
789
695
476
325
324
359
351
290
230
220
281
302
144
-97
-221
-147
-55
-64
-96
-57
71
235
402
479
443
349
258
153
-32
-241
-415
-566
-719
-820
-833
-826
-843
-871
-868
-862
-867
-861
-857
-861
-857
-777
-652
-543
-446
-340
-218
-113
-22
32
21
-53
-162
-258
-347
-413
-454
-466
-429
-327
-169
-40
45
91
111
109
91
89
93
86
77
108
160
191
223
254
250
216
197
194
152
69
-28
-91
-96
-69
-36
-17
7
67
160
229
243
230
202
170
131
69
-31
-140
-225
-274
-295
-295
-280
-262
-229
-173
-87
-35
-71
-136
-153
-160
-225
-268
-184
51
381
695
880
909
877
845
780
643
520
537
640
658
566
478
441
421
416
415
361
277
239
230
138
-13
-59
39
153
193
222
288
382
496
589
598
495
367
268
167
35
-103
-211
-318
-408
-466
-490
-528
-593
-643
-691
-738
-777
-783
-762
-718
-619
-485
-357
-256
-168
-99
-73
-67
-85
-129
-203
-274
-326
-372
-397
-375
-314
-279
-260
-199
-72
67
151
177
137
74
15
-34
-64
-43
43
142
189
174
165
165
153
110
44
-36
-99
-112
-113
-124
-129
-84
-2
83
152
187
201
172
128
80
11
-79
-158
-211
-269
-323
-349
-335
-312
-295
-278
-267
-257
-235
-196
-190
-242
-302
-321
-327
-337
-355
-373
-361
-278
-56
262
557
713
738
707
633
526
395
321
355
468
546
513
456
426
453
482
474
405
294
250
252
236
127
37
60
148
243
294
347
364
393
437
463
446
372
320
248
165
56
-41
-127
-244
-336
-415
-454
-486
-502
-495
-492
-462
-401
-297
-218
-169
-125
-87
-66
-88
-117
-170
-214
-241
-247
-252
-269
-254
-215
-165
-137
-109
-88
-99
-86
10
173
291
319
294
256
247
242
208
125
46
45
96
132
84
1
-43
-37
-17
-23
-30
-29
1
46
81
107
136
184
202
163
67
-38
-123
-204
-262
-286
-270
-238
-207
-201
-226
-260
-287
-310
-354
-401
-411
-362
-303
-277
-288
-308
-305
-288
-260
-259
-308
-420
-527
-540
-436
-223
31
286
448
487
445
352
236
109
95
227
448
596
613
601
584
574
513
430
306
168
108
101
109
56
51
120
208
256
239
235
208
201
202
200
168
114
105
98
91
52
19
-27
-114
-188
-231
-211
-184
-152
-143
-162
-170
-170
-161
-202
-258
-296
-304
-301
-320
-330
-342
-329
-294
-230
-158
-93
-15
56
118
158
193
216
219
222
242
303
369
405
379
313
237
178
123
70
55
82
129
168
192
168
114
67
50
68
107
158
202
232
227
203
163
91
-18
-152
-292
-399
-432
-383
-297
-220
-165
-116
-86
-107
-178
-285
-411
-521
-560
-539
-483
-387
-248
-112
-42
-39
-83
-165
-264
-351
-406
-478
-564
-639
-677
-648
-526
-265
41
285
394
412
383
303
240
210
295
468
679
777
699
546
403
351
309
257
159
95
123
204
259
174
29
-82
-118
-158
-259
-359
-397
-299
-113
86
210
257
300
357
378
283
130
-2
-70
-87
-88
-90
-111
-114
-128
-190
-325
-473
-566
-620
-651
-657
-600
-488
-329
-144
22
133
201
283
368
407
384
349
344
380
435
446
389
292
248
282
333
344
309
284
293
339
363
328
256
207
227
272
284
233
178
167
204
265
305
300
235
149
35
-104
-234
-330
-374
-384
-365
-329
-267
-201
-160
-152
-181
-237
-305
-368
-417
-424
-379
-311
-233
-146
-66
0
14
-36
-143
-268
-371
-445
-478
-470
-426
-378
-358
-359
-393
-462
-521
-486
-333
-132
96
297
437
447
372
331
319
366
427
561
655
665
619
517
439
328
285
226
127
-16
-173
-242
-342
-414
-474
-454
-405
-362
-271
-180
-36
95
236
314
300
265
238
233
156
67
-4
-48
-75
-105
-134
-214
-309
-406
-498
-613
-709
-690
-567
-383
-194
-22
107
190
258
290
276
214
171
171
190
215
247
312
366
413
443
440
400
353
388
485
592
625
583
507
405
319
230
158
108
127
205
263
267
222
195
180
167
127
39
-64
-165
-218
-246
-245
-219
-171
-117
-103
-135
-212
-284
-325
-323
-298
-278
-265
-250
-215
-172
-149
-169
-210
-250
-286
-316
-327
-310
-273
-224
-181
-141
-116
-121
-152
-220
-329
-461
-585
-687
-750
-721
-565
-318
-32
228
401
431
333
205
104
74
140
307
499
609
620
519
354
161
23
-22
-13
-1
-30
-59
-109
-171
-224
-262
-290
-329
-334
-307
-259
-196
-108
18
121
175
160
78
-51
-172
-228
-225
-178
-108
-16
75
127
136
106
51
-12
-42
-23
15
41
26
-17
-67
-103
-124
-126
-86
-10
91
191
277
348
392
417
427
420
389
352
332
336
365
408
465
531
569
557
496
397
270
144
72
56
83
132
187
209
164
74
-36
-139
-215
-238
-190
-103
-4
65
87
50
-24
-104
-159
-170
-142
-98
-57
-16
7
5
-33
-81
-110
-109
-69
-15
44
90
127
141
117
42
-71
-175
-247
-290
-333
-367
-376
-360
-330
-294
-264
-255
-268
-268
-251
-257
-300
-367
-396
-365
-301
-242
-217
-205
-204
-205
-196
-197
-208
-213
-184
-151
-149
-161
-157
-140
-111
-56
4
40
48
54
65
73
90
89
68
45
46
73
108
153
201
255
313
363
379
351
298
242
184
127
84
52
33
33
51
74
83
80
72
58
46
47
67
95
119
119
94
54
9
-34
-82
-105
-109
-93
-78
-65
-41
-11
28
72
128
183
211
198
151
105
88
107
145
184
221
276
349
415
436
394
341
311
314
328
321
291
246
211
179
144
109
75
53
29
12
5
0
-7
-19
-23
-19
-15
-27
-64
-103
-130
-142
-154
-177
-210
-242
-250
-249
-256
-278
-312
-326
-323
-305
-306
-328
-355
-366
-369
-372
-384
-405
-422
-435
-441
-450
-443
-419
-397
-375
-343
-300
-269
-249
-219
-183
-154
-134
-114
-106
-110
-105
-87
-61
-35
0
37
75
116
154
187
221
270
313
351
377
383
353
291
222
161
125
113
113
107
99
103
119
132
133
129
118
111
118
128
120
96
83
97
118
130
134
137
129
103
65
20
-30
-66
-67
-47
-28
-23
-23
-22
-17
-7
1
-3
-19
-32
-24
4
42
81
121
161
189
209
226
241
258
288
333
366
379
380
385
387
371
336
285
243
223
220
212
191
179
177
174
136
71
6
-34
-55
-75
-95
-107
-99
-76
-48
-34
-47
-65
-70
-62
-69
-92
-130
-166
-193
-217
-237
-264
-285
-298
-303
-311
-325
-343
-365
-382
-391
-390
-393
-407
-430
-456
-464
-464
-461
-452
-430
-402
-378
-357
-360
-388
-416
-406
-364
-306
-240
-171
-110
-54
-2
42
69
94
131
180
224
248
253
246
240
238
238
238
240
244
250
257
246
209
163
130
111
106
114
126
140
170
214
249
256
244
228
209
182
152
123
103
97
115
147
169
168
150
120
77
29
-16
-63
-112
-146
-147
-123
-77
-22
19
37
25
-2
-22
-28
-32
-34
-19
18
64
119
182
242
285
302
303
292
275
268
272
278
279
281
285
283
263
220
176
158
167
187
187
158
108
56
18
-12
-32
-42
-44
-37
-27
-26
-39
-52
-59
-64
-90
-145
-202
-235
-240
-233
-228
-225
-218
-204
-190
-189
-213
-258
-297
-331
-361
-386
-395
-379
-362
-356
-369
-395
-418
-435
-447
-468
-497
-512
-498
-463
-427
-393
-349
-303
-267
-235
-201
-153
-91
-21
44
95
134
154
158
149
140
135
135
145
167
193
214
228
225
215
201
188
171
154
156
185
225
266
298
317
330
339
342
321
279
231
190
164
141
117
98
105
136
167
182
183
177
164
143
110
60
2
-57
-97
-115
-114
-98
-76
-46
-25
-11
-6
-14
-28
-45
-50
-41
-10
29
67
97
138
189
225
240
242
248
261
276
285
276
270
272
280
274
245
212
179
166
170
183
185
168
146
122
86
37
-12
-45
-49
-38
-34
-47
-71
-88
-100
-112
-129
-153
-173
-179
-184
-190
-201
-211
-208
-204
-205
-219
-242
-271
-309
-351
-393
-439
-475
-489
-482
-465
-448
-434
-420
-401
-367
-333
-311
-310
-320
-321
-311
-289
-272
-254
-224
-180
-145
-140
-153
-165
-161
-142
-110
-71
-36
-2
29
59
79
93
115
148
187
223
251
271
276
274
261
240
212
181
159
155
168
183
199
220
250
282
309
320
300
258
224
211
204
192
178
172
167
164
157
142
128
116
109
98
82
57
32
23
28
40
58
81
103
117
121
113
91
67
52
55
64
68
61
50
47
56
81
103
108
103
100
106
104
103
110
118
128
137
136
122
100
93
89
90
88
71
40
3
-20
-35
-52
-60
-57
-42
-22
-12
-22
-54
-91
-124
-150
-174
-201
-220
-224
-206
-194
-190
-199
-213
-212
-202
-185
-175
-168
-153
-138
-129
-124
-116
-102
-93
-107
-146
-192
-221
-232
-231
-235
-250
-269
-286
-294
-307
-322
-332
-326
-302
-273
-256
-249
-234
-218
-215
-215
-207
-191
-173
-145
-110
-87
-72
-48
-15
19
51
84
110
125
140
155
156
140
127
133
151
171
197
231
266
288
297
297
289
277
279
285
285
275
279
312
350
375
380
373
354
340
326
305
272
237
213
205
205
204
190
163
122
82
46
15
-8
-19
-22
-26
-38
-51
-60
-67
-77
-90
-95
-87
-84
-89
-92
-84
-71
-62
-55
-52
-50
-34
-9
9
12
13
28
51
79
100
101
87
65
47
32
18
5
1
8
26
41
44
35
21
8
-1
-13
-35
-57
-58
-35
-8
5
2
-8
-15
-19
-26
-56
-101
-140
-162
-171
-172
-161
-149
-140
-138
-152
-181
-230
-282
-322
-348
-361
-364
-357
-341
-325
-315
-308
-311
-327
-350
-371
-379
-376
-362
-345
-321
-293
-259
-224
-204
-195
-183
-168
-152
-128
-93
-55
-15
25
70
119
165
207
237
255
273
298
325
348
368
393
416
440
460
474
478
469
455
433
409
387
367
354
346
353
368
379
379
364
336
298
259
219
182
154
133
114
93
62
27
-8
-43
-76
-114
-153
-186
-206
-209
-203
-204
-216
-234
-251
-271
-295
-308
-298
-270
-232
-197
-169
-151
-138
-117
-93
-73
-50
-27
-2
28
55
77
93
104
121
138
151
160
161
156
149
141
132
127
126
128
133
138
139
136
132
133
134
120
96
69
39
5
-27
-50
-72
-92
-117
-143
-162
-179
-186
-191
-199
-206
-207
-208
-216
-237
-261
-285
-304
-324
-336
-345
-352
-347
-336
-320
-307
-296
-289
-286
-289
-301
-310
-318
-314
-291
-263
-237
-211
-181
-143
-108
-81
-58
-31
-2
25
52
74
98
125
157
191
219
236
248
256
263
273
288
302
319
342
369
395
409
412
412
408
401
384
355
325
307
297
291
280
266
255
243
226
202
178
148
122
95
64
33
4
-24
-50
-73
-94
-110
-127
-146
-164
-180
-189
-194
-199
-203
-203
-200
-198
-192
-180
-171
-167
-163
-147
-118
-98
-93
-104
-112
-107
-91
-70
-48
-17
22
61
97
122
142
161
180
205
227
242
243
236
224
212
198
181
170
169
181
191
186
162
138
118
104
86
55
21
2
-3
-4
-16
-44
-72
-91
-100
-108
-125
-147
-172
-198
-224
-250
-271
-285
-285
-279
-275
-277
-284
-283
-272
-256
-247
-247
-242
-226
-210
-201
-202
-208
-211
-204
-187
-173
-164
-160
-152
-131
-102
-71
-51
-41
-31
-17
-12
-16
-14
2
33
78
122
155
173
185
198
210
213
214
223
234
247
259
264
263
261
265
277
284
290
295
297
284
260
233
209
192
182
173
155
130
110
93
77
60
39
16
-6
-19
-30
-50
-83
-117
-149
-174
-195
-216
-238
-248
-247
-244
-246
-249
-254
-258
-256
-251
-249
-249
-239
-225
-208
-189
-164
-141
-122
-102
-87
-81
-74
-61
-48
-30
-4
27
63
99
132
154
170
188
206
222
235
248
258
267
278
283
284
273
252
229
206
184
158
130
110
101
103
105
98
92
83
75
61
34
3
-30
-57
-73
-89
-105
-122
-133
-142
-148
-154
-165
-179
-191
-204
-211
-218
-220
-214
-204
-191
-181
-171
-158
-149
-145
-148
-144
-130
-109
-82
-56
-33
-16
-6
-1
-1
-3
-6
-4
3
13
26
38
52
66
79
87
84
74
66
68
80
90
99
106
119
133
145
154
153
148
143
144
143
132
119
108
101
93
82
67
45
24
5
-19
-46
-67
-69
-61
-56
-55
-65
-79
-93
-107
-123
-137
-151
-162
-167
-168
-163
-161
-160
-163
-171
-179
-191
-201
-207
-204
-196
-187
-175
-159
-141
-120
-102
-85
-74
-67
-54
-31
-8
3
6
21
44
71
95
110
123
136
153
172
187
203
221
241
258
269
273
274
277
277
278
272
264
263
272
284
287
279
268
258
248
233
215
196
174
154
140
128
116
96
76
59
47
36
19
-6
-27
-39
-53
-74
-95
-105
-107
-111
-121
-132
-139
-143
-149
-153
-159
-163
-163
-154
-141
-130
-124
-124
-123
-128
-130
-129
-122
-107
-89
-68
-44
-20
-1
10
12
7
-1
-11
-17
-17
-12
-9
-4
5
11
10
10
8
-1
-19
-38
-53
-55
-53
-48
-44
-46
-56
-62
-69
-79
-93
-109
-131
-152
-165
-172
-173
-169
-166
-170
-179
-186
-190
-201
-216
-226
-230
-231
-226
-215
-207
-205
-206
-204
-197
-185
-172
-164
-164
-157
-144
-129
-112
-90
-68
-48
-29
-12
3
17
35
52
63
75
89
102
118
135
153
167
180
197
217
234
251
260
264
267
267
268
270
278
291
304
311
317
323
329
335
341
341
333
319
305
292
280
270
256
241
227
218
212
207
203
191
175
156
136
114
88
64
48
40
36
31
19
4
-12
-29
-50
-67
-80
-90
-100
-109
-115
-120
-123
-128
-133
-137
-141
-142
-149
-153
-150
-144
-135
-129
-122
-113
-108
-103
-101
-98
-95
-92
-86
-80
-76
-77
-78
-83
-87
-94
-107
-118
-123
-121
-121
-124
-128
-132
-135
-140
-147
-154
-162
-170
-181
-195
-207
-214
-216
-213
-210
-213
-222
-232
-239
-245
-253
-264
-273
-275
-270
-264
-256
-249
-243
-240
-236
-231
-223
-217
-206
-191
-173
-155
-139
-121
-101
-77
-59
-40
-22
-8
10
31
55
78
100
120
144
167
188
205
218
234
254
275
297
312
323
333
338
340
339
339
343
346
347
346
342
341
341
339
334
327
321
318
317
318
317
317
317
318
316
312
305
295
282
270
253
237
215
196
180
167
155
143
132
119
109
95
81
66
51
37
25
19
14
11
5
-2
-7
-8
-8
-10
-14
-21
-33
-47
-61
-73
-85
-97
-111
-123
-135
-145
-155
-164
-174
-186
-199
-210
-220
-227
-234
-244
-253
-262
-270
-274
-273
-273
-277
-281
-285
-284
-282
-279
-280
-283
-286
-290
-294
-293
-288
-280
-273
-267
-261
-256
-257
-259
-262
-264
-265
-264
-262
-256
-245
-231
-215
-202
-191
-184
-178
-173
-165
-155
-145
-135
-121
-104
-83
-66
-51
-37
-27
-20
-12
-1
10
23
38
53
67
82
95
106
112
117
120
127
137
150
165
181
193
204
214
227
239
254
266
278
287
297
309
318
325
331
340
349
355
358
359
360
358
357
356
350
343
338
332
328
324
321
314
304
293
277
261
245
229
217
206
198
188
178
165
149
129
108
88
69
53
38
23
9
-5
-17
-29
-41
-54
-67
-81
-93
-106
-116
-126
-134
-144
-154
-162
-172
-179
-189
-195
-199
-203
-209
-214
-220
-226
-232
-237
-242
-245
-246
-244
-242
-241
-241
-241
-241
-243
-243
-245
-246
-246
-245
-244
-243
-244
-244
-245
-243
-241
-241
-242
-241
-239
-234
-232
-231
-228
-225
-220
-214
-209
-205
-198
-189
-179
-172
-164
-159
-155
-150
-143
-134
-125
-114
-100
-87
-77
-66
-54
-42
-25
-11
4
18
32
49
65
78
88
100
115
131
149
165
179
196
209
221
227
236
245
254
262
269
280
291
302
313
323
327
330
331
332
334
335
337
338
339
338
337
334
331
326
320
311
303
292
282
272
262
249
234
219
204
191
176
161
147
135
120
108
93
76
63
50
36
22
9
1
-9
-18
-27
-38
-52
-67
-80
-92
-99
-107
-114
-122
-128
-132
-134
-138
-146
-157
-167
-174
-176
-177
-177
-181
-182
-179
-173
-168
-164
-164
-168
-172
-175
-180
-185
-188
-188
-186
-183
-175
-170
-165
-164
-167
-170
-179
-185
-191
-194
-192
-189
-188
-186
-187
-187
-185
-185
-184
-183
-184
-183
-182
-182
-181
-178
-173
-167
-159
-150
-141
-132
-122
-114
-105
-98
-89
-79
-71
-61
-51
-42
-32
-24
-15
-4
7
19
33
47
59
70
78
90
105
116
129
139
150
160
170
176
185
194
203
212
223
232
236
240
240
239
238
236
236
237
238
239
235
231
227
221
215
208
201
194
188
181
174
169
159
145
135
125
114
105
95
85
80
76
69
61
51
38
25
13
3
-5
-11
-17
-20
-24
-29
-37
-44
-49
-52
-55
-58
-59
-59
-61
-65
-73
-76
-79
-79
-82
-84
-87
-89
-91
-94
-97
-101
-105
-108
-110
-112
-114
-117
-120
-124
-126
-125
-123
-122
-120
-118
-117
-115
-114
-116
-117
-119
-120
-118
-118
-116
-113
-110
-110
-111
-109
-106
-103
-101
-100
-96
-91
-88
-83
-79
-74
-71
-68
-62
-57
-51
-45
-40
-34
-26
-19
-17
-14
-12
-8
-3
0
4
10
17
25
30
36
43
49
52
56
59
63
70
75
81
88
95
101
105
109
112
114
117
119
122
128
134
139
142
141
142
141
139
136
135
135
134
134
133
133
132
126
118
111
102
93
85
77
68
62
58
51
44
36
26
15
5
-6
-15
-22
-29
-33
-33
-35
-38
-42
-46
-47
-51
-56
-60
-62
-62
-60
-58
-55
-52
-50
-50
-51
-51
-52
-54
-55
-55
-55
-52
-49
-47
-42
-37
-33
-29
-27
-22
-20
-17
-14
-12
-7
-3
-3
-5
-6
-9
-11
-14
-15
-17
-21
-26
-31
-35
-41
-47
-50
-54
-58
-61
-63
-66
-68
-68
-68
-64
-61
-57
-55
-55
-55
-57
-58
-56
-52
-48
-42
-37
-34
-30
-26
-22
-20
-16
-12
-9
-7
-6
-2
1
6
13
25
38
49
54
56
57
53
53
58
67
72
75
77
77
77
78
81
84
84
81
76
73
68
67
68
69
71
69
64
57
49
44
39
34
31
32
34
30
24
18
12
8
5
-1
-8
-17
-27
-33
-34
-36
-39
-43
-51
-61
-69
-72
-74
-78
-81
-85
-87
-89
-90
-90
-89
-88
-86
-84
-83
-81
-77
-71
-65
-56
-49
-42
-36
-29
-21
-15
-10
-5
2
11
16
19
21
25
29
33
37
39
38
38
37
41
42
44
44
43
43
43
44
45
43
43
42
40
40
37
35
34
32
28
24
20
17
15
14
10
6
3
-1
-5
-8
-10
-10
-11
-11
-10
-6
-4
-5
-5
-5
-3
0
3
7
12
13
17
20
24
28
33
36
39
38
39
40
43
44
45
47
49
50
51
52
54
53
54
53
52
51
49
49
48
48
47
48
47
46
42
38
32
26
20
14
7
0
-6
-12
-20
-28
-35
-42
-51
-59
-68
-75
-82
-90
-96
-101
-107
-113
-117
-121
-123
-126
-127
-128
-130
-132
-134
-133
-132
-129
-126
-122
-117
-113
-107
-102
-95
-89
-84
-79
-73
-66
-60
-54
-48
-38
-29
-20
-13
-6
1
6
13
20
28
36
41
47
53
61
67
73
78
84
87
91
92
91
92
92
92
92
93
94
95
94
92
91
89
85
81
77
73
69
65
61
58
57
53
51
46
43
40
36
31
26
23
21
20
18
17
17
15
14
13
12
11
11
13
16
19
22
26
28
32
33
35
38
40
42
45
49
49
52
55
55
57
56
54
51
49
49
47
44
43
41
38
35
32
28
25
19
13
7
0
-8
-14
-22
-27
-33
-39
-46
-54
-63
-72
-82
-90
-96
-103
-108
-114
-121
-126
-129
-134
-139
-142
-147
-150
-154
-157
-158
-159
-160
-160
-159
-159
-156
-152
-149
-144
-141
-136
-131
-123
-117
-107
-99
-92
-82
-74
-64
-55
-46
-37
-28
-18
-7
4
15
25
36
43
51
58
66
72
80
86
91
97
101
104
107
108
111
112
113
115
116
117
115
114
113
110
109
109
109
107
105
103
101
97
92
87
82
77
73
68
66
64
61
60
57
55
54
52
50
50
51
50
48
48
48
50
50
50
50
51
52
51
49
48
47
47
47
48
48
48
48
46
46
45
42
37
36
32
29
26
23
19
15
10
6
1
-5
-11
-16
-22
-26
-31
-37
-43
-49
-54
-63
-70
-75
-80
-86
-91
-96
-99
-103
-108
-112
-117
-121
-127
-132
-135
-138
-141
-143
-142
-140
-138
-136
-136
-135
-133
-133
-132
-132
-131
-128
-124
-118
-109
-100
-92
-84
-78
-72
-66
-62
-59
-55
-50
-43
-37
-27
-18
-10
-4
2
7
11
14
15
15
18
22
25
29
34
38
43
48
51
54
56
57
60
63
68
73
78
83
88
91
93
95
96
94
95
96
97
103
104
107
109
111
112
110
108
106
104
102
102
102
102
101
100
99
98
96
92
89
86
83
80
78
76
73
70
68
66
61
58
55
52
48
42
37
32
29
25
22
17
12
7
3
-2
-8
-14
-18
-21
-25
-30
-34
-38
-42
-48
-52
-58
-64
-68
-72
-75
-78
-81
-83
-85
-87
-89
-90
-89
-89
-89
-89
-86
-86
-85
-85
-85
-87
-85
-84
-85
-83
-82
-82
-80
-79
-78
-80
-81
-80
-81
-82
-82
-84
-82
-80
-76
-76
-74
-73
-73
-72
-72
-72
-71
-71
-69
-68
-63
-59
-55
-51
-50
-47
-43
-40
-37
-34
-30
-26
-20
-15
-11
-4
1
7
13
17
21
26
33
38
42
48
53
59
67
74
81
85
88
91
96
99
103
107
111
115
120
123
127
129
129
129
129
130
130
131
129
127
126
123
119
116
112
108
104
98
94
88
82
77
73
67
61
58
53
48
41
34
30
27
22
15
6
1
-3
-5
-9
-15
-22
-26
-31
-35
-37
-38
-41
-42
-44
-46
-49
-53
-53
-53
-52
-53
-54
-55
-53
-51
-48
-49
-50
-49
-50
-48
-47
-47
-47
-46
-45
-47
-44
-45
-45
-46
-47
-48
-48
-49
-50
-51
-50
-49
-50
-51
-51
-52
-54
-56
-55
-55
-57
-58
-57
-57
-58
-58
-58
-58
-59
-60
-61
-63
-63
-61
-58
-56
-54
-51
-50
-48
-46
-44
-41
-39
-38
-35
-31
-28
-23
-18
-13
-8
-4
2
5
9
13
17
22
26
30
36
41
45
51
56
59
62
65
69
72
75
78
82
86
88
91
92
93
94
95
94
94
92
92
90
88
87
85
81
78
74
71
67
61
57
53
49
44
39
36
31
25
19
15
12
8
4
1
-2
-5
-8
-10
-13
-15
-16
-18
-19
-20
-21
-22
-24
-26
-27
-29
-30
-30
-30
-31
-32
-33
-32
-31
-32
-32
-32
-31
-30
-31
-30
-28
-27
-26
-24
-24
-22
-23
-23
-22
-22
-21
-20
-21
-19
-19
-18
-18
-17
-17
-16
-17
-18
-19
-21
-23
-26
-27
-29
-29
-31
-33
-36
-37
-38
-39
-43
-45
-48
-48
-49
-49
-49
-49
-48
-49
-48
-47
-46
-47
-46
-44
-43
-40
-39
-35
-32
-28
-25
-21
-17
-14
-10
-6
-3
1
7
11
15
20
24
29
33
36
41
44
48
51
54
56
57
60
62
64
66
68
67
67
69
68
68
68
66
65
64
61
60
57
54
50
47
44
40
36
32
29
26
23
20
16
12
8
3
0
-4
-8
-12
-15
-18
-21
-24
-27
-28
-29
-30
-32
-33
-35
-34
-35
-34
-35
-33
-32
-32
-29
-29
-27
-25
-22
-21
-18
-15
-13
-10
-7
-4
-1
0
2
4
6
9
10
10
13
16
17
19
20
20
20
20
22
21
18
18
18
19
18
18
16
14
13
13
9
6
5
4
1
-1
-3
-4
-6
-8
-11
-13
-15
-16
-18
-18
-18
-19
-21
-23
-23
-22
-23
-24
-24
-24
-23
-22
-22
-20
-19
-18
-17
-15
-14
-12
-12
-12
-9
-7
-6
-5
-4
-3
1
1
3
4
6
7
8
10
11
10
11
12
13
14
13
13
15
15
16
16
15
14
15
14
13
12
12
11
9
10
9
7
5
4
4
2
2
1
1
0
-1
-3
-4
-6
-7
-8
-9
-10
-11
-12
-13
-13
-12
-12
-13
-14
-14
-14
-14
-14
-14
-13
-13
-13
-13
-12
-11
-10
-9
-9
-6
-5
-5
-3
-3
-1
-1
0
1
3
4
4
5
7
8
10
11
12
14
17
19
19
20
22
22
23
24
25
26
26
27
26
24
24
24
23
22
21
19
17
15
14
14
12
9
9
8
8
7
4
4
2
1
-2
-1
-3
-6
-7
-8
-8
-8
-9
-10
-11
-11
-11
-11
-10
-11
-13
-12
-12
-13
-15
-15
-14
-14
-13
-13
-14
-13
-14
-15
-16
-17
-18
-19
-20
-19
-21
-21
-21
-21
-22
-21
-21
-21
-20
-20
-21
-20
-20
-19
-19
-20
-19
-19
-18
-19
-18
-18
-17
-16
-16
-15
-15
-14
-15
-14
-14
-14
-14
-15
-14
-14
-15
-14
-13
-12
-10
-12
-10
-10
-9
-8
-8
-5
-5
-4
-3
-1
0
2
4
5
6
9
9
12
13
16
18
20
20
21
22
24
24
25
26
25
28
29
30
30
30
30
31
31
30
29
27
27
27
27
27
28
27
29
29
30
29
29
28
27
28
28
28
29
30
30
30
29
30
30
28
28
29
28
27
25
25
25
23
22
22
20
18
18
18
17
16
15
14
13
13
11
7
6
4
2
0
-3
-5
-7
-9
-12
-13
-16
-19
-22
-28
-30
-32
-34
-38
-41
-42
-43
-46
-48
-48
-50
-52
-53
-54
-55
-58
-58
-60
-60
-60
-61
-61
-61
-61
-60
-57
-56
-55
-55
-52
-49
-49
-48
-45
-41
-40
-38
-34
-32
-29
-26
-22
-19
-16
-14
-12
-9
-7
-4
-1
2
3
5
8
11
13
16
19
22
24
25
27
30
31
33
35
37
39
40
41
42
42
44
47
46
46
46
47
47
47
46
47
48
46
46
45
45
44
43
44
43
42
42
42
42
39
38
38
37
37
36
37
37
37
37
38
38
38
37
36
37
37
36
37
36
36
35
34
34
33
31
30
28
26
25
25
23
21
20
18
16
13
9
6
2
-1
-5
-9
-12
-16
-21
-24
-27
-31
-36
-39
-43
-48
-53
-57
-61
-65
-69
-74
-77
-81
-84
-86
-89
-91
-95
-99
-101
-102
-104
-105
-106
-107
-107
-106
-105
-104
-103
-101
-99
-97
-95
-92
-90
-88
-85
-81
-76
-71
-66
-60
-54
-49
-44
-37
-31
-27
-21
-17
-11
-6
-1
5
10
17
22
26
31
37
41
45
49
52
55
58
61
64
65
68
68
69
69
70
69
69
69
68
66
65
64
61
61
59
59
57
54
54
53
52
51
49
50
49
47
46
46
46
45
46
46
46
46
47
49
49
50
52
53
54
54
56
58
59
59
59
61
60
60
61
62
62
61
61
60
60
58
56
54
51
48
44
41
38
35
32
29
25
21
17
13
8
4
-1
-6
-11
-18
-22
-28
-33
-38
-43
-48
-53
-59
-64
-67
-72
-77
-80
-83
-87
-91
-94
-96
-99
-102
-103
-105
-106
-108
-108
-108
-108
-107
-106
-105
-103
-102
-99
-97
-93
-92
-87
-84
-81
-76
-71
-66
-62
-57
-53
-47
-42
-39
-33
-27
-21
-17
-11
-6
-2
3
7
11
16
18
22
28
29
33
35
39
43
45
45
47
50
55
55
56
57
58
59
60
58
60
62
61
61
62
64
63
61
61
64
64
62
62
61
63
63
61
59
60
59
60
59
59
57
54
54
55
55
54
54
54
54
53
53
51
52
50
48
46
45
44
42
41
40
40
37
33
31
28
25
23
18
15
11
8
5
1
-3
-8
-11
-15
-18
-22
-25
-31
-36
-40
-42
-46
-50
-54
-56
-59
-62
-68
-72
-74
-77
-80
-83
-86
-86
-89
-91
-92
-93
-94
-94
-94
-94
-93
-93
-94
-94
-93
-90
-88
-89
-88
-86
-84
-83
-82
-79
-77
-75
-73
-70
-68
-64
-61
-58
-54
-49
-46
-43
-40
-37
-35
-30
-26
-23
-18
-12
-8
-3
0
4
9
13
17
22
27
30
32
37
40
45
49
50
52
56
60
63
64
66
67
70
70
71
72
74
74
73
73
73
72
72
70
69
69
69
68
66
64
64
62
60
58
58
56
55
53
50
50
49
47
46
44
44
44
42
41
40
39
39
38
34
34
33
32
29
28
26
25
24
22
20
19
19
16
13
12
11
10
7
6
3
3
0
-3
-4
-6
-8
-10
-13
-15
-16
-18
-20
-22
-24
-25
-27
-29
-33
-34
-35
-38
-41
-43
-44
-46
-48
-49
-50
-50
-50
-52
-54
-54
-55
-56
-57
-57
-57
-57
-58
-56
-55
-54
-53
-53
-51
-49
-47
-46
-44
-43
-41
-37
-35
-33
-31
-27
-24
-21
-19
-15
-12
-8
-5
-3
1
4
8
11
14
17
20
22
26
28
30
33
35
37
39
41
43
44
43
45
46
46
46
45
45
45
45
43
42
42
40
39
38
37
35
34
32
31
30
29
28
25
24
23
22
20
18
17
15
14
13
11
9
7
6
6
4
3
2
1
0
-1
-2
-2
-4
-6
-6
-6
-8
-7
-9
-7
-7
-9
-9
-9
-9
-9
-9
-9
-9
-9
-8
-8
-8
-8
-8
-9
-9
-9
-8
-9
-10
-9
-9
-9
-9
-10
-10
-12
-12
-13
-14
-16
-17
-18
-20
-21
-22
-22
-24
-25
-27
-28
-29
-31
-33
-34
-35
-35
-36
-37
-39
-38
-39
-40
-41
-39
-39
-38
-37
-37
-36
-35
-33
-34
-33
-31
-29
-28
-25
-23
-21
-19
-17
-14
-12
-10
-6
-3
0
2
5
6
10
13
14
17
20
22
25
26
28
31
32
33
35
36
37
39
39
40
40
40
40
39
39
37
37
36
34
32
30
28
26
24
21
20
18
15
13
10
8
5
3
1
-1
-4
-6
-8
-10
-13
-15
-17
-19
-19
-20
-21
-22
-22
-22
-23
-22
-22
-22
-20
-18
-18
-16
-16
-15
-13
-10
-8
-7
-5
0
1
3
5
9
10
14
15
17
20
23
25
25
27
28
29
30
30
31
32
32
31
31
30
30
28
28
25
25
23
20
19
16
14
11
8
6
4
1
-2
-5
-8
-9
-13
-15
-16
-18
-20
-22
-23
-25
-24
-27
-28
-28
-28
-27
-27
-27
-25
-24
-24
-24
-21
-20
-17
-16
-13
-11
-9
-5
-3
-1
3
5
8
10
13
16
19
23
24
27
28
30
33
34
36
38
37
39
39
39
39
39
38
37
36
37
35
32
31
28
26
24
23
18
16
13
10
7
3
0
-3
-7
-10
-14
-18
-21
-24
-27
-30
-33
-34
-38
-40
-42
-44
-45
-46
-47
-49
-50
-49
-51
-51
-49
-49
-49
-47
-45
-45
-45
-41
-39
-38
-36
-34
-31
-28
-26
-24
-22
-20
-17
-15
-14
-10
-9
-7
-6
-4
-2
-1
1
3
5
7
8
8
9
10
10
10
10
11
10
10
11
10
10
8
7
7
7
6
5
5
4
4
2
2
2
1
-1
-2
-2
-2
-3
-4
-5
-5
-4
-3
-4
-3
-3
-3
-4
-1
-1
1
3
3
3
5
6
8
9
11
13
15
15
17
18
22
25
25
26
27
28
30
32
32
33
34
35
35
36
34
35
34
34
34
33
32
32
30
28
26
24
23
23
21
19
14
11
9
7
5
3
1
-1
-4
-7
-11
-13
-15
-16
-17
-19
-21
-23
-25
-26
-29
-30
-30
-29
-29
-30
-31
-31
-32
-32
-31
-30
-27
-25
-25
-23
-23
-22
-21
-20
-17
-13
-11
-9
-9
-6
-4
-3
-1
3
6
8
9
9
10
12
14
15
16
19
21
20
20
21
20
20
19
19
20
20
19
18
17
16
15
14
12
12
12
10
9
7
6
5
3
2
1
1
-1
-1
-2
-3
-4
-5
-4
-5
-6
-6
-5
-6
-7
-6
-7
-7
-7
-7
-6
-6
-6
-5
-4
-5
-6
-5
-4
-3
-1
-1
0
0
0
2
3
3
4
6
7
8
8
8
8
9
10
10
12
13
14
14
13
14
15
15
15
14
14
14
13
12
10
9
8
8
5
3
2
1
-4
-6
-7
-10
-12
-15
-17
-18
-21
-22
-25
-26
-27
-27
-29
-31
-30
-30
-31
-33
-33
-32
-31
-32
-32
-31
-31
-30
-30
-30
-28
-26
-26
-26
-25
-23
-22
-22
-20
-19
-18
-16
-15
-13
-13
-12
-12
-11
-9
-8
-7
-5
-5
-4
-1
-3
0
0
2
4
5
5
7
8
9
11
13
14
14
17
18
19
20
22
23
23
24
24
25
25
24
24
25
27
26
25
24
25
25
25
25
24
23
23
23
21
21
20
18
18
17
16
16
15
15
14
13
13
12
11
11
11
10
9
9
7
6
5
5
4
4
3
1
1
0
0
0
-1
-2
-2
-3
-3
-4
-3
-5
-5
-6
-5
-6
-6
-5
-5
-4
-3
-4
-3
-3
-2
-1
0
0
0
0
0
0
-1
0
-1
-2
-2
-3
-4
-3
-4
-5
-5
-5
-7
-7
-7
-8
-9
-10
-10
-12
-12
-12
-13
-14
-14
-13
-14
-15
-15
-14
-14
-14
-13
-13
-12
-11
-11
-12
-10
-9
-8
-6
-6
-4
-4
-2
0
0
2
3
4
5
7
9
10
11
12
13
13
13
14
16
15
16
15
15
16
16
15
15
14
14
14
14
14
14
12
12
11
11
9
9
8
6
6
5
4
4
1
1
0
-1
-2
-3
-5
-6
-6
-8
-9
-10
-11
-11
-12
-13
-15
-15
-15
-16
-16
-17
-17
-17
-16
-16
-16
-15
-14
-14
-12
-11
-10
-10
-9
-8
-7
-5
-3
-2
-2
0
0
2
4
5
5
6
7
8
9
8
9
9
10
10
10
10
9
10
9
8
6
6
5
5
3
2
1
0
0
-2
-3
-3
-5
-6
-8
-8
-9
-11
-11
-12
-13
-13
-14
-15
-15
-15
-15
-15
-14
-15
-15
-13
-14
-13
-12
-11
-9
-9
-9
-8
-6
-4
-3
0
0
3
5
7
9
9
11
12
14
15
16
18
18
19
20
22
21
21
22
23
22
22
21
20
19
18
18
16
16
15
13
11
10
7
7
5
4
4
2
0
-1
-2
-3
-4
-5
-5
-6
-6
-7
-5
-7
-7
-7
-8
-8
-10
-8
-8
-7
-6
-6
-6
-6
-5
-5
-3
-4
-2
-2
-4
-3
-2
-3
-3
-2
-2
-1
-1
-1
-2
-1
-1
-2
-2
-2
-1
0
0
0
-1
0
-1
-1
-1
0
0
0
0
1
1
1
0
0
0
0
1
1
1
1
3
1
1
2
3
2
2
2
2
3
1
0
-1
-1
-2
-3
-4
-4
-5
-5
-5
-6
-6
-7
-7
-7
-6
-6
-7
-7
-5
-7
-7
-7
-6
-7
-6
-6
-4
-4
-3
-2
-1
0
1
3
4
5
6
7
6
5
5
6
5
6
5
6
5
5
5
4
5
5
5
4
5
6
5
4
3
3
3
4
3
2
2
2
2
0
2
3
3
2
3
2
4
2
2
1
1
1
0
-1
-2
-3
-4
-5
-4
-5
-5
-6
-7
-8
-7
-7
-8
-8
-8
-8
-7
-7
-8
-7
-7
-7
-7
-5
-5
-3
-2
-1
-1
0
1
2
2
2
2
3
4
4
4
4
6
6
8
9
8
7
6
6
5
5
6
6
5
6
5
4
3
2
1
0
-2
-1
-1
-1
-1
-1
-3
-4
-4
-5
-5
-5
-6
-6
-4
-6
-6
-6
-8
-7
-6
-7
-7
-7
-7
-4
-3
-3
-3
-3
-3
-2
-2
-1
0
0
1
2
3
4
5
5
6
5
6
7
7
7
7
7
7
7
7
6
7
6
5
6
6
6
5
4
4
2
3
1
2
0
0
-1
-1
-2
-2
-1
-3
-2
-4
-4
-6
-5
-6
-8
-8
-9
-7
-7
-9
-9
-7
-6
-6
-5
-4
-4
-3
-3
-2
-1
0
-2
0
1
2
3
3
3
4
5
6
5
6
6
5
4
6
5
5
6
5
5
5
4
5
4
5
4
4
4
4
4
3
3
3
4
3
2
3
2
4
3
1
-1
-1
-2
-3
-3
-3
-2
-1
-1
-1
-1
-1
-2
-3
-3
-3
-3
-4
-2
-2
-1
-1
0
0
0
-1
0
0
1
2
1
2
3
2
1
1
1
0
0
0
1
3
2
2
2
4
4
5
3
3
3
3
3
3
3
2
3
2
1
1
1
0
-1
0
0
0
-1
-1
-2
-3
-5
-5
-6
-7
-6
-7
-7
-7
-7
-7
-7
-6
-7
-6
-7
-6
-6
-6
-6
-7
-6
-8
-9
-8
-7
-7
-7
-7
-6
-4
-5
-5
-6
-5
-6
-4
-5
-5
-4
-4
-2
-3
-3
-2
-3
-3
-2
-1
-1
-1
0
1
2
1
0
-1
0
1
2
3
2
4
4
5
4
4
4
4
4
5
5
6
6
6
6
6
6
6
5
4
6
4
4
5
5
4
4
3
3
2
2
1
0
2
2
3
3
1
3
3
3
2
3
2
3
2
2
3
4
5
5
4
2
2
2
2
2
2
1
2
0
1
-1
0
-1
-1
-1
-2
-2
-1
-2
-2
-2
-1
-2
-2
-2
-2
-4
-4
-4
-3
-3
-3
-4
-3
-4
-4
-5
-6
-7
-7
-8
-7
-6
-6
-5
-6
-5
-6
-7
-7
-6
-7
-5
-4
-4
-4
-4
-5
-5
-5
-5
-5
-4
-3
-3
-3
-4
-2
-3
-2
-3
-2
-2
-1
-1
0
1
1
1
2
3
4
5
5
5
5
4
5
5
6
7
7
6
7
7
8
8
8
8
8
10
10
10
9
9
10
9
10
10
11
11
12
11
13
12
13
14
13
13
13
13
13
13
12
12
13
13
12
13
13
12
12
12
11
12
12
10
10
9
9
9
10
10
9
9
9
9
10
9
8
7
7
6
6
7
5
6
5
5
5
5
4
3
3
2
2
2
2
-1
-1
-2
-3
-4
-5
-4
-5
-5
-6
-7
-8
-9
-11
-12
-14
-14
-16
-17
-19
-20
-21
-21
-23
-23
-24
-27
-27
-27
-29
-30
-31
-31
-31
-33
-34
-35
-34
-34
-34
-33
-32
-30
-30
-29
-28
-27
-26
-25
-26
-24
-23
-21
-21
-20
-19
-16
-14
-12
-10
-9
-7
-5
-4
-4
-2
-1
1
3
5
6
8
9
11
11
12
12
13
12
13
13
13
14
14
15
15
13
13
14
13
12
13
12
13
11
12
11
10
8
7
6
6
6
6
5
6
5
5
6
5
5
5
5
5
4
4
3
3
4
5
5
6
6
7
8
9
8
9
11
12
12
12
11
11
12
10
10
10
10
10
9
10
9
8
7
8
8
8
8
7
6
5
4
2
2
2
2
3
4
3
2
2
1
0
0
2
1
0
0
-1
-4
-6
-6
-6
-6
-5
-5
-5
-5
-5
-6
-7
-6
-6
-6
-6
-6
-8
-9
-8
-9
-10
-9
-9
-9
-10
-10
-10
-10
-10
-8
-7
-5
-5
-5
-6
-5
-5
-2
-2
-1
1
2
3
3
2
4
5
5
7
8
9
11
11
12
14
14
16
16
16
15
14
13
12
12
12
11
10
8
8
8
7
7
7
7
6
6
4
3
1
-1
0
-1
-2
-3
-5
-6
-6
-6
-5
-5
-5
-5
-7
-7
-7
-9
-8
-7
-6
-6
-5
-6
-7
-6
-4
-3
-2
0
1
2
3
4
5
6
8
9
10
11
11
12
13
13
14
14
14
15
15
15
15
12
12
12
11
11
9
8
7
6
4
1
1
1
-1
-3
-4
-6
-8
-8
-10
-11
-11
-12
-14
-16
-17
-18
-20
-21
-20
-20
-20
-22
-23
-22
-23
-23
-22
-23
-21
-20
-21
-21
-20
-19
-18
-17
-16
-14
-12
-11
-10
-9
-8
-6
-5
-3
-2
0
0
2
3
4
5
6
7
8
8
10
9
10
10
10
12
11
11
12
10
10
11
9
9
9
9
9
9
9
7
7
6
5
5
4
3
4
2
1
0
-1
-2
-1
-1
-2
-2
-2
-2
-2
-2
-2
-2
-2
-2
-2
-3
-3
-3
-3
-3
-2
-2
0
-1
-2
-1
1
2
2
2
4
3
3
2
3
2
4
4
3
4
4
3
3
4
4
5
5
4
5
5
4
3
1
2
2
1
1
1
-1
-1
-2
-2
1
2
0
0
-1
-2
-2
-3
-2
-2
-2
-2
-2
-1
0
-2
-3
-3
-2
-1
-2
-2
-2
-2
-3
-5
-2
-1
-4
-6
-6
-6
-6
-6
-7
-7
-6
-6
-8
-7
-8
-8
-8
-8
-7
-5
-5
-4
-5
-4
-3
-2
-2
-1
1
2
0
3
5
7
8
9
10
9
9
10
12
13
13
14
14
14
13
14
14
14
12
12
11
12
10
11
9
8
8
8
6
4
4
3
3
2
1
1
0
0
0
0
-2
-4
-5
-4
-4
-5
-4
-5
-4
-6
-6
-7
-8
-7
-7
-7
-8
-7
-6
-6
-6
-6
-6
-6
-6
-5
-4
-5
-4
-3
-1
-2
-1
-1
1
1
2
2
3
3
3
4
5
5
5
5
5
6
5
3
4
5
4
5
4
3
3
4
4
3
3
3
3
2
1
2
2
1
1
0
-1
-2
-2
-3
-2
-3
-2
-4
-4
-4
-3
-4
-6
-6
-7
-6
-7
-8
-8
-8
-9
-9
-9
-9
-9
-8
-10
-9
-8
-8
-8
-7
-6
-6
-5
-5
-5
-4
-2
-1
0
0
2
4
5
5
6
7
8
9
9
11
12
12
12
13
15
15
14
14
14
15
14
14
13
13
14
12
9
8
6
5
4
2
0
-2
-3
-6
-7
-8
-9
-12
-14
-16
-15
-15
-17
-19
-19
-18
-18
-19
-18
-16
-16
-17
-16
-15
-13
-9
-9
-7
-5
-3
-3
-2
0
2
3
4
5
9
9
10
12
11
11
11
12
11
13
13
13
12
12
10
9
10
9
10
9
8
8
7
7
7
5
4
3
2
1
1
0
-1
-3
-4
-3
-3
-4
-5
-5
-4
-6
-7
-8
-6
-7
-8
-9
-9
-8
-8
-8
-8
-10
-10
-10
-9
-8
-7
-8
-7
-5
-4
-5
-4
-4
-4
-4
-3
-2
-1
0
-1
0
0
0
1
2
3
3
4
5
7
9
8
8
9
8
9
10
10
12
10
10
9
10
10
8
8
9
8
7
8
8
7
5
3
3
3
2
1
0
-2
-3
-4
-4
-4
-6
-7
-7
-7
-8
-8
-7
-8
-7
-8
-9
