-2
-1
-1
-2
-2
-1
-1
-1
-3
-2
-1
-1
-1
-2
-1
-1
-1
-1
-1
-1
-1
-1
-1
-1
0
-1
0
-1
0
-1
-1
-1
-1
0
0
0
1
1
1
1
1
0
1
1
0
0
1
1
0
0
1
2
2
2
1
1
2
2
1
1
1
1
1
2
2
2
3
3
3
4
4
4
4
4
5
4
4
5
5
5
6
6
6
7
7
7
8
8
7
7
8
8
8
7
8
7
7
7
7
7
6
6
7
6
7
6
6
5
4
4
3
1
2
1
0
-1
-1
-2
-2
-3
-4
-5
-5
-6
-6
-7
-6
-8
-9
-10
-10
-12
-13
-14
-15
-14
-13
-14
-13
-12
-12
-12
-11
-12
-13
-15
-15
-17
-17
-19
-18
-19
-19
-16
-15
-14
-14
-13
-14
-14
-14
-16
-18
-19
-18
-18
-19
-19
-18
-16
-13
-11
-9
-8
-6
-5
-4
-3
-2
-1
2
4
6
8
10
12
16
21
24
26
28
31
34
35
35
37
37
39
41
42
41
41
40
40
38
38
36
34
34
34
32
31
28
26
23
19
15
13
10
9
5
3
1
-2
-3
-5
-9
-12
-13
-15
-16
-18
-20
-23
-24
-26
-25
-27
-27
-29
-29
-30
-32
-32
-33
-36
-38
-37
-36
-35
-34
-33
-33
-36
-39
-42
-46
-50
-50
-50
-52
-54
-55
-61
-66
-65
-54
-39
-25
-21
-24
-26
-29
-35
-40
-38
-31
-19
-7
7
11
10
12
22
36
52
65
70
66
64
63
60
54
55
62
63
60
56
58
57
55
58
61
59
57
53
51
46
38
28
18
11
6
0
-7
-16
-23
-24
-24
-25
-27
-31
-33
-34
-36
-37
-42
-45
-48
-48
-45
-44
-40
-39
-36
-32
-28
-24
-20
-12
0
7
15
24
31
36
41
47
55
61
65
69
76
84
88
91
95
99
105
107
109
115
119
121
120
113
102
94
89
85
81
79
79
74
66
57
47
36
28
22
19
16
10
0
-9
-18
-29
-35
-40
-44
-50
-54
-58
-60
-64
-74
-82
-88
-93
-96
-100
-104
-107
-112
-118
-124
-126
-127
-128
-130
-133
-133
-136
-137
-138
-137
-138
-143
-151
-161
-166
-170
-171
-166
-138
-89
-56
-61
-80
-80
-78
-90
-93
-79
-66
-51
-14
19
14
-2
10
35
54
82
112
106
79
77
97
94
75
82
94
86
76
79
81
72
75
90
94
83
78
73
65
63
59
38
11
2
7
4
-7
-19
-27
-27
-17
-7
-14
-29
-33
-27
-26
-32
-39
-43
-38
-31
-24
-25
-22
-12
-5
-1
8
17
26
35
49
62
74
86
102
125
143
147
149
158
164
166
176
189
193
198
215
225
215
206
209
207
204
207
204
181
159
156
151
126
105
98
81
61
49
33
5
-19
-31
-44
-62
-76
-88
-102
-114
-124
-139
-157
-172
-184
-193
-199
-206
-218
-225
-226
-225
-228
-233
-233
-231
-228
-224
-224
-222
-221
-219
-219
-223
-228
-228
-223
-219
-214
-205
-196
-194
-198
-200
-187
-154
-100
-56
-45
-60
-72
-64
-62
-62
-54
-37
-15
12
44
59
53
60
91
128
159
182
184
160
142
145
148
136
131
140
137
125
122
124
115
109
122
132
121
107
98
88
81
76
56
21
3
9
10
0
-13
-20
-26
-23
-12
-12
-24
-30
-24
-20
-27
-32
-33
-33
-25
-12
-4
-5
-5
8
20
32
45
58
73
86
99
111
135
169
188
196
209
230
241
240
249
260
266
272
278
278
271
274
286
293
293
296
295
277
250
227
205
177
154
141
123
96
68
39
13
-9
-25
-40
-61
-80
-103
-125
-147
-169
-193
-220
-237
-247
-259
-276
-292
-302
-310
-315
-318
-325
-326
-322
-314
-312
-318
-329
-338
-344
-346
-343
-338
-333
-325
-311
-331
-361
-374
-371
-340
-289
-227
-176
-138
-118
-140
-172
-171
-141
-93
-35
31
77
90
95
112
128
137
176
231
254
259
273
272
238
219
228
227
202
189
183
147
105
95
94
69
46
39
25
11
2
-6
-25
-40
-46
-53
-57
-61
-60
-57
-51
-43
-31
-14
0
8
10
6
1
-6
-9
-6
-4
-3
-3
3
11
22
38
51
62
71
82
101
115
130
154
189
227
261
291
319
352
387
421
453
469
474
475
475
459
432
411
391
360
325
294
255
205
155
111
70
38
16
-13
-49
-84
-114
-141
-160
-174
-182
-185
-185
-177
-168
-152
-135
-126
-122
-126
-128
-143
-159
-173
-203
-236
-259
-277
-304
-329
-344
-360
-379
-399
-422
-445
-469
-497
-514
-519
-514
-511
-506
-503
-492
-451
-385
-302
-215
-111
10
96
133
162
193
202
189
200
227
212
179
155
121
59
19
21
-1
-49
-72
-72
-111
-158
-169
-172
-188
-187
-142
-107
-90
-38
41
101
140
202
262
295
311
320
316
290
261
220
166
119
82
36
-15
-57
-87
-107
-130
-145
-147
-147
-145
-138
-122
-96
-59
-18
24
72
124
174
218
267
316
357
375
378
384
378
362
338
314
293
279
284
299
307
295
287
280
252
208
173
153
132
125
134
142
145
162
191
206
204
207
215
205
181
160
144
123
101
89
71
50
31
11
-22
-56
-81
-101
-113
-121
-126
-132
-138
-149
-169
-194
-217
-234
-255
-272
-299
-336
-368
-390
-400
-405
-401
-400
-393
-391
-403
-428
-460
-485
-513
-530
-540
-542
-550
-546
-491
-392
-280
-183
-65
64
149
170
153
144
130
115
106
103
98
99
115
107
80
50
46
31
-17
-65
-98
-119
-150
-142
-105
-66
-18
51
129
172
214
245
264
260
244
245
232
226
221
221
206
182
161
123
73
5
-58
-126
-188
-229
-256
-265
-256
-214
-163
-116
-67
-15
40
72
92
113
133
157
187
217
245
280
319
351
359
351
361
381
379
348
313
287
269
250
210
192
203
223
228
220
210
197
199
194
188
175
170
179
181
177
178
190
179
174
177
154
114
78
60
33
12
-11
-34
-48
-53
-48
-61
-79
-109
-137
-168
-203
-233
-264
-272
-270
-258
-262
-280
-303
-331
-364
-427
-475
-494
-494
-492
-490
-477
-468
-461
-466
-468
-487
-513
-562
-607
-574
-462
-308
-185
-47
102
216
249
187
116
50
26
12
5
9
18
63
98
97
60
39
17
-41
-112
-168
-190
-205
-150
-55
40
114
178
251
275
287
287
287
265
238
256
268
284
282
277
259
217
158
69
-14
-93
-145
-187
-218
-220
-199
-168
-150
-120
-89
-68
-60
-54
-19
25
80
131
181
235
288
329
332
320
309
295
258
232
268
320
333
313
334
377
364
285
191
150
131
115
97
96
140
210
277
291
275
260
256
229
189
158
157
169
173
207
234
222
178
152
135
79
10
-61
-96
-102
-89
-80
-86
-98
-114
-135
-174
-211
-254
-279
-292
-295
-284
-287
-290
-314
-349
-397
-453
-487
-517
-536
-551
-555
-564
-574
-578
-584
-596
-641
-673
-645
-539
-407
-287
-149
17
166
208
151
82
56
52
50
57
94
149
192
196
136
43
-46
-109
-170
-234
-269
-259
-203
-121
-19
66
119
155
196
235
241
247
277
327
373
415
459
475
454
401
320
220
120
38
-27
-72
-83
-70
-60
-74
-94
-120
-153
-186
-205
-207
-191
-145
-75
0
79
166
237
282
296
291
278
253
234
228
240
251
264
303
337
334
292
242
207
156
86
24
19
47
73
98
119
136
149
151
134
111
100
123
164
202
239
278
309
311
312
296
241
180
126
100
77
59
48
45
43
23
-6
-61
-117
-167
-204
-225
-224
-205
-191
-169
-163
-184
-229
-277
-323
-373
-406
-415
-390
-360
-355
-385
-430
-469
-498
-535
-597
-654
-676
-677
-653
-571
-418
-241
-83
61
156
127
-4
-135
-170
-141
-69
52
190
282
285
218
74
-111
-256
-312
-313
-290
-226
-117
-12
55
103
112
68
3
-23
-6
27
108
244
395
503
556
563
509
395
264
152
66
25
39
77
107
124
121
61
-44
-153
-228
-266
-258
-188
-89
3
71
118
147
143
119
101
101
134
196
275
342
386
407
391
336
261
171
109
115
189
275
316
327
313
259
162
48
-28
-58
-26
48
117
156
167
167
151
124
101
96
93
113
151
192
224
238
258
249
205
142
76
27
-11
-21
-9
18
28
6
-47
-110
-168
-216
-253
-276
-261
-226
-190
-176
-210
-275
-357
-414
-450
-467
-464
-455
-431
-407
-398
-414
-468
-534
-595
-649
-711
-783
-785
-663
-417
-162
29
162
225
175
6
-164
-245
-206
-56
168
371
438
364
220
45
-186
-379
-430
-352
-230
-119
12
99
132
113
52
-50
-160
-146
-31
100
225
386
572
658
631
552
451
332
226
174
162
168
211
270
275
202
89
-37
-173
-272
-290
-249
-180
-68
60
135
126
81
47
17
12
70
181
298
399
480
507
465
400
333
259
187
155
211
319
434
503
465
346
174
-2
-165
-247
-206
-73
110
245
295
225
95
-41
-125
-130
-87
30
142
255
313
320
279
176
102
27
-7
-33
-33
14
50
78
60
12
-97
-219
-309
-373
-387
-357
-278
-202
-137
-119
-146
-212
-313
-402
-470
-498
-479
-409
-327
-292
-288
-302
-342
-433
-564
-670
-714
-705
-689
-658
-584
-432
-203
-6
77
25
-72
-162
-225
-196
-80
144
391
580
622
460
178
-112
-280
-319
-250
-117
20
129
157
119
21
-86
-179
-234
-221
-166
-39
124
288
396
435
441
391
316
251
235
283
352
416
442
422
367
284
181
45
-85
-162
-165
-90
-10
43
52
29
-19
-101
-178
-230
-206
-111
27
184
307
392
408
376
308
233
205
211
278
388
528
629
614
508
333
167
21
-64
-61
-2
105
183
203
117
-47
-203
-292
-282
-211
-87
39
137
175
145
85
17
-10
-5
24
56
88
130
159
173
151
102
22
-88
-192
-260
-279
-274
-248
-219
-200
-211
-248
-292
-349
-398
-430
-428
-380
-311
-248
-228
-244
-292
-341
-374
-391
-397
-378
-326
-277
-261
-292
-358
-426
-435
-364
-260
-184
-167
-177
-194
-218
-226
-200
-126
-31
63
131
113
15
-102
-153
-105
6
126
192
181
121
68
68
111
179
251
311
335
307
263
225
214
223
271
357
428
437
380
300
234
188
173
185
218
255
280
269
210
133
86
94
120
120
95
60
35
22
23
29
28
27
40
69
83
64
22
-13
-5
23
65
86
87
98
100
94
74
70
98
140
184
198
187
171
161
166
155
140
121
112
125
146
171
164
151
131
106
88
65
48
50
73
98
105
110
104
69
15
-32
-68
-102
-137
-151
-150
-158
-176
-201
-229
-258
-275
-288
-322
-379
-428
-440
-417
-391
-382
-388
-418
-450
-470
-474
-482
-494
-486
-469
-451
-452
-471
-515
-585
-613
-539
-398
-306
-317
-358
-356
-326
-282
-239
-199
-157
-87
51
165
179
112
56
86
168
263
310
290
247
244
325
401
426
408
405
437
440
420
386
354
341
357
424
470
459
423
406
399
347
278
235
230
240
247
252
221
162
115
116
128
102
47
-12
-39
-39
-18
5
-20
-67
-85
-46
-6
-12
-30
-50
-47
-35
9
56
67
80
100
135
151
147
157
169
200
243
282
299
278
256
249
244
226
214
210
210
218
212
187
144
91
54
48
46
17
-17
-24
-18
-17
-23
-38
-76
-126
-171
-205
-242
-282
-303
-294
-298
-325
-361
-394
-418
-430
-434
-452
-482
-494
-474
-436
-422
-438
-473
-518
-549
-544
-506
-469
-465
-464
-460
-451
-398
-337
-297
-336
-400
-393
-326
-239
-197
-196
-200
-188
-95
23
81
59
20
65
173
283
324
291
239
207
244
293
303
272
237
268
301
309
307
298
312
308
321
337
309
277
262
295
303
256
220
204
223
243
249
248
220
180
161
166
166
145
123
122
124
134
141
112
54
-3
-1
43
66
54
35
43
77
106
136
164
176
178
178
196
198
185
187
213
258
296
335
346
315
280
254
248
239
233
248
235
190
138
104
75
31
-10
-41
-71
-97
-117
-119
-122
-145
-174
-199
-213
-220
-228
-239
-274
-322
-348
-346
-325
-312
-308
-296
-292
-305
-339
-378
-392
-393
-385
-379
-388
-396
-411
-424
-443
-470
-481
-495
-520
-534
-532
-487
-399
-298
-252
-278
-306
-298
-255
-218
-206
-196
-167
-99
3
77
70
6
-21
37
149
234
236
185
142
146
190
219
201
148
113
125
138
133
124
131
166
204
244
274
277
263
262
279
261
209
181
193
225
247
254
252
224
197
210
241
239
182
131
125
147
181
199
193
170
148
164
190
184
146
124
139
171
207
264
321
337
347
368
382
346
287
272
292
318
335
350
358
339
315
286
240
173
120
105
118
147
158
131
78
10
-48
-98
-147
-205
-246
-245
-233
-228
-222
-219
-232
-285
-350
-391
-418
-437
-450
-452
-458
-463
-446
-413
-377
-360
-374
-398
-403
-392
-370
-347
-340
-355
-368
-361
-356
-363
-379
-421
-475
-522
-500
-392
-276
-228
-274
-320
-320
-288
-238
-208
-196
-173
-116
-1
89
95
42
8
54
139
215
215
160
128
149
213
246
225
185
159
162
147
105
72
57
74
99
127
143
129
134
161
207
217
182
153
144
163
180
182
174
156
167
212
268
282
238
202
198
218
237
239
223
198
192
221
268
274
236
204
215
255
275
309
361
396
419
421
435
439
430
430
444
466
472
480
489
468
428
385
354
325
301
269
213
141
71
13
-30
-64
-99
-143
-190
-242
-302
-343
-371
-394
-412
-420
-415
-431
-460
-471
-470
-481
-509
-532
-549
-560
-543
-502
-476
-486
-515
-522
-488
-451
-437
-439
-451
-475
-495
-490
-479
-475
-479
-484
-497
-487
-412
-307
-246
-268
-308
-306
-257
-197
-148
-127
-114
-76
16
118
152
118
95
140
240
314
307
236
159
148
191
241
238
185
141
123
126
111
86
67
57
68
93
123
122
98
94
114
130
106
81
84
103
134
161
184
188
167
168
193
212
191
144
124
139
183
224
240
236
221
231
272
307
330
331
350
373
402
438
449
469
496
530
562
576
586
578
568
562
558
564
568
568
558
524
469
413
358
310
276
239
190
125
53
-28
-97
-150
-205
-264
-316
-349
-378
-414
-457
-499
-538
-577
-611
-641
-653
-655
-651
-630
-620
-622
-631
-619
-584
-564
-573
-598
-606
-589
-565
-544
-545
-550
-549
-538
-523
-519
-542
-548
-485
-352
-266
-275
-310
-320
-231
-143
-92
-75
-80
-38
39
120
153
120
119
229
402
512
489
368
214
101
63
95
147
190
241
279
256
166
51
-47
-129
-190
-207
-157
-70
24
108
151
133
47
-54
-104
-101
-72
-33
24
89
137
179
221
231
186
124
107
150
202
232
234
222
208
229
292
360
408
443
495
584
678
734
729
689
653
639
672
716
738
756
812
896
924
855
719
579
489
444
438
427
380
332
317
319
252
125
-24
-149
-211
-246
-266
-290
-296
-296
-311
-334
-395
-479
-561
-619
-659
-718
-771
-813
-815
-795
-772
-754
-772
-795
-805
-811
-829
-868
-897
-892
-863
-818
-783
-768
-779
-783
-682
-455
-194
-31
7
12
26
23
-25
-78
-68
53
283
543
686
615
414
219
119
88
68
51
32
6
-22
-49
-101
-187
-246
-234
-208
-258
-354
-413
-422
-424
-400
-301
-132
31
138
185
152
50
-44
-50
-3
38
57
75
87
74
69
104
160
189
186
175
144
86
34
14
29
84
183
337
495
627
724
787
829
844
860
859
845
837
879
984
1070
1111
1097
1054
1003
924
831
729
621
524
443
379
312
232
180
152
134
89
8
-88
-180
-236
-262
-262
-249
-236
-194
-148
-113
-109
-127
-154
-201
-260
-340
-417
-471
-503
-501
-494
-509
-540
-584
-623
-660
-709
-762
-822
-857
-878
-891
-900
-912
-902
-871
-839
-815
-736
-532
-258
-80
-40
-78
-70
-30
-37
-35
-5
105
234
331
361
251
95
9
41
76
4
-112
-212
-277
-325
-377
-412
-439
-416
-340
-310
-367
-434
-395
-287
-230
-208
-155
-62
35
106
180
226
239
242
250
240
196
170
177
158
103
55
53
82
100
98
69
36
31
42
46
30
46
139
286
439
571
680
758
834
899
930
918
926
969
1005
1017
1000
978
943
908
888
855
795
720
650
560
435
314
234
174
116
73
55
38
20
22
42
49
33
33
48
50
42
41
37
11
-24
-58
-112
-174
-231
-274
-324
-393
-455
-510
-563
-610
-632
-644
-684
-743
-811
-863
-885
-884
-904
-944
-979
-977
-874
-669
-402
-233
-201
-213
-170
-107
-128
-173
-148
-67
-4
14
-5
-48
-118
-129
-91
-93
-145
-214
-231
-286
-397
-489
-543
-537
-506
-445
-418
-468
-457
-348
-224
-184
-198
-160
-109
-65
-20
22
66
87
99
102
72
67
76
66
32
-35
-60
-59
-33
-15
-47
-72
-65
-7
63
81
104
154
237
343
433
521
582
638
704
760
832
889
933
965
969
968
943
900
854
803
757
710
682
660
616
573
518
454
385
333
315
280
232
203
191
175
150
161
194
213
235
281
326
323
278
223
160
94
34
-9
-52
-97
-145
-198
-249
-291
-339
-400
-455
-487
-514
-567
-649
-734
-797
-820
-821
-820
-771
-618
-404
-250
-212
-179
-106
-68
-128
-186
-142
-91
-90
-113
-125
-154
-215
-267
-301
-332
-351
-360
-394
-504
-639
-696
-700
-693
-701
-706
-707
-717
-671
-582
-500
-444
-387
-281
-177
-106
-69
-48
-19
-1
-16
-48
-59
-31
-8
-7
-12
-32
-55
-72
-86
-109
-155
-174
-154
-127
-97
-66
-9
53
113
216
338
466
565
623
689
740
799
850
873
884
876
892
901
895
884
841
783
711
645
603
539
482
425
380
358
323
295
247
201
187
189
212
223
222
234
267
331
376
401
418
424
435
409
361
306
244
184
110
42
-19
-79
-104
-126
-155
-198
-245
-261
-293
-357
-443
-522
-573
-640
-660
-563
-361
-177
-130
-92
12
147
184
98
53
75
105
89
27
-34
-135
-249
-329
-373
-364
-388
-445
-547
-685
-749
-771
-785
-840
-949
-1019
-1047
-1003
-933
-892
-833
-766
-658
-540
-463
-383
-320
-245
-180
-182
-194
-215
-213
-224
-274
-302
-318
-314
-300
-286
-239
-209
-192
-188
-195
-179
-162
-129
-88
-30
58
155
267
389
491
575
648
721
794
824
838
855
862
831
775
740
729
720
710
687
643
572
493
428
364
309
273
240
184
137
148
197
239
249
248
261
277
292
306
333
369
398
413
423
437
435
409
372
318
248
170
114
74
37
4
-27
-44
-59
-72
-108
-147
-185
-233
-229
-158
0
104
123
120
165
256
311
362
420
451
452
424
384
335
238
139
28
-50
-101
-161
-229
-341
-450
-535
-596
-625
-693
-769
-831
-874
-880
-904
-915
-922
-901
-827
-760
-699
-653
-602
-527
-477
-444
-447
-476
-487
-499
-503
-520
-554
-575
-608
-629
-628
-613
-585
-572
-552
-507
-451
-368
-277
-186
-98
-26
62
141
229
314
376
438
491
558
616
660
697
703
688
658
633
634
620
575
511
453
414
362
313
251
194
155
123
97
69
60
72
89
110
138
184
218
237
255
284
312
318
300
286
277
260
229
202
180
142
109
96
111
115
98
76
46
12
-50
-81
-29
116
274
354
379
424
519
587
615
638
698
756
790
803
799
748
632
503
399
360
344
299
189
41
-76
-144
-199
-262
-325
-373
-428
-498
-560
-595
-607
-621
-634
-630
-613
-604
-592
-559
-519
-499
-509
-523
-530
-526
-549
-600
-660
-714
-742
-764
-782
-808
-837
-834
-812
-780
-758
-732
-680
-612
-517
-418
-313
-216
-124
-33
50
137
226
295
331
369
424
478
492
481
462
440
421
399
365
317
261
209
165
117
77
46
10
-16
-35
-36
-49
-71
-72
-67
-51
-48
-40
-27
-7
38
86
114
115
122
151
156
127
84
38
-6
-48
-63
-77
-117
-150
-147
-107
-87
-63
16
177
339
412
446
518
644
704
704
738
836
934
967
981
987
975
938
885
838
800
767
717
593
440
345
303
259
155
53
-12
-59
-95
-132
-150
-175
-189
-171
-156
-164
-193
-197
-180
-193
-235
-285
-312
-324
-345
-393
-466
-539
-585
-617
-645
-676
-715
-765
-827
-864
-879
-896
-899
-875
-816
-728
-624
-498
-386
-295
-218
-138
-47
20
70
105
129
136
146
169
197
203
212
218
211
183
134
85
8
-61
-99
-136
-192
-255
-264
-250
-253
-241
-223
-188
-171
-152
-114
-97
-94
-93
-79
-69
-81
-71
-62
-79
-108
-132
-145
-174
-201
-215
-245
-286
-335
-376
-401
-406
-344
-226
-91
16
104
219
354
457
513
568
670
787
872
917
925
905
855
811
791
792
785
749
666
574
527
514
490
428
345
284
239
205
178
152
125
113
132
162
189
217
256
298
330
337
334
323
292
256
201
132
44
-43
-112
-177
-239
-305
-374
-436
-500
-553
-598
-630
-632
-624
-596
-560
-502
-427
-350
-272
-203
-148
-101
-43
14
55
76
97
118
117
95
70
38
-16
-82
-137
-179
-224
-277
-326
-361
-382
-392
-419
-468
-494
-483
-468
-478
-502
-492
-455
-412
-380
-351
-309
-255
-194
-153
-138
-133
-124
-124
-156
-211
-276
-325
-361
-410
-461
-510
-517
-464
-350
-221
-131
-67
6
124
218
276
334
416
512
578
646
710
720
681
633
632
655
659
628
533
430
368
343
324
262
209
176
133
104
87
93
82
52
50
74
107
126
152
206
267
311
327
353
398
439
455
439
417
399
379
354
329
286
220
143
79
33
-22
-87
-140
-157
-139
-100
-57
-4
43
89
136
192
242
261
278
292
311
312
295
275
244
213
179
144
98
33
-33
-96
-154
-208
-279
-362
-443
-504
-548
-590
-622
-642
-657
-673
-689
-692
-697
-693
-674
-642
-615
-608
-598
-582
-562
-542
-532
-527
-530
-521
-489
-460
-475
-529
-583
-586
-505
-376
-299
-287
-269
-163
-20
59
114
190
308
406
479
551
591
563
495
449
437
417
380
325
257
206
167
153
133
123
143
144
119
69
26
8
-15
-21
-38
-80
-115
-116
-64
4
43
51
55
91
146
187
204
197
188
197
204
218
223
219
214
207
215
206
184
172
174
189
199
228
282
342
397
448
501
548
570
595
618
642
663
671
659
628
599
571
529
468
397
324
249
173
108
44
-22
-89
-155
-221
-276
-304
-323
-359
-416
-452
-483
-522
-564
-589
-602
-622
-625
-618
-621
-629
-641
-637
-632
-636
-632
-634
-639
-654
-680
-701
-684
-599
-461
-373
-327
-266
-152
-31
21
71
132
232
305
353
408
423
381
312
270
271
274
258
184
88
45
35
34
-26
-94
-124
-135
-133
-146
-158
-167
-171
-155
-158
-166
-167
-157
-138
-136
-149
-172
-190
-180
-177
-188
-206
-208
-186
-159
-120
-80
-55
-46
-33
8
61
87
87
83
122
187
242
292
344
427
497
547
603
671
748
796
820
826
821
819
805
769
716
678
670
641
571
492
447
423
373
312
261
219
175
112
56
2
-35
-61
-99
-144
-195
-227
-256
-298
-337
-365
-386
-412
-456
-503
-547
-583
-624
-672
-703
-698
-691
-708
-763
-763
-678
-521
-373
-317
-262
-180
-27
83
137
196
282
383
431
465
516
527
485
392
328
304
275
237
127
18
-54
-73
-68
-109
-148
-180
-193
-193
-203
-206
-205
-188
-174
-205
-242
-250
-216
-186
-208
-248
-279
-285
-289
-319
-346
-379
-417
-454
-491
-505
-503
-498
-498
-516
-498
-449
-404
-370
-337
-266
-184
-93
8
111
216
314
414
512
594
667
723
754
770
777
786
772
740
715
693
660
611
565
539
497
450
407
356
304
247
214
189
159
126
105
93
78
55
28
0
-18
-28
-52
-91
-125
-150
-193
-261
-316
-363
-420
-486
-543
-585
-631
-700
-723
-686
-567
-431
-344
-259
-172
-21
92
177
262
355
466
514
550
579
566
532
457
413
384
342
302
201
109
32
2
3
-22
-48
-92
-114
-112
-116
-117
-138
-143
-138
-149
-156
-156
-135
-100
-82
-89
-104
-112
-111
-140
-193
-258
-315
-359
-411
-461
-515
-578
-625
-661
-662
-653
-658
-658
-623
-533
-428
-342
-267
-173
-58
51
120
183
252
323
386
420
457
478
479
472
461
465
464
455
427
370
332
306
290
257
216
191
160
128
100
93
92
67
52
46
52
55
54
66
72
68
64
50
31
-3
-46
-108
-183
-241
-282
-320
-378
-456
-523
-521
-431
-295
-199
-143
-69
80
226
301
363
455
576
640
645
647
643
624
563
492
440
405
398
353
263
163
116
114
88
44
-9
-60
-98
-130
-139
-144
-141
-119
-99
-89
-85
-54
2
41
51
48
50
52
36
-5
-68
-144
-222
-292
-357
-418
-477
-526
-574
-609
-617
-609
-588
-565
-531
-478
-410
-324
-250
-186
-124
-53
20
75
125
175
216
253
278
299
289
276
269
262
242
196
153
113
63
4
-41
-67
-91
-135
-175
-205
-202
-181
-161
-156
-150
-118
-69
-44
-47
-40
-15
3
-11
-41
-77
-112
-149
-204
-271
-335
-366
-388
-428
-493
-522
-463
-340
-200
-119
-32
64
190
294
351
421
498
588
640
651
674
683
694
674
642
643
632
637
582
503
424
356
324
255
177
93
11
-38
-81
-94
-86
-68
-25
17
74
140
192
236
254
267
272
254
234
179
101
14
-69
-122
-181
-236
-295
-353
-373
-381
-381
-387
-400
-401
-406
-381
-332
-287
-253
-243
-210
-155
-99
-48
-9
50
110
172
221
243
260
262
247
212
162
129
88
40
-32
-111
-160
-198
-222
-254
-299
-346
-375
-359
-336
-325
-320
-308
-279
-251
-237
-227
-223
-215
-217
-237
-269
-316
-345
-374
-421
-481
-535
-552
-557
-569
-612
-618
-538
-387
-247
-180
-108
-11
106
160
177
234
316
403
436
463
504
523
549
541
551
556
562
574
505
416
329
297
285
226
155
79
33
14
11
23
33
69
140
212
266
314
364
419
436
424
409
385
360
300
234
159
90
55
25
3
-42
-86
-96
-102
-95
-105
-116
-111
-112
-103
-94
-62
-18
3
24
55
127
206
254
274
279
301
327
337
328
301
275
244
201
153
105
63
21
-33
-89
-134
-164
-194
-242
-292
-322
-323
-310
-310
-312
-309
-283
-249
-241
-241
-236
-223
-236
-270
-308
-358
-413
-476
-545
-603
-655
-683
-706
-730
-769
-778
-698
-548
-381
-287
-208
-133
-21
42
42
72
109
190
213
223
258
275
313
290
301
323
322
328
256
181
81
11
-17
-57
-85
-127
-155
-161
-141
-80
0
73
145
201
256
320
363
418
423
405
373
336
335
305
275
224
164
133
94
82
61
28
-2
-33
-33
-32
-36
-40
-50
-43
-7
81
182
241
267
302
376
439
462
456
453
463
472
473
452
417
385
363
345
313
281
235
169
82
-6
-55
-83
-113
-153
-194
-212
-210
-183
-152
-133
-103
-69
-43
-45
-60
-48
-34
-55
-119
-186
-221
-263
-318
-383
-455
-520
-566
-589
-614
-662
-699
-730
-737
-686
-565
-399
-309
-260
-204
-111
-48
-55
-43
1
82
121
134
179
200
208
189
192
190
142
89
4
-93
-212
-309
-356
-385
-410
-430
-428
-385
-315
-231
-155
-105
-49
10
55
88
103
143
158
147
140
153
195
197
185
174
159
143
104
76
51
13
-18
-43
-41
-28
-26
-18
-11
28
81
137
205
253
323
364
405
432
443
486
502
549
575
590
593
543
520
484
459
411
332
272
204
161
129
94
62
29
21
26
15
-8
-37
-40
-16
-9
2
3
26
57
54
54
24
-12
-56
-105
-145
-206
-268
-324
-367
-390
-391
-390
-406
-457
-529
-571
-542
-417
-274
-214
-196
-174
-90
-48
-85
-101
-46
89
181
218
257
282
283
225
157
111
38
-52
-158
-257
-334
-392
-396
-369
-354
-344
-344
-328
-325
-351
-359
-373
-368
-357
-334
-270
-214
-137
-70
-28
-5
-7
1
2
-20
-48
-80
-99
-107
-93
-47
-8
18
25
22
24
5
-18
-47
-76
-88
-75
-14
77
172
275
363
439
485
504
519
512
495
469
457
480
509
536
546
524
489
449
419
392
341
276
220
188
181
163
140
127
126
128
109
79
43
16
8
5
6
7
11
20
19
6
-6
-27
-62
-106
-134
-127
-112
-103
-113
-133
-168
-207
-261
-340
-377
-354
-220
-114
-67
-50
-27
32
21
12
49
144
255
275
245
219
184
164
106
47
30
1
8
-27
-56
-46
-54
-45
-90
-169
-254
-372
-450
-521
-568
-556
-534
-462
-403
-363
-325
-328
-337
-377
-424
-431
-423
-386
-330
-266
-177
-107
-52
-13
-4
-6
-47
-95
-135
-162
-176
-175
-154
-115
-78
-50
-25
-3
38
90
130
146
142
154
175
190
208
239
294
347
393
429
460
469
459
466
495
547
568
552
505
450
405
371
335
278
213
146
88
47
23
10
-11
-34
-53
-58
-55
-58
-67
-88
-101
-95
-56
-3
26
31
22
12
-3
-23
-41
-56
-78
-112
-132
-160
-155
-89
5
98
98
72
30
-22
-102
-191
-175
-80
77
205
305
349
340
291
226
206
183
197
204
224
245
242
233
158
63
-67
-201
-331
-439
-484
-480
-461
-459
-448
-433
-440
-477
-528
-561
-576
-562
-504
-401
-287
-205
-158
-154
-170
-211
-248
-272
-266
-223
-165
-104
-56
-11
-8
-52
-123
-186
-208
-218
-215
-201
-149
-83
-26
-8
-42
-61
-63
-4
57
117
217
328
447
504
517
511
498
472
430
411
413
428
432
428
404
369
311
227
135
42
-16
-48
-60
-50
-39
-29
-33
-55
-72
-90
-86
-80
-63
-30
21
91
143
156
132
108
88
79
75
92
118
118
92
20
-60
-159
-237
-249
-201
-96
-50
-3
0
-14
-61
-138
-98
6
184
326
410
450
414
353
288
282
305
326
331
328
317
269
181
66
-22
-91
-144
-200
-245
-254
-236
-223
-245
-295
-336
-384
-444
-492
-484
-408
-313
-250
-222
-206
-205
-214
-247
-268
-273
-269
-254
-229
-183
-136
-120
-145
-200
-256
-266
-253
-215
-159
-110
-53
-21
-3
-5
-9
12
41
83
125
194
295
357
367
330
304
293
266
233
218
236
257
268
260
238
189
124
67
28
25
38
65
81
66
31
-14
-52
-86
-96
-69
-34
-4
30
67
83
74
56
47
52
58
84
118
132
115
84
66
54
34
7
-9
-16
-21
-30
-31
-30
-39
-50
-80
-80
-37
23
70
34
-2
-42
-68
-103
-148
-116
-55
30
96
133
146
99
34
9
48
125
183
209
209
174
108
48
31
58
91
111
123
120
116
87
32
-28
-76
-91
-105
-126
-149
-167
-190
-231
-276
-306
-300
-292
-301
-328
-364
-397
-425
-428
-402
-376
-332
-271
-205
-164
-152
-137
-135
-138
-135
-111
-56
-3
17
13
16
38
49
41
28
42
80
117
147
163
188
196
198
187
186
214
239
258
229
196
179
164
135
101
96
108
112
99
86
80
59
19
-22
-42
-41
-42
-52
-63
-65
-70
-78
-64
-47
-47
-10
55
95
105
121
144
143
134
137
171
213
218
189
170
180
171
134
137
176
186
169
146
154
140
82
29
0
8
3
-11
-11
0
-4
-43
-86
-94
-94
-119
-151
-162
-142
-126
-122
-119
-115
-115
-134
-142
-127
-102
-81
-87
-94
-103
-118
-133
-154
-159
-159
-158
-152
-123
-74
-43
-35
-29
2
36
63
72
79
81
66
43
29
37
46
34
9
-4
-4
-7
-30
-51
-68
-81
-88
-88
-73
-58
-55
-67
-86
-100
-107
-112
-124
-147
-170
-186
-189
-179
-166
-146
-118
-95
-81
-76
-71
-65
-67
-80
-89
-85
-69
-52
-37
-16
19
60
98
128
163
193
213
220
225
227
233
236
231
224
218
221
219
216
202
191
188
186
182
173
172
171
164
159
162
175
182
183
181
183
183
181
172
154
135
113
93
62
31
7
-8
-9
-17
-18
-29
-36
-47
-68
-87
-112
-135
-161
-194
-216
-221
-200
-167
-145
-139
-141
-134
-122
-114
-106
-93
-74
-56
-44
-36
-27
-26
-31
-46
-56
-51
-35
-29
-49
-71
-79
-78
-81
-92
-94
-79
-54
-26
8
38
53
47
27
4
-10
-18
-21
-24
-29
-38
-46
-56
-70
-81
-99
-117
-141
-160
-180
-204
-221
-240
-260
-280
-286
-272
-244
-214
-183
-156
-135
-117
-101
-87
-72
-65
-55
-29
-1
11
16
21
25
26
31
33
38
47
62
83
108
134
147
153
154
160
179
203
238
269
291
298
303
313
318
309
297
298
303
303
296
295
286
258
217
177
169
175
171
152
127
116
108
98
90
89
98
97
90
90
110
143
158
144
115
102
104
99
88
73
62
47
18
-15
-45
-62
-77
-107
-145
-177
-181
-172
-178
-199
-229
-243
-247
-247
-244
-239
-229
-225
-211
-181
-146
-118
-108
-116
-125
-128
-118
-111
-118
-140
-161
-168
-172
-185
-208
-231
-253
-281
-302
-312
-306
-292
-278
-267
-253
-226
-191
-164
-147
-131
-114
-99
-92
-87
-72
-51
-44
-47
-49
-37
-21
-14
-12
-15
-10
-11
-21
-28
-28
-17
-11
-9
2
23
52
71
81
92
104
117
131
150
180
204
216
216
211
207
202
195
189
179
174
169
169
165
156
139
121
112
110
114
122
135
152
172
184
193
204
217
233
255
279
304
325
338
347
353
359
357
345
332
318
308
298
282
257
226
201
184
166
144
118
87
47
9
-22
-40
-50
-60
-69
-77
-76
-71
-79
-98
-130
-165
-194
-214
-224
-236
-249
-266
-292
-322
-349
-364
-376
-394
-412
-426
-431
-426
-421
-419
-414
-402
-384
-369
-362
-353
-342
-331
-317
-293
-259
-222
-204
-200
-203
-200
-191
-184
-174
-166
-156
-147
-132
-110
-92
-81
-80
-74
-63
-43
-18
8
33
45
55
76
107
133
142
143
144
151
163
173
180
178
169
154
147
149
154
156
149
136
124
117
118
120
120
114
111
111
119
132
140
143
141
146
159
180
201
213
224
234
245
256
268
282
289
295
297
299
301
303
305
308
305
293
287
284
289
285
267
248
234
225
220
219
219
216
204
181
160
133
113
93
66
44
29
24
22
2
-33
-64
-86
-110
-130
-145
-154
-171
-194
-212
-222
-227
-234
-242
-245
-256
-280
-299
-312
-320
-328
-336
-337
-333
-336
-338
-333
-332
-340
-348
-348
-338
-325
-316
-307
-295
-285
-284
-285
-280
-272
-269
-259
-245
-229
-210
-196
-183
-176
-164
-149
-137
-128
-122
-118
-113
-100
-80
-59
-44
-37
-30
-27
-24
-14
-2
12
24
33
45
59
72
80
94
105
111
115
120
134
164
184
189
203
227
252
259
251
243
244
253
255
262
280
299
304
293
287
296
307
305
294
276
254
236
220
204
193
176
162
153
149
145
129
109
89
67
47
25
10
13
12
-3
-6
4
13
8
0
3
2
-2
-2
10
32
34
21
14
19
24
21
21
26
25
10
1
-1
-5
-5
-19
-26
-13
-8
-21
-36
-27
-19
-36
-58
-60
-64
-67
-71
-89
-101
-105
-110
-118
-120
-113
-126
-140
-143
-140
-149
-168
-171
-180
-192
-204
-212
-217
-217
-217
-231
-237
-232
-227
-235
-243
-245
-250
-257
-257
-252
-241
-235
-225
-222
-217
-202
-193
-190
-185
-174
-163
-161
-154
-141
-121
-96
-70
-38
-3
28
57
87
108
121
134
152
172
186
202
217
231
246
257
269
286
298
299
303
304
301
298
283
270
257
243
223
213
205
194
186
172
167
149
135
124
103
89
69
57
41
35
29
17
10
-9
-19
-29
-38
-53
-76
-85
-75
-66
-80
-70
-53
-43
-44
-49
-37
-19
5
11
17
28
40
55
67
91
84
83
109
120
123
125
133
129
112
109
115
121
118
109
108
111
99
83
82
81
65
46
42
52
43
38
31
2
3
-27
-53
-58
-65
-71
-93
-111
-119
-133
-136
-150
-198
-216
-205
-227
-255
-254
-241
-241
-259
-241
-232
-238
-219
-233
-220
-191
-196
-196
-172
-143
-146
-143
-116
-96
-87
-76
-68
-45
-12
-18
-24
-4
17
16
13
32
34
34
44
53
63
63
68
77
95
103
102
101
117
125
101
106
124
132
135
126
106
99
105
94
72
55
39
21
6
-8
-25
-34
-40
-52
-57
-63
-55
-55
-62
-63
-79
-85
-80
-64
-51
-47
-39
-35
-26
-21
-17
-17
-25
-23
-14
-5
3
5
9
12
13
15
18
33
37
41
46
53
66
60
69
89
91
88
102
123
127
129
126
107
111
127
109
90
93
94
72
61
57
37
31
33
15
-1
-1
-3
-8
-15
-32
-40
-36
-37
-47
-60
-32
-32
-44
-56
-69
-41
-42
-54
-49
-49
-43
-35
-59
-50
-25
-59
-65
-53
-53
-71
-62
-33
-70
-92
-66
-60
-56
-58
-45
-14
-20
-23
-20
4
30
17
-4
8
55
38
8
41
46
22
18
8
20
25
-14
-13
9
1
-29
-26
-4
-11
-19
-12
-23
-20
13
-2
0
-7
-6
5
0
25
8
10
17
-3
-6
-1
17
12
-17
-5
16
-6
-16
-3
3
-29
-26
-9
-19
-12
-15
10
18
20
31
29
35
38
51
39
30
67
58
34
51
41
31
34
14
-7
-2
-3
-31
-53
-34
-28
-40
-47
-62
-62
-68
-81
-81
-72
-56
-44
-50
-51
-27
-6
-9
3
25
23
29
40
28
39
42
40
41
60
87
62
47
54
47
42
53
47
43
31
37
54
33
40
47
58
56
39
33
41
65
52
45
50
46
32
-5
16
18
-31
-11
12
-22
-11
-27
-64
-65
-59
-20
-74
-90
-47
-67
-52
-53
-50
-30
-9
0
-16
-8
32
37
31
46
59
50
39
55
73
93
84
85
95
88
86
69
44
51
80
70
60
52
56
72
83
60
46
67
69
63
43
67
48
47
59
45
49
-7
-8
14
3
-28
-79
-66
-50
-75
-106
-139
-128
-107
-154
-177
-148
-165
-185
-194
-160
-156
-195
-171
-183
-179
-147
-163
-164
-140
-98
-111
-147
-111
-73
-77
-86
-92
-92
-79
-68
-73
-101
-80
-52
-55
-61
-33
-25
-36
-15
-24
-6
-3
-3
24
12
24
33
33
30
43
61
50
30
53
46
44
71
35
31
48
30
25
22
7
6
-2
0
3
-3
3
-5
8
26
1
12
29
29
38
27
44
77
111
109
81
121
142
121
136
141
132
158
142
172
169
130
184
155
180
202
188
192
178
191
155
186
209
141
144
192
191
156
113
105
121
107
94
73
93
77
42
37
25
5
-37
-4
6
-18
-62
-71
-57
-88
-81
-132
-136
-73
-64
-132
-156
-105
-129
-145
-111
-118
-154
-102
-78
-158
-160
-108
-129
-156
-125
-136
-158
-129
-130
-165
-170
-140
-132
-138
-122
-105
-154
-161
-114
-162
-181
-169
-145
-105
-124
-139
-140
-148
-142
-165
-188
-131
-109
-124
-132
-133
-106
-158
-183
-146
-132
-93
-108
-89
-56
-95
-105
-94
-68
-35
-34
-30
22
69
71
15
12
57
55
71
109
158
165
169
162
144
151
161
182
174
217
262
255
215
209
227
185
195
240
251
238
239
230
214
229
209
170
190
226
198
189
180
162
165
142
151
148
122
88
103
113
79
104
107
76
58
76
65
26
60
50
25
70
81
38
35
37
29
30
23
43
45
63
34
1
25
15
11
-1
-14
25
25
-23
-15
-32
-42
-59
-94
-61
-47
-56
-99
-133
-98
-126
-173
-175
-164
-122
-132
-185
-202
-205
-223
-261
-261
-194
-200
-222
-223
-254
-249
-288
-322
-300
-238
-195
-223
-231
-219
-249
-291
-297
-250
-183
-168
-147
-154
-191
-160
-158
-189
-174
-109
-49
-48
-42
-47
-65
-61
-43
-16
26
86
64
20
72
98
44
49
105
147
140
119
135
136
140
138
139
178
185
179
142
124
153
139
144
174
178
151
138
128
112
112
124
138
158
191
175
126
92
84
101
133
161
143
152
160
136
111
98
107
131
173
179
162
144
124
109
107
129
144
155
157
146
112
89
93
82
67
72
99
115
86
44
33
29
26
27
36
55
20
-29
-30
-33
-37
-86
-117
-65
-51
-76
-115
-129
-131
-166
-175
-152
-141
-140
-157
-179
-177
-168
-204
-252
-216
-184
-193
-187
-186
-171
-176
-186
-186
-188
-165
-171
-181
-140
-89
-86
-127
-160
-149
-135
-135
-134
-98
-72
-80
-78
-87
-105
-110
-123
-113
-52
-10
-13
-26
-45
-57
-57
-48
-31
-18
-3
9
25
46
16
-14
-4
-7
19
56
64
70
69
52
49
55
53
41
45
76
97
105
88
70
66
77
82
101
126
128
123
113
111
134
149
123
118
136
154
176
152
120
129
134
128
134
157
141
109
125
134
137
135
108
96
97
118
125
97
90
75
65
66
58
69
47
33
52
35
36
32
2
-13
-17
10
7
-20
-29
-42
-26
-22
-48
-60
-71
-62
-59
-60
-41
-46
-72
-76
-62
-49
-53
-72
-76
-55
-45
-46
-37
-47
-51
-66
-67
-43
-54
-57
-65
-65
-53
-49
-48
-67
-98
-93
-77
-80
-72
-79
-78
-74
-80
-86
-103
-105
-97
-81
-59
-47
-50
-71
-90
-76
-69
-81
-63
-38
-33
-32
-36
-48
-66
-67
-49
-47
-32
1
-15
-24
-3
-7
-21
-31
-23
-7
-1
26
27
20
32
14
0
-7
1
25
33
47
67
71
66
49
50
68
77
98
96
105
121
112
91
76
92
105
106
94
96
102
90
76
71
78
65
60
56
50
59
63
44
26
20
16
18
6
5
4
0
2
3
-5
-16
-10
-8
-8
5
11
1
-9
-7
-4
-5
9
16
8
3
-6
-9
-2
1
0
3
0
2
2
-7
-12
6
15
6
-9
-17
-17
-24
-25
-23
-8
-3
-16
-27
-30
-22
-35
-51
-45
-29
-18
-33
-55
-55
-55
-61
-71
-63
-60
-73
-73
-79
-82
-81
-90
-95
-90
-77
-65
-57
-56
-63
-69
-67
-60
-60
-65
-52
-37
-22
-14
-20
-31
-43
-41
-23
-4
2
2
7
21
22
21
24
20
20
20
32
50
51
40
38
51
62
57
44
45
67
86
77
71
75
64
56
55
53
59
71
70
58
56
54
37
18
11
22
37
48
45
34
24
17
6
-4
2
10
10
13
18
13
2
-14
-19
-18
-10
-1
3
2
-4
-8
-14
-11
-12
-11
4
15
11
-1
-3
-1
-4
-9
-10
-6
-5
-4
-15
-22
-12
-7
-13
-16
-19
-26
-30
-33
-30
-29
-26
-19
-15
-19
-27
-35
-35
-33
-40
-35
-21
-15
-20
-27
-28
-27
-32
-40
-45
-44
-38
-41
-44
-48
-44
-44
-49
-54
-56
-55
-52
-51
-52
-40
-33
-31
-29
-29
-24
-18
-16
-8
-8
-6
10
15
9
11
15
24
25
20
30
41
43
40
36
40
47
39
36
43
60
71
71
66
66
71
71
72
77
89
97
96
96
98
96
94
85
88
93
88
81
79
80
79
73
63
60
60
52
41
41
50
56
46
37
38
36
29
20
22
25
26
22
14
12
5
-7
-14
-18
-17
-20
-23
-25
-35
-46
-46
-47
-52
-50
-50
-55
-59
-65
-72
-74
-78
-79
-78
-71
-67
-74
-81
-86
-91
-90
-89
-87
-82
-80
-82
-80
-82
-85
-85
-83
-79
-71
-67
-65
-65
-70
-73
-74
-66
-61
-58
-50
-45
-42
-49
-53
-53
-53
-50
-39
-29
-21
-16
-20
-27
-26
-25
-27
-23
-10
-1
7
9
7
5
-1
3
10
16
28
32
34
35
31
30
32
36
42
51
57
62
64
59
60
60
67
71
71
79
89
93
90
90
93
91
90
87
91
100
106
107
107
106
105
101
93
91
92
94
97
98
94
93
84
71
63
57
60
62
64
64
53
41
29
18
15
12
14
15
12
3
-12
-23
-33
-38
-42
-47
-42
-42
-47
-57
-70
-80
-85
-89
-92
-93
-87
-91
-103
-112
-111
-110
-109
-106
-107
-110
-117
-118
-117
-117
-112
-108
-104
-109
-113
-115
-113
-112
-109
-102
-95
-86
-81
-81
-84
-84
-81
-78
-73
-68
-62
-57
-59
-61
-54
-46
-37
-34
-31
-29
-30
-26
-21
-18
-11
-1
3
7
10
12
13
14
19
22
29
36
43
45
49
53
56
65
68
66
70
74
76
78
82
90
94
95
93
94
100
105
110
113
115
115
116
114
117
123
126
128
129
123
119
121
120
116
117
119
119
118
118
113
110
105
101
100
102
101
91
81
77
71
66
67
64
60
52
41
34
28
21
14
10
8
7
1
-15
-25
-34
-40
-43
-42
-43
-46
-56
-69
-79
-86
-91
-93
-93
-91
-92
-97
-104
-116
-125
-128
-124
-121
-114
-113
-119
-127
-132
-135
-134
-132
-129
-124
-123
-123
-120
-122
-125
-123
-121
-114
-107
-106
-105
-103
-97
-93
-90
-83
-78
-76
-73
-76
-70
-62
-59
-48
-40
-34
-31
-29
-30
-25
-18
-14
-5
3
8
14
19
24
24
26
32
39
46
50
55
59
63
66
72
79
82
82
84
85
89
92
95
101
105
108
109
108
107
106
111
110
112
113
109
108
109
110
111
112
107
103
100
94
93
91
89
88
87
85
83
78
74
62
56
56
52
53
49
44
41
34
29
22
18
15
8
6
1
-4
-8
-15
-17
-21
-22
-26
-36
-39
-45
-49
-50
-56
-58
-60
-65
-67
-70
-72
-72
-79
-84
-86
-89
-88
-89
-92
-95
-98
-97
-97
-96
-95
-97
-99
-103
-101
-101
-100
-99
-99
-96
-97
-96
-93
-90
-89
-88
-90
-89
-84
-80
-78
-74
-70
-66
-62
-60
-57
-57
-57
-57
-52
-43
-32
-25
-22
-17
-13
-9
-6
-6
-3
0
4
12
21
29
39
43
43
45
47
52
54
55
60
65
71
74
79
83
87
89
88
88
88
85
83
83
87
91
92
91
92
89
88
86
80
79
77
78
77
77
73
71
71
70
68
66
65
63
62
58
60
61
58
55
50
47
48
48
47
46
42
41
37
32
28
25
23
22
20
19
18
15
10
6
0
-1
-2
-7
-12
-15
-16
-20
-25
-31
-36
-38
-41
-43
-43
-44
-46
-49
-52
-56
-63
-66
-71
-72
-71
-69
-68
-71
-73
-76
-76
-77
-81
-84
-84
-85
-83
-84
-83
-82
-81
-81
-80
-79
-78
-79
-78
-77
-74
-71
-68
-65
-62
-56
-51
-45
-43
-42
-38
-33
-30
-24
-21
-17
-14
-9
-3
1
3
5
8
12
17
20
22
25
26
29
33
34
37
36
37
42
46
51
52
53
53
54
56
57
57
55
56
57
61
62
67
69
70
68
67
67
63
61
59
59
62
64
67
66
65
64
63
62
62
59
57
59
58
61
60
61
58
53
48
43
41
38
33
30
27
24
21
15
11
8
5
0
-4
-6
-9
-12
-16
-19
-22
-27
-32
-34
-37
-37
-40
-41
-43
-42
-42
-46
-48
-48
-51
-56
-60
-62
-64
-68
-71
-73
-73
-68
-67
-66
-66
-63
-61
-61
-59
-56
-53
-55
-53
-50
-47
-47
-47
-46
-45
-42
-41
-42
-39
-36
-35
-35
-34
-31
-29
-31
-32
-32
-33
-34
-34
-33
-33
-31
-30
-29
-24
-22
-22
-21
-19
-19
-17
-15
-13
-9
-9
-8
-5
-3
0
3
3
7
9
12
16
19
24
27
30
33
37
41
42
43
46
47
48
51
54
58
61
65
69
72
74
73
74
74
73
71
72
72
72
75
73
72
70
65
63
58
54
50
44
42
42
41
40
37
34
31
24
20
14
8
4
0
-4
-7
-8
-9
-11
-15
-19
-23
-24
-27
-31
-32
-35
-34
-30
-28
-26
-27
-28
-30
-30
-30
-30
-30
-30
-29
-26
-22
-16
-11
-10
-13
-16
-16
-15
-17
-21
-25
-25
-23
-21
-19
-19
-20
-24
-27
-26
-29
-32
-33
-33
-33
-31
-29
-29
-30
-32
-39
-42
-41
-41
-38
-38
-38
-37
-31
-19
-21
-25
-23
-23
-24
-21
-19
-18
-15
-10
-8
-5
-2
1
5
7
8
10
13
19
22
25
28
29
29
33
35
34
32
35
39
42
44
50
51
49
53
54
51
52
54
54
53
54
56
56
55
51
48
46
43
41
43
45
45
41
39
38
32
27
22
18
16
16
17
17
15
13
8
4
0
-2
-5
-7
-7
-4
-2
-1
-4
-7
-8
-13
-17
-18
-17
-17
-16
-15
-12
-13
-17
-20
-21
-25
-28
-29
-27
-25
-24
-23
-24
-24
-26
-29
-32
-34
-34
-33
-33
-34
-32
-31
-33
-33
-36
-37
-38
-40
-40
-38
-36
-35
-33
-31
-34
-35
-37
-38
-39
-38
-35
-32
-30
-27
-27
-25
-25
-24
-25
-23
-21
-18
-15
-12
-11
-8
-7
-6
-5
-3
-1
0
4
6
8
12
15
15
16
18
17
17
21
23
25
26
26
27
26
26
27
28
27
27
27
27
26
26
25
25
24
25
25
26
23
22
20
16
16
17
19
20
20
18
16
16
15
14
14
12
12
13
14
13
11
10
10
8
8
7
6
3
2
1
1
0
-1
1
-1
-2
-3
-5
-7
-8
-7
-9
-9
-10
-12
-13
-13
-14
-17
-19
-20
-22
-21
-22
-24
-25
-25
-25
-26
-26
-27
-30
-30
-30
-31
-32
-33
-33
-33
-30
-30
-30
-31
-31
-29
-28
-26
-26
-26
-25
-24
-21
-19
-17
-16
-17
-14
-12
-12
-13
-11
-8
-5
0
5
8
11
12
12
13
14
14
17
21
25
29
31
34
34
35
34
35
37
39
41
43
44
47
49
49
49
49
47
45
46
46
45
45
47
47
47
47
47
45
44
42
40
39
38
38
36
36
37
37
35
31
29
24
20
16
13
15
13
12
13
9
6
2
-1
-5
-6
-9
-10
-10
-11
-12
-14
-17
-17
-20
-23
-25
-26
-28
-31
-33
-35
-36
-36
-37
-37
-38
-39
-41
-44
-45
-48
-50
-50
-51
-49
-48
-49
-48
-49
-50
-52
-52
-53
-53
-51
-48
-44
-41
-39
-38
-37
-36
-38
-38
-37
-36
-34
-31
-29
-26
-25
-24
-23
-23
-22
-21
-19
-18
-16
-12
-10
-8
-7
-5
-1
2
2
4
6
9
11
13
16
19
22
25
27
31
31
32
33
33
34
38
38
40
42
44
48
49
52
53
54
55
56
56
58
57
59
60
63
64
65
65
63
61
61
59
58
57
58
57
56
55
54
50
48
46
41
37
35
32
30
27
25
23
21
16
11
7
1
-3
-8
-13
-16
-21
-22
-25
-28
-30
-34
-37
-43
-47
-50
-53
-53
-54
-55
-57
-58
-58
-61
-63
-65
-68
-69
-70
-69
-68
-68
-65
-65
-65
-64
-65
-63
-63
-62
-61
-59
-56
-52
-49
-47
-44
-42
-41
-37
-36
-35
-32
-30
-27
-24
-20
-18
-17
-14
-13
-13
-12
-11
-12
-10
-10
-9
-9
-7
-4
-3
-3
-3
-4
-4
-4
-4
-2
0
1
4
7
10
10
10
10
10
11
11
15
17
21
25
27
29
32
32
31
32
34
37
41
45
49
53
55
58
59
60
60
59
60
60
63
66
68
69
69
69
66
67
64
64
65
64
62
60
58
57
52
49
47
42
41
39
37
33
28
25
21
16
12
10
7
2
-3
-6
-11
-15
-18
-23
-27
-31
-32
-34
-37
-40
-42
-44
-45
-44
-45
-49
-49
-50
-50
-49
-51
-49
-48
-46
-45
-45
-42
-41
-39
-38
-37
-35
-33
-32
-31
-30
-30
-28
-26
-25
-24
-24
-23
-23
-22
-21
-22
-22
-22
-21
-22
-22
-20
-18
-19
-20
-21
-20
-19
-19
-19
-17
-16
-14
-14
-13
-10
-9
-7
-6
-4
-2
1
3
4
7
8
9
11
13
14
16
19
20
23
24
26
27
29
30
31
33
35
36
38
39
39
39
38
39
38
39
41
40
42
44
42
43
43
41
40
36
35
34
34
34
34
34
33
31
27
26
24
22
22
22
23
21
21
19
18
15
11
7
6
4
2
3
3
2
0
-1
-3
-7
-11
-13
-15
-13
-14
-14
-12
-12
-13
-17
-22
-24
-25
-28
-27
-28
-29
-28
-29
-31
-32
-36
-39
-39
-42
-41
-38
-37
-37
-37
-39
-40
-41
-43
-44
-43
-42
-41
-37
-35
-34
-34
-34
-35
-34
-33
-31
-27
-26
-22
-21
-20
-18
-18
-19
-20
-17
-14
-10
-7
-3
-2
0
0
-1
-1
0
1
4
7
11
15
17
18
17
14
12
11
11
14
17
19
20
20
20
19
18
14
14
13
14
15
16
18
19
18
16
13
11
8
7
8
10
13
14
16
16
17
15
14
13
11
12
13
15
16
17
19
18
19
19
17
14
15
17
17
20
22
21
22
22
21
19
15
15
14
14
14
13
12
11
9
8
5
3
2
1
0
-2
-4
-5
-8
-9
-13
-15
-17
-20
-22
-23
-24
-25
-27
-28
-30
-30
-31
-33
-35
-34
-34
-35
-34
-34
-33
-34
-33
-32
-32
-30
-31
-31
-29
-28
-25
-23
-20
-19
-16
-14
-10
-10
-7
-5
-3
-1
1
3
4
6
8
10
10
11
14
14
15
17
19
21
22
23
25
25
24
24
21
24
23
23
23
23
25
25
24
23
22
20
19
18
19
20
21
21
22
23
20
17
16
13
14
15
16
18
18
19
19
17
16
15
14
15
17
19
21
22
23
24
23
20
19
18
16
18
18
20
22
22
21
20
17
16
14
11
10
10
10
11
11
9
7
5
2
0
-1
-4
-6
-8
-6
-7
-11
-12
-11
-14
-16
-18
-20
-22
-24
-24
-23
-23
-24
-25
-27
-28
-29
-30
-32
-34
-34
-34
-34
-34
-33
-33
-35
-35
-35
-35
-35
-35
-37
-35
-34
-34
-33
-34
-33
-33
-34
-34
-34
-31
-29
-29
-28
-26
-24
-23
-22
-20
-20
-21
-20
-18
-15
-13
-10
-9
-9
-7
-5
-3
-3
-2
-1
0
3
5
8
11
10
11
11
12
14
15
16
17
18
19
20
21
23
22
23
22
23
24
26
26
27
27
26
27
27
27
27
26
24
24
26
25
26
24
24
23
23
23
23
23
22
21
22
21
22
20
18
17
17
15
15
13
15
14
12
11
9
8
8
7
5
6
5
4
3
3
2
-1
-3
-4
-5
-5
-6
-7
-7
-7
-9
-10
-12
-13
-13
-15
-16
-15
-14
-14
-16
-16
-17
-18
-19
-21
-21
-21
-21
-21
-22
-20
-20
-22
-24
-24
-25
-26
-27
-26
-26
-26
-27
-28
-28
-27
-29
-31
-31
-29
-28
-28
-29
-28
-26
-27
-27
-25
-24
-24
-22
-20
-17
-14
-13
-11
-9
-8
-5
-3
1
5
7
10
12
14
16
15
16
19
21
26
29
33
35
37
39
40
39
38
37
39
41
44
46
46
47
44
41
39
37
36
36
37
38
41
42
41
40
37
34
30
27
26
25
24
25
26
25
22
18
14
12
11
9
7
10
10
10
8
5
2
-2
-7
-11
-13
-15
-13
-12
-11
-11
-11
-14
-17
-20
-21
-21
-21
-20
-20
-20
-20
-21
-23
-25
-26
-27
-28
-27
-26
-24
-22
-22
-22
-23
-24
-26
-27
-26
-28
-29
-29
-27
-27
-28
-29
-30
-30
-31
-30
-28
-25
-24
-23
-24
-23
-23
-25
-25
-26
-25
-25
-24
-21
-19
-15
-15
-15
-12
-12
-10
-7
-6
-4
-2
1
1
4
6
4
4
5
7
9
13
15
17
20
21
23
23
25
25
23
24
26
28
30
31
32
31
33
31
31
31
30
30
32
33
36
37
38
37
35
35
34
32
29
29
28
27
28
30
29
28
26
24
22
22
20
19
18
16
15
14
13
11
9
7
3
2
0
-2
-2
-5
-6
-7
-7
-9
-13
-15
-18
-20
-23
-23
-23
-22
-25
-25
-25
-25
-27
-29
-30
-32
-32
-33
-34
-33
-32
-34
-38
-40
-38
-37
-38
-38
-36
-35
-34
-33
-33
-32
-34
-35
-34
-34
-33
-32
-30
-27
-25
-22
-24
-25
-23
-23
-21
-22
-20
-18
-16
-13
-12
-11
-11
-10
-11
-11
-10
-8
-5
-2
-1
-1
1
4
5
6
6
7
10
12
15
16
20
21
22
22
22
23
25
28
31
33
36
37
38
39
39
37
36
37
40
41
43
44
46
47
46
45
44
44
43
42
42
42
45
42
42
41
37
36
34
33
31
31
30
30
29
26
23
19
16
12
9
6
4
4
4
2
0
-4
-6
-9
-15
-17
-19
-21
-21
-21
-23
-25
-28
-30
-35
-39
-40
-41
-42
-40
-40
-38
-38
-39
-41
-43
-44
-46
-46
-46
-46
-45
-44
-42
-42
-41
-41
-41
-41
-41
-39
-37
-34
-31
-29
-29
-28
-28
-26
-27
-27
-26
-26
-23
-19
-18
-15
-14
-12
-12
-12
-10
-9
-6
-4
-2
-1
0
2
2
3
3
3
4
6
10
13
15
18
18
20
22
22
23
23
23
25
26
29
31
34
35
35
35
36
36
37
39
41
42
44
44
46
44
42
41
40
38
39
41
42
42
41
41
40
39
38
37
34
33
32
33
32
32
31
26
23
20
19
17
14
13
12
11
10
7
6
3
1
-4
-6
-7
-7
-8
-8
-9
-11
-14
-16
-17
-19
-22
-24
-24
-24
-24
-22
-23
-25
-26
-29
-30
-30
-30
-28
-28
-28
-27
-26
-26
-29
-30
-30
-31
-31
-30
-28
-26
-24
-25
-26
-26
-26
-27
-27
-26
-25
-24
-23
-21
-18
-19
-20
-20
-22
-21
-21
-20
-18
-16
-12
-10
-9
-9
-10
-10
-11
-11
-10
-9
-6
-3
-1
1
1
1
1
0
0
0
2
5
7
9
9
10
10
10
8
9
8
10
11
12
15
17
17
16
16
15
14
14
13
14
15
17
18
20
19
20
18
15
14
14
13
13
17
17
19
19
17
17
16
12
10
9
9
9
9
11
12
11
11
8
7
5
4
4
3
1
1
2
1
1
0
-1
-1
-3
-5
-5
-5
-4
-3
-4
-4
-5
-6
-7
-8
-8
-10
-12
-10
-11
-12
-10
-11
-11
-11
-12
-12
-12
-12
-13
-12
-11
-11
-11
-11
-12
-12
-13
-13
-13
-13
-14
-12
-10
-10
-9
-9
-9
-9
-9
-8
-9
-9
-9
-9
-8
-7
-5
-5
-4
-3
-4
-4
-4
-3
-1
-2
-1
0
1
2
3
2
2
2
1
1
3
2
3
3
6
7
6
6
6
7
7
7
7
7
9
10
9
9
8
9
8
9
9
12
12
11
12
12
12
10
9
9
8
8
8
10
12
12
9
8
9
8
8
6
6
9
9
10
10
10
10
8
7
5
6
5
5
5
5
6
8
7
6
5
3
3
2
3
2
2
1
2
1
3
0
-1
0
-1
-1
-1
-1
1
1
1
-1
0
-1
-2
-4
-5
-5
-3
-3
-3
-4
-4
-2
-4
-4
-5
-6
-7
-6
-7
-6
-7
-7
-6
-6
-6
-8
-8
-8
-7
-7
-7
-6
-6
-5
-6
-5
-6
-5
-5
-6
-7
-6
-4
-3
-3
-2
-1
-2
-1
-2
-3
-2
-1
-2
0
1
2
3
2
1
0
-1
-1
-1
-1
0
2
3
4
5
4
1
1
-1
-1
-2
-1
0
2
1
2
2
2
0
-1
-2
-2
-2
-2
0
1
1
0
-1
-1
-3
-2
-4
-3
-2
0
-1
1
0
0
1
-2
-2
-2
-4
-2
-1
0
1
3
2
3
-1
-3
-3
-4
-4
-2
0
1
4
4
3
2
-2
-3
-5
-6
-4
-2
-1
0
2
2
2
-1
-3
-5
-7
-6
-6
-5
-2
-2
-1
-2
-3
-5
-6
-7
-8
-8
-8
-7
-4
-3
-4
-6
-7
-8
-9
-9
-10
-8
-7
-6
-6
-4
-4
-5
-7
-8
-8
-8
-4
-6
-4
-3
-3
-3
-3
-4
-3
-2
-2
-1
1
5
7
7
6
5
6
7
7
7
9
10
12
14
14
16
16
13
13
13
14
15
15
17
17
17
16
15
14
13
10
9
10
11
12
13
12
12
12
10
9
7
7
4
2
3
5
6
6
4
3
2
0
-2
-3
-3
-3
-3
-2
-1
-1
-1
-4
-7
-8
-8
-8
-9
-6
-5
-5
-5
-4
-4
-5
-7
-8
-8
-6
-5
-4
-3
-2
-3
-5
-5
-5
-6
-7
-7
-6
-5
-2
-3
-4
-3
-4
-8
-9
-8
-8
-8
-7
-7
-4
-4
-6
-7
-7
-7
-9
-9
-8
-7
-6
-6
-5
-4
-4
-6
-8
-6
-8
-6
-7
-7
-5
-4
-4
-3
-2
0
-2
-3
-1
0
0
2
1
2
4
5
5
6
8
9
9
10
12
13
13
13
15
15
16
16
17
20
19
20
21
21
22
20
20
21
21
21
21
20
22
22
21
21
19
19
18
16
16
16
16
16
14
14
14
12
10
9
7
6
4
2
3
3
2
3
0
0
-2
-6
-7
-8
-9
-9
-11
-10
-10
-11
-12
-13
-15
-16
-17
-17
-19
-18
-18
-19
-18
-18
-19
-19
-21
-22
-22
-22
-22
-22
-22
-23
-24
-24
-23
-24
-24
-24
-24
-25
-26
-25
-24
-25
-24
-24
-24
-23
-23
-23
-22
-22
-22
-20
-18
-18
-16
-16
-15
-14
-14
-12
-11
-12
-10
-9
-10
-9
-8
-6
-4
-3
-1
0
2
2
2
4
5
6
8
8
9
10
11
12
12
13
14
16
15
18
19
18
19
19
19
20
20
21
21
20
20
21
20
20
19
20
20
21
21
20
20
20
19
19
18
18
19
18
18
18
18
17
15
14
13
14
12
12
11
10
9
8
8
8
7
6
5
4
3
1
0
0
0
-2
-4
-4
-6
-7
-6
-9
-8
-10
-10
-10
-11
-13
-14
-15
-15
-16
-15
-16
-16
-15
-16
-16
-16
-16
-17
-18
-17
-16
-16
-15
-15
-15
-15
-15
-16
-16
-15
-14
-14
-14
-12
-11
-12
-11
-11
-12
-11
-10
-10
-6
-4
-4
-4
-2
-1
-1
-1
-1
-1
0
1
3
6
7
8
7
7
8
7
7
10
11
12
14
15
17
18
17
15
16
16
17
18
20
21
22
21
22
20
20
20
19
19
21
22
24
24
23
22
21
20
18
18
17
17
17
18
18
19
18
17
15
14
12
11
11
11
9
8
7
5
5
4
3
0
1
0
1
0
-1
0
-1
-3
-7
-9
-11
-13
-15
-17
-17
-17
-16
-16
-17
-18
-18
-20
-21
-21
-23
-24
-24
-25
-25
-25
-26
-26
-27
-26
-26
-27
-26
-25
-23
-23
-24
-22
-21
-19
-20
-21
-20
-20
-21
-19
-18
-17
-17
-16
-15
-13
-12
-12
-10
-8
-7
-5
-5
-5
-5
-3
-3
-2
-2
-1
-1
-1
0
1
2
3
4
5
6
7
7
8
7
7
7
8
9
10
10
10
11
13
14
14
14
13
14
15
15
14
13
13
14
14
13
14
14
15
14
14
13
14
15
15
13
12
11
12
11
10
10
10
10
9
9
8
7
9
9
9
9
9
9
9
6
5
4
4
4
3
3
3
2
2
1
3
2
1
1
1
1
0
0
-2
-3
-2
-4
-5
-3
-5
-5
-4
-6
-4
-5
-5
-4
-6
-7
-7
-7
-8
-9
-9
-10
-9
-9
-9
-9
-10
-9
-10
-9
-10
-10
-8
-9
-9
-8
-8
-9
-9
-9
-7
-8
-8
-8
-8
-6
-6
-6
-7
-5
-5
-6
-6
-6
-7
-6
-6
-6
-4
-3
-4
-4
-4
-3
-3
-1
0
-2
-1
-1
1
1
0
1
1
3
1
2
3
3
3
3
4
5
5
6
6
5
6
6
6
7
7
7
5
7
7
7
8
8
7
8
8
8
8
8
7
7
7
8
8
8
7
7
7
6
5
6
7
7
7
6
6
8
8
8
7
5
5
3
4
4
4
5
5
4
3
3
2
2
1
1
0
1
0
0
-1
-2
-3
-3
-3
-2
-3
-2
-3
-3
-4
-4
-4
-4
-3
-5
-5
-5
-5
-6
-6
-6
-5
-6
-5
-5
-5
-5
-7
-7
-7
-7
-7
-7
-6
-7
-6
-6
-7
