-1
-1
-1
-1
0
-1
-2
-1
-1
0
0
0
0
-1
-1
0
-2
-1
-1
0
0
0
1
0
0
0
1
0
-1
0
-1
0
0
0
0
0
0
0
-1
0
-1
-1
-1
-1
-1
0
-1
-1
0
0
-1
-1
0
0
-1
-1
-1
-1
-1
0
0
-1
-2
0
-2
-2
-2
-2
-3
-2
-2
-1
-1
-2
-1
-1
-1
-1
-1
-2
-1
-1
0
0
1
2
0
1
1
1
1
1
1
1
2
3
3
3
3
3
2
2
2
2
1
2
2
2
2
2
3
3
2
2
2
1
0
2
1
2
2
1
1
2
2
3
3
3
2
2
2
1
0
1
0
0
0
1
1
1
0
-1
-2
-3
-3
-3
-4
-3
-4
-5
-6
-4
-5
-5
-6
-6
-5
-6
-6
-6
-7
-6
-4
-4
-3
-2
-1
-1
-1
-1
1
1
2
2
6
7
8
11
12
13
15
18
20
20
22
23
24
24
26
27
28
27
28
29
29
28
30
30
28
30
28
27
26
24
23
23
22
20
19
18
17
14
11
9
6
3
1
1
-1
-1
-2
-3
-5
-6
-9
-13
-13
-12
-14
-16
-15
-16
-18
-20
-21
-22
-23
-23
-25
-27
-29
-30
-33
-36
-37
-39
-40
-42
-42
-44
-49
-53
-56
-61
-66
-67
-72
-75
-72
-64
-54
-46
-40
-38
-46
-51
-47
-45
-46
-43
-30
-23
-19
-8
-1
-3
2
25
39
38
46
60
54
48
60
63
51
50
64
62
50
53
63
58
57
68
68
60
60
67
60
44
35
26
14
6
4
-3
-14
-18
-15
-17
-21
-26
-30
-35
-40
-43
-47
-53
-56
-56
-55
-57
-58
-60
-58
-55
-54
-52
-47
-40
-31
-23
-19
-17
-11
0
9
16
21
30
40
53
61
67
70
76
82
86
93
101
106
110
114
119
116
115
117
121
122
120
115
107
100
94
88
77
69
68
64
55
48
38
28
20
12
-2
-13
-20
-27
-36
-44
-54
-65
-74
-80
-86
-95
-102
-111
-118
-124
-126
-131
-138
-146
-149
-150
-160
-170
-181
-189
-192
-194
-197
-203
-204
-206
-202
-186
-159
-133
-118
-117
-117
-115
-113
-111
-107
-90
-69
-52
-35
-16
-13
-10
17
57
82
98
118
122
113
117
131
122
106
110
118
103
91
105
109
101
108
121
109
91
93
100
86
63
48
27
11
8
9
-8
-32
-40
-38
-39
-40
-39
-47
-58
-61
-60
-63
-68
-70
-68
-65
-64
-62
-57
-43
-26
-10
-1
12
29
53
77
96
108
118
128
145
163
175
188
207
230
250
268
277
275
275
286
293
289
291
292
282
271
268
257
235
214
204
191
168
149
130
110
94
76
50
19
-4
-27
-50
-78
-102
-123
-143
-164
-182
-193
-206
-223
-244
-260
-275
-293
-306
-314
-321
-330
-337
-343
-347
-347
-350
-351
-353
-354
-353
-343
-320
-294
-269
-241
-219
-206
-198
-182
-168
-159
-140
-107
-77
-55
-27
-2
13
36
76
109
124
139
162
171
172
178
184
179
180
187
184
170
165
168
163
160
160
157
148
145
144
131
108
89
68
51
38
24
5
-9
-15
-23
-34
-40
-46
-55
-64
-74
-89
-101
-108
-114
-119
-117
-112
-111
-106
-89
-72
-62
-53
-38
-24
-10
9
32
50
71
104
131
145
160
178
192
204
229
254
270
287
314
326
322
325
332
330
327
328
321
302
280
264
250
239
230
217
197
175
157
133
103
77
52
25
-2
-27
-51
-76
-103
-134
-161
-182
-199
-214
-228
-240
-253
-270
-281
-294
-312
-327
-339
-357
-373
-377
-379
-393
-408
-415
-416
-415
-390
-350
-320
-298
-277
-266
-274
-273
-253
-241
-232
-204
-165
-144
-130
-103
-74
-51
-18
34
76
94
111
130
132
128
136
145
133
126
139
146
137
134
146
152
147
150
160
156
144
139
131
108
83
73
67
52
40
35
23
7
5
13
6
-9
-17
-17
-25
-40
-45
-46
-56
-60
-54
-51
-54
-47
-34
-28
-16
7
30
44
59
87
114
130
147
174
197
216
234
246
254
270
290
309
323
342
363
374
383
392
393
386
377
368
351
325
296
270
245
224
207
192
177
164
144
113
84
61
35
7
-23
-55
-90
-122
-154
-178
-198
-215
-231
-249
-262
-272
-283
-295
-308
-319
-334
-350
-361
-368
-378
-386
-387
-391
-404
-415
-416
-419
-413
-382
-342
-307
-282
-259
-251
-260
-264
-250
-238
-230
-196
-147
-118
-106
-83
-54
-31
6
64
101
101
105
121
117
106
119
133
122
112
122
125
106
104
122
124
112
118
131
122
110
112
103
72
47
43
36
21
17
11
-5
-19
-9
2
-3
-11
-12
-19
-31
-36
-37
-42
-51
-45
-36
-34
-25
-11
6
19
39
63
80
101
127
155
179
206
228
235
240
258
276
285
299
328
354
373
396
411
407
398
400
401
391
381
365
331
291
264
245
216
194
182
167
143
115
96
73
44
13
-21
-57
-90
-122
-152
-179
-205
-230
-251
-272
-279
-278
-283
-299
-311
-315
-322
-336
-344
-353
-374
-389
-396
-402
-410
-421
-430
-439
-439
-414
-386
-355
-321
-285
-267
-281
-290
-277
-273
-281
-259
-211
-182
-170
-142
-105
-97
-75
-12
40
56
71
101
105
91
102
125
114
92
102
117
95
80
100
113
99
98
119
112
87
80
81
58
24
11
11
-5
-17
-8
-3
-17
-16
3
10
-4
-8
1
-9
-18
-15
-10
-3
1
27
55
77
100
125
162
192
223
255
294
330
362
400
439
465
485
501
511
508
503
497
485
465
448
439
422
406
388
367
342
319
296
262
222
180
141
99
61
29
5
-12
-29
-47
-70
-90
-107
-130
-157
-180
-204
-232
-263
-299
-327
-351
-373
-396
-416
-431
-446
-453
-457
-469
-479
-472
-462
-469
-478
-472
-458
-445
-428
-417
-421
-420
-386
-314
-212
-86
66
200
283
336
383
406
388
365
366
357
303
228
152
63
-28
-85
-119
-175
-228
-259
-295
-366
-430
-451
-464
-489
-494
-472
-452
-415
-339
-254
-190
-122
-30
57
119
163
200
204
166
123
80
26
-39
-92
-129
-168
-198
-199
-182
-165
-143
-106
-79
-56
-20
27
71
112
171
246
326
412
506
594
667
719
752
767
763
743
701
646
596
580
579
557
513
483
450
390
309
227
172
122
86
59
40
29
33
59
77
86
100
124
123
82
53
40
8
-26
-25
-32
-62
-76
-78
-109
-148
-165
-181
-210
-238
-258
-273
-290
-312
-324
-325
-322
-316
-309
-301
-305
-308
-311
-319
-341
-365
-382
-405
-414
-416
-427
-454
-484
-518
-533
-484
-380
-225
-36
153
272
316
335
341
305
229
192
209
215
159
85
46
14
-43
-104
-157
-228
-318
-377
-428
-509
-562
-523
-465
-436
-373
-276
-193
-122
-31
44
72
92
129
155
151
143
134
119
86
42
-3
-58
-124
-189
-248
-308
-345
-349
-333
-302
-232
-129
-39
37
120
204
268
323
383
439
489
550
621
681
740
792
826
837
819
780
712
639
575
545
546
564
587
598
601
575
516
441
370
317
281
256
235
218
206
200
211
228
224
207
171
113
41
-25
-92
-161
-203
-217
-228
-254
-279
-289
-287
-287
-303
-327
-358
-379
-386
-410
-447
-478
-488
-492
-507
-529
-543
-555
-564
-576
-611
-657
-678
-672
-661
-672
-697
-726
-765
-764
-693
-506
-203
126
351
416
434
459
415
252
123
174
280
297
227
169
124
47
-24
-106
-232
-370
-427
-431
-479
-517
-461
-368
-313
-237
-150
-139
-163
-107
8
72
95
154
254
318
346
348
290
165
30
-79
-200
-318
-375
-380
-372
-344
-258
-164
-99
-51
-9
4
-14
-3
30
64
130
271
439
566
667
762
827
826
769
689
591
505
454
433
415
425
488
560
594
608
676
785
817
737
622
540
447
317
208
196
303
442
525
519
450
360
258
141
14
-98
-164
-176
-172
-159
-130
-110
-123
-123
-113
-171
-279
-346
-348
-320
-297
-280
-274
-261
-259
-288
-355
-462
-565
-651
-708
-719
-692
-671
-676
-698
-734
-765
-814
-861
-890
-914
-926
-899
-790
-604
-336
28
382
572
546
449
372
253
90
3
120
321
434
440
388
286
103
-96
-282
-468
-605
-634
-561
-478
-376
-220
-81
-18
4
11
-24
-66
-39
61
174
267
366
460
500
437
298
123
-73
-244
-358
-409
-400
-335
-253
-213
-209
-214
-231
-278
-309
-282
-219
-119
44
238
406
537
646
714
703
622
546
500
478
475
510
579
633
660
659
628
561
479
414
371
394
553
781
912
899
855
804
677
476
318
307
399
519
582
573
499
396
294
155
-19
-185
-278
-304
-308
-261
-206
-181
-171
-152
-172
-285
-406
-467
-475
-443
-372
-287
-227
-179
-154
-193
-307
-472
-626
-749
-845
-882
-854
-830
-864
-889
-859
-823
-859
-953
-1017
-1037
-1020
-920
-603
-72
411
574
474
386
346
160
-99
-87
265
616
727
655
498
260
-46
-299
-480
-657
-758
-667
-464
-305
-197
-110
-116
-194
-255
-312
-415
-429
-209
130
373
499
598
632
511
274
28
-186
-373
-472
-431
-299
-149
-39
-25
-140
-315
-454
-538
-562
-498
-319
-85
164
409
572
597
525
470
446
414
410
487
641
787
890
950
932
819
643
448
297
232
265
351
453
617
850
1071
1124
971
733
524
358
236
212
336
571
807
929
855
604
275
2
-175
-250
-239
-159
-32
84
160
121
-33
-237
-414
-512
-561
-536
-429
-240
-38
103
136
31
-151
-341
-480
-571
-631
-646
-626
-578
-533
-535
-629
-803
-977
-1092
-1152
-1163
-1107
-991
-869
-797
-760
-622
-254
180
380
252
78
64
76
-20
-35
219
562
738
686
439
18
-416
-605
-549
-510
-552
-501
-308
-162
-179
-302
-443
-545
-535
-431
-328
-202
75
432
631
605
488
383
241
63
-44
-56
-26
5
57
80
16
-120
-286
-466
-648
-741
-671
-459
-182
73
251
351
394
375
280
160
130
253
469
685
863
995
1042
975
822
654
516
420
374
389
480
601
680
690
692
745
773
714
597
523
509
517
557
628
736
817
854
786
589
337
143
92
119
162
176
157
93
-25
-153
-290
-398
-443
-396
-320
-279
-254
-230
-215
-234
-262
-275
-302
-341
-353
-318
-273
-283
-366
-478
-592
-685
-780
-892
-1001
-1043
-1007
-955
-939
-978
-1011
-1051
-1081
-1047
-825
-374
105
371
312
139
6
-68
-107
-48
216
552
786
760
486
50
-362
-534
-504
-429
-427
-383
-236
-128
-171
-349
-532
-666
-693
-599
-443
-236
22
323
515
501
366
225
131
43
0
31
86
119
118
88
-21
-213
-415
-581
-677
-671
-528
-290
-66
87
162
176
132
67
33
66
195
411
676
893
1004
1029
977
865
716
608
581
617
680
734
781
792
773
744
734
721
660
572
493
469
485
530
602
683
731
710
649
546
416
305
289
374
461
454
348
195
35
-124
-266
-344
-352
-305
-253
-225
-236
-287
-355
-434
-490
-481
-409
-330
-299
-291
-284
-301
-383
-515
-618
-657
-649
-629
-625
-655
-709
-765
-824
-902
-997
-1079
-1120
-1109
-1004
-717
-279
116
255
136
-81
-274
-399
-392
-158
244
639
875
849
547
54
-361
-493
-371
-207
-139
-107
-90
-123
-242
-404
-565
-731
-826
-786
-603
-353
-91
136
226
146
-16
-137
-189
-180
-84
76
203
234
205
178
116
-21
-210
-383
-485
-473
-319
-99
64
105
84
60
17
-44
-70
-11
126
307
503
672
759
756
723
713
703
701
757
883
1044
1161
1226
1214
1144
1045
938
865
796
773
776
796
799
751
690
590
476
355
285
287
309
342
355
356
304
185
43
-89
-166
-209
-210
-172
-120
-83
-98
-138
-199
-267
-336
-405
-438
-411
-330
-260
-260
-324
-417
-502
-582
-633
-631
-597
-538
-461
-401
-434
-567
-698
-764
-785
-787
-753
-671
-568
-499
-469
-406
-331
-312
-380
-471
-504
-497
-436
-340
-250
-176
-128
-94
-147
-292
-435
-472
-368
-198
-58
-21
-93
-211
-291
-288
-229
-173
-151
-139
-105
-69
-35
-3
25
38
12
-30
-64
-79
-79
-72
-46
-34
-34
-51
-74
-99
-124
-114
-70
-13
31
72
120
149
170
210
283
335
350
350
334
311
291
318
374
401
405
421
458
489
506
527
546
553
561
599
672
759
831
874
892
898
895
895
890
890
909
924
914
870
831
821
804
750
669
592
502
401
309
231
142
28
-62
-123
-166
-213
-262
-297
-328
-342
-346
-364
-417
-463
-449
-412
-414
-477
-556
-612
-639
-636
-617
-614
-651
-691
-696
-719
-808
-939
-1028
-1044
-1016
-959
-907
-839
-726
-608
-554
-602
-663
-672
-636
-553
-439
-310
-205
-115
-26
10
-25
-110
-153
-98
40
180
231
187
89
16
6
8
4
1
24
53
54
50
43
31
11
-8
-16
-40
-59
-69
-69
-80
-128
-178
-220
-243
-261
-267
-254
-262
-284
-277
-208
-126
-95
-108
-100
-21
104
214
264
265
247
237
252
283
315
337
360
405
483
572
624
615
575
560
603
684
763
829
901
987
1054
1077
1065
1032
1005
1004
1041
1084
1095
1086
1064
1034
989
928
835
710
597
511
439
343
226
108
-12
-118
-222
-329
-428
-498
-514
-511
-509
-521
-551
-579
-603
-599
-585
-574
-581
-608
-631
-651
-639
-615
-608
-626
-661
-684
-739
-822
-911
-965
-973
-972
-906
-762
-617
-553
-589
-628
-656
-668
-626
-549
-453
-350
-189
-20
46
-14
-111
-120
-35
74
142
155
144
128
132
136
96
13
-63
-68
-42
-27
-30
-48
-74
-98
-90
-62
-60
-99
-148
-171
-170
-179
-217
-261
-294
-305
-300
-276
-264
-283
-286
-249
-191
-165
-181
-183
-148
-73
32
136
199
204
198
231
279
296
279
291
366
475
594
680
716
699
692
720
746
753
767
837
940
1037
1106
1124
1099
1048
1019
1014
1015
1002
998
1031
1090
1119
1062
947
819
715
639
579
515
430
355
296
226
105
-55
-211
-337
-417
-460
-473
-491
-519
-543
-581
-638
-712
-758
-752
-723
-701
-699
-706
-706
-693
-659
-644
-676
-739
-797
-804
-803
-822
-862
-860
-762
-628
-539
-558
-620
-662
-661
-603
-543
-498
-468
-388
-255
-163
-162
-220
-243
-189
-63
64
103
58
15
49
114
134
86
15
-21
-34
-40
-45
-70
-110
-157
-168
-141
-108
-101
-126
-159
-212
-274
-325
-347
-342
-335
-322
-321
-325
-337
-340
-310
-275
-249
-262
-257
-199
-102
13
74
106
133
175
245
294
330
336
341
376
449
565
660
712
710
714
774
826
836
815
832
909
1001
1085
1121
1123
1113
1115
1116
1081
1033
997
1014
1068
1112
1107
1024
910
789
702
653
591
505
412
361
325
249
128
-27
-161
-263
-333
-382
-424
-447
-454
-472
-520
-589
-653
-688
-692
-686
-701
-732
-756
-751
-724
-696
-704
-803
-886
-937
-919
-878
-868
-793
-672
-547
-540
-646
-741
-773
-719
-577
-389
-235
-150
-114
-129
-207
-309
-338
-245
-61
121
183
94
-69
-144
-103
-23
27
10
-45
-131
-228
-328
-410
-439
-419
-353
-282
-234
-227
-269
-337
-407
-447
-453
-427
-351
-259
-181
-166
-221
-294
-360
-359
-298
-215
-173
-181
-177
-153
-94
-46
-6
29
56
127
217
289
304
295
335
426
569
714
815
867
901
961
1004
1024
1026
1027
1049
1077
1118
1141
1140
1153
1172
1176
1116
1000
856
746
724
748
767
758
737
717
661
572
449
322
261
266
312
341
323
260
166
59
-56
-165
-260
-322
-332
-333
-355
-421
-483
-525
-556
-579
-643
-732
-845
-930
-945
-907
-847
-837
-858
-898
-915
-839
-650
-423
-297
-268
-271
-270
-319
-426
-472
-401
-149
200
506
601
385
49
-246
-381
-375
-311
-202
-132
-65
-59
-166
-354
-594
-724
-744
-708
-696
-753
-765
-736
-631
-486
-353
-248
-243
-286
-387
-501
-582
-576
-409
-180
30
114
61
-81
-285
-423
-469
-431
-364
-313
-236
-177
-153
-172
-204
-213
-224
-201
-138
-53
17
81
211
402
629
845
1027
1149
1166
1115
1050
999
983
1016
1130
1281
1402
1443
1375
1216
1001
810
691
633
629
632
644
640
603
549
481
426
361
300
254
219
220
261
361
476
571
647
659
613
492
334
186
63
4
3
35
39
-4
-91
-226
-382
-549
-694
-797
-855
-880
-883
-871
-862
-868
-891
-946
-1024
-1006
-805
-417
-91
43
29
-30
-90
-214
-268
-189
29
315
528
572
321
-56
-327
-396
-309
-280
-336
-472
-652
-778
-833
-777
-716
-665
-635
-717
-906
-1115
-1126
-939
-699
-465
-256
-88
-55
-99
-107
-108
-117
-158
-190
-251
-336
-341
-260
-165
-196
-293
-380
-486
-593
-664
-634
-570
-511
-447
-398
-370
-347
-225
-31
107
152
169
239
340
505
756
1020
1188
1237
1242
1197
1099
1003
984
1011
1008
984
959
909
830
772
774
772
702
588
483
411
373
394
463
532
582
617
641
619
568
548
581
628
654
671
676
655
622
591
527
407
251
128
53
-1
-66
-145
-234
-339
-443
-520
-570
-586
-586
-597
-648
-727
-787
-823
-839
-882
-829
-610
-254
52
148
144
101
68
-77
-241
-272
-167
58
222
263
105
-137
-240
-227
-213
-348
-532
-658
-770
-831
-825
-726
-634
-581
-526
-560
-687
-800
-732
-566
-523
-576
-558
-416
-265
-151
-33
15
-39
-132
-198
-267
-390
-448
-432
-457
-578
-680
-634
-542
-485
-452
-429
-437
-492
-515
-501
-492
-432
-280
-92
19
79
212
404
573
691
772
815
805
809
846
856
822
786
804
812
793
774
768
749
697
658
603
533
474
461
476
469
491
554
630
678
685
685
656
633
632
636
629
608
639
693
731
732
689
611
475
340
224
126
45
-15
-41
-79
-131
-163
-166
-177
-229
-291
-348
-410
-470
-526
-578
-655
-689
-537
-197
141
254
230
206
198
84
-110
-191
-151
-34
54
96
29
-137
-212
-174
-170
-328
-511
-583
-656
-794
-902
-886
-839
-788
-666
-574
-618
-708
-628
-470
-473
-598
-651
-571
-466
-353
-211
-135
-158
-183
-171
-215
-333
-412
-437
-518
-649
-726
-696
-632
-564
-485
-465
-498
-513
-463
-410
-409
-380
-308
-233
-170
-69
87
233
359
477
590
688
747
778
753
692
642
606
585
544
489
441
411
419
428
431
434
423
393
338
307
285
275
289
336
401
434
466
517
573
614
647
687
696
690
688
687
662
584
505
438
398
361
321
285
231
178
116
56
4
-39
-74
-120
-168
-222
-259
-268
-268
-280
-244
-57
223
413
421
394
444
476
388
272
261
335
370
356
283
126
-46
-119
-92
-145
-254
-318
-366
-511
-718
-803
-826
-874
-881
-825
-811
-876
-837
-657
-540
-540
-534
-464
-424
-438
-395
-330
-325
-371
-406
-411
-425
-413
-372
-386
-477
-592
-654
-679
-714
-742
-764
-754
-697
-596
-491
-431
-382
-324
-278
-253
-219
-132
3
145
275
392
500
589
642
646
610
592
596
589
541
455
370
306
278
264
243
221
214
220
195
147
106
97
104
114
137
162
196
235
287
350
420
488
526
548
577
617
646
628
567
501
457
422
351
267
214
198
163
102
68
81
107
102
55
-1
-43
-82
-147
-246
-317
-205
103
435
617
668
772
899
912
762
634
649
679
648
576
509
422
325
302
260
126
-22
-105
-193
-402
-594
-675
-734
-812
-832
-775
-769
-798
-739
-630
-595
-639
-645
-580
-512
-441
-352
-286
-281
-320
-356
-405
-478
-539
-581
-634
-725
-802
-808
-766
-726
-725
-745
-757
-739
-692
-657
-636
-594
-515
-428
-356
-271
-132
45
196
299
381
478
578
636
634
615
611
612
593
547
457
344
240
169
133
106
98
85
47
-7
-49
-54
-52
-44
-42
-54
-49
-45
-29
1
73
169
241
308
371
440
481
486
468
419
374
312
239
159
102
98
73
40
26
62
122
142
117
43
-9
-33
-47
-85
-155
-95
109
349
486
566
754
955
1021
923
896
994
1030
963
826
702
558
455
454
422
333
249
229
160
-45
-212
-301
-378
-485
-584
-647
-742
-787
-708
-586
-539
-554
-502
-392
-317
-290
-254
-214
-223
-264
-294
-332
-390
-432
-461
-534
-653
-725
-737
-767
-818
-845
-844
-835
-792
-715
-648
-605
-551
-486
-445
-403
-284
-100
44
103
155
279
432
534
577
590
577
554
537
498
414
324
267
219
143
68
34
-8
-85
-156
-200
-248
-303
-309
-271
-246
-226
-181
-113
-71
-53
-14
33
73
89
113
163
214
263
279
270
230
172
119
53
3
-56
-117
-171
-212
-212
-202
-175
-145
-103
-65
-59
-60
-41
67
258
432
526
591
756
947
1016
975
971
1066
1129
1156
1151
1081
931
771
688
578
449
380
371
306
135
21
4
-17
-101
-204
-278
-367
-442
-435
-399
-416
-441
-359
-244
-206
-198
-122
-27
-17
-62
-107
-163
-245
-322
-383
-473
-567
-621
-654
-697
-737
-740
-742
-774
-790
-752
-688
-638
-597
-549
-493
-402
-260
-102
-3
55
147
265
344
375
407
459
485
457
395
347
322
300
272
215
125
22
-54
-107
-170
-229
-248
-251
-302
-384
-421
-406
-387
-387
-379
-349
-317
-268
-193
-116
-64
-25
17
29
1
-33
-41
-60
-127
-195
-226
-221
-210
-228
-261
-304
-314
-298
-311
-340
-368
-357
-329
-257
-94
133
326
424
501
606
710
780
852
964
1074
1140
1169
1159
1110
1052
1004
930
804
683
607
524
397
292
252
226
169
109
79
41
-26
-71
-97
-143
-193
-185
-132
-110
-104
-60
21
79
106
127
118
71
17
-38
-127
-262
-378
-445
-495
-566
-643
-676
-670
-652
-647
-651
-641
-612
-545
-455
-347
-242
-155
-69
31
137
226
284
337
376
396
414
428
412
361
309
268
223
166
101
23
-50
-91
-121
-168
-227
-266
-283
-315
-360
-403
-427
-436
-437
-428
-412
-379
-344
-316
-286
-250
-206
-184
-180
-187
-203
-228
-276
-332
-386
-431
-466
-504
-545
-575
-564
-531
-530
-558
-601
-598
-499
-302
-80
52
133
240
393
504
551
603
683
766
854
962
1019
976
897
857
823
756
710
696
613
470
364
333
292
224
196
192
161
119
133
176
171
147
161
186
165
130
148
192
205
194
186
165
128
110
100
46
-40
-94
-108
-139
-228
-335
-429
-501
-555
-585
-584
-568
-526
-448
-332
-199
-79
21
99
172
238
298
343
364
369
384
414
428
429
441
446
401
321
249
177
77
-17
-75
-134
-220
-281
-299
-312
-333
-343
-333
-328
-320
-299
-280
-284
-314
-338
-338
-324
-295
-274
-282
-300
-300
-279
-278
-319
-368
-417
-468
-527
-593
-663
-729
-768
-783
-783
-788
-783
-703
-526
-324
-209
-144
-36
119
228
270
329
446
567
647
701
729
711
676
643
602
543
505
484
409
302
243
247
226
147
78
35
-1
-16
11
39
50
80
161
257
317
351
394
436
449
432
399
364
339
318
274
194
105
51
23
-12
-68
-132
-182
-227
-278
-331
-376
-404
-419
-411
-348
-240
-119
-8
95
205
310
406
483
545
567
567
576
565
517
466
442
398
321
274
260
215
122
28
-35
-97
-166
-220
-273
-333
-367
-355
-343
-357
-363
-340
-293
-251
-214
-171
-146
-140
-144
-152
-166
-192
-227
-284
-363
-432
-476
-501
-534
-583
-641
-693
-746
-792
-844
-897
-901
-829
-691
-560
-459
-347
-188
-28
64
123
220
351
448
493
507
478
419
376
359
337
302
273
212
111
33
24
31
-25
-99
-144
-166
-176
-172
-150
-129
-106
-53
25
92
141
204
293
374
414
422
427
449
485
507
478
401
323
264
212
140
50
-31
-96
-148
-183
-189
-178
-159
-128
-70
3
74
140
213
300
362
421
496
574
616
629
666
699
689
660
641
617
557
489
414
309
196
106
46
-26
-99
-139
-174
-226
-272
-293
-299
-311
-327
-333
-312
-272
-237
-214
-195
-163
-124
-98
-85
-75
-58
-43
-46
-92
-174
-262
-326
-392
-497
-612
-695
-741
-789
-823
-787
-663
-514
-418
-344
-239
-111
-26
11
64
154
259
337
370
349
298
275
276
252
201
163
136
56
-57
-151
-214
-276
-351
-424
-500
-554
-577
-581
-581
-562
-492
-401
-330
-280
-213
-113
-18
48
81
106
157
225
273
285
282
295
314
307
253
184
128
85
26
-62
-136
-172
-176
-169
-128
-43
57
149
249
358
446
523
604
698
772
821
877
903
873
822
790
765
714
661
617
551
464
382
307
216
124
59
-2
-90
-191
-263
-304
-333
-349
-358
-361
-353
-328
-290
-251
-206
-157
-132
-131
-123
-98
-80
-89
-116
-146
-177
-203
-230
-271
-335
-409
-477
-554
-596
-561
-438
-329
-266
-193
-77
38
83
129
222
338
435
498
538
502
429
381
350
319
270
233
170
66
-21
-78
-125
-207
-295
-375
-467
-541
-570
-580
-635
-719
-748
-717
-686
-681
-651
-585
-507
-437
-374
-297
-210
-123
-63
-48
-62
-70
-45
-24
-41
-78
-111
-130
-159
-193
-215
-213
-184
-135
-81
-36
21
117
213
270
305
376
482
585
671
731
764
793
826
845
839
829
825
789
708
621
571
534
482
413
335
250
166
93
16
-62
-115
-152
-199
-251
-278
-274
-265
-259
-253
-247
-247
-228
-186
-165
-187
-205
-186
-167
-185
-203
-205
-215
-254
-314
-369
-363
-255
-91
-1
12
69
211
319
319
322
406
499
536
553
574
553
500
465
442
408
383
400
385
290
195
156
132
71
17
-26
-94
-172
-218
-255
-332
-409
-438
-453
-497
-546
-549
-515
-487
-483
-494
-507
-516
-512
-502
-506
-518
-526
-519
-519
-514
-496
-475
-465
-465
-450
-426
-393
-336
-263
-203
-170
-122
-46
36
103
158
228
300
353
389
422
458
486
499
498
491
486
490
494
480
449
420
393
368
334
302
266
214
146
85
45
20
-4
-33
-67
-96
-109
-109
-111
-127
-150
-165
-176
-205
-266
-329
-362
-374
-390
-425
-446
-437
-413
-416
-428
-370
-207
-9
100
145
239
387
489
504
522
597
690
742
743
719
671
630
599
547
492
470
483
439
332
260
262
280
249
193
134
78
50
58
57
3
-41
-33
-17
-35
-54
-27
6
-4
-50
-108
-162
-211
-264
-344
-454
-549
-604
-645
-697
-732
-737
-737
-743
-729
-689
-642
-579
-486
-389
-333
-290
-211
-122
-62
-20
40
111
167
207
239
254
254
256
255
234
202
189
182
154
113
77
48
13
-15
-23
-49
-89
-115
-116
-120
-136
-138
-123
-103
-87
-62
-29
-18
-17
-22
-35
-70
-124
-183
-264
-351
-424
-468
-506
-560
-596
-603
-609
-595
-509
-324
-126
10
110
222
342
406
453
544
656
741
775
788
781
753
740
729
691
627
588
567
489
383
310
288
258
201
157
115
73
60
79
84
65
88
163
239
279
307
352
390
406
399
373
316
246
174
74
-55
-168
-233
-288
-372
-452
-504
-527
-542
-549
-541
-529
-489
-424
-351
-290
-222
-127
-43
10
45
102
181
248
295
320
332
342
339
318
273
234
197
133
46
-43
-108
-169
-235
-291
-337
-362
-385
-407
-426
-435
-421
-390
-352
-335
-314
-272
-233
-220
-233
-248
-250
-257
-280
-331
-393
-451
-498
-538
-586
-621
-641
-672
-734
-763
-682
-504
-329
-220
-139
-28
109
212
274
346
454
560
615
637
662
690
706
687
661
640
625
596
520
405
283
212
182
142
76
-7
-59
-53
-22
8
28
77
151
229
310
378
435
468
482
477
452
425
379
305
209
114
39
-28
-86
-122
-149
-187
-231
-255
-270
-288
-286
-259
-237
-224
-189
-102
-2
72
126
184
261
345
434
492
497
489
506
527
504
447
393
334
255
162
78
4
-70
-136
-191
-244
-298
-333
-345
-349
-350
-342
-325
-310
-298
-275
-252
-249
-266
-287
-302
-306
-315
-347
-405
-484
-553
-606
-656
-711
-773
-829
-889
-919
-867
-732
-580
-480
-397
-290
-175
-107
-79
-15
104
217
272
286
312
359
412
443
448
448
458
464
414
313
210
131
66
5
-52
-116
-185
-222
-200
-145
-93
-42
25
110
205
304
388
432
445
446
448
444
423
383
331
272
218
166
116
65
24
-20
-72
-116
-138
-150
-155
-140
-110
-85
-59
-6
60
115
163
219
284
345
411
479
524
536
542
562
578
573
547
502
439
366
291
216
148
85
18
-61
-125
-158
-177
-203
-228
-226
-195
-158
-132
-118
-101
-79
-66
-69
-83
-83
-82
-95
-145
-221
-283
-339
-402
-488
-574
-637
-699
-743
-717
-594
-420
-306
-245
-186
-106
-56
-77
-99
-83
-34
0
-8
-19
-14
32
84
101
99
98
115
92
9
-86
-166
-221
-286
-341
-376
-412
-424
-400
-334
-259
-199
-133
-71
-1
80
161
221
231
220
210
214
223
218
194
139
81
41
19
6
-15
-48
-97
-138
-138
-103
-48
0
44
95
154
220
273
313
343
369
395
428
460
478
489
494
490
478
466
459
438
392
329
255
186
125
76
26
-22
-66
-93
-106
-118
-120
-114
-90
-65
-43
-24
-9
12
38
65
72
63
57
58
49
16
-39
-117
-210
-296
-360
-420
-487
-553
-561
-494
-357
-194
-57
61
159
230
241
205
190
215
264
284
267
251
254
274
285
271
229
162
86
-21
-159
-295
-405
-484
-555
-615
-646
-638
-596
-543
-484
-427
-372
-318
-274
-221
-147
-68
0
31
58
86
117
146
149
122
57
-22
-104
-183
-249
-304
-350
-395
-425
-427
-387
-289
-178
-99
-51
9
103
191
248
293
341
405
491
578
635
653
656
652
629
585
532
464
380
282
192
117
49
-12
-65
-111
-156
-197
-231
-254
-274
-280
-264
-229
-171
-108
-43
22
86
147
188
200
195
186
163
123
75
26
-35
-104
-173
-242
-323
-397
-403
-325
-194
-71
18
99
167
208
213
211
243
318
411
478
515
553
595
629
625
585
513
417
315
201
75
-52
-160
-237
-299
-366
-422
-465
-484
-494
-503
-504
-492
-457
-417
-360
-278
-182
-86
-14
35
65
93
117
111
69
2
-70
-141
-201
-243
-279
-324
-370
-413
-441
-435
-405
-368
-341
-304
-250
-195
-135
-63
29
114
186
261
335
397
433
457
476
488
487
469
442
396
328
245
157
70
-14
-104
-194
-266
-315
-352
-384
-405
-412
-399
-375
-344
-312
-287
-254
-203
-127
-39
32
86
124
139
140
127
102
51
-26
-102
-162
-208
-254
-244
-138
28
171
250
293
311
287
216
167
188
276
375
469
555
639
704
726
715
674
601
493
373
269
187
139
116
95
56
2
-64
-139
-224
-310
-381
-429
-444
-420
-360
-283
-198
-111
-36
14
31
23
6
-5
-7
-18
-35
-54
-72
-86
-106
-141
-201
-270
-340
-400
-429
-410
-344
-269
-200
-134
-67
-18
0
11
26
57
101
169
240
299
350
399
426
419
385
328
262
189
120
65
19
-18
-64
-123
-192
-267
-353
-446
-531
-594
-613
-592
-538
-480
-426
-379
-341
-309
-287
-268
-242
-217
-203
-195
-178
-154
-143
-153
-170
-201
-249
-301
-343
-308
-180
6
155
239
282
294
264
203
177
231
359
501
615
694
749
787
779
731
657
579
500
420
351
315
315
317
295
231
136
14
-107
-190
-243
-269
-268
-225
-161
-94
-27
23
41
22
-11
-40
-49
-32
14
73
110
110
61
1
-54
-120
-199
-274
-316
-320
-290
-251
-189
-95
-23
-7
-13
3
22
30
40
90
187
306
424
497
506
476
440
398
354
334
344
356
356
345
314
249
155
40
-87
-213
-317
-376
-396
-406
-419
-420
-414
-417
-446
-488
-513
-514
-505
-481
-425
-334
-258
-233
-273
-349
-434
-511
-569
-580
-552
-506
-462
-452
-424
-343
-205
-100
-64
-61
-76
-87
-101
-44
94
271
446
578
650
628
573
525
504
496
490
508
534
552
536
473
371
248
126
18
-71
-120
-106
-53
-8
0
-20
-46
-88
-136
-173
-171
-134
-73
-1
81
166
216
207
137
28
-87
-175
-222
-233
-218
-196
-179
-169
-175
-203
-250
-290
-274
-203
-114
-32
50
127
169
174
179
212
272
337
400
456
493
508
514
525
525
512
475
429
386
355
326
283
235
180
114
31
-64
-145
-192
-203
-208
-221
-224
-208
-195
-216
-256
-297
-318
-314
-285
-258
-257
-290
-342
-404
-467
-509
-525
-510
-492
-493
-510
-549
-552
-499
-421
-376
-361
-325
-287
-281
-292
-226
-59
131
286
404
470
441
355
294
294
319
338
369
417
440
410
343
279
225
171
115
53
-10
-47
-51
-48
-61
-90
-111
-129
-137
-107
-43
19
46
52
54
33
-19
-65
-88
-102
-120
-140
-147
-146
-150
-157
-172
-195
-225
-263
-285
-265
-189
-86
-15
-1
0
25
52
59
82
157
259
351
427
483
494
452
400
383
397
417
433
462
489
478
425
355
294
245
208
189
179
163
143
116
93
90
93
77
40
14
26
38
18
-19
-52
-71
-102
-153
-202
-236
-257
-273
-285
-296
-310
-334
-380
-449
-532
-593
-596
-538
-440
-348
-275
-223
-200
-208
-226
-205
-129
-19
97
194
253
249
191
135
117
129
157
210
280
328
310
236
155
82
12
-45
-67
-62
-49
-39
-38
-42
-40
-39
-39
-46
-61
-69
-75
-92
-116
-133
-138
-157
-191
-221
-240
-253
-263
-254
-243
-245
-265
-284
-299
-307
-307
-293
-264
-228
-171
-81
2
49
68
96
130
153
175
217
289
349
380
395
403
392
366
360
375
382
368
355
353
344
319
289
261
229
212
220
245
256
248
238
224
202
183
178
173
161
143
130
119
97
73
52
30
-3
-40
-54
-81
-134
-192
-226
-244
-260
-253
-239
-227
-209
-193
-191
-174
-151
-147
-143
-131
-119
-115
-106
-101
-102
-96
-87
-88
-86
-73
-64
-60
-67
-90
-122
-140
-144
-140
-134
-123
-101
-80
-67
-71
-82
-87
-95
-103
-101
-79
-58
-61
-71
-69
-63
-63
-71
-86
-109
-133
-152
-158
-165
-191
-228
-252
-261
-267
-268
-258
-236
-212
-190
-177
-173
-174
-174
-174
-173
-157
-121
-69
-20
8
28
45
52
46
40
50
70
89
107
133
167
199
222
234
239
250
276
313
338
349
364
387
402
406
422
452
476
482
479
480
485
478
453
421
382
341
301
263
223
176
142
109
69
36
12
-10
-45
-71
-78
-75
-65
-60
-62
-63
-48
-28
-18
-10
-3
-7
-12
-10
-12
-27
-44
-49
-58
-72
-78
-84
-94
-111
-128
-148
-166
-176
-182
-184
-169
-151
-143
-143
-151
-167
-179
-185
-180
-165
-146
-119
-103
-109
-121
-139
-163
-190
-213
-229
-234
-240
-240
-237
-243
-262
-281
-285
-287
-291
-288
-277
-268
-260
-243
-218
-192
-168
-146
-128
-118
-111
-108
-105
-103
-106
-103
-89
-76
-61
-40
-13
2
7
5
12
36
61
80
99
125
154
177
192
208
229
253
277
297
315
332
352
363
360
346
328
316
308
294
283
280
276
265
249
231
211
189
171
159
158
164
175
180
178
174
173
169
166
164
167
172
179
181
177
162
138
110
87
70
55
36
14
-8
-25
-37
-46
-58
-67
-73
-76
-77
-76
-72
-75
-84
-93
-99
-101
-101
-96
-92
-93
-97
-103
-116
-140
-165
-180
-191
-197
-196
-187
-182
-191
-215
-246
-272
-293
-303
-298
-286
-270
-251
-227
-207
-200
-205
-211
-221
-231
-229
-212
-187
-170
-167
-175
-189
-202
-209
-205
-196
-190
-182
-173
-162
-149
-130
-110
-93
-71
-44
-18
9
41
76
104
124
144
160
169
177
179
176
180
189
192
189
181
174
166
158
155
155
156
148
134
121
120
123
122
124
137
155
171
184
196
207
214
216
212
213
227
251
261
254
240
227
209
179
150
135
124
113
106
108
115
115
107
98
89
81
76
74
76
83
94
106
111
104
93
80
66
49
35
25
20
14
6
-3
-20
-43
-66
-87
-107
-126
-140
-152
-165
-180
-188
-193
-199
-207
-209
-209
-209
-208
-201
-187
-174
-168
-168
-178
-192
-212
-230
-242
-250
-252
-249
-242
-240
-245
-262
-277
-289
-295
-283
-258
-227
-197
-167
-138
-112
-92
-77
-64
-52
-44
-38
-27
-13
0
12
23
32
38
42
43
45
44
45
44
43
44
43
43
41
39
40
41
41
41
44
52
63
78
90
102
111
117
119
118
116
113
108
101
95
94
99
106
112
114
111
104
98
94
102
119
142
170
194
212
222
224
221
214
207
206
214
225
237
248
254
256
250
242
234
218
202
185
167
151
139
133
127
111
90
70
54
38
27
20
17
12
-1
-18
-34
-48
-62
-79
-94
-105
-112
-116
-123
-138
-159
-183
-204
-219
-236
-249
-258
-261
-260
-251
-235
-214
-195
-185
-178
-171
-163
-152
-147
-146
-140
-132
-121
-115
-110
-102
-95
-95
-100
-112
-119
-122
-124
-127
-130
-125
-117
-111
-108
-107
-97
-87
-84
-84
-80
-70
-64
-62
-58
-48
-37
-31
-30
-35
-44
-52
-63
-71
-76
-77
-83
-91
-101
-109
-110
-107
-102
-93
-84
-69
-50
-28
-4
15
26
36
48
67
84
105
130
152
172
185
196
209
219
226
231
240
246
246
248
255
268
280
287
295
311
323
323
312
302
303
306
303
299
288
278
274
263
252
239
220
200
181
164
136
97
57
24
4
-19
-48
-62
-68
-75
-91
-101
-96
-91
-80
-76
-82
-82
-77
-73
-72
-69
-62
-52
-39
-31
-30
-30
-40
-55
-74
-84
-95
-110
-113
-109
-111
-120
-132
-142
-150
-149
-147
-152
-165
-180
-192
-193
-181
-171
-169
-170
-171
-179
-193
-204
-212
-221
-240
-260
-269
-272
-276
-287
-293
-301
-307
-314
-312
-304
-294
-287
-283
-270
-248
-226
-207
-195
-185
-174
-159
-135
-109
-78
-43
-23
-11
-2
6
15
23
35
49
65
90
112
132
146
151
156
168
182
201
221
243
264
276
285
291
298
313
330
340
345
338
329
319
303
298
296
283
270
254
231
215
209
202
187
186
191
178
171
164
160
160
151
162
164
161
165
150
150
156
166
172
157
165
171
151
135
116
98
89
87
92
98
93
63
39
29
9
-2
6
20
16
-6
-17
-17
-26
-41
-49
-44
-56
-80
-80
-98
-137
-161
-176
-194
-218
-219
-243
-281
-291
-317
-334
-345
-355
-349
-357
-365
-377
-388
-377
-372
-375
-371
-361
-361
-372
-365
-343
-334
-323
-303
-297
-295
-290
-288
-284
-284
-268
-240
-209
-173
-143
-123
-116
-113
-100
-89
-67
-27
4
35
64
80
101
128
147
157
167
184
197
196
194
197
195
192
188
188
184
175
170
168
164
163
170
175
170
168
166
168
171
177
187
191
210
217
213
224
246
254
245
252
261
265
271
267
271
281
290
290
278
301
308
270
278
283
278
279
256
275
275
274
264
235
256
238
231
223
181
150
138
145
76
47
76
32
-11
-36
-49
-85
-129
-144
-180
-183
-159
-236
-264
-201
-240
-300
-299
-261
-276
-311
-275
-294
-297
-255
-303
-325
-283
-274
-301
-336
-313
-306
-318
-298
-299
-270
-275
-295
-261
-247
-263
-294
-273
-232
-229
-224
-211
-171
-131
-128
-133
-136
-113
-101
-110
-108
-82
-73
-103
-81
-53
-76
-95
-93
-87
-83
-76
-81
-100
-80
-63
-71
-56
-36
-28
-24
-19
-12
4
28
52
68
78
91
101
107
111
133
162
170
180
196
204
216
229
236
239
255
268
271
279
280
283
285
288
310
326
331
327
323
310
299
298
291
296
288
281
293
261
234
245
223
181
154
164
153
100
99
87
55
55
26
4
13
16
-17
-36
-21
-49
-88
-71
-56
-91
-113
-105
-116
-145
-141
-148
-164
-140
-155
-170
-143
-146
-179
-214
-179
-150
-189
-196
-161
-133
-153
-177
-162
-124
-104
-127
-137
-113
-92
-102
-135
-107
-72
-61
-79
-113
-61
-79
-116
-123
-115
-107
-148
-119
-109
-137
-118
-118
-129
-124
-123
-123
-150
-144
-132
-151
-114
-108
-131
-119
-113
-89
-98
-106
-82
-75
-64
-75
-82
-56
-52
-48
-44
-31
-4
5
20
11
13
52
74
85
87
108
134
123
114
119
159
173
150
177
207
218
190
170
195
199
199
184
185
208
193
177
175
185
200
175
177
196
190
176
158
165
166
166
169
145
139
132
112
95
87
86
71
53
49
37
14
3
-13
-20
-18
-17
-18
-26
-24
-29
-48
-31
-15
-40
-57
-56
-32
-20
-74
-81
-12
-17
-74
-54
4
-12
-66
-48
-36
-69
-51
-67
-91
-46
-34
-91
-91
-25
-50
-115
-66
-38
-94
-79
-51
-72
-52
-48
-81
-64
-45
-77
-100
-54
-69
-135
-105
-78
-106
-116
-107
-113
-125
-115
-121
-138
-88
-94
-127
-85
-71
-82
-118
-104
-77
-91
-54
-49
-63
-54
-55
-50
-35
-9
-8
-35
-9
1
-19
-9
1
-4
-18
23
24
13
26
4
23
44
42
46
52
45
37
72
92
87
94
101
102
98
105
100
84
96
106
102
99
82
60
61
69
80
79
84
94
81
61
59
74
72
57
50
64
80
81
59
43
57
51
54
62
65
48
24
21
24
43
27
-2
7
27
14
-10
-17
-25
-21
-23
-27
-27
-34
-43
-56
-52
-38
-28
-11
-21
-24
-5
-4
-35
-45
-24
-18
-33
-34
-28
-43
-31
-33
-61
-55
-13
-16
-51
-32
-10
-36
-68
-39
-22
-36
-58
-58
-20
-12
-50
-79
-67
-39
-32
-62
-88
-84
-38
-55
-114
-64
-51
-87
-82
-77
-51
-44
-60
-67
-73
-36
-46
-91
-35
18
-27
-51
-13
18
7
-9
-3
21
42
45
39
28
34
48
51
57
61
48
47
61
56
69
81
59
54
62
66
62
50
49
42
55
81
62
43
51
41
41
42
18
21
24
27
22
11
15
7
-17
-19
-19
-22
-11
-21
-32
-26
-10
-6
-28
-29
-10
-2
-10
-7
7
12
12
22
33
43
42
23
30
47
52
50
56
72
67
58
62
56
45
50
57
52
43
41
33
20
17
18
14
8
10
-4
-22
-26
-32
-50
-57
-48
-45
-50
-56
-60
-71
-72
-67
-71
-73
-66
-64
-57
-43
-47
-46
-40
-34
-32
-20
-5
-26
-37
-8
19
12
4
34
40
25
12
4
32
60
57
33
37
79
60
11
14
31
45
57
38
21
15
13
7
-7
10
22
12
1
-15
-33
-45
-36
-34
-26
11
4
-47
-81
-75
-51
-50
-52
-28
-11
-10
-43
-72
-53
-28
-10
-9
0
15
3
-19
-41
-21
36
66
48
17
10
22
32
30
29
48
79
81
47
16
5
13
24
41
55
48
22
-8
-26
-22
-6
-22
-35
-22
-20
-37
-61
-71
-71
-73
-63
-55
-57
-64
-85
-96
-95
-75
-56
-58
-58
-53
-53
-54
-59
-62
-54
-35
-8
1
-3
-14
-25
-28
-14
8
6
0
0
10
6
1
12
19
30
28
28
30
25
26
32
36
42
53
52
31
20
33
48
56
49
37
39
43
34
19
20
28
40
45
34
20
16
14
-4
-9
14
32
18
5
13
17
10
16
21
33
43
44
31
38
69
70
59
71
91
84
78
85
99
109
103
104
110
113
107
102
110
119
105
97
93
100
103
70
61
72
75
53
33
38
28
12
4
-4
-10
-23
-50
-75
-76
-61
-71
-102
-108
-103
-120
-142
-143
-138
-137
-142
-147
-148
-143
-150
-169
-172
-161
-149
-145
-142
-139
-143
-149
-139
-131
-131
-121
-104
-93
-107
-106
-89
-76
-74
-75
-60
-44
-34
-35
-39
-38
-26
-23
-27
-19
-11
-8
-10
-11
-10
-18
-24
-25
-29
-17
-2
-8
-27
-36
-26
-19
-16
-22
-28
-28
-25
-19
-17
-13
-6
-5
-8
0
17
22
13
17
34
51
61
63
67
77
87
99
110
120
129
136
153
171
178
175
182
192
196
216
235
241
236
231
238
237
229
231
231
232
225
223
219
201
175
158
159
161
150
129
111
97
81
66
61
58
49
34
14
2
-3
-16
-33
-38
-35
-34
-47
-64
-74
-84
-95
-92
-82
-88
-101
-111
-117
-120
-119
-115
-107
-113
-122
-128
-126
-119
-120
-126
-120
-106
-107
-114
-117
-122
-125
-120
-111
-111
-118
-121
-135
-150
-148
-145
-151
-155
-155
-163
-173
-184
-196
-198
-198
-196
-191
-191
-188
-187
-197
-203
-193
-181
-177
-174
-164
-154
-145
-147
-145
-137
-121
-101
-91
-91
-85
-77
-71
-59
-43
-27
-14
-3
9
20
27
37
52
69
89
107
121
126
131
140
157
174
186
197
192
189
197
202
209
218
220
211
209
206
198
192
192
201
209
208
198
184
181
186
190
192
196
193
182
175
169
168
169
168
167
164
160
150
136
123
115
113
112
106
97
87
77
68
64
62
63
60
56
50
45
47
43
32
31
36
35
23
18
20
14
3
-7
-11
-17
-31
-44
-57
-67
-78
-93
-101
-110
-120
-131
-145
-156
-168
-179
-186
-196
-199
-198
-200
-203
-210
-216
-218
-220
-221
-222
-216
-213
-215
-214
-207
-206
-211
-214
-215
-209
-199
-192
-191
-182
-173
-172
-173
-167
-157
-148
-138
-127
-116
-107
-95
-85
-81
-72
-60
-49
-40
-33
-27
-18
-9
-6
-3
6
11
13
17
21
25
28
35
39
41
49
56
60
66
72
75
82
90
96
106
113
115
117
119
126
134
139
143
143
145
146
143
144
148
153
158
161
158
155
157
159
154
155
166
169
165
159
156
159
164
164
162
165
167
158
145
140
139
137
133
130
128
121
110
99
91
83
80
76
66
54
46
42
30
19
14
11
8
2
-9
-18
-24
-33
-41
-45
-47
-54
-64
-72
-79
-89
-97
-99
-103
-111
-115
-119
-123
-131
-139
-142
-141
-145
-147
-149
-149
-151
-154
-154
-150
-144
-141
-143
-145
-141
-137
-135
-136
-132
-125
-118
-115
-114
-113
-111
-109
-105
-102
-98
-94
-88
-87
-84
-79
-74
-71
-69
-64
-53
-48
-46
-46
-44
-34
-30
-24
-17
-11
-7
-4
0
6
9
13
19
27
31
33
34
36
36
40
47
55
60
59
64
66
66
67
71
76
84
85
86
89
92
92
92
95
101
107
110
110
109
107
111
110
108
109
113
117
116
109
106
108
106
102
100
98
98
97
91
85
81
77
70
63
63
62
59
53
42
37
34
31
28
22
19
20
16
11
8
2
-7
-12
-14
-12
-13
-17
-23
-30
-32
-36
-39
-41
-44
-46
-47
-52
-57
-59
-63
-68
-72
-73
-71
-69
-71
-77
-80
-81
-81
-81
-79
-81
-81
-79
-78
-83
-87
-86
-81
-78
-80
-81
-77
-74
-74
-76
-75
-71
-69
-67
-62
-57
-54
-54
-57
-57
-50
-45
-42
-39
-32
-31
-32
-38
-37
-29
-26
-25
-22
-18
-14
-15
-20
-21
-14
-8
-3
-1
2
2
1
1
6
15
24
26
24
26
27
30
34
41
49
54
57
56
54
54
52
53
56
58
59
56
57
55
52
54
55
56
53
49
49
53
55
53
52
51
51
51
46
45
48
48
48
46
44
44
42
35
36
38
38
35
31
29
31
30
25
23
20
22
19
15
12
15
15
12
8
6
5
3
1
-2
-3
-3
-7
-12
-13
-15
-17
-19
-25
-28
-29
-28
-28
-28
-29
-30
-33
-32
-34
-34
-31
-31
-29
-27
-27
-27
-30
-34
-32
-29
-26
-27
-31
-32
-36
-38
-39
-38
-35
-31
-33
-35
-38
-39
-38
-36
-33
-28
-22
-19
-21
-22
-22
-20
-14
-9
-4
1
4
3
-2
-2
1
9
15
17
21
20
15
11
8
12
17
23
27
27
24
23
20
18
21
26
30
31
31
32
31
30
27
31
33
34
34
33
28
26
26
26
27
24
23
22
18
16
15
16
16
14
16
16
14
10
8
8
8
11
12
12
13
6
4
1
0
3
2
1
0
-3
-6
-10
-15
-17
-19
-20
-20
-24
-27
-31
-34
-37
-37
-38
-39
-41
-44
-45
-44
-46
-45
-43
-43
-44
-43
-43
-42
-43
-44
-42
-38
-34
-32
-32
-31
-32
-32
-29
-27
-24
-21
-20
-20
-19
-18
-15
-11
-12
-11
-6
-3
-5
-4
-3
0
2
5
5
8
11
10
10
10
12
14
15
16
19
20
22
23
22
23
23
24
26
26
28
30
30
32
33
33
31
29
30
30
32
33
35
36
35
35
34
36
37
39
39
40
41
39
38
37
38
39
38
37
36
37
36
33
33
33
30
29
29
29
28
27
25
23
22
19
18
16
13
11
9
9
6
2
0
-3
-10
-14
-18
-22
-23
-26
-29
-31
-33
-39
-44
-48
-52
-54
-56
-58
-60
-62
-64
-65
-68
-69
-70
-69
-70
-70
-72
-72
-72
-73
-76
-76
-75
-75
-74
-74
-72
-69
-69
-66
-63
-59
-56
-54
-50
-48
-44
-39
-36
-32
-28
-24
-21
-20
-17
-13
-8
-3
0
5
9
13
15
18
20
22
26
29
33
37
40
43
44
46
48
49
52
55
57
60
62
64
65
65
69
69
71
70
71
72
72
72
75
76
78
79
80
79
79
81
80
76
75
76
76
75
76
75
76
75
70
66
62
61
59
58
58
59
60
59
55
48
39
32
27
23
23
24
24
23
18
11
3
-6
-13
-18
-21
-21
-21
-23
-26
-31
-38
-46
-54
-61
-64
-64
-63
-64
-65
-68
-73
-76
-84
-88
-91
-92
-94
-93
-91
-90
-91
-94
-99
-101
-103
-103
-102
-99
-94
-89
-87
-88
-88
-88
-89
-88
-87
-83
-77
-73
-69
-68
-64
-61
-59
-58
-55
-51
-47
-41
-37
-34
-29
-25
-20
-16
-11
-7
-5
-1
4
12
18
23
26
30
33
36
40
43
47
51
55
59
62
65
66
68
69
71
73
77
79
81
82
82
83
85
87
90
89
90
91
91
91
92
94
95
94
92
92
92
91
88
86
84
81
76
71
70
67
63
60
57
57
52
46
42
39
34
32
28
27
25
22
17
12
9
5
1
-1
-5
-9
-15
-17
-20
-23
-28
-33
-38
-42
-45
-49
-52
-54
-59
-62
-66
-66
-67
-70
-72
-73
-75
-76
-76
-78
-79
-80
-81
-81
-80
-81
-81
-83
-84
-85
-85
-82
-81
-82
-83
-82
-81
-80
-77
-76
-76
-75
-75
-71
-67
-66
-63
-61
-57
-54
-51
-48
-46
-42
-40
-36
-32
-28
-25
-23
-22
-19
-15
-11
-8
-5
-2
0
1
4
7
13
15
17
21
26
29
30
33
35
39
42
45
48
50
53
53
55
57
59
60
61
63
64
64
65
65
67
66
66
65
66
67
68
67
66
66
64
65
63
62
61
60
59
58
56
53
50
48
48
46
44
43
39
38
34
31
29
28
27
24
21
20
17
14
13
11
9
9
7
4
3
1
0
-1
-1
-4
-5
-7
-8
-8
-12
-12
-14
-17
-19
-20
-24
-25
-26
-28
-29
-31
-33
-35
-37
-38
-38
-38
-39
-37
-39
-41
-43
-41
-40
-41
-39
-38
-38
-37
-37
-37
-35
-35
-35
-33
-33
-31
-30
-28
-28
-26
-25
-23
-22
-19
-18
-16
-14
-12
-10
-8
-6
-5
-3
-1
1
5
7
8
8
9
10
9
10
12
12
12
12
14
14
12
10
11
12
11
10
10
11
11
10
9
12
11
12
10
9
10
12
10
10
12
14
12
13
16
19
19
19
20
23
25
26
27
29
31
31
33
33
34
35
36
35
35
37
38
37
36
37
37
37
36
36
34
31
30
27
26
24
21
19
17
13
9
6
3
-1
-6
-9
-12
-15
-19
-21
-26
-29
-33
-35
-38
-40
-44
-45
-48
-51
-52
-54
-55
-54
-55
-56
-55
-54
-54
-53
-54
-54
-54
-53
-52
-49
-47
-46
-43
-41
-38
-37
-34
-32
-29
-27
-26
-25
-22
-19
-17
-16
-16
-14
-12
-10
-10
-11
-9
-8
-8
-7
-8
-6
-7
-8
-8
-9
-8
-9
-9
-9
-8
-9
-9
-8
-8
-9
-7
-8
-7
-8
-8
-6
-4
-4
-3
-2
0
2
4
6
8
12
14
18
20
20
23
27
29
30
33
34
38
40
42
44
45
47
49
49
51
52
52
53
53
53
52
52
51
51
50
48
47
47
45
42
39
37
35
33
29
27
23
20
17
15
13
10
5
3
0
-3
-5
-6
-9
-12
-14
-15
-18
-19
-20
-23
-23
-24
-24
-25
-25
-24
-26
-26
-26
-25
-23
-24
-24
-24
-22
-20
-20
-18
-18
-18
-18
-16
-15
-14
-14
-13
-13
-11
-10
-11
-12
-10
-9
-8
-8
-6
-5
-6
-6
-8
-9
-10
-10
-10
-10
-10
-12
-10
-10
-9
-10
-11
-11
-10
-10
-10
-12
-11
-11
-12
-12
-10
-9
-8
-6
-5
-5
-3
-2
-3
-2
-2
1
2
5
6
7
9
10
11
11
12
13
14
17
18
19
21
22
23
24
24
25
25
26
26
25
24
24
23
22
23
23
24
23
23
21
22
20
17
16
14
12
13
11
11
10
8
6
4
4
3
2
2
1
-1
-1
0
-3
-5
-6
-8
-9
-8
-8
-9
-10
-9
-9
-10
-9
-9
-10
-10
-9
-9
-10
-9
-9
-10
-10
-7
-8
-9
-9
-9
-8
-8
-8
-9
-7
-6
-7
-6
-7
-6
-7
-5
-6
-6
-7
-5
-7
-7
-7
-7
-5
-6
-4
-5
-4
-3
-3
-3
-4
-4
-5
-5
-4
-5
-4
-3
-4
-3
-2
-1
-2
-1
-2
-2
-2
-2
-1
0
-1
0
-1
0
0
-1
-2
0
0
0
-1
-1
-1
-1
-1
-1
-1
-1
0
-2
-2
-2
-2
-2
-3
-2
-2
-1
0
0
1
1
1
0
1
0
0
0
1
2
2
2
2
2
2
1
1
1
1
1
0
1
-1
1
-1
0
0
1
0
-1
-2
-1
-1
-1
-1
-1
-1
-1
0
-1
-1
0
-1
-1
-2
-1
-1
0
-1
-1
-1
-1
-1
-1
-2
-2
-1
-1
0
-1
0
0
0
0
2
1
2
2
2
3
4
4
4
3
4
3
3
3
3
4
3
4
3
4
3
3
