0
0
-1
0
-1
0
0
0
0
0
1
1
0
0
0
-1
0
-1
0
0
0
1
0
1
1
1
0
1
1
0
0
1
0
1
1
1
1
1
2
2
1
2
2
1
1
1
1
1
1
1
1
1
1
0
1
1
0
0
0
0
0
-1
-1
0
-1
-1
-2
-1
-2
-1
-1
-1
0
0
-1
-1
-1
0
-1
-1
-1
0
0
1
1
1
2
1
2
1
2
2
2
2
1
2
1
2
2
1
2
2
2
1
1
1
1
1
1
1
0
0
0
-2
-1
-2
-2
-3
-4
-4
-4
-4
-4
-5
-4
-5
-5
-5
-5
-5
-5
-5
-6
-5
-6
-6
-6
-6
-6
-5
-5
-5
-4
-4
-4
-4
-5
-3
-2
-3
-2
-3
-4
-2
-3
-2
-1
0
1
2
3
3
1
0
-2
-2
-1
0
0
1
2
2
1
1
0
-1
2
6
4
2
2
5
2
2
5
7
5
7
12
13
8
12
16
13
14
19
19
13
14
18
18
15
16
19
16
15
18
17
14
13
17
16
15
19
19
18
20
19
17
16
19
20
19
21
21
19
22
25
29
30
31
32
34
35
37
35
34
36
38
41
42
43
44
46
46
43
45
47
42
37
36
33
29
25
23
18
13
7
0
-5
-9
-12
-18
-27
-34
-40
-47
-55
-64
-71
-84
-94
-102
-109
-117
-127
-134
-142
-146
-149
-153
-160
-166
-170
-178
-189
-194
-201
-208
-203
-175
-137
-120
-125
-128
-123
-127
-137
-130
-112
-101
-79
-41
-22
-32
-27
7
32
45
77
107
99
85
106
123
110
103
125
133
119
119
130
120
111
128
144
138
131
133
131
127
125
117
94
70
63
62
53
36
26
24
24
21
15
9
5
-2
-11
-18
-26
-35
-41
-41
-38
-42
-48
-47
-41
-36
-30
-25
-21
-17
-8
3
9
11
20
29
36
42
53
61
63
70
83
101
120
132
138
143
152
159
158
160
169
171
171
178
187
182
177
183
187
183
188
190
169
146
137
127
105
87
82
70
55
46
29
7
-3
-4
-8
-23
-37
-55
-73
-81
-91
-116
-140
-152
-162
-169
-175
-188
-201
-206
-208
-212
-214
-217
-225
-232
-236
-246
-257
-264
-268
-270
-266
-264
-273
-281
-280
-279
-284
-288
-271
-222
-162
-133
-149
-169
-158
-153
-170
-165
-131
-111
-97
-48
-5
-23
-41
3
52
68
97
137
124
84
104
144
127
105
132
155
134
121
140
141
124
138
162
153
136
137
146
143
137
123
96
78
80
85
76
59
45
40
42
43
38
31
23
18
11
3
0
-3
-7
-6
0
2
-3
-4
8
15
12
14
23
35
44
56
72
83
91
103
112
119
134
151
169
188
202
207
214
227
231
229
233
238
233
237
251
252
237
236
245
239
227
218
203
179
163
156
132
96
69
53
35
12
-11
-29
-44
-54
-69
-95
-118
-137
-158
-179
-199
-223
-251
-273
-285
-295
-310
-320
-329
-331
-322
-318
-323
-329
-329
-327
-330
-336
-346
-359
-366
-366
-365
-367
-368
-369
-357
-323
-285
-261
-236
-193
-165
-176
-185
-171
-160
-160
-132
-84
-60
-56
-24
17
23
33
88
146
163
181
218
219
187
193
223
221
203
210
219
206
200
216
223
215
215
226
227
216
208
198
182
162
146
127
109
94
86
77
62
48
40
38
33
21
10
-1
-12
-27
-38
-48
-56
-60
-58
-50
-43
-39
-36
-34
-30
-22
-12
-5
4
19
32
41
48
68
90
106
131
163
184
192
211
242
258
257
261
270
272
269
275
286
286
289
305
317
313
311
315
309
292
280
269
240
209
183
152
113
82
63
46
27
9
-12
-38
-60
-83
-108
-132
-157
-190
-227
-258
-286
-318
-345
-362
-374
-384
-389
-386
-389
-393
-397
-404
-414
-422
-428
-434
-438
-441
-447
-449
-448
-449
-446
-435
-425
-411
-379
-339
-310
-280
-238
-211
-218
-215
-186
-171
-175
-145
-93
-72
-60
-13
36
44
67
134
180
183
204
249
249
231
253
276
255
242
266
273
250
247
269
267
255
267
276
260
249
251
240
213
197
185
162
134
121
112
92
70
56
50
42
29
17
3
-13
-26
-39
-53
-66
-69
-69
-71
-66
-59
-55
-49
-42
-36
-34
-27
-15
0
13
28
44
66
90
114
134
157
182
210
246
268
284
296
305
307
304
313
327
330
337
357
373
369
359
359
357
348
344
333
303
268
241
216
181
143
117
94
70
41
12
-17
-43
-64
-87
-119
-155
-188
-223
-259
-292
-319
-350
-378
-396
-408
-422
-434
-443
-453
-460
-463
-466
-478
-488
-496
-502
-504
-504
-506
-507
-500
-488
-483
-486
-480
-462
-436
-392
-341
-313
-303
-270
-227
-219
-222
-200
-171
-157
-125
-67
-31
-26
1
64
116
151
194
232
244
252
281
299
293
294
315
326
319
316
317
315
311
319
326
322
306
299
299
294
276
242
206
187
177
161
137
114
86
64
51
39
20
-2
-19
-32
-44
-61
-83
-100
-105
-109
-114
-118
-118
-112
-101
-94
-94
-92
-82
-70
-54
-31
-7
9
24
45
73
98
131
176
212
243
278
303
312
308
325
351
356
367
394
411
420
436
453
441
424
435
448
431
405
385
352
301
262
238
201
161
136
114
78
45
22
-8
-43
-73
-103
-141
-181
-225
-268
-310
-349
-385
-415
-435
-450
-465
-472
-477
-483
-488
-488
-482
-484
-493
-505
-523
-535
-536
-537
-535
-528
-516
-504
-495
-477
-459
-428
-386
-343
-307
-268
-222
-207
-217
-209
-184
-161
-146
-102
-50
-22
1
37
76
108
146
205
247
262
277
293
302
304
316
330
327
310
309
315
303
293
295
300
291
279
277
266
247
227
213
193
161
136
118
90
60
39
21
-2
-23
-35
-44
-62
-79
-94
-115
-133
-146
-152
-157
-163
-159
-153
-146
-140
-129
-114
-100
-82
-65
-49
-30
-2
23
39
59
85
119
171
225
273
302
325
346
353
366
391
413
431
447
464
478
490
499
504
503
517
533
522
499
464
426
384
342
313
280
241
212
177
133
90
60
32
-4
-30
-63
-103
-149
-196
-240
-290
-342
-394
-431
-456
-468
-477
-495
-507
-525
-527
-520
-521
-529
-542
-546
-561
-575
-581
-583
-585
-585
-568
-548
-543
-534
-516
-477
-435
-393
-357
-332
-287
-249
-231
-222
-209
-179
-162
-126
-65
-27
-10
12
67
115
149
200
247
265
271
301
321
317
319
338
351
334
325
333
322
308
313
328
318
290
282
284
272
243
214
185
154
130
108
74
35
7
-19
-45
-62
-74
-97
-125
-140
-150
-165
-188
-202
-206
-217
-224
-223
-223
-218
-210
-195
-187
-175
-148
-125
-100
-68
-32
-6
11
45
82
128
183
230
261
290
334
364
362
369
404
434
460
493
519
519
522
542
554
550
557
565
546
519
500
469
416
375
356
324
281
251
215
167
123
95
61
16
-26
-61
-93
-129
-170
-225
-276
-322
-364
-394
-424
-455
-482
-491
-493
-501
-501
-499
-505
-514
-520
-520
-537
-547
-545
-544
-540
-537
-526
-512
-502
-489
-472
-431
-371
-320
-277
-230
-199
-199
-190
-158
-127
-118
-95
-36
-1
21
68
111
132
151
215
282
303
309
330
344
342
351
372
366
338
323
331
326
307
296
289
281
268
264
249
219
201
185
155
114
79
51
14
-23
-54
-87
-125
-152
-165
-181
-206
-223
-238
-258
-274
-281
-286
-298
-310
-307
-298
-291
-283
-271
-256
-242
-220
-190
-155
-122
-89
-53
-11
27
57
90
129
174
227
290
348
386
409
430
454
475
496
520
541
561
598
628
623
606
612
632
630
615
603
575
532
485
446
398
344
306
271
223
169
125
87
40
-10
-59
-101
-141
-182
-230
-283
-334
-379
-424
-473
-512
-531
-540
-548
-559
-566
-563
-554
-543
-544
-560
-570
-571
-570
-584
-605
-618
-615
-604
-600
-600
-599
-567
-491
-399
-334
-286
-203
-105
-36
15
72
140
205
282
364
406
420
442
464
472
456
453
443
398
347
297
258
210
161
114
53
-5
-44
-60
-95
-139
-164
-160
-142
-139
-121
-87
-38
10
38
64
75
100
120
119
91
45
13
-29
-76
-126
-170
-220
-261
-289
-316
-323
-327
-313
-308
-304
-280
-245
-195
-166
-130
-84
-30
37
93
162
223
291
354
402
434
454
483
493
488
483
484
479
446
406
367
321
270
214
180
162
158
164
160
151
145
169
204
223
238
267
303
312
300
292
282
276
280
273
237
197
173
154
127
83
44
21
1
-32
-76
-114
-154
-206
-256
-299
-325
-354
-381
-394
-398
-399
-415
-429
-438
-443
-453
-481
-521
-558
-586
-611
-643
-692
-736
-732
-665
-578
-501
-382
-196
-8
84
105
156
226
255
227
196
191
197
199
183
138
98
119
174
175
104
59
67
56
-3
-60
-60
-29
14
58
106
151
226
337
418
438
441
478
492
447
383
324
273
192
113
35
-40
-98
-154
-220
-299
-351
-372
-394
-422
-434
-419
-396
-369
-328
-275
-219
-160
-99
-48
-11
23
62
90
102
107
112
113
111
106
97
76
49
28
10
2
-2
12
75
164
230
263
309
374
403
359
294
283
296
296
279
269
284
312
355
381
383
380
408
415
352
279
233
209
166
145
134
111
117
134
154
150
155
154
133
115
96
65
-3
-68
-130
-185
-233
-284
-334
-377
-381
-398
-444
-491
-506
-499
-515
-534
-550
-549
-552
-571
-599
-614
-625
-661
-684
-650
-539
-401
-254
-98
41
149
211
246
226
167
122
117
118
61
-5
-3
42
52
25
24
13
-21
-34
-27
-53
-81
-13
95
152
178
247
315
327
335
361
360
309
290
296
290
281
279
266
214
172
121
27
-97
-205
-283
-364
-438
-471
-449
-408
-342
-254
-175
-129
-107
-78
-74
-93
-108
-112
-110
-99
-50
7
50
89
121
129
110
84
55
9
-36
-59
-54
-40
-20
46
164
277
344
381
419
425
374
289
228
211
206
221
257
324
373
389
392
374
351
328
326
311
283
285
305
312
309
322
293
222
174
153
102
37
29
56
85
102
116
98
40
-29
-125
-248
-377
-465
-510
-515
-485
-451
-401
-353
-320
-338
-384
-439
-504
-557
-621
-672
-681
-633
-577
-579
-595
-564
-451
-340
-266
-187
-73
46
101
111
100
88
97
143
196
183
143
141
165
147
87
27
-31
-68
-64
-32
-20
-20
48
170
255
271
264
261
248
239
235
218
195
214
276
314
317
316
298
228
134
48
-47
-151
-221
-262
-299
-318
-299
-280
-279
-265
-243
-220
-212
-211
-198
-164
-116
-79
-40
-1
40
65
71
69
59
49
40
30
24
26
41
50
52
49
61
96
119
123
164
224
245
219
199
209
224
250
275
302
337
378
408
402
375
338
320
326
340
342
350
381
388
376
342
295
230
173
123
61
34
48
74
97
136
165
158
123
69
-14
-115
-179
-221
-262
-275
-255
-240
-260
-282
-329
-391
-438
-464
-479
-491
-497
-505
-510
-517
-537
-578
-619
-660
-706
-725
-637
-452
-283
-191
-105
81
252
243
59
-46
27
117
100
46
95
190
263
252
139
-22
-135
-126
-107
-128
-122
-16
146
271
345
347
302
237
228
229
186
152
188
292
360
396
412
383
283
143
29
-72
-160
-235
-271
-260
-235
-205
-211
-245
-292
-331
-356
-366
-343
-285
-212
-134
-46
31
60
43
10
-22
-58
-93
-101
-80
-37
16
67
96
96
83
39
-9
-38
-45
-38
-8
106
270
409
508
574
575
502
400
310
253
244
305
409
506
552
545
478
373
278
205
168
156
174
212
257
280
262
221
146
55
-11
-39
-57
-53
13
110
178
184
142
51
-70
-184
-292
-392
-454
-446
-423
-413
-402
-394
-415
-486
-577
-647
-657
-632
-596
-558
-494
-406
-361
-383
-477
-598
-690
-682
-571
-419
-212
27
240
334
308
218
97
7
-19
30
116
189
259
294
280
196
68
-49
-149
-193
-174
-82
29
154
297
384
382
321
252
156
67
53
114
194
263
351
400
381
305
200
66
-87
-180
-208
-177
-138
-106
-98
-136
-189
-257
-331
-411
-446
-395
-294
-184
-93
-7
37
28
3
-29
-65
-101
-89
-28
66
161
211
219
202
169
104
19
-41
-60
-7
114
269
377
408
420
427
398
304
208
183
238
333
399
443
466
482
481
451
380
275
213
218
256
276
277
280
268
240
178
84
-4
-48
-42
-16
13
56
97
113
88
28
-34
-93
-155
-215
-230
-187
-156
-184
-248
-316
-394
-480
-547
-601
-626
-620
-577
-515
-492
-492
-521
-537
-553
-583
-613
-654
-685
-665
-504
-261
-82
-13
56
175
231
159
25
-11
73
217
328
370
365
343
318
230
69
-116
-207
-168
-68
32
110
184
239
265
240
157
76
53
110
184
264
354
422
445
407
348
272
197
135
83
61
71
101
93
18
-107
-243
-351
-425
-466
-469
-438
-373
-274
-179
-141
-175
-221
-228
-207
-176
-137
-60
43
139
209
240
234
195
137
83
71
85
112
146
192
254
299
317
266
186
152
170
205
213
240
299
370
410
388
348
317
322
336
338
341
342
345
328
293
241
185
138
96
74
69
70
55
34
6
-36
-75
-107
-120
-134
-131
-106
-89
-84
-96
-118
-160
-221
-278
-335
-415
-496
-540
-545
-559
-602
-629
-630
-628
-638
-641
-616
-582
-560
-560
-591
-648
-672
-595
-410
-194
-20
143
276
315
186
-8
-83
-12
148
296
417
478
451
368
217
20
-166
-227
-131
-1
81
130
188
220
192
129
69
38
69
183
307
393
444
499
513
423
296
202
170
155
145
164
181
186
146
59
-69
-223
-346
-417
-434
-417
-376
-318
-277
-256
-272
-322
-367
-364
-279
-176
-76
27
143
236
251
216
174
157
161
182
214
243
274
297
314
303
266
226
202
205
215
221
215
210
219
243
277
294
300
314
346
379
374
355
354
385
426
426
387
329
268
215
172
139
104
61
16
-19
-40
-70
-101
-121
-127
-124
-131
-153
-185
-212
-212
-212
-224
-245
-269
-290
-314
-350
-409
-488
-559
-596
-612
-633
-656
-670
-665
-659
-660
-661
-674
-679
-658
-569
-421
-282
-155
-41
60
89
25
-40
-49
4
96
223
350
393
349
270
183
77
-18
-33
27
96
130
143
141
107
60
37
34
20
12
61
155
237
293
331
338
293
234
204
190
165
152
190
248
260
219
162
112
61
6
-37
-63
-82
-83
-60
-39
-39
-74
-121
-165
-192
-182
-137
-75
-22
20
67
109
127
120
124
153
190
215
231
253
266
264
254
248
239
208
166
121
103
110
123
128
121
119
122
125
130
135
147
161
178
195
215
241
260
272
293
313
300
250
199
159
124
88
59
39
15
7
9
5
-21
-55
-74
-88
-107
-120
-122
-127
-136
-133
-128
-141
-179
-220
-252
-295
-355
-414
-464
-505
-543
-569
-586
-596
-605
-616
-633
-654
-670
-667
-656
-628
-569
-478
-391
-363
-371
-389
-382
-354
-329
-297
-266
-217
-146
-69
-18
-20
-31
-3
81
184
248
267
256
262
308
373
418
421
419
435
448
441
426
418
420
432
443
441
412
364
331
316
308
279
235
207
194
180
156
119
61
-5
-37
-35
-22
-40
-83
-116
-138
-146
-166
-202
-244
-274
-261
-230
-207
-200
-189
-154
-120
-87
-59
-23
18
60
116
173
215
226
228
239
263
288
299
308
318
343
375
388
380
362
374
408
425
417
411
434
457
459
449
439
416
359
293
234
179
130
84
54
32
13
-23
-83
-142
-184
-217
-258
-303
-326
-318
-301
-299
-315
-335
-353
-362
-371
-373
-376
-394
-418
-446
-477
-514
-571
-647
-723
-777
-778
-730
-657
-586
-550
-537
-541
-546
-512
-463
-394
-316
-226
-121
-43
2
-2
-32
-39
1
89
169
204
209
210
225
238
245
250
245
237
234
235
238
247
261
282
305
324
333
321
306
298
308
320
297
254
221
214
211
188
156
135
132
133
128
102
66
16
-19
-29
-39
-53
-77
-102
-117
-129
-125
-125
-139
-156
-162
-137
-104
-80
-60
-49
-22
26
92
152
189
219
256
307
354
379
384
376
373
377
374
358
335
326
336
359
354
320
268
213
190
179
177
175
183
211
225
220
195
157
116
76
60
51
37
15
-13
-43
-80
-111
-147
-181
-207
-223
-230
-253
-276
-292
-293
-296
-330
-362
-389
-393
-389
-387
-381
-392
-401
-415
-447
-501
-573
-597
-567
-516
-506
-541
-563
-559
-528
-493
-466
-436
-388
-292
-183
-117
-110
-130
-107
-40
56
128
141
103
70
87
133
165
162
156
164
169
160
136
126
134
155
190
212
212
189
170
186
206
214
210
214
229
236
234
215
170
128
113
142
169
162
138
112
98
91
84
72
42
12
9
33
60
63
46
23
2
-6
0
14
25
40
77
128
167
177
177
187
197
215
239
271
301
334
379
422
437
414
372
347
337
330
322
300
268
237
204
156
88
23
-19
-38
-48
-55
-63
-75
-82
-75
-61
-60
-83
-111
-124
-122
-126
-136
-146
-145
-135
-127
-126
-140
-163
-183
-199
-206
-218
-236
-257
-282
-306
-329
-359
-401
-435
-436
-425
-422
-421
-385
-312
-271
-288
-345
-388
-396
-380
-356
-327
-297
-249
-186
-131
-120
-152
-161
-119
-34
40
73
65
32
17
31
65
81
71
69
86
113
112
94
79
78
101
133
160
153
127
119
125
136
131
139
160
178
188
199
200
166
127
129
169
204
195
166
141
128
134
137
132
103
72
68
84
107
116
111
94
76
77
87
95
76
57
79
133
192
217
216
205
191
190
194
196
188
196
233
276
300
291
270
253
249
257
252
227
186
152
141
127
94
34
-30
-78
-110
-129
-151
-180
-206
-212
-198
-187
-192
-209
-217
-215
-209
-204
-195
-179
-160
-137
-123
-125
-144
-167
-173
-169
-166
-174
-195
-220
-245
-265
-299
-353
-410
-459
-491
-485
-430
-355
-319
-338
-368
-358
-306
-258
-240
-239
-214
-151
-71
-25
-42
-90
-107
-53
43
111
115
74
41
54
95
120
100
59
40
55
75
72
55
51
77
124
169
191
177
152
138
141
133
106
93
103
131
157
167
151
102
58
51
82
117
123
115
114
129
143
140
119
83
54
56
91
129
142
142
148
168
194
211
225
231
246
271
290
296
283
283
299
322
346
358
362
352
345
348
349
339
314
304
302
287
244
175
118
78
56
39
12
-22
-54
-64
-71
-97
-143
-196
-237
-265
-274
-280
-300
-330
-365
-379
-374
-374
-381
-381
-360
-337
-312
-287
-272
-264
-258
-238
-225
-237
-263
-283
-281
-277
-286
-305
-329
-351
-364
-342
-272
-200
-181
-222
-267
-274
-250
-214
-181
-159
-130
-62
35
99
83
27
12
66
155
219
222
178
121
109
138
155
121
49
2
-10
-7
-5
-13
-28
-45
-42
-21
-4
-12
-30
-19
9
25
21
15
25
38
51
65
70
51
24
27
54
74
64
42
33
49
83
118
128
106
81
92
131
164
170
168
180
210
253
291
321
334
346
378
419
452
452
441
445
466
488
482
452
417
392
384
374
351
315
291
280
262
226
167
101
31
-25
-60
-91
-136
-192
-242
-263
-263
-267
-295
-333
-359
-367
-367
-368
-380
-407
-433
-440
-421
-401
-391
-394
-404
-403
-392
-373
-360
-352
-339
-331
-326
-329
-330
-322
-316
-321
-351
-386
-388
-328
-218
-131
-118
-161
-190
-166
-115
-72
-58
-63
-43
24
111
157
138
95
89
150
231
262
225
164
148
191
254
282
254
196
147
114
89
63
35
15
6
10
30
40
27
-3
-30
-44
-62
-82
-89
-72
-38
-8
9
18
18
22
43
77
92
74
62
85
133
169
178
170
161
172
212
254
255
224
193
205
250
289
315
331
347
375
420
462
462
428
407
428
474
513
529
528
522
526
534
525
512
502
497
485
434
320
161
-1
-132
-196
-164
-62
14
-6
-155
-408
-675
-859
-907
-824
-622
-358
-164
-135
-293
-581
-885
-1066
-1029
-799
-493
-220
-57
-48
-187
-417
-642
-771
-763
-635
-461
-318
-254
-291
-410
-581
-739
-777
-607
-283
23
174
173
94
-4
-83
-99
-14
172
442
721
881
819
584
338
207
215
301
385
432
418
347
229
66
-106
-234
-263
-228
-223
-272
-362
-438
-477
-457
-351
-192
-46
27
18
-58
-186
-290
-292
-173
4
179
313
356
285
143
29
1
32
86
137
167
155
108
76
67
81
126
213
323
367
337
294
301
387
515
660
777
829
830
790
740
679
650
695
748
755
697
615
540
472
443
424
375
282
150
34
-82
-187
-244
-238
-197
-184
-211
-262
-334
-414
-471
-465
-430
-393
-351
-318
-325
-371
-396
-394
-398
-414
-430
-437
-463
-505
-525
-509
-498
-513
-538
-567
-596
-614
-598
-583
-603
-648
-681
-673
-645
-621
-617
-623
-553
-347
-54
169
232
218
206
188
133
84
117
230
397
554
598
503
348
269
281
284
212
96
-11
-105
-185
-214
-188
-135
-82
-65
-129
-273
-373
-326
-198
-114
-79
-34
36
109
187
263
304
306
294
271
206
117
80
99
112
82
61
75
98
106
81
21
-59
-110
-112
-112
-126
-97
16
165
276
356
415
481
577
713
849
916
931
948
969
958
935
946
971
982
972
920
809
647
507
426
351
264
186
137
86
19
-40
-84
-122
-156
-167
-174
-197
-223
-237
-241
-254
-246
-199
-143
-112
-114
-138
-200
-303
-418
-528
-624
-685
-715
-730
-762
-804
-837
-869
-897
-930
-953
-979
-1006
-1015
-1007
-976
-930
-887
-863
-880
-870
-734
-459
-156
32
89
117
176
211
173
145
212
349
481
529
472
353
277
310
368
329
199
111
93
47
-62
-176
-242
-261
-230
-163
-155
-211
-218
-132
-49
-41
-25
55
146
198
244
287
290
272
263
238
182
134
127
103
20
-73
-128
-149
-159
-158
-155
-168
-182
-154
-108
-79
-55
-6
64
137
216
315
434
558
675
779
860
938
1009
1052
1061
1040
1005
956
910
875
839
794
755
722
668
594
519
435
335
254
210
183
147
110
102
91
59
30
18
2
-13
-4
19
15
-12
-40
-78
-135
-197
-243
-282
-334
-388
-440
-504
-594
-707
-812
-867
-858
-823
-826
-875
-938
-991
-1034
-1059
-1066
-1072
-1070
-1048
-1013
-993
-961
-829
-605
-403
-320
-283
-172
-44
4
-20
-7
84
167
206
194
135
80
94
174
197
143
110
112
68
-64
-187
-219
-194
-145
-125
-175
-268
-300
-208
-97
-58
-42
34
162
255
281
268
260
258
238
195
153
154
200
241
221
154
94
66
50
19
-16
-47
-58
-53
-53
-53
-52
-29
4
25
66
150
297
449
548
618
678
759
843
908
980
1032
1065
1060
1023
993
946
900
854
817
774
722
684
613
513
416
338
267
193
155
162
173
166
148
131
122
129
159
167
139
120
125
137
133
98
51
14
-10
-63
-161
-242
-311
-403
-523
-650
-743
-806
-842
-855
-887
-927
-960
-989
-1022
-1061
-1068
-1067
-1088
-1134
-1166
-1067
-849
-639
-530
-504
-415
-256
-149
-158
-178
-78
49
92
51
-33
-100
-131
-129
-126
-149
-138
-88
-80
-183
-318
-341
-288
-271
-313
-376
-416
-431
-412
-379
-353
-296
-166
7
138
191
251
355
422
401
325
273
247
208
172
144
107
65
45
44
27
19
29
19
-23
-68
-67
-37
-13
2
8
31
88
185
319
445
578
721
856
975
1048
1099
1109
1080
1047
1017
1001
966
926
879
827
780
714
647
595
559
526
479
419
335
253
201
177
150
112
86
86
117
152
178
193
201
209
217
227
214
180
127
63
-8
-83
-161
-249
-351
-446
-520
-558
-568
-591
-632
-680
-704
-721
-770
-824
-865
-852
-821
-846
-911
-985
-968
-835
-645
-487
-417
-336
-215
-141
-162
-210
-153
-49
1
0
-26
-55
-128
-221
-293
-356
-371
-340
-320
-370
-450
-456
-411
-403
-449
-493
-503
-510
-508
-494
-503
-517
-471
-348
-226
-144
-42
92
199
242
240
224
189
147
113
72
28
-21
-68
-91
-96
-74
-43
-26
-20
-9
29
76
103
103
102
125
169
232
320
417
516
626
744
865
968
1054
1109
1111
1087
1070
1073
1060
1026
990
945
900
842
768
697
635
591
537
474
427
393
358
310
270
236
212
215
237
248
232
219
232
258
269
264
245
215
180
139
96
44
-21
-96
-177
-267
-357
-423
-474
-531
-598
-662
-711
-745
-777
-808
-839
-859
-869
-895
-945
-974
-902
-725
-539
-450
-421
-349
-235
-181
-204
-198
-140
-82
-64
-65
-76
-124
-177
-224
-267
-289
-274
-264
-332
-457
-537
-522
-495
-514
-562
-577
-557
-538
-532
-528
-507
-468
-397
-317
-261
-220
-155
-50
30
44
33
53
95
107
84
38
-11
-57
-97
-123
-131
-138
-151
-167
-177
-174
-148
-111
-81
-47
9
85
146
201
272
358
450
536
638
745
845
942
1021
1068
1067
1061
1060
1037
998
954
917
876
834
800
761
722
695
664
604
538
502
473
423
373
341
327
324
344
375
387
393
417
441
433
410
382
335
259
185
140
116
89
37
-42
-141
-237
-303
-356
-419
-506
-591
-634
-672
-713
-752
-785
-825
-892
-940
-948
-888
-750
-603
-540
-549
-487
-350
-272
-284
-267
-174
-116
-110
-99
-107
-169
-247
-273
-297
-332
-328
-317
-376
-506
-588
-584
-556
-554
-579
-607
-626
-635
-623
-605
-581
-528
-440
-353
-313
-284
-208
-93
-23
-29
-50
-37
11
36
14
-51
-113
-132
-120
-117
-141
-162
-157
-150
-164
-195
-210
-212
-208
-189
-158
-105
-37
38
116
191
285
396
505
582
664
778
891
960
969
962
959
955
943
901
850
809
793
772
715
652
618
615
606
583
568
550
531
505
460
415
391
401
415
416
446
510
583
627
638
639
627
609
560
480
412
374
343
259
126
13
-46
-75
-135
-230
-316
-361
-386
-444
-530
-616
-675
-735
-810
-847
-774
-617
-504
-480
-466
-387
-301
-266
-246
-202
-145
-101
-54
-40
-106
-200
-261
-301
-388
-461
-480
-516
-602
-687
-721
-744
-776
-772
-748
-745
-763
-758
-717
-684
-670
-626
-546
-479
-457
-412
-302
-200
-155
-141
-111
-72
-45
-34
-51
-82
-111
-134
-161
-205
-247
-255
-237
-227
-238
-255
-241
-211
-195
-202
-203
-170
-98
-5
77
154
255
386
505
584
644
715
782
799
785
773
755
727
693
664
625
594
579
548
495
458
451
427
384
350
339
347
360
379
389
403
441
493
520
517
524
559
610
646
658
657
645
627
609
585
550
504
459
404
331
257
188
122
42
-40
-104
-151
-192
-235
-304
-394
-472
-512
-511
-455
-340
-245
-223
-230
-188
-119
-101
-95
-51
2
16
12
11
-48
-152
-233
-279
-340
-405
-455
-527
-632
-711
-740
-770
-826
-872
-876
-848
-828
-835
-841
-813
-762
-707
-652
-600
-557
-492
-397
-315
-287
-301
-297
-262
-211
-187
-214
-258
-281
-276
-276
-295
-319
-327
-307
-292
-292
-293
-277
-249
-220
-184
-159
-134
-84
6
109
191
273
364
457
537
602
666
716
762
784
771
731
686
649
599
541
495
464
430
386
343
321
311
297
274
251
252
267
277
275
276
297
336
384
417
444
478
510
532
529
518
501
479
454
419
384
355
326
290
253
232
222
205
153
77
-5
-63
-90
-124
-186
-253
-266
-175
-35
62
90
110
187
260
299
336
388
424
414
419
405
305
170
88
57
1
-78
-164
-283
-406
-487
-532
-602
-691
-741
-756
-771
-810
-849
-853
-819
-766
-710
-646
-598
-566
-505
-424
-379
-402
-439
-444
-436
-440
-472
-525
-566
-572
-554
-540
-533
-525
-508
-486
-473
-469
-467
-461
-457
-451
-427
-358
-239
-105
-3
73
163
271
367
435
500
561
617
666
695
687
644
617
589
537
478
433
396
344
299
255
201
144
111
105
106
115
121
124
122
135
165
190
212
229
260
314
369
412
421
414
410
398
365
301
238
205
199
175
109
42
6
6
18
-2
-37
-63
-86
-126
-160
-116
8
127
167
170
244
364
447
495
564
663
731
779
811
782
697
613
567
501
396
284
150
-17
-175
-283
-371
-476
-572
-629
-649
-659
-687
-709
-701
-656
-601
-546
-512
-518
-512
-459
-391
-364
-377
-386
-374
-358
-365
-402
-457
-504
-529
-556
-586
-613
-636
-646
-652
-658
-665
-650
-618
-576
-512
-421
-321
-241
-181
-106
-25
54
132
210
283
348
427
497
524
525
535
557
555
533
501
433
344
263
204
125
29
-39
-81
-120
-145
-147
-134
-115
-102
-78
-45
-11
24
57
99
148
189
221
237
246
253
263
261
229
193
179
170
156
115
64
29
14
12
-24
-86
-156
-188
-126
0
136
194
223
301
408
494
559
658
758
829
891
955
973
910
831
794
766
712
640
550
429
307
217
140
33
-92
-195
-268
-342
-425
-495
-541
-560
-548
-514
-492
-486
-458
-382
-302
-277
-279
-269
-237
-228
-252
-294
-342
-372
-397
-421
-453
-483
-511
-546
-565
-578
-590
-605
-611
-594
-540
-458
-384
-327
-271
-193
-112
-36
49
137
209
260
318
371
389
386
381
370
332
304
293
261
201
134
81
27
-26
-71
-112
-155
-194
-234
-275
-309
-328
-342
-358
-371
-375
-361
-326
-277
-226
-184
-148
-114
-73
-34
-26
-35
-43
-48
-51
-64
-95
-150
-193
-193
-186
-216
-249
-202
-42
117
197
214
275
421
524
575
631
759
884
925
965
998
1004
967
936
909
844
800
758
661
527
429
395
331
222
126
66
41
14
-35
-83
-107
-84
-52
-55
-99
-157
-155
-123
-135
-214
-286
-294
-269
-257
-286
-336
-370
-364
-349
-367
-398
-423
-446
-497
-549
-579
-593
-595
-585
-541
-474
-394
-314
-227
-136
-57
21
110
201
256
307
367
401
385
352
362
371
358
338
305
240
167
126
76
-7
-82
-129
-183
-246
-291
-305
-308
-305
-299
-316
-321
-306
-303
-316
-338
-349
-373
-394
-396
-398
-406
-426
-445
-454
-461
-468
-468
-457
-461
-492
-518
-503
-503
-539
-515
-366
-170
-75
-65
23
199
346
390
442
588
743
856
912
948
938
894
891
871
828
804
805
749
581
463
465
474
410
304
240
196
171
169
141
96
77
105
143
132
109
142
222
277
257
203
184
199
204
172
103
18
-64
-137
-213
-291
-357
-415
-476
-544
-596
-610
-590
-571
-575
-560
-502
-412
-314
-214
-100
-5
79
171
259
319
353
394
430
447
443
428
396
359
329
288
227
163
120
73
9
-68
-137
-198
-254
-293
-319
-334
-358
-393
-412
-392
-344
-317
-317
-303
-258
-192
-156
-161
-189
-215
-224
-238
-278
-348
-427
-483
-534
-608
-707
-789
-845
-878
-840
-706
-540
-439
-385
-259
-78
44
86
157
322
479
561
582
581
558
527
540
566
557
538
537
515
435
375
387
388
328
220
128
73
49
45
3
-62
-95
-56
16
37
51
117
220
300
332
360
400
449
476
469
436
398
367
323
270
205
140
69
-12
-75
-130
-167
-194
-205
-192
-171
-128
-84
-31
11
32
51
76
143
215
272
300
309
332
357
388
397
390
377
342
286
210
139
70
-13
-92
-177
-259
-326
-367
-391
-435
-468
-467
-458
-461
-462
-434
-416
-419
-417
-397
-382
-386
-386
-396
-414
-423
-414
-408
-432
-427
-398
-386
-411
-462
-495
-497
-408
-262
-163
-167
-184
-81
47
70
27
70
198
276
294
300
311
310
305
322
300
275
310
357
310
153
49
62
89
52
-46
-148
-225
-241
-211
-216
-254
-261
-197
-121
-88
-59
-3
60
89
87
89
102
113
112
102
95
99
115
119
114
132
184
221
228
232
233
223
230
276
317
313
309
360
426
441
429
454
507
543
564
592
615
625
624
623
607
569
536
505
452
366
270
195
130
72
16
-48
-129
-213
-272
-308
-339
-364
-380
-398
-428
-454
-460
-470
-480
-485
-493
-507
-531
-559
-576
-580
-582
-600
-634
-660
-638
-603
-601
-655
-712
-644
-447
-246
-173
-180
-97
70
183
161
128
218
341
381
335
305
320
313
276
230
212
224
224
189
93
1
-22
-28
-73
-151
-201
-224
-261
-294
-288
-261
-249
-247
-233
-210
-187
-144
-92
-83
-129
-167
-155
-136
-160
-208
-230
-237
-232
-207
-156
-123
-116
-94
-55
-17
-8
-7
23
71
139
206
270
337
397
456
510
569
636
699
752
778
785
794
803
802
769
726
707
697
672
608
526
459
419
381
320
242
178
139
101
47
-14
-52
-59
-59
-72
-112
-155
-186
-211
-240
-280
-311
-344
-382
-426
-470
-501
-539
-573
-598
-594
-566
-571
-619
-676
-600
-364
-144
-82
-126
-57
130
231
196
157
256
393
432
404
385
429
456
430
371
298
277
272
208
55
-121
-189
-193
-218
-293
-377
-407
-415
-400
-362
-322
-283
-263
-259
-284
-297
-250
-191
-209
-313
-394
-385
-348
-353
-405
-453
-489
-523
-537
-540
-545
-552
-548
-548
-548
-524
-460
-379
-304
-219
-113
-5
81
146
208
259
318
392
484
573
633
667
689
726
753
768
764
729
670
593
530
487
430
358
301
301
322
315
284
262
266
261
238
202
167
138
108
83
48
14
-13
-29
-47
-90
-131
-160
-203
-270
-342
-387
-427
-471
-509
-540
-576
-591
-507
-303
-111
-32
-6
69
186
221
173
194
326
472
533
546
603
682
739
725
669
605
514
418
289
137
7
-76
-86
-77
-75
-80
-99
-107
-104
-80
-57
-70
-110
-154
-168
-155
-130
-98
-81
-84
-98
-98
-88
-120
-198
-306
-407
-488
-549
-587
-619
-659
-706
-723
-696
-664
-642
-631
-615
-573
-534
-492
-449
-400
-317
-219
-111
-10
94
205
273
299
298
301
322
314
290
260
250
264
254
233
201
181
178
151
108
63
32
22
15
35
76
122
146
145
153
154
136
113
89
66
54
60
68
56
18
-25
-47
-64
-93
-142
-204
-279
-369
-407
-313
-99
88
134
117
140
192
171
85
83
221
404
520
561
610
703
780
774
682
578
490
388
253
116
46
53
89
111
111
106
79
25
-34
-84
-110
-109
-94
-76
-49
19
123
221
254
219
172
135
101
50
-15
-78
-123
-152
-157
-134
-116
-131
-190
-276
-359
-424
-464
-480
-497
-510
-481
-385
-277
-221
-227
-237
-208
-163
-123
-87
-35
40
111
154
151
126
108
80
28
-28
-60
-77
-100
-123
-117
-91
-81
-115
-181
-249
-301
-327
-335
-332
-319
-282
-212
-148
-132
-148
-165
-181
-214
-255
-278
-279
-266
-249
-224
-204
-186
-166
-160
-192
-252
-317
-336
-254
-90
66
120
116
128
148
114
57
96
266
480
634
716
761
770
728
666
598
524
431
363
345
368
393
402
404
384
316
188
26
-98
-139
-121
-82
-44
25
112
174
182
150
106
49
-18
-78
-91
-41
39
106
136
131
101
72
48
8
-55
-121
-146
-109
-61
-40
-39
-51
-79
-121
-148
-150
-138
-122
-82
2
75
121
160
177
166
131
109
103
87
72
69
100
157
186
158
87
22
-5
-17
-53
-111
-132
-109
-92
-113
-162
-207
-249
-303
-367
-407
-410
-401
-403
-408
-406
-395
-402
-453
-518
-560
-569
-548
-495
-425
-370
-359
-394
-445
-503
-569
-576
-463
-258
-92
-36
-39
-30
-19
-55
-68
37
245
438
542
574
555
470
354
295
346
449
516
542
558
581
576
522
447
375
301
210
137
140
203
270
277
228
172
117
62
-1
-53
-67
-48
-9
32
65
71
44
6
-24
-39
-37
-13
36
85
106
109
108
79
0
-82
-104
-59
8
78
148
207
217
165
93
44
37
48
71
109
161
211
224
204
170
156
163
163
163
179
223
278
297
268
212
160
120
84
52
29
20
15
-1
-21
-61
-127
-210
-291
-346
-365
-368
-376
-398
-430
-447
-450
-458
-484
-512
-508
-475
-445
-436
-451
-470
-496
-523
-550
-573
-528
-431
-313
-263
-276
-296
-335
-394
-474
-473
-343
-167
-33
19
28
7
-49
-52
25
173
309
368
391
392
376
345
322
344
392
433
456
447
422
366
285
189
95
49
36
46
66
83
85
41
-29
-87
-102
-74
-38
-16
-15
-35
-58
-66
-47
-26
-4
32
72
94
89
79
72
53
14
-5
11
52
84
95
109
134
145
125
101
105
151
206
249
282
332
399
454
482
476
469
475
490
509
508
492
468
430
382
333
291
259
208
164
118
73
35
-49
-107
-158
-203
-234
-260
-275
-266
-278
-312
-337
-344
-334
-314
-261
-253
-241
-200
-177
-184
-216
-223
-213
-208
-211
-229
-230
-215
-249
-276
-288
-307
-337
-384
-385
-378
-391
-408
-399
-355
-322
-308
-285
-254
-201
-163
-137
-106
-83
-73
-86
-97
-113
-118
-105
-97
-84
-59
-46
-51
-61
-76
-71
-70
-87
-104
-94
-81
-82
-71
-45
11
55
71
90
131
182
216
225
219
224
239
242
232
213
193
185
180
171
150
121
91
57
28
16
27
38
26
12
17
55
112
160
184
205
232
269
310
347
377
397
408
417
443
474
492
498
486
462
442
421
398
366
318
270
242
228
217
191
158
127
110
96
73
59
50
37
15
0
-1
2
-7
-26
-34
-36
-39
-48
-64
-89
-111
-139
-177
-214
-251
-288
-324
-355
-372
-365
-361
-360
-357
-347
-321
-307
-313
-326
-329
-327
-324
-324
-328
-326
-323
-317
-307
-285
-260
-228
-206
-207
-219
-227
-234
-246
-279
-303
-300
-276
-244
-223
-199
-179
-167
-164
-158
-146
-136
-138
-131
-103
-72
-54
-55
-48
-35
-23
-8
7
13
8
-8
-25
-33
-31
-22
-19
-5
22
55
96
130
153
157
156
157
158
160
177
211
255
292
322
322
314
361
365
324
316
353
376
326
302
332
321
305
303
304
308
290
290
285
283
285
246
209
183
153
132
139
185
215
206
221
228
204
160
134
134
122
92
54
39
54
61
35
6
5
17
11
-5
-1
12
5
-19
-38
-54
-71
-99
-129
-142
-152
-156
-158
-163
-164
-169
-179
-189
-200
-203
-195
-179
-162
-168
-207
-237
-235
-227
-226
-226
-239
-256
-269
-277
-274
-266
-272
-294
-306
-291
-259
-229
-213
-206
-212
-240
-275
-292
-286
-279
-286
-291
-279
-254
-227
-212
-213
-230
-241
-230
-198
-159
-119
-82
-59
-42
-33
-16
8
33
45
50
65
97
124
140
155
168
189
213
240
257
273
294
305
294
277
277
290
292
288
281
282
285
277
261
248
244
247
246
246
243
239
229
213
200
184
162
145
135
129
125
125
122
119
114
114
124
139
148
154
159
167
171
172
159
134
109
95
88
75
65
67
70
57
39
37
57
74
75
61
48
46
37
23
13
13
10
-8
-20
-21
-26
-52
-94
-126
-139
-137
-129
-121
-116
-120
-136
-164
-195
-225
-254
-273
-283
-278
-265
-260
-263
-272
-280
-290
-302
-310
-315
-304
-282
-264
-257
-253
-250
-251
-263
-276
-274
-255
-238
-231
-228
-221
-208
-202
-202
-198
-187
-170
-152
-134
-113
-95
-79
-59
-37
-22
-8
12
36
51
58
69
85
92
97
115
141
154
151
152
167
180
178
163
142
129
125
123
112
99
99
104
103
101
108
127
143
153
162
178
195
204
206
206
198
183
167
159
163
162
150
137
135
142
147
147
146
149
155
168
182
192
197
197
202
216
230
238
245
254
257
251
248
245
239
221
198
178
160
141
118
100
83
59
26
-13
-49
-74
-95
-119
-141
-154
-153
-146
-144
-150
-157
-157
-153
-149
-147
-139
-134
-141
-150
-157
-158
-160
-161
-165
-173
-186
-207
-227
-243
-251
-254
-255
-260
-265
-266
-258
-252
-255
-267
-275
-264
-241
-218
-199
-180
-166
-164
-167
-165
-149
-132
-119
-113
-109
-107
-109
-111
-114
-120
-127
-137
-154
-168
-172
-166
-157
-151
-140
-128
-112
-92
-66
-36
-19
-8
11
41
70
88
95
96
104
116
120
113
97
89
95
102
101
96
98
111
119
117
123
141
156
171
187
205
226
252
277
292
350
400
353
323
367
394
360
328
353
364
359
375
343
286
252
225
227
237
215
154
119
126
108
75
71
90
103
95
77
64
64
97
127
121
95
80
78
56
21
10
10
-4
-23
-29
-35
-63
-96
-119
-144
-172
-180
-171
-174
-188
-206
-215
-206
-199
-207
-205
-189
-189
-206
-209
-194
-187
-191
-190
-176
-174
-181
-177
-174
-184
-201
-212
-227
-242
-248
-248
-252
-259
-252
-246
-243
-232
-222
-208
-196
-199
-199
-178
-141
-106
-83
-73
-68
-65
-69
-69
-64
-55
-47
-44
-47
-50
-53
-56
-73
-88
-82
-70
-54
-26
-1
8
10
19
32
39
48
55
65
82
104
125
148
178
194
189
193
205
210
204
203
198
178
176
181
178
179
179
172
169
175
187
195
201
203
195
185
192
215
230
237
240
253
262
260
284
298
277
258
240
223
209
190
179
161
146
139
132
142
133
103
90
69
33
1
-12
-28
-56
-68
-70
-77
-87
-92
-103
-114
-126
-165
-187
-181
-187
-197
-206
-228
-239
-255
-280
-280
-256
-247
-268
-269
-257
-263
-265
-253
-254
-242
-216
-209
-190
-161
-144
-134
-140
-139
-134
-119
-110
-131
-128
-128
-135
-111
-102
-98
-98
-103
-86
-90
-92
-82
-80
-74
-84
-57
-29
-44
-36
-19
-7
-13
-9
38
51
41
42
35
45
32
32
46
45
67
59
51
71
65
60
59
54
43
38
62
77
81
79
78
104
100
99
124
132
129
123
152
174
186
216
204
189
190
183
187
192
226
238
208
203
231
263
225
200
237
215
198
201
191
202
199
165
142
168
183
133
116
139
94
33
21
31
20
-19
-57
-52
-65
-123
-157
-161
-161
-168
-199
-230
-233
-206
-230
-264
-228
-248
-277
-252
-225
-229
-254
-225
-253
-267
-186
-225
-252
-204
-218
-233
-207
-186
-209
-192
-121
-149
-182
-122
-112
-122
-87
-86
-71
-67
-65
-54
-45
-32
-12
22
15
24
50
52
35
19
59
68
55
96
101
86
73
113
107
41
115
138
59
82
144
104
53
129
135
63
121
130
96
122
160
130
48
135
164
103
117
98
117
98
79
114
96
128
128
96
140
160
134
88
103
168
136
106
114
136
187
132
85
136
121
80
108
104
123
109
42
60
56
103
95
-2
44
43
14
12
-46
-14
26
-34
-31
-29
-12
-30
-138
-103
-45
-86
-98
-108
-95
-110
-171
-177
-161
-128
-172
-203
-199
-207
-188
-246
-291
-225
-163
-194
-255
-206
-215
-264
-221
-222
-221
-189
-144
-145
-194
-131
-144
-201
-136
-125
-118
-112
-123
-89
-130
-117
-35
-82
-95
-50
-22
-18
-64
-19
21
-10
19
29
65
105
52
30
69
116
121
70
92
171
161
89
34
108
160
91
70
113
150
107
64
47
102
100
42
93
131
120
75
77
107
113
137
116
92
161
171
103
106
153
155
126
169
180
123
133
151
110
112
151
138
115
103
129
94
62
77
104
110
90
89
85
126
104
65
43
86
169
92
28
108
131
87
8
31
120
35
-32
-13
0
-6
-61
-102
-98
-26
-54
-172
-149
-124
-136
-163
-204
-116
-129
-217
-179
-166
-153
-221
-240
-162
-178
-148
-194
-275
-174
-141
-247
-241
-146
-159
-249
-201
-180
-228
-164
-187
-200
-133
-135
-202
-165
-64
-99
-164
-113
-68
-81
-54
-71
-61
19
27
1
15
-14
-29
-11
-9
67
28
-6
72
30
-4
12
17
18
8
56
43
8
81
23
-15
61
89
83
56
61
93
69
102
126
85
131
111
79
96
123
128
72
102
169
115
92
155
137
132
133
140
159
142
198
132
109
231
212
160
186
209
225
192
201
234
177
186
157
134
218
190
138
152
162
171
84
84
118
68
106
83
65
74
24
13
-26
10
62
-13
4
-9
-81
-29
-20
-47
-87
-84
-55
-127
-137
-100
-154
-182
-112
-123
-142
-103
-166
-254
-226
-132
-154
-227
-146
-119
-188
-205
-206
-170
-162
-169
-159
-135
-93
-136
-256
-221
-110
-133
-175
-155
-105
-107
-153
-158
-148
-117
-101
-124
-108
-69
-116
-146
-138
-123
-71
-78
-81
-55
-58
-80
-113
-106
-41
-29
-15
-12
-16
-11
-66
-45
-39
-33
38
26
31
59
29
-2
-20
32
73
57
102
116
100
78
26
61
151
147
117
161
190
164
109
106
147
195
227
182
195
222
148
108
114
163
197
151
163
191
200
118
50
119
151
150
112
123
172
119
53
68
104
101
97
97
96
103
87
17
36
96
77
43
49
74
50
30
-13
0
57
47
37
4
-6
3
-35
-27
-34
-18
22
-19
-9
-22
-84
-96
-78
-39
-51
-51
-40
-86
-90
-93
-156
-151
-95
-89
-122
-145
-126
-128
-180
-208
-157
-122
-139
-170
-182
-171
-177
-197
-208
-171
-134
-178
-198
-148
-151
-185
-207
-191
-115
-110
-150
-176
-172
-135
-159
-152
-105
-78
-88
-146
-116
-59
-92
-88
-65
-30
24
21
-15
-33
12
34
28
51
95
110
81
65
59
84
120
87
82
113
129
133
96
50
85
139
73
34
123
136
81
82
100
102
110
137
93
88
166
161
122
143
173
164
127
110
158
201
193
180
155
127
141
170
165
173
172
139
145
142
139
131
117
125
135
143
154
130
81
67
100
143
126
97
94
60
42
69
42
7
38
35
-2
0
-6
-55
-99
-91
-86
-89
-73
-107
-149
-158
-151
-143
-153
-179
-187
-177
-181
-171
-171
-176
-187
-191
-170
-172
-152
-158
-212
-196
-129
-110
-141
-163
-152
-154
-169
-152
-142
-127
-105
-121
-117
-97
-94
-127
-151
-111
-63
-49
-67
-76
-71
-78
-66
-41
-52
-41
-12
-41
-42
1
1
-26
-40
-25
-10
-9
-21
-40
-34
17
24
0
-3
-5
2
-18
-17
23
47
46
41
44
45
71
71
59
103
127
115
114
116
127
146
163
164
167
176
186
188
185
205
211
208
201
201
208
191
172
187
221
243
228
179
147
161
156
129
166
197
165
120
100
96
77
71
45
50
100
76
38
15
-8
-28
-53
-33
-9
-12
-29
-63
-71
-70
-83
-102
-102
-72
-86
-99
-82
-99
-140
-150
-131
-124
-115
-106
-115
-147
-166
-163
-150
-143
-148
-168
-158
-121
-135
-182
-191
-171
-152
-145
-144
-135
-127
-144
-185
-194
-148
-126
-139
-135
-124
-128
-135
-149
-168
-155
-123
-111
-105
-95
-95
-128
-157
-143
-120
-65
-34
-69
-80
-62
-48
-60
-56
-28
11
40
30
25
25
24
26
47
91
122
116
93
89
103
111
123
134
150
180
178
167
159
144
129
141
185
197
198
193
174
155
148
165
166
174
177
174
174
156
149
147
149
160
142
139
140
135
129
109
114
122
116
103
96
94
84
84
76
66
68
63
43
20
12
22
24
19
19
9
-10
-13
-11
-28
-16
-4
-17
-31
-36
-37
-45
-53
-65
-67
-63
-62
-72
-88
-92
-94
-108
-116
-110
-107
-122
-134
-134
-143
-151
-160
-169
-157
-153
-157
-173
-172
-154
-163
-168
-166
-164
-150
-151
-160
-151
-141
-131
-128
-144
-128
-112
-112
-106
-110
-89
-66
-63
-56
-51
-41
-43
-63
-54
-22
7
23
15
8
12
1
-10
-2
17
45
64
52
44
45
47
41
25
42
81
100
85
69
71
63
66
70
78
102
117
110
95
109
127
105
88
101
119
141
137
121
117
112
115
110
112
122
126
123
129
138
130
116
104
97
99
114
120
105
94
94
98
90
73
66
71
66
62
64
67
62
44
34
30
22
19
17
14
8
3
-2
-10
-22
-37
-46
-58
-60
-60
-62
-66
-79
-94
-99
-105
-109
-112
-117
-124
-122
-121
-133
-135
-146
-154
-155
-150
-137
-143
-142
-139
-148
-146
-147
-152
-142
-128
-114
-99
-97
-94
-95
-103
-103
-86
-57
-42
-44
-49
-53
-55
-44
-46
-49
-32
-5
3
-5
-4
2
-6
-16
-9
-1
5
-2
-8
-1
10
19
15
8
-3
-1
13
20
25
39
54
58
43
30
26
28
40
52
77
100
95
72
59
65
69
74
92
108
118
113
102
102
97
88
88
98
113
121
116
111
110
109
107
106
111
117
111
104
112
123
120
101
92
99
103
93
80
77
73
72
65
58
59
49
23
4
20
30
13
-4
-12
-15
-25
-35
-37
-37
-35
-50
-69
-70
-64
-70
-92
-92
-78
-78
-91
-106
-110
-111
-110
-112
-120
-116
-116
-132
-143
-132
-129
-127
-121
-125
-130
-132
-139
-141
-133
-120
-106
-100
-100
-107
-103
-102
-106
-96
-81
-70
-60
-64
-67
-61
-56
-56
-47
-30
-31
-26
-15
-18
-19
-14
-10
-8
1
11
18
24
29
32
36
38
38
37
43
55
63
73
75
75
77
71
71
76
83
87
81
82
88
90
83
82
87
82
83
86
80
77
74
78
92
89
82
75
72
81
79
78
84
83
75
71
71
75
79
75
71
70
71
77
75
70
70
66
61
66
69
61
49
38
39
47
50
48
42
25
18
16
19
21
9
0
-5
-8
-3
-10
-25
-34
-39
-43
-48
-48
-55
-66
-68
-74
-72
-71
-78
-84
-91
-96
-95
-95
-107
-112
-113
-113
-115
-123
-123
-128
-132
-129
-134
-126
-120
-120
-120
-119
-111
-107
-107
-110
-103
-100
-99
-89
-94
-87
-76
-75
-70
-65
-59
-53
-50
-45
-40
-37
-30
-25
-27
-26
-18
-13
-9
-3
7
15
16
17
18
21
23
29
33
35
47
53
52
52
51
47
59
64
69
81
84
84
83
78
75
79
76
78
81
83
87
90
90
89
96
94
96
101
103
107
107
107
108
111
114
110
108
104
98
100
97
98
103
101
107
107
95
86
83
81
79
76
67
71
69
55
48
38
33
32
25
27
22
18
12
1
0
0
-8
-20
-25
-29
-29
-33
-45
-54
-58
-57
-61
-71
-74
-74
-78
-82
-85
-84
-84
-86
-95
-102
-105
-107
-108
-108
-108
-110
-107
-105
-107
-107
-114
-119
-116
-116
-112
-105
-104
-104
-105
-107
-113
-114
-111
-104
-96
-93
-90
-88
-85
-89
-91
-89
-86
-77
-70
-66
-56
-54
-62
-63
-59
-55
-48
-42
-32
-19
-15
-20
-14
-10
-5
-3
3
12
23
33
32
39
43
43
43
48
58
69
79
84
87
90
92
97
101
106
111
117
123
124
133
134
129
128
127
130
132
131
134
138
134
131
131
132
128
119
114
112
112
111
108
101
96
91
86
76
66
61
56
51
47
44
39
32
24
15
11
6
6
4
-4
-10
-15
-16
-20
-25
-30
-36
-38
-39
-43
-44
-50
-52
-52
-53
-54
-56
-58
-61
-64
-70
-73
-70
-75
-77
-78
-83
-85
-88
-95
-96
-98
-99
-100
-99
-96
-99
-98
-95
-97
-98
-99
-99
-93
-91
-93
-92
-94
-90
-90
-91
-88
-82
-81
-82
-78
-74
-74
-76
-74
-69
-62
-60
-59
-58
-53
-48
-43
-37
-33
-30
-28
-23
-18
-7
2
8
12
17
24
31
37
42
48
53
58
65
73
77
79
82
84
89
92
97
104
108
110
113
116
118
120
121
122
124
125
126
124
127
128
127
126
123
120
119
115
110
110
106
101
98
95
90
84
80
75
70
62
58
59
55
46
37
30
29
24
19
17
18
16
10
2
-6
-12
-19
-25
-28
-30
-30
-33
-40
-48
-54
-57
-62
-66
-71
-72
-72
-77
-82
-85
-87
-87
-91
-92
-92
-91
-90
-94
-98
-98
-98
-98
-102
-101
-98
-95
-96
-97
-95
-94
-95
-99
-101
-98
-91
-88
-86
-83
-81
-80
-81
-80
-78
-70
-64
-61
-58
-54
-49
-46
-43
-41
-34
-25
-19
-15
-9
-3
-1
2
5
11
18
22
26
32
37
42
44
46
46
48
51
57
62
65
67
70
73
72
71
73
76
78
78
81
87
89
87
82
82
82
81
80
81
83
82
82
80
76
74
72
72
71
72
74
73
71
66
62
59
55
50
47
46
45
43
37
34
30
25
21
11
6
5
-2
-9
-13
-14
-16
-23
-29
-31
-33
-36
-37
-39
-41
-42
-46
-49
-51
-52
-53
-58
-61
-62
-65
-69
-69
-67
-69
-71
-70
-67
-67
-69
-69
-67
-68
-70
-72
-71
-71
-72
-74
-74
-73
-75
-75
-75
-72
-68
-66
-62
-56
-51
-52
-49
-43
-38
-39
-37
-32
-29
-29
-26
-21
-16
-13
-11
-7
1
4
4
7
13
18
20
22
25
28
26
25
27
30
30
29
30
34
36
38
39
41
42
44
45
49
52
53
54
56
58
58
60
61
61
62
65
66
66
65
66
66
65
61
60
63
61
59
58
58
54
51
49
47
46
46
43
42
41
39
36
34
29
26
24
23
21
18
14
13
12
9
6
5
3
3
3
0
0
-3
-9
-10
-11
-14
-18
-21
-22
-20
-22
-24
-24
-25
-27
-29
-28
-27
-28
-31
-32
-33
-34
-37
-38
-38
-37
-37
-38
-39
-39
-39
-39
-43
-42
-40
-39
-40
-42
-42
-42
-43
-41
-41
-39
-40
-40
-39
-38
-37
-37
-36
-35
-35
-37
-36
-34
-32
-30
-31
-27
-25
-23
-22
-20
-14
-13
-14
-12
-8
-6
-5
-3
1
6
8
10
13
20
21
21
25
28
31
35
36
39
39
40
41
41
42
42
42
43
45
44
43
44
44
42
38
39
38
37
36
33
33
32
29
27
24
22
20
17
16
15
15
13
10
11
10
7
5
2
2
1
0
-1
-2
-4
-4
-4
-3
-5
-7
-7
-6
-6
-7
-6
-4
-6
-6
-7
-8
-9
-13
-13
-15
-15
-13
-14
-17
-19
-21
-23
-25
-27
-30
-31
-31
-32
-32
-31
-35
-37
-40
-41
-42
-43
-45
-45
-45
-45
-45
-46
-47
-48
-50
-48
-46
-46
-47
-47
-48
-45
-43
-42
-40
-38
-35
-33
-29
-26
-24
-21
-17
-13
-9
-3
0
4
7
12
16
18
22
25
27
32
34
36
39
39
40
42
44
46
44
46
44
46
46
47
46
45
44
43
44
41
40
38
37
38
37
36
35
33
30
27
27
26
27
25
20
20
20
20
17
16
14
14
14
14
13
15
15
15
15
15
17
16
16
17
17
20
19
18
19
19
20
19
18
17
18
17
16
13
14
13
10
9
8
8
7
2
-1
-4
-6
-8
-10
-13
-14
-17
-19
-22
-25
-27
-30
-32
-35
-37
-37
-38
-40
-43
-47
-47
-48
-47
-49
-49
-47
-47
-48
-46
-44
-41
-40
-42
-41
-37
-34
-32
-29
-27
-26
-25
-25
-21
-18
-16
-16
-13
-10
-6
-2
-1
-2
1
2
7
10
12
14
15
15
15
17
19
22
21
23
25
26
27
25
25
29
30
30
30
32
34
33
33
33
34
31
31
32
35
35
34
32
32
33
34
33
32
29
29
29
30
33
33
29
26
26
26
26
26
22
22
23
23
20
18
16
14
12
9
9
10
7
3
0
-2
-3
-4
-6
-8
-8
-9
-12
-15
-17
-19
-22
-24
-25
-25
-25
-27
-30
-31
-32
-35
-37
-38
-38
-37
-38
-40
-40
-41
-42
-43
-44
-44
-44
-44
-44
-44
-43
-43
-44
-44
-44
-44
-43
-41
-41
-42
-41
-42
-42
-42
-41
-41
-39
-39
-37
-36
-35
-35
-33
-31
-30
-28
-27
-25
-23
-23
-21
-20
-17
-13
-12
-10
-7
-4
-2
-1
2
3
5
6
8
11
13
14
16
19
21
26
29
30
33
37
40
42
43
45
47
50
52
54
54
56
57
57
60
60
61
62
62
62
61
61
61
60
59
57
57
56
56
54
51
49
48
47
46
45
43
41
39
35
31
30
27
23
21
19
16
13
9
4
2
0
-3
-7
-10
-14
-19
-22
-23
-25
-29
-30
-32
-33
-36
-36
-38
-40
-40
-42
-43
-43
-45
-46
-46
-46
-49
-50
-50
-53
-55
-56
-56
-57
-57
-57
-57
-56
-55
-56
-56
-55
-54
-52
-50
-47
-48
-47
-47
-44
-42
-39
-36
-34
-30
-29
-26
-24
-22
-19
-18
-14
-11
-9
-6
-4
-4
-2
0
4
7
9
12
14
17
20
23
26
30
34
36
39
40
39
40
42
43
46
49
50
50
51
51
52
53
55
56
56
57
55
54
54
55
54
54
53
54
53
54
54
52
51
50
51
50
51
52
51
49
48
48
48
49
47
46
43
41
39
40
39
38
37
37
35
34
30
27
23
21
18
14
14
12
9
5
2
-2
-4
-7
-10
-15
-18
-21
-26
-31
-35
-40
-43
-47
-50
-54
-57
-59
-60
-62
-66
-68
-72
-74
-75
-77
-76
-77
-78
-79
-80
-80
-80
-81
-81
-80
-78
-76
-75
-73
-71
-69
-68
-65
-61
-60
-59
-57
-55
-52
-47
-44
-40
-37
-34
-31
-27
-22
-19
-15
-14
-11
-8
-5
-3
0
3
5
7
10
12
16
18
20
22
25
29
31
31
32
35
36
37
39
39
38
40
43
43
44
47
47
48
50
50
50
51
51
52
52
52
50
49
49
51
50
50
50
49
50
50
48
48
46
45
45
44
43
41
40
38
37
36
35
35
33
32
30
28
28
26
24
20
19
18
16
14
11
8
5
2
0
-4
-5
-9
-11
-13
-15
-16
-20
-24
-25
-29
-31
-35
-39
-40
-43
-45
-47
-49
-51
-54
-57
-61
-61
-62
-62
-62
-62
-63
-64
-63
-65
-66
-65
-64
-63
-62
-61
-61
-61
-59
-57
-56
-55
-52
-50
-50
-47
-45
-43
-42
-40
-37
-35
-33
-32
-29
-24
-21
-20
-18
-15
-13
-10
-8
-5
-4
-1
2
4
5
6
9
11
14
16
20
23
26
27
29
32
33
34
36
37
38
39
40
39
40
41
42
45
46
48
50
50
51
51
52
53
52
53
54
55
53
52
52
51
51
52
52
52
53
54
53
53
52
52
51
49
47
45
43
42
39
38
36
35
34
33
32
30
28
27
25
24
22
19
17
15
13
11
10
7
4
1
-1
-4
-5
-8
-11
-13
-15
-17
-20
-22
-24
-26
-29
-32
-34
-36
-39
-41
-42
-43
-44
-45
-45
-46
-46
-48
-48
-49
-49
-49
-48
-49
-50
-50
-50
-50
-50
-51
-51
-50
-49
-47
-44
-42
-42
-42
-41
-39
-38
-37
-36
-33
-32
-29
-27
-25
-23
-21
-17
-16
-13
-10
-8
-5
-3
-1
1
3
6
8
9
12
12
12
13
16
17
18
19
21
25
28
28
30
30
31
32
34
36
36
38
38
39
41
42
41
41
41
40
41
40
39
38
40
40
39
36
34
34
34
31
29
29
28
25
26
25
24
22
19
17
17
16
14
11
8
8
5
5
4
3
0
-3
-6
-7
-8
-10
-13
-13
-14
-15
-18
-19
-20
-21
-23
-27
-25
-23
-24
-26
-28
-29
-28
-29
-28
-30
-29
-31
-31
-30
-29
-30
-31
-31
-32
-33
-33
-30
-29
-28
-27
-27
-27
-27
-28
-28
-28
-28
-26
-25
-25
-24
-22
-20
-20
-19
-19
-19
-17
-17
-16
-16
-17
-19
-18
-17
-16
-15
-14
-13
-10
-10
-8
-7
-6
-6
-6
-5
-2
-1
-1
0
2
5
5
6
7
9
11
12
14
15
16
18
20
22
22
22
23
24
26
24
25
28
30
29
30
29
30
31
31
31
31
30
28
26
25
23
20
18
16
16
15
14
13
12
11
9
8
7
7
5
3
4
4
4
2
2
0
0
0
0
1
2
4
4
2
3
3
3
2
3
2
2
2
1
-1
-1
-2
-3
-2
-1
-1
0
1
0
-2
-3
-4
-2
-1
-1
-2
-2
-3
-3
-3
-3
-3
-3
-3
-2
-1
-2
0
-3
-3
-4
-4
-5
-5
-5
-5
-6
-7
-7
-6
-7
-8
-7
-7
-6
-5
-5
-5
-7
-7
-8
-9
-8
-7
-7
-7
-7
-9
-8
-7
-6
-4
-4
-3
-1
0
-1
1
0
1
1
3
4
5
6
5
6
6
5
7
8
10
9
11
11
11
13
13
13
13
13
12
13
15
14
14
14
13
13
13
14
12
12
12
12
10
11
12
11
10
9
7
7
6
6
4
3
4
2
1
1
-1
-1
-2
-3
-3
-4
-4
-5
-5
-6
-8
-7
-9
-8
-11
-11
-12
-12
-13
-14
-14
-14
-13
-13
-14
-13
-14
-13
-12
-13
-12
-13
-13
-11
-12
-13
-13
-13
-12
-12
-10
-10
-11
-10
-10
-7
-8
-8
-9
-7
-5
-6
-6
-7
-8
-6
-5
-3
-3
-3
-1
-1
0
1
1
1
0
1
1
-1
0
0
1
3
2
3
2
3
3
2
0
1
3
4
3
1
1
1
1
1
1
0
1
0
1
2
2
0
1
1
1
3
2
2
3
2
3
2
1
3
3
3
3
3
3
5
3
4
3
5
5
4
4
3
4
4
4
5
3
5
3
4
4
3
3
3
2
2
2
2
2
2
1
0
0
0
0
1
1
0
-2
-1
-1
-2
-2
-1
-2
-2
-1
-1
-1
-2
-2
-2
-2
-2
-2
-3
-4
-4
-4
-4
-3
-3
-3
-3
-4
-4
-3
-3
-4
-4
-4
-4
-4
-5
-4
-4
-4
-4
-3
-3
-3
-3
-1
-2
-2
-4
-3
-3
-3
-3
-4
-3
-3
-3
-3
-2
-1
-1
-2
-1
-1
0
0
-1
0
1
0
1
2
3
4
4
