4
4
4
3
4
4
5
5
4
4
4
4
3
4
4
3
4
4
4
3
4
4
3
2
3
3
3
3
2
3
3
1
1
0
1
0
-1
-1
-1
-1
-1
-1
-3
-3
-3
-3
-4
-3
-3
-4
-4
-5
-3
-5
-5
-4
-5
-5
-6
-5
-5
-6
-5
-6
-5
-5
-4
-5
-5
-4
-5
-5
-5
-4
-3
-3
-2
-2
-3
-3
-2
-2
-2
-1
0
-2
-2
0
-1
-2
-3
-1
-2
-3
-3
-4
-5
-5
-5
-5
-4
-5
-6
-7
-7
-7
-7
-6
-5
-6
-6
-6
-3
-3
-4
-3
-2
0
-1
2
1
3
5
6
7
7
8
9
10
12
14
14
14
17
18
19
20
22
23
24
26
25
24
25
25
25
24
23
21
21
20
19
17
16
13
11
10
9
6
4
3
2
1
-2
-5
-6
-9
-12
-13
-15
-16
-18
-19
-22
-23
-23
-23
-25
-26
-25
-25
-25
-28
-28
-31
-32
-34
-34
-36
-38
-38
-38
-40
-41
-41
-43
-44
-45
-44
-45
-47
-47
-45
-48
-49
-45
-39
-36
-32
-27
-23
-26
-26
-22
-21
-20
-15
-7
-5
-2
5
11
13
18
28
34
34
40
44
43
40
43
47
46
46
47
47
44
45
46
43
43
44
44
42
41
39
34
29
25
21
16
13
8
5
1
-2
-6
-8
-10
-12
-15
-18
-20
-22
-23
-24
-26
-24
-22
-19
-17
-10
-6
-5
-1
5
10
16
23
32
39
47
55
58
63
72
80
85
95
105
112
116
122
125
127
131
133
129
127
128
126
121
115
113
109
104
97
92
84
77
69
60
51
37
25
16
4
-9
-19
-29
-39
-48
-55
-62
-72
-81
-87
-96
-106
-114
-119
-125
-130
-138
-144
-149
-154
-161
-164
-163
-165
-165
-166
-169
-172
-173
-177
-184
-185
-186
-185
-182
-168
-151
-137
-123
-111
-109
-107
-98
-94
-98
-89
-66
-49
-41
-23
2
7
11
32
53
56
62
82
88
78
82
94
87
76
84
86
70
63
74
73
61
64
72
66
59
62
64
54
45
38
27
14
3
-3
-16
-24
-25
-28
-32
-34
-33
-32
-34
-38
-40
-41
-41
-42
-43
-40
-35
-29
-22
-10
5
19
30
41
58
74
88
102
115
129
138
150
165
172
180
196
213
221
231
245
250
249
250
251
246
239
239
234
222
210
201
189
174
161
150
136
122
105
88
71
48
24
5
-16
-36
-55
-70
-87
-102
-116
-134
-150
-164
-179
-193
-203
-214
-226
-237
-247
-255
-259
-264
-269
-273
-273
-272
-273
-276
-278
-282
-284
-283
-286
-288
-284
-281
-280
-264
-238
-217
-199
-172
-150
-147
-144
-129
-122
-119
-104
-76
-60
-49
-28
-4
6
20
52
78
87
104
130
134
126
135
148
143
132
137
138
124
119
126
124
117
120
128
126
122
124
119
106
95
86
74
57
46
35
24
12
5
-1
-6
-9
-10
-11
-13
-17
-20
-22
-23
-24
-25
-25
-19
-12
-5
-1
11
24
41
62
87
109
128
148
164
177
189
201
215
228
242
259
275
287
301
317
327
331
336
339
335
326
320
310
293
275
264
246
226
210
195
174
156
139
115
88
64
36
8
-16
-37
-61
-84
-105
-127
-150
-171
-192
-212
-231
-249
-268
-283
-289
-303
-316
-323
-336
-349
-356
-365
-373
-379
-383
-388
-390
-397
-402
-403
-403
-402
-391
-366
-338
-308
-278
-256
-249
-247
-234
-218
-211
-197
-171
-138
-117
-92
-58
-39
-27
4
50
79
91
113
132
127
131
153
162
154
155
168
163
152
157
168
164
160
167
169
162
162
162
155
141
128
117
105
94
83
70
51
39
32
22
7
-3
-14
-27
-35
-37
-39
-41
-44
-43
-43
-39
-34
-31
-28
-19
-8
0
12
26
44
60
70
81
99
121
141
166
210
250
267
268
273
282
285
290
306
316
324
350
372
365
354
354
351
344
349
355
331
292
269
251
220
191
169
144
123
105
79
47
20
1
-16
-41
-70
-103
-135
-156
-179
-214
-250
-280
-305
-319
-325
-336
-358
-373
-374
-376
-386
-397
-410
-426
-435
-437
-448
-472
-494
-499
-495
-493
-484
-462
-424
-380
-333
-291
-278
-286
-280
-261
-250
-243
-219
-189
-168
-138
-91
-51
-32
2
51
92
125
156
175
175
182
198
206
194
187
195
200
198
194
197
203
207
215
227
231
223
213
210
199
176
153
137
118
104
96
82
63
50
42
38
34
24
9
-14
-28
-32
-41
-56
-64
-60
-51
-46
-45
-40
-30
-22
-13
0
11
24
38
54
72
89
101
121
148
188
236
269
283
287
301
316
319
322
333
339
345
362
374
362
350
352
360
360
360
359
336
304
282
262
229
198
170
139
104
72
43
14
-6
-22
-39
-60
-85
-115
-143
-165
-190
-227
-265
-301
-324
-339
-353
-371
-390
-401
-407
-410
-413
-422
-436
-452
-463
-477
-493
-511
-532
-551
-554
-526
-490
-464
-439
-392
-342
-325
-326
-315
-298
-295
-274
-224
-201
-200
-171
-113
-76
-48
9
70
99
137
204
233
214
213
247
253
231
234
244
233
226
243
259
255
265
287
303
307
304
295
274
252
234
214
190
161
134
120
119
108
92
81
70
58
44
27
-5
-35
-46
-53
-71
-90
-96
-96
-96
-92
-87
-82
-70
-57
-47
-40
-28
-13
-9
2
25
47
64
87
119
168
220
261
273
276
295
310
314
321
326
333
348
374
376
360
361
371
377
381
393
376
337
312
297
264
222
192
163
125
90
65
38
12
-6
-20
-39
-60
-85
-120
-153
-183
-217
-253
-296
-332
-355
-370
-385
-409
-429
-450
-465
-472
-479
-489
-503
-522
-558
-586
-612
-637
-658
-653
-628
-618
-600
-556
-481
-436
-422
-383
-297
-229
-211
-179
-120
-74
-34
52
123
144
182
264
310
299
325
383
385
340
330
332
284
230
211
176
101
47
34
16
-24
-43
-38
-33
-34
-27
-5
15
38
61
90
115
141
174
198
204
204
212
216
199
177
160
127
87
52
21
-12
-45
-61
-75
-89
-96
-90
-77
-58
-34
-13
15
58
105
155
198
241
295
349
409
479
550
596
615
624
610
563
493
431
363
290
221
147
68
-4
-42
-75
-105
-127
-128
-129
-132
-118
-114
-114
-106
-73
-44
-29
-14
4
22
47
78
93
99
104
107
83
46
6
-34
-84
-147
-210
-276
-327
-376
-429
-467
-487
-510
-546
-556
-545
-533
-546
-557
-571
-601
-588
-515
-424
-352
-233
-44
113
159
162
220
261
220
159
143
106
14
-59
-110
-207
-294
-284
-256
-299
-339
-308
-289
-324
-322
-278
-264
-264
-218
-149
-110
-58
51
172
249
317
409
491
524
529
526
485
410
328
258
177
94
41
1
-37
-58
-39
-12
1
20
52
80
93
115
141
164
185
224
273
314
353
391
432
456
470
466
443
410
363
297
211
136
78
26
-30
-66
-76
-84
-83
-53
4
41
68
116
161
171
139
115
105
81
44
15
2
-17
-25
-17
-12
-24
-16
19
34
15
2
10
-12
-41
-50
-51
-62
-56
-24
5
37
76
111
134
156
157
126
84
42
-17
-88
-153
-220
-271
-297
-325
-366
-399
-409
-438
-488
-525
-545
-559
-573
-590
-628
-664
-632
-533
-431
-346
-201
28
207
221
158
171
207
138
-6
-74
-66
-75
-117
-162
-209
-246
-242
-232
-281
-352
-357
-323
-319
-322
-266
-172
-96
2
115
205
258
320
390
416
417
418
418
414
406
397
367
323
280
240
198
142
73
5
-40
-72
-91
-85
-51
12
94
170
221
278
335
369
369
354
349
342
334
312
300
316
332
326
297
281
258
211
148
82
17
-27
-49
-76
-83
-38
34
93
138
189
225
198
125
47
-5
-52
-92
-111
-112
-89
-64
-55
-75
-103
-112
-116
-135
-161
-154
-129
-102
-72
-35
-2
29
61
64
34
11
10
8
3
8
24
40
45
28
-19
-86
-166
-256
-362
-468
-543
-584
-582
-563
-544
-505
-455
-424
-439
-488
-556
-603
-559
-440
-318
-191
12
249
377
351
293
271
243
146
34
-33
-78
-126
-178
-223
-295
-354
-359
-355
-392
-431
-400
-349
-304
-207
-69
33
117
236
323
347
368
416
442
439
443
442
439
442
437
395
333
274
196
104
21
-43
-89
-107
-106
-89
-40
37
113
170
228
270
296
324
345
361
373
392
417
437
446
443
429
400
337
266
214
171
117
61
35
31
34
34
43
76
160
267
291
218
124
77
24
-77
-167
-153
-47
51
90
56
-14
-74
-122
-183
-262
-296
-260
-181
-115
-63
-21
13
36
44
11
-84
-186
-234
-214
-168
-110
-39
37
106
134
110
22
-97
-217
-317
-382
-412
-408
-387
-352
-332
-324
-347
-404
-460
-499
-517
-561
-615
-659
-677
-628
-493
-303
-156
3
224
408
404
234
127
109
87
13
-2
85
152
158
108
16
-151
-309
-393
-466
-567
-615
-519
-380
-257
-120
28
118
144
173
177
145
125
181
272
353
442
533
586
577
533
452
335
200
95
30
-9
-10
17
62
105
136
165
168
160
150
152
160
192
262
333
392
441
493
528
509
459
405
360
321
295
289
306
325
325
302
258
192
105
39
32
50
58
88
133
138
88
5
-65
-123
-183
-224
-229
-214
-201
-193
-181
-166
-170
-179
-165
-147
-139
-114
-76
-37
4
48
57
18
-22
-67
-133
-189
-204
-199
-189
-159
-133
-136
-154
-167
-199
-258
-309
-340
-372
-396
-393
-392
-394
-389
-390
-414
-444
-459
-468
-478
-511
-565
-565
-466
-319
-181
-45
132
309
355
240
85
11
-12
-32
-11
77
184
232
204
106
-55
-236
-385
-477
-528
-519
-440
-327
-192
-47
78
135
142
138
123
99
106
177
272
365
459
531
546
498
424
316
195
113
69
49
56
99
147
164
155
134
100
59
39
59
110
171
249
354
440
478
476
464
439
391
337
307
300
309
337
359
371
382
369
307
224
147
87
93
160
241
285
293
276
209
105
-5
-76
-103
-82
-39
-25
-39
-73
-123
-171
-216
-257
-286
-291
-258
-199
-140
-112
-98
-60
-30
-41
-95
-136
-143
-120
-66
-16
9
-6
-38
-90
-174
-267
-355
-410
-431
-419
-381
-334
-298
-286
-297
-342
-416
-513
-601
-655
-653
-605
-543
-495
-482
-469
-423
-309
-184
-95
28
208
342
294
166
110
121
138
150
222
277
250
177
85
-49
-238
-355
-362
-357
-392
-386
-307
-239
-208
-173
-132
-116
-87
1
93
156
260
422
545
559
534
520
486
396
282
211
170
164
196
222
202
141
94
41
-42
-106
-105
-54
19
109
206
280
327
356
364
357
353
367
405
457
508
549
587
591
549
482
406
319
223
151
116
112
139
212
288
319
303
243
154
28
-96
-174
-185
-135
-70
-13
8
-22
-99
-183
-267
-331
-336
-292
-220
-151
-85
-52
-63
-97
-133
-177
-228
-250
-241
-196
-124
-50
-8
-14
-48
-110
-202
-301
-370
-388
-364
-322
-301
-295
-317
-363
-429
-505
-561
-591
-586
-563
-512
-459
-420
-421
-480
-540
-562
-500
-381
-218
6
253
439
460
348
201
105
54
51
115
197
255
260
221
95
-101
-268
-344
-354
-361
-352
-314
-238
-149
-72
-45
-89
-134
-117
-42
47
142
295
484
620
659
636
574
474
364
272
193
136
128
170
208
186
121
40
-42
-112
-144
-119
-51
48
161
273
352
377
373
364
361
369
406
473
543
605
650
663
621
536
448
381
347
336
341
345
337
301
249
163
39
-80
-160
-168
-122
-46
12
30
21
-9
-53
-135
-227
-269
-238
-179
-143
-125
-105
-88
-94
-126
-179
-226
-237
-205
-169
-150
-132
-113
-109
-137
-193
-265
-324
-352
-355
-319
-264
-217
-203
-220
-270
-352
-428
-473
-486
-470
-430
-394
-388
-397
-415
-457
-528
-596
-637
-666
-645
-568
-400
-160
88
262
257
119
-66
-181
-186
-102
88
319
520
574
452
220
-52
-239
-302
-249
-160
-111
-87
-78
-83
-115
-175
-251
-338
-391
-360
-241
-68
127
335
502
573
541
458
382
335
347
395
444
470
481
502
498
447
330
182
50
-45
-62
-15
82
169
221
246
224
171
110
88
116
193
309
412
473
491
501
498
476
441
415
419
438
450
445
425
381
301
196
94
10
-43
-54
-34
-11
-7
-20
-48
-90
-129
-158
-162
-147
-125
-107
-100
-116
-147
-167
-149
-102
-40
15
44
33
-16
-79
-137
-185
-200
-184
-158
-151
-174
-201
-233
-264
-285
-284
-265
-267
-290
-320
-340
-349
-351
-340
-327
-313
-308
-328
-374
-422
-452
-468
-476
-498
-525
-555
-576
-576
-538
-467
-416
-408
-404
-374
-315
-262
-231
-215
-172
-79
29
97
91
55
49
92
163
210
213
182
159
177
206
227
224
230
245
254
262
256
249
242
267
332
401
456
476
480
479
459
413
346
299
300
327
334
309
265
220
180
141
115
93
67
54
60
85
102
98
68
34
24
46
70
73
62
61
75
104
134
167
208
275
356
392
373
316
264
246
263
299
315
308
306
316
324
305
253
192
148
152
162
144
90
37
14
7
3
-24
-57
-79
-90
-90
-105
-132
-166
-183
-183
-192
-220
-273
-331
-389
-433
-469
-509
-539
-545
-520
-487
-479
-510
-571
-614
-621
-603
-578
-561
-557
-558
-544
-528
-541
-580
-627
-628
-553
-427
-318
-300
-351
-392
-370
-305
-247
-216
-196
-147
-41
76
138
119
68
76
168
294
370
362
321
301
335
377
365
307
251
239
244
226
192
156
142
152
182
222
243
251
257
274
282
253
213
195
220
259
272
250
200
161
166
191
201
174
138
126
131
141
138
116
82
56
66
104
126
107
71
65
92
129
163
180
194
210
252
297
327
346
367
402
433
448
442
427
411
391
370
365
362
341
306
280
257
220
172
116
55
-11
-68
-117
-160
-183
-205
-217
-226
-234
-242
-260
-273
-286
-297
-300
-313
-327
-343
-344
-343
-364
-386
-394
-388
-392
-412
-435
-452
-456
-467
-478
-498
-526
-546
-551
-532
-519
-521
-533
-559
-591
-576
-484
-376
-331
-356
-375
-343
-290
-238
-204
-186
-159
-85
36
119
113
55
36
101
207
287
297
275
260
276
313
309
260
207
198
223
231
215
196
195
203
205
225
231
225
220
227
247
236
199
183
207
252
274
284
279
254
235
238
247
220
175
157
172
201
223
224
201
161
156
198
240
243
198
164
167
184
191
187
185
186
201
248
295
315
303
293
314
363
418
433
403
367
353
365
351
298
243
220
248
272
252
184
100
30
-37
-102
-173
-244
-294
-309
-299
-303
-334
-374
-397
-390
-383
-397
-429
-447
-432
-411
-404
-421
-435
-426
-401
-379
-393
-419
-436
-441
-424
-407
-404
-436
-478
-493
-493
-481
-493
-529
-575
-617
-615
-558
-455
-389
-400
-438
-442
-406
-355
-308
-272
-237
-168
-55
53
95
64
24
43
127
207
229
201
177
187
237
282
283
241
201
187
171
139
100
86
104
136
175
198
206
211
223
248
262
253
238
242
283
325
349
358
345
330
324
328
324
284
243
236
265
301
307
295
267
240
224
218
219
217
225
260
304
337
349
347
345
341
351
366
374
366
348
360
399
432
430
403
382
358
325
299
272
242
218
221
223
198
143
83
23
-35
-82
-127
-160
-197
-239
-270
-288
-312
-357
-401
-432
-453
-466
-478
-490
-504
-522
-532
-537
-537
-526
-515
-504
-506
-507
-492
-466
-448
-453
-454
-448
-448
-454
-462
-464
-484
-510
-529
-546
-547
-512
-425
-346
-332
-378
-422
-416
-386
-355
-328
-309
-278
-206
-83
21
47
17
2
50
128
182
185
168
163
203
271
323
327
293
265
248
218
177
155
171
199
226
248
257
238
205
181
179
172
153
152
189
253
308
343
354
346
338
348
366
357
318
286
293
319
339
343
335
327
318
325
334
324
292
264
286
336
385
416
424
426
444
475
504
501
471
449
475
538
584
584
550
510
476
450
424
375
308
258
252
252
213
136
48
-25
-83
-144
-214
-292
-349
-380
-394
-413
-454
-507
-544
-564
-585
-618
-652
-678
-681
-667
-644
-622
-609
-605
-609
-614
-615
-616
-617
-613
-592
-563
-545
-542
-549
-549
-533
-526
-538
-569
-606
-613
-546
-419
-315
-292
-329
-352
-327
-265
-207
-184
-189
-171
-92
11
73
70
42
64
145
228
243
186
119
104
147
208
238
223
193
175
172
163
136
110
101
106
119
138
153
150
134
129
131
114
78
59
81
125
160
184
195
198
218
261
303
311
293
284
304
338
364
378
383
381
395
440
485
487
454
427
442
487
532
559
566
569
585
617
649
653
628
612
631
668
680
660
624
589
563
551
534
485
404
324
272
239
191
117
46
-12
-77
-153
-240
-321
-392
-445
-474
-502
-549
-607
-653
-681
-709
-744
-778
-802
-813
-812
-795
-771
-754
-741
-729
-717
-708
-699
-691
-677
-664
-652
-639
-632
-626
-621
-604
-592
-603
-604
-551
-449
-372
-350
-355
-354
-336
-296
-246
-208
-191
-156
-71
25
72
69
57
81
144
215
242
209
155
138
167
201
207
179
139
113
97
86
84
81
64
46
55
88
116
117
104
86
69
55
49
64
86
100
110
119
128
132
149
183
214
219
218
236
274
314
344
367
377
386
411
456
504
528
530
533
564
625
691
736
749
748
753
773
796
804
803
804
806
799
784
769
757
744
724
692
646
589
534
471
404
337
261
190
131
76
19
-50
-125
-202
-276
-342
-400
-454
-505
-547
-583
-612
-642
-685
-729
-764
-794
-819
-840
-859
-863
-845
-814
-789
-787
-795
-799
-793
-789
-796
-813
-818
-811
-787
-796
-843
-879
-861
-721
-562
-444
-339
-219
-87
-37
-87
-212
-361
-397
-240
30
282
461
565
590
523
364
138
-105
-249
-207
-18
214
391
464
412
236
-11
-274
-478
-565
-534
-397
-196
13
165
216
176
60
-88
-215
-280
-247
-138
17
160
257
279
244
192
156
146
129
130
185
279
372
395
348
279
229
250
330
448
559
633
709
777
825
819
773
743
764
853
968
1065
1118
1126
1112
1078
1021
935
848
789
767
767
743
682
582
474
380
300
222
132
46
-26
-104
-196
-296
-378
-426
-437
-421
-394
-371
-379
-411
-461
-529
-614
-700
-740
-733
-701
-665
-636
-626
-637
-665
-711
-769
-833
-881
-892
-885
-885
-903
-929
-939
-945
-940
-895
-776
-595
-422
-306
-238
-184
-148
-155
-177
-176
-112
33
230
398
423
322
190
99
54
11
-33
-93
-142
-169
-203
-249
-334
-401
-401
-362
-343
-384
-440
-472
-492
-482
-413
-270
-112
13
99
137
122
75
56
91
144
185
208
217
187
137
124
156
204
214
201
177
139
104
84
97
122
162
239
329
394
432
484
601
757
914
1036
1100
1113
1089
1063
1035
1019
1018
1043
1106
1141
1120
1031
921
841
775
717
640
525
395
272
196
161
149
149
154
159
131
81
40
29
32
33
36
34
28
23
19
-2
-50
-110
-175
-252
-333
-417
-486
-556
-630
-686
-719
-741
-783
-843
-894
-936
-973
-1001
-1019
-1034
-1052
-1052
-1014
-976
-944
-901
-784
-573
-363
-230
-189
-163
-129
-138
-174
-198
-163
-65
44
114
75
-27
-93
-72
-17
-28
-99
-183
-269
-362
-442
-462
-445
-416
-372
-341
-371
-436
-396
-247
-122
-87
-84
-30
42
95
130
143
134
125
140
149
112
67
77
113
98
30
-27
-43
-51
-74
-89
-103
-112
-78
-15
35
58
104
205
316
408
501
624
766
881
968
1036
1082
1089
1083
1088
1074
1060
1065
1079
1053
978
911
879
861
827
767
673
564
472
409
358
304
271
275
289
285
260
262
285
295
292
274
253
236
229
213
152
75
16
-22
-84
-182
-286
-369
-438
-514
-598
-687
-764
-812
-825
-832
-872
-921
-957
-980
-1003
-1036
-1059
-1094
-1155
-1168
-1090
-892
-637
-417
-303
-285
-257
-229
-231
-282
-328
-302
-226
-137
-100
-136
-197
-222
-191
-168
-208
-273
-307
-310
-335
-384
-444
-492
-489
-438
-389
-413
-434
-361
-241
-163
-141
-109
-51
6
64
116
136
125
131
159
135
68
22
16
4
-41
-74
-66
-44
-19
-6
-24
-87
-139
-127
-87
-56
-16
61
146
224
334
486
627
717
799
889
957
984
993
1007
993
961
944
944
926
896
895
915
910
882
839
776
682
585
528
488
457
435
428
405
370
360
370
383
383
401
436
478
517
525
476
383
284
197
103
12
-53
-91
-123
-172
-219
-276
-352
-421
-478
-532
-598
-659
-701
-757
-826
-880
-911
-945
-1001
-1039
-1007
-871
-668
-498
-420
-407
-370
-314
-318
-366
-388
-349
-298
-278
-280
-313
-353
-365
-351
-346
-382
-399
-403
-438
-519
-592
-609
-615
-615
-595
-569
-563
-556
-499
-425
-390
-357
-285
-193
-112
-47
20
76
95
92
76
59
42
21
-19
-72
-97
-83
-58
-46
-42
-27
-29
-37
-36
-38
-55
-71
-63
-36
-10
41
161
313
459
561
651
740
807
853
854
869
885
885
875
830
781
745
737
738
701
684
707
715
666
592
563
529
473
439
430
413
375
365
386
401
410
430
465
505
544
579
605
603
574
523
449
358
253
149
52
-27
-79
-124
-174
-207
-217
-230
-285
-392
-512
-608
-651
-670
-705
-771
-847
-848
-760
-574
-405
-316
-268
-203
-95
-55
-68
-96
-103
-118
-178
-246
-318
-402
-472
-512
-513
-528
-531
-518
-557
-651
-751
-768
-758
-770
-781
-805
-832
-839
-786
-702
-644
-581
-489
-379
-287
-222
-155
-100
-62
-52
-66
-69
-69
-62
-85
-136
-198
-242
-249
-256
-262
-278
-276
-252
-221
-190
-165
-123
-75
-31
1
50
145
255
371
463
560
662
746
809
846
891
919
939
945
921
877
823
785
729
651
600
568
535
490
434
397
374
376
378
373
377
379
378
370
365
370
377
409
452
501
565
626
664
649
597
540
479
417
342
261
183
111
43
-16
-56
-89
-122
-162
-211
-267
-325
-377
-427
-490
-539
-524
-411
-240
-116
-54
-9
86
166
175
159
170
204
193
161
114
28
-80
-191
-287
-374
-445
-481
-543
-657
-786
-861
-869
-883
-917
-953
-971
-982
-987
-945
-888
-855
-826
-755
-669
-609
-534
-413
-308
-274
-279
-285
-279
-278
-276
-300
-354
-408
-429
-427
-437
-454
-453
-438
-431
-419
-377
-314
-272
-239
-196
-134
-35
107
260
384
462
547
654
740
779
777
795
814
840
855
831
787
721
669
611
542
492
459
428
367
303
273
247
222
199
200
211
213
223
244
289
340
391
443
482
519
560
600
605
589
568
543
508
464
424
366
307
256
201
140
82
48
15
-24
-60
-84
-90
-109
-160
-236
-268
-183
-15
129
179
209
301
401
431
417
454
520
536
520
494
429
301
152
23
-101
-204
-274
-355
-485
-631
-706
-728
-778
-858
-907
-906
-913
-940
-932
-909
-902
-877
-811
-736
-705
-655
-543
-438
-401
-403
-396
-391
-396
-400
-411
-441
-481
-502
-502
-515
-543
-571
-588
-603
-605
-579
-533
-473
-413
-340
-278
-194
-65
72
181
250
355
471
554
597
622
658
667
677
692
682
647
609
579
521
433
373
327
252
148
77
49
11
-21
-18
11
33
60
96
117
114
133
187
235
264
307
379
453
507
531
535
522
516
493
437
355
283
248
210
164
126
114
117
105
92
64
35
29
1
-14
3
132
284
348
376
459
621
707
693
699
750
799
797
758
694
568
461
395
326
206
74
-7
-114
-281
-409
-470
-543
-669
-772
-804
-833
-875
-872
-825
-798
-786
-740
-687
-690
-696
-626
-529
-491
-504
-491
-448
-418
-393
-401
-453
-531
-571
-558
-574
-625
-672
-678
-677
-676
-662
-636
-608
-563
-487
-390
-271
-138
-4
88
146
219
300
376
434
494
549
588
607
601
575
533
491
448
386
331
289
242
172
82
17
-27
-79
-144
-195
-212
-213
-219
-227
-215
-173
-105
-42
7
48
95
154
210
243
248
247
260
259
236
206
180
166
144
129
118
99
85
77
63
32
-5
-13
-10
15
119
289
438
487
529
648
787
869
901
965
1027
1043
1060
1069
1027
916
824
776
688
573
470
368
230
87
12
-51
-158
-273
-345
-406
-499
-573
-597
-607
-639
-646
-610
-574
-563
-531
-470
-427
-414
-401
-394
-414
-428
-426
-458
-541
-606
-621
-627
-669
-715
-727
-717
-705
-700
-695
-693
-674
-613
-539
-461
-379
-280
-165
-47
67
172
265
341
395
442
490
530
533
490
428
384
366
352
319
253
183
132
93
58
12
-30
-71
-114
-172
-233
-269
-281
-295
-311
-310
-283
-253
-223
-177
-128
-76
-37
-6
15
28
34
30
11
-26
-63
-80
-85
-116
-166
-206
-200
-183
-180
-181
-172
-124
-22
132
281
343
372
468
624
725
738
784
892
984
1038
1083
1108
1044
946
907
876
808
726
657
567
430
332
281
215
126
66
51
2
-82
-132
-132
-141
-189
-221
-238
-260
-268
-234
-194
-215
-260
-262
-237
-233
-254
-292
-351
-407
-426
-432
-482
-566
-633
-673
-711
-750
-772
-759
-718
-644
-562
-502
-433
-336
-219
-143
-99
-51
20
103
156
194
216
233
256
273
281
276
266
243
180
107
42
-14
-86
-169
-224
-254
-266
-269
-271
-278
-278
-252
-230
-239
-268
-277
-269
-275
-282
-283
-278
-270
-253
-215
-193
-187
-179
-160
-146
-170
-189
-197
-209
-259
-334
-370
-370
-384
-387
-344
-202
-24
97
174
268
436
557
619
672
765
857
888
906
896
855
816
798
783
732
690
670
599
501
421
406
384
313
249
198
170
133
115
126
126
129
146
190
210
199
223
263
268
212
168
164
161
146
92
10
-75
-126
-139
-180
-239
-306
-349
-374
-410
-449
-489
-501
-500
-472
-420
-363
-301
-232
-140
-64
-12
62
150
229
272
298
315
300
278
243
195
143
84
37
-14
-78
-140
-200
-253
-319
-377
-419
-452
-474
-483
-471
-463
-468
-470
-455
-422
-396
-383
-361
-333
-311
-301
-281
-267
-266
-282
-309
-323
-341
-366
-397
-419
-441
-490
-539
-573
-599
-615
-587
-482
-339
-228
-144
-51
68
182
266
345
434
540
635
706
755
758
733
713
695
673
637
610
551
442
348
298
261
187
116
84
60
44
45
61
63
65
105
158
197
208
242
295
332
357
379
406
409
401
419
425
384
314
268
227
163
93
25
-47
-127
-185
-208
-215
-207
-180
-147
-117
-97
-55
5
76
136
195
269
342
394
407
413
420
417
395
353
309
268
233
185
112
34
-39
-101
-170
-240
-292
-340
-395
-465
-510
-522
-530
-543
-555
-550
-527
-501
-474
-452
-436
-417
-394
-370
-363
-366
-363
-354
-363
-403
-439
-453
-466
-514
-590
-658
-696
-723
-712
-646
-529
-417
-346
-267
-157
-33
59
126
205
300
388
460
498
485
425
380
379
384
359
314
268
210
153
113
87
52
0
-41
-78
-117
-139
-147
-150
-157
-140
-88
-42
-18
25
109
193
236
252
287
335
375
409
424
409
377
369
371
333
267
207
168
121
69
41
28
28
45
87
144
188
238
289
341
383
435
505
563
597
601
607
630
637
615
571
532
498
452
393
314
236
168
106
38
-44
-122
-185
-232
-281
-343
-393
-420
-435
-455
-470
-472
-469
-464
-454
-441
-431
-422
-407
-395
-393
-392
-379
-374
-383
-396
-401
-404
-440
-500
-558
-593
-585
-535
-444
-372
-315
-258
-167
-63
-4
45
101
183
253
294
327
315
273
229
196
176
141
135
118
53
-27
-79
-71
-83
-130
-186
-245
-289
-338
-354
-359
-380
-395
-395
-370
-350
-318
-255
-193
-151
-125
-76
-10
37
78
109
121
107
107
132
150
147
131
124
121
122
134
153
192
231
263
297
333
396
449
487
509
534
581
627
678
716
739
746
750
759
744
721
694
657
607
526
452
391
338
283
206
124
29
-51
-107
-154
-196
-231
-245
-267
-299
-319
-328
-340
-369
-392
-403
-409
-416
-429
-433
-449
-468
-473
-474
-483
-509
-510
-491
-488
-501
-464
-353
-216
-145
-98
-21
81
167
194
220
256
296
335
349
350
322
284
263
223
189
159
152
138
74
14
-41
-75
-116
-165
-208
-284
-347
-383
-394
-410
-459
-487
-488
-465
-451
-439
-406
-377
-353
-344
-343
-347
-367
-385
-408
-427
-442
-439
-425
-412
-393
-352
-286
-238
-206
-155
-78
19
90
149
200
255
326
379
426
462
522
589
635
664
677
708
740
754
751
738
743
737
712
666
612
572
522
472
422
376
340
290
232
165
114
96
89
80
49
26
11
-6
-30
-66
-99
-137
-183
-235
-296
-349
-402
-444
-471
-487
-488
-480
-470
-473
-480
-432
-318
-182
-82
-16
74
180
276
326
362
409
457
499
530
539
525
493
454
400
347
320
308
269
178
79
18
-8
-35
-84
-147
-209
-248
-250
-239
-239
-249
-259
-262
-254
-230
-202
-194
-214
-244
-284
-327
-365
-404
-456
-533
-611
-663
-696
-719
-738
-734
-722
-713
-697
-669
-628
-581
-514
-434
-359
-285
-209
-114
-32
32
98
171
262
342
408
454
470
475
473
475
472
457
434
395
357
319
288
260
228
206
179
153
133
124
125
115
112
115
127
141
142
143
138
121
106
87
67
31
-10
-55
-109
-167
-223
-272
-317
-342
-359
-375
-419
-429
-348
-199
-53
25
110
206
303
376
418
492
554
606
648
679
712
696
681
661
619
574
514
470
385
276
188
122
91
40
-9
-55
-107
-114
-99
-58
-39
-32
10
48
92
109
117
128
110
92
51
12
-38
-105
-174
-260
-333
-392
-432
-481
-551
-612
-657
-672
-679
-681
-673
-652
-598
-531
-466
-407
-343
-259
-185
-128
-76
-9
67
119
153
184
209
221
214
200
178
146
107
63
10
-46
-82
-113
-148
-195
-225
-226
-228
-231
-222
-189
-156
-143
-119
-96
-77
-71
-67
-62
-80
-94
-106
-121
-149
-197
-224
-249
-278
-301
-324
-326
-356
-386
-352
-260
-125
-30
57
156
236
306
339
398
464
526
605
645
679
692
716
752
739
708
656
623
582
481
369
259
190
133
81
51
13
8
35
83
130
165
224
271
300
315
328
364
370
352
312
281
268
239
203
139
65
2
-48
-93
-158
-220
-279
-331
-372
-394
-388
-377
-354
-318
-280
-238
-199
-139
-82
-48
-27
7
73
128
153
163
178
206
221
204
156
99
43
-15
-82
-156
-217
-272
-331
-381
-410
-412
-420
-425
-426
-398
-356
-333
-314
-314
-309
-295
-280
-276
-294
-295
-287
-293
-332
-390
-429
-467
-498
-532
-563
-589
-623
-617
-556
-433
-287
-179
-86
-13
54
96
95
115
160
245
328
375
430
471
525
574
597
611
588
543
464
351
239
141
83
37
-9
-33
-41
-26
3
45
93
124
158
185
219
272
318
356
371
379
391
413
438
427
388
329
257
186
116
58
-1
-59
-95
-103
-84
-59
-42
-25
-13
-13
-21
-14
10
42
66
99
146
202
272
329
367
375
369
361
340
317
272
213
144
75
22
-22
-60
-109
-185
-264
-325
-366
-399
-417
-424
-422
-408
-377
-328
-289
-280
-288
-297
-299
-302
-313
-326
-342
-367
-392
-413
-434
-462
-511
-562
-618
-626
-539
-406
-286
-228
-156
-63
-21
-44
-84
-40
40
81
113
138
185
205
205
232
240
236
198
147
93
17
-17
-31
-50
-81
-121
-118
-112
-113
-105
-86
-56
-33
16
89
148
197
249
322
381
400
400
394
392
366
332
297
242
182
132
113
100
73
60
63
62
49
46
85
127
151
171
208
272
331
370
391
400
419
442
453
454
441
440
429
398
371
349
327
271
184
110
42
-19
-97
-175
-226
-257
-264
-263
-250
-220
-196
-181
-188
-201
-204
-196
-182
-177
-161
-134
-117
-119
-140
-157
-178
-220
-295
-393
-481
-539
-573
-561
-483
-333
-166
-64
-17
-15
-22
-38
-71
-74
-27
64
162
228
278
298
284
248
170
75
-37
-143
-222
-295
-333
-345
-338
-337
-376
-433
-493
-547
-585
-608
-599
-545
-451
-326
-204
-97
2
82
135
148
145
151
165
176
178
186
198
206
187
143
87
30
-12
-46
-73
-84
-79
-28
49
129
198
242
290
319
332
357
398
462
516
571
642
700
726
698
638
572
504
436
358
277
209
154
115
74
5
-82
-176
-261
-324
-364
-372
-363
-352
-329
-287
-229
-167
-132
-115
-99
-71
-35
-12
-5
2
7
-3
-25
-64
-109
-163
-214
-205
-128
-7
85
123
135
135
106
52
29
79
178
269
344
400
425
415
380
343
289
219
155
110
80
38
-12
-53
-100
-176
-289
-423
-529
-604
-643
-665
-669
-629
-566
-505
-473
-462
-446
-422
-400
-376
-329
-249
-160
-100
-69
-56
-53
-67
-96
-127
-151
-160
-152
-134
-123
-121
-110
-96
-93
-100
-101
-75
-34
12
72
154
240
310
357
377
382
385
395
407
426
460
496
506
484
441
391
332
254
167
81
9
-44
-69
-81
-95
-123
-167
-228
-296
-350
-373
-360
-333
-287
-219
-142
-74
-52
-54
-63
-75
-79
-90
-84
-73
-66
-22
74
233
352
402
401
376
335
258
229
304
465
621
720
763
746
650
511
398
351
343
342
354
398
439
416
327
203
87
-45
-194
-312
-352
-310
-261
-242
-256
-266
-288
-344
-415
-464
-461
-437
-400
-332
-242
-164
-139
-162
-204
-250
-279
-292
-261
-197
-125
-81
-94
-130
-184
-248
-322
-361
-337
-263
-173
-86
-8
27
14
-19
-36
-42
-40
-16
43
125
190
227
241
231
197
147
98
65
48
56
77
82
54
-3
-75
-157
-229
-272
-295
-309
-323
-327
-329
-347
-369
-381
-390
-398
-404
-371
-318
-264
-224
-197
-168
-174
-186
-209
-224
-207
-145
3
159
265
315
337
354
309
254
272
397
579
712
796
816
755
621
499
475
520
561
588
648
709
688
564
410
292
189
80
0
-6
34
62
57
24
-26
-103
-196
-281
-331
-326
-294
-251
-208
-174
-145
-165
-214
-263
-287
-286
-272
-213
-130
-80
-74
-99
-116
-146
-198
-235
-231
-175
-115
-56
1
45
61
39
33
51
90
118
142
180
208
218
197
167
142
113
82
66
71
90
102
92
57
10
-46
-109
-167
-203
-222
-233
-237
-243
-256
-286
-334
-384
-424
-449
-464
-451
-406
-363
-343
-330
-321
-321
-330
-341
-331
-306
-281
-266
-269
-265
-229
-166
-96
-55
-13
32
51
47
38
82
159
226
294
375
440
442
392
369
392
421
432
465
516
534
494
427
389
361
328
318
346
364
327
264
221
200
160
112
97
107
112
91
76
64
30
-21
-68
-72
-56
-50
-50
-55
-62
-92
-132
-167
-206
-244
-280
-292
-286
-273
-260
-251
-241
-240
-242
-228
-198
-154
-115
-75
-34
10
51
77
101
130
154
170
181
205
220
218
203
183
161
141
136
136
137
132
121
95
58
29
10
-21
-50
-64
-62
-49
-64
-76
-89
-106
-118
-130
-118
-114
-139
-153
-160
-166
-177
-191
-184
-193
-220
-230
-223
-212
-227
-246
-243
-238
-240
-253
-251
-240
-239
-227
-194
-139
-87
-55
-24
0
21
33
44
58
71
87
99
116
138
156
163
158
158
168
173
172
162
151
142
130
113
99
94
88
78
76
87
106
123
132
131
119
105
97
90
84
72
63
59
53
48
45
40
22
-13
-47
-72
-93
-101
-100
-94
-87
-75
-57
-35
-17
-7
0
10
20
29
46
69
90
98
101
109
118
128
138
148
159
167
170
164
155
144
127
106
90
93
111
129
145
150
155
153
146
137
127
125
122
115
108
104
102
92
75
60
47
25
-15
-58
-98
-135
-177
-215
-244
-271
-289
-296
-292
-289
-289
-292
-301
-314
-324
-319
-302
-280
-257
-234
-205
-180
-160
-143
-137
-142
-146
-131
-96
-62
-41
-35
-35
-34
-29
-21
-16
-20
-35
-47
-48
-36
-13
6
14
4
-10
-19
-17
-4
9
21
26
38
60
78
82
65
35
-1
-29
-39
-29
-13
-12
-21
-30
-35
-41
-51
-55
-59
-53
-39
-16
11
29
41
41
40
45
65
92
117
136
149
161
168
167
166
164
163
163
175
199
225
239
234
222
207
201
200
204
216
234
254
269
275
276
275
272
269
270
268
263
250
230
208
178
141
99
58
20
-13
-35
-57
-79
-104
-131
-152
-175
-194
-213
-217
-207
-193
-185
-184
-181
-177
-179
-188
-190
-179
-161
-145
-127
-108
-101
-118
-151
-177
-189
-187
-179
-167
-160
-161
-165
-176
-191
-213
-238
-258
-266
-252
-226
-197
-171
-159
-151
-143
-131
-122
-118
-118
-115
-107
-92
-77
-68
-66
-75
-89
-99
-99
-98
-102
-105
-102
-98
-95
-85
-69
-53
-40
-28
-10
8
16
21
28
32
30
31
42
56
65
70
80
93
103
110
120
131
137
135
133
140
151
157
163
173
183
191
198
206
214
221
235
254
273
286
290
289
283
278
271
266
261
249
236
221
211
196
177
153
124
101
94
101
111
115
113
108
100
96
100
105
106
103
105
120
134
143
139
120
90
58
40
35
34
32
26
16
3
-18
-46
-79
-114
-146
-174
-183
-182
-183
-192
-205
-222
-241
-256
-270
-277
-284
-285
-278
-263
-245
-240
-247
-266
-284
-300
-306
-297
-285
-273
-272
-273
-271
-267
-256
-252
-249
-245
-238
-218
-192
-168
-154
-148
-136
-117
-99
-85
-75
-64
-58
-55
-51
-35
-13
5
20
37
58
74
84
86
83
76
76
89
108
126
139
149
155
161
166
172
174
173
169
170
173
176
176
171
162
155
151
146
141
134
128
124
124
128
131
137
133
125
120
124
135
145
151
157
166
176
185
191
196
191
179
162
152
155
163
171
173
170
161
151
140
128
113
98
87
78
73
69
67
65
55
39
25
20
15
5
-6
-16
-23
-27
-34
-44
-54
-66
-79
-89
-99
-105
-114
-128
-148
-170
-192
-211
-224
-236
-249
-253
-249
-245
-243
-244
-243
-242
-248
-258
-270
-278
-283
-283
-276
-263
-254
-246
-242
-237
-229
-223
-216
-206
-196
-188
-182
-171
-157
-139
-119
-99
-76
-56
-36
-16
0
13
20
27
38
48
52
57
63
65
69
78
90
98
101
99
98
99
97
94
93
94
95
98
106
115
129
141
148
145
142
144
150
158
164
166
165
161
156
154
150
148
141
128
116
104
94
84
76
71
68
67
68
69
73
77
82
89
94
102
109
114
115
116
118
126
136
147
155
161
166
163
158
152
141
129
114
99
86
74
61
53
47
40
30
15
0
-19
-40
-58
-70
-78
-84
-91
-99
-106
-116
-126
-135
-145
-156
-171
-187
-197
-207
-221
-234
-245
-248
-245
-238
-231
-221
-211
-201
-193
-185
-177
-169
-162
-154
-144
-131
-115
-101
-94
-87
-81
-73
-67
-58
-53
-49
-44
-40
-37
-36
-29
-27
-28
-27
-23
-20
-18
-17
-16
-13
-11
-13
-10
3
13
20
22
23
25
24
26
31
29
26
23
18
17
21
27
32
29
25
20
20
19
17
20
25
34
46
58
72
81
86
91
97
109
120
134
146
156
165
172
180
185
188
194
197
199
196
193
191
193
193
191
189
184
177
166
152
140
131
123
115
102
94
87
83
77
66
50
32
17
3
-12
-24
-36
-43
-46
-52
-56
-61
-64
-72
-74
-71
-61
-53
-48
-13
-4
-45
-58
-33
-29
-49
-46
-21
-10
-11
-18
-43
-51
-53
-71
-72
-52
-53
-79
-78
-53
-61
-86
-94
-93
-98
-110
-118
-126
-123
-117
-118
-127
-137
-145
-156
-166
-176
-179
-175
-174
-181
-188
-192
-199
-204
-207
-203
-200
-197
-193
-181
-168
-170
-169
-152
-140
-138
-128
-111
-94
-80
-66
-50
-35
-28
-21
-10
4
20
27
33
47
62
68
71
79
86
94
102
112
125
135
142
154
162
165
162
163
168
173
175
183
191
192
194
194
193
186
172
159
155
153
145
138
133
131
126
122
112
102
98
96
91
88
91
96
106
115
111
105
116
119
109
110
120
128
125
142
143
119
110
105
111
105
83
82
75
85
80
37
41
52
28
-8
-15
12
-9
-57
-49
-49
-64
-87
-107
-110
-120
-131
-161
-172
-158
-193
-228
-224
-213
-240
-275
-265
-265
-267
-260
-262
-263
-265
-267
-273
-271
-268
-266
-246
-226
-228
-222
-193
-177
-180
-167
-139
-131
-135
-128
-101
-85
-90
-81
-57
-37
-40
-28
12
17
5
17
42
70
69
46
44
87
116
81
67
117
137
119
115
118
128
121
103
91
100
119
88
83
107
114
100
89
93
91
97
86
57
58
83
84
66
77
103
100
85
94
109
100
96
104
104
108
124
125
114
139
155
129
141
166
161
150
168
176
169
165
162
155
159
164
133
131
146
140
109
107
105
85
71
50
29
18
1
-27
-47
-53
-59
-88
-88
-110
-139
-127
-135
-156
-177
-179
-179
-192
-207
-203
-194
-194
-202
-205
-192
-194
-205
-196
-188
-186
-182
-196
-165
-157
-187
-160
-136
-112
-135
-139
-79
-73
-79
-87
-74
-15
-19
-29
-36
1
55
10
27
71
68
78
87
91
81
72
88
82
92
88
59
82
89
74
61
48
37
25
40
37
4
3
38
47
16
1
-2
-5
-7
-28
-40
-5
16
-8
-14
7
14
0
11
12
11
22
32
54
55
60
50
45
88
75
53
77
112
140
156
143
119
139
153
131
118
130
139
132
122
102
113
135
96
71
72
73
51
12
35
32
4
6
-9
-14
-40
-66
-82
-82
-59
-85
-99
-73
-85
-118
-131
-145
-155
-165
-160
-152
-148
-143
-162
-178
-178
-176
-177
-179
-168
-158
-158
-154
-151
-142
-126
-124
-118
-107
-85
-78
-75
-73
-65
-39
-40
-37
-17
-5
7
2
1
18
19
40
45
39
59
65
50
43
47
63
73
66
68
66
74
67
45
54
84
83
55
57
65
39
27
46
42
59
78
67
58
52
53
30
18
48
51
62
86
70
55
60
68
64
59
78
77
70
95
99
90
80
82
111
111
88
73
81
111
97
94
118
116
99
79
75
67
63
79
78
83
90
64
47
51
38
19
31
52
43
22
-7
-34
-32
-11
-13
-33
-36
-30
-57
-83
-103
-122
-91
-73
-93
-118
-130
-139
-156
-178
-169
-132
-119
-141
-165
-175
-190
-209
-216
-185
-158
-143
-148
-183
-187
-176
-204
-214
-169
-130
-123
-150
-149
-128
-127
-132
-146
-127
-79
-67
-83
-85
-64
-47
-50
-44
-32
-16
-12
-17
-4
13
42
47
43
57
52
53
62
60
71
96
117
133
118
104
118
117
102
114
136
151
155
156
152
136
117
105
108
129
157
168
156
139
114
113
114
108
114
126
136
138
128
113
109
102
96
110
128
141
145
118
108
114
115
110
101
109
120
123
119
111
106
107
97
82
80
86
90
74
59
73
67
49
38
36
38
19
17
24
12
-3
-3
-4
-22
-41
-66
-80
-80
-71
-76
-85
-90
-107
-133
-160
-166
-156
-163
-161
-152
-167
-190
-212
-225
-227
-211
-204
-209
-196
-196
-217
-241
-252
-229
-211
-210
-201
-193
-189
-188
-189
-185
-176
-157
-148
-144
-133
-121
-122
-127
-116
-92
-73
-68
-57
-49
-51
-45
-39
-28
-17
-5
3
5
18
25
18
18
28
42
45
51
52
42
40
43
49
59
68
77
79
76
68
64
64
69
84
93
101
107
106
101
98
99
107
123
141
142
137
139
138
142
146
151
157
168
173
171
170
164
158
162
169
171
179
176
163
160
160
159
155
156
159
152
146
143
132
123
114
108
108
100
86
79
71
66
47
33
30
28
23
5
-11
-11
-15
-29
-41
-51
-54
-53
-65
-75
-79
-81
-92
-104
-101
-102
-108
-118
-130
-131
-128
-131
-139
-140
-132
-139
-148
-148
-148
-149
-150
-150
-145
-135
-129
-141
-152
-148
-146
-142
-144
-138
-118
-111
-122
-140
-145
-136
-129
-123
-112
-101
-96
-102
-114
-122
-117
-106
-91
-77
-75
-71
-65
-76
-86
-82
-63
-40
-28
-23
-23
-22
-24
-27
-22
2
16
15
24
28
30
26
26
38
52
63
63
63
67
74
77
77
83
82
84
91
94
92
96
108
113
111
108
104
103
99
94
105
122
126
121
115
113
110
113
111
113
120
129
129
125
122
119
122
123
124
131
132
134
138
138
142
137
134
135
129
121
117
115
120
122
118
112
102
96
85
71
64
60
55
51
45
34
20
4
-14
-24
-27
-32
-40
-54
-66
-78
-96
-112
-126
-132
-129
-133
-139
-152
-164
-173
-181
-185
-185
-184
-188
-194
-197
-195
-193
-192
-186
-175
-166
-161
-162
-158
-150
-139
-125
-113
-103
-97
-97
-98
-93
-83
-67
-56
-52
-44
-44
-45
-43
-40
-38
-33
-19
-15
-12
-11
-16
-22
-25
-24
-18
-14
-14
-20
-24
-24
-24
-26
-25
-23
-23
-19
-15
-15
-18
-19
-23
-29
-23
-13
-2
5
10
11
11
13
17
28
45
60
65
73
84
94
99
104
114
125
141
149
155
166
172
175
181
190
196
195
194
196
200
201
202
200
195
187
179
174
166
154
145
138
130
120
104
88
73
61
50
42
32
15
-1
-13
-31
-45
-51
-54
-62
-74
-84
-89
-93
-101
-110
-111
-107
-105
-108
-109
-109
-110
-109
-103
-102
-98
-94
-91
-91
-87
-80
-76
-69
-64
-64
-60
-50
-47
-53
-56
-49
-39
-31
-32
-34
-35
-37
-41
-41
-33
-31
-38
-41
-41
-42
-52
-61
-67
-68
-64
-67
-73
-73
-77
-85
-96
-100
-96
-92
-88
-89
-89
-89
-89
-90
-87
-77
-66
-58
-53
-45
-36
-25
-15
-8
2
15
26
37
47
54
62
70
77
86
96
108
114
118
118
120
127
135
140
142
143
143
141
142
141
136
131
126
124
121
121
114
107
101
87
76
68
64
60
55
48
40
32
23
11
2
-7
-11
-9
-8
-7
-10
-21
-31
-40
-42
-40
-39
-35
-32
-28
-29
-32
-35
-37
-34
-31
-26
-18
-15
-15
-14
-11
-10
-8
-9
-8
-7
-11
-13
-10
-10
-12
-14
-18
-16
-18
-25
-30
-34
-40
-46
-50
-52
-54
-57
-64
-68
-72
-75
-79
-83
-86
-87
-89
-91
-93
-94
-92
-91
-89
-88
-88
-89
-87
-83
-78
-70
-64
-60
-58
-55
-51
-46
-40
-29
-19
-13
-6
-1
3
7
11
19
29
38
45
50
50
49
48
47
53
60
65
69
73
75
74
69
66
66
65
67
66
68
70
72
67
66
66
65
64
62
63
66
67
64
66
68
65
59
52
49
51
49
48
50
47
41
34
27
25
26
26
27
27
26
21
16
10
6
4
3
1
1
2
2
1
-2
-2
-2
-6
-7
-7
-9
-14
-19
-22
-23
-25
-30
-35
-39
-41
-45
-48
-46
-43
-43
-45
-48
-51
-55
-61
-64
-62
-60
-57
-55
-51
-48
-50
-54
-57
-59
-59
-58
-55
-53
-52
-54
-57
-55
-55
-52
-52
-47
-40
-38
-38
-40
-41
-39
-37
-35
-30
-27
-24
-21
-17
-14
-9
-6
-3
-1
-1
0
0
1
3
9
13
14
14
18
20
24
28
31
37
42
46
48
52
56
61
63
68
71
74
78
81
82
85
87
92
93
92
90
87
82
80
80
80
83
79
74
69
66
65
64
61
59
58
58
54
49
44
39
35
30
28
28
25
19
12
3
-3
-6
-12
-13
-17
-22
-26
-32
-37
-44
-49
-51
-53
-55
-58
-59
-62
-63
-65
-66
-66
-64
-65
-67
-69
-72
-74
-76
-77
-73
-69
-69
-72
-75
-76
-78
-82
-82
-77
-71
-68
-69
-70
-71
-72
-73
-75
-72
-65
-54
-49
-48
-47
-49
-50
-50
-49
-41
-33
-27
-28
-28
-23
-21
-25
-29
-25
-19
-11
-8
-3
2
5
6
8
10
12
19
24
29
36
42
48
47
44
44
48
53
57
62
67
67
67
65
65
66
66
66
66
68
71
72
70
68
68
68
69
70
70
70
69
69
67
66
66
66
62
60
60
58
58
55
52
50
47
43
38
36
35
33
31
25
24
23
23
21
17
16
16
13
10
7
4
1
-3
-5
-8
-9
-14
-18
-22
-24
-27
-29
-32
-35
-37
-41
-43
-46
-50
-53
-57
-59
-60
-60
-59
-59
-62
-63
-65
-66
-67
-67
-67
-66
-64
-62
-61
-58
-57
-57
-56
-53
-48
-45
-44
-43
-41
-39
-36
-33
-29
-25
-22
-20
-17
-15
-13
-10
-8
-3
-3
-1
-1
-2
-2
-1
1
2
6
6
8
9
8
8
8
10
10
10
11
12
12
12
12
14
14
13
16
19
20
19
20
21
22
23
23
26
30
31
32
33
33
34
36
38
39
42
47
50
51
51
54
54
55
57
60
64
65
65
65
65
64
61
59
57
56
52
49
48
44
41
38
36
31
26
23
17
12
7
3
-2
-7
-10
-12
-15
-20
-23
-24
-25
-24
-27
-29
-35
-38
-40
-45
-45
-47
-48
-49
-48
-49
-50
-51
-52
-54
-53
-51
-50
-49
-49
-49
-50
-52
-52
-52
-54
-55
-54
-53
-53
-49
-49
-48
-47
-50
-52
-53
-53
-53
-53
-53
-53
-54
-54
-54
-53
-54
-55
-55
-53
-49
-46
-46
-45
-44
-41
-39
-37
-35
-34
-32
-28
-25
-20
-17
-14
-11
-7
-1
0
5
8
11
16
22
28
30
33
38
40
44
47
50
55
58
63
66
68
72
73
74
76
76
77
76
77
78
78
78
78
78
76
75
73
71
73
72
71
70
69
66
64
63
60
58
58
56
54
52
51
48
47
43
41
40
39
39
36
35
34
31
29
27
26
23
22
20
18
17
15
12
10
7
5
2
-1
-4
-6
-9
-13
-16
-20
-21
-24
-27
-30
-33
-36
-39
-42
-44
-46
-47
-50
-55
-57
-60
-62
-64
-65
-66
-69
-70
-73
-74
-75
-76
-78
-77
-76
-76
-75
-76
-75
-74
-74
-72
-70
-68
-65
-63
-61
-58
-54
-51
-49
-46
-43
-39
-35
-32
-31
-26
-23
-19
-18
-15
-12
-9
-7
-5
-4
1
2
5
8
10
11
13
15
17
19
21
25
28
30
32
33
35
38
40
43
45
47
49
50
53
53
56
58
58
58
59
60
61
62
61
61
62
62
61
60
59
57
58
57
56
54
53
52
50
48
47
44
43
42
40
38
36
33
31
29
26
24
22
19
16
14
11
9
7
5
1
-2
-5
-7
-11
-15
-18
-20
-24
-26
-30
-33
-35
-36
-39
-44
-46
-48
-51
-52
-55
-58
-59
-59
-58
-61
-63
-64
-63
-64
-64
-63
-63
-62
-62
-61
-60
-58
-59
-59
-59
-58
-58
-55
-55
-54
-53
-51
-51
-52
-51
-49
-46
-44
-43
-41
-39
-36
-34
-31
-29
-28
-26
-23
-19
-15
-13
-12
-10
-10
-7
-3
1
5
10
15
18
23
26
28
32
35
38
38
39
40
40
41
45
47
49
50
52
53
56
59
61
63
65
66
66
65
64
62
61
61
62
64
65
65
65
66
64
64
65
63
63
64
63
61
58
55
54
51
49
47
46
45
43
42
38
35
32
29
27
25
24
21
20
17
14
10
6
4
-2
-4
-7
-8
-9
-10
-11
-14
-16
-20
-25
-26
-27
-28
-30
-31
-34
-37
-39
-42
-45
-47
-48
-51
-52
-53
-53
-55
-55
-57
-59
-61
-60
-60
-58
-56
-56
-56
-57
-58
-60
-59
-57
-57
-55
-54
-55
-55
-55
-53
-52
-51
-48
-46
-45
-42
-40
-38
-35
-32
-29
-28
-26
-23
-19
-17
-14
-13
-10
-7
-2
1
2
5
7
7
10
12
13
16
17
19
21
23
25
26
27
30
32
34
36
38
40
43
45
44
44
46
46
47
48
48
49
49
50
46
45
45
43
42
41
40
39
40
39
38
36
35
34
34
34
32
30
28
24
22
20
18
17
15
16
15
13
12
10
7
3
0
-2
-4
-6
-8
-12
-16
-19
-21
-22
-22
-21
-20
-22
-22
-23
-24
-28
-30
-33
-34
-33
-33
-35
-33
-32
-33
-35
-35
-35
-34
-34
-35
-34
-33
-32
-31
-31
-31
-30
-30
-31
-30
-27
-25
-24
-23
-24
-22
-22
-22
-17
-17
-16
-15
-14
-11
-9
-7
-5
-4
-3
-1
0
0
0
1
2
4
7
9
10
11
13
13
15
16
16
17
17
20
20
23
25
25
26
25
26
27
28
29
31
30
30
30
31
30
29
29
28
27
26
25
27
27
26
24
24
22
17
17
16
14
11
9
7
6
6
5
4
3
0
-2
-4
-3
-5
-6
-8
-9
-10
-11
-12
-13
-15
-15
-15
-13
-11
-10
-11
-10
-7
-5
-3
-2
-3
-2
-2
-3
-2
-1
0
2
2
2
1
2
2
3
2
2
1
0
0
-1
-2
-2
-3
-4
-6
-5
-7
-8
-9
-11
-10
-12
-12
-11
-14
-15
-17
-17
-18
-19
-17
-17
-18
-19
-18
-16
-16
-15
-14
-13
-13
-14
-11
-9
-8
-6
-5
-3
-2
0
3
4
7
8
10
10
9
12
15
16
16
16
16
16
16
17
16
16
16
16
15
15
17
18
16
14
13
12
10
9
7
7
4
0
-1
0
-1
-3
-2
-3
-6
-6
-5
-6
-6
-8
-8
-10
-11
-10
-10
-8
-9
-11
-13
-10
-8
-6
-4
-3
-3
-4
-3
-3
-2
0
1
0
-1
0
0
2
2
2
0
1
-1
-1
1
3
3
1
1
-1
-2
-2
-2
-2
-3
-3
-4
-4
-5
-6
-6
-5
-6
-7
-8
-8
-7
-7
-9
-11
-11
-11
-9
-10
-11
-11
-12
-13
-13
-13
-13
-13
-13
-13
-11
-10
-11
-12
-11
-10
-11
-10
-8
-5
-5
-5
-3
-2
-3
-1
1
0
2
1
2
2
3
3
3
4
4
7
8
9
9
9
8
9
11
14
13
13
12
13
14
16
16
17
17
18
18
19
18
17
17
18
18
18
19
20
21
21
21
21
20
19
21
21
20
19
18
18
19
20
19
18
17
17
17
15
15
15
13
12
12
10
9
8
6
5
4
4
5
1
0
1
-1
-2
-3
-5
-6
-8
-10
-10
-11
-13
-14
-14
-15
-16
-16
-16
-16
-16
-16
-17
-19
-21
-21
-21
-22
-22
-24
-22
-21
-22
-23
-24
-24
-23
-23
-23
-25
-25
-26
-26
-26
-26
-25
-25
-24
-23
-22
-23
-22
-21
-21
-20
-21
-19
-19
-19
-18
-17
-17
-17
-15
-13
-11
-11
-9
-8
-8
-6
-3
-1
0
1
4
6
8
9
10
12
13
17
18
19
20
22
23
25
29
28
29
31
32
34
36
35
35
36
36
35
36
37
37
38
37
37
37
38
36
36
36
34
33
32
31
28
27
26
25
24
23
21
21
19
17
16
14
11
10
7
6
4
2
0
-3
-4
-7
-10
-11
-10
-11
-12
-13
-16
-17
-16
-17
-18
-19
-19
-20
-22
-23
-24
-26
-25
-25
-25
-25
-25
-26
-26
-26
-26
-25
-26
-26
-26
-26
-27
-27
-26
-25
-26
-26
-27
-27
-26
-23
-23
-24
-25
-25
-24
-23
-22
-22
-21
-20
-19
-20
-19
-20
-19
-16
-16
-14
-14
-14
-13
-12
-12
-11
-10
-7
-4
-4
-5
-4
-2
2
2
2
5
6
7
8
9
11
11
11
13
12
13
14
16
17
17
16
17
18
20
22
21
22
23
24
24
24
24
24
24
23
22
21
22
23
21
20
20
21
22
21
21
18
18
17
16
15
15
13
12
11
11
10
9
8
7
7
6
5
5
5
4
3
1
1
1
1
0
-1
-1
-3
-4
-4
-6
-6
-7
-8
-9
-10
-9
-8
-9
-9
-9
-11
-12
-12
-11
-12
-14
-15
-16
-15
-16
-18
-17
-16
-17
-17
-17
-17
-17
-18
-17
-17
-16
-16
-14
-14
-15
-15
-14
-14
-13
-13
-13
-13
-13
-14
-13
-11
-11
-11
-9
-7
-5
-3
-3
-4
-2
-3
-3
-2
-3
-2
-2
0
1
2
3
3
4
6
6
7
8
8
9
10
11
12
14
14
13
13
13
13
14
14
15
16
16
18
20
19
20
19
19
18
18
18
19
18
17
18
19
19
18
17
17
18
16
17
18
18
18
17
15
14
15
14
11
10
11
10
10
10
11
12
10
9
8
7
7
6
5
4
3
2
0
2
0
-2
-2
-5
-6
-6
-7
-7
-6
-6
-8
-9
-8
-10
-11
-14
-17
-16
-18
-20
-19
-19
-18
-19
-20
-21
-22
-21
-21
-22
-23
-23
-23
-24
-23
-24
-24
-25
-24
-24
-24
-23
-23
-23
-23
-23
-22
-21
-19
-20
-19
-18
-17
-16
-16
-14
-15
-14
-14
-12
-9
-8
-7
-5
-3
-2
-2
-1
0
0
1
4
5
5
6
8
8
9
11
11
11
14
16
15
17
18
18
18
17
19
22
23
21
21
20
20
22
21
23
23
24
24
24
24
24
23
21
22
20
21
22
23
24
20
19
20
21
21
20
18
17
16
18
18
17
18
16
14
12
12
11
9
9
7
6
7
5
4
5
3
1
0
-1
-2
-3
-5
-6
-6
-7
-8
-10
-12
-12
-14
-16
-17
-18
-18
-19
-20
-21
-24
-25
-27
-28
-29
-29
-30
-32
-31
-31
-32
-34
-33
-35
-34
-34
-32
-33
-34
-33
-32
-31
-31
-29
-30
-30
-29
-28
-27
-26
-26
-24
-24
-23
-20
-18
-16
-16
-15
-14
-11
-9
-6
-5
-5
-3
-2
1
3
4
4
4
5
6
6
8
9
10
12
14
16
17
18
18
19
20
20
21
21
20
22
22
22
23
23
22
22
21
23
24
25
26
28
28
28
28
28
27
24
24
23
23
23
22
23
22
22
21
21
21
20
18
18
16
17
17
17
15
13
12
10
8
8
6
5
5
4
3
2
2
1
-1
-1
-2
-4
-5
-7
-7
-8
-8
-8
-8
-10
-11
-13
-15
-15
-15
-15
-15
-14
-14
-14
-14
-15
-15
-17
-19
-18
-19
-18
-18
-17
-16
-15
-16
-15
-17
-17
-17
-17
-16
-17
-16
-16
-14
-15
-15
-13
-14
-14
-14
-14
-14
-14
-13
-12
-11
-11
-10
-9
-9
-8
-9
-7
-6
-7
-4
-4
-1
1
0
1
2
2
3
3
5
6
7
9
10
13
14
14
14
15
17
17
18
19
20
20
21
23
23
23
23
22
23
23
24
24
25
23
24
24
22
23
22
22
20
20
19
20
19
17
17
16
15
14
14
14
13
12
11
10
8
7
7
5
3
3
2
2
1
2
2
1
0
0
-1
0
-1
0
-1
-3
-3
-3
-3
-4
-5
-7
-7
-8
-9
-8
-9
-10
-10
-10
-11
-11
-11
-11
-12
-12
-13
-13
-13
-15
-15
-15
-16
-17
-17
-17
-19
-20
-20
-21
-21
-21
-20
-21
-21
-22
-21
-20
-21
-21
-21
-21
-21
-21
-20
-20
-20
-19
-19
-19
-18
-16
-14
-15
-15
-14
-12
-13
-11
-11
-11
-10
-9
-6
-5
-3
-2
-1
-1
0
1
3
3
4
3
3
5
5
6
6
7
7
8
10
10
11
11
11
11
10
10
11
10
10
10
11
11
11
11
11
10
11
10
11
10
9
9
8
8
7
7
7
6
7
7
7
6
7
6
5
4
4
3
3
5
4
2
2
3
3
2
3
3
1
3
3
3
3
2
1
-1
-1
-1
-1
-1
-1
-2
-2
-2
-1
-2
-2
-3
-2
-4
-3
-4
-6
-6
-6
-6
-7
-7
-7
-6
-6
-7
-7
-7
-7
-8
-6
-7
-8
-8
-9
-9
-9
-7
-6
-8
-6
-6
-6
-5
-5
-4
-2
-2
-2
-2
0
0
1
0
1
0
1
3
4
4
4
4
4
5
7
6
6
7
6
8
8
8
9
7
8
9
8
9
9
9
10
12
11
11
12
13
12
14
12
12
13
12
12
11
12
13
13
14
14
15
15
16
16
17
17
17
17
15
14
13
12
10
11
10
9
10
9
9
9
10
9
10
9
8
8
8
8
7
6
4
5
4
4
2
0
-1
-2
-3
-3
-2
-2
-3
-5
-3
-4
-5
-7
-10
-9
-10
-11
-11
-11
-12
-13
-12
-12
-13
-14
-13
-14
-14
-15
-15
-16
-14
-15
-14
-13
-15
-15
-16
-16
-16
-17
-18
-18
-17
-18
-17
-17
-17
-17
-16
-14
-12
-12
-11
-10
-10
-9
-8
-8
-8
-8
-8
-7
-5
-5
-4
-4
-4
-4
-2
-3
-2
-2
0
1
-1
0
0
1
3
2
1
1
2
2
2
2
2
0
1
1
2
2
2
2
2
3
4
4
3
3
4
3
4
3
5
5
4
4
5
5
5
5
5
4
4
4
3
4
3
2
1
2
1
2
1
1
3
4
4
5
5
6
5
5
4
4
4
4
2
1
1
1
2
0
0
1
1
2
1
0
0
-1
0
-1
-1
-2
-1
-2
-2
-3
-2
-4
-4
-3
-3
-3
-4
-3
-4
-3
-2
-2
-2
0
-1
0
0
-1
-1
-1
-1
-1
-1
-1
-1
-1
-1
-1
-1
-2
-2
-1
-2
0
0
-1
1
1
1
1
2
1
3
2
2
2
2
3
3
3
2
2
2
3
3
3
3
1
1
0
1
2
1
2
2
2
4
4
3
3
3
4
4
4
5
4
4
4
4
4
4
3
4
4
3
4
3
3
3
3
2
2
1
2
2
3
2
3
1
2
1
1
1
1
0
0
-1
0
0
-1
-1
-2
-2
-2
-1
-1
0
0
0
0
-1
-1
-2
-1
-1
0
-2
-1
-2
-3
-2
-2
-1
-1
-1
0
0
-1
0
0
-3
-3
-4
-3
-3
-3
-4
-3
-3
-3
-1
-1
-1
-1
-2
-2
-1
-2
-2
-2
-2
-2
-2
-2
-2
-1
-1
-1
-1
1
1
0
0
