-1
-1
0
0
0
0
0
0
0
-1
0
0
-1
-1
0
0
1
1
1
0
-1
0
-1
0
-1
-1
-1
0
-1
0
0
-1
0
0
0
0
0
0
0
-1
0
0
-2
-1
0
0
-2
-1
-1
-1
-2
-1
0
0
-1
0
-1
-1
-1
-1
-1
-1
0
-1
-1
-1
-1
-1
-1
-1
0
1
2
1
1
2
0
2
1
1
2
1
2
2
2
4
4
5
5
6
4
7
6
7
8
9
9
10
11
10
12
12
13
14
14
14
13
13
13
13
13
13
14
14
15
14
13
12
11
11
10
9
9
8
7
5
4
3
2
2
1
-1
-3
-4
-6
-8
-9
-9
-11
-11
-11
-12
-15
-16
-17
-19
-21
-21
-21
-21
-21
-23
-22
-22
-20
-22
-21
-22
-23
-21
-21
-23
-20
-18
-18
-19
-18
-16
-17
-16
-14
-13
-12
-11
-10
-11
-11
-9
-9
-9
-10
-10
-9
-10
-11
-10
-10
-10
-9
-8
-10
-11
-8
-7
-9
-10
-9
-6
-5
-6
-6
-6
-7
-7
-6
-5
-2
-1
4
6
8
11
12
14
15
19
22
22
24
28
31
30
33
39
43
44
47
52
55
58
62
67
69
71
72
73
73
74
75
74
71
70
68
64
67
72
72
67
61
56
47
39
35
33
35
32
28
21
12
-1
-9
-14
-19
-22
-25
-30
-34
-39
-46
-53
-56
-59
-62
-65
-65
-67
-71
-71
-69
-67
-66
-65
-66
-68
-70
-71
-75
-79
-81
-81
-86
-87
-87
-87
-89
-89
-85
-85
-88
-91
-92
-92
-91
-88
-87
-87
-81
-75
-76
-79
-78
-75
-69
-54
-29
-4
11
25
39
46
48
50
54
57
60
61
54
43
32
26
20
15
11
7
2
-12
-22
-28
-33
-36
-39
-32
-27
-25
-18
-8
0
8
21
37
49
60
73
82
82
83
78
66
54
44
33
16
1
-6
-11
-17
-14
1
14
25
35
51
70
82
91
102
120
140
156
170
181
192
196
198
198
193
188
185
176
158
145
136
117
97
84
73
58
42
34
26
18
15
12
8
4
6
6
0
-5
-11
-19
-24
-28
-32
-38
-43
-50
-58
-67
-77
-88
-103
-118
-127
-130
-134
-142
-143
-134
-133
-139
-141
-144
-148
-145
-144
-153
-159
-152
-146
-151
-161
-166
-164
-166
-178
-183
-186
-190
-193
-180
-145
-111
-77
-31
25
60
67
72
86
96
94
86
89
87
81
76
64
41
18
19
12
-15
-38
-48
-58
-80
-89
-86
-83
-78
-58
-24
-8
8
38
65
75
80
97
103
98
91
79
61
45
35
17
-4
-16
-22
-38
-64
-74
-73
-74
-78
-68
-46
-29
-11
19
48
71
97
124
154
184
216
235
247
268
296
303
292
291
296
289
264
238
215
190
166
146
126
110
107
120
126
116
114
120
113
95
90
90
76
68
70
70
65
64
63
55
44
31
14
-13
-43
-69
-89
-100
-111
-117
-120
-124
-127
-135
-152
-171
-178
-179
-187
-195
-188
-179
-179
-185
-194
-205
-223
-245
-265
-276
-280
-282
-290
-301
-304
-304
-317
-327
-326
-313
-294
-250
-191
-137
-78
-9
50
68
70
75
72
52
31
32
35
26
13
11
0
-40
-76
-91
-121
-163
-176
-166
-165
-156
-110
-68
-50
-26
20
51
58
77
104
116
120
139
155
149
136
131
113
71
33
9
-21
-61
-78
-76
-77
-75
-60
-38
-28
-14
11
29
37
53
83
112
143
183
229
264
287
307
319
325
324
314
292
280
284
276
254
246
259
265
258
244
230
215
201
187
166
153
151
159
170
178
186
199
205
191
174
153
116
74
53
37
23
22
26
30
36
34
12
-15
-38
-65
-90
-104
-110
-113
-113
-109
-103
-103
-119
-144
-163
-179
-196
-213
-226
-243
-258
-274
-301
-329
-352
-371
-383
-375
-358
-351
-357
-372
-378
-378
-386
-404
-393
-322
-216
-123
-69
-17
51
91
63
3
-22
-16
-5
1
17
28
26
14
-21
-75
-139
-182
-203
-214
-204
-166
-113
-67
-14
45
80
77
64
59
56
62
86
120
158
196
234
242
216
171
120
62
-2
-46
-62
-66
-62
-46
-24
-8
-2
-1
-8
-16
-3
19
39
66
113
176
226
260
283
295
296
289
277
264
278
307
325
324
331
353
344
299
258
247
240
228
217
218
232
249
260
249
228
207
193
171
131
108
114
123
124
133
140
123
93
72
50
25
12
8
4
5
12
14
-1
-28
-54
-78
-100
-120
-131
-136
-136
-140
-152
-171
-199
-229
-265
-298
-324
-333
-335
-346
-356
-357
-360
-380
-403
-416
-414
-404
-406
-420
-433
-438
-442
-452
-461
-432
-336
-210
-124
-72
3
66
45
-30
-66
-47
-28
-2
45
92
96
70
25
-54
-148
-211
-226
-234
-230
-174
-92
-43
-16
28
49
16
-14
-4
15
30
84
159
218
259
285
281
230
163
106
56
8
-15
-5
15
20
18
7
-32
-81
-102
-106
-113
-85
-11
53
90
141
190
206
204
202
203
206
224
263
300
326
347
376
393
375
337
309
295
276
260
256
265
280
293
288
261
230
199
172
157
146
139
144
166
192
203
203
191
165
148
138
117
100
113
126
121
113
99
66
29
-9
-61
-103
-117
-116
-116
-116
-119
-120
-133
-165
-210
-246
-267
-277
-276
-267
-265
-271
-284
-314
-372
-430
-461
-473
-476
-466
-443
-423
-421
-454
-510
-550
-559
-530
-447
-302
-150
-31
65
114
80
-12
-66
-54
-21
22
97
183
202
154
77
-32
-168
-271
-289
-267
-246
-179
-75
-1
18
29
24
-27
-71
-58
4
70
162
281
365
386
373
340
261
156
86
57
41
47
88
113
87
40
-10
-81
-157
-185
-169
-132
-69
17
90
122
133
144
139
123
136
189
253
312
374
429
433
392
358
327
285
253
256
280
294
310
326
319
279
223
169
117
85
85
115
157
196
228
240
222
178
132
102
85
88
109
135
158
175
176
149
114
73
27
-19
-50
-55
-51
-53
-65
-81
-98
-124
-150
-165
-179
-194
-204
-211
-221
-228
-224
-235
-270
-313
-344
-367
-393
-415
-424
-427
-436
-450
-448
-441
-443
-484
-535
-580
-607
-570
-449
-257
-74
71
150
144
51
-80
-140
-107
3
142
281
358
311
176
0
-167
-301
-359
-324
-245
-156
-80
-21
-10
-45
-94
-135
-155
-142
-65
67
202
312
386
422
385
311
242
179
138
121
146
184
214
216
173
86
-42
-160
-239
-262
-236
-170
-71
20
81
90
63
15
-22
-9
41
122
220
330
417
440
416
361
296
236
197
198
219
256
290
305
309
297
280
226
143
68
27
25
32
81
148
208
229
198
128
28
-37
-46
6
89
167
218
217
183
120
50
-11
-38
-24
9
37
46
48
33
-15
-80
-142
-181
-202
-189
-159
-132
-122
-140
-173
-219
-261
-301
-334
-347
-350
-352
-361
-374
-383
-393
-416
-446
-474
-508
-548
-576
-588
-558
-462
-291
-113
5
64
67
15
-90
-156
-120
0
160
311
414
405
287
121
-37
-160
-226
-205
-132
-59
-24
-21
-40
-93
-160
-214
-228
-197
-126
-11
119
223
281
305
308
273
232
218
243
270
291
328
357
350
295
216
117
7
-75
-102
-87
-58
-13
35
57
37
-15
-64
-97
-99
-62
20
119
207
280
329
341
320
286
267
254
253
275
320
359
366
366
355
325
257
176
101
45
12
4
21
37
49
45
10
-63
-149
-199
-198
-145
-66
1
37
42
26
4
-18
-23
6
48
90
124
149
172
177
165
124
69
25
-6
-28
-44
-41
-16
-8
-38
-86
-154
-211
-239
-247
-249
-255
-262
-271
-287
-312
-349
-369
-364
-350
-348
-370
-409
-446
-460
-469
-481
-493
-484
-440
-392
-371
-384
-402
-392
-364
-327
-292
-258
-215
-167
-112
-64
-43
-42
-42
-14
41
98
135
150
166
203
260
319
356
366
363
362
377
398
406
405
405
421
438
447
430
390
347
319
305
278
250
230
211
189
159
122
77
37
24
29
28
-1
-40
-65
-73
-72
-69
-70
-77
-77
-64
-45
-34
-36
-39
-33
-13
17
45
63
81
110
140
161
164
162
173
200
234
252
265
269
277
279
264
238
214
208
223
240
238
213
180
147
120
98
76
57
42
39
37
22
-7
-46
-80
-117
-149
-177
-206
-233
-257
-275
-293
-312
-332
-350
-370
-388
-405
-418
-424
-417
-402
-387
-394
-423
-461
-490
-491
-472
-460
-461
-478
-481
-452
-401
-344
-324
-330
-351
-351
-312
-264
-217
-183
-152
-91
-25
27
37
22
34
91
187
264
293
268
220
200
209
235
252
248
242
236
234
227
212
200
206
230
255
268
265
246
227
211
201
191
186
191
200
209
201
169
131
99
91
98
101
95
82
71
71
73
61
28
-15
-46
-52
-38
-15
5
24
45
67
91
107
116
123
142
173
202
216
219
230
252
285
313
320
309
293
286
289
282
254
225
208
210
222
208
166
109
65
47
40
29
1
-27
-39
-46
-55
-74
-99
-122
-136
-140
-149
-165
-192
-219
-236
-251
-263
-282
-296
-310
-318
-324
-347
-373
-389
-388
-377
-375
-382
-396
-410
-413
-417
-422
-432
-444
-457
-464
-450
-410
-348
-294
-276
-294
-312
-309
-290
-257
-210
-161
-110
-53
0
22
-1
-26
-9
67
159
218
225
203
182
178
187
193
187
174
169
178
180
167
148
144
167
203
237
253
244
222
209
205
196
185
192
217
238
241
236
218
189
170
179
204
202
175
155
155
166
171
168
150
120
103
111
126
131
124
125
135
157
181
200
210
217
249
299
327
312
285
286
303
322
333
334
326
320
321
307
265
210
176
183
208
204
156
89
35
-7
-45
-78
-117
-160
-182
-176
-170
-187
-220
-255
-286
-305
-307
-311
-328
-344
-346
-345
-360
-379
-378
-355
-341
-346
-356
-357
-355
-359
-357
-358
-374
-396
-412
-417
-419
-424
-446
-477
-504
-515
-502
-449
-371
-323
-326
-342
-336
-306
-272
-240
-206
-165
-100
-5
77
94
53
17
34
98
168
203
182
140
130
153
167
148
119
103
96
95
94
84
74
77
93
119
150
175
180
179
195
211
213
208
218
242
256
250
232
207
188
192
218
245
248
234
222
219
220
216
208
186
169
175
195
208
205
195
197
209
221
235
248
258
282
333
379
386
362
345
349
364
375
368
350
336
337
340
316
262
205
172
173
175
145
84
22
-17
-37
-55
-92
-156
-209
-226
-222
-227
-246
-277
-309
-326
-327
-330
-353
-383
-399
-403
-404
-407
-410
-406
-398
-395
-395
-387
-378
-369
-353
-337
-339
-359
-383
-389
-381
-374
-385
-419
-458
-484
-485
-450
-384
-318
-299
-335
-374
-369
-328
-286
-255
-227
-185
-108
-15
42
33
-3
-3
56
146
207
206
165
132
139
176
198
185
156
144
146
140
124
108
104
110
120
130
145
154
154
155
155
147
139
148
176
214
238
237
223
197
177
182
203
216
207
196
208
228
236
233
226
218
219
239
263
275
267
265
288
312
333
347
364
378
389
406
420
430
442
466
497
515
511
492
469
451
436
421
401
368
334
304
286
261
210
150
85
22
-45
-99
-141
-188
-237
-274
-300
-323
-348
-382
-425
-459
-481
-495
-499
-497
-492
-492
-494
-489
-483
-478
-482
-494
-506
-499
-481
-463
-448
-441
-447
-459
-466
-459
-440
-433
-451
-485
-508
-510
-463
-363
-264
-238
-274
-297
-286
-263
-241
-209
-172
-118
-34
64
109
84
43
43
107
186
232
210
162
146
161
191
195
163
109
67
58
54
32
14
15
24
31
38
49
44
29
32
52
58
42
37
68
104
123
130
140
143
143
166
198
200
162
136
155
194
223
240
244
236
235
262
293
301
302
320
359
402
442
463
475
492
519
545
564
567
552
542
554
576
584
578
572
563
540
508
472
422
364
322
292
255
197
137
87
40
-10
-71
-147
-220
-283
-330
-361
-385
-413
-445
-473
-494
-512
-536
-559
-573
-583
-588
-589
-575
-542
-508
-489
-498
-511
-518
-514
-503
-495
-490
-494
-493
-482
-463
-445
-447
-472
-510
-537
-510
-418
-311
-270
-302
-330
-314
-271
-227
-192
-170
-149
-93
9
84
85
45
32
85
167
210
174
101
69
99
157
192
180
134
91
81
82
63
29
5
10
27
48
62
59
37
19
17
24
24
19
29
59
90
103
100
93
86
101
145
178
174
159
168
204
241
266
275
273
272
289
334
377
391
392
414
473
529
554
555
556
571
596
634
661
658
642
634
646
658
646
615
578
552
535
511
473
425
378
339
310
267
196
115
49
4
-37
-85
-128
-171
-216
-259
-302
-359
-441
-521
-569
-586
-595
-613
-628
-637
-647
-666
-685
-686
-680
-669
-657
-642
-630
-621
-612
-598
-587
-585
-584
-575
-555
-536
-532
-549
-547
-477
-369
-284
-326
-380
-384
-354
-266
-215
-142
-75
3
96
102
58
-6
-9
125
344
506
481
348
225
138
60
13
21
64
153
259
290
197
36
-119
-225
-279
-274
-203
-83
51
140
167
106
-28
-147
-192
-144
-69
-3
76
155
229
255
251
235
180
134
139
184
231
232
228
241
259
299
350
419
475
502
524
533
521
487
485
546
642
745
834
890
897
859
800
739
674
613
602
645
693
699
652
568
459
341
239
157
87
11
-45
-70
-105
-165
-227
-252
-255
-266
-295
-341
-399
-483
-554
-583
-586
-573
-557
-526
-506
-530
-588
-662
-727
-782
-802
-785
-764
-744
-736
-729
-738
-773
-806
-830
-832
-797
-670
-462
-272
-168
-127
-64
-10
-17
-64
-81
-18
117
291
427
441
326
185
115
105
81
19
-37
-67
-102
-154
-217
-282
-331
-335
-296
-282
-335
-394
-396
-375
-367
-328
-210
-50
75
133
126
73
5
-8
49
112
132
127
145
156
119
82
78
101
98
69
40
-1
-38
-43
3
69
121
198
318
453
541
592
660
730
799
840
866
882
892
935
985
1012
1000
974
952
903
816
705
616
553
505
465
400
308
212
167
168
159
127
84
51
20
-10
-29
-24
6
44
79
98
90
67
36
-16
-101
-192
-258
-301
-329
-350
-370
-410
-464
-515
-565
-626
-691
-743
-775
-806
-839
-864
-877
-875
-859
-824
-805
-814
-833
-808
-678
-466
-256
-155
-132
-107
-78
-106
-178
-187
-95
56
161
171
94
-33
-88
-57
-28
-91
-207
-260
-295
-360
-433
-440
-374
-311
-264
-272
-353
-418
-371
-233
-150
-148
-108
6
104
136
156
197
214
202
189
157
86
47
92
126
62
-34
-41
14
34
8
-11
-22
-42
-44
-25
-11
16
111
255
379
452
555
687
816
893
914
928
918
950
970
977
972
957
984
954
900
827
775
756
694
631
529
433
368
321
292
249
233
232
222
201
188
196
201
220
235
231
207
200
224
222
185
115
43
-28
-92
-146
-225
-312
-401
-469
-523
-583
-627
-670
-713
-772
-835
-872
-894
-903
-921
-930
-935
-949
-945
-914
-801
-605
-400
-278
-254
-218
-156
-146
-216
-267
-222
-139
-89
-84
-101
-146
-193
-196
-178
-197
-251
-286
-320
-403
-494
-511
-473
-457
-432
-377
-329
-311
-274
-204
-172
-186
-174
-102
-30
24
99
178
191
132
77
69
61
41
18
-15
-61
-97
-94
-87
-103
-118
-113
-104
-96
-73
-31
18
59
107
162
226
330
477
626
740
828
881
902
896
882
876
864
861
855
836
812
790
788
764
716
659
612
565
512
471
428
386
346
341
356
349
339
336
353
363
373
394
409
401
368
337
306
267
212
152
89
16
-51
-113
-169
-226
-281
-326
-372
-418
-461
-497
-543
-608
-669
-705
-721
-741
-775
-804
-827
-816
-715
-532
-360
-292
-282
-247
-207
-237
-308
-305
-241
-207
-220
-249
-286
-350
-385
-363
-349
-395
-453
-466
-489
-562
-625
-648
-661
-666
-625
-577
-581
-594
-523
-395
-316
-296
-272
-206
-131
-71
-31
-22
-33
-46
-41
-21
-4
8
-1
-37
-88
-140
-158
-142
-109
-92
-95
-94
-89
-82
-65
-25
22
68
133
222
315
406
511
615
683
708
741
791
833
844
836
823
799
766
733
703
666
635
628
627
603
560
523
485
436
379
338
329
333
357
383
401
410
416
439
468
499
532
555
562
547
520
487
442
382
309
235
171
115
66
15
-35
-92
-136
-162
-197
-253
-329
-392
-451
-519
-591
-639
-657
-672
-621
-477
-273
-139
-113
-81
-25
12
-45
-100
-77
-63
-84
-146
-199
-283
-393
-425
-411
-423
-474
-506
-530
-643
-790
-853
-845
-842
-855
-851
-863
-890
-836
-717
-629
-613
-570
-437
-302
-216
-172
-138
-118
-127
-144
-158
-163
-152
-138
-149
-188
-229
-239
-221
-212
-220
-248
-260
-245
-228
-219
-213
-179
-126
-70
5
123
261
382
460
519
593
669
731
758
778
799
815
826
802
756
695
648
615
572
516
457
413
379
350
338
335
337
325
297
270
246
236
239
252
272
319
404
505
571
603
629
649
647
589
510
442
394
352
302
252
202
147
97
57
30
5
-32
-80
-131
-172
-206
-267
-361
-444
-500
-483
-367
-172
0
65
102
191
289
298
233
235
291
297
220
120
33
-87
-200
-270
-326
-395
-430
-422
-495
-670
-806
-843
-850
-890
-934
-957
-982
-983
-935
-892
-875
-838
-739
-617
-533
-459
-367
-271
-222
-254
-302
-317
-303
-312
-362
-418
-460
-472
-470
-454
-420
-397
-377
-355
-343
-339
-323
-269
-231
-227
-201
-106
48
199
322
433
534
622
682
714
732
748
786
822
816
758
693
642
582
522
478
435
380
328
286
233
176
148
144
133
136
167
198
193
173
181
219
261
306
357
411
462
508
550
563
541
508
483
442
366
286
233
198
155
105
79
83
94
70
21
-13
-28
-34
-78
-153
-216
-189
-54
106
201
229
303
425
495
476
484
574
625
584
501
426
339
222
112
8
-101
-188
-225
-288
-430
-571
-620
-615
-666
-766
-829
-842
-859
-882
-891
-902
-914
-875
-773
-687
-650
-596
-491
-400
-381
-402
-394
-374
-392
-425
-444
-465
-515
-566
-575
-578
-590
-587
-567
-545
-524
-473
-397
-343
-308
-252
-161
-65
32
133
238
344
436
518
575
618
637
659
707
728
715
674
637
588
524
471
417
350
266
191
125
58
4
-34
-44
-38
-23
-2
22
56
75
97
131
162
189
226
288
347
375
379
372
358
346
335
308
262
211
158
127
105
83
61
55
53
39
15
-2
-3
-11
-45
-86
-58
82
263
376
424
500
608
656
652
697
802
858
831
782
729
630
504
407
331
234
129
49
-42
-178
-306
-367
-407
-497
-612
-670
-681
-707
-718
-702
-694
-703
-688
-631
-600
-592
-545
-460
-404
-412
-425
-410
-397
-402
-423
-460
-518
-579
-618
-646
-678
-706
-729
-740
-722
-677
-612
-556
-511
-434
-324
-211
-107
-20
64
151
232
312
379
449
499
537
549
541
542
549
556
522
471
439
407
359
289
221
159
93
28
-44
-109
-140
-135
-138
-164
-175
-145
-82
-20
26
57
98
139
165
179
181
178
167
150
131
105
83
63
40
8
-18
-37
-56
-62
-60
-63
-82
-103
-122
-133
-103
-3
157
282
329
362
467
626
719
757
798
871
936
981
1018
991
896
793
730
681
609
525
429
304
158
46
-15
-72
-170
-265
-310
-343
-394
-448
-471
-489
-505
-483
-446
-441
-447
-411
-345
-314
-331
-364
-379
-379
-391
-436
-505
-554
-578
-606
-636
-661
-679
-694
-718
-734
-729
-709
-679
-649
-611
-571
-522
-434
-307
-163
-27
92
202
289
351
392
427
471
483
459
419
390
370
336
297
249
202
186
195
173
102
20
-35
-87
-163
-236
-268
-266
-263
-272
-264
-238
-199
-152
-96
-39
3
52
105
128
116
89
74
53
10
-29
-55
-61
-86
-141
-185
-190
-171
-168
-181
-197
-206
-191
-154
-71
50
160
238
292
399
514
594
661
757
876
940
986
1021
1015
957
890
854
800
724
656
577
462
340
279
266
209
101
19
-15
-53
-122
-178
-199
-230
-265
-261
-234
-231
-215
-163
-118
-120
-136
-122
-103
-117
-150
-188
-231
-297
-365
-422
-470
-514
-556
-591
-611
-620
-620
-623
-626
-609
-549
-457
-363
-285
-223
-147
-68
10
74
134
210
276
326
347
349
351
338
303
252
210
180
127
53
-2
-29
-59
-100
-120
-124
-135
-159
-191
-235
-282
-323
-340
-343
-348
-344
-317
-269
-230
-177
-109
-56
-27
-15
-10
-26
-61
-98
-131
-174
-221
-261
-274
-273
-269
-272
-281
-279
-272
-264
-242
-187
-75
45
113
153
233
374
462
483
517
617
722
783
824
842
810
755
727
711
680
635
582
490
369
274
240
212
147
78
56
55
42
24
12
1
-9
8
26
-3
-34
-3
59
70
39
13
13
27
28
2
-49
-109
-147
-179
-234
-300
-358
-394
-432
-469
-491
-495
-485
-471
-413
-321
-232
-157
-98
-18
50
101
130
149
184
225
279
309
314
293
264
249
226
205
163
100
22
-52
-99
-159
-213
-252
-279
-297
-316
-324
-316
-312
-314
-309
-309
-312
-320
-320
-305
-296
-297
-300
-288
-261
-235
-228
-233
-240
-255
-272
-289
-301
-334
-391
-442
-473
-491
-513
-542
-535
-481
-369
-220
-100
6
94
217
315
382
445
514
598
636
673
693
679
638
601
605
597
569
527
460
391
321
285
247
186
125
83
70
53
39
34
45
65
110
161
194
204
221
258
287
289
265
249
237
221
192
151
96
31
-21
-53
-72
-104
-159
-217
-262
-288
-316
-329
-328
-300
-249
-184
-109
-46
21
74
142
214
277
328
359
393
408
399
367
327
288
251
234
212
160
85
21
-19
-65
-117
-167
-210
-249
-272
-284
-302
-332
-358
-354
-336
-321
-314
-295
-274
-254
-226
-207
-207
-216
-213
-212
-241
-285
-333
-368
-395
-411
-433
-472
-499
-526
-534
-551
-576
-606
-592
-512
-384
-272
-204
-130
-43
54
125
206
305
404
471
517
565
569
529
483
445
412
359
321
268
182
107
63
47
11
-34
-60
-74
-73
-59
-54
-45
-31
15
60
88
128
182
245
291
305
310
317
331
348
349
321
262
192
141
105
63
13
-42
-93
-138
-162
-177
-193
-194
-173
-127
-68
2
76
142
224
296
361
404
450
505
536
553
548
546
540
512
475
409
342
279
210
134
45
-21
-75
-128
-193
-262
-302
-320
-326
-342
-360
-361
-356
-341
-319
-292
-272
-250
-220
-183
-144
-118
-101
-101
-122
-161
-212
-253
-296
-351
-406
-467
-517
-568
-603
-630
-658
-678
-663
-602
-485
-379
-290
-224
-148
-50
35
134
214
295
346
381
419
431
408
354
317
296
268
232
153
61
-33
-109
-152
-211
-279
-356
-396
-397
-393
-389
-372
-337
-281
-218
-147
-83
-28
44
130
204
238
248
275
315
346
340
296
242
194
157
124
86
28
-38
-88
-109
-111
-110
-109
-75
-17
43
119
208
301
360
406
474
561
620
640
660
699
737
745
725
690
647
608
576
519
428
331
248
170
86
-2
-85
-159
-222
-255
-270
-292
-327
-344
-333
-302
-278
-265
-250
-230
-193
-155
-136
-127
-119
-98
-91
-110
-144
-188
-221
-251
-285
-349
-426
-479
-507
-533
-574
-576
-511
-398
-310
-239
-145
-32
55
87
134
215
314
370
380
387
383
364
329
292
265
232
204
145
46
-63
-140
-182
-243
-331
-428
-512
-566
-604
-621
-625
-627
-608
-563
-495
-429
-359
-261
-163
-101
-65
-19
51
99
115
116
106
88
53
18
-12
-30
-48
-77
-110
-138
-139
-119
-93
-68
-38
12
82
171
264
341
413
493
573
637
683
728
763
789
794
788
773
743
706
663
619
567
496
416
330
247
177
110
31
-59
-130
-187
-236
-272
-295
-300
-293
-262
-228
-197
-167
-137
-108
-85
-61
-56
-75
-84
-77
-76
-111
-162
-199
-223
-241
-271
-312
-350
-389
-419
-409
-359
-264
-189
-131
-76
-3
82
134
196
269
359
432
471
500
502
479
454
416
371
316
278
230
142
35
-62
-128
-203
-288
-367
-451
-539
-606
-641
-655
-679
-693
-681
-651
-612
-564
-489
-414
-363
-319
-264
-203
-161
-139
-116
-99
-105
-125
-139
-148
-154
-165
-181
-217
-249
-257
-238
-211
-180
-133
-76
-9
54
125
195
247
307
387
477
545
585
631
673
703
724
728
716
692
686
682
644
569
482
403
326
250
180
111
33
-39
-82
-114
-149
-178
-187
-178
-179
-179
-170
-162
-158
-151
-135
-116
-104
-91
-82
-68
-60
-50
-44
-41
-43
-53
-74
-111
-152
-195
-253
-297
-285
-228
-137
-71
1
76
153
233
282
334
386
449
504
526
526
506
483
457
422
392
363
347
317
259
174
82
12
-55
-141
-247
-364
-459
-534
-587
-620
-648
-657
-647
-611
-568
-525
-466
-402
-362
-345
-335
-295
-262
-254
-264
-279
-287
-286
-280
-274
-276
-272
-258
-262
-279
-300
-299
-270
-244
-228
-212
-169
-100
-32
30
99
182
272
351
412
462
513
558
587
598
586
571
555
539
515
474
431
382
319
257
195
146
92
30
-20
-70
-106
-141
-168
-189
-200
-198
-196
-189
-180
-155
-125
-99
-85
-84
-69
-54
-45
-48
-55
-52
-67
-80
-97
-111
-122
-152
-167
-206
-215
-181
-99
5
68
138
200
262
309
340
408
479
551
600
604
610
609
615
601
563
535
516
496
435
332
240
165
96
11
-88
-183
-278
-346
-384
-413
-439
-470
-479
-476
-457
-432
-407
-378
-366
-355
-340
-317
-286
-263
-246
-241
-242
-235
-229
-238
-260
-291
-319
-349
-382
-402
-412
-392
-356
-319
-269
-216
-143
-75
-30
19
70
141
206
265
316
341
367
392
421
445
443
442
436
419
382
319
261
195
136
78
24
-28
-96
-147
-182
-206
-231
-253
-261
-272
-278
-272
-263
-254
-247
-223
-189
-156
-121
-95
-75
-71
-64
-49
-34
-29
-40
-52
-68
-81
-110
-139
-175
-216
-194
-113
9
94
147
228
299
351
372
411
492
556
606
635
665
705
720
723
711
687
676
657
616
525
402
306
227
157
72
-21
-104
-187
-247
-284
-299
-316
-341
-354
-367
-362
-341
-306
-276
-267
-254
-236
-205
-172
-151
-134
-140
-160
-170
-173
-181
-206
-237
-262
-294
-328
-346
-357
-355
-349
-336
-304
-268
-218
-164
-111
-50
13
96
184
251
308
348
378
394
386
369
345
326
318
304
270
220
161
109
55
-9
-72
-153
-240
-325
-396
-443
-475
-483
-482
-474
-450
-427
-407
-386
-369
-353
-341
-329
-296
-250
-198
-148
-102
-68
-45
-25
-2
-3
-34
-75
-109
-139
-184
-238
-242
-181
-73
37
127
225
302
354
371
375
423
494
570
629
671
727
780
812
820
800
786
752
687
597
478
374
295
227
158
74
-9
-79
-142
-201
-257
-302
-341
-369
-385
-386
-361
-322
-283
-248
-217
-183
-141
-92
-57
-35
-15
-6
-7
-14
-16
-17
-37
-75
-126
-174
-212
-250
-272
-287
-280
-236
-171
-99
-50
-5
41
89
128
154
187
227
262
297
335
376
417
450
465
459
431
383
310
218
119
27
-58
-134
-203
-259
-311
-361
-408
-458
-509
-555
-596
-632
-659
-673
-668
-643
-604
-553
-489
-411
-332
-256
-195
-165
-159
-162
-167
-167
-164
-166
-169
-177
-171
-185
-205
-232
-235
-184
-113
-25
39
95
134
152
162
184
246
347
465
578
675
745
801
829
837
829
795
748
681
609
546
486
439
384
315
230
127
21
-85
-189
-278
-354
-400
-412
-403
-376
-343
-300
-259
-230
-201
-168
-118
-57
1
56
96
125
130
137
135
114
78
24
-9
-31
-37
-29
-23
-14
-8
0
2
4
16
26
26
31
57
119
191
269
356
436
488
508
514
501
478
446
421
395
365
346
320
284
217
128
33
-66
-171
-275
-375
-468
-543
-585
-613
-641
-668
-679
-677
-675
-675
-665
-625
-570
-497
-418
-347
-291
-262
-244
-233
-225
-226
-238
-244
-232
-210
-192
-187
-210
-251
-309
-348
-329
-269
-190
-137
-78
-37
-14
-6
28
120
225
332
431
527
585
605
612
623
634
623
611
594
556
504
447
389
307
211
114
-5
-133
-245
-302
-331
-363
-385
-381
-348
-331
-326
-315
-304
-288
-259
-195
-109
-27
36
87
115
123
126
132
139
142
155
176
190
188
182
171
147
102
56
31
40
72
116
145
171
211
255
295
307
318
340
370
395
408
434
466
499
522
530
517
472
413
338
269
215
172
125
54
-29
-120
-216
-315
-405
-468
-518
-553
-574
-569
-541
-508
-477
-448
-428
-420
-406
-379
-351
-323
-292
-242
-197
-168
-153
-150
-144
-155
-169
-193
-218
-242
-271
-289
-320
-357
-384
-347
-276
-217
-197
-178
-121
-92
-112
-151
-99
40
169
275
366
453
474
419
374
363
370
344
302
298
300
272
199
130
64
-22
-113
-191
-235
-258
-245
-224
-221
-221
-220
-217
-228
-241
-231
-196
-171
-159
-122
-48
-1
-1
6
37
55
53
70
120
150
153
162
173
166
132
120
145
174
203
250
310
336
332
338
361
369
356
362
375
400
424
456
484
499
508
490
457
404
344
296
245
199
159
133
99
40
-28
-84
-133
-192
-246
-266
-264
-267
-276
-274
-273
-279
-278
-267
-240
-224
-208
-193
-172
-159
-156
-153
-147
-128
-100
-77
-56
-32
-34
-31
-44
-63
-57
-57
-44
-50
-46
-46
-73
-80
-81
-76
-62
-45
-30
-15
-3
-13
-38
-70
-114
-148
-166
-204
-252
-269
-258
-257
-277
-292
-301
-323
-357
-382
-375
-346
-328
-310
-268
-215
-188
-173
-158
-126
-84
-63
-30
4
38
69
94
122
141
159
180
190
189
185
190
194
178
161
159
159
160
156
165
181
192
189
182
174
157
142
135
140
148
158
175
195
205
200
194
185
161
129
108
96
85
69
52
34
6
-19
-40
-56
-60
-61
-54
-46
-39
-29
-9
16
29
43
68
98
121
141
162
179
186
189
205
221
232
241
242
234
212
188
170
153
125
98
83
69
50
36
37
41
34
21
19
24
22
20
19
23
30
44
63
69
62
40
11
-30
-79
-121
-161
-195
-234
-274
-303
-336
-370
-398
-415
-428
-447
-462
-471
-466
-457
-445
-430
-417
-406
-390
-367
-344
-312
-271
-227
-188
-158
-131
-103
-78
-59
-46
-38
-32
-28
-25
-20
-11
-2
5
14
29
55
82
95
95
90
96
107
122
137
150
167
187
210
230
241
245
232
209
185
166
151
125
94
65
46
26
4
-16
-29
-37
-51
-68
-82
-89
-92
-92
-92
-93
-85
-66
-41
-9
28
70
117
154
184
208
225
231
234
241
250
251
247
251
264
278
285
291
297
298
294
287
283
283
280
276
280
292
306
316
325
335
344
339
323
296
262
220
175
131
94
61
28
-10
-57
-103
-142
-177
-217
-259
-288
-315
-346
-372
-381
-378
-378
-382
-378
-363
-345
-329
-313
-293
-273
-259
-244
-227
-208
-191
-174
-165
-168
-174
-178
-187
-196
-201
-198
-191
-190
-193
-186
-172
-166
-168
-167
-156
-140
-117
-88
-60
-43
-36
-28
-8
14
25
25
18
12
7
6
6
3
-9
-28
-55
-81
-100
-113
-122
-134
-154
-176
-187
-186
-177
-166
-152
-137
-121
-100
-71
-38
-7
22
58
101
141
173
196
211
218
222
225
231
234
237
245
254
254
251
252
252
245
236
233
235
240
248
268
294
315
330
347
359
361
356
351
347
336
318
298
276
255
232
207
176
139
101
63
22
-16
-50
-79
-109
-141
-164
-176
-182
-189
-194
-187
-172
-154
-135
-115
-93
-73
-55
-38
-22
-4
10
16
17
15
14
10
1
-10
-21
-33
-44
-50
-53
-60
-70
-86
-103
-121
-136
-144
-149
-153
-152
-146
-140
-140
-142
-142
-143
-142
-139
-138
-141
-149
-163
-177
-193
-214
-238
-260
-278
-294
-306
-316
-324
-335
-347
-357
-358
-356
-351
-340
-319
-294
-269
-240
-208
-175
-143
-109
-73
-39
-8
21
50
75
94
108
124
142
157
173
188
202
210
216
224
229
233
234
244
262
279
299
319
341
355
361
365
365
363
357
352
349
345
332
317
298
274
243
208
171
130
91
57
26
-3
-27
-45
-60
-75
-88
-99
-106
-108
-105
-97
-82
-66
-52
-39
-18
7
32
55
72
91
111
125
133
135
132
126
121
115
108
102
99
95
89
81
71
57
44
32
26
23
13
-3
-4
5
1
-8
-9
-9
-26
-44
-50
-61
-87
-116
-134
-150
-175
-209
-238
-255
-276
-306
-330
-345
-359
-380
-395
-393
-389
-389
-379
-359
-340
-323
-305
-279
-256
-240
-214
-182
-150
-124
-94
-62
-39
-28
-16
-3
3
5
4
5
17
26
32
41
48
51
55
63
75
84
96
117
141
162
178
191
202
213
220
223
229
232
231
230
223
211
195
177
156
131
110
91
70
54
42
33
29
25
19
17
21
25
29
32
37
46
59
74
87
96
107
119
130
138
141
145
147
148
144
143
141
135
125
113
99
83
67
52
39
27
15
7
3
1
-4
-5
-3
-1
-4
-8
-9
-12
-16
-23
-29
-38
-51
-63
-74
-87
-107
-124
-141
-160
-176
-188
-196
-209
-222
-230
-235
-238
-236
-230
-220
-211
-201
-192
-177
-162
-148
-136
-121
-105
-88
-73
-56
-41
-29
-21
-15
-8
-7
-7
-6
-3
-3
-3
-5
-6
-2
5
12
17
21
25
33
40
48
57
67
76
84
92
96
98
98
95
88
77
64
49
35
19
7
-5
-17
-26
-37
-42
-45
-43
-41
-42
-41
-37
-30
-19
-8
6
20
37
56
76
99
119
136
148
160
172
182
188
190
192
194
193
189
183
182
178
171
161
150
140
129
123
115
104
96
87
79
73
69
64
55
44
33
20
4
-14
-28
-49
-74
-100
-123
-144
-166
-187
-204
-224
-244
-259
-269
-276
-283
-289
-287
-284
-278
-267
-255
-242
-226
-206
-182
-156
-129
-105
-81
-57
-38
-25
-9
11
23
34
44
54
60
61
64
68
68
66
67
70
74
82
91
100
110
118
131
137
143
149
151
152
150
140
132
124
111
100
88
74
62
48
29
8
-12
-33
-59
-82
-104
-122
-139
-149
-156
-158
-150
-140
-131
-123
-112
-99
-85
-70
-54
-35
-21
-8
10
32
55
74
89
101
111
119
132
145
152
150
172
201
163
146
173
173
139
126
161
170
167
173
171
176
170
156
147
157
155
116
102
103
78
44
24
11
-15
-46
-73
-100
-125
-148
-165
-191
-221
-236
-249
-270
-285
-289
-291
-299
-298
-283
-265
-255
-255
-240
-218
-207
-194
-176
-143
-117
-108
-95
-69
-50
-48
-45
-26
-9
-11
-7
4
14
25
30
44
61
79
88
95
106
114
125
135
133
131
137
134
127
129
130
125
116
115
108
94
76
55
41
26
2
-22
-29
-40
-51
-57
-68
-73
-74
-69
-68
-70
-60
-55
-47
-38
-29
-19
-9
2
9
19
45
55
56
70
87
87
84
104
113
109
119
119
115
118
127
133
125
131
137
138
146
148
158
168
171
160
158
165
153
136
123
115
103
93
74
54
48
37
17
-13
-28
-33
-59
-76
-87
-115
-141
-148
-146
-166
-180
-167
-166
-173
-171
-169
-162
-157
-136
-120
-133
-127
-116
-124
-128
-130
-107
-103
-114
-121
-116
-105
-117
-118
-107
-78
-75
-102
-96
-57
-51
-90
-58
-12
-29
-33
-10
8
-22
-28
7
-4
12
18
-14
-14
-8
-11
-28
-42
-31
-55
-64
-54
-84
-89
-91
-88
-81
-90
-73
-78
-113
-88
-42
-26
-55
-77
-4
47
8
-13
15
84
80
29
89
110
120
123
80
120
150
150
113
121
193
137
117
163
162
146
127
172
180
163
178
154
177
180
180
190
145
188
194
159
157
136
159
122
117
134
92
84
56
77
56
-21
18
23
1
-4
-39
-54
-52
-15
-31
-71
-32
-3
-39
-19
-3
-29
15
9
3
44
25
17
-4
10
46
16
2
-14
1
8
-33
-29
-30
-44
-41
-18
-41
-94
-76
-39
-55
-92
-85
-56
-71
-105
-58
-47
-93
-95
-108
-66
-66
-138
-146
-127
-67
-139
-192
-146
-154
-158
-233
-251
-184
-179
-217
-263
-217
-178
-221
-248
-210
-136
-176
-216
-154
-95
-122
-146
-106
-62
-34
-46
-72
-31
41
2
-52
38
92
39
33
50
36
31
45
39
75
83
94
97
46
128
136
45
74
153
201
121
81
180
128
94
170
120
158
176
103
97
153
149
-3
64
176
88
36
34
75
45
37
2
-33
126
97
5
22
92
125
29
48
85
153
170
66
143
217
175
114
111
238
212
110
137
183
172
110
145
189
191
116
56
143
109
40
60
82
111
85
69
50
-25
16
-33
-58
91
-10
-96
7
-23
-118
-91
-84
-179
-120
-64
-171
-211
-204
-187
-217
-231
-225
-283
-137
-197
-414
-287
-196
-208
-290
-281
-141
-197
-255
-237
-225
-181
-181
-180
-150
-89
-106
-202
-162
-80
-90
-143
-104
-31
-49
-64
-102
-110
-53
-57
-74
-19
16
-6
-37
-65
-59
-24
-20
-16
16
53
35
-19
-17
1
0
20
21
-3
43
49
-5
-22
7
61
38
23
48
44
-3
-30
35
56
85
122
94
102
89
75
67
73
167
167
180
240
195
215
180
137
213
244
247
267
277
226
215
293
271
200
242
278
264
257
207
181
201
230
213
209
260
181
122
142
94
102
109
95
104
123
151
18
-40
-3
-54
-49
-22
10
-28
-56
-44
-168
-181
-90
-159
-170
-122
-136
-146
-133
-135
-240
-247
-128
-166
-179
-135
-194
-166
-133
-167
-195
-171
-130
-146
-145
-124
-93
-95
-144
-160
-125
-35
-53
-177
-150
-62
-67
-128
-129
-38
-42
-123
-133
-94
-67
-105
-181
-140
8
-13
-148
-164
-111
-103
-143
-127
-95
-91
-64
-88
-130
-118
-90
-107
-151
-105
-62
-39
-50
-84
-87
-102
-32
-28
-97
-13
59
9
-14
38
80
50
30
47
119
188
134
79
148
199
197
179
160
214
245
208
182
214
266
247
219
207
223
270
209
138
180
208
214
206
194
168
134
107
60
111
112
79
112
108
84
35
-20
-66
-31
23
-1
13
42
-1
-88
-114
-74
-58
-55
-40
-28
-6
-41
-114
-83
-59
-77
-73
-44
9
-23
-72
-71
-63
-10
-39
-46
4
-32
-49
-41
-18
-15
-34
-3
-25
-56
-9
-23
-50
-62
-40
3
-24
-53
-47
-72
-112
-108
-68
-54
-71
-73
-98
-110
-98
-146
-185
-155
-111
-111
-122
-124
-135
-145
-173
-181
-133
-91
-114
-125
-107
-82
-77
-95
-104
-62
-7
-48
-48
20
2
-25
36
70
35
38
53
27
46
66
63
120
146
126
68
70
125
114
110
120
152
180
177
134
100
108
149
137
129
191
171
126
113
100
94
72
66
75
114
121
41
12
41
17
-23
15
59
40
2
-13
4
-9
-45
-44
-17
16
26
9
0
-19
-22
-49
-32
62
46
-7
-17
2
35
3
-29
1
36
56
32
-4
13
6
4
4
-8
42
17
-19
15
-23
-37
19
3
-29
-41
-39
-36
-46
-25
-50
-65
-28
-75
-107
-82
-108
-113
-75
-52
-77
-86
-57
-105
-183
-171
-96
-47
-73
-114
-93
-44
-73
-149
-147
-80
-47
-69
-59
8
2
-85
-140
-56
9
-34
-19
-12
-16
37
14
-29
5
22
19
13
47
82
48
21
27
48
107
100
46
37
40
100
97
58
81
64
46
50
59
48
44
58
31
39
67
24
11
26
10
17
29
30
31
20
1
8
25
40
33
12
32
19
8
60
57
27
21
30
58
40
24
52
56
51
40
34
61
52
28
4
35
88
39
2
33
58
20
-26
9
44
26
6
-14
0
26
-23
-75
-47
3
-9
-53
-46
-32
-65
-98
-110
-101
-63
-48
-99
-95
-57
-94
-160
-149
-87
-82
-96
-99
-79
-55
-97
-143
-134
-54
-16
-72
-68
-15
-10
-57
-94
-67
1
43
20
-13
0
24
-11
-48
1
69
74
33
30
51
25
-5
18
62
91
85
43
37
40
25
16
39
80
89
64
32
29
21
5
27
47
65
84
48
1
1
-2
9
26
27
53
54
2
-8
30
12
13
37
26
24
44
55
27
25
40
51
41
36
56
54
60
63
70
75
67
73
48
58
102
76
49
72
67
62
74
69
75
41
35
54
27
15
35
41
18
26
23
-11
-14
-31
-64
-44
0
-24
-69
-50
-37
-84
-110
-116
-100
-88
-117
-126
-111
-87
-101
-145
-148
-134
-123
-138
-153
-127
-96
-92
-104
-108
-97
-106
-128
-115
-91
-50
-50
-63
-34
-29
-43
-59
-57
-51
-31
-20
-2
33
22
5
7
-31
-39
7
9
19
45
46
51
33
-14
-36
-14
14
14
27
45
31
16
1
-25
-14
11
14
20
18
12
18
4
-10
-3
11
20
17
18
1
13
47
40
37
42
57
28
10
63
87
88
81
88
84
60
75
60
65
122
124
121
126
121
96
68
90
108
117
135
119
111
120
110
88
74
62
58
84
98
87
75
65
58
41
25
2
-3
18
26
26
17
6
-14
-56
-78
-64
-49
-48
-41
-32
-36
-55
-79
-98
-97
-91
-96
-77
-36
-41
-73
-91
-95
-96
-104
-96
-85
-64
-49
-66
-78
-68
-74
-109
-112
-87
-52
-28
-56
-76
-61
-68
-86
-79
-71
-68
-56
-44
-48
-53
-58
-93
-109
-62
-24
-34
-55
-61
-59
-56
-66
-69
-60
-56
-42
-28
-35
-41
-59
-70
-62
-44
-16
-3
-12
-14
-7
-14
-18
-4
-1
14
34
50
58
44
39
26
28
48
68
99
106
100
86
69
75
80
80
89
109
141
144
126
99
77
85
88
109
136
147
142
125
114
96
94
83
72
84
111
131
113
79
56
59
63
41
55
94
78
50
52
63
52
26
30
32
32
33
24
14
14
19
14
12
24
21
8
-5
-14
6
21
9
-8
-9
-4
-19
-26
-30
-34
-31
-30
-31
-34
-32
-45
-76
-64
-43
-44
-50
-75
-94
-85
-79
-98
-114
-107
-95
-90
-106
-123
-120
-131
-143
-143
-141
-129
-121
-130
-139
-141
-133
-126
-143
-146
-130
-118
-110
-116
-110
-92
-87
-101
-101
-80
-65
-63
-72
-66
-33
-25
-38
-42
-34
-6
-15
-28
0
19
32
19
1
29
46
35
33
43
62
62
60
70
71
75
74
75
79
90
95
73
75
97
107
99
87
88
92
86
71
72
91
94
75
76
84
88
77
59
63
76
79
72
68
69
80
81
68
64
76
70
45
44
70
92
86
70
67
68
64
42
37
56
61
56
52
53
61
50
32
18
12
29
32
20
11
11
19
9
-14
-22
-19
-22
-29
-47
-43
-26
-40
-58
-64
-69
-69
-82
-103
-108
-98
-86
-92
-104
-97
-106
-126
-131
-126
-117
-107
-105
-106
-102
-104
-101
-112
-125
-112
-99
-84
-72
-74
-74
-75
-85
-82
-70
-57
-42
-34
-32
-33
-34
-28
-27
-30
-20
-1
10
5
-6
-1
6
5
10
15
29
33
22
16
25
35
34
26
28
43
52
35
24
29
39
43
36
38
45
45
34
25
37
50
52
46
42
52
52
50
47
51
66
71
66
68
73
71
74
78
82
87
92
93
84
78
86
87
87
92
93
95
89
78
76
70
60
61
70
72
70
61
49
44
29
19
21
22
24
17
10
7
0
-13
-25
-29
-27
-22
-28
-36
-41
-45
-52
-63
-62
-56
-62
-65
-59
-68
-75
-76
-80
-76
-72
-70
-71
-71
-70
-71
-66
-58
-64
-67
-62
-62
-59
-52
-48
-51
-47
-38
-43
-49
-47
-46
-45
-40
-37
-37
-30
-25
-34
-42
-43
-36
-32
-38
-32
-24
-22
-22
-29
-32
-28
-33
-34
-30
-26
-22
-21
-24
-28
-28
-31
-35
-30
-24
-18
-9
-6
-6
-4
-1
-1
-1
7
12
22
30
36
43
43
38
40
42
53
59
66
72
67
74
78
78
77
71
71
70
78
83
81
71
69
82
79
68
70
64
58
58
52
60
62
50
40
33
35
32
19
13
8
10
11
4
2
-3
-13
-19
-26
-22
-21
-27
-30
-39
-37
-32
-33
-37
-41
-40
-37
-40
-35
-28
-26
-23
-18
-15
-14
-19
-20
-17
-15
-20
-18
-12
-8
-13
-23
-26
-25
-23
-36
-39
-23
-16
-21
-25
-29
-26
-27
-34
-31
-29
-22
-25
-38
-28
-25
-32
-36
-41
-34
-31
-36
-38
-44
-43
-40
-45
-43
-35
-36
-41
-44
-43
-42
-40
-34
-25
-23
-17
-12
-8
-1
-3
-1
7
15
28
30
31
40
46
43
37
36
47
52
47
51
54
55
52
47
48
46
45
47
47
49
52
48
42
42
42
41
36
34
35
35
32
27
22
19
16
17
13
7
8
6
7
2
-3
-2
-9
-10
-7
-9
-6
-3
-7
-10
-7
-6
-5
-3
3
10
14
11
11
13
11
11
12
14
20
24
20
14
15
13
9
2
4
11
12
8
5
2
-3
-10
-14
-11
-14
-14
-12
-14
-18
-19
-21
-25
-29
-32
-30
-27
-26
-31
-38
-36
-35
-45
-48
-42
-37
-40
-41
-39
-36
-31
-37
-39
-31
-26
-27
-31
-25
-17
-20
-17
-13
-13
-9
-5
-5
-1
5
7
10
12
15
20
20
20
20
22
27
31
25
24
26
28
26
23
26
29
28
23
20
19
16
9
11
9
5
8
4
2
-4
-11
-10
-9
-14
-15
-14
-10
-13
-18
-18
-18
-15
-18
-21
-14
-11
-11
-13
-13
-6
-4
-7
-6
-1
3
5
9
9
12
18
17
16
16
17
21
23
27
28
29
30
28
25
23
25
29
27
22
24
27
25
19
10
12
15
9
7
5
5
3
-6
-13
-10
-8
-11
-17
-21
-17
-16
-22
-25
-25
-24
-25
-29
-30
-29
-29
-27
-28
-25
-22
-22
-24
-23
-18
-14
-12
-12
-9
-3
2
2
3
5
9
10
14
17
17
18
19
17
18
21
28
26
23
24
26
26
24
20
18
19
18
17
12
9
12
9
3
4
6
4
-2
-6
-3
-6
-10
-9
-12
-13
-13
-14
-12
-17
-20
-16
-16
-18
-18
-20
-17
-16
-17
-14
-9
-6
-5
-2
-2
0
4
7
4
7
11
13
11
12
16
15
15
19
23
23
21
21
23
22
18
17
20
18
14
12
13
11
6
4
0
-3
-2
-5
-11
-17
-19
-17
-20
-25
-28
-29
-32
-34
-38
-39
-40
-42
-44
-46
-47
-48
-50
-51
-51
-51
-49
-47
-48
-45
-43
-42
-40
-36
-35
-31
-26
-23
-19
-17
-10
-8
-9
-5
-2
-1
3
5
8
9
11
14
17
20
24
23
25
29
30
31
31
30
30
29
29
28
27
29
27
26
26
24
22
24
25
23
21
19
21
20
20
20
16
16
17
13
13
13
13
12
14
17
20
18
19
21
23
26
26
25
29
30
26
26
29
30
29
30
32
32
34
32
29
32
33
31
32
29
30
29
26
25
22
18
15
16
10
9
7
2
0
-1
-3
-8
-12
-16
-20
-21
-26
-30
-31
-34
-39
-40
-41
-42
-45
-46
-48
-46
-47
-49
-47
-50
-49
-46
-47
-43
-42
-40
-39
-35
-34
-35
-32
-30
-28
-26
-24
-20
-18
-16
-14
-12
-10
-10
-8
-4
-4
-3
-1
2
6
8
6
8
13
12
11
11
11
10
8
7
7
7
5
2
3
1
-1
0
-1
-1
-3
-5
-4
-2
-3
-4
-2
0
0
0
0
1
3
5
8
9
11
15
17
18
19
20
23
25
27
30
32
32
32
33
35
37
35
38
38
39
41
41
41
40
39
40
40
38
38
37
35
35
32
29
27
24
24
21
17
14
11
8
4
2
-2
-5
-10
-11
-13
-16
-17
-21
-23
-25
-27
-27
-27
-27
-26
-28
-30
-30
-29
-29
-30
-29
-27
-27
-27
-27
-26
-26
-24
-24
-24
-24
-22
-22
-21
-21
-21
-22
-23
-24
-24
-23
-22
-21
-21
-22
-22
-22
-23
-23
-24
-24
-24
-26
-27
-29
-28
-31
-33
-33
-33
-31
-33
-34
-35
-34
-34
-35
-34
-35
-32
-30
-30
-29
-28
-29
-26
-22
-20
-19
-16
-12
-9
-7
-6
-2
4
6
9
13
17
17
18
20
25
28
30
32
36
39
40
42
44
46
48
50
51
53
53
52
52
52
53
54
55
56
55
52
53
55
57
54
52
50
50
50
46
43
44
43
39
38
38
37
33
32
33
31
30
30
25
25
25
23
19
19
18
15
13
12
10
9
5
3
3
0
-3
-6
-7
-11
-14
-14
-14
-18
-21
-25
-26
-27
-28
-29
-31
-35
-37
-36
-39
-41
-43
-45
-46
-47
-47
-47
-48
-51
-50
-50
-49
-48
-48
-48
-48
-47
-47
-45
-45
-46
-47
-44
-44
-42
-40
-39
-37
-37
-37
-34
-29
-27
-27
-25
-23
-19
-16
-13
-11
-9
-9
-9
-5
0
0
0
3
4
6
8
9
8
11
13
15
15
19
21
19
18
18
21
21
22
23
21
21
23
23
24
24
25
24
25
26
24
26
27
28
29
29
26
27
27
26
25
27
29
28
27
28
29
29
29
29
31
33
35
36
34
33
33
31
29
30
30
29
29
27
25
24
22
21
19
18
15
14
13
12
9
6
4
1
1
0
-7
-9
-12
-15
-15
-19
-21
-24
-27
-28
-31
-31
-31
-34
-35
-37
-39
-41
-42
-43
-43
-45
-45
-44
-44
-44
-43
-44
-40
-39
-39
-38
-37
-35
-33
-30
-30
-28
-26
-24
-21
-18
-17
-18
-15
-14
-11
-8
-8
-8
-6
-3
-2
0
3
3
5
6
8
8
9
8
9
11
10
11
11
11
11
12
13
14
17
17
14
15
16
16
16
16
16
15
17
18
18
17
18
17
17
17
18
18
19
21
22
21
19
19
21
20
21
20
20
20
20
21
19
19
19
19
18
19
19
17
17
16
14
12
11
12
11
12
9
7
7
8
7
7
5
4
4
3
3
1
-1
-2
-3
-6
-8
-7
-8
-9
-10
-12
-11
-12
-13
-13
-13
-15
-15
-15
-14
-14
-14
-14
-16
-15
-14
-14
-14
-15
-15
-14
-14
-14
-13
-14
-14
-15
-15
-15
-15
-15
-14
-15
-15
-14
-16
-14
-15
-15
-14
-15
-13
-13
-13
-12
-10
-11
-11
-10
-9
-8
-8
-8
-8
-6
-6
-6
-5
-5
-5
-6
-4
-5
-4
-3
-3
-4
-2
-3
-2
0
-1
2
3
3
6
7
8
9
10
10
11
13
14
15
15
14
16
17
17
17
18
16
17
18
17
16
15
14
13
12
12
12
10
9
9
9
8
6
6
6
5
5
6
6
4
3
2
1
-1
0
-2
-4
-4
-5
-6
-7
-8
-7
-9
-9
-10
-9
-9
-8
-8
-7
-6
-5
-4
-3
-2
-2
0
0
1
2
2
2
5
4
5
5
7
7
7
9
7
6
7
7
7
6
5
4
3
3
2
0
0
-1
-2
-3
-3
-5
-6
-7
-8
-9
-7
-8
-10
-11
-10
-11
-11
-10
-12
-12
-13
-13
-14
-12
-12
-12
-11
-11
-9
-7
-7
-5
-6
-4
-2
-1
1
2
2
3
5
5
7
8
10
11
12
14
15
15
16
15
16
15
16
16
16
16
15
14
13
13
13
12
11
11
12
10
9
8
7
5
3
3
2
1
-2
-3
-3
-5
-5
-6
-6
-7
-7
-8
-7
-7
-7
-6
-8
-8
-8
-8
-6
-5
-6
-6
-5
-4
-4
-2
-1
0
1
1
1
2
3
1
1
1
1
1
3
4
2
0
1
1
1
0
0
0
0
-2
-2
-2
-4
-6
-7
-8
-9
-7
-8
-9
-11
-12
-12
-12
-12
-13
-13
-14
-15
-14
-14
-14
-13
-13
-14
-15
-13
-13
-12
-11
-11
-9
-10
-9
-7
-5
-5
-4
-3
-2
-1
-1
1
3
3
3
5
6
8
8
7
7
8
10
10
10
12
12
11
10
11
12
13
11
11
12
13
14
12
11
10
11
11
11
12
12
11
11
9
9
9
7
6
7
7
5
5
4
4
3
2
0
1
2
2
3
2
3
2
2
2
2
2
2
3
2
3
2
2
1
1
1
1
0
0
-1
0
-2
-1
-2
-1
-3
-3
-2
-3
-4
-4
-4
-3
-4
-5
-6
-5
-5
-6
-6
-6
-6
-6
-8
-8
-8
-8
-8
-8
-9
-9
-9
-10
-8
-10
-10
-10
-11
-9
-10
-9
-8
-9
-9
-9
-8
-8
-7
-7
-7
-7
-6
-6
-5
-5
-5
-4
-3
-3
-3
-2
-1
-2
-2
0
-1
-1
0
1
1
2
2
2
2
3
4
4
5
5
5
6
7
7
6
6
6
6
7
9
9
8
8
9
9
8
8
9
9
8
9
9
11
10
10
9
9
9
10
11
10
10
10
10
11
10
11
11
10
11
10
10
10
9
8
9
7
7
7
7
7
7
7
7
5
4
4
3
2
2
2
1
-1
-2
-1
-1
-2
-2
-2
-3
-4
-4
-5
-5
-4
-5
-7
-8
-9
-9
-10
-11
-10
-12
-12
-11
-13
-12
-11
-10
-12
-11
-11
-12
-12
-12
-11
-12
-13
-13
-13
-12
-12
-13
-11
-10
-10
-9
-9
-9
-7
-6
-7
-7
-7
-7
-6
-8
-8
-7
-8
-7
-6
-7
-5
-4
-4
-2
-1
-1
-2
-1
0
0
-1
-1
-2
-3
0
0
-1
1
2
3
4
6
6
6
7
7
7
9
9
8
8
9
9
9
8
9
9
9
11
11
12
12
12
12
12
12
11
11
10
10
10
9
9
8
8
8
9
9
9
9
9
8
8
6
6
6
7
6
3
3
2
2
3
1
1
1
-1
-1
-2
-2
-2
-4
-5
-6
-7
-8
-9
-9
-9
-9
-10
-11
-10
-10
-12
-13
-11
-11
-11
-12
-13
-14
-13
-13
-13
-12
-13
-13
-12
-13
-12
-10
-9
-10
-10
-10
-9
-10
-10
-9
-8
-9
-9
-8
-7
-7
-6
-5
-5
-5
-5
-4
-3
-3
-3
-2
-2
-1
-2
-1
0
0
1
1
1
2
3
4
5
5
7
7
7
7
7
8
10
11
11
11
11
10
11
13
15
15
15
15
14
14
16
16
16
16
17
16
16
15
16
16
17
17
18
17
16
16
17
17
17
17
15
14
14
15
14
14
13
13
14
13
12
13
11
11
10
10
10
9
7
6
5
3
1
2
1
-1
0
-1
-1
-2
-3
-3
-3
-4
-5
-7
-7
-8
-9
-10
-12
-12
-13
-12
-13
-13
-14
-13
-13
-14
-14
-14
-17
-19
-19
-19
-19
-20
-21
-21
-22
-21
-21
-20
-21
-20
-19
-20
-19
-19
-19
-19
-18
-19
-19
-19
-18
-18
-17
-15
-16
-15
-13
-13
-11
-9
-8
-8
-7
-6
-5
-6
-4
-4
-4
-4
-3
-2
0
1
2
2
3
4
5
6
7
7
7
6
5
6
7
7
8
9
7
7
8
7
7
8
8
8
8
8
9
8
8
7
7
6
6
6
7
6
7
6
6
6
7
6
7
6
7
7
6
8
7
8
7
6
7
6
6
7
8
8
7
8
8
9
9
7
7
7
7
8
7
7
7
6
6
6
6
6
6
4
4
2
3
3
2
2
1
0
-1
-1
-2
-2
-3
-4
-4
-4
-5
-6
-7
-7
-8
-8
-8
-9
-9
-10
-9
-9
-9
-8
-8
-9
-8
-9
-8
-7
-7
-8
-7
-7
-6
-5
-5
-4
-3
-4
-3
-2
-1
-1
-2
-1
0
0
-1
1
0
0
0
0
1
1
1
1
2
0
0
1
1
2
1
1
1
1
3
1
1
1
1
0
0
-1
-1
1
1
2
1
1
0
0
0
0
0
1
0
0
1
1
1
2
2
4
4
5
4
3
4
5
4
4
4
5
4
4
4
3
4
4
4
4
2
3
3
3
3
4
2
1
2
2
1
2
2
2
2
2
1
1
1
0
1
1
0
1
0
0
-1
-2
-3
-3
-3
-3
-3
-3
-3
-2
-3
-3
-1
-2
-2
-2
-2
-2
-2
-2
-2
-2
-3
-2
-1
-1
-1
-1
0
1
1
0
0
-1
-1
-1
0
0
-1
-2
-2
-1
-3
-3
-2
-2
-1
-2
-2
0
1
-1
-1
-2
-2
-1
-1
-1
-1
-1
-2
-1
-1
-2
-1
-1
-1
-2
-1
-1
-2
-1
-1
-1
-2
-2
-2
-1
-1
-3
-3
-2
-2
-1
-3
-2
-1
0
-1
-1
-2
-1
-1
-2
-2
-1
-1
-1
-2
-1
-2
-2
0
-1
-1
-1
-1
-1
-1
0
0
0
0
0
1
0
0
1
0
1
0
1
3
3
2
0
0
2
2
2
2
3
3
3
3
2
4
4
3
4
3
3
4
5
5
3
4
3
4
5
4
4
3
4
4
6
5
4
4
4
3
4
3
4
3
3
3
1
2
2
2
3
2
3
3
2
3
2
0
1
0
1
0
-1
-2
-2
-2
-1
-1
-1
-1
-2
-1
-1
-3
-4
-4
-4
