1
0
-1
-1
-3
-2
-3
-5
-7
-6
-7
-6
-7
-6
-6
-5
-3
-3
-4
-3
-1
-1
0
1
0
1
1
2
2
2
4
3
3
4
4
3
2
3
2
1
0
0
0
-1
-3
-2
-2
-2
-3
-3
-2
-1
-1
-2
-2
-2
-1
-1
-1
0
-1
0
0
-1
1
1
0
-1
-2
-1
-1
-1
-3
-4
-2
-2
-2
-3
-4
-3
-3
-3
-4
-4
-4
-3
-2
-2
-3
-3
-2
0
0
0
1
2
2
2
2
1
3
3
3
3
6
6
3
3
4
6
2
0
0
1
1
1
1
1
1
0
-1
-1
-2
-1
0
1
4
7
10
17
22
43
61
64
74
90
117
123
126
116
126
137
125
115
83
80
74
57
33
10
-3
-21
-24
-46
-63
-78
-99
-106
-118
-128
-138
-151
-161
-158
-145
-140
-131
-129
-115
-87
-69
-53
-43
-28
-16
-2
5
10
6
-6
-9
-13
-16
-31
-51
-73
-89
-101
-114
-123
-139
-154
-162
-153
-126
-104
-105
-105
-65
-4
35
43
49
89
137
158
165
155
156
165
173
166
145
123
107
104
91
69
44
18
-2
-24
-49
-61
-83
-119
-146
-154
-151
-151
-162
-178
-166
-139
-110
-96
-88
-68
-39
-4
22
36
44
61
88
105
112
122
128
132
132
143
158
164
154
143
154
177
183
168
152
153
163
169
156
134
127
123
123
113
97
87
84
84
82
87
84
79
74
69
69
66
57
36
14
0
-5
-15
-35
-59
-72
-75
-75
-80
-99
-109
-111
-111
-115
-129
-135
-147
-153
-162
-173
-178
-187
-197
-208
-210
-207
-215
-231
-237
-231
-229
-240
-248
-207
-159
-145
-139
-95
8
73
78
82
167
265
295
278
248
273
300
305
276
219
167
149
164
142
80
13
-21
-10
-20
-67
-113
-145
-162
-187
-212
-220
-223
-255
-284
-265
-220
-196
-203
-207
-176
-115
-54
-13
-8
-10
24
97
143
125
97
107
144
153
145
141
124
101
96
122
136
117
100
103
111
115
133
148
128
93
94
146
173
137
98
104
144
168
163
148
138
141
158
182
177
149
127
117
116
113
96
60
10
-25
-27
-18
-45
-94
-138
-145
-118
-104
-121
-163
-178
-161
-137
-133
-160
-181
-188
-178
-160
-157
-184
-218
-225
-207
-203
-217
-243
-265
-284
-278
-183
-137
-153
-183
-98
71
124
106
95
239
327
338
322
290
322
304
313
284
214
135
108
133
76
-2
-60
-76
-67
-128
-179
-201
-226
-258
-310
-323
-327
-331
-362
-390
-366
-324
-288
-273
-273
-226
-161
-84
-28
-22
-12
22
111
143
121
100
111
160
147
128
123
120
109
90
108
122
127
108
99
123
140
169
174
149
125
140
203
220
160
104
137
203
211
184
168
189
212
219
233
230
212
189
179
170
142
106
61
12
-37
-68
-66
-93
-156
-212
-211
-182
-193
-232
-267
-247
-215
-205
-209
-230
-234
-218
-192
-172
-187
-211
-215
-189
-173
-200
-218
-241
-208
-123
-88
-56
-61
24
164
231
221
236
417
504
519
442
422
518
501
453
361
305
240
205
193
123
34
-93
-108
-46
-104
-205
-275
-262
-263
-318
-349
-345
-348
-426
-443
-363
-315
-336
-375
-342
-244
-187
-135
-93
-75
-73
-10
126
147
94
44
94
180
161
130
83
68
44
48
98
82
57
14
57
124
141
142
113
133
141
186
226
208
163
115
165
228
229
171
137
186
228
247
234
212
207
196
206
202
162
105
45
14
-15
-48
-93
-153
-212
-265
-257
-239
-277
-345
-384
-337
-286
-285
-326
-341
-304
-279
-237
-214
-224
-250
-252
-189
-137
-169
-240
-158
-39
-10
-7
18
159
249
239
253
390
501
519
527
461
480
525
520
469
337
228
230
258
163
24
-87
-143
-104
-115
-208
-297
-349
-334
-302
-341
-404
-410
-402
-406
-382
-343
-321
-307
-319
-279
-194
-133
-77
-69
-83
-52
61
140
119
68
52
138
196
171
121
71
62
71
95
74
26
-6
0
51
74
72
71
75
87
118
180
205
184
149
151
221
271
247
200
187
225
279
291
258
220
204
212
244
228
157
98
64
50
24
-32
-95
-154
-215
-246
-234
-253
-318
-391
-412
-371
-342
-367
-409
-428
-415
-364
-326
-324
-358
-385
-341
-265
-248
-217
-156
-109
-32
42
189
301
309
295
427
626
683
673
580
605
679
693
656
533
404
323
348
324
200
29
-129
-126
-98
-170
-312
-438
-478
-469
-457
-500
-534
-586
-620
-564
-474
-434
-454
-464
-420
-307
-216
-155
-125
-130
-99
21
154
179
142
95
148
238
262
233
151
101
94
144
152
94
16
-35
17
73
98
70
31
35
82
175
210
195
141
130
223
313
320
247
214
253
337
380
341
291
256
268
311
309
240
143
78
58
37
-21
-117
-213
-294
-332
-333
-364
-441
-539
-580
-549
-502
-505
-556
-586
-568
-486
-412
-402
-420
-435
-371
-276
-159
-71
-58
-1
93
303
459
496
485
552
748
862
903
806
747
777
804
810
687
517
389
355
342
257
90
-100
-163
-147
-172
-279
-409
-468
-463
-470
-511
-532
-559
-589
-591
-531
-474
-453
-462
-455
-378
-296
-198
-137
-122
-112
-46
90
183
204
149
152
236
303
302
214
137
104
133
129
79
-7
-85
-74
-33
-1
-19
-44
-39
12
83
137
167
143
132
178
264
312
282
232
216
266
320
330
280
220
209
239
261
216
138
67
30
12
-23
-96
-197
-289
-342
-374
-422
-490
-557
-615
-651
-651
-630
-637
-666
-689
-651
-557
-488
-476
-486
-451
-280
-73
2
29
84
292
523
613
590
645
817
946
1002
903
855
901
926
895
759
619
541
512
445
310
152
17
-10
-27
-139
-294
-376
-378
-385
-458
-544
-535
-517
-540
-569
-534
-478
-430
-416
-410
-338
-265
-180
-131
-136
-122
-34
91
134
119
88
158
263
285
260
214
213
227
226
178
116
54
2
-9
-37
-81
-121
-113
-82
-76
-44
17
84
109
107
159
269
319
293
276
291
333
353
319
262
234
216
206
178
92
18
-21
-54
-111
-189
-265
-305
-342
-428
-487
-507
-531
-575
-627
-662
-648
-644
-683
-711
-730
-702
-634
-597
-615
-635
-586
-387
-188
-154
-116
1
276
537
592
575
696
921
1077
1087
951
898
964
994
929
750
572
505
501
433
270
106
-2
0
-15
-135
-251
-319
-350
-373
-435
-501
-502
-506
-548
-573
-547
-478
-391
-404
-430
-343
-193
-67
-51
-90
-57
78
186
213
164
110
165
261
288
238
164
139
184
208
179
125
86
89
100
107
94
88
82
67
59
98
160
167
140
103
149
252
303
286
226
248
325
393
381
305
256
247
270
241
148
39
-41
-77
-135
-205
-297
-372
-417
-472
-502
-518
-538
-583
-630
-647
-625
-606
-630
-669
-701
-686
-622
-595
-620
-671
-621
-394
-237
-174
-148
-16
298
499
533
568
732
938
1050
1002
885
897
930
921
824
622
496
450
436
328
158
-5
-63
-14
-94
-230
-345
-389
-380
-422
-507
-547
-535
-553
-559
-547
-500
-411
-366
-347
-287
-175
-48
66
81
60
99
213
306
291
181
121
202
252
238
152
77
78
108
139
115
65
23
52
93
102
103
103
105
68
63
124
185
177
97
78
182
301
340
294
268
329
425
498
475
394
332
336
355
287
138
-10
-72
-122
-204
-296
-369
-421
-486
-530
-529
-514
-537
-597
-644
-629
-593
-597
-647
-716
-735
-706
-649
-660
-716
-611
-435
-267
-156
-121
117
387
485
536
657
867
1004
984
839
819
862
849
773
588
412
318
352
322
206
-31
-179
-69
-18
-123
-348
-473
-447
-398
-497
-624
-649
-662
-629
-613
-566
-484
-397
-345
-251
-136
-18
131
208
211
174
231
330
387
277
109
104
173
234
160
18
-44
0
70
94
42
-59
-54
4
35
17
-58
-64
-47
-37
-29
13
88
97
109
136
252
369
392
392
399
432
473
515
472
385
292
260
271
211
88
-24
-78
-119
-158
-222
-271
-321
-390
-422
-410
-423
-474
-533
-582
-571
-546
-554
-574
-628
-640
-574
-512
-511
-520
-350
-172
-7
36
88
405
568
571
542
648
861
933
798
618
635
667
669
585
430
283
271
324
328
221
-41
-113
-64
-57
-208
-420
-568
-592
-604
-693
-701
-718
-686
-626
-526
-374
-209
-87
-17
75
155
285
399
377
252
161
194
253
245
114
15
46
117
208
216
155
113
110
159
198
118
-4
-99
-155
-162
-188
-215
-263
-287
-239
-113
33
100
125
183
294
404
466
453
422
382
332
315
286
236
148
52
10
15
24
6
-64
-148
-191
-185
-156
-215
-326
-426
-445
-405
-430
-496
-557
-570
-536
-483
-460
-454
-438
-419
-358
-310
-308
-169
-24
73
153
130
389
613
601
527
511
735
879
806
559
472
547
584
532
382
226
170
188
167
113
-71
-210
-239
-260
-350
-466
-584
-649
-696
-761
-697
-606
-532
-522
-471
-305
-81
85
87
120
164
270
367
342
269
165
167
196
224
189
123
147
149
174
194
189
161
52
-40
-60
-33
-65
-174
-280
-305
-220
-140
-104
-115
-98
17
164
243
235
227
274
325
337
294
288
318
293
241
188
216
265
219
99
-34
-72
-62
-112
-261
-434
-519
-484
-449
-507
-582
-589
-485
-393
-379
-375
-344
-270
-248
-286
-302
-277
-258
-274
-351
-385
-138
101
258
278
227
587
869
889
736
627
827
945
787
450
305
359
392
313
154
48
88
150
122
29
-141
-226
-220
-310
-503
-665
-726
-697
-757
-833
-766
-554
-351
-309
-234
-60
214
366
326
291
291
391
427
335
189
120
209
290
295
204
195
304
336
271
139
61
16
-109
-278
-388
-388
-355
-368
-399
-330
-166
17
126
138
191
299
402
403
293
230
246
312
308
231
229
309
392
386
308
267
280
243
68
-152
-314
-394
-484
-645
-794
-839
-775
-717
-681
-641
-552
-407
-317
-296
-293
-264
-196
-197
-271
-340
-311
-206
-136
-169
-172
121
432
664
648
549
816
962
900
645
480
617
664
472
186
152
265
358
316
224
155
157
179
61
-109
-348
-488
-503
-619
-760
-843
-770
-641
-617
-562
-413
-150
4
11
25
111
279
307
232
149
148
278
339
309
246
266
375
426
375
263
216
178
59
-94
-233
-283
-341
-434
-510
-497
-368
-246
-180
-173
-105
30
158
203
163
198
270
348
365
347
402
469
520
535
532
541
535
467
350
215
110
39
-85
-283
-470
-587
-619
-673
-781
-844
-840
-776
-738
-722
-663
-572
-476
-414
-379
-310
-214
-139
-111
-132
-119
-43
63
109
89
24
115
433
623
699
537
537
787
770
580
289
298
455
395
160
2
131
265
308
200
159
160
153
75
-142
-282
-436
-472
-536
-652
-655
-587
-431
-362
-320
-208
-3
181
178
98
91
204
290
227
116
108
231
335
303
240
226
281
287
186
79
-2
-21
-99
-234
-324
-341
-295
-302
-381
-415
-336
-220
-174
-206
-170
-22
213
354
403
470
538
654
651
567
509
514
560
573
516
450
497
519
488
357
224
149
0
-238
-526
-695
-792
-888
-961
-971
-894
-770
-664
-608
-541
-462
-352
-265
-308
-345
-293
-162
-77
-108
-104
-14
115
194
189
179
125
96
255
408
475
362
248
397
412
282
104
109
305
304
169
64
159
267
294
197
131
114
64
19
-148
-226
-278
-299
-298
-346
-292
-198
-150
-160
-184
-140
-36
35
-14
-100
-116
-8
115
126
67
60
152
205
161
80
47
51
6
-85
-142
-154
-141
-173
-271
-322
-305
-271
-287
-379
-389
-279
-131
-20
62
175
323
425
446
465
476
502
506
487
485
490
536
569
556
512
489
484
435
296
141
50
-38
-170
-325
-416
-457
-514
-602
-662
-656
-644
-618
-600
-571
-497
-388
-238
-165
-160
-160
-78
17
17
-27
-40
16
45
29
41
64
46
-59
-142
28
242
341
232
30
106
148
120
0
-13
226
393
412
328
358
410
402
263
141
82
18
-27
-97
-63
-12
5
31
26
18
-20
-116
-235
-313
-349
-300
-223
-210
-177
-130
-19
56
24
-40
-86
-90
-101
-111
-84
-19
8
-31
-81
-81
-55
-111
-253
-388
-402
-335
-305
-316
-276
-127
29
124
157
202
233
197
160
163
222
294
352
408
464
520
572
587
549
470
413
387
322
235
171
159
133
42
-60
-130
-215
-355
-489
-539
-518
-489
-468
-419
-337
-256
-197
-176
-199
-243
-256
-254
-255
-238
-192
-93
-39
-51
-33
-5
45
-26
-193
-342
-267
64
259
289
87
113
269
216
48
-63
226
530
591
436
434
562
608
476
246
197
165
147
75
52
131
170
162
70
-7
-73
-176
-314
-430
-462
-399
-263
-166
-129
-131
-130
-85
-83
-143
-216
-229
-195
-137
-55
6
11
-71
-159
-190
-188
-241
-299
-315
-255
-153
-93
-54
-24
-22
1
23
40
80
58
32
14
50
172
291
351
358
387
434
471
442
418
444
465
444
344
257
155
33
-90
-185
-207
-197
-183
-194
-214
-219
-201
-215
-291
-360
-370
-328
-308
-335
-301
-194
-121
-147
-220
-214
-145
-90
-113
-146
-137
-107
-65
-97
-177
-303
-176
76
216
175
-18
87
160
98
-58
67
498
758
725
460
468
505
515
382
260
310
318
355
311
346
346
252
103
-54
-97
-127
-185
-294
-368
-371
-342
-251
-250
-271
-328
-327
-199
-122
-65
-96
-123
-157
-214
-240
-281
-305
-336
-312
-185
-9
127
170
134
55
-12
-77
-127
-140
-110
1
82
171
226
209
158
29
-17
40
146
207
242
288
342
360
300
238
146
66
-3
-10
24
23
10
-14
-19
-52
-139
-208
-249
-271
-264
-212
-154
-123
-134
-168
-195
-288
-365
-374
-326
-270
-244
-183
-111
-52
-68
-120
-203
-293
-335
-340
-336
-349
-189
19
161
98
-34
-12
-29
-54
-74
203
603
809
803
666
594
443
347
371
511
587
527
555
638
689
525
250
90
-19
-95
-161
-153
-91
-113
-188
-287
-309
-355
-396
-420
-413
-362
-340
-258
-190
-198
-325
-456
-458
-390
-343
-306
-211
-46
43
54
31
23
11
-40
-26
47
188
286
340
355
308
241
136
95
84
112
188
295
424
467
412
273
137
47
22
21
30
55
60
56
-2
-74
-119
-148
-162
-182
-183
-148
-111
-94
-104
-152
-212
-254
-240
-185
-150
-141
-129
-90
-75
-105
-134
-141
-147
-181
-190
-146
-89
-70
-100
-139
-198
-266
-226
-152
-79
-61
-55
39
23
-25
-53
77
301
394
439
407
404
312
204
236
373
508
478
426
425
439
386
252
189
183
161
92
27
40
21
-14
-44
-30
-37
-130
-182
-186
-155
-177
-194
-148
-133
-202
-310
-321
-251
-203
-191
-163
-93
-92
-150
-191
-179
-120
-134
-158
-191
-212
-169
-101
-37
-38
-59
-41
-14
-5
-5
8
29
51
92
157
182
116
14
-45
-33
-8
23
76
106
97
69
90
149
153
106
44
4
44
85
119
138
126
153
184
207
195
178
171
138
89
56
66
105
108
59
34
54
92
68
-17
-99
-145
-184
-224
-273
-284
-244
-206
-179
-174
-143
-103
-114
-146
-166
-139
-97
-79
-65
-63
-57
-48
-9
50
79
82
73
97
90
67
46
32
40
20
13
8
22
31
10
-31
-67
-73
-72
-85
-105
-90
-84
-110
-138
-123
-82
-46
-25
10
53
51
16
-24
-37
-36
-21
21
58
58
31
28
43
18
-51
-108
-116
-125
-149
-155
-144
-133
-144
-142
-94
-61
-88
-144
-168
-156
-144
-134
-129
-114
-109
-102
-52
9
41
46
44
63
93
123
159
196
219
247
276
302
326
332
338
350
386
417
424
429
404
345
280
248
255
253
186
100
47
29
17
-21
-43
-37
-42
-71
-112
-124
-127
-177
-246
-277
-251
-197
-155
-147
-154
-172
-166
-137
-116
-90
-66
-23
-10
-9
-1
17
26
-2
-28
-41
-44
-49
-41
-13
0
-18
-28
-8
20
16
-6
-16
-25
-44
-59
-33
8
25
5
-3
11
24
1
-39
-34
-1
30
30
25
29
15
-29
-68
-78
-68
-72
-93
-101
-92
-90
-109
-151
-186
-197
-192
-182
-175
-160
-137
-108
-99
-93
-100
-108
-101
-104
-85
-52
-20
13
40
68
99
141
170
177
164
158
182
222
269
293
312
353
407
434
413
389
360
334
295
245
245
247
208
152
100
85
76
68
56
33
-8
-61
-79
-58
-47
-108
-158
-172
-157
-142
-175
-195
-183
-170
-171
-165
-132
-76
-68
-111
-162
-170
-94
-34
-37
-73
-90
-62
-59
-74
-72
-43
-29
-49
-56
-17
33
25
-23
-53
-43
-12
2
12
-6
-40
-66
-57
-17
-11
-7
15
56
66
21
-1
-3
-7
-39
-51
-11
28
28
-10
-27
-36
-57
-74
-88
-85
-113
-144
-167
-192
-219
-247
-248
-251
-249
-237
-214
-198
-220
-227
-218
-192
-159
-149
-132
-101
-68
-42
-35
-34
-1
65
128
190
237
259
286
298
283
277
270
280
312
342
355
340
317
288
242
180
163
173
175
177
181
171
147
110
75
76
61
22
8
-6
-11
2
-10
-22
-1
3
-8
4
10
11
-14
-82
-129
-120
-85
-77
-95
-130
-138
-112
-120
-147
-153
-151
-148
-168
-184
-159
-142
-171
-198
-186
-144
-90
-77
-78
-71
-68
-62
-70
-65
-33
13
57
69
66
47
32
12
-3
13
43
89
100
101
83
57
38
6
-14
-19
-12
-13
-18
-21
-27
-47
-83
-117
-128
-123
-116
-115
-120
-134
-144
-156
-159
-150
-151
-138
-124
-111
-85
-52
-10
17
38
54
80
115
137
152
159
160
155
145
128
138
178
194
201
196
191
201
194
177
198
212
219
247
229
226
228
219
178
142
174
173
210
232
201
215
204
159
144
157
164
171
154
116
54
-1
-22
-53
-75
-88
-111
-95
-128
-167
-165
-202
-226
-262
-277
-244
-200
-195
-229
-254
-244
-240
-254
-233
-186
-113
-79
-83
-74
-72
-79
-74
-38
10
56
73
73
70
58
27
8
37
66
89
90
60
16
-61
-111
-107
-68
-25
-10
16
31
6
-44
-91
-121
-134
-129
-100
-59
-60
-107
-170
-238
-263
-264
-255
-230
-203
-151
-112
-90
-95
-128
-136
-134
-105
-95
-65
-28
-19
-29
-60
-54
-27
23
65
106
153
165
152
133
109
118
150
164
201
231
256
277
262
239
221
225
234
275
299
302
303
273
239
217
245
242
212
191
152
128
85
37
-8
-41
-20
-19
-24
-49
-91
-105
-206
-258
-215
-205
-204
-208
-206
-212
-209
-249
-279
-253
-225
-176
-162
-144
-87
-74
-97
-138
-109
-70
-87
-51
28
134
184
163
138
109
68
46
80
136
151
125
117
151
161
121
81
101
170
188
173
132
67
-21
-114
-111
-62
-27
-43
-70
-63
-84
-128
-189
-246
-270
-269
-233
-208
-236
-297
-329
-340
-332
-299
-279
-239
-218
-198
-177
-176
-171
-179
-134
-83
-35
19
46
74
96
133
168
204
222
239
287
329
354
342
321
308
312
367
440
490
468
406
361
334
306
266
247
241
227
218
212
166
101
17
-68
-12
12
-41
-60
-84
-80
-160
-180
-136
-149
-187
-221
-168
-152
-207
-209
-217
-229
-209
-242
-245
-226
-182
-165
-189
-197
-216
-262
-325
-256
-126
-7
3
-40
-64
-84
-73
-93
-55
21
148
233
229
179
121
107
103
180
307
375
358
301
281
241
140
57
55
128
161
135
111
31
-90
-181
-186
-118
-89
-122
-154
-167
-203
-280
-365
-400
-357
-297
-240
-188
-176
-227
-295
-296
-242
-186
-169
-151
-89
-42
-29
-39
-51
-55
-29
56
156
236
266
236
189
166
184
233
281
318
366
416
447
416
330
244
206
235
287
328
337
299
228
152
96
50
-2
-28
1
33
7
-74
-169
-227
-234
-174
-98
-79
-133
-170
-174
-217
-232
-219
-229
-213
-148
-86
-90
-161
-271
-324
-289
-233
-150
-104
-106
-142
-213
-269
-340
-349
-260
-80
102
136
69
-23
-55
-64
-43
74
278
455
449
372
284
220
174
175
311
460
504
436
351
258
105
-30
-57
48
138
135
81
-26
-137
-268
-340
-304
-246
-209
-207
-183
-158
-236
-368
-418
-358
-245
-165
-129
-90
-109
-164
-201
-174
-109
-67
-12
57
110
113
77
38
10
20
79
203
291
279
236
191
213
237
235
256
265
293
304
288
238
174
151
137
148
156
151
124
86
52
33
27
-8
-48
-88
-99
-82
-107
-155
-201
-239
-227
-204
-188
-182
-197
-210
-215
-221
-228
-245
-252
-232
-213
-182
-190
-241
-281
-294
-266
-235
-219
-219
-218
-215
-246
-245
-141
45
142
117
78
97
137
94
122
308
579
732
662
516
414
368
334
404
571
689
651
532
460
364
183
-17
-68
43
122
66
-64
-179
-299
-422
-467
-420
-363
-370
-376
-299
-231
-293
-442
-522
-452
-333
-243
-180
-137
-131
-147
-125
-54
13
21
27
67
132
174
143
97
84
122
192
252
268
275
245
214
204
182
154
78
69
129
210
217
140
70
26
31
43
78
89
68
38
27
50
31
-16
-75
-80
-33
-12
-32
-100
-164
-199
-198
-180
-188
-242
-294
-315
-322
-329
-384
-409
-414
-419
-396
-399
-408
-442
-475
-462
-404
-368
-380
-366
-220
59
215
227
137
109
191
211
284
435
718
940
926
775
614
536
496
539
652
787
755
600
463
333
182
-53
-170
-118
-65
-94
-225
-334
-401
-500
-558
-526
-457
-412
-413
-361
-255
-238
-306
-358
-291
-136
-34
30
84
120
143
136
141
176
178
156
149
175
223
191
115
63
39
44
31
22
71
62
31
5
-2
33
1
14
82
171
221
184
147
156
201
256
295
297
293
255
235
238
222
187
105
50
18
-38
-94
-173
-233
-265
-315
-354
-421
-512
-569
-601
-593
-596
-596
-589
-588
-582
-572
-567
-561
-552
-522
-467
-414
-303
-90
192
336
309
219
223
257
252
322
556
904
1013
862
623
464
379
321
389
524
592
480
336
227
85
-163
-394
-396
-258
-170
-235
-322
-333
-369
-429
-447
-351
-214
-144
-81
26
110
109
70
98
196
257
259
250
275
309
300
266
212
156
82
-2
-51
-77
-120
-190
-240
-244
-251
-262
-290
-307
-275
-230
-149
-87
-42
-7
51
161
259
320
340
347
389
446
474
490
474
453
424
370
308
209
106
36
-27
-104
-194
-284
-372
-441
-472
-504
-537
-565
-585
-568
-559
-553
-540
-513
-487
-455
-408
-341
-287
-251
-239
-237
-234
-222
-113
83
366
521
479
330
231
200
110
96
291
662
846
731
467
229
82
-34
-15
119
254
240
148
66
-47
-256
-492
-551
-427
-249
-157
-112
-78
-85
-137
-180
-131
-40
54
175
334
451
463
405
342
309
269
250
255
271
273
235
171
79
-30
-148
-254
-315
-336
-318
-303
-306
-321
-349
-344
-306
-234
-160
-73
50
136
188
203
268
364
424
467
491
532
529
512
480
428
365
294
247
205
137
2
-154
-268
-312
-340
-395
-453
-491
-508
-507
-477
-447
-424
-407
-354
-281
-216
-165
-144
-135
-154
-141
-100
-34
-15
-48
-98
-147
-159
-198
-198
-148
46
215
196
58
-80
-100
-178
-201
-66
255
490
456
303
145
65
-26
-14
114
265
288
222
183
140
29
-179
-288
-257
-149
-98
-78
-22
-7
-55
-131
-112
-40
-8
5
93
228
310
304
250
224
197
162
121
117
153
169
150
102
76
29
-85
-198
-247
-220
-184
-167
-157
-147
-149
-130
-79
-21
22
45
100
167
225
268
301
346
375
384
345
295
270
261
255
228
218
179
107
27
-42
-102
-169
-202
-206
-226
-259
-283
-286
-268
-263
-232
-188
-153
-113
-95
-79
-62
-40
-33
-55
-84
-97
-96
-119
-169
-215
-241
-235
-256
-280
-285
-184
10
105
100
-6
-17
-34
-90
-68
95
395
526
503
376
266
160
79
91
151
171
111
82
63
44
-118
-332
-464
-462
-387
-363
-308
-253
-197
-210
-228
-168
-121
-101
-56
89
280
381
392
380
361
312
243
220
242
251
237
215
217
180
46
-126
-267
-326
-341
-338
-305
-275
-271
-298
-313
-305
-260
-179
-53
97
216
285
289
278
257
284
348
432
514
532
483
378
278
200
145
93
47
16
-13
-50
-124
-229
-333
-407
-435
-404
-349
-284
-223
-184
-161
-144
-121
-99
-69
-36
8
62
87
78
14
-55
-104
-115
-108
-114
-136
-212
-254
-234
-83
109
184
138
16
-15
-58
-108
-102
84
386
534
503
315
156
2
-83
-66
30
114
94
55
22
-35
-215
-437
-528
-455
-368
-317
-250
-153
-89
-100
-91
-44
2
25
94
255
415
493
479
428
392
337
268
216
207
223
200
155
88
22
-87
-232
-347
-378
-347
-335
-341
-321
-270
-244
-237
-209
-141
-72
2
148
315
422
429
412
423
433
434
422
434
434
391
313
206
102
-9
-122
-195
-223
-245
-300
-368
-412
-446
-478
-486
-449
-369
-286
-204
-137
-81
-29
32
100
149
172
183
202
226
227
201
142
74
-7
-70
-114
-164
-267
-375
-372
-246
-30
95
103
-2
-111
-165
-204
-169
-35
269
521
612
512
305
122
-7
7
82
175
198
187
166
97
-53
-295
-477
-518
-449
-369
-302
-223
-159
-151
-152
-114
-72
-61
-28
92
256
362
381
369
356
310
246
195
167
123
55
21
31
55
7
-102
-204
-263
-303
-335
-333
-290
-225
-175
-131
-86
-39
32
113
195
281
381
468
487
465
443
453
456
435
391
312
224
139
62
-21
-94
-171
-259
-325
-343
-348
-403
-451
-434
-369
-326
-306
-269
-215
-139
-53
35
103
150
172
190
211
224
218
193
160
108
35
-50
-131
-200
-287
-394
-481
-517
-490
-439
-299
-82
71
52
-95
-134
-95
-56
-8
223
546
688
621
467
380
266
175
156
229
258
187
124
107
82
-121
-399
-560
-542
-497
-484
-428
-301
-209
-215
-207
-158
-121
-146
-106
38
215
306
314
332
334
291
182
96
59
44
13
3
44
59
-11
-145
-258
-328
-391
-433
-408
-325
-233
-167
-106
-63
-59
-71
-39
63
200
348
542
750
833
752
581
403
246
166
201
334
447
428
277
14
-240
-412
-463
-415
-292
-186
-149
-137
-134
-189
-321
-405
-371
-236
-69
104
220
247
217
185
187
184
169
130
106
109
68
-47
-200
-329
-434
-534
-598
-607
-571
-499
-412
-210
13
116
49
-57
-48
-28
-10
82
379
688
815
779
658
521
324
201
195
295
369
360
312
240
118
-124
-408
-587
-603
-559
-488
-366
-239
-193
-224
-256
-267
-284
-269
-169
4
180
283
313
275
207
127
65
43
54
79
102
130
130
73
-52
-203
-334
-411
-413
-369
-322
-282
-238
-187
-150
-147
-163
-148
-53
111
305
481
603
630
574
496
418
354
315
333
393
433
418
318
157
-16
-138
-190
-198
-160
-107
-69
-63
-88
-130
-201
-263
-275
-228
-143
-37
61
111
126
119
88
40
-12
-25
-13
-13
-46
-110
-191
-275
-359
-436
-485
-508
-495
-489
-457
-386
-225
0
134
132
21
-29
-20
22
120
346
652
836
841
679
493
308
199
179
266
376
391
330
231
116
-119
-396
-560
-552
-485
-428
-338
-259
-256
-331
-369
-349
-332
-317
-231
-61
91
170
197
218
205
157
112
101
98
107
121
128
121
75
-11
-137
-265
-347
-361
-336
-312
-272
-213
-169
-171
-191
-163
-95
-4
99
237
353
388
377
388
438
479
500
518
535
513
459
386
326
274
209
153
122
112
75
12
-47
-96
-152
-208
-229
-230
-249
-277
-268
-225
-188
-173
-155
-130
-108
-114
-141
-156
-131
-89
-86
-107
-111
-128
-177
-247
-274
-270
-290
-314
-324
-294
-253
-156
-26
55
51
-24
-51
-43
-19
36
201
430
557
529
409
310
222
175
219
324
389
364
300
236
143
-37
-232
-331
-317
-290
-294
-282
-245
-233
-281
-327
-332
-342
-355
-307
-184
-48
23
41
43
36
12
-22
-27
5
50
72
64
74
87
42
-67
-163
-199
-196
-197
-182
-162
-160
-182
-195
-180
-156
-142
-131
-78
15
132
230
373
500
521
473
439
467
456
413
421
534
640
650
549
371
220
128
114
149
200
157
49
-33
-82
-180
-345
-432
-407
-332
-282
-223
-178
-171
-193
-205
-165
-111
-65
-39
15
58
62
27
-11
-25
-70
-132
-175
-186
-206
-245
-293
-309
-303
-267
-158
-88
-97
-193
-213
-159
-141
-121
-2
239
394
425
380
350
316
290
334
419
472
448
409
371
289
122
-74
-203
-230
-231
-258
-293
-313
-345
-412
-462
-482
-495
-520
-488
-386
-272
-195
-142
-80
-30
0
7
16
44
96
158
210
224
197
155
94
30
-21
-64
-96
-114
-117
-111
-124
-150
-168
-174
-166
-142
-98
-23
94
209
302
371
430
459
428
404
458
584
693
742
719
654
573
490
422
379
345
290
221
152
56
-96
-250
-347
-388
-403
-393
-365
-356
-362
-379
-384
-371
-349
-299
-202
-74
31
80
81
74
70
76
88
73
46
18
1
-32
-102
-186
-272
-330
-323
-274
-230
-214
-214
-222
-251
-260
-219
-146
-57
69
212
312
322
265
226
227
272
327
389
428
414
347
237
122
-7
-128
-189
-175
-153
-196
-281
-354
-412
-491
-543
-526
-467
-394
-314
-222
-175
-195
-232
-234
-202
-152
-90
-22
38
82
111
108
64
15
-15
-29
-34
-17
9
7
-26
-41
-20
-7
-12
-3
36
85
140
208
264
294
305
322
348
376
399
422
459
507
541
526
476
415
357
310
273
245
213
172
118
48
-45
-145
-230
-289
-316
-322
-312
-299
-296
-291
-291
-301
-297
-267
-209
-140
-71
-12
8
-10
-29
-23
-13
-5
-2
-20
-59
-100
-116
-138
-200
-281
-313
-286
-240
-206
-174
-124
-100
-105
-107
-83
-46
5
96
212
308
345
341
316
286
268
269
288
301
296
264
211
143
51
-45
-135
-205
-243
-256
-250
-251
-259
-275
-292
-315
-334
-336
-316
-260
-200
-142
-93
-66
-68
-92
-102
-103
-92
-73
-31
9
13
10
14
13
-6
-20
-3
42
92
120
146
159
162
173
195
223
238
240
250
285
330
349
350
362
368
353
323
305
299
283
253
244
245
231
194
138
88
42
-14
-67
-87
-85
-101
-127
-136
-139
-161
-198
-222
-216
-191
-164
-139
-111
-99
-99
-94
-85
-75
-75
-66
-48
-43
-58
-71
-83
-109
-137
-139
-132
-135
-130
-127
-154
-191
-168
-110
-84
-83
-49
5
18
11
31
70
88
112
167
211
213
194
194
186
150
101
78
85
80
58
36
11
-32
-90
-130
-140
-142
-149
-141
-120
-122
-151
-176
-172
-163
-169
-167
-142
-118
-122
-137
-141
-142
-148
-146
-121
-98
-93
-90
-64
-39
-40
-45
-35
-21
-10
16
63
100
117
127
125
119
127
150
164
169
189
223
242
242
240
246
238
223
222
242
256
238
204
183
176
156
123
102
89
71
42
29
22
-7
-54
-73
-65
-62
-62
-80
-95
-97
-87
-91
-113
-108
-101
-117
-130
-113
-81
-72
-74
-64
-53
-52
-81
-104
-79
-37
-7
21
43
30
-8
-27
-16
-2
10
35
65
85
68
41
23
0
-17
-29
-30
-9
-2
-37
-83
-116
-154
-198
-215
-190
-164
-153
-144
-124
-111
-140
-174
-173
-152
-129
-94
-51
-22
-18
-23
-19
-10
-2
1
11
20
11
6
9
9
-1
-6
2
-2
-29
-44
-28
-27
-37
-51
-50
-40
-38
-26
2
21
24
36
60
88
100
95
91
105
118
134
159
181
200
212
221
221
199
172
159
140
109
92
91
80
50
14
-16
-39
-56
-88
-85
-34
-31
-40
-23
-20
-22
-37
-49
-16
26
38
72
133
119
115
115
85
97
109
105
77
83
108
79
39
44
39
-3
-32
-22
-39
-26
4
-3
10
33
58
10
22
54
70
79
63
122
112
65
70
71
57
28
16
23
27
-29
-71
-93
-121
-165
-233
-232
-244
-266
-270
-275
-263
-285
-294
-294
-305
-283
-272
-254
-201
-202
-175
-135
-143
-134
-122
-97
-75
-38
-10
9
21
3
-12
-15
-4
-4
8
39
66
61
56
80
70
45
48
50
58
62
83
108
123
134
132
137
137
115
108
117
106
81
80
95
47
7
-12
-33
-54
-76
-93
-61
-25
-62
-73
-84
-74
-102
-117
-32
-5
-11
37
79
57
65
62
34
77
102
116
142
168
147
111
135
156
137
106
168
161
166
180
146
220
182
188
207
223
277
194
220
245
240
221
196
234
191
169
142
79
70
58
-23
-45
8
-46
-96
-109
-164
-215
-218
-247
-238
-177
-206
-203
-164
-201
-213
-200
-198
-145
-107
-68
-73
-42
-16
-54
-61
-96
-37
-55
-76
-35
-51
-25
-58
-98
-112
-120
-153
-153
-122
-105
-120
-117
-81
-159
-133
-93
-153
-111
-65
-82
-42
-13
-28
-30
-9
-11
-55
-49
-39
-46
-78
-59
-25
-76
-141
-160
-167
-204
-206
-195
-160
-173
-210
-172
-153
-184
-159
-151
-136
-58
-23
-23
3
104
58
28
86
122
142
147
217
255
253
226
237
182
192
222
171
224
269
215
165
242
206
142
219
253
240
233
238
238
233
228
227
284
255
243
263
222
196
119
144
135
75
87
57
45
4
-43
-63
-108
-99
-130
-130
-88
-136
-101
-99
-117
-62
-120
-90
-25
-48
-20
-8
22
40
0
32
44
13
40
28
57
72
24
41
47
37
-6
-9
27
-29
-58
-17
-18
-63
-73
-90
-83
-59
-125
-131
-128
-166
-146
-201
-185
-142
-219
-238
-229
-245
-256
-308
-313
-300
-266
-314
-358
-213
-300
-342
-238
-279
-219
-243
-272
-184
-163
-197
-183
-144
-126
-71
-80
-76
-50
-11
-49
-38
56
45
94
87
89
126
54
46
84
75
92
133
160
183
164
149
172
116
159
287
202
214
301
288
269
284
294
246
296
256
199
274
243
202
208
143
148
151
56
48
78
74
64
37
39
51
-6
-15
17
17
-2
17
57
24
44
88
47
49
92
94
84
97
139
122
127
123
169
191
104
119
118
130
154
124
101
111
68
22
51
55
48
21
47
68
-26
-57
-51
-51
-77
-89
-13
-91
-139
-136
-183
-184
-219
-227
-212
-200
-230
-202
-243
-273
-224
-266
-238
-226
-215
-221
-228
-172
-201
-234
-214
-186
-159
-199
-193
-103
-157
-185
-118
-119
-75
-92
-80
-48
-66
-62
-92
-101
-60
-23
-73
-23
70
-4
-17
14
-13
20
56
46
88
156
102
107
152
98
101
118
153
144
112
131
150
102
35
84
105
6
63
94
-5
81
80
-29
4
49
21
6
57
88
5
5
69
39
37
51
103
76
86
126
45
71
115
79
79
127
112
116
70
86
96
65
97
71
81
58
116
64
-39
60
85
1
18
117
33
-28
-1
11
12
-56
-15
38
-41
-62
-42
-44
-79
-106
-72
-94
-42
-78
-123
-125
-120
-70
-147
-141
-69
-85
-143
-111
-73
-175
-132
-102
-197
-118
-96
-113
-99
-90
-70
-80
-103
-127
-73
-104
-75
-24
-59
-32
-20
-33
-74
-27
2
-4
-3
24
43
43
27
22
71
45
23
48
41
58
81
50
50
104
91
-2
12
46
20
12
72
53
37
94
22
-11
49
60
13
18
80
59
17
80
38
9
72
74
29
48
105
25
26
84
53
9
23
36
25
59
51
61
64
62
80
39
93
98
14
82
83
62
68
54
91
104
119
81
88
116
37
12
91
105
56
31
38
105
-6
-43
6
-51
34
-1
-86
-28
-54
-140
-145
-80
-101
-137
-83
-149
-156
-113
-188
-154
-148
-132
-105
-163
-158
-118
-153
-155
-65
-77
-61
-68
-115
-67
-36
-67
-58
-7
-47
-75
-49
-65
-59
-49
-74
-1
21
-46
-57
-44
-29
-32
-10
36
25
14
78
47
65
89
42
43
104
125
62
144
134
84
83
108
118
50
26
56
138
45
10
71
13
25
-7
-38
36
18
-58
-7
20
1
0
-35
-14
11
30
-11
2
69
41
23
63
85
69
46
14
89
113
75
73
77
108
86
90
65
41
84
91
63
101
131
76
71
84
77
92
55
44
67
85
96
5
38
58
8
11
1
23
-52
-48
-50
-67
-46
-116
-116
-135
-130
-147
-176
-193
-218
-151
-169
-213
-180
-160
-161
-176
-186
-145
-147
-162
-141
-158
-127
-89
-116
-148
-103
-102
-134
-89
-83
-110
-57
-58
-85
-59
-53
-55
-54
16
30
-39
-22
35
38
4
51
92
57
65
84
55
85
91
50
103
95
70
91
82
26
71
70
-22
72
28
-31
78
-4
-41
22
-20
-53
-27
14
8
23
26
11
55
1
-25
101
91
44
117
134
95
75
60
71
121
125
83
97
158
110
28
91
109
91
98
101
126
94
73
81
118
103
33
99
130
105
96
61
96
102
66
59
80
72
45
24
51
43
-8
-11
-27
-31
-38
-54
-96
-78
-67
-92
-107
-146
-80
-113
-196
-133
-93
-108
-128
-112
-116
-129
-96
-130
-151
-60
-42
-94
-114
-69
-28
-115
-128
-24
-40
-95
-36
-5
-35
-84
-37
-20
-45
11
-46
-14
-1
9
-16
-42
36
-38
-24
9
-19
-25
-14
14
-32
-34
15
-43
-67
-31
2
-63
-82
26
-32
-69
-16
2
-47
-32
-14
-40
6
-16
0
17
18
2
-25
45
21
-16
63
77
40
54
90
29
-3
91
85
45
89
126
50
64
116
29
49
79
106
104
90
111
55
52
109
59
65
153
66
125
160
35
38
89
48
-18
73
112
13
10
67
-24
-12
-5
-45
-13
11
19
-63
-21
-25
-131
-35
7
-57
-6
4
-18
-24
-27
-3
-36
41
78
-7
19
46
10
-6
8
52
25
50
17
-31
36
-17
-30
8
53
-30
-35
35
-36
-56
-32
-26
-47
-14
-43
-55
-36
-25
-67
-92
-18
-48
-88
-57
-22
-34
-53
-68
-76
-108
-71
-85
-95
-28
-70
-87
-70
-58
-109
-140
-78
-15
-72
-89
-31
-75
-70
-46
-67
-60
-10
10
-48
4
2
-80
-5
-14
7
54
-15
9
55
2
-17
25
1
16
41
58
49
3
30
29
36
-4
30
78
-11
59
32
-24
86
27
-45
51
74
-7
9
21
11
19
7
28
-16
3
50
-10
11
41
-24
5
42
18
3
39
48
27
91
62
11
74
49
24
126
78
60
136
97
69
64
88
94
70
102
89
77
106
65
60
79
80
61
51
54
25
19
27
48
-1
10
13
-30
-20
-49
-46
-47
-51
-34
-57
-48
-44
-127
-75
-79
-96
-61
-101
-65
-69
-93
-115
-94
-54
-110
-107
-62
-57
-92
-103
-78
-59
-84
-111
-19
-71
-88
-12
-85
-54
-54
-37
4
-53
-4
-27
-13
20
-39
-29
16
31
-23
7
28
-31
6
16
-23
-30
45
-5
-70
32
-27
-45
6
-2
-21
-17
2
-50
-41
-34
-29
-33
1
11
-32
8
-33
-49
-8
-7
-5
2
72
17
-56
57
49
9
30
42
52
67
78
55
64
82
125
78
70
137
101
79
97
145
109
106
159
102
141
152
77
118
138
117
106
120
142
101
105
117
84
77
81
66
46
46
60
59
53
55
5
-14
-18
-25
-11
-5
0
-15
-8
-65
-61
-64
-99
-95
-38
-24
-97
-63
-85
-101
-131
-82
-29
-111
-107
-32
-59
-130
-106
-66
-41
-72
-68
-61
-56
-64
-123
-59
-34
-59
-50
-37
-49
-69
-68
-75
-64
-53
-50
-36
-61
-67
-67
-70
-45
-79
-60
-31
-49
-80
-91
-67
-57
-68
-87
-60
-27
-52
-93
-81
-39
-48
-67
-57
-17
-15
-107
-37
-5
-71
-43
-65
-10
-22
-3
16
-27
38
18
26
26
26
80
56
27
110
90
61
101
91
149
122
82
137
143
136
153
160
162
182
156
114
138
137
134
127
172
162
128
96
92
147
83
99
119
87
113
72
28
45
29
12
49
58
11
10
11
-26
-32
-9
-39
-29
5
-19
-31
-44
-57
-48
-56
-59
-43
-43
-6
-51
-73
-14
-29
-86
-43
-21
-56
-42
-19
-38
-48
0
-34
-51
-34
-55
-80
-37
-25
-68
-35
-46
-64
-46
-64
-87
-78
-53
-74
-102
-44
-71
-108
-84
-74
-96
-128
-75
-91
-104
-93
-97
-87
-113
-129
-112
-112
-105
-104
-109
-78
-83
-71
-109
-100
-24
-67
-86
-57
-11
6
-35
-30
6
4
-26
-18
44
82
37
28
79
58
29
70
72
77
113
102
104
97
79
105
115
113
92
119
132
91
133
124
121
113
99
114
84
122
102
80
83
114
76
36
96
39
18
60
71
23
45
47
-7
28
23
1
6
0
-2
-20
-2
-4
-31
6
1
0
-35
-27
6
-61
-31
34
28
-12
-5
-20
-5
-11
-38
10
22
35
6
2
11
-19
-40
-16
17
31
11
-16
-10
-39
-51
-50
-48
-31
-21
-38
-42
-33
-70
-103
-51
-58
-125
-51
-38
-94
-99
-78
-73
-81
-73
-123
-84
-51
-75
-62
-39
-49
-75
-36
-49
-54
-25
-37
-23
3
-19
-51
-17
10
-32
4
24
10
17
-24
-33
22
46
-3
14
57
37
14
20
-1
26
65
46
65
71
49
53
60
47
72
90
67
77
85
82
59
54
77
68
71
67
63
84
36
21
85
47
29
51
47
31
0
16
21
0
27
25
-1
24
14
2
-2
-14
13
16
2
-1
15
29
-3
-1
22
-9
-6
30
-7
26
51
1
18
-5
11
11
-8
18
26
9
-30
-5
-11
-35
-11
-10
-17
-28
-45
-28
-15
-93
-76
24
-60
-63
-44
-71
-41
-67
-86
-49
-47
-88
-45
-34
-47
-52
-55
-56
-49
-28
-46
-10
-23
-46
-25
-35
-54
-27
-5
-21
19
-4
-17
-10
-4
-8
-12
10
31
2
-8
29
15
11
-3
-6
4
28
-7
4
41
21
10
0
17
14
8
-6
3
27
26
-13
-29
27
15
-13
-2
6
4
-2
-23
17
24
-10
-20
13
14
-17
2
10
25
-11
18
13
-11
16
26
33
14
20
27
18
39
28
-2
45
58
16
27
27
19
49
33
31
29
28
38
-17
17
15
-6
10
21
19
-8
1
-14
-14
-44
-3
8
-42
-14
-13
-20
-15
-43
-24
-57
-44
-18
-56
-4
-52
-38
-7
-51
-57
-46
-19
-44
-48
-18
-30
-39
-35
-30
-29
-29
-12
-23
-57
-18
-21
-36
-13
-13
9
-10
-13
5
-2
-20
-22
7
24
-2
12
10
-13
-11
0
-15
-21
33
9
-52
27
12
-60
-6
3
-3
-24
24
-16
-41
18
-16
4
-18
-3
30
1
-13
-7
17
29
10
14
44
33
21
27
62
51
41
52
34
74
60
29
70
66
63
49
60
69
53
72
41
61
67
49
78
20
26
101
70
30
38
72
67
2
24
68
55
37
46
69
41
24
34
6
39
71
-2
-4
52
60
-11
-6
65
28
-35
-6
14
-10
-10
-13
17
-3
-17
-16
-12
-37
-58
-8
-9
-42
-37
-22
-33
-55
-43
-9
-26
-56
-57
-27
-34
-51
-37
-28
-2
-23
-38
-36
-61
-50
-51
-6
-18
-48
-38
-46
-78
-88
-45
-65
-49
-35
-47
-69
-73
-87
-102
-35
-45
-50
-34
-53
-43
-80
-57
-23
-43
-42
8
-7
-69
-23
-41
-26
5
-19
18
10
-17
-38
-37
17
-21
-6
37
36
16
-35
23
-2
-27
11
46
43
1
28
34
36
2
-7
46
41
25
60
31
23
41
26
46
19
54
70
38
43
70
41
4
67
48
55
74
71
41
35
74
34
25
31
78
64
6
26
63
24
-5
37
50
19
-9
19
27
5
6
13
41
38
3
-8
10
-4
-19
28
6
13
27
2
-25
-20
-8
-56
-4
-9
-34
20
-37
-62
-32
-37
-40
-64
-35
-13
-66
-61
-40
-46
-44
-53
-55
-39
-45
-63
-85
-53
-26
-63
-43
-44
-54
-48
-73
-69
-69
-56
-55
-48
-25
-61
-73
-62
-71
-59
-49
-41
-52
-39
-22
-58
-36
-33
-34
-13
-41
-17
-7
-29
-36
-8
5
-3
-2
11
13
-8
-21
0
42
4
10
50
49
22
-9
34
60
24
22
77
58
21
50
52
46
52
59
52
64
61
44
44
38
51
58
59
55
72
53
34
44
36
58
60
57
52
45
55
65
38
60
62
56
53
42
79
31
36
55
50
70
54
37
61
54
18
41
43
28
39
62
40
22
52
36
9
32
26
23
47
19
15
49
24
-2
2
19
15
-19
9
14
-14
-38
-45
1
-19
-47
-31
-37
-55
-64
-72
-68
-27
-73
-77
-52
-59
-78
-108
-60
-70
-98
-67
-73
-90
-68
-84
-83
-83
-82
-91
-86
-63
-98
-61
-49
-65
-64
-87
-63
-35
-72
-56
-11
-29
-34
-46
-18
-23
-44
-10
0
25
2
-12
14
13
-14
6
39
39
31
25
16
3
25
23
18
38
61
29
10
13
28
36
2
44
55
39
42
32
36
16
16
45
53
25
24
77
39
12
39
36
34
31
29
40
74
35
12
63
58
33
39
50
56
42
60
51
42
63
60
51
41
57
44
34
38
49
40
38
44
35
37
24
16
15
25
-2
14
23
-14
-7
2
-9
-54
-16
-14
-46
-29
-23
-41
-65
-35
-62
-54
-62
-47
-59
-95
-47
-66
-79
-76
-63
-52
-56
-87
-89
-40
-56
-94
-66
-29
-66
-53
-44
-91
-39
-21
-87
-54
-14
-31
-36
-59
-23
-26
-58
-45
-39
-25
-25
-22
-12
-19
-24
-11
-42
-36
-23
-3
14
-14
0
22
-11
-36
-21
-3
7
-20
18
30
2
-16
-10
17
-9
-7
-3
29
10
14
16
6
39
19
26
19
50
49
31
56
61
53
47
57
68
63
67
72
71
80
61
59
67
82
66
72
80
69
68
67
54
47
61
54
46
47
58
49
41
30
37
35
27
13
-8
43
31
6
15
10
6
-10
-18
-28
-27
-11
-11
-28
-24
-31
-45
-54
-35
-33
-56
-32
-41
-45
-22
-26
-39
-49
-38
-20
-43
-56
-28
-11
-16
-42
-15
-19
-56
-21
-24
-30
-28
-39
-7
-19
-48
-15
6
-34
-43
-21
-20
-32
-37
-9
-12
-18
-23
-24
-29
-38
-39
-22
-16
-23
-17
-32
-22
-26
-21
-22
-38
-3
-17
-34
-8
1
-16
-24
-3
10
-2
-13
-3
11
19
6
20
28
16
19
24
29
29
22
35
47
44
49
48
57
60
50
42
56
63
32
67
76
52
74
40
56
64
38
27
37
62
40
53
38
30
28
26
29
9
19
25
40
11
10
19
9
18
-5
2
12
1
-3
7
-8
-6
23
1
-16
12
-8
-14
4
4
15
-14
12
24
-8
-6
-8
13
-1
-9
3
16
9
-20
-1
20
-8
-25
-9
-12
-12
-17
-12
2
-16
-47
-20
-22
-48
-46
-30
-26
-45
-45
-52
-38
-52
-63
-59
-55
-53
-58
-54
-68
-43
-54
-68
-57
-50
-55
-59
-44
-42
-48
-48
-38
-44
-21
-30
-37
-17
-13
-6
-26
-16
-2
5
12
-12
25
16
-12
24
20
23
15
16
33
29
22
10
21
39
22
5
20
30
21
19
22
23
25
-9
0
32
10
6
21
29
-1
-4
7
-26
6
13
-12
3
3
-3
-11
-21
-21
5
1
-12
-5
-1
10
-9
-22
-2
28
16
-22
13
38
5
-16
7
38
26
-10
15
46
14
3
5
22
26
9
12
26
30
1
17
25
19
8
3
34
19
0
-4
6
2
-3
-8
-8
9
-13
-27
-16
-32
-35
-27
-19
-10
-21
-21
-27
-25
-34
-41
-23
-11
4
1
-3
5
-10
-23
-10
-14
4
6
-9
-4
9
-8
-34
-20
4
20
1
18
37
11
12
18
26
27
28
43
47
47
32
34
42
20
22
33
15
16
28
9
27
36
-9
-11
-11
-25
-19
-6
-14
-2
0
-21
-18
-17
-14
-17
-14
7
15
-6
-3
15
4
10
17
4
7
0
-13
1
17
5
17
12
7
27
-2
-12
9
21
18
14
20
22
19
3
6
32
25
17
27
31
26
8
9
21
27
20
3
4
12
-3
-13
-8
-3
-9
-21
-25
-41
-35
-15
-29
-16
-5
-29
-27
-36
-57
-39
-22
-16
-17
-10
-5
-25
-38
-34
-24
-22
-9
6
15
0
-12
-8
-15
-15
-10
5
3
-2
14
10
-10
-3
13
5
4
15
-4
12
17
-3
13
17
13
1
-4
9
-2
-12
-8
14
22
-10
-3
7
-15
-17
-18
-17
9
4
-12
-6
-10
-16
-23
-27
-8
1
-5
-7
-4
3
-15
-16
-1
-5
9
1
2
14
-3
7
1
-1
29
15
2
25
16
7
12
7
18
24
19
19
15
25
12
2
19
14
11
11
17
17
0
-1
14
5
-3
-1
8
9
-14
-8
13
-3
-12
0
-2
-8
-15
-15
-9
-10
-15
-22
-13
-7
-29
-28
-15
-20
-29
-32
-12
-18
-30
-23
-18
-21
-27
-25
-20
-16
-21
-23
-20
-22
-20
-22
-25
-15
-19
-27
-24
-23
-20
-25
-24
-11
-17
-21
-15
-15
-17
-17
-3
-6
-12
-6
-7
-2
-7
-10
2
6
1
-9
-10
8
4
-17
1
14
9
-8
-2
18
5
-1
13
23
18
10
10
19
20
7
21
31
17
23
29
25
20
22
33
32
18
19
33
31
20
28
47
40
26
30
29
33
31
30
40
47
48
31
36
39
24
33
33
31
38
34
30
31
36
24
23
37
26
25
34
30
27
29
25
22
24
25
16
12
17
12
11
7
10
8
4
0
-6
0
2
-6
-3
0
-8
-10
-13
-15
-15
-11
-13
-11
-11
-17
-22
-25
-25
-26
-29
-26
-19
-30
-37
-32
-27
-43
-48
-33
-29
-38
-43
-32
-32
-41
-44
-37
-27
-35
-42
-29
-27
-40
-43
-33
-34
-33
-32
-33
-27
-29
-38
-38
-23
-29
-33
-21
-23
-20
-23
-32
-24
-18
-22
-21
-12
-10
-15
-19
-12
-10
-12
-4
-5
-1
4
-3
-1
9
6
4
14
14
9
13
16
10
16
21
12
20
22
17
18
19
26
26
27
26
23
29
27
25
30
31
31
28
30
31
24
28
27
22
33
26
22
34
26
21
27
26
25
20
23
22
20
21
18
22
19
13
17
13
13
14
10
13
13
8
10
9
6
3
3
7
0
-2
1
-3
-3
-4
-5
-4
-8
-11
-11
-13
-12
-14
-11
-12
-15
-14
-17
-22
-21
-24
-21
-21
-24
-17
-25
-26
-24
-30
-29
-29
-31
-31
-28
-28
-29
-30
-26
-25
-27
-26
-25
-23
-27
-24
-19
-21
-17
-21
-22
-17
-21
-23
-15
-14
-14
-8
-10
-11
-6
-11
-8
-3
-4
2
4
7
6
2
5
5
4
6
8
11
13
17
15
13
16
8
6
13
12
14
20
15
16
20
17
10
16
16
12
14
11
13
21
17
18
19
18
17
15
19
19
18
23
26
25
25
24
25
26
23
23
27
24
25
27
26
28
27
26
27
22
21
22
21
20
19
17
17
17
11
9
11
7
3
7
5
-2
1
2
-4
-5
-7
-7
-8
-10
-10
-12
-14
-16
-18
-18
-16
-21
-18
-17
-26
-25
-23
-31
-29
-23
-29
-28
-27
-30
-32
-34
-33
-33
-35
-32
-33
-36
-30
-30
-37
-32
-26
-30
-31
-26
-28
-29
-28
-25
-22
-24
-24
-23
-21
-23
-20
-17
-17
-16
-14
-16
-14
-9
-10
-10
-7
-8
-10
-9
-5
-3
-3
-2
1
4
4
4
8
12
13
15
17
19
22
20
22
27
24
25
28
27
27
28
27
29
32
30
32
34
34
36
35
37
37
35
38
38
36
35
35
33
32
31
30
30
29
25
26
28
23
21
23
20
16
14
15
15
13
10
11
6
5
4
0
-2
-2
-5
-6
-4
-6
-11
-9
-9
-13
-10
-10
-13
-13
-12
-15
-14
-13
-18
-17
-13
-18
-23
-18
-17
-22
-18
-18
-19
-17
-18
-19
-19
-18
-17
-17
-18
-15
-17
-20
-14
-13
-18
-16
-12
-16
-15
-13
-16
-15
-12
-14
-14
-11
-14
-14
-11
-11
-11
-9
-8
-9
-6
-5
-7
-8
-3
-4
-6
-2
-1
-2
-2
-1
1
0
1
2
2
0
2
4
1
2
5
3
8
8
6
11
12
9
10
10
8
11
7
7
10
6
5
9
9
4
6
7
4
5
7
4
4
6
5
4
5
5
4
6
4
4
7
4
0
3
4
0
3
3
-3
-2
-1
-3
-3
-4
-4
0
0
-4
-3
-1
-1
-1
0
-1
0
-3
-4
-2
-3
-5
-3
-3
-2
-2
-1
-4
-5
-4
-4
-6
-3
-3
-4
-1
-2
-3
-4
-3
-3
-2
-3
-3
-1
-3
-2
0
-3
-3
1
-1
-2
0
2
-1
-3
1
0
-3
1
2
0
-1
1
0
0
0
1
0
1
1
1
3
2
2
2
1
0
0
0
-1
1
2
0
-1
-1
-3
-2
0
-2
-1
-1
-1
1
1
1
4
2
1
1
0
1
1
2
3
3
3
3
4
6
5
6
7
6
5
7
9
9
9
11
9
10
10
9
9
10
9
9
12
9
11
13
12
11
11
9
10
9
9
9
12
10
9
9
7
6
5
3
3
4
1
2
4
2
1
2
0
-1
-1
-3
-1
-1
-3
-1
-2
-3
-1
-3
-5
-2
-5
-5
-3
-5
-5
-4
-6
-5
-4
-6
-5
-6
-5
-6
-5
-6
-5
-5
-6
-5
-5
-6
-9
-10
-10
-10
-11
-10
-8
-11
-9
-7
-9
-9
-10
-10
-10
-12
-12
-10
-10
-9
-8
-9
-8
-7
-9
-10
-10
-10
-11
-11
-11
-11
-10
-10
-11
-10
-8
-8
-7
-7
-6
-5
-5
-4
-2
-2
-3
-2
-2
-2
-1
-2
0
-2
-3
-2
-1
-2
-2
0
0
-1
0
2
1
1
3
2
3
6
5
4
4
5
5
4
4
5
4
4
6
5
4
6
6
5
5
6
7
8
6
6
7
7
8
7
4
7
5
6
8
7
6
6
6
5
5
6
4
