1
1
1
1
2
1
1
1
0
1
1
1
1
1
1
0
0
0
1
1
1
1
1
0
1
0
1
0
0
0
0
0
0
0
-1
0
-1
-1
-1
-1
-1
0
0
-2
-3
-3
-3
-4
-5
-5
-5
-4
-5
-5
-5
-4
-3
-3
-2
-1
0
1
2
1
2
2
3
3
4
4
4
4
5
4
5
6
5
3
3
4
3
3
2
2
2
2
1
1
1
1
1
2
4
4
4
5
5
6
7
8
8
9
9
9
9
8
6
5
4
2
0
-1
-2
-3
-4
-7
-9
-9
-9
-9
-10
-11
-9
-8
-8
-7
-5
-4
-4
-3
-2
-1
0
0
2
2
2
3
3
3
3
3
4
3
2
-1
0
1
1
-2
-4
-3
-3
-6
-6
-7
-6
-4
-4
-5
-6
-8
-9
-9
-7
-7
-5
-4
-6
-6
-3
9
23
26
27
38
53
59
57
51
60
69
67
47
34
33
28
18
3
-4
-12
-18
-23
-25
-31
-42
-50
-49
-49
-52
-53
-55
-59
-61
-54
-40
-36
-37
-31
-17
-1
3
8
11
15
16
19
18
9
-10
-26
-31
-44
-61
-87
-111
-136
-161
-179
-201
-220
-244
-251
-230
-187
-161
-152
-118
-49
30
68
102
159
234
289
297
299
307
329
328
308
273
235
203
174
145
100
50
8
-21
-52
-98
-139
-163
-186
-223
-256
-255
-248
-255
-268
-256
-218
-178
-149
-123
-84
-42
5
50
87
100
116
145
173
179
168
166
164
158
141
135
124
99
68
43
37
25
2
-30
-54
-65
-70
-74
-90
-104
-105
-79
-48
-32
-18
7
58
106
140
173
214
250
270
294
313
324
316
297
278
257
234
200
158
107
62
29
1
-36
-85
-125
-148
-166
-190
-218
-231
-235
-239
-235
-224
-204
-184
-162
-124
-80
-43
-13
18
52
81
99
119
130
122
105
92
76
35
-14
-61
-109
-172
-231
-284
-338
-400
-458
-482
-487
-486
-491
-446
-378
-313
-263
-178
-54
46
118
186
299
393
434
441
464
503
509
476
431
395
353
302
257
205
130
46
-9
-33
-89
-167
-230
-250
-279
-334
-366
-364
-362
-390
-394
-353
-294
-269
-242
-185
-114
-55
-2
64
114
142
178
238
268
256
241
255
260
228
199
184
163
114
74
59
44
7
-37
-57
-66
-72
-80
-79
-71
-63
-41
1
45
69
89
145
213
252
266
291
332
359
362
364
369
353
325
295
276
243
190
136
89
43
-10
-49
-88
-141
-196
-224
-230
-253
-287
-301
-281
-261
-257
-246
-215
-184
-157
-121
-74
-34
-11
12
47
75
82
77
76
59
23
-15
-49
-105
-184
-264
-313
-369
-455
-528
-561
-556
-559
-537
-500
-444
-375
-289
-185
-96
4
115
236
304
330
364
436
489
478
428
395
389
364
308
235
164
105
53
-1
-57
-134
-205
-252
-275
-311
-355
-374
-378
-385
-393
-367
-309
-263
-254
-226
-153
-67
-17
10
50
102
157
207
248
257
260
283
322
333
307
283
270
255
221
182
152
111
59
12
-15
-23
-47
-79
-100
-80
-36
0
24
46
100
172
246
294
326
359
399
438
455
455
445
429
405
371
337
297
247
181
121
72
28
-15
-71
-131
-182
-207
-216
-237
-279
-310
-307
-282
-268
-265
-256
-220
-168
-125
-89
-48
4
48
81
106
139
172
160
128
97
77
38
-52
-149
-231
-287
-370
-488
-593
-657
-667
-668
-650
-641
-610
-527
-397
-282
-225
-141
19
202
291
279
302
405
504
507
438
399
394
384
342
272
180
88
28
-7
-68
-167
-250
-291
-330
-398
-450
-448
-446
-491
-525
-482
-399
-355
-361
-337
-258
-160
-84
-28
16
55
129
217
279
291
298
344
392
411
396
391
379
347
311
291
280
233
166
112
86
69
35
-6
-47
-70
-57
-20
9
43
80
144
245
329
399
447
487
528
590
637
639
593
531
507
495
465
386
299
224
180
144
89
15
-83
-156
-188
-213
-267
-334
-396
-432
-438
-430
-418
-413
-418
-384
-304
-213
-160
-135
-96
-21
61
99
104
93
78
58
25
-26
-101
-197
-302
-389
-454
-515
-565
-577
-579
-569
-539
-453
-338
-263
-217
-122
55
213
270
237
238
337
438
445
356
256
224
240
242
165
44
-62
-92
-65
-92
-186
-284
-320
-333
-365
-401
-411
-425
-480
-507
-459
-383
-361
-392
-381
-308
-214
-140
-93
-77
-71
-7
109
187
177
148
180
261
308
297
274
251
234
229
244
243
203
150
134
153
170
155
125
97
88
117
162
186
184
215
292
396
471
506
543
578
604
639
678
675
619
520
460
441
398
315
211
121
58
31
2
-51
-147
-232
-249
-232
-265
-336
-394
-416
-397
-378
-372
-358
-350
-320
-237
-140
-77
-59
-44
-1
53
84
68
30
-32
-91
-123
-177
-271
-385
-482
-520
-519
-480
-449
-459
-471
-396
-225
-108
-103
-99
48
252
350
296
244
309
411
455
394
294
223
211
227
191
72
-56
-105
-98
-137
-245
-337
-368
-414
-489
-539
-519
-503
-560
-612
-582
-481
-407
-395
-388
-341
-250
-131
-43
-21
-37
-9
95
175
179
148
152
196
225
239
239
218
186
177
195
209
192
149
124
115
130
148
143
119
92
129
194
275
329
359
426
511
621
701
720
705
729
771
792
760
654
562
483
431
372
294
189
76
6
-35
-50
-96
-176
-237
-268
-272
-265
-285
-346
-383
-371
-316
-261
-257
-258
-231
-157
-86
-41
-38
-47
-35
-24
-25
-60
-113
-187
-258
-315
-358
-416
-504
-538
-477
-370
-339
-342
-285
-129
12
20
23
127
316
401
327
224
242
356
411
335
195
119
157
219
180
36
-99
-134
-93
-131
-271
-399
-439
-459
-536
-621
-632
-597
-624
-677
-673
-570
-457
-405
-405
-379
-267
-118
-13
-4
-33
-7
90
166
163
116
92
128
156
167
168
162
155
142
140
151
161
132
63
-1
-1
34
54
14
-33
-11
99
275
382
422
478
597
773
869
862
830
845
870
848
744
615
525
455
368
280
219
164
103
7
-60
-71
-88
-137
-229
-317
-336
-314
-347
-419
-484
-472
-371
-285
-253
-242
-164
-55
41
64
45
58
78
59
-9
-96
-167
-231
-340
-468
-547
-576
-528
-416
-387
-393
-329
-138
91
114
40
109
350
519
432
241
162
274
382
325
178
58
57
151
175
108
-13
-110
-106
-97
-186
-319
-403
-468
-542
-645
-660
-591
-572
-649
-698
-568
-386
-274
-307
-336
-264
-149
-53
-48
-124
-201
-181
-121
-88
-108
-142
-110
-34
47
114
184
239
270
275
295
343
365
278
145
73
76
92
41
-38
-39
94
239
374
444
506
662
782
821
813
812
847
826
661
487
447
460
378
224
104
100
166
138
56
-34
-78
-51
-54
-146
-234
-273
-283
-271
-320
-334
-275
-189
-158
-138
-83
17
103
90
51
18
31
21
-44
-167
-279
-326
-373
-433
-481
-493
-353
-185
-128
-71
-2
209
354
305
254
336
533
542
345
145
156
317
375
259
122
66
162
252
225
108
-68
-152
-165
-225
-402
-573
-714
-797
-893
-929
-856
-759
-725
-746
-613
-374
-113
-27
-63
-57
30
145
137
5
-169
-254
-266
-289
-315
-346
-354
-299
-241
-143
-25
50
73
42
43
111
157
96
-32
-132
-89
8
79
82
99
236
422
581
637
662
747
839
832
752
681
680
653
534
413
359
380
363
283
180
122
125
116
20
-124
-237
-275
-295
-362
-436
-456
-395
-310
-248
-179
-42
111
206
230
271
365
418
364
223
134
91
39
-62
-215
-328
-362
-367
-380
-417
-401
-191
-15
4
-35
36
280
339
185
78
219
464
454
258
118
227
456
511
446
340
312
390
412
353
161
-35
-138
-209
-389
-594
-686
-711
-808
-986
-987
-788
-592
-624
-717
-627
-383
-179
-193
-284
-316
-264
-172
-162
-232
-314
-307
-223
-163
-147
-124
-28
24
-20
-71
-46
17
-44
-215
-335
-305
-237
-228
-253
-238
-110
59
218
321
381
462
577
640
601
549
550
552
478
361
333
431
489
442
398
450
556
564
460
329
225
136
21
-141
-337
-495
-561
-577
-586
-595
-547
-418
-294
-212
-125
3
133
178
183
204
241
263
240
201
147
86
62
58
39
-68
-160
-164
-70
116
138
116
82
171
376
375
310
299
465
633
568
428
374
521
629
550
430
340
353
324
230
119
-16
-132
-186
-255
-373
-470
-491
-450
-515
-603
-567
-409
-302
-388
-438
-368
-237
-211
-309
-334
-342
-319
-339
-361
-341
-331
-287
-250
-233
-207
-150
-85
-102
-216
-288
-293
-300
-378
-493
-511
-460
-404
-358
-261
-84
60
171
243
386
546
606
583
501
507
579
609
530
420
391
455
521
464
362
300
284
243
120
-20
-109
-178
-285
-408
-473
-441
-381
-383
-415
-386
-261
-153
-130
-187
-207
-134
-101
-97
-147
-160
-119
-91
-51
6
64
107
82
75
92
52
17
-36
82
221
216
195
144
316
375
240
182
258
560
612
456
322
401
678
793
751
638
578
603
580
497
320
97
-89
-248
-381
-482
-523
-506
-528
-612
-552
-343
-86
-51
-151
-166
-59
93
51
-37
-111
-134
-118
-130
-77
-47
-33
-42
-95
-93
-71
-53
-119
-307
-447
-461
-449
-483
-583
-596
-525
-464
-388
-290
-127
-11
25
56
119
228
293
294
237
223
295
382
427
404
424
497
548
525
472
439
400
288
101
-56
-171
-273
-424
-594
-705
-745
-718
-705
-694
-663
-577
-446
-346
-277
-215
-130
-52
-12
4
29
68
70
42
28
39
55
9
-55
-99
-132
-173
-209
-61
172
299
322
255
414
512
408
306
274
518
594
452
288
281
512
662
662
561
466
474
463
401
247
78
-16
-113
-232
-342
-348
-255
-251
-376
-426
-307
-101
-98
-219
-269
-182
-44
-70
-76
-25
79
165
135
146
195
281
301
182
63
14
59
49
-106
-241
-289
-301
-331
-423
-405
-334
-329
-334
-320
-138
73
173
195
184
264
371
417
368
287
265
303
331
322
343
401
436
377
289
259
264
179
-46
-270
-388
-409
-456
-547
-630
-661
-635
-631
-620
-619
-626
-643
-694
-700
-647
-539
-440
-387
-337
-230
-65
60
87
41
11
17
-12
-64
-123
-164
-204
-117
172
412
499
364
369
497
402
181
32
244
486
393
225
224
508
769
763
688
567
522
448
312
189
78
9
-71
-203
-286
-245
-137
-138
-347
-524
-520
-327
-243
-356
-438
-350
-111
-5
-9
30
128
214
132
26
47
161
251
181
74
126
301
452
382
197
113
65
-18
-187
-286
-230
-157
-110
-80
84
335
536
577
420
300
288
360
346
226
185
281
464
585
619
640
623
502
302
106
14
-53
-221
-412
-504
-399
-227
-186
-269
-402
-463
-525
-629
-756
-878
-918
-934
-902
-804
-654
-482
-413
-442
-469
-443
-381
-379
-445
-474
-444
-355
-324
-262
-140
76
412
574
618
466
421
497
338
113
5
335
767
779
581
462
602
768
622
437
243
118
27
-68
10
130
194
149
-30
-154
-167
-123
-181
-493
-742
-739
-469
-246
-229
-197
-95
9
-63
-188
-175
-117
-168
-346
-415
-225
57
267
284
185
160
180
227
119
-74
-150
-198
-208
-221
-91
221
401
383
245
234
421
526
492
340
266
387
556
708
773
780
770
701
657
654
623
506
291
155
164
263
314
187
-17
-227
-336
-356
-405
-475
-562
-600
-614
-599
-521
-448
-462
-623
-777
-784
-682
-610
-657
-726
-716
-648
-557
-510
-516
-521
-568
-660
-719
-648
-268
196
420
406
270
450
608
479
200
88
448
802
815
640
607
778
893
670
440
320
250
98
-157
-152
18
129
51
-158
-241
-224
-201
-252
-425
-524
-464
-302
-222
-231
-171
-34
-44
-249
-393
-291
-130
-173
-317
-340
-127
69
97
39
-23
-2
-45
-134
-192
-136
-28
-74
-222
-282
-93
138
146
-5
-60
59
227
301
361
485
588
638
603
596
656
681
660
570
550
659
764
792
674
545
484
432
362
255
142
20
-122
-195
-162
-118
-158
-296
-430
-504
-529
-526
-510
-501
-526
-546
-545
-519
-490
-514
-595
-708
-740
-671
-555
-513
-573
-681
-665
-244
264
493
236
-10
119
221
99
-53
315
882
1078
789
478
529
662
665
437
295
290
365
371
260
224
211
112
-224
-563
-624
-445
-290
-383
-504
-415
-137
37
-93
-266
-343
-292
-314
-359
-233
-23
127
54
-73
-142
-127
-114
-192
-323
-401
-281
-94
-18
-46
-48
-21
-135
-294
-291
-112
12
-9
-25
25
89
94
85
76
99
178
275
386
501
659
755
692
517
369
311
288
265
266
335
439
533
569
521
364
131
-100
-274
-313
-246
-144
-82
-94
-100
-123
-168
-267
-382
-473
-574
-612
-572
-452
-360
-362
-413
-474
-496
-525
-564
-652
-574
-214
173
289
84
79
168
100
-139
11
729
1232
1192
822
731
703
539
435
543
656
461
293
421
692
654
303
-22
-245
-447
-651
-663
-441
-270
-249
-341
-333
-283
-286
-325
-379
-399
-422
-383
-242
-60
35
39
-35
-112
-133
-120
-102
-136
-167
-124
-129
-222
-304
-292
-218
-206
-145
12
156
164
105
102
64
-49
-151
-119
-38
34
157
332
455
416
317
276
257
203
147
117
138
157
188
229
236
204
123
17
-87
-148
-133
-87
-62
-59
-81
-131
-191
-234
-258
-295
-340
-351
-310
-279
-300
-353
-388
-392
-384
-358
-322
-268
-241
-240
-256
-175
-4
80
22
-103
-46
31
-33
-94
124
637
934
858
653
569
491
268
165
363
677
758
631
564
547
436
204
62
100
149
97
-2
-23
-19
-48
-67
-45
-70
-224
-331
-262
-132
-136
-239
-189
-45
-29
-181
-267
-165
-22
27
29
79
77
-18
-169
-293
-316
-304
-295
-334
-366
-285
-160
-106
-180
-252
-231
-198
-214
-213
-130
-24
24
55
122
181
124
36
23
77
134
146
192
233
204
133
131
198
204
151
99
67
31
-6
33
92
101
47
43
103
85
40
24
67
63
-41
-88
-73
-65
-125
-197
-180
-122
-71
-71
-91
-106
-145
-169
-205
-246
-251
-224
-198
-211
-227
-182
-105
-104
-164
-211
-174
-83
-55
-76
-82
-8
94
152
167
176
189
146
64
58
160
240
219
209
274
333
264
164
183
215
155
54
72
178
180
109
123
206
187
54
5
91
161
126
85
139
194
163
113
133
186
170
86
15
7
5
-43
-118
-168
-168
-192
-247
-255
-215
-182
-213
-248
-228
-223
-256
-289
-293
-307
-372
-367
-239
-126
-119
-141
-82
20
60
62
82
99
72
34
68
150
222
281
319
317
306
336
387
385
320
282
293
308
297
255
238
217
169
146
145
124
44
-66
-164
-232
-250
-244
-243
-255
-278
-293
-324
-383
-413
-391
-386
-434
-498
-450
-341
-309
-342
-349
-254
-183
-189
-204
-189
-171
-195
-185
-82
40
85
75
76
71
54
46
99
147
153
188
270
355
364
330
327
344
334
290
256
266
315
341
306
253
224
223
184
130
123
168
191
157
144
137
86
-35
-151
-195
-205
-217
-216
-199
-178
-160
-130
-107
-121
-154
-175
-204
-242
-251
-196
-143
-166
-181
-124
-25
-5
-56
-81
-52
-9
9
30
66
130
197
240
253
248
257
268
268
273
293
317
303
275
267
281
275
252
229
179
132
122
138
93
-4
-80
-97
-85
-127
-184
-211
-239
-302
-374
-372
-340
-349
-389
-412
-397
-420
-458
-465
-448
-436
-425
-354
-250
-194
-197
-218
-225
-211
-188
-129
-55
-45
-64
-42
42
110
95
65
70
111
155
177
216
248
249
245
248
303
352
354
305
250
243
248
230
182
164
201
235
239
233
233
215
157
94
42
16
-7
-26
-44
-69
-85
-102
-134
-179
-177
-150
-153
-177
-188
-174
-179
-215
-269
-310
-305
-290
-255
-211
-181
-152
-110
-62
-32
-5
41
95
106
102
148
239
292
286
297
369
448
469
427
392
375
351
329
338
375
363
361
361
298
201
144
100
26
-29
-43
-15
-16
-51
-95
-136
-167
-202
-226
-254
-288
-312
-335
-349
-355
-340
-307
-324
-385
-413
-397
-370
-393
-392
-311
-232
-215
-238
-237
-207
-185
-157
-95
-46
-53
-82
-68
-24
-27
-44
-5
61
90
99
152
216
181
107
110
166
183
120
105
189
253
240
198
186
165
95
48
95
148
132
69
35
38
14
-21
-31
-39
-77
-119
-108
-77
-102
-136
-133
-91
-89
-132
-133
-129
-147
-163
-177
-163
-133
-112
-73
-26
10
16
12
22
47
105
158
175
213
247
248
311
369
331
273
269
333
381
360
338
335
312
265
241
236
236
260
276
239
199
161
118
85
44
33
52
45
-4
-39
-53
-46
-49
-71
-84
-95
-110
-137
-182
-255
-289
-308
-321
-292
-235
-199
-219
-279
-278
-264
-277
-302
-313
-229
-167
-155
-188
-197
-176
-200
-182
-111
-26
-12
-56
-55
3
14
-61
-82
-10
68
115
128
180
184
69
-35
-34
24
17
-7
23
93
102
38
7
9
-16
-56
-27
38
54
-7
-87
-101
-127
-199
-213
-178
-149
-166
-173
-163
-184
-248
-291
-243
-190
-146
-117
-105
-98
-99
-64
-23
10
36
58
125
175
197
204
198
206
232
248
270
296
313
333
334
326
297
303
311
325
363
384
428
396
299
239
197
232
184
116
185
236
176
57
125
173
57
64
146
150
91
-41
-124
-136
-145
-174
-225
-180
-92
-86
-156
-222
-246
-277
-339
-374
-369
-308
-268
-236
-241
-284
-264
-245
-233
-283
-212
-33
13
-75
-201
-212
-133
-86
7
167
245
213
130
162
193
96
-14
-11
80
136
143
134
115
30
-74
-104
-11
51
-1
-32
-12
-9
-95
-222
-256
-239
-259
-230
-142
-98
-163
-295
-349
-345
-392
-417
-390
-326
-290
-285
-238
-234
-251
-259
-264
-168
-59
-30
-17
1
47
74
92
139
174
254
309
329
363
349
321
279
272
344
433
479
461
452
478
463
394
339
357
354
268
280
420
429
301
269
334
316
243
173
162
186
143
100
66
70
38
-49
-25
9
-6
-24
-118
-168
-177
-287
-355
-349
-303
-272
-287
-277
-349
-432
-463
-389
-228
-153
-145
-241
-302
-254
-213
-238
-257
-77
141
241
209
120
112
90
28
91
265
331
256
227
303
332
183
45
84
185
228
181
173
129
-46
-212
-213
-100
-87
-162
-180
-93
-69
-193
-347
-413
-437
-476
-425
-307
-243
-302
-415
-397
-348
-361
-374
-356
-260
-178
-146
-123
-119
-150
-187
-129
18
128
189
200
219
255
233
232
252
290
349
415
517
588
543
434
346
287
261
281
355
385
376
384
384
342
227
135
146
201
235
174
77
36
-17
-70
-76
-38
-65
-171
-179
-111
-121
-197
-281
-270
-214
-282
-320
-243
-193
-225
-301
-323
-283
-296
-374
-446
-397
-311
-364
-464
-360
-101
49
-95
-311
-193
11
33
-126
-57
382
601
492
251
181
238
162
162
425
710
694
478
404
484
377
64
-113
30
271
277
169
115
-77
-338
-517
-420
-221
-290
-418
-396
-253
-272
-509
-665
-649
-564
-483
-357
-207
-168
-320
-453
-393
-260
-185
-187
-134
12
140
180
94
5
-35
-12
118
309
479
518
393
292
308
337
309
261
351
510
599
567
445
315
160
103
216
368
433
375
303
283
238
113
-30
-92
-26
68
118
105
-11
-162
-277
-287
-223
-204
-235
-299
-316
-304
-354
-434
-509
-529
-457
-376
-327
-361
-423
-487
-533
-549
-544
-529
-537
-564
-431
-45
259
278
-77
-185
63
213
89
-21
520
1134
1231
838
524
534
488
386
547
1000
1183
940
636
625
574
155
-264
-260
153
342
206
32
-168
-446
-782
-802
-534
-396
-463
-490
-275
-131
-329
-626
-702
-550
-356
-206
-22
122
72
-83
-162
-58
45
23
-20
71
305
398
257
49
-44
-19
33
107
204
225
142
53
74
107
18
-65
-40
132
295
287
225
179
170
207
236
292
288
237
248
291
341
268
137
79
52
69
66
9
-77
-199
-292
-307
-331
-397
-521
-612
-609
-580
-563
-641
-732
-773
-731
-643
-604
-628
-649
-644
-605
-545
-565
-341
91
495
501
150
182
350
375
112
249
1076
1625
1530
950
630
578
445
384
616
991
1032
722
439
368
123
-371
-757
-560
-90
30
-155
-412
-506
-632
-776
-712
-540
-417
-378
-197
110
222
100
-69
-84
22
109
227
371
469
501
408
325
256
130
-44
-230
-150
34
37
-189
-385
-324
-306
-398
-457
-373
-277
-306
-253
-77
48
28
-33
54
236
335
371
414
541
657
664
621
532
449
360
298
327
322
228
45
-140
-293
-452
-559
-633
-682
-712
-720
-695
-758
-883
-948
-901
-827
-779
-734
-662
-584
-532
-493
-445
-431
-443
-471
-345
179
732
894
512
299
486
540
225
-27
597
1443
1718
1228
566
221
-10
-85
63
432
600
398
122
79
16
-385
-923
-1013
-577
-228
-172
-227
-145
-141
-262
-224
-116
-26
-36
144
614
954
982
722
456
339
342
415
433
419
449
414
307
170
-5
-206
-462
-511
-379
-346
-439
-533
-387
-272
-277
-318
-334
-257
-194
-32
207
409
531
620
687
732
698
623
561
599
746
801
691
445
227
94
-37
-137
-246
-375
-477
-561
-632
-727
-807
-841
-881
-866
-782
-675
-607
-566
-434
-313
-269
-288
-270
-226
-213
-145
-54
-20
-75
-172
-200
-228
-184
92
423
547
265
16
-9
-45
-247
-384
118
826
1119
746
145
-103
-131
-69
6
200
405
369
199
118
79
-155
-500
-563
-323
-129
-126
-150
-28
55
2
-102
-147
-113
-30
163
377
518
496
386
319
314
292
170
31
-6
67
145
163
129
41
-96
-259
-386
-440
-462
-417
-316
-177
-8
129
187
144
127
206
311
386
435
575
734
844
833
679
482
328
310
320
287
227
181
122
17
-124
-299
-473
-589
-602
-558
-502
-443
-421
-467
-521
-495
-405
-327
-278
-146
40
161
144
51
18
-18
-69
-130
-169
-169
-235
-327
-479
-571
-582
-607
-439
-77
262
156
-206
-285
-182
-256
-409
-39
723
1125
858
367
184
179
183
199
335
487
452
268
119
68
-115
-459
-671
-644
-539
-506
-438
-258
-205
-317
-415
-358
-290
-246
-102
132
336
356
339
384
433
378
216
114
126
213
263
240
226
176
57
-111
-221
-237
-304
-388
-397
-278
-131
-4
140
213
173
140
226
325
340
390
582
791
840
749
598
427
245
128
156
258
271
180
51
-50
-168
-344
-491
-558
-529
-469
-367
-274
-242
-250
-276
-276
-253
-208
-115
-5
93
143
145
131
87
-15
-151
-247
-294
-330
-407
-480
-476
-458
-513
-458
-63
401
429
58
-85
93
110
-105
88
798
1301
1143
645
381
318
259
166
207
326
295
73
-126
-127
-171
-485
-916
-1086
-954
-756
-623
-487
-372
-355
-414
-443
-337
-154
18
97
172
338
567
688
613
475
349
247
112
56
145
238
150
-8
-48
-63
-256
-557
-694
-625
-550
-491
-358
-138
83
167
181
175
229
310
362
448
617
824
952
974
884
684
447
298
247
258
267
232
159
10
-136
-313
-478
-570
-616
-626
-613
-513
-382
-277
-233
-241
-277
-256
-136
9
65
86
153
205
203
158
93
-24
-228
-373
-388
-365
-388
-418
-380
-346
-187
184
474
371
63
33
198
131
34
409
1061
1316
993
590
419
366
248
125
142
208
158
-42
-141
-129
-289
-699
-1056
-1041
-851
-746
-632
-423
-255
-277
-304
-184
-29
22
-2
105
360
597
686
682
660
529
248
-43
-142
-71
-32
-96
-184
-186
-214
-400
-682
-851
-852
-853
-827
-645
-336
-64
108
223
306
374
445
529
614
727
854
940
1004
1038
953
702
424
255
174
133
94
32
-109
-288
-402
-473
-562
-680
-762
-783
-737
-598
-409
-268
-227
-232
-186
-57
52
86
103
163
238
266
260
216
83
-114
-288
-373
-425
-488
-501
-459
-466
-523
-402
31
412
356
58
16
202
198
64
294
892
1306
1195
830
633
557
396
177
149
296
311
86
-84
-40
-121
-535
-965
-1014
-803
-649
-561
-386
-190
-142
-199
-184
-46
103
194
265
392
550
658
700
670
517
230
-56
-159
-126
-123
-208
-308
-328
-371
-521
-724
-850
-885
-910
-867
-636
-284
-38
40
122
314
489
565
628
750
844
837
831
902
1002
948
681
421
311
230
29
-165
-181
-169
-296
-430
-418
-393
-518
-685
-713
-640
-538
-393
-192
-16
57
87
100
117
124
130
158
194
241
236
151
6
-178
-389
-606
-726
-716
-665
-660
-716
-758
-754
-643
-297
125
276
90
-28
159
350
329
391
788
1254
1364
1088
796
654
550
365
216
233
226
35
-151
-153
-151
-410
-752
-859
-823
-780
-697
-455
-200
-82
5
123
238
270
283
351
467
608
748
843
814
639
389
157
-30
-152
-234
-303
-372
-456
-515
-597
-715
-807
-881
-926
-902
-720
-411
-147
56
250
429
534
548
590
687
781
834
899
1012
1109
1073
830
518
269
98
-23
-75
-104
-174
-273
-340
-380
-474
-627
-732
-743
-664
-489
-273
-90
-5
26
49
72
96
152
233
268
270
257
202
78
-90
-250
-398
-522
-581
-601
-628
-667
-728
-805
-895
-870
-529
-41
217
128
24
147
254
168
177
570
1072
1251
1076
842
680
462
191
76
178
249
108
-68
-76
-69
-320
-675
-812
-750
-702
-649
-420
-123
5
4
51
190
285
308
342
435
583
702
753
732
620
410
134
-100
-212
-283
-378
-488
-533
-535
-618
-769
-890
-902
-854
-783
-640
-417
-159
39
212
384
504
562
622
747
883
942
941
963
1038
1066
888
555
290
155
67
-17
-74
-149
-308
-447
-484
-509
-606
-694
-676
-598
-504
-341
-133
8
46
74
150
243
324
358
363
370
375
321
171
16
-111
-234
-357
-458
-527
-606
-687
-773
-911
-1069
-1128
-993
-610
-111
198
163
23
81
197
157
171
542
1122
1399
1246
943
716
516
297
217
309
373
227
49
0
-54
-322
-649
-794
-805
-818
-762
-502
-220
-122
-136
-82
48
114
159
290
473
585
613
679
736
629
364
123
2
-66
-161
-250
-316
-397
-487
-580
-660
-707
-705
-676
-660
-611
-505
-354
-156
91
298
374
375
404
494
584
670
775
885
928
834
655
488
344
201
97
49
-24
-140
-224
-266
-374
-515
-562
-518
-517
-531
-420
-224
-89
-50
1
102
177
195
216
295
361
336
256
199
154
67
-57
-169
-257
-345
-452
-569
-648
-692
-776
-900
-939
-815
-504
-79
231
256
120
153
303
282
211
463
1007
1335
1239
939
700
531
359
262
282
318
202
16
-56
-54
-225
-575
-819
-857
-829
-808
-647
-383
-207
-163
-133
-46
28
83
159
294
436
516
555
613
656
545
278
11
-101
-128
-174
-244
-276
-263
-314
-427
-549
-608
-669
-780
-808
-662
-381
-123
69
188
212
158
110
191
389
606
762
865
901
847
722
541
360
215
157
149
138
113
29
-146
-390
-530
-526
-482
-471
-434
-329
-225
-155
-111
-66
-23
31
78
133
233
345
386
332
251
174
107
48
6
-34
-105
-216
-358
-441
-472
-558
-718
-802
-709
-562
-356
-17
277
269
52
16
141
164
159
393
845
1114
1073
862
642
419
228
186
273
353
259
138
103
64
-194
-559
-722
-691
-651
-662
-519
-274
-144
-196
-259
-219
-201
-200
-111
139
354
389
340
340
366
251
64
-69
-95
-105
-101
-50
-23
-72
-197
-302
-430
-553
-627
-616
-527
-398
-238
-116
-44
-49
-99
-120
-44
128
291
419
522
601
584
480
363
292
284
286
295
275
236
140
1
-119
-185
-195
-184
-157
-150
-170
-180
-152
-111
-91
-52
1
24
25
66
136
152
105
61
64
98
122
102
56
-9
-79
-154
-207
-228
-234
-269
-348
-399
-380
-326
-297
-176
81
253
184
73
137
192
81
37
306
669
799
726
582
414
210
126
188
256
255
184
146
110
50
-105
-291
-392
-405
-376
-346
-247
-168
-164
-193
-158
-134
-214
-256
-179
-22
52
90
142
121
-10
-139
-119
-92
-129
-143
-31
66
12
-82
-133
-163
-268
-330
-285
-210
-179
-148
-49
21
-12
-134
-172
-63
86
161
169
205
222
198
163
166
160
102
92
177
280
259
165
96
57
26
29
96
126
68
-9
11
68
51
-5
-27
4
2
-29
-45
-34
-52
-101
-113
-73
-35
-58
-101
-111
-99
-109
-141
-162
-133
-72
-37
-77
-152
-166
-123
-107
-129
-98
-18
48
93
151
184
131
44
20
67
126
188
261
340
379
332
208
57
-10
36
130
196
228
255
228
97
-45
-100
-84
-87
-99
-43
18
-15
-127
-192
-187
-203
-254
-269
-217
-186
-225
-266
-238
-186
-182
-208
-196
-152
-128
-114
-77
-14
21
21
19
38
49
39
53
81
84
78
112
154
142
87
41
10
-20
-38
-29
-25
-33
-24
5
42
80
105
77
31
37
98
144
187
267
334
330
286
284
302
272
217
211
252
257
211
144
72
-18
-102
-129
-131
-162
-206
-208
-183
-202
-246
-250
-215
-200
-202
-170
-89
-20
-12
-4
22
26
11
-1
32
75
85
61
34
25
17
-34
-102
-117
-101
-96
-120
-137
-172
-211
-206
-187
-169
-139
-55
21
57
66
82
113
128
153
168
178
169
150
133
119
106
72
33
-19
-64
-111
-137
-159
-197
-219
-210
-190
-211
-238
-229
-203
-191
-187
-176
-155
-136
-112
-69
-33
-9
-32
-53
-17
39
51
17
0
-2
-9
-14
-6
-3
-28
-52
-49
-24
-16
-9
10
15
25
54
100
149
191
229
264
285
302
326
356
382
422
433
396
386
382
331
269
217
200
181
95
12
-36
-51
-63
-107
-100
-115
-152
-157
-193
-155
-113
-123
-85
-16
12
14
86
153
116
94
183
211
183
161
144
145
86
37
25
2
-44
-106
-152
-178
-217
-256
-252
-269
-271
-253
-251
-228
-224
-223
-207
-211
-199
-190
-143
-90
-101
-118
-117
-76
-57
-83
-81
-35
-29
-73
-94
-91
-97
-140
-147
-95
-66
-65
-54
-42
-70
-93
-93
-79
-57
-33
-8
7
-8
-21
-8
-27
-49
-50
-25
-15
-36
-41
-27
-55
-104
-109
-83
-67
-73
-39
26
30
32
61
93
110
95
133
194
217
241
254
289
282
220
241
243
208
254
269
245
215
174
111
19
47
56
15
63
67
57
45
21
-4
-4
34
35
31
90
148
182
193
166
198
199
182
178
164
144
130
105
113
113
1
-51
-52
-86
-139
-162
-136
-131
-192
-243
-232
-170
-137
-148
-77
-35
-48
-65
-62
30
61
65
106
140
104
96
81
39
7
-9
10
-18
-54
-97
-118
-173
-246
-323
-306
-267
-298
-324
-284
-233
-267
-247
-249
-239
-211
-207
-149
-93
-77
-36
16
-16
-23
-26
-54
-62
-42
-57
-104
-89
-63
-105
-129
-113
-145
-131
-94
-63
-41
-21
14
-1
36
83
94
85
96
127
131
172
201
220
239
213
185
173
145
123
137
165
148
159
115
75
101
48
-19
6
67
44
48
86
88
91
100
88
137
187
159
157
134
145
166
126
95
154
179
122
135
107
40
15
47
-7
17
41
-52
-37
18
38
-24
-1
20
11
1
-16
32
36
9
12
77
61
-14
-21
-55
-52
-12
-42
-66
-8
3
-71
-124
-105
-150
-204
-194
-164
-102
-87
-75
-94
-105
-72
-85
-100
-58
-27
-25
41
49
-21
-22
-11
-78
-136
-157
-144
-142
-170
-175
-147
-113
-158
-157
-152
-181
-171
-123
-119
-146
-15
-11
-53
-2
-2
-18
-31
-13
10
35
46
48
69
60
13
28
7
-8
-12
2
36
40
43
-31
-25
-24
-18
-43
-33
57
50
82
51
65
66
66
103
77
157
118
61
134
90
56
98
65
68
98
69
52
54
30
14
24
55
65
17
23
52
65
81
64
61
66
52
53
16
27
40
32
86
79
33
11
31
13
37
63
25
25
34
73
22
-28
-26
-19
-40
-55
-7
0
-15
-1
-4
-32
-12
-30
-34
-10
-6
19
-2
-17
-50
-88
-81
-73
-106
-85
-23
-32
-49
-64
-47
-53
-44
30
18
-14
33
39
21
25
83
43
2
62
26
-34
-36
2
-43
-63
-28
-51
-70
-89
-103
-86
-86
-73
-57
-70
-84
-41
-9
-13
-35
-29
61
42
54
85
79
97
31
36
98
83
43
26
17
30
15
-27
-57
-85
-87
-82
-92
-95
-86
-59
-75
-109
-43
-52
-89
-36
1
10
16
33
19
34
51
27
-23
-24
-3
-17
33
29
-17
2
9
-25
-13
36
22
-21
39
69
70
59
18
50
63
50
43
85
114
94
89
113
104
120
89
32
74
55
6
-27
0
-4
-44
-56
-53
-38
-72
-68
-40
-1
8
-2
33
19
13
49
38
88
119
99
109
116
118
66
89
64
56
68
10
-18
-11
20
-51
-50
-29
-20
-26
-64
-43
-64
-29
-48
-59
27
-1
-4
44
-12
-6
40
18
13
53
67
18
0
-22
-30
-73
-109
-83
-104
-93
-125
-176
-165
-165
-179
-204
-175
-135
-156
-128
-103
-44
-61
-91
-11
-6
-28
-3
37
11
14
17
-44
6
15
-36
4
-53
-68
-41
-59
-43
-9
4
-29
-26
1
-35
-28
35
19
26
86
100
91
104
85
90
92
132
160
85
120
116
95
90
61
50
-20
-21
-55
-70
-18
-14
-46
1
44
-25
-44
-31
-29
1
19
40
92
145
113
49
96
93
49
68
120
138
110
112
64
54
63
-15
30
88
40
9
69
87
34
50
13
-5
57
41
45
107
89
66
106
64
48
64
13
24
55
8
-18
-26
-99
-120
-122
-178
-183
-158
-222
-210
-152
-194
-201
-210
-233
-209
-181
-153
-109
-44
-75
-67
-63
-86
-56
-73
-56
-35
-5
6
-3
-20
-29
-8
-86
-92
-45
-49
-27
-43
-38
-27
-44
-69
-93
-52
-16
18
28
51
143
89
47
80
82
92
112
151
132
143
125
83
89
58
34
27
36
17
10
21
-28
-27
-24
-31
9
-14
4
-4
-22
-10
15
76
33
62
99
93
111
143
159
66
89
147
103
101
131
115
75
100
104
71
90
94
77
76
67
50
39
68
51
71
84
38
49
9
32
34
-48
-6
0
-43
-51
-101
-95
-125
-160
-155
-178
-181
-217
-227
-226
-210
-189
-210
-207
-162
-166
-194
-118
-108
-96
-53
-55
-41
-40
-72
-101
-73
-56
-55
-17
9
-33
-56
-83
-88
-71
-94
-53
-56
-56
-27
-72
-43
-27
-51
-71
-23
41
14
52
69
62
89
108
107
138
151
97
136
132
120
126
107
83
61
87
43
-9
10
12
-9
-10
11
40
17
-6
49
51
19
40
67
140
118
78
135
182
159
120
157
169
122
139
164
158
136
117
129
138
144
126
111
91
86
72
65
97
104
82
68
68
90
84
39
64
88
71
33
40
53
2
10
-31
-72
-52
-81
-113
-99
-96
-162
-153
-143
-176
-155
-206
-204
-156
-142
-145
-188
-131
-106
-135
-129
-132
-125
-122
-128
-123
-98
-84
-104
-110
-144
-123
-94
-143
-136
-124
-114
-101
-90
-109
-154
-132
-114
-124
-126
-99
-54
-65
-37
-8
-48
-30
-18
20
3
26
64
32
36
1
56
24
-13
6
15
35
-25
-12
-61
-50
26
-22
17
7
-8
37
38
54
43
70
108
112
105
101
165
159
97
137
174
127
100
141
118
95
117
125
106
109
126
93
52
54
62
72
86
68
127
93
38
81
64
52
50
88
115
111
113
94
46
20
20
13
22
38
49
30
31
2
-52
-47
-68
-50
2
-15
-36
-6
-2
-20
-32
-32
-17
-46
-68
-41
-32
-30
-41
-40
-39
-64
-101
-134
-126
-111
-72
-70
-88
-76
-61
-56
-134
-172
-100
-85
-140
-96
1
-59
-126
-52
-37
-121
-80
-72
-113
-37
-36
-66
-40
-28
-39
-76
-107
-83
-81
-102
-113
-59
-8
-45
-72
-63
-40
-56
-65
-15
23
37
48
44
28
78
60
72
99
83
101
81
56
37
81
102
41
68
83
18
6
21
36
1
16
65
28
14
58
58
38
47
41
31
48
82
84
80
93
73
91
69
24
42
56
57
50
49
92
68
7
34
52
50
21
31
46
34
80
75
24
86
109
47
66
91
49
58
72
77
102
62
10
42
37
-35
5
60
1
-15
23
45
-8
-47
35
-4
-40
20
-27
-40
-14
-15
-9
3
-18
-29
6
-55
-78
-29
-69
-77
-48
-62
-101
-112
-102
-137
-101
-155
-123
-38
-144
-108
-45
-99
-109
-76
-42
-68
-64
-7
7
3
26
4
28
85
7
27
57
4
21
25
-4
4
16
5
-48
-41
-9
-60
-61
-8
-70
-37
7
-68
-18
-26
-29
-23
-73
11
10
-33
8
2
17
-2
-5
42
-9
1
5
-42
12
-10
-47
-16
-13
-38
-26
-60
-52
-16
-39
-14
-22
20
-8
-20
22
-8
20
27
3
20
62
8
17
99
55
23
39
54
7
0
52
46
42
26
6
35
0
-13
-2
4
41
6
19
40
72
36
-16
67
46
-7
-11
34
41
36
42
-10
36
49
-11
-47
-8
13
-24
27
22
5
23
6
2
-10
-38
-43
26
45
-22
37
99
8
2
25
-24
0
28
-12
13
55
-40
-32
24
-54
-65
-22
-15
-47
-45
-24
-32
-29
-66
-39
6
-42
-59
-37
-38
-43
-2
-31
-31
13
-8
-21
-38
-17
-26
-22
-4
-39
-3
18
-21
-36
-18
-27
-14
-10
-49
-14
-19
-6
16
-4
-12
-1
-3
-28
-24
-17
11
4
24
56
25
7
5
-25
-12
21
39
41
47
75
43
26
28
7
2
-1
48
61
36
45
71
18
-12
33
2
26
23
18
38
23
1
27
25
1
33
23
25
-19
-20
36
37
42
51
61
41
-6
-17
26
37
45
48
62
83
30
7
-9
22
43
28
18
44
51
-14
-35
15
27
-22
-7
14
10
-10
-38
-8
-5
-20
-22
-16
3
-43
-56
-2
-2
-44
-10
-15
-54
5
-9
-66
-23
22
-17
-67
-8
-4
-47
-11
7
-41
-40
-39
-20
-1
-75
-42
-32
-53
-36
-64
-39
-36
-47
-60
-64
-11
-45
-80
-45
-17
-28
-16
2
-43
-27
-11
-9
5
-21
2
-1
37
35
-34
-11
-6
-1
2
-46
-36
17
-12
-30
-4
-11
-56
-38
-11
-61
-36
39
6
-29
6
-10
18
14
-13
36
46
81
54
19
67
67
36
69
87
75
92
68
63
83
70
36
56
88
73
45
69
58
43
42
4
62
34
-10
28
37
35
-13
31
34
-19
-18
-10
-19
-22
19
7
-6
-2
-15
-21
-33
-58
2
5
-36
18
9
-37
-47
-26
-34
-28
10
-36
-59
2
-13
-53
-55
-54
-42
-8
-15
-87
-37
-5
-71
-50
-14
-32
-53
-37
-13
-38
-69
-37
-11
-11
-24
3
5
-25
-42
-36
-11
-50
-13
22
7
-12
-37
-34
-64
-62
-42
-34
-2
-8
-48
-37
-35
-65
-70
-66
-5
12
-45
-35
6
-32
-62
-16
6
4
20
21
-2
3
23
14
30
51
23
43
64
27
41
26
24
70
73
65
30
65
72
15
57
82
48
78
69
54
86
50
49
90
89
67
52
84
68
20
75
90
46
53
87
54
25
29
22
45
51
46
14
37
37
-18
-1
2
0
0
-22
-14
6
-4
-14
-28
-40
-29
-12
-47
-48
-3
-15
-43
-24
17
-30
-63
-26
-2
-22
-30
-4
11
9
2
-5
-6
-26
-30
1
-13
-6
6
-12
-5
-27
-73
-46
-49
-66
-2
-49
-78
-32
-34
-66
-89
-73
-46
-35
-63
-74
-41
-52
-40
-22
-60
-43
-29
-23
-35
-46
-1
3
-31
-43
-1
17
-13
-11
-14
-22
-10
-36
-23
2
-11
23
16
-8
-38
-27
-34
-38
39
30
-27
26
56
-19
-39
5
40
-9
11
69
64
21
4
30
42
44
29
43
28
57
80
45
41
28
45
68
12
34
88
23
42
73
52
9
14
33
18
74
34
31
63
28
-6
29
36
-1
55
45
9
49
45
-3
30
34
9
31
39
25
30
30
10
32
19
-16
-6
20
-21
-10
42
-2
-30
-41
-10
-35
-50
-16
-26
-15
-21
-22
-48
-59
-49
-74
-32
-15
-43
-20
-43
-46
-35
-67
-65
-51
-29
-52
-37
-30
-70
-26
-72
-99
-63
-68
-60
-49
-42
-63
-54
-56
-100
-77
-43
-60
-29
-9
-44
-39
-27
-66
-28
-15
-31
10
25
-15
-40
25
6
-18
14
1
26
41
-12
-24
39
28
10
58
50
25
10
26
16
23
77
71
49
90
66
26
37
31
46
59
93
86
75
57
21
60
44
36
41
47
52
34
60
8
32
51
3
41
27
19
8
22
43
22
38
27
25
6
3
20
5
-13
25
47
19
14
-2
-5
12
4
-5
10
34
29
-17
3
4
-31
-9
-6
19
23
-22
-10
-1
-28
-29
-12
-3
-1
-14
-35
-26
-28
-61
-63
-20
-43
-69
-35
-54
-53
-71
-77
-41
-58
-56
-48
-37
-44
-46
-45
-46
-40
-51
-31
-8
-24
-49
-37
-28
-19
-20
-14
-18
-34
-10
-24
-47
-29
2
4
-23
-5
2
-40
-26
-8
-19
-6
39
37
-1
26
22
14
12
20
54
43
39
43
64
42
15
69
54
30
54
38
34
69
57
35
59
51
29
29
44
38
28
56
51
56
24
13
40
22
33
38
54
24
0
30
28
17
13
23
16
12
1
-18
15
13
-8
35
21
-17
-16
-14
-15
-3
26
4
1
5
-6
-13
-23
-16
-17
4
-9
-21
-5
-29
-25
-27
-40
-28
-39
-45
-31
-51
-44
-17
-40
-46
-57
-39
-45
-56
-34
-45
-18
-22
-42
-49
-50
-33
-34
-14
-28
-42
-18
-28
-60
-46
-15
-18
-14
-20
-43
-33
-31
-49
-32
-13
-14
5
-22
-26
7
-24
-45
-14
28
5
-6
6
-9
10
5
-6
8
1
11
2
17
39
-6
-6
12
16
27
20
19
21
18
2
28
35
4
17
47
41
21
18
5
31
55
20
27
56
21
13
22
32
37
16
19
45
38
12
15
39
22
0
33
41
15
19
23
29
34
19
28
18
3
16
31
7
-1
40
37
15
23
1
6
5
-10
-6
16
21
17
42
4
-14
-14
-22
-19
-16
21
36
18
8
3
-26
-32
-19
-14
-14
17
32
-16
-24
-27
-18
-15
-42
-12
12
-17
-20
-13
-22
-16
-8
-16
-18
-13
-21
-34
-14
-16
-17
11
-17
-27
-20
-37
-40
-30
-18
-19
-9
8
-11
-43
-36
-36
-32
-26
-21
4
10
-7
-21
-19
-13
-13
-27
-5
2
4
-1
-12
6
-8
-5
-4
-13
-3
-23
-27
7
7
-7
11
23
10
-13
-19
-21
-7
11
21
46
48
11
-6
20
4
-32
4
55
49
34
45
27
-12
-12
-7
-2
28
32
30
46
16
1
-4
-16
6
20
49
24
22
30
-12
24
25
21
22
6
22
18
15
12
18
41
33
12
3
9
-3
-25
7
50
36
-5
3
11
-24
-33
-17
-10
10
16
14
1
-2
-11
-35
-30
-11
-8
-18
9
8
-24
-7
-9
-24
-36
-34
-13
-4
-7
-20
-7
-9
-30
-25
-29
-51
-36
-9
-16
-30
-22
-19
-15
-44
-69
-20
-16
-43
-35
-15
-26
-30
-31
-52
-21
-31
-55
-29
-32
-23
-29
-13
-4
-21
-14
-44
-21
-18
-40
1
1
1
13
-6
-10
-14
-22
-22
-6
14
7
12
13
-4
-5
-3
-6
-1
9
15
16
15
25
20
10
11
15
32
31
27
25
40
52
31
16
29
54
51
42
42
46
47
42
47
52
68
53
42
55
52
45
33
57
76
48
40
63
57
38
44
50
49
43
29
24
39
43
46
36
30
28
-3
6
24
23
27
24
16
10
-20
-20
-12
-7
1
-7
26
-19
-50
-15
-31
-20
-17
-19
-31
-32
-14
-46
-43
-42
-42
-32
-51
-52
-41
-41
-47
-34
-41
-51
-42
-59
-53
-36
-38
-33
-42
-45
-31
-29
-45
-49
-39
-36
-44
-17
-12
-43
-26
-16
-36
-44
-37
-15
-13
-28
-18
-12
-8
-29
-35
-5
3
-6
-10
1
-10
-28
-13
2
10
24
18
3
3
5
-9
-12
19
38
30
32
36
25
5
-5
17
30
36
35
35
25
31
31
0
26
26
21
28
27
44
17
16
35
10
13
13
27
42
10
18
36
10
5
16
10
12
25
25
20
21
3
-1
15
1
6
13
21
22
-5
5
5
-5
-10
-9
12
4
9
-2
-12
-4
-7
-12
-18
-3
8
0
-16
-12
1
-24
-27
-4
-14
-13
3
-15
-20
-22
-28
-32
-15
-5
-23
-19
-24
-28
-29
-48
-34
-7
-19
-29
-23
-27
-38
-31
-36
-31
-16
-34
-31
-15
-11
-28
-22
-19
-42
-41
-35
-14
15
13
-8
-10
-9
-27
-45
-27
5
16
18
0
4
10
-17
-20
-3
7
12
5
3
6
18
16
18
31
0
-12
11
5
8
20
36
40
28
13
-2
10
18
21
28
29
28
34
21
8
22
30
20
23
33
20
12
28
41
28
26
27
22
9
1
25
38
30
33
35
20
10
10
18
34
23
20
31
18
3
11
22
23
22
7
7
5
-4
-2
10
27
24
14
-1
-20
-16
-13
1
20
20
19
-1
-23
-24
-18
-18
-3
12
11
5
-14
-20
-14
-18
-25
-15
2
-8
-10
-14
-21
-13
-15
-27
-18
-15
-23
-15
-20
-19
-2
-13
-23
-10
-24
-29
-13
-17
-13
-16
-16
-12
-11
-9
-19
-1
-14
-34
-15
-23
-17
1
14
4
-11
-13
-26
-22
-13
-7
12
19
2
-7
-8
-15
-20
-13
2
9
3
-9
-8
-4
-12
-9
13
13
2
-2
-8
-5
4
-1
13
29
17
7
3
4
-1
0
17
21
20
20
11
5
7
5
1
7
27
23
14
12
2
3
1
9
14
18
16
1
2
-10
-12
12
3
-1
9
8
-7
-19
-9
-3
4
-2
3
6
-10
-11
-8
-2
0
4
3
0
-4
-23
-7
16
3
0
8
2
-5
-20
-20
9
12
3
8
6
-1
-6
-16
-13
4
0
-9
11
12
-1
-5
-10
-9
-13
-11
-1
13
10
-6
3
0
-6
-7
-14
-5
6
-5
-13
3
1
-12
1
-3
-3
0
-8
-6
-12
-13
-7
3
6
0
-2
-7
-11
-15
-15
5
9
-1
11
2
-2
4
-10
-7
3
8
4
2
17
13
3
6
-2
-5
-9
-6
10
17
20
16
9
-7
-15
-9
-4
14
23
19
6
3
-8
-19
-7
10
20
12
9
10
-10
-8
5
-2
10
19
4
-5
-3
5
9
9
4
5
14
11
-3
2
4
6
7
-6
2
12
12
3
1
11
-3
0
-2
-14
5
2
-5
8
-6
-9
-4
-8
-14
-9
7
1
1
-1
-2
2
-9
-10
-11
-17
-14
2
8
0
-3
-10
-17
-22
-25
-10
-1
-11
-5
-16
-21
-24
-29
-20
-23
-14
-8
-13
-8
-2
2
-11
-4
0
-12
-7
-2
19
28
19
18
7
4
-3
1
10
16
24
19
13
12
6
-7
-6
3
9
3
-2
13
13
3
6
5
8
2
-4
3
5
4
15
17
9
10
5
-1
-5
-6
4
9
8
9
7
1
-6
-5
-3
2
0
-6
2
3
8
9
10
14
5
-1
-7
-4
6
3
11
17
14
8
-5
-6
-4
-2
10
14
10
6
0
1
-1
-5
-7
-7
-1
0
-4
-5
-5
-7
-6
-4
-8
-9
-12
-10
-6
-7
-4
-7
-6
-5
-15
-15
-15
-18
-12
-7
-9
-6
-5
-10
-13
-14
-19
-16
-8
-12
-5
-3
-10
-8
-10
-9
-13
-9
-2
2
3
-1
-1
4
-2
1
4
4
5
-4
-2
1
-3
-1
7
11
3
1
1
1
-3
-8
4
6
2
5
7
2
-3
-1
0
6
6
5
4
4
3
5
10
9
13
10
9
15
10
4
4
11
16
18
16
13
15
4
3
14
16
17
17
14
12
12
9
9
10
11
13
9
2
9
9
4
17
19
11
3
-3
2
0
-2
7
14
10
2
3
-3
-9
-6
-2
6
6
0
-1
-5
-13
-12
-10
-7
-5
-4
-3
-8
-13
-18
-14
-13
-11
-6
-10
-16
-17
-15
-12
-7
-4
-6
-2
-8
-18
-16
-13
-8
-3
2
4
-2
-5
-12
-13
-6
-11
-7
0
-5
-3
-2
-6
-13
-10
-8
-15
-5
-5
-9
0
0
-1
1
0
-3
-5
-7
0
4
2
8
14
9
3
1
-3
-3
-1
1
9
13
7
2
-2
-2
-4
-4
-2
-1
5
4
1
4
7
7
4
4
3
8
5
7
14
14
14
9
8
2
2
4
2
7
8
3
2
2
1
-5
-10
-4
-5
-10
-7
-3
0
-4
-3
-1
-3
-5
-2
0
-1
3
6
5
5
7
9
8
5
3
6
11
8
7
11
6
6
6
2
5
6
4
3
5
2
-2
-2
-3
-3
-5
-4
-2
-5
-7
-8
-9
-11
-15
-10
-8
-9
-8
-9
-10
-14
-17
-13
-13
-15
-10
-5
-10
-8
-4
-7
-9
-7
-9
-6
-5
-6
-4
-2
-1
-1
-1
-4
-2
-6
-7
-4
-4
-2
-1
-1
2
1
-2
-3
-3
-5
-1
2
4
4
6
7
3
1
1
5
4
6
11
7
8
9
6
6
7
6
6
8
4
6
10
7
9
13
9
5
6
6
4
6
10
8
9
9
9
7
6
3
5
7
4
7
7
4
5
3
0
1
-1
-3
-1
-1
0
3
3
1
2
0
-3
-2
-2
-3
0
0
-4
0
0
-2
-1
1
-1
-2
-1
-5
-3
0
0
3
1
-2
-4
-6
-6
-4
-6
-4
-4
-5
-4
-1
-2
-1
-3
-7
-5
-6
-7
-5
-4
-5
-4
-5
-7
-5
-3
-7
-5
-5
-9
-6
-4
-4
-2
-1
-2
-6
-6
-7
-6
-4
-4
-3
1
-1
-1
-3
-3
-4
-5
-5
-4
-3
-2
-1
2
2
-1
-3
-4
-4
-7
-5
-3
-1
3
3
6
4
3
-1
-3
0
0
4
9
9
9
9
6
4
4
2
6
9
10
12
14
11
10
7
4
6
6
10
12
13
14
13
10
9
8
9
10
11
12
14
12
12
11
10
9
9
10
10
10
11
12
11
10
8
7
6
5
6
5
4
5
6
3
3
3
-1
-1
-5
-5
-2
-4
-3
-3
-6
-7
-9
-9
-11
-12
-10
-10
-8
-10
-9
-10
-14
-16
-17
-17
-16
-14
-12
-11
-13
-15
-16
-18
-19
-20
-17
-18
-17
-17
-18
-17
-19
-17
-17
-19
-17
-16
-16
-14
-12
-12
-11
-12
-13
-11
-11
-11
-8
-9
-7
-4
-3
-4
-3
-3
-3
-1
-1
1
5
4
6
6
6
6
6
5
5
7
6
8
10
8
11
11
10
9
11
10
9
12
13
14
14
14
14
11
11
13
14
14
14
16
15
13
12
11
10
10
12
11
11
11
10
11
10
9
11
9
9
8
9
6
7
7
5
6
6
4
5
4
3
2
3
2
1
0
1
2
0
-1
-1
0
0
-1
-2
-2
-2
-4
-4
-3
-4
-4
-5
-6
-8
-8
-7
-7
-8
-6
-8
-11
-10
-8
-8
-7
-9
-10
-9
-10
-9
-7
-8
-9
-7
-9
-9
-7
-9
-9
-7
-6
-7
-7
-7
-4
-5
-6
-6
-5
-5
-5
-4
-4
-4
-5
-4
-3
-2
-1
-2
-1
-2
-1
-1
-1
-3
-2
-2
-1
-3
-1
0
0
2
1
0
1
1
0
2
2
2
3
2
2
2
1
2
4
3
2
2
4
4
2
3
4
4
5
5
6
7
7
7
8
9
9
9
9
9
10
11
11
10
11
10
9
8
7
7
8
9
8
9
9
9
10
9
7
7
7
7
9
9
8
8
8
8
7
6
5
6
5
4
4
4
4
4
4
4
2
-1
0
2
0
0
0
-1
-2
-2
-4
-5
-4
-6
-5
-4
-7
-6
-8
-8
-9
-11
-11
-11
-10
-12
-11
-11
-12
-13
-14
-14
-13
-14
-16
-16
-16
-15
-16
-15
-14
-17
-17
-15
-14
-14
-15
-12
-11
-13
-13
-12
-10
-10
-10
-7
-6
-7
-7
-6
-6
-6
-5
-5
-3
-3
-3
-1
-2
-2
-2
-1
-1
0
1
1
4
4
3
3
4
4
6
7
6
7
6
8
8
10
9
9
9
10
9
10
11
11
10
10
11
10
10
10
10
9
9
10
11
10
10
10
10
10
10
10
10
9
9
9
8
8
8
8
7
9
8
9
8
6
7
7
4
4
5
5
5
4
2
3
2
1
2
2
1
2
0
-1
0
-2
-3
-2
-2
-3
-2
-3
-2
-3
-2
-3
-4
-5
-4
-5
-4
-5
-5
-6
-6
-7
-7
-7
-8
-9
-9
-10
-9
-9
-10
-11
-10
-10
-10
-10
-9
-8
-10
-8
-8
-9
-8
-8
-7
-6
-6
-5
-4
-5
-5
-4
-4
-6
-6
-7
-6
-7
-6
-7
-6
-7
-7
-6
-6
-4
-4
-3
-3
-2
-1
-1
1
0
1
1
1
2
4
3
1
2
2
3
4
2
2
2
2
2
2
2
2
2
2
3
4
4
4
6
6
8
7
6
8
8
8
8
8
9
8
9
9
9
7
7
7
8
6
6
5
5
5
5
4
4
3
3
3
4
4
4
2
