4
1
1
1
2
3
3
3
1
-1
-4
-4
-4
-3
-4
-3
-2
-1
-4
-3
-3
-3
-2
-1
-1
-3
-4
-5
-5
-5
-6
-7
-6
-7
-6
-7
-7
-6
-6
-6
-6
-7
-10
-10
-10
-10
-8
-6
-6
-7
-8
-7
-6
-7
-8
-7
-5
-5
-6
-7
-7
-8
-8
-7
-4
-4
-3
-3
-3
-4
-5
-6
-6
-5
-2
1
2
-1
-1
-2
-3
-4
-4
-6
-5
-6
-9
-11
-14
-13
-11
-9
-8
-6
-5
-3
-2
-1
-3
-3
0
0
2
4
6
7
7
8
7
5
3
-1
-2
-1
1
2
4
5
4
2
1
-3
-8
-7
0
6
7
8
12
16
17
20
26
29
31
33
34
37
39
42
45
45
48
49
49
47
42
37
32
26
22
19
17
13
9
4
0
-2
-5
-8
-7
-6
-6
-6
-5
-4
-1
-1
1
8
10
11
10
8
11
7
8
12
12
15
13
14
11
5
0
-1
0
-2
-5
-7
-11
-16
-24
-30
-38
-41
-49
-63
-77
-92
-99
-116
-138
-162
-169
-156
-138
-130
-131
-109
-72
-22
-6
13
56
119
171
182
189
199
235
256
249
216
180
169
163
138
88
37
5
-17
-43
-74
-100
-119
-144
-160
-166
-153
-154
-167
-176
-163
-131
-109
-102
-107
-93
-56
-8
16
7
-5
15
57
86
87
82
88
99
107
108
108
94
70
49
49
51
34
0
-37
-54
-44
-27
-29
-54
-70
-48
-7
18
21
28
54
99
142
170
183
191
208
224
233
232
216
190
157
135
118
95
57
9
-27
-49
-62
-94
-141
-183
-200
-194
-193
-213
-235
-237
-220
-200
-188
-185
-179
-161
-138
-115
-103
-93
-101
-101
-87
-74
-74
-99
-128
-150
-165
-170
-171
-171
-170
-176
-135
-75
-9
4
27
100
193
269
270
273
276
317
340
327
279
216
193
183
162
91
8
-41
-57
-70
-100
-137
-153
-176
-193
-202
-181
-165
-186
-193
-168
-111
-92
-93
-109
-110
-85
-37
9
-1
-24
-14
38
76
65
52
59
75
91
102
112
89
60
50
60
67
50
20
-15
-32
-21
-7
-19
-60
-84
-61
-13
17
2
-5
21
86
151
176
178
183
218
263
286
292
285
279
275
272
263
238
200
149
112
89
75
33
-32
-90
-123
-125
-136
-163
-201
-216
-193
-166
-158
-169
-169
-149
-113
-70
-45
-30
-33
-19
7
23
23
-1
-18
-49
-73
-94
-136
-202
-273
-304
-305
-319
-334
-340
-318
-279
-211
-121
-76
-32
34
160
254
286
302
323
379
403
407
364
316
284
255
227
159
89
28
-14
-39
-82
-129
-175
-202
-217
-234
-225
-227
-234
-261
-249
-199
-172
-171
-188
-168
-144
-107
-80
-82
-97
-95
-43
4
14
7
23
63
95
125
159
171
162
164
190
203
184
147
109
77
59
60
40
-14
-51
-37
10
28
26
36
77
133
189
239
262
285
323
369
392
391
383
371
342
302
265
226
170
101
40
2
-27
-69
-120
-164
-181
-176
-173
-179
-187
-188
-173
-147
-135
-142
-149
-133
-114
-114
-117
-109
-102
-105
-98
-85
-91
-111
-134
-148
-165
-192
-224
-278
-323
-336
-320
-308
-335
-343
-312
-220
-138
-107
-68
13
154
243
270
279
322
396
421
407
343
300
275
251
196
98
19
-35
-69
-124
-196
-241
-274
-290
-317
-336
-324
-309
-299
-312
-292
-245
-204
-197
-211
-192
-155
-116
-103
-112
-127
-106
-49
-12
-15
-21
23
91
128
148
163
195
208
216
225
217
192
153
128
98
73
65
48
7
-26
-6
51
86
92
107
168
255
323
361
381
414
463
506
519
488
449
425
401
357
286
216
147
80
16
-37
-84
-136
-191
-227
-227
-218
-219
-240
-258
-244
-210
-171
-163
-181
-180
-154
-115
-105
-121
-137
-133
-112
-99
-104
-115
-120
-116
-112
-127
-147
-189
-208
-204
-160
-153
-201
-207
-153
-78
-83
-74
0
100
151
141
156
203
268
305
286
250
223
244
260
218
128
38
26
27
-10
-110
-197
-225
-237
-260
-297
-304
-311
-326
-329
-300
-262
-249
-256
-248
-225
-189
-153
-145
-182
-211
-180
-122
-108
-146
-159
-125
-69
-27
-3
14
30
78
149
191
192
189
193
193
189
197
189
151
118
114
128
129
120
121
143
191
256
325
351
360
394
468
531
537
519
504
501
484
453
399
327
247
183
133
69
-12
-96
-152
-191
-211
-211
-208
-218
-228
-204
-150
-112
-112
-134
-126
-89
-55
-67
-116
-173
-203
-197
-210
-274
-344
-388
-399
-422
-456
-480
-466
-383
-334
-295
-263
-132
0
55
86
177
406
523
524
451
476
602
677
647
489
389
377
409
360
169
-22
-131
-120
-125
-254
-420
-526
-503
-501
-532
-569
-576
-559
-551
-484
-405
-342
-345
-337
-288
-207
-117
-73
-98
-149
-122
-16
59
23
-52
-58
16
91
112
79
27
30
95
161
159
101
73
83
115
124
100
49
-10
-14
23
63
56
31
19
63
171
277
334
324
345
444
577
646
607
569
577
621
620
549
435
310
224
155
81
-42
-175
-282
-354
-386
-412
-422
-456
-488
-452
-346
-233
-207
-219
-200
-114
-16
28
10
-54
-72
-44
-13
-62
-167
-239
-261
-274
-329
-376
-353
-303
-283
-271
-191
-17
85
85
84
255
493
583
519
405
464
618
712
602
386
279
313
394
316
101
-99
-158
-86
-75
-206
-385
-442
-390
-367
-392
-442
-454
-478
-471
-399
-313
-280
-321
-322
-272
-172
-77
-47
-110
-180
-127
15
79
-10
-125
-119
-18
68
56
-34
-107
-90
0
64
37
-41
-70
-29
46
112
131
91
61
108
217
308
309
250
215
298
436
510
451
353
368
483
594
568
470
404
428
485
469
377
235
133
80
29
-69
-213
-346
-454
-516
-545
-547
-564
-618
-641
-580
-433
-316
-282
-278
-207
-60
82
136
91
23
29
92
102
-14
-188
-302
-265
-144
-144
-259
-340
-175
87
197
133
166
431
658
728
638
622
717
804
768
582
402
308
299
203
-13
-236
-354
-335
-346
-466
-598
-614
-508
-475
-506
-516
-421
-321
-320
-320
-264
-169
-153
-178
-205
-201
-156
-116
-116
-190
-230
-152
-45
-37
-110
-132
-66
14
38
-1
-40
-56
-35
-27
-63
-125
-179
-191
-172
-136
-109
-95
-59
8
101
203
313
405
452
508
613
736
766
710
675
706
724
656
550
460
391
317
242
143
32
-63
-117
-166
-251
-328
-370
-403
-471
-533
-536
-508
-514
-572
-589
-522
-431
-391
-393
-372
-304
-186
-92
-46
-59
-50
33
105
91
8
77
208
243
155
158
343
437
356
269
444
668
712
580
444
531
683
759
614
386
281
321
414
307
51
-214
-266
-134
-157
-389
-654
-650
-547
-538
-602
-634
-579
-586
-525
-388
-248
-215
-222
-140
-57
28
100
166
117
-9
-2
138
206
54
-132
-164
-77
-23
-88
-199
-287
-297
-233
-162
-182
-285
-338
-274
-138
-63
-73
-86
-28
69
185
303
377
377
355
444
634
740
653
544
569
673
711
638
514
387
305
283
248
104
-115
-257
-308
-370
-499
-620
-685
-749
-809
-803
-706
-663
-690
-709
-625
-460
-345
-328
-356
-336
-241
-115
-62
-138
-255
-284
-156
74
170
105
48
228
598
811
735
619
819
1157
1310
1124
851
826
948
971
740
436
227
153
151
39
-178
-434
-500
-384
-358
-493
-630
-553
-469
-498
-563
-484
-328
-359
-436
-408
-245
-146
-137
-149
-127
-25
108
256
260
150
128
292
457
417
259
173
229
267
191
54
-83
-198
-287
-318
-339
-417
-543
-583
-513
-423
-336
-249
-181
-145
-12
244
475
496
410
482
707
858
797
674
603
602
614
569
446
257
122
66
10
-119
-271
-374
-464
-562
-648
-655
-670
-765
-905
-955
-866
-791
-836
-959
-980
-885
-790
-762
-781
-791
-742
-607
-473
-452
-397
-145
160
299
322
587
999
1149
1005
1040
1408
1670
1531
1157
1012
1113
1171
993
627
303
125
164
191
3
-381
-642
-483
-276
-348
-640
-725
-579
-497
-548
-563
-425
-440
-526
-476
-248
-91
-115
-108
-31
101
220
409
522
401
245
330
594
637
380
122
127
236
219
108
-35
-176
-279
-240
-121
-112
-265
-376
-296
-151
-51
-14
-15
-65
-31
183
446
510
363
321
526
778
844
753
660
671
726
755
708
530
302
144
71
-32
-233
-481
-682
-836
-953
-1001
-997
-1039
-1158
-1202
-1071
-858
-754
-811
-856
-766
-586
-450
-449
-555
-653
-637
-548
-391
-253
-231
-240
-139
254
681
768
614
699
1175
1612
1603
1237
1062
1200
1367
1249
910
551
306
263
239
107
-275
-606
-620
-504
-544
-755
-840
-782
-750
-835
-760
-497
-371
-475
-532
-250
120
294
248
250
370
539
767
868
717
418
339
524
605
336
-36
-166
-156
-174
-252
-330
-459
-605
-592
-402
-246
-280
-366
-334
-201
-33
122
179
113
55
210
512
648
539
460
588
804
912
884
841
791
748
741
730
591
351
139
-27
-190
-380
-530
-695
-928
-1138
-1159
-1059
-1058
-1203
-1316
-1215
-1008
-873
-858
-872
-830
-730
-582
-474
-489
-651
-584
-135
245
285
76
306
928
1208
972
802
1147
1571
1525
1013
701
758
882
742
389
7
-191
-73
40
-48
-466
-703
-487
-243
-346
-683
-778
-590
-529
-776
-903
-714
-488
-513
-615
-474
-112
220
354
409
445
612
968
1207
1045
657
534
749
816
466
87
12
59
-35
-199
-252
-275
-393
-473
-419
-373
-403
-431
-430
-510
-570
-419
-121
-37
-195
-164
225
658
792
746
807
1037
1228
1290
1213
1040
862
730
630
437
163
-88
-288
-513
-709
-763
-717
-793
-1032
-1190
-1066
-826
-787
-991
-1137
-1034
-816
-716
-798
-883
-835
-692
-541
-518
-528
-221
243
589
540
515
1057
1583
1547
1111
1102
1626
1877
1407
737
538
716
763
530
124
-272
-367
-231
-53
-301
-814
-962
-757
-654
-991
-1351
-1266
-1087
-1256
-1475
-1278
-756
-497
-546
-432
20
537
861
1017
980
870
966
1228
1251
789
277
243
408
302
8
-93
26
23
-62
-8
107
64
-108
-234
-294
-382
-442
-427
-509
-702
-703
-343
31
144
152
374
773
1029
1117
1181
1222
1146
977
830
730
543
300
60
-166
-285
-285
-282
-459
-732
-848
-727
-658
-840
-1112
-1277
-1281
-1258
-1284
-1335
-1349
-1302
-1189
-1024
-834
-589
-389
-279
-286
-59
554
1116
1243
905
974
1560
1953
1733
1258
1316
1688
1723
1296
866
794
857
765
560
263
33
-70
-83
-175
-555
-912
-976
-890
-1062
-1494
-1638
-1375
-1233
-1362
-1432
-1046
-509
-323
-246
16
434
707
816
929
940
817
770
850
797
464
187
231
323
196
7
30
97
-32
-176
-223
-250
-401
-613
-662
-679
-705
-657
-559
-441
-313
-48
324
547
644
820
1072
1233
1173
1112
1184
1215
1092
861
709
626
525
386
125
-144
-303
-365
-503
-875
-1225
-1313
-1279
-1410
-1688
-1811
-1712
-1605
-1595
-1584
-1457
-1257
-1065
-935
-860
-776
-606
-443
-450
-291
159
746
971
859
1171
1657
1863
1629
1518
1913
2111
1762
1192
986
1125
1120
908
619
351
187
161
226
42
-455
-853
-894
-852
-1127
-1544
-1561
-1341
-1332
-1443
-1228
-564
-143
-110
-32
342
787
929
914
858
701
562
614
716
567
233
145
306
354
202
107
169
90
-174
-384
-447
-501
-669
-815
-878
-852
-660
-395
-189
-94
87
425
708
803
844
969
1066
1033
947
972
1063
1056
931
784
724
717
641
423
115
-177
-370
-530
-780
-1081
-1326
-1426
-1477
-1584
-1635
-1584
-1499
-1481
-1504
-1422
-1237
-1088
-1050
-1058
-1054
-958
-842
-666
-226
272
662
737
922
1491
1761
1491
984
1092
1632
1643
1075
488
540
906
1040
929
692
545
497
466
351
63
-297
-584
-816
-1030
-1209
-1196
-965
-898
-1040
-1067
-576
130
315
36
-133
206
604
592
396
332
444
523
558
599
598
585
556
435
168
-77
-98
-135
-488
-916
-1026
-803
-677
-785
-788
-582
-264
-68
17
137
289
563
754
736
646
734
1069
1277
1170
991
1076
1351
1397
1075
714
602
591
342
-104
-423
-554
-687
-975
-1265
-1381
-1387
-1373
-1456
-1596
-1600
-1408
-1159
-1129
-1269
-1254
-969
-707
-718
-834
-745
-570
-400
12
608
1053
899
781
1202
1522
1254
617
727
1310
1300
753
329
632
967
880
749
608
440
130
-66
-84
-335
-740
-927
-897
-870
-952
-795
-356
-261
-474
-526
-41
463
341
-15
-28
338
518
393
373
581
739
676
587
603
595
496
304
25
-276
-420
-366
-446
-798
-1047
-931
-664
-665
-832
-755
-455
-158
-116
-101
74
398
739
832
785
831
1105
1390
1409
1231
1127
1188
1239
1116
851
615
455
278
-24
-403
-631
-718
-888
-1226
-1491
-1449
-1284
-1299
-1483
-1558
-1458
-1287
-1201
-1198
-1231
-1237
-1049
-748
-578
-575
-602
-358
270
893
1242
1068
903
1171
1338
1042
386
435
1186
1449
970
401
705
1365
1359
911
472
289
35
-402
-599
-733
-940
-1043
-990
-817
-839
-739
-316
-199
-524
-874
-525
134
166
-160
-137
442
900
868
817
959
1050
895
597
356
185
100
60
-173
-502
-534
-220
-97
-474
-844
-778
-589
-781
-1094
-1015
-655
-416
-408
-279
79
478
741
770
729
807
1061
1321
1389
1382
1469
1565
1490
1277
1108
970
665
150
-369
-639
-679
-716
-920
-1230
-1356
-1249
-1152
-1307
-1665
-1891
-1958
-1985
-2005
-1885
-1606
-1409
-1310
-1139
-779
-476
-55
524
1016
1078
780
1027
1436
1337
731
520
1350
2061
1916
1371
1170
1455
1489
1125
757
436
205
-178
-502
-492
-376
-260
-455
-766
-838
-769
-548
-574
-912
-1168
-1071
-437
-4
-38
-47
291
776
778
547
707
1018
958
547
360
663
841
679
372
174
140
31
-170
-497
-765
-762
-699
-795
-981
-871
-492
-347
-539
-734
-557
-209
-50
-39
35
333
777
1091
1272
1395
1561
1722
1610
1386
1215
1166
1105
789
401
189
165
92
-293
-765
-1041
-1189
-1356
-1616
-1801
-1864
-1961
-2033
-2044
-1971
-1869
-1806
-1754
-1745
-1803
-1564
-773
127
572
364
402
918
1167
825
457
969
1736
1809
1374
1245
1637
1893
1555
1120
868
709
482
54
-147
-202
-235
-367
-693
-817
-754
-670
-721
-1035
-1208
-1064
-669
-344
-379
-432
-169
235
338
158
207
639
906
854
799
1025
1297
1215
968
745
634
517
286
15
-192
-189
-117
-240
-497
-584
-461
-465
-726
-904
-762
-558
-478
-455
-234
72
210
274
375
637
843
857
879
1031
1257
1379
1335
1238
1076
866
703
535
248
-117
-361
-414
-572
-887
-1114
-1211
-1369
-1767
-2063
-2059
-1954
-2008
-2163
-2207
-1867
-1205
-549
-240
-377
-269
88
331
132
85
812
1647
1862
1375
1083
1284
1569
1508
1234
1080
1039
1010
924
907
842
568
37
-614
-1070
-1230
-1093
-951
-1137
-1358
-1250
-743
-447
-665
-969
-975
-772
-712
-622
-320
89
306
402
526
647
729
763
763
612
493
618
854
899
700
571
546
398
132
-86
-58
56
90
27
-89
-106
-32
-7
-165
-424
-577
-502
-278
31
273
398
473
567
702
680
568
525
587
677
664
715
827
787
528
100
-235
-423
-589
-718
-890
-1054
-1159
-1203
-1211
-1359
-1598
-1784
-1923
-1927
-1613
-1045
-506
-333
-253
-41
64
27
140
724
1221
1216
1074
1169
1286
1091
1033
1446
1758
1376
814
908
1405
1348
686
199
141
-15
-518
-853
-661
-438
-596
-887
-851
-611
-659
-877
-950
-850
-864
-976
-820
-476
-277
-260
-157
82
188
127
97
206
352
409
386
293
234
256
275
216
206
348
441
321
177
205
201
5
-170
-101
28
-10
-1
244
461
382
176
112
178
209
207
219
200
227
359
514
565
520
468
343
88
-104
-70
27
-9
-153
-233
-289
-419
-570
-729
-914
-1133
-1241
-1224
-1240
-1327
-1309
-1152
-932
-718
-515
-292
-167
-33
-6
-122
-179
88
704
1039
983
900
968
939
588
503
953
1358
1200
789
780
933
630
74
-70
195
257
-14
-112
88
73
-237
-395
-242
-250
-654
-906
-696
-376
-334
-335
-49
181
-10
-312
-256
-7
-34
-267
-238
26
95
-56
-90
54
53
-181
-331
-279
-217
-237
-221
-114
-80
-151
-171
-127
-99
-130
-124
-6
134
270
353
368
327
233
140
135
258
421
463
372
318
319
363
286
151
126
182
223
124
53
29
57
39
-72
-114
-87
-106
-229
-386
-404
-297
-285
-343
-364
-235
-151
-183
-222
-241
-194
-197
-182
-90
-21
52
95
88
98
69
71
48
7
25
30
15
-27
-24
10
-22
-29
105
245
236
78
35
125
96
-34
-80
49
116
21
5
155
248
128
3
77
216
235
212
291
379
316
178
176
238
173
36
-28
-22
-117
-252
-226
-82
-52
-187
-274
-213
-184
-276
-365
-327
-263
-292
-317
-234
-109
-60
-66
-53
-33
-37
3
61
35
-91
-154
-52
27
-40
-98
5
126
80
-15
74
238
225
75
5
61
89
49
63
152
189
153
133
179
213
192
174
147
110
69
88
129
62
-29
-57
7
56
14
-2
28
-3
-117
-216
-202
-171
-252
-359
-411
-356
-277
-235
-204
-223
-248
-223
-129
-30
-11
4
67
133
140
73
44
78
77
58
64
144
230
263
308
355
355
303
260
252
222
140
44
-59
-125
-124
-68
-3
0
7
10
-9
-45
-81
-93
-158
-243
-261
-200
-85
1
42
43
-5
-29
-32
-20
1
19
9
-90
-173
-153
-87
-77
-137
-136
-64
-35
-66
-66
15
52
-43
-159
-163
-73
1
14
19
63
136
241
334
332
266
235
267
278
221
207
240
235
155
93
165
243
195
59
-24
-9
1
-39
-84
-115
-156
-238
-309
-342
-388
-446
-468
-427
-361
-281
-167
-68
-51
-79
-63
18
66
40
23
65
133
164
161
167
200
248
298
301
246
179
121
78
26
-13
-44
-70
-59
-31
-25
-77
-124
-127
-163
-228
-228
-124
-64
-163
-238
-131
7
-18
-127
-96
24
21
-48
31
202
223
45
-75
-22
29
-38
-139
-135
-94
-110
-123
-64
7
-4
-71
-112
-133
-157
-146
-90
-31
-44
-59
23
135
157
134
169
248
277
249
260
330
380
348
274
241
249
258
250
206
139
106
111
82
52
40
16
-53
-120
-155
-188
-246
-338
-350
-267
-191
-169
-136
-114
-133
-139
-135
-136
-123
-42
80
163
173
182
227
250
197
158
214
284
303
281
264
235
161
97
51
-24
-91
-110
-78
-83
-136
-120
-41
-13
-109
-204
-144
-27
-22
-115
-165
-108
-46
-54
-74
-63
-41
-45
-62
-59
-68
-81
-94
-119
-148
-156
-120
-127
-200
-268
-274
-212
-183
-237
-283
-272
-263
-245
-196
-156
-156
-152
-88
-23
17
68
135
187
176
168
224
293
302
265
324
415
406
388
400
384
341
268
223
211
174
129
97
75
30
-36
-117
-163
-180
-241
-241
-191
-201
-201
-175
-167
-145
-129
-132
-122
-107
-88
-41
37
80
114
130
115
123
88
33
16
36
74
102
104
98
68
-3
-71
-92
-81
-91
-110
-111
-96
-97
-131
-113
-85
-106
-117
-60
44
56
-29
-44
40
75
-4
-59
-20
39
28
-2
23
38
-20
-106
-126
-104
-98
-119
-142
-140
-129
-145
-181
-213
-228
-220
-239
-238
-181
-146
-150
-166
-141
-87
-17
29
39
105
171
188
185
174
195
221
235
283
349
374
344
317
344
329
261
244
276
269
207
205
234
180
55
-32
-16
58
64
-3
40
54
-50
-76
-47
-82
-103
-11
11
74
177
49
17
61
-24
-23
27
-4
-68
-71
-111
-163
-147
-163
-129
-67
-122
-149
-84
-108
-203
-259
-186
-92
-112
-144
-133
-77
-71
-110
-89
-19
22
-3
-15
46
65
12
-33
-20
47
67
44
27
15
-9
-28
-22
7
-11
-90
-104
-28
36
44
-4
-81
-107
-97
-113
-111
-90
-75
-119
-165
-107
-50
-16
-10
11
64
40
12
37
81
89
29
25
108
159
119
162
334
345
250
249
259
214
97
3
25
80
126
166
253
297
238
170
154
185
197
139
35
26
1
-18
-43
-74
68
160
101
51
77
133
25
-112
-109
-145
-110
-95
-163
-211
-220
-200
-261
-213
-184
-261
-281
-251
-254
-304
-278
-312
-378
-331
-261
-277
-343
-343
-326
-341
-346
-325
-173
-5
-48
-95
-58
-37
-95
-135
4
109
127
98
126
273
303
205
157
210
303
337
335
342
278
188
145
122
130
113
88
137
194
219
177
130
67
-66
-167
-201
-159
-106
-125
-114
-22
80
112
31
-20
-2
54
72
17
8
0
-60
-101
-27
100
143
157
232
326
368
307
193
119
67
68
137
214
205
141
119
103
114
142
176
173
154
183
233
181
33
-67
-163
-137
-66
-26
-82
-53
-9
-171
-155
-175
-216
-264
-317
-259
-247
-301
-405
-449
-498
-551
-591
-611
-652
-642
-640
-650
-593
-516
-370
-377
-463
-438
-399
-450
-521
-458
-180
136
270
265
259
302
273
244
361
540
643
602
580
726
777
636
457
426
555
600
559
569
567
405
174
36
26
-29
-173
-206
-60
69
-9
-92
-98
-130
-194
-292
-236
-134
-191
-240
-168
13
82
-52
-83
14
80
80
87
177
203
135
99
149
227
206
109
117
225
310
320
246
220
230
228
272
320
327
261
204
228
230
219
140
65
93
120
167
142
65
-37
-124
-148
-115
-101
-221
-340
-343
-327
-403
-432
-475
-536
-549
-536
-517
-620
-733
-762
-757
-756
-732
-747
-815
-920
-865
-554
-295
-231
-357
-317
-108
-38
-130
-123
288
665
676
552
610
750
646
522
707
1048
1114
927
942
1083
913
446
152
263
378
264
210
315
280
-32
-321
-310
-239
-399
-592
-474
-135
-51
-245
-401
-413
-391
-485
-453
-197
-51
-112
-181
-28
99
-12
-157
-214
-98
25
78
160
205
175
133
178
244
237
185
168
227
313
398
384
331
309
256
214
195
209
217
192
191
213
200
124
21
-41
-43
-51
-37
-43
-172
-303
-354
-350
-374
-459
-468
-467
-444
-408
-488
-571
-697
-836
-879
-847
-806
-812
-863
-906
-893
-864
-650
-327
-131
-241
-352
-147
4
-33
-123
259
902
1135
1017
842
935
902
649
691
1054
1374
1198
965
1102
1136
702
53
-93
190
259
84
74
205
35
-424
-630
-463
-481
-751
-793
-354
4
-137
-359
-403
-384
-521
-570
-268
23
57
-31
74
319
286
69
-78
-31
136
234
310
380
437
410
354
388
428
380
248
197
299
424
442
355
286
227
138
128
174
165
115
119
203
225
88
-105
-244
-264
-195
-133
-103
-165
-313
-430
-464
-475
-552
-668
-712
-689
-659
-682
-751
-865
-1045
-1143
-1050
-946
-984
-1166
-1151
-708
-203
-30
-335
-399
-94
71
-191
-369
420
1265
1463
1186
1114
1328
1028
582
691
1328
1579
1189
1094
1405
1410
681
-93
-81
171
51
-215
-76
166
-131
-695
-825
-588
-721
-1158
-1126
-469
-58
-237
-487
-405
-313
-522
-568
-263
43
68
37
242
501
508
260
43
68
271
472
502
458
478
514
477
393
337
243
54
-19
210
531
594
354
163
156
190
133
54
109
196
250
271
305
258
31
-218
-276
-110
3
-72
-202
-301
-354
-488
-713
-859
-914
-929
-946
-920
-901
-1074
-1323
-1417
-1355
-1300
-1467
-1436
-898
-292
-188
-567
-510
-143
-96
-444
-322
783
1583
1599
1237
1268
1428
1046
740
960
1550
1637
1296
1318
1613
1490
595
-155
-92
196
58
-262
-151
36
-279
-733
-738
-559
-843
-1266
-989
-265
-12
-266
-410
-238
-217
-345
-218
55
167
96
223
544
681
549
289
95
58
187
298
213
124
208
330
283
122
-16
-180
-357
-299
48
334
313
158
149
243
266
202
170
222
322
473
640
679
501
231
47
82
174
136
-2
-193
-323
-392
-466
-645
-939
-1195
-1280
-1221
-1187
-1273
-1393
-1535
-1593
-1633
-1588
-1199
-714
-447
-628
-609
-214
-30
-361
-584
287
1345
1673
1302
1140
1318
1105
809
898
1406
1490
1163
1120
1388
1381
606
-190
-338
-65
-28
-290
-329
-251
-411
-779
-834
-598
-687
-1021
-952
-302
164
46
-165
-8
202
194
211
369
509
451
460
664
897
893
614
304
152
243
262
67
-110
-41
110
66
-52
-165
-324
-586
-620
-272
71
107
-38
71
349
454
310
210
345
520
694
844
948
849
517
271
278
386
303
21
-192
-233
-251
-472
-813
-1083
-1246
-1359
-1408
-1388
-1432
-1577
-1752
-1741
-1722
-1533
-1068
-538
-400
-648
-407
49
69
-487
-284
993
1890
1758
1193
1282
1366
999
728
1069
1525
1216
835
977
1314
888
-194
-765
-576
-275
-458
-631
-526
-512
-772
-984
-802
-759
-1027
-1123
-586
142
364
200
115
274
378
443
530
613
628
671
854
1040
1100
859
443
113
114
244
153
-89
-247
-190
-158
-185
-309
-534
-780
-856
-546
-191
-70
-186
-199
6
251
383
317
286
389
643
887
983
881
657
507
456
482
409
204
-54
-231
-296
-403
-615
-901
-1138
-1246
-1267
-1275
-1388
-1580
-1742
-1722
-1580
-1598
-1442
-832
-137
-68
-371
-142
327
174
-447
-1
1401
2170
1785
1306
1510
1467
923
621
1033
1328
978
745
1005
1221
544
-509
-951
-729
-575
-836
-909
-709
-602
-805
-876
-628
-692
-1070
-1127
-442
272
418
305
375
610
647
657
724
735
668
677
901
1156
1227
941
413
21
14
105
-101
-412
-423
-199
-136
-219
-316
-474
-797
-966
-626
-103
123
9
26
301
556
525
307
238
408
711
901
961
925
759
486
248
240
247
27
-316
-440
-339
-394
-731
-1071
-1214
-1301
-1398
-1418
-1358
-1428
-1588
-1596
-1386
-1408
-1502
-1015
-122
306
-65
-56
534
688
0
-139
1035
2001
1896
1383
1514
1594
1034
543
744
1149
901
531
553
840
601
-284
-977
-1027
-775
-899
-1097
-964
-644
-663
-925
-781
-546
-679
-951
-594
187
521
400
400
751
859
722
674
756
750
620
709
911
1042
869
480
93
-92
-56
-206
-501
-626
-407
-253
-371
-449
-421
-517
-815
-749
-248
130
83
-22
290
696
776
550
414
552
784
915
886
842
792
640
379
232
263
136
-268
-612
-572
-470
-689
-1065
-1225
-1168
-1214
-1330
-1360
-1335
-1446
-1563
-1449
-1252
-1249
-1381
-936
-14
544
331
115
505
742
302
-27
752
1817
2050
1626
1444
1511
1166
575
351
687
890
647
362
507
646
-40
-1081
-1412
-944
-812
-1181
-1137
-588
-429
-884
-908
-470
-481
-913
-724
195
668
523
502
861
971
736
732
882
815
594
651
896
947
772
495
160
-147
-232
-261
-453
-656
-655
-533
-484
-429
-351
-452
-727
-705
-272
-7
-117
-119
348
806
833
665
680
730
592
558
770
1023
951
664
531
539
389
-114
-578
-693
-591
-623
-764
-799
-892
-1167
-1430
-1378
-1227
-1290
-1466
-1420
-1155
-1007
-1018
-1008
-1003
-944
-399
483
917
528
244
731
1132
673
191
834
1831
2002
1561
1441
1488
980
336
393
898
824
238
33
407
475
-245
-987
-1070
-849
-903
-996
-811
-617
-783
-935
-576
-152
-230
-571
-451
108
482
520
555
751
826
792
808
847
748
472
308
397
661
728
450
41
-209
-249
-427
-702
-852
-775
-657
-534
-301
-178
-341
-663
-692
-438
-149
78
280
492
678
906
976
753
451
470
796
1006
992
899
786
495
155
-47
-175
-384
-645
-675
-558
-572
-840
-1149
-1307
-1395
-1415
-1344
-1192
-1179
-1270
-1140
-876
-780
-915
-917
-725
-549
-190
429
836
648
472
826
1033
527
126
725
1588
1693
1359
1336
1336
849
351
404
633
402
25
106
494
517
-37
-611
-770
-711
-840
-987
-808
-481
-421
-497
-244
82
-94
-569
-520
124
562
526
480
703
871
791
659
567
461
304
254
367
538
533
184
-276
-485
-400
-449
-755
-929
-763
-524
-510
-505
-378
-362
-537
-572
-267
48
140
152
320
636
925
1009
830
621
669
874
898
775
701
625
399
174
139
20
-393
-752
-685
-491
-623
-968
-1158
-1159
-1223
-1272
-1142
-1025
-1102
-1148
-881
-557
-519
-654
-636
-448
-331
-273
-150
118
436
634
693
712
748
605
295
193
563
1091
1232
1017
828
764
597
309
175
230
225
134
238
502
496
42
-437
-533
-437
-442
-485
-366
-201
-132
-35
156
189
-97
-333
-190
171
384
418
470
553
584
536
450
283
28
-180
-219
-82
85
93
-106
-327
-368
-334
-491
-790
-884
-667
-415
-303
-198
-37
-11
-205
-306
-102
156
213
226
522
941
1041
762
483
453
475
416
398
483
470
284
153
136
31
-295
-610
-719
-696
-662
-665
-698
-784
-810
-729
-654
-664
-676
-552
-403
-296
-180
-34
-8
-116
-99
63
165
64
-52
-14
70
147
268
421
404
237
151
157
98
-72
-134
39
341
562
586
465
300
213
209
247
312
359
390
463
613
673
501
201
6
5
64
125
178
208
187
149
146
104
-41
-223
-278
-203
-126
-106
-148
-218
-326
-411
-384
-352
-450
-595
-524
-245
-53
-89
-195
-183
-146
-200
-249
-163
-30
34
89
234
403
384
211
130
199
273
236
166
178
231
228
173
126
64
-69
-216
-247
-178
-177
-281
-336
-236
-135
-177
-285
-334
-289
-207
-69
68
103
73
67
127
188
189
62
17
154
245
212
95
0
-79
-124
-134
-131
-125
-191
-321
-372
-336
-342
-426
-503
-415
-264
-171
-106
-8
52
-22
-48
84
245
318
366
483
614
639
627
651
617
505
437
533
650
607
489
418
361
195
15
-44
-105
-209
-264
-220
-212
-328
-433
-464
-465
-482
-442
-349
-305
-287
-261
-213
-201
-195
-150
-128
-109
-50
45
54
-14
-22
40
77
21
-5
41
9
-107
-186
-152
-140
-207
-213
-134
-116
-235
-325
-272
-214
-284
-324
-227
-122
-82
-29
94
190
230
296
386
453
429
401
525
594
551
530
539
462
323
291
279
241
130
-44
-51
52
-58
-302
-356
-295
-353
-418
-358
-242
-194
-283
-316
-154
-31
-63
-51
29
173
248
189
213
261
195
183
235
255
294
286
192
149
218
145
-7
-68
-124
-187
-215
-204
-218
-279
-372
-374
-265
-233
-319
-302
-186
-146
-161
-90
28
29
-62
-63
60
110
34
-5
49
57
-11
-27
19
-18
-133
-169
-92
-58
-158
-243
-239
-238
-262
-266
-203
-166
-214
-256
-213
-153
-185
-219
-163
-87
-21
36
48
82
106
135
187
235
278
287
339
369
383
388
327
271
213
206
290
273
218
204
179
105
-17
-59
-73
-73
-71
3
135
229
153
72
139
90
87
170
197
333
396
314
417
395
211
193
246
204
224
357
267
242
275
153
70
-16
-135
-152
-120
-118
-90
-118
-158
-220
-307
-334
-257
-219
-295
-254
-140
-65
-43
-134
-219
-126
-114
-179
-132
-127
-151
-156
-200
-216
-211
-263
-349
-461
-410
-297
-287
-390
-441
-315
-284
-351
-414
-351
-215
-225
-246
-76
43
-46
-187
-146
20
-11
-60
49
195
210
196
249
240
174
89
85
210
295
218
219
257
222
160
74
66
7
-4
31
73
77
0
-76
-154
-89
-48
-52
-15
25
84
117
135
145
98
88
45
112
288
215
168
260
345
247
224
300
193
181
265
266
282
194
96
150
160
168
126
80
8
110
123
-47
52
46
-47
-37
31
40
-2
-89
-62
66
90
62
-31
-39
-13
-98
-198
-63
-21
-312
-323
-143
-240
-367
-362
-405
-353
-291
-355
-332
-250
-277
-377
-217
-41
-49
-95
-71
108
95
72
114
175
179
71
180
304
244
115
204
287
186
136
111
53
55
28
-31
56
73
-38
-77
-18
-76
-153
-154
-134
-232
-266
-179
-194
-149
-125
-157
-160
-52
-89
-123
-32
-86
-43
78
103
58
37
-20
-39
-3
-69
-33
62
-36
-83
44
71
-40
-86
-71
-128
-161
-72
-8
-48
-82
-35
46
33
-32
53
55
-7
135
165
138
150
100
97
185
163
45
29
34
83
15
-18
63
-15
-163
-214
-171
-186
-267
-291
-279
-202
-184
-267
-184
-145
-176
-158
-13
96
41
103
226
313
294
309
379
388
373
448
428
386
454
426
383
422
383
240
329
289
173
234
229
99
3
160
119
-50
4
61
-29
-92
-12
-66
-146
-57
-69
-13
20
-67
-44
-86
-65
-7
-33
30
80
-3
33
111
-26
-83
5
-125
-131
-11
-71
-49
-59
-184
-151
-72
-239
-279
-137
-220
-286
-161
-213
-260
-214
-229
-217
-177
-177
-200
-159
-208
-131
-103
-166
-26
-115
-244
-123
-104
-168
-131
-127
-139
-119
-214
-235
-152
-275
-318
-259
-367
-259
-255
-320
-195
-205
-158
-172
-124
-122
-165
-37
49
57
102
265
265
241
322
278
302
400
313
379
507
461
419
484
372
333
346
267
365
280
343
256
279
277
152
270
72
140
162
151
247
90
107
181
169
51
-12
122
40
-52
117
98
114
135
64
22
-24
51
-108
-70
41
-92
-42
11
-34
-66
-91
-241
-150
-85
-207
-150
-78
-134
-140
-99
-186
-112
-142
-215
-117
-88
-102
-129
-99
-155
-180
-127
-230
-188
-188
-193
-90
-172
-195
-227
-174
-199
-264
-232
-202
-212
-285
-210
-275
-249
-209
-272
-205
-135
-183
-199
-92
-117
-65
-63
-108
47
76
-49
63
186
55
73
210
133
150
210
152
213
187
177
209
250
166
150
230
112
185
139
147
228
109
139
181
196
144
182
215
152
167
146
136
114
129
111
73
159
109
1
115
94
-88
-17
125
5
-24
55
31
72
13
-2
-4
51
38
-49
100
143
53
-26
-7
12
-34
-76
-18
35
24
-8
2
34
-50
-118
-195
-113
-57
-139
-144
-80
-38
-164
-248
-136
-186
-272
-233
-226
-125
-174
-173
-221
-284
-107
-200
-316
-172
-91
-170
-100
47
-82
-109
4
-131
-61
63
3
7
125
175
32
109
126
43
83
117
80
120
214
129
112
159
135
97
122
116
94
198
189
96
142
195
87
59
189
101
114
169
139
134
70
93
-1
22
71
24
7
48
98
-74
-111
7
-110
-193
-132
-72
-31
-41
-15
-147
-95
-15
-163
-113
-75
-35
-7
-30
45
24
-47
-79
-65
-27
-11
13
6
51
32
0
1
-83
-74
-89
-69
-39
-89
4
-44
-54
-44
-116
-86
-141
-141
-131
-117
-112
-84
-38
-98
-137
-81
-112
-54
-55
-97
43
-38
-67
30
49
-62
-37
38
35
62
74
114
54
144
125
49
104
83
95
90
155
127
67
191
170
124
152
168
174
123
138
140
163
172
186
185
125
202
188
87
125
163
62
89
122
33
48
-30
-3
-5
-29
-72
-181
-37
-107
-161
-122
-195
-139
-140
-144
-140
-138
-139
-177
-59
-143
-191
-42
-124
-117
-73
-69
-100
-57
-18
-101
-46
-36
-73
-95
-89
-59
-104
-100
-88
-107
-113
-100
-73
-126
-69
-85
-150
-41
-73
-157
-103
-42
-133
-57
-6
-74
20
-2
-55
19
75
-42
-42
52
72
82
66
50
50
70
49
109
94
119
109
73
132
98
85
35
77
85
82
139
91
138
168
114
168
196
165
176
206
231
188
246
275
186
240
250
198
224
239
206
167
211
143
93
66
31
57
-31
-6
-25
-6
-45
-153
-73
-73
-194
-204
-95
-140
-145
-154
-176
-132
-164
-251
-212
-120
-144
-136
-180
-153
-96
-157
-234
-177
-170
-132
-129
-182
-74
-152
-193
-208
-177
-167
-191
-137
-143
-115
-138
-175
-165
-133
-230
-172
-88
-140
-80
-63
-89
-78
-25
-44
-103
-52
-8
21
49
38
93
62
21
76
75
84
83
78
148
192
158
148
158
112
85
106
85
111
141
118
136
197
158
85
121
131
114
166
177
203
226
186
215
165
157
174
188
202
211
278
187
173
224
89
96
212
64
68
206
88
3
105
65
-33
2
3
27
-45
-61
5
-80
-69
-28
-125
-115
-57
-87
-142
-81
-35
-147
-127
-86
-109
-160
-109
-128
-187
-69
-133
-215
-123
-143
-211
-183
-173
-178
-200
-147
-258
-207
-107
-294
-228
-191
-264
-234
-157
-208
-199
-108
-193
-174
-100
-114
-123
-148
-63
-23
-25
-30
-36
83
-17
21
81
32
104
68
73
52
125
161
40
101
130
36
94
111
56
74
58
144
154
57
95
99
113
46
87
199
69
151
159
103
202
149
92
149
198
126
145
221
178
118
118
154
114
86
91
54
98
128
60
12
47
37
-44
-32
12
8
-26
-18
-9
-33
-22
-38
-10
-21
-36
23
13
53
28
-34
35
75
11
-30
28
45
42
16
-8
1
11
-1
-73
-99
-22
-24
-113
-109
-139
-115
-65
-165
-209
-102
-92
-181
-116
-98
-146
-86
-50
-118
-59
-1
-44
-44
-1
49
19
78
43
23
69
43
50
24
33
66
64
-19
-48
-9
-46
-76
-75
-71
-26
-47
-107
-69
-73
-132
-55
-23
-115
-46
81
-5
-70
32
5
4
70
27
32
43
102
85
-9
49
-16
11
57
-20
-54
-18
62
-124
-109
7
-54
-119
-115
-66
-103
-55
-52
-140
-98
-43
-54
-54
-77
-46
-27
48
-33
-1
67
-49
23
19
75
35
30
66
11
46
33
-25
-14
25
-4
12
-6
-12
-14
-33
-72
-42
-8
-17
-36
15
65
-17
28
77
63
45
91
142
147
146
163
204
207
199
196
174
203
255
147
163
216
190
175
163
131
108
131
57
81
56
-9
67
108
-33
-51
88
-31
-44
26
-56
-11
66
-29
-23
10
-18
-4
-31
-49
-51
29
-43
-66
9
-28
-43
-117
-91
-102
-121
-92
-176
-174
-103
-149
-186
-131
-188
-194
-104
-191
-196
-93
-122
-163
-118
-28
-119
-173
-69
-51
-55
-111
-80
-38
-63
7
-31
-101
-54
-80
-82
-81
-153
-89
-85
-140
-67
-76
-132
-172
-94
-51
-183
-55
-40
-132
-3
-23
-88
-22
57
-16
-17
107
57
42
153
108
86
148
175
168
112
151
148
152
156
181
209
128
147
196
138
152
145
22
182
186
15
138
175
73
46
123
89
63
95
73
85
127
117
48
57
95
60
10
55
88
72
51
45
41
40
58
7
-21
64
17
-74
-35
-25
-40
-87
-10
27
-30
-52
-72
-38
-44
3
-76
-18
88
-51
-26
-12
-56
-37
-11
-36
-52
-29
-37
-24
-63
-71
-89
-98
-83
-127
-119
-128
-135
-103
-121
-133
-97
-103
-166
-130
-73
-102
-170
-69
17
-119
-79
5
-67
-42
26
-44
-8
82
31
0
25
69
58
26
17
76
42
23
89
82
53
71
55
13
112
76
34
74
93
130
28
32
68
30
68
22
41
7
15
93
-62
-25
21
-56
-8
-11
-66
-60
-9
-52
-119
15
-40
-152
-10
-23
-79
-87
-67
-57
-44
-33
-51
-55
-15
6
-57
0
56
8
-22
39
77
11
10
61
38
41
40
50
19
-20
46
8
14
-2
-32
28
24
-56
-22
-10
-57
18
-50
-46
-6
-25
-2
23
-22
-54
51
3
-8
6
10
92
5
-5
70
26
34
21
12
42
42
53
-16
26
26
-40
48
24
21
23
-13
47
50
-5
-15
99
78
-4
89
54
38
69
1
66
139
79
5
23
72
10
-18
18
-9
-37
21
-32
-95
-20
-58
-158
-88
-7
-132
-150
-80
-127
-121
-80
-80
-92
-100
-80
-86
-74
-55
-106
-59
39
39
-56
-12
14
-53
-29
14
22
6
23
-24
-15
15
9
-56
-42
-10
25
-1
-68
11
-40
-31
-3
21
-11
-69
32
29
6
31
5
56
52
0
115
82
33
80
67
89
134
110
53
112
111
46
89
83
82
96
41
68
80
54
17
4
19
71
80
-25
24
71
10
26
84
25
3
82
40
36
114
79
-32
46
129
30
12
44
59
1
-19
50
-34
-39
-10
-62
-3
-45
-121
-89
-75
-83
-105
-88
-91
-124
-81
-117
-146
-77
-83
-117
-79
-25
-92
-129
-18
-21
-77
-22
-72
-42
51
-51
-81
2
-17
-55
0
-40
-52
-10
-65
-29
-25
-95
-52
-17
-75
-66
15
-87
-111
21
-28
-56
-20
-2
-19
-10
43
2
-9
61
73
4
50
119
67
60
107
83
57
102
77
64
92
86
64
97
89
33
78
63
42
70
66
42
70
82
97
83
34
106
77
72
91
98
93
94
121
73
107
72
56
84
49
57
75
42
-7
55
16
-68
11
2
-67
-70
-46
-31
-86
-85
-63
-146
-108
-45
-120
-115
-71
-105
-124
-36
-103
-162
-46
-75
-100
-82
-41
-57
-88
-59
-61
-54
-117
-88
-35
-102
-48
-39
-116
-38
-51
-113
-134
-71
-35
-128
-76
-53
-63
-72
-67
-66
-102
-59
-38
-43
-19
-41
-35
41
-41
-45
21
4
-16
39
45
-32
72
48
-13
37
68
6
-38
85
39
1
79
22
33
54
-13
26
54
30
17
50
89
45
60
46
23
101
66
56
101
91
101
76
70
103
120
55
76
134
113
92
72
64
43
97
86
36
62
64
56
52
32
9
-15
4
56
13
-9
35
17
-9
-22
-20
14
-5
-19
-3
-16
-28
35
26
-76
-22
15
-59
-39
32
-27
-47
26
-23
-19
-14
-28
-29
-72
38
14
-70
16
10
-49
8
32
-53
-25
25
4
34
54
-20
-23
32
25
3
-9
15
24
20
28
8
-20
13
-28
-30
21
-48
-12
4
-37
-40
-45
-42
-85
-58
-46
-61
-33
-78
-31
-40
-103
-32
-63
-87
-18
-49
-58
-27
-25
-32
-50
-10
-54
-46
13
-17
-19
-32
20
3
-34
14
-34
-27
54
-8
-21
23
26
11
-15
31
-6
-5
6
19
49
-8
7
37
25
-1
1
-3
5
30
6
1
34
20
21
-32
-30
60
-11
-33
26
18
4
12
-1
28
14
-8
19
20
38
32
19
36
64
43
8
42
96
35
36
86
65
52
67
59
59
81
43
45
49
90
55
23
49
57
41
-2
63
40
-9
16
49
4
3
14
1
-24
-21
11
-65
-21
-9
-72
-45
-48
-53
-42
-120
-61
-41
-147
-79
-76
-81
-101
-109
-70
-102
-90
-86
-108
-71
-75
-84
-49
-75
-75
-73
-54
-15
-52
-78
-44
-36
-27
-18
-48
-64
-38
17
-31
-72
-29
-15
-34
-49
-27
-37
-47
2
-27
-75
3
17
-59
-55
13
16
-17
-1
5
20
53
13
11
74
62
65
46
75
128
76
84
88
136
126
69
136
158
108
75
127
156
82
103
132
77
128
105
65
85
94
66
39
99
93
65
28
42
78
39
15
64
60
24
44
-4
29
65
-9
-10
35
36
-8
0
-11
-15
-1
-41
-35
-50
-10
-16
-74
-42
-30
-88
-101
-38
-82
-86
-32
-78
-113
-43
-78
-112
-71
-79
-50
-65
-79
-53
-53
-97
-44
-36
-89
-56
-19
-53
-86
-34
-57
-74
-48
-45
-58
-50
-50
-75
-71
-47
-51
-57
-50
-49
-19
-81
-56
-14
-32
-16
-33
-4
-17
38
-4
-45
40
45
28
8
66
38
40
66
29
69
66
37
65
84
66
50
29
81
89
26
53
101
47
21
65
54
42
71
35
14
83
57
16
30
32
35
45
14
35
44
24
34
-5
1
16
53
-10
-30
18
20
7
-47
-16
14
2
-57
-31
34
0
-58
-27
-9
-28
-24
-45
1
12
9
-48
-60
17
-29
-53
24
18
-25
-26
-11
-8
-39
-26
-16
8
-2
-14
-40
-23
22
-50
-50
21
18
-32
-12
4
-3
-18
-1
-7
19
26
-36
9
30
22
-34
4
44
4
-15
7
22
-6
11
-9
11
9
-11
-17
8
36
-5
-22
-6
-7
18
0
-45
25
28
-38
-31
19
-24
-49
10
-18
-28
17
-39
-64
10
-12
-71
-29
16
-39
-50
-27
-20
-44
-44
-10
-47
-23
-23
-40
-13
-47
-55
-17
-8
-28
-30
-14
-12
-17
-22
-21
-19
-13
-32
-16
31
12
-8
11
-10
3
26
-38
6
63
30
4
29
66
0
1
46
20
28
74
71
38
56
71
29
20
83
64
50
89
68
67
62
64
65
75
90
50
71
92
86
78
60
79
79
68
74
48
75
84
51
55
57
89
57
27
63
53
14
18
68
12
23
61
-19
5
30
-10
-30
8
26
-48
-17
21
-21
-43
-59
-38
-34
-45
-47
-59
-41
-45
-87
-105
-79
-60
-97
-84
-43
-96
-113
-85
-113
-113
-112
-111
-77
-80
-110
-91
-91
-125
-101
-85
-99
-71
-77
-104
-81
-61
-88
-99
-44
-73
-84
-58
-77
-61
-52
-48
-39
-28
-47
-49
-36
-12
-26
-25
-2
14
8
-21
39
26
3
21
46
51
28
61
66
60
45
53
77
59
69
82
67
82
72
65
112
78
36
68
80
76
64
86
89
99
75
18
72
73
55
62
76
94
58
52
44
61
59
26
53
65
72
35
20
42
31
20
25
45
56
31
-25
13
18
-22
7
20
14
-1
-9
-23
-38
-20
-23
-25
10
-15
-64
-42
-18
-36
-66
-45
-21
-49
-37
-46
-39
-32
-59
-59
-53
-41
-60
-51
-48
-36
-51
-55
-53
-64
-45
-78
-38
-40
-46
-27
-68
-57
-33
-50
-38
-8
-24
-32
-35
-35
-23
-21
-7
6
11
13
-18
-24
1
8
23
13
16
37
-1
-5
38
21
12
24
32
23
13
9
17
44
48
31
13
24
29
13
-5
30
40
41
50
4
22
19
9
-7
8
61
16
10
29
6
-3
-11
-20
35
19
-18
0
-3
4
-2
-22
-30
8
-6
-27
3
-8
-16
-1
-16
-18
-13
-7
2
-11
-1
-29
-7
20
-11
3
3
9
-12
-40
5
24
3
-12
12
41
-12
-16
13
21
4
-11
7
9
28
15
-10
26
39
-11
-21
12
30
15
10
38
56
16
-13
33
14
-22
35
41
21
51
22
-6
11
15
-17
16
67
17
-21
10
29
11
1
8
37
14
-14
-28
1
23
-8
-3
18
11
-25
-21
-21
-10
-5
-10
-7
-10
14
-27
-43
-5
-38
-57
-23
-3
-24
-39
-16
-23
-50
-38
-37
-33
-33
-46
-31
-7
-15
-68
-51
-8
-31
-36
-24
-7
2
-30
-31
-17
-8
-3
-12
-15
-12
-8
-41
-28
21
0
-13
15
0
-37
-33
8
8
10
36
21
23
-1
-15
15
19
5
20
35
53
30
1
16
14
19
-7
16
52
21
4
25
25
-7
-5
17
8
20
19
14
33
22
23
4
12
43
23
-6
17
55
20
-17
25
44
20
10
-13
12
29
-10
-13
32
42
1
-6
-5
-4
-4
-17
-12
10
-3
-32
-33
-13
-8
-43
-36
-29
-44
-37
-47
-42
-18
-52
-66
-41
-34
-54
-55
-36
-44
-48
-47
-39
-42
-29
-33
-48
-34
-36
-26
-22
-17
-13
-9
-14
-11
2
-9
-6
9
2
4
20
24
30
23
14
15
36
26
26
61
41
25
51
52
39
60
66
53
46
59
42
42
67
55
56
60
69
48
50
59
25
36
50
46
47
50
48
38
31
17
18
32
29
26
30
22
14
16
4
0
13
12
-14
1
22
-4
-11
0
-1
-25
-22
2
-21
-16
-9
-32
-18
-32
-33
-13
-33
-39
-36
-36
-51
-45
-37
-50
-44
-37
-62
-64
-50
-64
-65
-63
-38
-45
-56
-48
-58
-50
-65
-61
-34
-26
-34
-38
-44
-40
-43
-49
-26
-16
-27
-36
-28
-23
-24
-22
-14
-14
-14
-15
-22
-10
-1
1
7
8
15
19
6
8
30
26
16
34
49
36
35
44
36
33
50
46
49
65
52
56
56
45
48
63
52
38
58
72
58
52
57
53
48
37
44
53
55
36
39
39
23
32
41
36
33
28
9
12
9
-7
10
39
17
-3
1
-9
-10
-26
-18
-10
-3
1
-21
-9
-14
-46
-45
-37
-29
-24
-27
-21
-23
-42
-58
-55
-41
-42
-46
-33
-34
-43
-43
-50
-42
-39
-38
-32
-40
-32
-25
-34
-28
-28
-24
-20
-31
-34
-21
-13
-36
-32
-11
-23
-24
-14
-20
-27
-9
-13
-26
-6
-4
-18
-8
4
1
-2
1
-2
3
12
6
11
21
15
3
6
12
20
28
23
20
20
10
-2
10
22
34
30
24
32
15
3
16
12
9
21
25
15
14
25
20
2
1
3
0
10
17
14
15
18
5
-3
2
4
-3
-4
7
13
4
-7
1
8
-14
-29
-10
-1
-10
-16
-11
-2
-5
-21
-16
1
-12
-17
-19
-17
6
0
-13
10
10
-15
-13
8
6
2
10
2
3
15
6
-1
14
16
-5
-1
19
13
12
19
17
19
17
11
8
29
25
12
25
30
30
30
25
23
27
17
16
26
30
24
19
26
24
17
10
14
7
4
5
0
13
16
-1
-1
-5
-18
-21
-8
7
1
-8
-11
-4
-13
-33
-19
-1
-8
-14
-11
-16
-16
-19
-32
-26
-11
-17
-28
-15
-2
-25
-39
-29
-27
-18
-14
-20
-15
-14
-17
-24
-27
-13
-15
-22
-19
-5
-9
-18
-16
-23
-11
-13
-23
-13
-3
-3
-18
-23
-19
-10
-14
-13
1
0
-11
-19
-16
0
9
-6
-5
7
-1
-12
-9
5
9
10
4
4
15
13
6
11
10
18
21
6
26
32
15
19
22
20
24
33
30
23
23
22
19
29
28
20
25
22
13
15
20
12
18
21
12
15
17
12
10
13
6
0
1
6
10
14
-2
-7
1
-7
-4
1
0
-11
-9
-8
-19
-13
-6
-13
-12
-13
-25
-22
-20
-19
-16
-22
-21
-15
-19
-26
-20
-15
-27
-30
-19
-10
-14
-16
-19
-16
-17
-25
-21
-10
-9
-15
-12
-11
-9
-12
-19
-12
-13
-20
-14
-7
0
-2
-12
-10
-7
-12
-11
1
9
7
0
9
10
8
13
11
15
19
18
20
26
26
27
22
18
23
19
23
24
20
27
22
16
25
24
15
13
17
16
16
24
21
19
18
18
10
11
17
10
16
18
10
15
16
12
9
6
8
7
4
14
12
9
5
-3
-2
-1
0
0
2
1
-3
-2
-5
-6
-2
-10
-11
-4
-7
-9
-2
0
-9
-10
-8
-12
-9
-8
-16
-12
-8
-14
-14
-9
-12
-16
-19
-22
-21
-17
-13
-14
-11
-12
-18
-18
-21
-20
-16
-18
-20
-13
-9
-12
-14
-14
-15
-14
-13
-11
-7
0
-2
-7
0
2
-2
0
4
-1
-4
-2
0
6
9
3
5
6
1
1
0
4
11
6
5
8
8
4
3
2
2
2
4
5
6
4
3
0
0
3
2
1
6
2
-2
1
1
-3
0
2
-3
-3
0
-1
3
5
0
1
-1
-1
4
2
0
0
-2
-5
-3
2
2
2
3
2
-2
0
0
2
8
4
3
6
7
6
5
4
2
2
3
6
13
8
4
4
2
3
6
9
10
9
5
3
4
5
7
7
10
7
5
6
7
8
7
7
6
5
7
8
10
1
0
4
1
4
7
7
3
-2
-5
-7
0
-1
-8
-4
-4
-12
-11
-6
-6
-7
-12
-11
-5
-12
-14
-13
-14
-18
-21
-19
-11
-8
-17
-23
-21
-20
-23
-18
-10
-10
-18
-22
-25
-22
-17
-16
-13
-8
-11
-20
-15
-11
-10
-13
-20
-8
-5
-9
-6
-5
-6
-4
-4
0
7
9
2
3
8
6
7
16
20
18
18
13
15
19
18
24
27
24
26
27
25
28
22
20
24
25
26
29
29
21
21
21
18
24
27
27
22
20
17
14
20
24
22
23
21
18
13
15
16
14
9
12
13
6
2
5
1
-4
-7
-6
-3
-3
-10
-14
-11
-15
-21
-15
-11
-13
-18
-21
-19
-20
-23
-21
-16
-15
-19
-21
-18
-14
-17
-22
-23
-21
-22
-23
-21
-17
-20
-25
-23
-21
-18
-15
-16
-18
-15
-16
-19
-14
-7
-8
-8
-6
-8
-8
-6
-5
-3
-1
0
1
4
5
3
2
-1
1
5
6
6
5
4
1
-1
1
1
4
4
1
1
1
0
3
6
2
2
4
1
3
10
10
8
9
5
7
11
10
9
9
5
5
8
8
10
12
9
3
6
8
6
8
8
7
6
2
3
7
6
2
2
1
1
5
4
1
1
-1
-4
-2
-1
0
-2
-6
-8
-7
-6
-5
-4
-4
-6
-8
-8
-4
-1
-4
-7
-10
-8
-7
-6
-3
-1
-4
-6
-8
-5
-1
1
0
0
-1
-2
-1
2
0
-1
0
-3
-3
0
4
6
2
-2
2
2
0
5
8
5
3
3
6
10
8
3
4
5
3
7
11
7
5
4
-1
1
6
7
7
8
5
1
4
8
9
4
2
2
2
2
4
6
2
-1
-1
-2
1
4
2
1
-1
-4
-4
-2
-1
0
-2
-5
-5
-3
-4
-1
-1
-5
-3
-3
-4
-1
1
0
-2
-2
-1
2
1
0
-2
-4
-2
-2
1
4
0
-5
-7
-5
-4
-2
4
3
-2
-4
-3
-1
0
4
3
0
0
0
1
4
5
3
1
2
4
3
3
4
2
-2
-4
0
0
0
1
-2
-2
-3
-2
0
2
2
0
0
1
2
0
1
3
1
3
5
4
5
2
-2
-2
1
1
3
4
1
-4
-5
-3
-3
-1
0
0
-3
-6
-8
-4
-1
-4
-4
-3
-7
-6
-6
-5
-4
-4
-8
-7
-4
-5
-5
-4
-6
-8
-10
-9
-5
-4
-5
-7
-6
-7
-8
-5
-3
-5
-5
-4
-3
-3
0
-2
-1
-1
1
2
4
3
1
0
0
2
4
6
7
6
3
1
3
6
8
7
8
7
6
5
6
9
12
11
9
10
12
11
13
14
14
12
13
15
19
16
15
16
15
14
17
18
17
17
15
14
15
16
17
16
15
13
16
12
12
12
10
9
7
8
8
7
3
0
0
-3
-2
-1
-2
-5
-8
-11
-14
-11
-10
-10
-11
-15
-18
-20
-21
-22
-21
-19
-18
-21
-22
-22
-23
-25
-26
-26
-27
-28
-26
-26
-26
-30
-31
-30
-29
-27
-28
-29
-29
-29
-30
-28
-24
-22
-22
-23
-21
-21
-20
-17
-17
-14
-12
-13
-11
-9
-11
-8
-8
-9
-5
-1
1
0
-1
-3
-2
0
3
9
12
12
12
9
11
11
14
17
15
18
21
21
23
26
25
24
24
24
24
26
25
24
24
22
25
26
26
26
26
23
21
20
20
23
23
18
19
18
17
17
17
18
16
15
13
13
12
13
9
7
9
7
6
7
5
4
1
-1
0
1
2
0
-2
-3
-2
-6
-5
-5
-5
-7
-9
-8
-6
-5
-6
-6
-7
-8
-7
-8
-10
-8
-10
-13
-11
-9
-8
-6
-5
-7
-6
-6
-8
-9
-6
-5
-7
-6
-7
-3
-1
-6
-4
-3
-2
-3
-3
-3
-1
-4
-6
-4
-1
0
-1
0
1
1
-1
-2
1
3
2
-1
-1
1
2
1
0
3
5
3
2
1
3
2
0
-1
-2
-2
-1
-2
-1
-1
-1
-4
-4
-2
-3
-3
-4
-5
-4
-3
-5
-3
-4
-4
-3
-3
-3
-1
