-1
0
0
0
0
-1
0
-1
-1
0
-1
-1
0
-1
-1
-2
-1
-1
-2
-2
-1
-1
-1
-1
0
-1
1
2
2
3
3
2
3
3
4
4
3
1
1
0
-1
-1
-2
-2
-4
-4
-4
-4
-4
-5
-4
-3
-2
-3
-1
-1
0
1
3
4
4
4
4
5
4
4
4
2
2
1
-1
-2
-1
-2
-4
-3
-3
-4
-4
-4
-4
-4
-4
-4
-3
-4
-3
-3
-1
-2
-1
0
1
1
3
3
3
4
3
3
3
2
0
0
-1
-2
-3
-3
-5
-6
-6
-5
-6
-7
-6
-6
-4
-5
-5
-5
-5
-5
-5
-4
-5
-4
-3
-2
0
1
2
5
7
9
11
12
14
17
16
16
16
16
15
15
14
14
11
11
10
10
8
6
5
4
4
2
2
0
-1
-1
-1
-2
-1
0
0
1
2
4
6
7
8
9
9
10
10
9
9
8
7
5
5
2
0
-2
-3
-5
-8
-8
-9
-11
-14
-15
-17
-18
-20
-20
-21
-21
-21
-21
-20
-19
-18
-16
-14
-10
-8
-6
-5
-4
-3
-1
-2
-3
-3
-4
-5
-6
-6
-7
-8
-10
-11
-11
-10
-12
-11
-11
-12
-11
-11
-9
-8
-8
-6
-3
-1
1
4
6
9
13
15
19
20
23
25
25
26
25
26
25
24
24
24
22
20
20
18
16
15
13
12
9
9
8
7
5
3
3
2
1
2
1
2
4
4
6
8
8
9
11
10
10
12
10
11
9
8
7
5
3
2
-1
-2
-4
-6
-8
-11
-12
-14
-16
-18
-19
-20
-20
-21
-21
-20
-20
-20
-18
-17
-15
-15
-12
-12
-10
-9
-8
-7
-8
-8
-8
-9
-9
-10
-10
-12
-12
-14
-17
-19
-21
-23
-26
-26
-26
-24
-23
-20
-16
-12
-7
-2
5
10
13
19
24
28
30
32
36
37
36
35
35
33
29
24
22
17
10
4
-2
-7
-13
-19
-26
-33
-38
-40
-42
-45
-47
-45
-41
-36
-31
-24
-17
-10
-1
7
16
22
28
34
39
43
46
49
50
49
48
48
46
39
34
28
21
15
9
3
-4
-9
-14
-16
-18
-19
-21
-20
-19
-17
-13
-9
-4
0
4
10
15
18
18
18
18
20
17
12
8
5
0
-7
-14
-21
-30
-40
-45
-51
-56
-63
-72
-76
-76
-77
-80
-87
-88
-92
-91
-96
-100
-104
-106
-92
-82
-66
-44
-6
32
54
85
133
178
194
203
230
257
246
217
200
202
175
133
94
75
51
9
-19
-37
-59
-97
-118
-120
-139
-177
-191
-177
-185
-211
-200
-160
-143
-147
-115
-46
-2
7
37
95
124
123
137
160
146
116
112
117
84
40
34
40
10
-28
-22
-5
-32
-68
-58
-35
-54
-86
-81
-60
-57
-57
-35
-10
6
37
85
123
145
176
213
239
242
249
257
246
217
189
173
146
104
61
33
12
-20
-50
-73
-93
-118
-133
-139
-153
-168
-174
-173
-176
-166
-147
-129
-114
-95
-61
-21
9
27
47
79
104
112
111
107
97
86
65
41
13
-6
-35
-68
-98
-129
-157
-202
-222
-248
-271
-298
-321
-331
-355
-355
-337
-271
-226
-194
-139
-62
32
87
145
203
288
351
353
340
348
372
356
301
261
220
190
145
93
45
-17
-55
-109
-131
-183
-237
-269
-304
-323
-359
-338
-335
-329
-324
-276
-187
-142
-100
-62
20
91
141
177
201
221
225
239
237
221
202
187
163
135
117
113
99
52
10
1
16
-10
-62
-84
-84
-72
-86
-84
-71
-41
-1
35
87
130
182
218
259
305
339
366
354
341
331
331
306
260
219
172
147
104
57
14
-20
-54
-96
-124
-151
-170
-205
-236
-255
-259
-251
-252
-256
-243
-206
-168
-134
-103
-68
-29
13
44
61
73
85
87
70
48
35
17
-24
-80
-121
-147
-189
-250
-304
-340
-391
-436
-406
-354
-348
-377
-334
-200
-109
-109
-106
32
185
220
185
197
282
328
330
299
283
287
261
245
234
212
135
72
69
17
-63
-126
-153
-235
-336
-336
-303
-321
-406
-399
-302
-229
-216
-192
-111
-56
-9
53
111
118
112
149
180
165
160
198
216
175
148
214
268
213
124
132
172
138
82
40
16
-23
-37
-33
-51
-57
-44
0
33
79
151
203
228
245
313
371
380
357
343
360
356
341
317
296
267
228
214
197
164
114
70
27
-27
-54
-89
-145
-214
-244
-230
-231
-253
-269
-249
-214
-183
-154
-128
-103
-84
-51
-26
-25
-25
-17
-23
-56
-71
-61
-72
-126
-183
-192
-206
-243
-296
-338
-380
-416
-367
-298
-294
-314
-272
-140
-60
-55
-40
68
204
227
191
177
248
288
262
213
178
188
154
130
96
52
-6
-65
-65
-108
-178
-243
-275
-329
-403
-406
-371
-370
-429
-418
-312
-219
-199
-187
-118
-46
1
42
76
83
77
94
127
124
123
153
165
144
140
201
239
188
118
119
148
117
52
0
-17
-21
-13
6
16
45
89
147
201
263
330
367
377
386
437
464
445
404
383
389
381
363
326
296
260
227
207
169
119
50
-13
-73
-121
-149
-181
-229
-274
-269
-225
-188
-182
-172
-129
-73
-31
-9
5
10
10
12
12
-2
-25
-38
-65
-105
-127
-125
-141
-192
-242
-263
-274
-318
-374
-401
-370
-295
-252
-237
-212
-101
7
23
28
124
292
320
225
175
249
317
271
186
125
128
108
76
41
-18
-103
-176
-186
-231
-307
-380
-427
-485
-553
-532
-460
-435
-483
-467
-335
-204
-153
-144
-97
-38
17
65
82
54
25
37
61
53
45
85
114
83
49
112
192
149
28
-32
-8
-7
-64
-144
-181
-165
-112
-45
3
59
138
248
336
408
497
566
568
518
524
571
579
510
429
415
434
441
408
363
317
278
243
195
125
38
-43
-134
-217
-249
-248
-261
-302
-307
-242
-147
-83
-59
-27
32
94
132
140
130
109
82
51
23
14
-3
-49
-115
-144
-136
-133
-186
-262
-304
-338
-396
-460
-471
-414
-352
-326
-287
-189
-33
55
69
119
269
440
449
341
272
341
412
366
246
167
149
125
106
56
-20
-135
-210
-243
-310
-397
-480
-533
-621
-690
-645
-549
-530
-570
-522
-355
-201
-149
-129
-80
-20
17
45
55
27
1
11
30
27
60
135
158
102
88
176
234
141
0
-45
-41
-87
-170
-212
-215
-208
-155
-44
78
165
257
365
460
536
619
672
642
583
575
605
585
518
469
467
463
439
423
391
331
242
168
102
27
-60
-157
-259
-332
-347
-324
-299
-309
-295
-219
-112
-30
1
21
49
83
98
89
66
46
16
-30
-67
-65
-59
-99
-180
-243
-246
-251
-301
-398
-502
-562
-575
-504
-391
-342
-301
-233
-68
90
126
161
250
405
472
407
350
368
414
397
308
256
239
189
122
55
11
-101
-235
-312
-385
-467
-557
-590
-628
-681
-653
-539
-438
-431
-413
-272
-111
-64
-67
-38
19
27
12
36
45
29
31
71
93
92
142
196
152
63
57
106
44
-108
-192
-181
-177
-228
-245
-204
-141
-55
55
165
250
337
444
506
511
551
633
675
628
581
602
619
588
528
482
445
385
319
253
165
60
-27
-103
-176
-231
-252
-282
-334
-352
-307
-237
-197
-181
-130
-45
31
74
103
140
152
145
135
134
127
94
39
-40
-111
-150
-186
-252
-349
-422
-448
-477
-517
-589
-634
-625
-477
-268
-178
-136
-75
117
226
215
247
385
540
509
416
423
534
593
552
434
360
323
269
169
-7
-157
-310
-428
-527
-607
-654
-692
-706
-711
-674
-562
-423
-355
-357
-317
-156
-14
14
-18
-3
84
142
160
169
168
154
134
109
81
40
23
-32
-145
-227
-234
-205
-277
-388
-413
-351
-288
-274
-260
-221
-137
-29
89
195
299
412
499
561
633
750
834
834
781
757
752
714
627
518
425
317
225
138
43
-66
-179
-260
-330
-368
-375
-373
-381
-384
-337
-235
-126
-53
16
103
200
288
341
360
366
352
327
297
275
250
175
78
-43
-107
-150
-220
-318
-432
-501
-567
-619
-678
-710
-628
-434
-243
-128
-70
89
269
317
314
414
665
757
624
516
596
755
751
596
472
383
275
141
-5
-146
-367
-564
-680
-736
-765
-809
-824
-857
-893
-809
-637
-509
-506
-521
-392
-195
-59
0
60
136
177
214
262
279
239
144
33
-68
-112
-88
-111
-242
-385
-380
-293
-314
-426
-492
-470
-453
-462
-407
-311
-237
-146
-5
203
400
569
695
715
717
765
853
872
798
750
729
698
649
620
604
510
334
176
72
-17
-158
-334
-473
-531
-492
-424
-385
-364
-308
-195
-84
-13
68
165
243
289
338
444
524
546
506
446
410
354
271
109
-91
-231
-307
-337
-404
-476
-518
-580
-655
-690
-659
-516
-335
-201
-110
-46
130
272
297
277
393
723
907
836
694
708
852
840
656
480
339
198
-2
-151
-203
-324
-496
-676
-737
-718
-749
-791
-876
-946
-889
-727
-558
-504
-463
-312
-125
14
72
143
224
213
170
149
162
165
102
6
-110
-172
-155
-181
-312
-509
-600
-595
-643
-719
-730
-618
-523
-484
-382
-223
-52
67
161
274
383
523
663
737
750
778
886
984
976
899
795
675
519
375
294
211
85
-51
-108
-107
-126
-191
-290
-377
-430
-438
-418
-411
-395
-325
-203
-46
122
287
417
471
490
516
537
512
438
363
313
270
195
88
-57
-201
-318
-444
-542
-629
-689
-765
-813
-730
-461
-118
61
82
80
195
265
218
180
379
712
860
809
773
946
1088
983
689
459
310
131
-82
-194
-221
-313
-457
-545
-522
-537
-617
-726
-856
-915
-826
-616
-467
-433
-344
-138
57
111
117
156
142
65
40
130
216
211
140
82
19
-44
-101
-242
-480
-671
-690
-654
-681
-716
-656
-554
-498
-442
-341
-219
-131
-47
70
211
390
568
694
760
841
952
997
917
803
736
660
533
413
355
289
148
-9
-108
-180
-284
-411
-498
-529
-500
-416
-350
-334
-312
-240
-153
-109
-78
-14
56
119
188
314
427
475
471
447
422
353
243
101
-61
-220
-295
-328
-383
-507
-634
-687
-648
-431
-150
26
-17
-112
-35
66
80
89
334
703
889
877
844
915
957
865
691
552
436
340
228
188
186
80
-118
-336
-417
-478
-567
-650
-704
-679
-587
-411
-260
-226
-231
-193
-138
-137
-136
-26
106
143
142
188
277
282
189
72
-61
-145
-171
-149
-165
-245
-298
-363
-462
-565
-617
-639
-713
-733
-574
-305
-73
39
110
160
180
203
251
348
447
524
572
624
701
767
722
575
427
320
220
86
-15
-91
-180
-298
-382
-397
-423
-496
-588
-630
-577
-464
-371
-332
-313
-261
-193
-153
-131
-86
7
112
198
258
274
240
157
55
-33
-81
-103
-133
-214
-330
-402
-364
-122
143
250
126
-50
-84
-121
-187
-165
198
697
928
814
633
640
677
564
354
303
362
355
310
401
527
358
-42
-353
-400
-372
-387
-379
-369
-342
-284
-175
-136
-226
-299
-312
-269
-197
6
264
375
323
256
260
226
104
-51
-150
-178
-95
79
201
175
33
-94
-251
-415
-499
-473
-393
-345
-237
-69
85
142
88
-6
-58
-1
139
297
441
548
574
529
471
455
439
384
315
260
266
306
302
180
-45
-249
-377
-449
-505
-538
-529
-529
-550
-553
-526
-525
-596
-682
-675
-556
-379
-204
-99
-38
-11
1
-28
-106
-172
-174
-113
-68
-43
-47
-74
-150
-127
83
321
346
130
5
-18
-2
-19
165
575
838
813
555
384
323
376
463
472
408
366
498
639
561
262
-8
-140
-265
-375
-334
-148
-122
-317
-444
-364
-268
-372
-464
-434
-348
-287
-195
-13
42
-18
-69
-20
63
101
197
303
317
241
230
303
278
126
-2
-32
-42
-61
-23
95
149
105
34
-16
-40
-83
-66
4
110
219
301
377
371
318
236
195
236
325
407
411
363
297
230
162
119
89
41
-44
-106
-113
-143
-220
-336
-459
-568
-650
-654
-633
-630
-655
-667
-643
-611
-567
-520
-500
-506
-496
-439
-340
-249
-152
-73
-74
-151
-197
-20
265
460
473
393
332
182
6
-73
128
483
695
717
590
439
233
83
159
374
509
436
364
395
381
248
156
203
194
25
-86
40
168
68
-91
-103
-117
-352
-564
-488
-270
-208
-287
-284
-293
-460
-634
-618
-489
-457
-459
-339
-192
-144
-133
-48
22
-39
-93
-38
37
58
137
316
414
359
285
295
301
243
225
304
387
397
395
395
348
221
118
102
148
220
278
313
266
160
80
50
24
-3
2
55
95
57
0
-39
-66
-120
-134
-99
-78
-80
-152
-230
-300
-356
-405
-442
-437
-411
-335
-287
-287
-321
-328
-273
-221
-200
-193
-131
-70
-40
-6
89
239
313
302
296
339
297
172
73
77
142
159
174
189
158
62
-42
-99
-120
-100
-73
-39
-3
32
56
-10
-110
-142
-84
-29
9
76
156
182
105
39
27
9
-39
-66
-47
-27
-11
-4
-8
-41
-103
-141
-162
-170
-165
-146
-132
-115
-61
0
19
-13
-40
-47
-47
-27
31
86
84
66
74
81
57
37
63
72
28
-6
20
56
28
-19
1
63
90
70
61
83
92
108
155
218
239
227
241
252
225
207
261
339
351
319
324
359
322
214
138
120
74
-19
-74
-63
-57
-100
-155
-182
-192
-219
-260
-296
-301
-278
-256
-266
-288
-267
-206
-162
-182
-213
-199
-138
-91
-84
-64
-36
-41
-93
-126
-95
-56
-56
-86
-105
-103
-82
-60
-58
-81
-95
-71
-31
-9
1
27
69
102
121
140
170
186
173
152
130
125
109
72
39
21
8
-32
-84
-128
-163
-190
-200
-193
-192
-196
-203
-206
-215
-214
-187
-163
-150
-133
-99
-81
-92
-96
-59
1
37
60
67
70
70
79
112
137
144
133
119
120
129
134
118
83
65
87
134
189
240
262
238
196
193
230
261
263
268
287
289
275
265
270
249
195
154
161
197
203
156
72
-28
-98
-138
-165
-192
-194
-164
-151
-171
-203
-209
-222
-256
-274
-248
-194
-158
-149
-152
-151
-142
-127
-107
-85
-72
-69
-69
-73
-77
-76
-69
-49
-20
4
6
-10
-8
19
38
29
24
39
56
82
139
197
217
209
217
231
223
205
198
167
93
26
12
25
3
-34
-45
-53
-101
-167
-201
-219
-263
-294
-263
-213
-209
-229
-225
-200
-204
-227
-224
-191
-161
-155
-142
-111
-84
-80
-85
-87
-89
-85
-73
-40
3
32
50
61
74
76
79
101
137
159
161
180
221
246
242
232
244
252
233
217
240
276
275
253
246
241
205
151
117
107
86
46
7
-22
-47
-74
-114
-162
-187
-181
-160
-148
-154
-163
-163
-165
-178
-184
-174
-158
-154
-149
-108
-38
19
37
31
22
9
-2
-5
5
23
42
49
45
39
46
76
95
71
32
27
55
67
62
85
135
155
149
162
191
201
186
169
160
137
103
90
95
78
34
-17
-51
-74
-120
-166
-185
-196
-214
-223
-209
-196
-205
-228
-229
-218
-209
-193
-172
-150
-151
-158
-144
-132
-133
-137
-129
-104
-91
-77
-43
-11
-2
-19
-26
4
46
71
78
82
84
84
96
122
140
160
173
176
183
191
204
188
163
155
156
165
148
105
69
46
43
41
39
34
-4
-40
-56
-67
-94
-134
-164
-181
-192
-201
-189
-169
-162
-170
-163
-136
-111
-107
-118
-115
-83
-29
26
55
57
50
47
59
83
118
157
180
178
170
169
159
129
82
71
100
137
153
148
150
147
125
109
126
170
194
200
213
218
203
168
138
118
82
49
32
28
16
-18
-61
-114
-180
-228
-232
-221
-228
-253
-270
-272
-275
-292
-286
-258
-250
-228
-185
-141
-127
-134
-125
-112
-84
-49
-28
-3
-6
-19
-4
30
72
81
79
101
129
142
140
135
114
89
67
58
89
126
86
83
108
111
121
109
103
88
86
65
59
44
-2
-58
-64
-22
-28
-20
3
5
-57
-126
-173
-186
-186
-183
-197
-195
-168
-191
-189
-144
-125
-153
-136
-107
-116
-120
-114
-99
-76
-22
29
74
86
60
52
92
140
173
193
192
158
113
95
98
118
130
153
194
210
197
183
178
179
171
190
238
264
265
269
269
245
196
149
127
107
75
51
51
30
-44
-110
-150
-187
-219
-234
-219
-229
-280
-340
-371
-366
-396
-384
-316
-270
-246
-207
-175
-180
-151
-135
-156
-90
-30
-40
3
25
-10
7
49
62
74
122
151
109
112
132
104
76
63
82
120
135
157
155
137
153
106
114
147
111
115
143
158
132
95
89
32
0
29
13
43
47
-20
-71
-128
-161
-249
-266
-211
-282
-250
-231
-272
-248
-252
-251
-257
-239
-234
-227
-190
-187
-188
-116
-54
4
88
128
128
93
65
68
108
171
233
276
311
329
287
232
173
147
172
214
255
289
306
285
239
203
182
161
158
178
208
227
210
172
109
46
-8
-62
-53
-59
-103
-120
-158
-206
-251
-297
-333
-349
-358
-373
-353
-340
-338
-300
-294
-271
-227
-206
-166
-114
-53
-8
23
30
21
67
154
191
218
240
227
204
199
224
251
306
305
290
273
218
162
94
89
126
194
209
194
238
98
-7
83
28
12
40
72
36
18
48
-87
-72
-92
-148
-142
-115
-136
-204
-239
-278
-293
-344
-310
-314
-384
-420
-402
-432
-477
-427
-372
-316
-278
-278
-284
-237
-240
-256
-165
-12
123
179
207
196
162
145
163
238
350
434
448
451
401
305
225
189
244
305
349
346
293
217
98
54
39
45
80
85
115
101
20
-71
-162
-222
-234
-189
-149
-154
-179
-217
-272
-318
-354
-360
-334
-307
-264
-215
-190
-245
-310
-302
-259
-160
-37
86
162
175
183
182
197
192
225
329
430
526
564
526
456
405
405
437
487
503
481
445
370
273
216
193
166
174
228
245
180
68
13
-7
-32
-50
-41
-16
-9
-69
-140
-196
-260
-284
-333
-303
-280
-311
-356
-444
-478
-500
-542
-585
-590
-560
-529
-536
-551
-477
-423
-374
-335
-347
-325
-336
-357
-316
-81
209
346
341
257
167
94
117
248
449
599
632
591
519
391
180
67
135
276
389
398
310
169
-27
-166
-194
-176
-139
-110
-49
7
-21
-139
-306
-417
-418
-351
-254
-172
-147
-159
-204
-239
-257
-271
-252
-201
-120
-17
42
-11
-97
-132
-75
34
145
254
307
314
269
240
229
201
231
320
451
527
507
409
290
240
272
340
397
423
394
332
258
180
123
105
116
138
198
222
165
67
-18
-51
-45
-23
-29
-64
-108
-151
-223
-312
-369
-424
-446
-444
-447
-476
-518
-559
-615
-636
-645
-666
-689
-524
-279
-147
-126
-258
-298
-309
-317
-280
-34
414
698
729
526
321
160
105
249
542
835
904
769
589
407
118
-123
-140
53
252
260
173
13
-202
-430
-542
-474
-404
-357
-274
-142
-91
-203
-371
-468
-455
-345
-183
-17
115
119
62
-9
-64
-67
-54
27
139
292
389
301
107
-4
19
75
136
218
279
238
140
54
45
61
46
79
165
235
208
135
89
88
147
216
242
239
220
195
207
229
222
183
146
110
101
105
80
31
-38
-76
-100
-147
-215
-304
-361
-407
-430
-450
-508
-577
-623
-638
-636
-666
-736
-778
-734
-435
-93
156
135
-10
-13
-56
-69
-46
393
1023
1394
1310
869
516
252
191
390
813
1081
979
663
365
107
-302
-625
-616
-293
-96
-129
-254
-449
-708
-1003
-1026
-835
-628
-476
-261
38
146
-11
-263
-320
-207
7
264
510
661
636
491
302
210
142
149
229
360
504
464
277
-15
-201
-249
-248
-193
-109
-9
-19
-50
-39
-37
-101
-170
-107
87
298
385
405
381
348
280
228
236
258
323
392
415
310
99
-140
-319
-406
-413
-367
-364
-399
-503
-640
-766
-885
-923
-902
-801
-714
-677
-685
-740
-778
-760
-696
-632
-294
203
633
707
522
435
347
284
245
718
1468
1888
1712
1177
813
498
292
267
557
833
746
446
204
-19
-512
-1000
-1092
-806
-659
-691
-649
-563
-616
-851
-908
-800
-639
-486
-148
326
560
523
354
326
350
338
374
532
722
777
690
487
258
52
-111
-230
-245
-177
-140
-216
-320
-360
-447
-588
-658
-542
-301
-72
115
294
407
390
318
346
519
684
797
883
959
944
793
590
380
220
119
51
-9
-83
-229
-420
-650
-871
-1051
-1165
-1173
-1109
-1008
-952
-932
-975
-1047
-1050
-1000
-881
-737
-536
-384
-318
-324
-337
-1
522
933
948
792
749
624
403
308
780
1456
1741
1448
961
599
243
6
33
333
464
270
61
60
-8
-445
-933
-1020
-774
-592
-461
-255
-40
-108
-348
-417
-274
-118
-32
245
663
891
787
568
484
428
276
153
189
302
310
211
47
-107
-286
-527
-706
-729
-599
-449
-367
-306
-199
-145
-194
-223
-124
97
297
484
747
1010
1086
962
822
797
836
821
809
834
826
707
484
217
-49
-302
-508
-594
-595
-576
-641
-780
-930
-1055
-1144
-1182
-1114
-998
-830
-663
-544
-512
-574
-627
-653
-581
-466
-330
-246
-203
-238
-229
74
444
623
458
258
172
106
24
151
658
1110
1195
866
474
183
-7
-26
170
437
461
297
209
260
100
-347
-687
-633
-410
-283
-141
83
185
14
-174
-151
-21
26
111
402
672
683
513
416
380
226
8
-90
-41
-14
-86
-179
-268
-356
-507
-687
-796
-764
-662
-607
-533
-369
-152
-42
-6
96
254
346
346
479
778
1063
1161
1133
1144
1112
951
734
638
648
629
545
440
297
4
-340
-580
-689
-726
-749
-730
-701
-716
-805
-917
-960
-943
-851
-670
-454
-275
-182
-197
-244
-285
-328
-371
-357
-318
-278
-247
-211
11
323
492
308
7
-124
-140
-147
-79
347
896
1158
916
462
117
-78
-76
73
329
483
428
354
384
276
-155
-596
-650
-433
-261
-108
139
276
91
-147
-139
0
9
-2
190
459
570
529
482
402
201
-49
-183
-174
-159
-204
-277
-356
-419
-508
-628
-742
-810
-794
-737
-654
-526
-302
-82
43
160
324
423
402
446
637
876
1027
1143
1277
1297
1075
710
468
381
358
321
263
189
29
-225
-505
-695
-818
-892
-870
-747
-599
-537
-544
-549
-528
-492
-391
-231
-79
42
126
177
163
97
-17
-125
-211
-270
-344
-413
-440
-392
-100
246
341
67
-225
-273
-253
-269
-92
487
1057
1187
894
542
310
161
137
289
512
579
500
491
530
316
-182
-561
-608
-503
-373
-157
66
100
-25
-90
-61
-86
-190
-186
14
296
509
569
503
345
130
-109
-297
-381
-399
-353
-273
-235
-281
-392
-560
-775
-942
-948
-782
-572
-387
-172
98
288
305
247
258
398
575
748
943
1145
1229
1103
868
658
497
324
188
144
143
45
-140
-324
-505
-702
-865
-895
-845
-766
-697
-617
-530
-473
-396
-297
-167
-82
-47
4
85
157
127
52
10
-34
-155
-338
-480
-586
-682
-753
-707
-392
57
311
169
-113
-173
-105
-94
20
501
1122
1458
1367
1053
765
542
406
382
478
608
690
698
641
444
33
-406
-659
-693
-614
-418
-143
18
3
-47
-81
-184
-313
-281
-24
282
484
589
624
503
246
-20
-192
-266
-309
-299
-236
-192
-242
-357
-489
-658
-834
-923
-844
-649
-441
-227
7
230
394
437
438
496
592
684
761
875
1004
1043
940
769
578
316
49
-118
-153
-187
-312
-447
-526
-576
-656
-722
-750
-767
-753
-639
-442
-269
-164
-119
-75
-67
-91
-102
-77
-25
-4
5
-41
-160
-349
-572
-717
-791
-843
-882
-882
-802
-538
-127
165
161
-10
-50
57
154
311
707
1259
1640
1626
1293
920
700
638
628
652
690
665
572
483
361
31
-443
-772
-828
-726
-589
-406
-251
-239
-259
-198
-91
-76
-80
50
296
508
592
615
597
511
317
84
-104
-221
-303
-360
-344
-296
-273
-374
-582
-768
-818
-766
-724
-635
-407
-67
229
420
550
577
517
471
535
663
776
900
1020
1057
947
726
432
121
-115
-229
-231
-187
-141
-135
-196
-322
-473
-605
-675
-656
-556
-413
-275
-167
-116
-121
-183
-249
-276
-273
-260
-230
-183
-186
-271
-428
-569
-695
-817
-933
-988
-951
-868
-739
-517
-152
172
281
211
158
194
239
340
630
1126
1563
1646
1327
888
593
455
383
373
417
400
324
266
159
-184
-691
-1007
-1030
-937
-768
-492
-243
-176
-164
-39
117
106
8
93
358
609
720
741
707
573
321
51
-142
-268
-332
-354
-341
-328
-324
-361
-499
-700
-840
-828
-722
-540
-279
12
250
417
541
581
552
554
643
779
903
1029
1131
1164
1086
897
620
310
64
-46
-33
17
25
-27
-98
-200
-352
-524
-666
-715
-671
-542
-359
-175
-93
-145
-264
-343
-313
-222
-139
-58
7
12
-57
-170
-295
-447
-618
-726
-735
-689
-648
-610
-568
-525
-355
-65
192
216
109
137
251
303
370
689
1114
1285
1072
729
516
412
352
315
310
259
134
44
-12
-156
-437
-690
-799
-770
-647
-445
-247
-188
-184
-98
29
42
-29
-23
122
303
382
390
353
276
159
8
-120
-210
-263
-298
-276
-223
-185
-207
-331
-479
-554
-517
-421
-329
-227
-113
25
207
392
479
488
501
573
678
742
814
895
943
877
707
513
353
230
136
111
87
-4
-121
-182
-246
-405
-572
-620
-553
-486
-436
-381
-327
-287
-247
-168
-66
14
57
110
168
174
116
33
-37
-115
-200
-247
-277
-321
-412
-545
-656
-726
-727
-678
-514
-142
197
312
215
151
173
128
135
364
821
1152
1193
1021
777
542
315
218
237
274
200
107
110
48
-222
-615
-830
-875
-885
-853
-662
-432
-384
-413
-377
-265
-257
-294
-191
53
289
395
447
459
446
385
312
258
201
155
107
84
62
35
-51
-210
-375
-493
-527
-536
-502
-417
-260
-54
138
270
306
317
338
399
482
591
743
898
986
914
739
530
335
178
108
137
150
87
-34
-161
-319
-474
-578
-626
-622
-564
-456
-376
-330
-295
-237
-189
-175
-138
-53
63
136
137
100
92
85
11
-114
-196
-235
-308
-446
-580
-607
-565
-558
-576
-514
-298
-32
103
87
35
59
122
187
314
555
849
1006
960
756
558
411
323
294
289
264
114
-38
-117
-192
-436
-735
-834
-760
-697
-709
-644
-532
-461
-403
-245
-39
47
46
108
323
547
673
716
749
760
659
492
343
270
208
153
117
92
22
-151
-339
-488
-553
-563
-537
-466
-360
-236
-114
34
168
228
217
235
345
490
619
712
767
751
670
578
476
365
254
199
191
169
84
-77
-257
-434
-562
-618
-601
-579
-579
-585
-558
-486
-416
-367
-341
-274
-169
-42
84
160
182
159
140
111
62
-18
-93
-146
-195
-244
-292
-306
-333
-404
-532
-605
-573
-467
-250
0
153
107
22
34
52
45
152
485
799
887
772
614
439
232
119
143
256
265
173
84
20
-144
-441
-628
-621
-522
-471
-370
-211
-140
-162
-177
-85
-29
2
75
240
415
505
550
529
474
367
290
273
299
305
259
220
157
76
-61
-197
-297
-355
-366
-327
-235
-163
-123
-126
-116
-73
-18
13
43
149
298
426
482
520
526
457
372
334
359
355
315
266
209
101
-62
-218
-338
-411
-459
-467
-441
-422
-434
-459
-455
-431
-386
-317
-225
-136
-78
-35
-17
-23
-59
-87
-78
-48
-28
-33
-31
-30
-63
-144
-212
-264
-357
-489
-564
-476
-338
-214
-109
-21
-8
-86
-122
-117
-61
61
328
645
804
757
563
381
232
187
233
324
382
363
373
358
244
-20
-255
-341
-303
-240
-181
-89
-69
-98
-163
-185
-192
-178
-89
63
244
340
378
358
344
316
279
243
202
204
214
247
226
162
40
-87
-159
-209
-232
-237
-175
-117
-104
-136
-155
-160
-194
-194
-130
11
129
213
284
349
352
282
229
200
192
173
203
256
241
131
-13
-120
-224
-310
-339
-296
-268
-287
-320
-345
-383
-435
-440
-390
-334
-304
-263
-192
-139
-142
-177
-181
-142
-92
-44
7
33
17
-37
-101
-153
-187
-240
-326
-383
-386
-347
-327
-301
-205
-88
3
43
34
-10
-53
-17
95
238
375
497
578
567
487
404
370
362
361
399
460
499
462
355
200
47
-60
-97
-73
-26
33
65
46
-20
-69
-93
-112
-98
-18
87
122
121
111
74
-30
-125
-129
-73
-32
-15
38
77
80
61
51
20
-58
-100
-74
-17
-11
-15
8
44
47
6
-10
-6
6
4
17
43
59
52
45
60
60
58
49
54
61
47
13
-19
-19
-11
-8
-1
26
19
-34
-81
-88
-73
-61
-24
18
22
-29
-68
-83
-115
-172
-198
-158
-113
-99
-117
-140
-202
-297
-365
-378
-350
-318
-260
-186
-137
-145
-165
-182
-210
-225
-173
-41
58
102
132
164
129
39
2
48
140
206
277
327
331
274
215
200
181
168
153
195
255
302
284
226
180
134
127
120
133
125
130
126
86
6
-88
-127
-155
-143
-124
-103
-133
-184
-192
-172
-144
-168
-161
-127
-90
-84
-86
-68
-78
-93
-94
-48
-30
-49
-67
-50
-16
-9
-7
-20
-36
-58
-45
-8
14
5
-30
-45
-43
-27
-11
4
18
20
25
41
77
109
130
156
193
233
249
255
269
292
296
276
261
244
209
148
87
17
-52
-119
-147
-164
-202
-233
-279
-322
-327
-288
-263
-226
-155
-100
-75
-77
-21
31
85
147
161
190
198
203
209
230
240
179
145
131
82
-2
-56
-56
-66
-99
-137
-159
-188
-244
-286
-247
-172
-114
-54
-13
4
-12
-45
-46
0
63
106
123
144
166
168
122
35
-16
-33
-29
-30
-27
-37
-83
-132
-156
-189
-259
-301
-272
-213
-195
-199
-191
-181
-202
-237
-237
-199
-151
-115
-62
8
57
51
26
11
-3
-14
-11
21
44
32
19
39
57
28
-19
-30
-13
0
23
74
141
171
157
164
188
169
143
164
200
240
255
267
270
269
233
184
195
164
164
166
171
183
176
145
73
47
12
12
7
28
68
103
94
57
77
36
34
33
44
136
155
143
157
151
112
46
61
67
63
92
43
45
20
-63
-108
-111
-98
-104
-83
-54
-49
-61
-97
-142
-122
-103
-113
-125
-128
-127
-145
-127
-113
-120
-146
-193
-206
-198
-217
-246
-246
-259
-277
-317
-337
-325
-309
-321
-322
-254
-215
-190
-189
-188
-153
-137
-120
-88
-16
28
33
47
48
38
23
-4
-19
-2
7
15
-7
-27
-39
-56
-64
-81
-54
-49
-40
-23
7
31
6
8
24
70
97
120
164
185
227
228
242
247
231
255
214
272
284
229
249
196
173
168
135
114
117
98
78
66
104
79
55
101
84
148
167
142
156
152
186
197
189
207
208
205
152
165
202
154
143
118
96
106
67
36
2
-19
-12
-62
-67
-69
-85
-85
-66
-56
-67
-75
-117
-112
-104
-32
-43
-78
-32
-81
-93
-78
-81
-101
-97
-104
-143
-150
-150
-173
-190
-130
-163
-183
-129
-161
-166
-144
-142
-145
-90
-116
-144
-108
-113
-123
-136
-130
-146
-125
-147
-228
-241
-209
-220
-192
-153
-194
-183
-229
-266
-221
-158
-136
-153
-102
-68
-42
-28
-64
-39
13
46
82
78
149
183
137
160
152
155
148
116
129
149
186
140
103
144
111
60
64
107
118
120
97
101
144
131
59
31
111
158
109
121
164
189
170
104
120
143
151
138
153
189
218
99
23
86
116
119
78
91
97
109
55
40
66
77
30
16
68
63
47
3
18
47
81
61
19
43
37
38
53
62
65
41
70
50
50
41
-40
-32
-49
-45
-26
-71
-61
-63
-95
-121
-180
-152
-158
-200
-200
-215
-183
-232
-265
-179
-179
-185
-177
-200
-200
-190
-187
-242
-164
-102
-130
-87
-98
-125
-125
-135
-162
-112
-54
-47
-63
-20
-36
-91
-32
-97
-109
-24
1
33
17
-11
-28
-19
34
10
9
53
3
48
92
11
22
9
-36
-54
-76
-20
12
-27
3
-23
-6
-11
-109
-28
-10
27
16
5
49
20
34
35
47
80
64
47
123
97
87
77
84
75
54
171
169
106
115
97
116
126
87
144
221
256
219
260
259
214
212
180
278
300
263
298
254
262
265
141
138
84
23
88
70
49
30
-29
-53
-111
-135
-116
-132
-101
-123
-71
-62
-126
-106
-120
-121
-95
-120
-127
-121
-136
-132
-92
-37
-97
-95
-79
-146
-138
-97
-57
-32
6
30
-9
-10
-15
-45
-38
27
14
12
141
54
-44
26
-15
-61
-60
-73
-28
22
-45
-114
-105
-115
-194
-184
-124
-158
-133
-153
-159
-71
-85
-143
-122
-29
-60
-124
-58
-51
-128
-104
-57
-98
-44
-66
-94
-53
-53
-97
-133
-68
-108
-108
-35
-25
18
-50
-69
30
31
53
64
174
181
150
181
175
187
163
202
241
250
194
171
160
167
181
149
132
150
106
51
85
74
32
18
18
-31
-15
-6
-19
12
14
6
-8
27
-7
40
100
1
5
22
-56
-88
-35
-29
-30
-28
-62
-24
-42
-63
-95
-58
-12
-105
44
125
58
97
33
13
17
27
44
77
163
104
71
75
28
-31
-73
-20
4
-27
-1
13
-73
-152
-129
-165
-104
-74
-92
-26
-9
-32
-65
-53
-45
-56
-9
20
-43
29
17
-55
-39
-74
-130
-114
-131
-110
-60
-105
-123
-159
-130
-174
-198
-98
-135
-100
-67
-63
3
20
38
80
116
110
103
94
156
132
155
184
117
150
67
-38
14
-47
-22
-4
-56
31
-2
-56
-115
-137
-88
-135
-85
35
25
66
35
-6
76
52
37
79
103
193
195
142
149
101
68
33
42
59
-9
25
52
-67
-32
-14
-63
11
2
18
33
-11
-11
5
84
115
89
164
175
91
103
101
106
119
104
163
110
72
53
-18
-15
9
33
-5
14
18
-67
-82
-63
-104
-66
-67
-100
-55
-23
-43
-106
-69
-68
-88
-47
-47
-21
-23
-70
-84
-96
-107
-104
-72
-66
-73
-75
-77
-120
-117
-131
-128
-66
-51
-67
-61
-5
-58
-74
-37
-38
-15
-30
-42
-56
-70
-63
-23
-10
-61
-49
-65
-69
-92
-91
-54
-50
-32
-62
-65
-50
-79
-30
-17
-5
60
25
15
8
31
63
56
81
139
139
97
82
86
66
62
66
63
105
77
19
14
39
24
44
87
79
101
93
66
69
94
86
83
136
153
103
139
122
65
134
140
101
88
115
112
75
51
87
71
71
99
39
66
51
-12
-3
27
46
77
39
78
53
9
28
-6
60
52
73
96
81
70
39
20
-47
-20
15
-53
-3
-3
-82
-100
-119
-169
-178
-123
-162
-126
-96
-134
-184
-231
-193
-218
-195
-176
-169
-120
-150
-180
-190
-148
-216
-198
-115
-148
-72
-117
-173
-114
-101
-122
-194
-102
-80
-144
-86
-143
-99
-90
-132
-50
-22
-24
-57
-15
35
30
10
46
93
70
61
62
112
121
70
82
113
120
117
77
112
133
80
71
76
137
115
106
110
111
87
40
84
80
127
126
93
156
94
58
94
76
84
79
138
150
90
87
90
81
71
56
120
139
129
111
92
88
58
89
117
145
123
126
133
96
96
104
101
127
147
110
70
92
47
19
43
13
23
7
8
-31
-80
-88
-155
-129
-131
-132
-105
-158
-153
-171
-190
-205
-196
-180
-171
-143
-164
-156
-155
-165
-197
-186
-201
-160
-161
-183
-116
-138
-110
-195
-171
-140
-194
-165
-175
-107
-97
-144
-107
-112
-134
-131
-69
-13
-70
-53
-30
-21
31
5
28
98
26
-7
38
81
57
26
80
72
15
17
-9
-19
46
5
-7
43
25
-46
-26
42
-5
33
33
10
49
51
27
34
97
102
63
72
84
52
87
91
88
116
124
85
61
123
69
36
129
175
131
113
132
119
157
134
107
165
204
184
155
147
142
152
106
82
112
81
82
102
41
52
54
-14
-22
-20
2
-35
-37
-4
-19
1
-21
-54
-38
-33
-64
-32
-24
-36
-16
-22
-9
-26
-42
-67
-118
-42
-41
-59
-10
-5
-39
-99
-69
-78
-70
-58
-70
-19
-19
-23
-33
-58
-1
-5
-20
-29
-29
-2
-46
-4
19
25
10
-37
-47
-61
-54
-64
-51
-21
-5
-65
-86
-96
-92
-98
-111
-65
-56
-49
-55
-62
-64
-74
-49
-21
-31
-26
-23
-16
18
-7
-37
-25
5
7
-13
14
27
-13
-28
4
-8
-14
10
34
38
26
23
31
6
60
53
48
91
54
59
50
64
48
32
67
42
22
35
-34
-4
19
-9
-6
-35
-32
-17
-50
-54
-41
-26
2
-45
-2
21
3
11
-18
26
42
34
52
54
62
36
21
39
53
58
71
28
38
53
4
12
62
65
41
84
34
19
50
27
37
56
90
61
83
91
41
46
72
60
41
50
30
38
52
-2
-38
-22
-41
-50
-39
-60
-91
-63
-83
-110
-80
-117
-111
-83
-101
-105
-82
-50
-100
-69
-53
-79
-36
-78
-48
-42
-55
-6
-42
-44
-34
-62
-59
-27
-57
-59
-29
-49
-38
-53
-31
-40
-68
-23
-28
-38
-45
-37
-33
-51
-16
-44
-12
7
-37
7
-10
-31
-52
11
-1
-55
0
-31
-52
-15
-28
-88
-49
4
-52
-35
18
-46
-28
20
-4
26
23
24
48
46
45
23
76
70
47
94
99
80
59
84
81
33
71
97
97
62
75
91
42
80
34
47
113
132
103
108
144
91
94
98
80
124
103
103
119
83
80
67
61
33
38
49
53
15
28
43
2
21
-13
5
22
-35
-27
-15
3
-12
4
18
-20
17
5
-22
4
33
5
-6
23
-10
-21
4
-20
-35
-12
-48
-71
-51
-70
-86
-70
-57
-84
-98
-101
-102
-77
-92
-92
-57
-102
-100
-60
-91
-55
-33
-70
-71
-63
-48
-105
-75
-28
-63
-26
-34
-60
-99
-94
-61
-58
-19
-12
-33
-24
-26
-27
-50
-45
-4
-8
-11
15
8
5
20
-18
12
-1
19
17
-23
44
58
37
26
28
12
23
15
41
36
45
69
14
26
63
41
21
60
48
56
64
49
37
49
52
48
52
51
38
21
36
64
34
11
35
49
46
-2
27
41
42
61
15
57
84
32
20
64
76
36
74
74
48
31
11
21
43
44
5
20
23
-24
-5
-21
-51
16
-17
-24
-29
-55
-36
-68
-36
-59
-44
-14
-108
-55
-25
-92
-73
-57
-60
-65
-49
-71
-86
-60
-62
-109
-56
-49
-87
-48
-74
-56
-82
-77
-64
-80
-16
-40
-57
-23
-39
-44
-49
-58
-35
0
-22
-20
-1
-23
-24
-45
-38
8
10
-6
8
16
6
-28
-3
13
-2
31
8
20
25
-4
19
4
30
35
-9
16
-1
0
24
-4
1
-1
12
0
-27
7
-11
7
18
0
39
11
21
38
16
61
75
50
65
96
75
91
107
83
121
116
91
138
114
104
127
103
107
94
93
66
81
101
84
74
69
25
24
47
6
43
27
22
19
12
-7
-27
-4
-14
1
1
-21
-26
-29
-27
-23
-35
-37
-44
-48
-66
-58
-60
-71
-47
-29
-49
-71
-70
-92
-58
-47
-73
-30
-35
-29
-32
-83
-63
-61
-34
-19
-31
-25
-40
-20
-32
-71
-44
-17
-21
-32
-27
-37
-55
-13
-35
-51
-5
0
-53
-54
-11
-64
-62
-26
-37
-47
-25
-57
-112
-49
-74
-108
-43
-47
-57
-65
-60
-37
-81
-51
-25
-48
11
5
11
23
16
11
14
47
67
71
76
83
67
71
84
102
83
105
106
62
81
95
109
84
95
109
90
99
67
65
95
96
87
89
79
93
93
49
40
77
55
27
81
54
12
45
35
2
17
13
-14
-1
-14
-23
11
-11
-50
-47
-21
-27
-41
-39
-36
-24
-18
-42
-63
-24
-27
-49
-42
-29
-31
-55
-29
-53
-43
-32
-43
-40
-36
-17
-48
-47
-63
-20
-27
-32
-23
-31
-17
-29
-45
-68
-2
-58
-70
-37
-36
-25
-64
-37
-47
-97
-69
-71
-77
-51
-52
-37
-53
-48
-72
-89
-37
-42
-56
-14
8
-10
-25
-18
-3
0
0
-15
-5
29
34
-1
8
49
26
-4
46
35
-1
31
12
23
78
46
33
54
47
25
-10
46
54
48
82
57
73
50
21
25
25
54
59
41
56
49
49
32
12
48
29
37
32
51
46
31
71
24
32
57
23
34
42
36
45
56
59
16
19
50
10
11
40
26
43
26
-5
9
3
-15
14
40
23
23
9
2
17
-4
-6
19
29
33
34
-14
-13
-10
-32
-2
-13
20
-19
-10
11
-69
-63
-37
-37
-26
-33
-74
-51
-40
-71
-72
-33
-53
-60
-50
-66
-65
-83
-56
-52
-41
-43
-59
-60
-72
-65
-76
-74
-72
-46
-37
-63
-41
-45
-71
-60
-65
-63
-49
-35
-6
-12
-28
-46
-48
-49
-43
-30
-16
-3
2
9
-22
-35
-47
-28
-13
-6
6
-14
18
1
-22
-18
4
30
-27
15
31
1
42
25
20
42
51
29
22
42
49
44
64
59
30
66
67
27
42
72
85
35
42
64
41
68
42
58
87
79
53
48
91
57
69
105
88
65
82
84
51
90
67
69
86
77
74
32
72
28
32
69
1
56
43
16
45
-1
32
24
-1
25
-9
18
26
5
-9
5
1
-18
6
-23
-8
-32
-59
-17
-30
-42
-73
-54
-40
-69
-82
-88
-57
-59
-83
-74
-59
-57
-85
-99
-67
-89
-80
-80
-78
-50
-61
-88
-110
-73
-86
-85
-67
-60
-54
-85
-75
-105
-95
-51
-79
-41
-32
-67
-68
-49
-61
-70
-36
-38
-22
-22
-22
-40
-44
-1
-29
-32
-4
-14
6
31
-3
-4
17
11
-5
7
28
37
51
29
43
58
31
50
55
57
80
61
80
78
66
82
68
86
71
88
96
60
104
111
58
84
99
84
80
73
81
66
88
89
71
71
78
60
36
51
70
81
53
53
47
49
42
44
34
24
63
27
26
24
14
26
-8
18
21
-23
1
-1
-37
-14
-12
-20
-25
-51
-21
-44
-60
-35
-64
-57
-44
-53
-46
-64
-59
-41
-88
-84
-54
-59
-70
-44
-54
-83
-41
-93
-108
-62
-58
-64
-67
-53
-84
-76
-77
-86
-63
-56
-60
-60
-52
-88
-65
-50
-77
-37
-37
-52
-39
-53
-56
-49
-20
-20
-45
2
-2
-37
-17
-13
-32
1
21
-19
10
35
-8
-4
22
4
20
37
15
23
41
30
29
33
29
43
54
27
40
67
48
31
59
58
59
67
53
40
51
60
42
69
70
61
66
52
42
53
49
38
68
67
49
62
45
25
48
39
31
58
51
39
45
37
48
22
4
22
26
37
15
28
19
6
22
-16
7
18
-5
14
8
-9
0
4
-28
-10
2
-8
-8
-10
6
-26
-20
-24
-29
9
-21
-25
-13
-11
-26
-53
-29
-14
-39
-43
-21
-18
-37
-24
-28
-44
-30
-42
-31
-36
-29
-12
-45
-52
-35
-28
-47
-55
-51
-23
-34
-41
-19
-50
-56
-44
-32
-52
-41
-11
-38
-25
-13
-29
-55
-23
-3
-62
-20
-1
-20
-4
-13
-11
-33
-16
-18
-52
-6
16
-6
9
-1
-27
-18
-20
-8
19
20
23
16
7
2
4
16
31
24
12
47
35
15
17
10
29
30
29
18
26
39
13
15
21
27
23
19
29
41
47
17
11
46
27
27
54
45
38
42
42
24
33
34
41
60
43
49
37
33
19
24
48
30
47
27
35
54
12
16
38
41
36
28
25
29
26
8
25
36
23
33
34
7
1
21
-2
-15
5
5
15
5
-8
-7
-24
-16
-28
-23
7
-26
-37
-15
-18
-25
-42
-40
-35
-32
-38
-39
-31
-44
-42
-55
-54
-48
-70
-58
-49
-52
-63
-72
-41
-58
-64
-63
-67
-47
-73
-66
-38
-34
-45
-53
-48
-41
-53
-54
-13
-25
-46
-39
-28
-45
-51
-24
-33
-14
-22
-37
-25
-26
-36
-48
-16
0
-3
-2
-9
4
6
-13
-7
13
21
30
26
28
28
36
18
8
46
49
28
43
68
42
25
27
29
47
54
42
45
53
46
34
54
58
46
64
58
48
62
49
46
69
58
57
54
52
34
52
62
26
44
53
45
27
34
35
24
30
18
15
32
22
3
24
15
0
11
-10
-3
17
-11
-22
-8
-3
-30
-31
-14
-55
-25
-21
-65
-10
-21
-62
-33
-37
-43
-54
-45
-31
-36
-30
-50
-49
-30
-62
-74
-27
-27
-49
-42
-42
-46
-63
-67
-54
-51
-35
-41
-54
-31
-34
-59
-54
-41
-23
-27
-33
-6
-23
-27
-10
-18
-14
-6
-7
-2
11
1
-18
4
12
0
11
19
13
9
5
22
17
12
38
18
21
31
27
29
28
30
49
52
39
59
44
37
53
38
50
64
52
51
64
57
33
42
51
40
50
56
43
43
45
36
41
40
35
33
35
36
20
31
31
28
24
17
24
16
15
22
2
11
16
8
18
1
10
-7
-19
-6
-24
-11
13
-4
-15
-11
-19
-45
-34
-25
-36
4
9
-29
-21
-10
-37
-55
-30
-16
-17
1
-19
-33
-6
-36
-61
-23
-21
-30
-34
-16
-12
-28
-28
-36
-34
-37
-40
-29
-11
-16
-3
-13
-30
-26
-38
-29
-22
-4
3
0
-5
-15
-15
-18
-29
-9
14
-1
4
11
-3
-2
-14
-19
-5
6
1
2
25
5
-4
10
-7
-11
13
6
6
15
16
16
-6
5
-3
-7
17
4
7
17
8
1
-6
-3
19
9
0
13
-2
-8
5
-3
6
17
-5
11
11
-13
0
10
4
1
14
10
-7
4
9
-12
-10
14
-2
-16
9
9
-3
3
0
-13
-12
-6
-9
-4
20
1
-6
6
-8
-21
-20
-2
-4
-7
12
10
-6
-13
-9
-15
-13
3
-7
3
-3
-10
-2
-10
2
-3
-3
-6
-13
-3
-7
-14
3
5
-1
-3
-11
-8
-14
-11
2
6
2
-5
-14
-7
-2
-16
2
14
-3
-7
2
-7
1
9
0
-4
1
9
-7
-3
23
11
6
12
4
-5
8
10
15
22
19
8
-3
3
-7
5
24
19
16
11
15
7
8
12
9
17
10
10
16
13
20
19
15
10
6
12
-5
4
31
20
17
21
5
-9
-3
6
1
11
9
9
21
7
1
-3
6
10
-11
1
22
7
1
14
5
-9
-8
-18
1
10
-6
6
6
-19
-18
-4
-7
-9
3
-12
-16
-9
-25
-17
6
6
-9
0
-5
-26
-8
-8
-8
3
2
9
-7
-12
-12
-12
-4
-16
-15
-7
-18
-19
0
-2
-19
-11
-19
-31
-16
-18
-17
-6
14
-7
-20
-7
-24
-15
-14
-14
-5
-9
-1
-12
-18
-13
-26
-16
-4
-14
-16
-11
-18
-22
-5
-7
-11
-1
0
-10
0
0
-11
15
19
1
23
22
11
21
12
12
21
23
24
16
33
33
14
29
27
8
19
23
19
33
29
28
23
16
18
13
19
27
21
28
28
22
14
14
18
13
17
20
23
25
18
7
15
21
3
9
23
14
11
9
5
6
8
6
7
10
13
-1
-3
5
-1
1
8
10
7
7
-5
-6
5
-3
-6
0
10
-2
-7
1
-9
-11
-8
-17
-16
-12
-13
-21
-13
-14
-30
-26
-29
-34
-31
-25
-24
-25
-21
-26
-35
-41
-40
-38
-39
-32
-27
-21
-27
-37
-33
-40
-40
-36
-30
-23
-24
-25
-26
-30
-34
-31
-29
-29
-26
-22
-29
-32
-16
-27
-34
-18
-25
-31
-22
-26
-23
-21
-23
-14
-13
-11
-18
-18
-11
-14
-10
-2
3
5
6
-3
-2
3
-2
7
18
11
13
10
5
7
6
12
18
22
24
26
25
20
22
29
29
31
39
37
31
37
46
40
31
44
50
37
40
47
47
53
45
46
47
41
46
41
44
52
43
42
45
43
43
40
35
37
36
34
41
42
38
36
35
27
19
28
24
24
31
21
23
20
8
10
8
4
5
11
5
-4
-1
-8
-11
-14
-21
-19
-19
-18
-26
-29
-27
-32
-35
-42
-37
-30
-43
-46
-33
-39
-45
-34
-38
-42
-42
-46
-40
-41
-41
-37
-35
-38
-43
-38
-37
-38
-37
-34
-35
-39
-29
-34
-36
-29
-34
-34
-36
-34
-35
-33
-30
-31
-30
-28
-24
-24
-20
-20
-19
-14
-14
-17
-11
-8
-7
-2
-2
-3
-1
1
0
7
8
11
13
10
13
12
10
13
20
19
17
23
21
16
25
23
24
32
26
28
34
29
29
31
33
34
32
31
32
31
31
31
38
44
39
39
41
36
32
32
32
32
37
31
30
37
31
23
25
29
23
19
21
18
22
18
15
20
14
11
8
2
3
3
2
4
3
0
-9
-9
-6
-13
-12
-12
-8
-11
-10
-11
-20
-17
-14
-22
-22
-17
-22
-22
-20
-22
-23
-25
-26
-28
-27
-28
-27
-24
-25
-24
-26
-31
-29
-27
-30
-27
-23
-21
-21
-20
-21
-20
-16
-23
-22
-17
-17
-18
-12
-10
-13
-7
-12
-13
-7
-7
-11
-4
-4
-7
-3
-5
-6
-2
-3
-2
1
1
1
8
4
6
14
9
6
9
8
6
10
14
17
16
21
18
16
17
14
13
14
18
13
17
18
12
15
14
9
10
9
6
7
7
7
10
9
5
6
2
-1
3
1
2
5
5
4
5
2
-1
-1
-3
-1
0
3
7
4
2
4
1
-3
0
0
0
3
4
1
1
0
-4
-3
-2
-4
-4
-4
-5
-5
-4
-6
-3
-2
-7
-4
-8
-11
-7
-8
-8
-1
-4
-5
0
-7
-11
-6
-9
-7
-1
-3
-2
-3
-7
-7
-7
-9
-6
-6
-6
-4
-7
-3
-6
-8
-3
-5
-8
-4
-3
-3
-4
-3
-3
-2
-1
-4
0
1
-3
0
3
4
5
7
6
4
2
1
3
3
5
5
5
6
4
3
5
0
2
4
4
6
7
8
7
5
5
5
1
4
5
6
6
5
6
7
5
0
1
2
1
4
6
5
9
5
2
4
-1
-1
1
3
3
5
6
2
4
2
-1
0
-1
1
3
3
5
5
2
0
-1
-3
-3
-5
-3
-1
-2
-1
-3
-4
-2
-8
-9
-6
-5
-6
-3
-3
-4
-3
-8
-6
-5
-7
-5
-5
-4
-3
-3
-4
-4
-3
-5
-7
-6
-4
-4
-3
0
-1
-1
2
0
0
1
-1
0
2
2
4
5
3
3
1
-1
-1
0
2
2
2
3
3
1
0
0
-3
-1
-2
-4
-2
-1
-4
-3
-3
-4
-5
-5
-4
-4
-1
0
1
2
0
0
0
1
0
1
4
6
4
3
7
4
5
6
6
7
10
11
11
14
13
13
15
14
12
13
15
14
14
16
13
16
12
9
13
10
10
11
12
12
11
9
9
6
5
4
4
4
4
3
4
3
1
-1
0
-1
-1
-1
-2
-3
-3
-3
-6
-4
-8
-10
-9
-8
-9
-8
-8
-12
-13
-13
-14
-13
-12
-10
-11
-10
-10
-14
-12
-12
-15
-13
-12
-13
-13
-12
-14
-13
-14
-15
-15
-15
-17
-16
-16
-17
-17
-17
-17
-18
-18
-16
-13
-13
-13
-12
-13
-13
-13
-12
-9
-8
-8
-7
-4
-3
-4
-2
0
-1
-2
-2
-2
-1
2
2
1
2
0
1
3
6
6
8
8
7
9
6
8
8
7
9
10
10
11
12
12
10
10
8
10
10
11
10
11
12
12
13
13
11
10
9
9
12
12
12
11
10
8
8
8
9
10
10
11
10
9
7
7
8
6
4
5
4
3
4
4
3
4
2
-1
-1
-1
0
3
1
2
4
0
0
-2
-1
-1
-2
-3
-1
-3
-4
-4
-5
-4
-5
-5
-5
-4
-2
-3
-5
-4
-3
-4
-5
-4
-5
-3
-5
-5
-6
-7
-7
-7
-6
-5
-6
-6
-5
-4
-5
-4
-4
-3
1
-2
-3
-2
-1
-2
-3
-4
-2
-1
-2
-1
-2
-2
-3
-2
-2
-1
0
1
1
1
1
0
-1
0
0
2
3
3
3
3
2
2
2
2
3
3
3
4
2
2
3
1
3
5
2
3
4
3
3
4
2
2
4
4
4
5
4
4
2
3
4
3
3
4
4
3
2
2
1
3
2
1
3
3
3
3
1
2
1
1
1
0
1
-1
-1
-3
-3
-2
-3
-4
-3
-3
-4
-3
-3
-4
-3
-3
-4
-4
-3
-4
-3
-3
-3
-3
-2
-1
-1
-3
-3
-1
-2
-2
0
-1
1
0
-2
1
0
-2
0
-1
0
0
-1
-1
0
-1
-1
0
-1
-2
-1
-2
-1
-3
-1
-1
-2
0
-1
-2
-2
-3
-4
-2
-3
-4
-4
-3
-5
-5
-7
-5
-5
-4
-3
-2
-1
