3
1
1
2
3
6
7
8
6
8
6
4
4
6
9
8
10
8
8
6
5
6
8
10
11
13
13
13
13
13
11
12
14
16
16
15
15
14
12
11
13
12
12
10
7
3
0
-2
-4
-3
-5
-2
-3
-5
-4
-10
-12
-15
-17
-16
-14
-14
-13
-16
-20
-18
-22
-27
-30
-27
-27
-30
-34
-36
-39
-40
-42
-44
-40
-37
-36
-37
-38
-38
-38
-38
-36
-32
-26
-20
-19
-18
-16
-19
-22
-21
-19
-18
-12
-12
-10
-11
-13
-13
-18
-16
-14
-12
-10
-7
-6
-4
-6
-6
-3
-6
6
14
17
16
24
34
33
35
41
50
64
74
75
81
88
89
84
81
81
87
88
89
90
86
83
71
63
57
60
63
61
65
65
62
54
47
46
52
59
61
64
72
70
63
52
43
44
44
44
44
48
47
40
22
4
-3
-7
-13
-20
-23
-24
-33
-44
-59
-69
-75
-82
-81
-81
-77
-83
-95
-107
-118
-119
-113
-109
-101
-93
-91
-104
-114
-123
-133
-133
-144
-134
-130
-125
-141
-161
-169
-177
-171
-174
-163
-155
-155
-170
-193
-210
-221
-211
-182
-123
-45
16
53
68
79
87
87
88
107
157
200
226
228
214
193
163
133
113
112
119
124
108
67
19
-26
-65
-82
-80
-57
-19
7
23
16
-6
-24
-31
-17
9
47
78
103
113
109
90
73
60
66
79
94
114
126
132
108
84
56
44
37
44
56
70
89
77
68
40
33
38
50
76
99
133
149
159
152
139
132
129
137
147
164
172
176
165
141
112
75
56
46
47
55
51
44
22
-8
-44
-73
-94
-100
-96
-93
-92
-102
-123
-153
-179
-201
-203
-191
-174
-167
-176
-200
-220
-241
-260
-268
-262
-258
-253
-264
-277
-305
-338
-373
-400
-411
-409
-356
-283
-158
-47
40
72
31
-21
-56
-18
54
156
244
311
341
319
278
209
170
155
183
215
240
248
221
171
73
-22
-97
-105
-52
28
94
107
74
-4
-89
-167
-190
-152
-75
12
64
69
30
-24
-72
-91
-91
-64
-12
44
89
87
47
-11
-61
-79
-73
-35
5
48
65
43
2
-53
-84
-98
-77
-44
-3
34
54
63
54
42
27
24
33
66
110
159
195
207
205
179
166
155
171
197
229
260
272
260
227
191
153
134
119
118
128
136
145
135
108
68
33
7
3
16
35
48
51
36
9
-26
-59
-67
-62
-39
-14
-9
-17
-42
-66
-84
-98
-103
-97
-80
-66
-63
-75
-96
-113
-124
-133
-145
-154
-149
-138
-138
-157
-195
-230
-250
-257
-261
-262
-267
-271
-277
-295
-305
-301
-274
-225
-168
-119
-98
-108
-133
-146
-143
-115
-68
-11
45
80
92
91
81
77
76
83
99
121
148
168
167
146
112
81
61
62
82
101
114
109
86
51
6
-22
-30
-23
-2
14
23
21
11
2
-13
-30
-42
-46
-40
-28
-16
-14
-16
-27
-41
-49
-56
-55
-46
-32
-18
-9
-7
-6
-8
-12
-11
-2
16
41
66
84
100
105
109
108
108
112
128
151
173
193
197
197
187
181
181
185
199
214
229
238
240
230
217
193
175
160
155
160
165
167
153
137
116
100
82
63
49
45
53
56
52
29
1
-30
-53
-70
-79
-77
-68
-59
-64
-84
-104
-114
-119
-117
-121
-121
-114
-111
-105
-115
-124
-137
-146
-157
-166
-169
-171
-167
-183
-205
-233
-261
-274
-289
-302
-325
-348
-373
-394
-409
-402
-351
-273
-198
-179
-216
-283
-319
-303
-241
-154
-72
6
55
80
73
50
34
50
88
140
193
233
270
274
254
196
134
100
112
165
218
251
234
186
113
42
-7
-22
8
54
102
114
98
55
9
-26
-56
-66
-66
-42
-10
21
31
19
-7
-34
-51
-58
-45
-20
17
47
62
53
30
6
-13
-13
-4
19
49
87
115
125
115
92
84
82
105
137
180
216
241
240
218
191
163
166
183
224
267
307
327
323
305
267
248
233
243
261
282
294
295
276
239
199
151
132
123
135
144
140
122
75
29
-23
-62
-96
-110
-107
-99
-100
-123
-155
-199
-232
-262
-284
-296
-290
-273
-271
-279
-304
-325
-332
-339
-360
-383
-395
-389
-374
-374
-380
-387
-406
-442
-493
-539
-560
-575
-586
-601
-564
-454
-280
-131
-108
-183
-306
-366
-344
-242
-101
49
179
263
280
226
172
138
174
241
311
384
448
487
454
348
181
53
6
70
184
275
323
288
187
25
-127
-223
-213
-116
6
93
102
62
-2
-57
-110
-139
-126
-64
36
118
164
152
107
52
6
-15
2
67
145
213
224
186
115
43
-6
-25
-16
12
59
114
158
155
114
46
-12
-20
31
128
223
291
318
311
273
235
212
228
284
358
435
474
482
462
422
368
316
281
283
317
353
372
343
280
198
132
88
73
84
113
140
132
101
36
-20
-66
-86
-91
-94
-91
-90
-92
-123
-160
-223
-281
-317
-329
-324
-310
-293
-286
-300
-344
-398
-459
-473
-451
-422
-402
-408
-417
-441
-465
-502
-524
-528
-514
-515
-547
-574
-589
-603
-636
-677
-711
-648
-474
-218
-6
47
-36
-173
-260
-261
-162
-5
186
346
444
461
390
305
247
244
268
304
359
436
477
437
306
113
-41
-98
-32
77
186
254
263
184
27
-128
-221
-198
-96
41
149
188
176
141
90
26
-19
-24
31
104
181
234
237
195
122
47
-6
-17
21
94
137
135
101
45
-15
-76
-110
-106
-60
22
114
170
191
180
146
121
112
162
260
361
445
483
466
430
384
352
351
361
404
450
477
466
421
349
270
205
171
176
200
233
254
245
202
137
75
30
17
39
74
96
94
74
28
-54
-130
-172
-168
-147
-152
-179
-208
-243
-287
-343
-386
-420
-448
-454
-426
-381
-365
-369
-418
-461
-503
-529
-534
-502
-422
-370
-369
-425
-465
-499
-534
-570
-586
-580
-565
-561
-598
-634
-655
-603
-479
-287
-74
60
57
-27
-93
-109
-49
26
141
274
391
488
510
470
382
303
251
243
282
356
415
397
305
148
-2
-100
-93
-3
100
163
179
154
90
2
-75
-105
-78
15
122
204
236
241
225
185
128
83
77
101
147
170
177
138
84
31
-38
-83
-110
-89
-52
-32
-24
-35
-57
-93
-107
-92
-41
42
149
254
307
318
297
264
244
256
302
372
438
476
478
438
375
321
287
268
277
305
341
343
326
290
247
206
179
180
205
255
292
306
277
221
174
140
119
102
101
91
68
39
0
-56
-122
-197
-273
-333
-362
-355
-355
-372
-397
-421
-455
-503
-540
-549
-533
-523
-528
-529
-521
-518
-528
-539
-534
-537
-533
-527
-525
-540
-592
-664
-744
-786
-790
-739
-634
-466
-228
-38
57
24
-68
-123
-127
-62
54
211
369
494
555
522
434
321
247
222
234
294
352
394
357
251
93
-55
-117
-86
29
140
240
307
307
248
131
36
-11
16
112
228
325
380
391
331
233
118
35
19
28
65
89
85
46
-28
-114
-213
-274
-303
-261
-184
-110
-59
-64
-81
-112
-108
-71
8
127
231
324
378
417
442
438
406
363
338
342
391
443
472
453
393
322
243
183
150
149
175
210
252
279
290
276
251
221
206
230
289
359
405
408
367
303
222
182
129
74
39
38
84
57
-48
-182
-282
-355
-438
-480
-464
-410
-375
-388
-434
-493
-557
-630
-675
-659
-560
-440
-365
-394
-519
-621
-687
-680
-663
-649
-633
-636
-639
-681
-738
-856
-977
-1034
-912
-510
-29
367
472
357
166
-10
-81
-76
85
308
550
716
747
691
511
281
12
-183
-219
-86
141
254
227
52
-136
-277
-341
-286
-167
49
284
489
583
542
422
290
229
221
295
398
525
628
624
533
343
159
-27
-170
-269
-306
-256
-198
-146
-182
-259
-365
-455
-484
-488
-405
-271
-77
99
184
242
259
288
288
300
365
460
586
658
685
618
511
363
212
108
48
92
150
218
238
232
194
140
91
54
89
169
326
487
617
659
636
585
503
440
378
373
381
394
384
319
203
43
-105
-235
-302
-336
-322
-292
-270
-249
-269
-302
-363
-401
-417
-410
-359
-309
-251
-251
-266
-265
-320
-437
-675
-899
-962
-894
-750
-693
-750
-884
-1067
-1325
-1609
-1665
-1361
-665
15
450
646
598
462
179
-73
-230
-168
111
479
818
904
828
519
47
-449
-791
-809
-600
-287
-53
44
-60
-253
-395
-483
-431
-269
52
469
827
1029
1039
899
691
540
394
317
280
313
424
466
434
296
96
-177
-421
-591
-635
-534
-393
-168
12
137
196
184
139
85
89
127
257
428
623
755
681
540
386
291
181
36
-12
8
92
139
169
145
73
1
-56
-12
68
205
357
483
565
628
631
571
505
453
472
487
502
509
481
369
230
95
-34
-127
-215
-225
-198
-146
-86
-45
-42
-77
-95
-108
-86
-65
-23
23
57
80
67
-2
-153
-301
-428
-470
-476
-470
-486
-625
-829
-1024
-1100
-1104
-1025
-960
-898
-938
-1069
-1202
-1408
-1385
-1043
-122
845
1369
1413
1095
822
314
-142
-522
-653
-550
-309
141
340
265
-188
-659
-1098
-1387
-1276
-879
-307
-5
177
251
294
332
283
289
310
587
989
1281
1226
874
510
153
-81
-293
-455
-639
-731
-572
-263
15
63
20
-75
-80
14
186
370
491
660
873
1110
1177
1077
769
376
62
-108
-128
-192
-259
-336
-319
-282
-230
-137
-36
183
405
661
847
951
950
810
648
519
488
468
461
435
385
324
243
143
-1
-135
-201
-170
-104
-32
22
35
27
34
87
158
220
271
318
327
304
251
168
67
-3
-42
-103
-184
-260
-279
-297
-352
-408
-444
-466
-505
-525
-529
-523
-539
-517
-431
-377
-370
-425
-494
-624
-705
-713
-735
-906
-1217
-1507
-1691
-1350
-538
450
1113
1393
1534
1263
711
52
-398
-732
-992
-824
-341
180
367
272
-84
-587
-936
-1006
-837
-630
-288
62
340
495
538
484
231
107
247
538
701
668
519
256
-21
-262
-462
-727
-937
-990
-822
-518
-153
170
273
286
295
380
407
382
389
435
570
725
894
891
703
378
41
-209
-388
-455
-507
-487
-383
-190
24
175
289
351
431
701
1210
1661
1770
1587
1364
1078
640
166
-181
-348
-376
-193
100
339
414
328
189
69
86
196
299
360
416
452
399
289
164
27
-122
-171
-58
85
94
-32
-192
-326
-411
-463
-526
-585
-607
-549
-418
-291
-200
-190
-243
-315
-366
-405
-496
-532
-444
-337
-412
-622
-808
-919
-953
-993
-1089
-1236
-1313
-1369
-1533
-1324
-443
755
1581
1896
2083
1931
1382
614
-94
-671
-1141
-1192
-860
-342
66
195
14
-326
-600
-766
-759
-583
-172
206
457
655
809
885
700
482
352
334
303
182
-9
-324
-578
-702
-721
-808
-941
-1009
-962
-747
-406
0
265
436
570
680
714
625
469
251
125
140
248
326
289
137
-108
-320
-458
-515
-560
-565
-447
-185
181
524
814
1000
1106
1132
1305
1548
1566
1358
1117
999
767
481
198
-39
-206
-257
-147
14
224
378
483
562
737
913
941
873
745
599
380
235
156
82
-32
-160
-180
-165
-188
-303
-422
-513
-546
-518
-484
-459
-465
-466
-463
-408
-334
-281
-307
-394
-432
-397
-377
-498
-694
-856
-939
-994
-971
-891
-877
-985
-1185
-1394
-1600
-1771
-1952
-1630
-319
1513
2710
2777
2478
2091
1302
66
-990
-1478
-1696
-1660
-1201
-283
580
878
518
-110
-475
-559
-486
-336
-20
252
401
654
1063
1360
1096
521
80
-6
-16
-282
-662
-963
-956
-795
-575
-442
-526
-739
-913
-741
-315
161
411
441
483
591
676
526
255
-83
-363
-449
-294
-3
115
37
-180
-328
-328
-276
-299
-437
-441
-248
116
562
1016
1319
1451
1629
1756
1688
1386
973
517
164
68
125
229
307
368
389
433
530
607
611
596
708
914
1171
1324
1251
968
607
307
89
-11
-69
-131
-166
-123
-59
-94
-243
-440
-564
-602
-577
-497
-379
-272
-203
-171
-151
-166
-296
-536
-799
-943
-980
-1012
-999
-971
-982
-1032
-1029
-1007
-1201
-1615
-2024
-2298
-2301
-1577
15
1765
2729
2815
2500
1920
992
-200
-1262
-1961
-2234
-2029
-1363
-325
632
1024
761
266
-47
-206
-313
-321
-159
63
346
771
1251
1504
1310
849
420
177
-60
-501
-1006
-1291
-1171
-802
-427
-249
-345
-573
-716
-567
-205
137
277
254
268
357
418
284
-22
-389
-657
-675
-482
-220
-76
-102
-234
-320
-263
-152
-116
-151
-174
-146
17
330
656
846
918
998
1190
1443
1498
1231
794
417
210
167
224
308
373
409
507
696
888
956
879
758
747
897
1061
1138
1089
900
630
400
279
184
28
-173
-276
-225
-116
-48
-70
-151
-197
-169
-117
-86
-124
-234
-327
-353
-333
-341
-442
-672
-917
-1073
-1187
-1327
-1495
-1590
-1574
-1472
-1399
-1473
-1698
-1674
-786
822
2153
2497
2213
1810
1203
208
-881
-1621
-2082
-2388
-2293
-1474
-204
773
1047
770
424
217
126
99
58
-39
-142
45
616
1270
1499
1180
729
448
263
-107
-674
-1202
-1424
-1214
-722
-169
180
198
-21
-188
-95
100
156
-23
-230
-257
-108
55
27
-208
-531
-743
-741
-568
-369
-320
-404
-463
-329
-69
100
69
-84
-177
-172
-62
151
405
628
782
898
934
834
585
263
11
-94
4
265
593
853
988
1042
1036
989
882
762
654
593
640
768
874
855
771
680
601
535
466
402
319
254
229
227
214
181
135
63
-15
-84
-134
-182
-205
-179
-119
-81
-146
-316
-521
-698
-896
-1114
-1293
-1408
-1421
-1368
-1365
-1526
-1779
-1818
-1201
199
1725
2530
2477
2055
1464
488
-753
-1709
-2208
-2520
-2576
-1986
-789
350
910
900
633
356
159
66
-38
-217
-405
-367
85
788
1294
1279
964
694
500
139
-473
-1081
-1424
-1341
-910
-327
186
431
403
283
280
343
262
-21
-323
-441
-371
-210
-141
-261
-505
-704
-710
-559
-383
-336
-426
-507
-429
-211
-45
-30
-134
-235
-238
-152
-18
117
245
398
578
683
631
442
155
-97
-186
-122
40
272
537
776
989
1146
1198
1109
881
623
439
365
385
434
469
510
597
716
807
825
759
653
544
456
350
185
20
-25
42
101
126
138
133
111
101
86
1
-167
-346
-496
-704
-934
-1081
-1171
-1241
-1290
-1317
-1340
-1374
-1426
-1207
-266
1214
2386
2648
2250
1729
1048
-9
-1185
-2022
-2451
-2605
-2322
-1411
-153
818
1166
1096
882
619
284
-61
-307
-475
-513
-264
337
984
1275
1200
969
723
362
-236
-972
-1537
-1630
-1279
-723
-181
210
381
368
342
366
326
115
-155
-303
-279
-137
-40
-115
-375
-655
-816
-818
-707
-630
-629
-642
-552
-318
-57
102
64
-81
-172
-126
-8
47
34
-12
45
270
527
606
414
77
-228
-350
-291
-136
30
213
493
802
1065
1181
1102
852
564
430
432
467
434
349
279
304
463
641
713
602
421
333
368
414
336
184
80
91
167
261
319
269
159
91
87
44
-120
-383
-626
-775
-894
-1030
-1127
-1158
-1152
-1172
-1266
-1421
-1532
-1178
-6
1601
2725
2941
2665
2188
1346
88
-1144
-1962
-2499
-2765
-2442
-1392
-85
854
1256
1273
1110
812
428
62
-261
-507
-555
-192
520
1172
1439
1376
1248
1055
579
-239
-1118
-1678
-1773
-1478
-1002
-512
-137
95
269
452
588
508
200
-168
-365
-318
-182
-117
-212
-412
-585
-630
-575
-580
-716
-913
-1009
-907
-645
-359
-201
-177
-168
-63
103
207
214
176
178
251
381
485
433
208
-71
-247
-292
-285
-263
-160
57
365
691
937
1031
947
748
560
489
484
436
341
279
315
427
546
612
556
354
124
-17
-79
-125
-168
-138
17
262
476
566
526
417
292
130
-51
-224
-405
-633
-829
-889
-905
-1024
-1237
-1422
-1505
-1535
-1602
-1480
-741
587
1888
2616
2804
2629
2104
1163
2
-1015
-1777
-2273
-2370
-1862
-875
143
850
1148
1187
1024
690
291
-78
-353
-531
-415
87
770
1303
1553
1641
1579
1288
686
-147
-917
-1374
-1456
-1274
-931
-539
-209
61
323
554
592
379
20
-292
-419
-393
-287
-207
-181
-191
-218
-233
-282
-426
-696
-989
-1152
-1114
-914
-673
-453
-283
-155
-51
28
97
112
47
18
137
356
501
500
373
176
-5
-165
-296
-394
-420
-289
11
378
684
887
955
893
781
661
529
365
233
189
240
343
446
525
532
468
354
210
59
-78
-172
-178
-69
83
233
338
363
338
296
238
115
-97
-366
-593
-697
-736
-795
-886
-1014
-1150
-1258
-1363
-1552
-1713
-1374
-271
1190
2253
2655
2641
2352
1693
662
-409
-1296
-2008
-2444
-2314
-1484
-348
591
1115
1327
1355
1165
809
354
-140
-604
-794
-475
177
838
1299
1607
1804
1780
1389
579
-372
-1130
-1497
-1481
-1217
-824
-445
-88
286
631
791
628
229
-209
-483
-565
-541
-476
-420
-356
-262
-132
-45
-111
-356
-690
-933
-1004
-916
-769
-640
-524
-401
-257
-134
-52
-4
20
76
224
437
573
524
344
157
-8
-190
-373
-497
-505
-358
-57
310
633
828
887
863
786
661
492
290
90
-34
-31
54
146
226
296
351
363
296
145
-77
-288
-377
-309
-146
20
152
261
349
389
337
170
-122
-467
-736
-922
-1045
-1116
-1160
-1188
-1198
-1221
-1388
-1517
-1088
90
1501
2385
2648
2613
2378
1735
708
-288
-1108
-1825
-2315
-2193
-1335
-226
657
1170
1443
1515
1308
925
474
23
-424
-635
-380
181
765
1210
1593
1905
1961
1550
680
-286
-1007
-1346
-1386
-1237
-964
-657
-272
216
727
995
851
409
-81
-400
-565
-637
-675
-662
-549
-355
-115
25
-29
-266
-588
-837
-955
-947
-905
-853
-715
-464
-164
32
113
143
161
181
212
269
289
233
130
69
62
26
-89
-247
-341
-322
-192
30
291
532
704
834
928
938
813
573
309
77
-76
-158
-189
-168
-100
8
108
171
152
20
-170
-326
-374
-346
-298
-244
-147
5
124
151
57
-163
-445
-726
-962
-1146
-1271
-1352
-1388
-1389
-1425
-1611
-1805
-1485
-298
1293
2377
2713
2749
2712
2241
1172
-33
-982
-1737
-2348
-2395
-1593
-371
638
1265
1713
1977
1867
1423
860
307
-259
-611
-481
53
675
1188
1696
2207
2476
2158
1248
149
-727
-1181
-1327
-1284
-1079
-736
-259
322
918
1257
1129
629
69
-298
-522
-707
-848
-861
-713
-446
-130
91
135
-43
-348
-631
-828
-965
-1095
-1165
-1078
-806
-459
-205
-69
28
140
214
187
75
-44
-35
66
155
210
248
206
50
-99
-195
-210
-166
-88
51
277
556
814
1007
1025
867
642
399
171
-33
-189
-273
-252
-131
0
111
150
123
40
-74
-184
-288
-351
-363
-312
-233
-139
-64
-88
-199
-362
-594
-886
-1150
-1335
-1466
-1512
-1472
-1440
-1506
-1730
-1917
-1623
-552
906
1984
2410
2467
2410
2010
1087
-44
-1023
-1785
-2339
-2374
-1685
-586
433
1161
1709
2055
2048
1691
1147
581
20
-391
-456
-139
389
961
1599
2230
2614
2445
1696
670
-249
-800
-1056
-1144
-1073
-782
-253
412
1060
1442
1409
1033
532
88
-301
-649
-926
-1026
-894
-566
-143
205
383
326
83
-234
-555
-840
-1088
-1226
-1204
-985
-635
-313
-84
74
208
281
246
186
218
256
173
82
64
-9
-201
-410
-511
-442
-259
-65
153
427
679
872
987
979
828
553
223
-50
-213
-311
-349
-276
-103
102
258
335
306
136
-133
-410
-602
-675
-650
-556
-404
-170
55
131
20
-238
-572
-927
-1252
-1559
-1766
-1831
-1862
-1929
-2004
-1856
-1253
-182
981
1787
2151
2174
1988
1496
663
-299
-1183
-1877
-2311
-2249
-1626
-708
169
818
1297
1551
1536
1296
898
438
-24
-263
-189
154
630
1141
1723
2240
2491
2249
1553
647
-193
-738
-1017
-1072
-941
-608
-74
563
1178
1550
1567
1251
789
356
-44
-400
-688
-804
-718
-444
-76
207
324
258
113
-67
-293
-549
-800
-946
-937
-741
-432
-142
71
204
338
426
395
250
83
29
53
89
76
43
-34
-192
-311
-370
-363
-294
-126
142
465
778
990
1107
1096
933
668
323
-37
-344
-527
-571
-475
-264
-40
163
278
287
184
-17
-284
-584
-792
-839
-733
-558
-341
-113
23
33
-99
-371
-766
-1209
-1605
-1914
-2097
-2195
-2245
-2259
-2040
-1267
40
1311
1987
2123
2076
1896
1305
332
-670
-1454
-2029
-2350
-2151
-1412
-485
275
838
1282
1488
1367
1005
561
132
-234
-374
-235
130
613
1154
1734
2223
2422
2131
1429
566
-179
-674
-976
-1096
-976
-570
32
689
1271
1592
1561
1232
793
357
-75
-478
-781
-871
-713
-356
52
372
535
538
433
204
-142
-543
-904
-1110
-1105
-880
-532
-169
154
439
688
815
768
665
572
423
200
21
-108
-237
-334
-384
-336
-195
-25
130
311
509
689
852
928
903
824
669
450
228
41
-129
-237
-233
-121
47
184
271
261
119
-127
-412
-649
-792
-838
-791
-625
-376
-137
24
74
-27
-279
-640
-1077
-1537
-1950
-2266
-2447
-2513
-2467
-2104
-1273
-115
986
1738
2057
2013
1692
1055
183
-740
-1537
-2099
-2362
-2212
-1623
-752
85
697
1116
1321
1254
910
452
6
-367
-530
-428
-55
479
1097
1701
2177
2371
2114
1478
652
-127
-729
-1130
-1304
-1213
-808
-156
597
1282
1726
1838
1606
1167
621
45
-486
-883
-1036
-917
-569
-142
261
553
662
618
431
119
-295
-731
-1061
-1190
-1065
-763
-394
-8
377
715
908
894
665
339
86
-7
-1
0
15
57
105
143
148
139
155
204
254
337
489
691
892
1018
1045
992
845
584
278
22
-153
-233
-213
-105
48
188
287
319
282
158
-73
-357
-572
-646
-589
-451
-273
-108
-6
-36
-216
-515
-885
-1282
-1686
-2018
-2266
-2435
-2530
-2386
-1806
-780
403
1352
1882
1988
1813
1361
618
-321
-1249
-1967
-2403
-2457
-2051
-1249
-345
380
896
1199
1260
1010
568
90
-354
-663
-765
-554
-93
548
1248
1872
2295
2315
1925
1207
377
-371
-940
-1292
-1439
-1258
-740
-6
755
1349
1692
1691
1430
993
444
-153
-709
-1049
-1124
-915
-512
-27
418
707
828
762
520
95
-443
-935
-1269
-1364
-1231
-896
-436
63
545
917
1099
1003
713
342
-46
-337
-413
-265
-48
185
432
646
769
728
567
366
210
112
107
225
414
656
893
1060
1107
1044
883
652
424
216
40
-105
-184
-183
-97
77
252
349
323
194
14
-131
-199
-236
-282
-345
-410
-457
-472
-527
-684
-896
-1088
-1265
-1452
-1659
-1864
-2058
-2183
-2038
-1459
-502
473
1179
1551
1666
1565
1144
415
-461
-1232
-1796
-2111
-2074
-1643
-938
-227
383
875
1196
1237
963
502
-13
-451
-761
-876
-737
-323
352
1119
1806
2206
2214
1860
1240
538
-164
-801
-1328
-1605
-1475
-996
-326
327
891
1273
1391
1255
882
347
-273
-832
-1183
-1243
-1026
-635
-160
313
715
933
890
583
78
-492
-1023
-1409
-1564
-1478
-1182
-725
-148
441
918
1171
1160
950
623
311
84
-60
-147
-120
77
352
611
781
853
839
750
594
434
322
248
261
369
545
759
974
1123
1171
1144
1010
747
404
74
-162
-269
-275
-203
-68
88
241
362
434
426
284
37
-224
-467
-696
-853
-938
-989
-972
-894
-826
-827
-895
-1057
-1333
-1694
-2074
-2235
-2029
-1471
-682
188
935
1386
1602
1592
1342
810
84
-650
-1250
-1624
-1743
-1491
-968
-377
162
640
1002
1101
965
647
206
-261
-627
-796
-764
-454
126
851
1540
2019
2214
2082
1684
1082
386
-343
-1038
-1542
-1740
-1597
-1214
-674
-86
432
796
952
888
589
132
-366
-772
-990
-1036
-918
-670
-351
-16
290
483
473
278
-58
-464
-845
-1150
-1328
-1342
-1169
-825
-369
118
547
852
1004
1039
1015
957
832
654
501
416
383
366
365
403
467
511
532
567
601
652
730
789
813
839
877
890
880
844
779
681
549
381
229
146
135
156
162
158
138
117
91
41
-68
-216
-370
-514
-633
-722
-797
-873
-931
-954
-966
-1022
-1154
-1349
-1554
-1753
-1858
-1778
-1471
-972
-355
266
723
989
1109
1132
959
587
163
-186
-485
-776
-863
-698
-446
-229
3
236
378
460
502
433
222
-12
-157
-214
-187
-16
318
700
1002
1209
1341
1382
1259
1013
699
326
-74
-424
-656
-796
-832
-769
-662
-578
-490
-367
-272
-251
-277
-331
-419
-517
-574
-573
-547
-517
-452
-353
-258
-205
-185
-189
-224
-285
-358
-419
-474
-510
-492
-420
-347
-284
-198
-93
27
162
306
446
597
783
948
1022
995
932
877
828
777
728
708
710
724
733
744
771
807
813
756
674
590
517
438
367
333
322
333
361
412
464
500
493
435
319
160
-4
-144
-261
-376
-483
-559
-598
-609
-617
-633
-662
-695
-725
-772
-843
-912
-958
-992
-1014
-1031
-1012
-921
-742
-510
-318
-208
-178
-200
-212
-161
-94
-67
-58
-33
-22
10
134
285
379
430
509
590
652
713
745
690
554
376
202
57
-40
-82
-80
-43
8
84
183
271
315
322
283
191
70
-42
-146
-255
-344
-390
-423
-456
-481
-493
-500
-495
-463
-430
-427
-451
-477
-494
-521
-559
-590
-608
-597
-545
-469
-395
-338
-302
-279
-264
-249
-225
-201
-186
-151
-75
9
82
157
241
345
463
571
622
622
600
563
522
505
509
522
570
666
765
838
905
955
967
962
947
912
856
799
737
686
655
627
600
589
580
545
479
381
255
132
39
-44
-140
-222
-265
-266
-250
-241
-262
-307
-335
-337
-331
-322
-311
-316
-344
-377
-412
-464
-534
-614
-695
-771
-833
-874
-885
-823
-681
-531
-450
-447
-485
-520
-531
-511
-477
-436
-388
-335
-253
-131
19
147
230
286
326
337
326
295
254
200
124
32
-42
-55
5
106
213
302
381
458
502
489
413
300
173
38
-92
-200
-268
-298
-284
-233
-174
-128
-101
-83
-74
-82
-115
-177
-262
-340
-394
-443
-495
-532
-540
-521
-477
-416
-362
-334
-316
-282
-229
-178
-142
-107
-66
-37
-9
39
108
162
186
202
213
212
216
252
312
375
444
517
579
647
754
869
937
954
938
887
806
729
662
594
518
450
436
490
566
616
638
647
634
593
524
414
275
151
64
-2
-54
-75
-73
-70
-75
-89
-108
-145
-194
-245
-300
-353
-409
-475
-546
-605
-651
-702
-775
-834
-833
-758
-640
-548
-521
-537
-540
-510
-473
-452
-451
-464
-491
-505
-460
-360
-243
-134
-35
43
99
151
194
202
167
119
54
-17
-48
-8
80
167
235
307
385
429
410
336
237
135
48
-26
-100
-158
-171
-130
-78
-39
-20
-17
-15
-7
-4
-23
-82
-153
-202
-219
-232
-260
-296
-324
-331
-310
-282
-268
-270
-275
-273
-266
-267
-287
-294
-265
-216
-170
-135
-112
-86
-44
26
96
148
199
252
287
298
321
361
400
428
455
473
486
511
544
559
572
602
633
650
652
648
646
646
637
607
574
562
552
545
546
539
503
454
402
346
288
230
161
98
70
58
43
29
15
6
1
-11
-56
-133
-216
-299
-381
-451
-500
-539
-570
-577
-580
-610
-650
-637
-553
-442
-374
-363
-397
-451
-494
-528
-567
-626
-685
-719
-733
-725
-670
-567
-451
-341
-228
-119
-26
49
117
171
185
137
75
42
48
91
132
148
152
175
212
214
163
112
105
121
132
129
114
93
92
102
90
57
14
-11
-17
-16
-11
-10
-1
7
-2
-33
-91
-169
-241
-293
-333
-364
-387
-405
-403
-358
-287
-225
-174
-128
-78
-39
-43
-79
-116
-130
-114
-91
-71
-47
-5
55
125
183
215
232
253
284
327
376
438
508
575
638
707
768
814
837
829
786
727
672
620
579
564
573
600
631
663
689
695
663
599
534
475
401
308
216
149
112
86
53
7
-36
-67
-99
-154
-234
-321
-390
-441
-469
-486
-503
-527
-549
-565
-591
-633
-696
-776
-839
-840
-775
-714
-712
-739
-753
-743
-715
-678
-646
-626
-618
-601
-560
-485
-384
-259
-126
-12
77
152
221
268
267
229
166
87
30
22
55
110
175
242
310
380
425
429
405
378
352
314
246
167
124
122
129
125
112
93
71
47
8
-51
-133
-212
-268
-305
-334
-355
-357
-342
-315
-285
-261
-258
-281
-308
-336
-366
-392
-394
-375
-334
-282
-230
-183
-136
-82
-33
14
50
81
125
179
233
286
353
442
530
603
653
679
690
698
713
718
718
724
734
747
769
798
835
863
868
843
802
758
715
669
620
567
511
459
412
377
347
313
265
205
145
85
10
-82
-171
-239
-296
-349
-395
-425
-445
-476
-514
-556
-610
-674
-737
-793
-848
-887
-899
-897
-898
-905
-915
-905
-840
-740
-667
-638
-633
-637
-636
-615
-578
-544
-510
-466
-405
-354
-297
-217
-120
-32
32
80
114
147
196
254
285
273
244
239
262
294
322
340
349
362
388
401
375
335
315
300
257
187
112
43
-12
-54
-94
-135
-161
-159
-144
-141
-151
-160
-178
-209
-255
-310
-368
-412
-429
-419
-401
-381
-357
-319
-277
-235
-201
-183
-172
-158
-136
-116
-93
-51
7
70
129
196
281
364
448
513
530
503
497
538
582
608
650
707
760
818
892
941
952
955
948
913
860
818
788
769
766
771
759
728
686
647
607
533
417
296
206
137
77
26
-13
-55
-88
-115
-155
-207
-253
-304
-376
-453
-512
-544
-556
-560
-569
-582
-595
-601
-607
-630
-682
-734
-767
-788
-799
-795
-779
-758
-738
-718
-688
-640
-579
-519
-460
-409
-382
-384
-390
-374
-334
-290
-261
-231
-192
-148
-107
-61
-11
38
81
125
163
194
227
250
238
193
136
94
70
44
13
-9
-11
-3
14
31
41
54
63
50
8
-50
-108
-161
-205
-237
-262
-284
-286
-263
-211
-152
-120
-107
-97
-86
-82
-90
-105
-117
-109
-83
-49
-16
15
52
98
138
163
175
185
202
227
257
291
328
370
416
457
483
501
521
550
586
603
602
600
621
647
660
681
712
730
726
723
712
678
636
613
585
532
480
444
416
390
366
331
274
223
185
162
142
104
56
25
12
-1
-27
-62
-97
-122
-146
-191
-256
-303
-324
-333
-343
-354
-358
-359
-349
-334
-323
-324
-345
-366
-385
-406
-439
-466
-469
-459
-439
-413
-393
-384
-385
-389
-408
-454
-513
-544
-537
-522
-521
-523
-497
-465
-452
-467
-485
-494
-506
-524
-527
-520
-516
-494
-434
-367
-314
-261
-203
-171
-167
-169
-177
-208
-248
-263
-248
-222
-199
-153
-80
-7
44
88
128
155
176
192
185
162
157
176
199
215
242
282
315
329
342
363
375
374
375
378
374
382
399
408
402
397
397
398
393
390
388
383
377
374
380
384
379
358
334
311
285
254
222
191
192
225
249
234
212
214
215
199
184
184
180
175
184
205
212
234
272
296
301
311
325
318
296
268
229
192
164
146
163
190
202
204
210
222
223
201
156
100
64
40
3
-40
-68
-66
-53
-44
-46
-52
-56
-61
-81
-112
-151
-192
-227
-257
-288
-327
-365
-403
-438
-465
-488
-516
-552
-592
-620
-642
-675
-715
-744
-767
-794
-826
-855
-866
-851
-818
-806
-811
-806
-781
-758
-755
-766
-766
-745
-717
-690
-648
-587
-525
-455
-377
-301
-236
-168
-94
-38
1
41
81
118
159
213
271
312
346
406
483
535
559
582
621
657
686
701
702
706
731
761
762
742
731
734
729
701
664
625
585
550
515
480
447
423
402
368
330
297
265
231
197
167
136
103
73
57
53
44
18
-14
-28
-22
-19
-28
-42
-47
-64
-79
-80
-68
-46
-9
31
54
68
100
143
177
202
215
220
229
246
261
267
275
282
292
310
330
351
380
404
411
409
403
388
363
339
313
274
223
172
124
79
38
-1
-38
-71
-94
-115
-144
-185
-229
-272
-319
-370
-415
-455
-488
-518
-554
-598
-636
-670
-708
-752
-787
-817
-849
-876
-894
-915
-937
-956
-970
-978
-982
-985
-990
-989
-970
-932
-887
-851
-819
-781
-745
-713
-671
-624
-584
-546
-490
-423
-356
-283
-195
-101
-12
76
166
248
316
383
452
508
541
569
606
642
670
695
728
762
795
827
853
865
865
867
867
849
824
800
771
739
717
702
677
645
619
594
552
502
453
405
352
306
264
215
168
137
114
88
50
15
-16
-41
-55
-64
-84
-117
-126
-107
-107
-130
-139
-128
-127
-133
-122
-108
-102
-86
-52
-25
-8
19
58
87
105
128
148
162
167
177
192
204
208
219
249
276
290
300
309
316
321
319
301
281
274
271
250
217
188
168
143
104
59
17
-21
-61
-101
-149
-202
-248
-288
-328
-369
-409
-452
-491
-526
-558
-586
-619
-653
-686
-714
-736
-758
-783
-808
-827
-840
-848
-848
-850
-845
-831
-811
-792
-774
-752
-719
-686
-658
-630
-587
-543
-509
-470
-416
-354
-299
-249
-197
-146
-102
-56
-4
38
76
130
191
238
283
341
404
450
488
528
569
607
643
675
695
710
736
761
771
776
788
789
777
767
751
717
674
645
616
575
533
504
474
440
414
387
347
302
265
237
201
164
133
98
64
45
33
3
-38
-64
-81
-104
-131
-149
-155
-158
-157
-152
-147
-140
-131
-128
-135
-146
-151
-145
-138
-134
-120
-90
-55
-23
14
49
73
88
102
115
127
131
131
133
144
162
176
180
184
192
204
205
197
190
183
177
168
151
135
120
101
77
54
24
-10
-44
-82
-124
-168
-208
-241
-272
-304
-335
-368
-397
-425
-453
-485
-516
-548
-578
-599
-616
-629
-633
-629
-621
-612
-599
-586
-572
-556
-544
-529
-521
-516
-495
-467
-441
-407
-371
-340
-308
-269
-221
-178
-146
-107
-60
-28
0
42
89
124
158
193
231
268
297
325
349
364
380
395
400
409
434
457
465
475
492
498
502
509
507
493
474
458
439
417
399
382
364
346
327
305
283
265
244
216
192
170
145
122
106
85
56
28
0
-24
-36
-45
-55
-68
-78
-77
-74
-81
-93
-95
-96
-98
-99
-105
-107
-103
-101
-94
-88
-80
-68
-56
-47
-39
-28
-17
-9
2
14
27
43
57
61
64
69
75
77
78
77
80
86
91
99
106
107
107
110
110
106
99
80
56
37
23
6
-13
-33
-50
-63
-74
-93
-116
-138
-157
-173
-193
-214
-228
-244
-260
-276
-289
-308
-324
-330
-334
-344
-354
-352
-348
-344
-339
-330
-323
-315
-298
-283
-276
-263
-245
-226
-212
-197
-180
-163
-145
-120
-90
-63
-40
-11
19
51
85
121
152
178
204
229
245
259
272
286
297
306
315
325
337
347
353
356
360
364
362
356
349
336
318
297
276
253
231
211
191
174
155
138
121
104
86
61
32
0
-31
-55
-76
-96
-115
-131
-144
-160
-173
-185
-200
-213
-227
-237
-246
-252
-253
-251
-247
-239
-229
-217
-207
-194
-182
-171
-159
-149
-137
-125
-110
-94
-76
-58
-40
-24
-7
6
15
26
33
39
46
56
69
84
98
112
123
130
134
134
133
130
125
120
114
108
105
101
99
97
94
88
82
74
67
59
49
40
31
17
4
-5
-12
-18
-21
-24
-27
-31
-36
-41
-49
-55
-63
-72
-77
-80
-79
-77
-73
-67
-60
-54
-50
-42
-37
-31
-25
-21
-15
-9
-5
0
2
6
11
18
30
42
52
62
74
86
95
104
111
118
123
124
127
133
140
147
151
153
150
146
145
144
141
139
138
137
135
137
136
132
126
118
107
92
72
55
37
18
1
-15
-29
-43
-55
-67
-83
-101
-121
-140
-159
-180
-198
-213
-221
-230
-237
-245
-252
-260
-268
-277
-291
-305
-317
-324
-329
-329
-325
-316
-306
-292
-278
-265
-255
-244
-231
-218
-206
-194
-180
-159
-137
-117
-98
-78
-58
-39
-22
-8
6
24
44
64
82
103
126
146
165
180
194
205
214
224
231
234
238
243
248
249
248
248
247
246
244
240
235
228
221
214
207
200
187
174
163
152
142
126
111
100
88
74
57
42
29
15
2
-5
-11
-14
-14
-17
-17
-16
-13
-12
-12
-12
-12
-12
-12
-11
-3
3
8
16
25
39
48
55
61
69
80
95
106
116
126
137
146
151
155
154
151
147
142
137
132
124
117
112
105
99
91
81
70
58
47
33
17
-1
-19
-38
-59
-83
-108
-132
-157
-182
-206
-227
-246
-264
-280
-296
-310
-323
-336
-350
-364
-376
-388
-397
-402
-402
-400
-398
-393
-389
-382
-374
-367
-361
-352
-341
-326
-308
-289
-268
-244
-220
-196
-171
-148
-125
-103
-81
-58
-35
-13
11
36
62
87
108
128
144
162
178
193
206
220
233
245
256
266
275
284
292
297
298
299
296
294
291
284
276
266
256
244
232
220
208
197
186
178
172
164
158
149
140
132
125
116
108
98
86
77
67
58
51
46
45
47
50
54
58
62
67
73
78
81
82
85
86
87
92
97
103
110
115
122
126
129
128
125
122
120
120
121
124
124
121
120
115
107
96
82
68
52
35
18
1
-16
-31
-44
-59
-73
-89
-104
-123
-145
-164
-182
-199
-216
-233
-249
-262
-276
-288
-303
-315
-330
-344
-356
-366
-375
-381
-385
-386
-385
-382
-377
-372
-367
-360
-354
-348
-341
-333
-322
-307
-291
-274
-255
-236
-215
-195
-176
-157
-139
-121
-102
-81
-58
-34
-8
18
39
63
87
107
123
136
150
162
172
181
190
200
209
217
225
233
239
243
245
245
247
248
248
249
251
249
246
242
238
234
226
218
210
198
191
184
179
174
170
163
159
158
156
153
150
144
137
129
124
120
115
112
110
109
112
112
112
114
112
112
110
109
109
108
107
108
110
110
110
108
107
103
97
91
85
79
72
64
55
48
40
33
24
17
9
2
-5
-15
-25
-36
-51
-64
-78
-90
-103
-116
-130
-147
-163
-173
-183
-192
-203
-212
-221
-229
-236
-242
-248
-254
-261
-267
-270
-274
-276
-278
-281
-282
-282
-279
-278
-276
-274
-271
-269
-264
-259
-252
-245
-235
-225
-216
-205
-195
-183
-173
-162
-152
-142
-132
-123
-112
-101
-88
-73
-58
-46
-32
-21
-10
2
15
29
43
56
70
83
95
106
115
126
135
144
152
159
167
171
179
187
194
201
208
213
217
220
222
221
222
219
217
218
219
219
217
216
214
210
208
206
202
198
195
191
187
185
182
178
174
169
162
154
146
136
127
119
112
105
100
94
89
83
78
71
64
58
51
45
40
37
33
30
26
25
22
16
9
1
-6
-13
-21
-25
-30
-35
-39
-40
-43
-48
-52
-55
-63
-69
-75
-82
-89
-94
-99
-106
-110
-115
-121
-128
-137
-145
-153
-161
-168
-173
-178
-182
-185
-190
-192
-194
-197
-200
-203
-206
-207
-211
-214
-216
-217
-217
-216
-213
-209
-205
-201
-197
-192
-187
-183
-178
-170
-161
-149
-135
-125
-113
-103
-92
-80
-70
-59
-49
-38
-26
-14
1
13
27
42
56
69
82
97
108
120
129
137
146
151
157
163
169
179
185
192
196
201
206
209
210
209
207
208
208
209
204
198
194
193
189
179
168
159
154
145
136
127
121
114
108
102
97
93
88
83
76
67
59
53
47
42
35
28
23
22
19
14
9
3
1
-2
-4
-4
-6
-9
-11
-9
-7
-6
-5
-4
-5
-8
-12
-14
-15
-16
-21
-24
-24
-24
-27
-30
-34
-37
-42
-47
-52
-54
-59
-67
-71
-75
-77
-81
-88
-95
-101
-108
-112
-117
-124
-132
-139
-144
-148
-152
-158
-166
-173
-176
-180
-181
-182
-185
-187
-187
-184
-181
-176
-173
-168
-163
-157
-150
-141
-132
-124
-116
-107
-95
-83
-71
-59
-49
-38
-26
-14
-1
11
21
33
45
56
68
80
91
102
112
121
130
139
146
152
158
162
167
172
173
174
172
173
170
168
167
164
160
157
151
146
140
136
130
124
116
109
102
94
85
79
71
62
56
48
42
33
27
19
11
6
-1
-5
-10
-15
-18
-20
-21
-23
-25
-26
-25
-25
-23
-22
-21
-19
-18
-19
-18
-18
-15
-13
-12
-9
-6
-4
-2
-1
1
1
0
-1
-2
-1
-1
-1
-1
-2
-2
-4
-5
-8
-10
-15
-21
-25
-29
-33
-37
-42
-47
-50
-54
-57
-58
-62
-65
-68
-74
-78
-84
-90
-95
-99
-102
-105
-108
-111
-113
-113
-113
-114
-114
-114
-114
-112
-111
-108
-106
-104
-100
-96
-91
-85
-78
-70
-63
-54
-46
-37
-28
-18
-9
2
9
20
29
39
49
59
68
77
85
93
103
109
115
120
124
129
132
136
139
140
142
143
143
143
144
144
143
139
136
131
126
122
117
111
105
99
94
87
81
74
69
62
55
46
40
34
28
21
14
9
1
-3
-8
-12
-16
-22
-27
-32
-36
-39
-42
-45
-47
-47
-46
-46
-45
-45
-44
-43
-43
-42
-42
-41
-41
-41
-41
-39
-40
-38
-39
-38
-40
-40
-40
-42
-43
-43
-43
-43
-44
-45
-47
-47
-46
-45
-45
-47
-48
-50
-54
-56
-60
-63
-64
-67
-68
-68
-69
-68
-67
-67
-68
-70
-71
-72
-75
-77
-79
-81
-81
-81
-80
-78
-78
-74
-71
-68
-64
-60
-56
-49
-43
-38
-32
-26
-19
-13
-7
0
6
9
15
21
29
36
42
52
59
67
75
82
88
93
97
101
105
110
113
116
120
124
125
129
131
130
130
129
129
129
130
129
128
127
124
122
118
114
107
102
95
89
83
76
71
67
62
58
53
49
43
36
29
22
14
7
-1
-6
-10
-15
-21
-24
-30
-35
-39
-43
-45
-50
-55
-57
-59
-62
-64
-67
-71
-75
-79
-82
-84
-87
-90
-90
-91
-90
-88
-88
-87
-87
-89
-90
-92
-94
-95
-95
-96
-97
-96
-98
-96
-94
-93
-91
-89
-87
-84
-81
-79
-77
-74
-72
-68
-65
-62
-61
-59
-56
-54
-51
-48
-44
-40
-34
-29
-23
-16
-13
-9
-4
1
4
8
13
16
19
22
26
29
32
35
41
44
47
50
53
58
61
62
65
67
69
71
71
74
74
75
77
79
80
82
84
82
82
82
83
83
83
84
82
84
84
84
85
84
83
84
83
81
79
78
77
76
76
75
74
73
72
70
66
64
62
59
57
54
51
48
45
42
38
35
30
25
19
13
9
2
-3
-8
-14
-19
-25
-29
-35
-41
-47
-52
-56
-60
-65
-72
-76
-81
-87
-91
-94
-98
-101
-104
-108
-111
-114
-116
-118
-118
-119
-118
-117
-118
-115
-113
-111
-109
-106
-102
-99
-94
-91
-87
-83
-76
-71
-67
-62
-56
-51
-45
-38
-31
-24
-19
-13
-7
0
6
11
17
23
27
32
36
41
45
48
51
53
54
57
56
58
58
58
58
59
57
57
55
53
52
49
48
45
42
39
36
31
29
27
26
25
22
20
19
17
16
14
15
15
15
16
17
19
20
24
25
29
33
36
38
41
45
49
52
56
61
66
72
76
79
85
88
91
92
94
97
96
96
97
96
96
96
93
91
88
85
80
75
69
64
56
49
42
34
27
18
8
-2
-11
-21
-31
-42
-54
-64
-73
-83
-93
-101
-110
-117
-126
-132
-140
-147
-152
-158
-165
-168
-171
-174
-174
-174
-175
-174
-172
-170
-168
-164
-160
-155
-150
-144
-137
-131
-123
-115
-109
-101
-91
-84
-74
-64
-54
-46
-37
-28
-17
-9
1
10
18
25
33
37
42
49
54
57
62
66
69
73
76
80
80
81
82
80
82
81
81
81
81
77
75
72
69
67
62
61
57
53
52
50
47
45
43
42
43
40
39
38
36
36
34
34
34
35
36
38
39
41
45
49
52
55
58
58
59
65
67
70
74
79
82
85
90
91
92
94
95
96
97
97
98
99
100
98
97
94
91
87
82
76
69
61
56
49
43
36
29
21
13
6
-2
-13
-24
-36
-48
-58
-68
-76
-89
-98
-106
-115
-125
-133
-141
-148
-157
-165
-171
-176
-180
-184
-186
-188
-190
-191
-194
-195
-195
-194
-192
-189
-185
-181
-174
-166
-159
-151
-143
-135
-128
-119
-108
-99
-89
-79
-68
-58
-47
-35
-21
-11
-2
8
17
27
36
46
55
63
70
80
87
94
102
107
110
113
115
118
122
124
124
125
123
123
124
124
121
119
116
110
105
101
99
96
91
87
82
79
76
73
68
64
60
54
49
47
44
42
39
40
39
37
35
36
36
36
35
36
37
41
41
45
49
51
53
56
60
63
66
67
68
71
71
73
74
76
76
76
77
75
74
72
70
68
63
59
54
50
46
40
36
28
19
10
0
-9
-19
-27
-35
-46
-57
-66
-74
-83
-92
-102
-112
-121
-129
-137
-145
-153
-161
-166
-174
-180
-183
-187
-191
-194
-196
-198
-199
-198
-196
-195
-192
-188
-182
-178
-172
-165
-158
-151
-144
-136
-127
-117
-107
-99
-88
-78
-67
-57
-46
-36
-26
-16
-4
4
14
24
33
42
51
59
67
74
79
86
91
95
99
102
107
109
110
113
116
115
115
115
115
114
111
110
107
104
102
100
98
93
89
86
82
79
77
73
70
67
64
62
61
56
54
52
50
49
47
47
45
44
43
43
42
42
43
43
43
45
47
47
48
47
49
51
51
53
54
54
53
54
53
54
53
51
50
50
49
49
47
42
40
36
33
31
28
23
18
14
9
5
-1
-7
-14
-20
-26
-32
-38
-44
-51
-59
-66
-73
-78
-85
-89
-96
-102
-106
-110
-116
-120
-125
-129
-132
-135
-137
-139
-141
-144
-147
-145
-145
-144
-143
-143
-139
-135
-132
-128
-125
-121
-116
-111
-103
-97
-90
-84
-77
-70
-63
-55
-48
-42
-34
-25
-17
-9
-2
5
13
20
27
36
42
50
57
62
66
71
73
78
82
84
88
90
94
96
99
99
100
101
102
102
102
101
100
98
96
95
92
90
89
87
87
85
83
81
79
76
72
71
69
66
63
62
61
60
58
56
56
55
54
52
50
48
48
44
41
41
40
39
39
37
37
37
36
34
33
30
26
23
21
19
17
13
11
7
6
3
1
-1
-6
-9
-15
-16
-20
-25
-30
-34
-38
-42
-46
-47
-51
-53
-57
-59
-63
-67
-71
-73
-77
-79
-81
-81
-83
-85
-88
-90
-89
-90
-91
-91
-91
-93
-92
-93
-93
-91
-89
-89
-87
-85
-83
-81
-79
-78
-76
-74
-72
-71
-70
-65
-62
-59
-55
-51
-48
-44
-40
-37
-34
-32
-28
-24
-19
-14
-11
-6
-3
1
5
10
14
19
24
27
30
33
38
43
46
50
55
59
63
65
68
70
73
77
79
81
84
85
87
88
91
93
93
95
96
95
95
96
95
94
93
91
90
88
86
84
82
79
79
76
73
71
69
64
58
53
49
45
41
37
34
30
25
21
17
13
7
2
-2
-8
-13
-17
-20
-24
-26
-29
-33
-37
-40
-43
-47
-50
-53
-56
-59
-59
-62
-64
-67
-67
-69
-72
-72
-73
-73
-74
-75
-77
-76
-76
-74
-74
-73
-72
-72
-72
-70
-68
-66
-62
-63
-61
-60
-59
-55
-52
-50
-49
-46
-45
-43
-42
-39
-36
-35
-34
-33
-30
-27
-25
-24
-23
-20
-20
-18
-16
-14
-11
-11
-11
-9
-7
-4
-1
-1
1
3
3
5
6
10
12
16
19
21
24
25
29
32
34
36
39
42
45
49
51
54
58
59
62
65
66
72
74
76
77
78
80
81
82
84
85
86
86
85
85
84
83
79
77
76
74
72
70
65
62
57
56
52
47
41
37
32
27
22
18
15
8
4
-2
-7
-12
-15
-20
-24
-27
-34
-36
-41
-42
-43
-46
-49
-51
-53
-55
-54
-57
-57
-58
-59
-56
-56
-55
-55
-51
-50
-49
-46
-44
-43
-38
-35
-34
-32
-29
-28
-25
-23
-21
-19
-16
-16
-13
-11
-9
-8
-7
-6
-4
-3
-3
-2
-1
-2
-2
-3
-3
-2
-3
-3
-4
-6
-6
-8
-9
-9
-10
-12
-13
-15
-16
-19
-19
-19
-19
-20
-21
-21
-20
-21
-22
-22
-23
-22
-22
-20
-17
-17
-15
-12
-12
-10
-7
-4
-4
-1
3
7
8
11
14
17
22
24
27
29
31
32
34
36
38
39
41
43
46
49
50
50
50
51
49
48
49
49
46
43
42
41
40
38
35
32
30
26
22
18
13
10
6
4
2
-1
-7
-10
-14
-16
-20
-23
-26
-30
-33
-36
-39
-41
-44
-47
-48
-46
-47
-48
-48
-48
-47
-44
-44
-44
-41
-39
-37
-34
-31
-28
-25
-23
-22
-18
-12
-9
-6
-2
0
2
5
9
12
15
18
21
23
26
27
27
26
29
32
33
32
32
30
28
28
27
26
26
23
21
20
17
16
12
8
4
1
-1
-4
-9
-12
-13
-16
-20
-22
-22
-24
-27
-28
-30
-30
-29
-32
-33
-32
-31
-30
-28
-28
-26
-23
-22
-20
-18
-16
-14
-12
-9
-4
-1
3
6
10
15
18
22
23
24
25
26
28
32
34
38
40
40
41
41
41
40
39
40
37
34
31
28
27
25
22
20
17
16
13
11
8
4
1
-3
-7
-11
-14
-18
-19
-22
-23
-25
-27
-28
-31
-31
-33
-33
-32
-32
-31
-32
-32
-31
-30
-27
-27
-26
-24
-24
-24
-22
-21
-18
-16
-14
-10
-9
-6
-3
-1
1
3
5
6
6
7
10
11
11
14
15
15
17
17
18
16
15
14
13
12
13
13
13
12
12
12
11
10
10
8
7
5
4
3
3
2
0
0
-1
-1
-1
0
0
-1
-1
-1
-1
-1
0
1
0
1
1
1
2
3
2
2
3
3
5
6
7
6
7
9
8
8
10
11
11
12
13
12
15
15
14
15
14
11
13
13
14
16
15
15
14
13
13
13
12
11
11
10
10
9
9
9
6
4
4
3
1
-1
-2
-3
-4
-6
-7
-7
-8
-9
-10
-12
-12
-13
-14
-15
-15
-18
-20
-21
-21
-20
-21
-23
-23
-21
-22
-21
-21
-22
-22
-23
-21
-22
-19
-19
-18
-19
-19
-18
-18
-17
-19
-19
-18
-17
-14
-13
-12
-11
-11
-11
-12
-10
-9
-7
-7
-7
-6
-6
-4
-5
-4
-5
-4
-3
-1
0
0
0
1
0
2
3
3
4
5
5
5
5
5
7
7
8
9
9
10
10
10
11
11
11
11
10
12
12
11
12
12
14
15
15
14
15
14
14
13
13
14
14
13
14
13
12
12
11
11
11
10
8
9
8
9
7
7
6
5
5
4
4
4
4
2
2
2
1
0
0
-1
-1
-1
-1
-1
-3
-3
-4
-4
-5
-4
-5
-5
-5
-5
-6
-5
-5
-7
-7
-7
-6
-8
-9
-9
-8
-9
-8
-8
-9
-9
-7
-8
-9
-9
-8
-9
-9
-9
-10
-9
-9
-8
-10
-9
-9
-9
-9
-9
-9
-9
-9
-8
-9
-8
-9
-8
-7
-5
-6
-8
-8
-7
-6
-6
-6
-5
-5
-3
-2
-2
-3
-1
0
0
2
2
3
4
4
6
5
6
7
8
9
11
12
14
13
14
16
16
18
19
20
22
23
23
24
26
27
27
26
26
26
28
28
27
29
29
28
27
25
25
24
23
22
