4
1
-1
2
1
-1
-5
-4
-4
-4
-3
3
7
5
1
-3
0
-1
-3
-6
-6
-2
2
5
1
-2
-2
-1
3
3
2
-4
-8
-8
-7
-3
-1
-3
-1
-2
-1
6
10
13
4
-10
-13
-14
-2
4
6
3
-1
0
4
4
2
-3
-10
-9
-4
7
11
11
1
-12
-14
-8
4
10
8
2
-7
-12
-4
2
8
6
-2
-4
-6
-2
0
3
4
-2
-7
-6
1
4
4
-2
-1
5
9
8
-3
-13
-15
-7
5
11
5
2
-1
-5
-8
-8
2
7
5
0
-11
-13
-3
13
16
3
-12
-14
-4
5
7
3
-1
-1
-2
-5
-5
-1
1
4
2
1
-3
-8
-3
-3
-3
-3
-2
4
7
4
2
1
-1
-3
-12
-14
-10
-4
5
6
5
-1
4
12
9
5
-1
-4
-11
-15
-12
-8
-4
3
11
8
4
-1
2
15
15
5
-3
-3
-5
-9
-9
-6
-2
4
7
19
29
20
8
-4
-3
0
4
13
11
8
5
3
7
11
12
8
0
3
9
14
20
8
4
1
4
14
17
19
18
12
8
6
3
5
-2
-2
2
11
19
16
15
5
1
4
7
4
-4
-8
-3
4
8
5
-4
-8
-13
-12
-5
-4
-4
-9
-5
-6
-22
-25
-21
-12
-5
-7
-2
-4
-12
-22
-33
-37
-41
-39
-20
-4
0
-15
-33
-40
-29
-12
-6
-18
-29
-32
-27
-19
-17
-14
-23
-20
-12
-1
13
12
2
-18
-26
-23
-16
-10
-8
-8
-3
7
12
8
-1
-4
-8
-1
7
12
12
1
-2
-1
9
14
11
10
12
11
7
11
10
12
1
-4
1
6
14
17
19
16
6
2
2
0
6
7
13
21
23
22
14
16
18
18
22
17
10
13
18
28
38
33
31
28
26
28
31
36
32
28
28
27
30
32
38
37
34
28
30
34
42
39
26
21
18
20
19
23
21
17
11
5
15
17
17
10
-2
-6
-5
-5
-1
-2
-6
-11
-20
-20
-23
-18
-13
-19
-15
-25
-28
-32
-32
-28
-29
-37
-42
-45
-53
-48
-51
-55
-59
-54
-48
-58
-71
-81
-65
-54
-48
-50
-60
-64
-75
-65
-54
-44
-46
-57
-62
-66
-51
-34
-27
-44
-61
-68
-62
-48
-50
-51
-65
-64
-47
-32
-34
-52
-73
-85
-78
-73
-71
-74
-60
-37
-13
11
21
38
41
38
30
24
42
67
88
109
120
123
121
118
111
99
82
76
75
83
95
87
85
62
44
39
45
60
61
61
58
76
88
102
102
100
98
109
144
157
167
146
134
117
111
117
108
101
87
100
101
104
80
59
46
37
50
52
50
34
33
37
44
50
39
29
15
13
28
55
53
23
3
3
6
7
-4
-19
-28
-25
-14
-27
-55
-77
-89
-90
-86
-93
-116
-133
-122
-103
-92
-97
-111
-111
-124
-151
-165
-165
-173
-181
-187
-201
-217
-231
-248
-260
-274
-288
-298
-309
-321
-370
-429
-448
-400
-307
-196
-98
-26
27
25
8
-37
-52
-35
21
121
215
297
333
337
283
209
108
55
59
94
155
166
138
75
14
-48
-110
-156
-149
-94
-25
43
62
44
-14
-67
-92
-88
-55
-3
60
118
157
175
169
139
94
50
29
32
60
89
97
76
44
10
-16
-34
-60
-84
-104
-84
-53
-29
-12
-2
10
20
34
42
64
94
137
196
254
302
320
318
293
259
236
218
222
230
261
279
273
244
193
145
95
82
85
112
142
170
181
171
149
106
101
92
122
149
173
184
173
166
127
93
45
13
-3
15
34
24
-7
-51
-77
-102
-127
-169
-188
-179
-146
-125
-134
-169
-214
-223
-228
-218
-239
-252
-246
-230
-223
-261
-303
-349
-364
-368
-361
-361
-384
-413
-447
-469
-493
-522
-546
-569
-580
-557
-489
-320
-141
29
97
69
19
-38
-28
-16
60
137
256
364
437
454
357
243
89
34
27
82
139
147
125
49
-15
-110
-168
-238
-271
-241
-139
17
121
152
75
-5
-49
-18
44
87
120
143
216
292
319
255
130
34
-6
14
34
30
4
-10
14
22
0
-88
-175
-223
-189
-108
-50
19
45
97
130
146
148
105
136
207
346
462
543
539
498
447
365
316
233
223
240
311
384
410
391
309
230
156
142
125
151
193
257
337
362
349
259
203
168
188
231
272
309
277
250
185
111
11
-70
-125
-152
-136
-136
-139
-193
-241
-288
-323
-349
-387
-402
-404
-372
-351
-325
-318
-324
-338
-367
-377
-380
-356
-347
-352
-376
-402
-449
-537
-624
-721
-769
-792
-793
-807
-818
-733
-517
-196
74
204
141
16
-80
-107
-55
17
134
270
459
600
635
522
303
84
-81
-106
-67
15
57
43
-2
-74
-145
-244
-340
-407
-346
-156
83
257
278
189
64
33
88
140
134
109
165
297
429
446
322
134
-14
-55
-48
-52
-101
-137
-104
-32
4
-67
-184
-279
-284
-209
-125
-79
-45
62
224
399
466
413
322
271
334
418
494
514
518
525
510
462
337
202
102
108
166
239
285
295
283
244
223
183
173
183
252
374
500
612
633
576
469
391
344
328
324
307
283
249
226
159
54
-82
-199
-261
-268
-249
-246
-250
-270
-276
-309
-363
-441
-491
-479
-428
-364
-320
-296
-300
-296
-328
-376
-477
-613
-728
-798
-811
-820
-857
-925
-971
-1046
-1016
-934
-735
-414
-74
281
388
359
157
-4
-72
-61
65
176
407
547
658
584
379
90
-217
-355
-455
-394
-324
-187
-100
-96
-137
-254
-311
-338
-209
-48
180
409
563
634
548
452
351
305
272
243
234
245
304
324
277
84
-146
-321
-411
-402
-404
-364
-306
-189
-60
9
14
-52
-64
-41
41
111
171
232
305
442
563
625
549
432
321
269
244
234
211
184
180
162
143
69
-12
-85
-71
8
136
281
425
528
562
541
471
402
348
378
423
500
553
576
544
426
295
153
97
51
46
19
20
44
58
61
-17
-75
-138
-94
-40
32
69
85
113
104
73
-71
-217
-364
-406
-408
-386
-393
-456
-511
-585
-583
-628
-680
-768
-821
-830
-846
-899
-996
-1077
-1138
-1139
-1094
-935
-626
-54
514
943
950
666
322
-14
-153
-306
-230
-101
165
366
399
286
-88
-406
-769
-915
-973
-810
-518
-244
-23
-28
20
-35
10
18
87
286
567
930
1062
1021
737
491
264
80
-65
-219
-227
-175
-39
-18
-71
-188
-279
-323
-400
-416
-378
-178
80
326
476
499
507
501
527
461
347
245
192
251
333
396
359
243
97
-1
-45
-73
-59
-36
49
170
314
414
441
409
349
346
358
438
535
619
682
675
625
493
332
181
103
91
127
209
275
310
272
188
90
21
3
28
80
108
140
171
206
219
173
77
-33
-104
-129
-135
-180
-264
-355
-448
-530
-566
-568
-547
-540
-531
-466
-433
-489
-608
-724
-789
-849
-916
-955
-970
-1006
-963
-757
-389
63
470
836
952
757
356
-41
-275
-462
-504
-389
-134
120
235
210
-26
-358
-667
-807
-826
-746
-546
-300
-54
65
124
124
94
70
107
221
360
543
659
646
439
151
-78
-250
-351
-441
-460
-433
-333
-175
-48
31
36
37
21
17
37
118
249
379
506
589
618
569
483
338
138
-44
-162
-212
-247
-235
-167
-70
62
273
506
644
639
574
544
517
541
621
718
737
663
587
483
336
158
16
-51
-35
81
255
373
357
259
163
113
118
171
231
301
388
518
616
588
452
241
49
-78
-94
-40
-25
-66
-134
-210
-284
-353
-405
-446
-504
-510
-462
-372
-294
-259
-208
-158
-89
-50
-108
-216
-396
-514
-565
-601
-572
-602
-660
-803
-1018
-1196
-1400
-1520
-1397
-901
21
960
1632
1839
1534
983
253
-332
-711
-861
-732
-468
-49
294
438
245
-242
-805
-1231
-1316
-1116
-741
-386
-80
166
389
533
502
302
70
17
164
435
564
493
266
-1
-199
-398
-584
-788
-917
-868
-658
-293
46
274
379
376
365
334
326
330
317
332
361
458
565
582
459
212
-70
-310
-458
-487
-407
-200
112
434
718
901
1000
995
897
772
681
659
632
609
554
472
367
238
99
-46
-111
-59
85
256
390
444
422
341
252
174
121
129
187
307
420
519
569
541
436
253
74
-111
-258
-343
-380
-381
-387
-376
-357
-355
-396
-446
-482
-486
-419
-281
-132
-68
-74
-75
-72
-157
-314
-467
-563
-644
-806
-943
-1028
-1001
-992
-1092
-1216
-1395
-1300
-754
257
1358
2006
2173
1897
1359
618
-155
-722
-1058
-1142
-1024
-665
-147
326
456
121
-453
-947
-1085
-921
-632
-359
-142
100
392
692
834
688
355
58
-42
-5
1
-95
-251
-399
-513
-613
-682
-695
-700
-708
-668
-463
-85
289
554
689
721
662
528
401
277
145
24
-22
28
113
174
136
1
-190
-358
-430
-377
-149
230
624
931
1169
1365
1454
1372
1174
904
607
339
161
116
143
212
270
294
279
274
294
272
251
250
296
370
501
636
660
538
326
168
88
73
86
120
145
154
144
65
-84
-302
-520
-696
-744
-670
-534
-398
-327
-272
-250
-250
-278
-321
-359
-369
-286
-202
-173
-196
-283
-439
-672
-933
-1125
-1235
-1273
-1238
-1158
-1061
-1046
-1053
-859
-242
769
1714
2221
2205
1773
1105
333
-350
-833
-1131
-1268
-1168
-709
-29
475
546
238
-170
-433
-470
-301
-70
55
57
99
323
609
709
530
201
-82
-209
-234
-279
-405
-602
-752
-744
-594
-403
-304
-329
-413
-445
-337
-115
159
346
410
411
407
405
343
195
-26
-249
-365
-296
-100
63
91
6
-132
-260
-308
-260
-131
102
463
893
1264
1512
1574
1432
1174
905
662
425
221
72
-22
-42
36
180
320
406
420
413
440
514
580
596
620
688
745
744
663
493
293
132
46
9
-30
-70
-99
-118
-140
-191
-280
-380
-447
-454
-397
-297
-177
-79
-41
-69
-168
-286
-390
-497
-633
-740
-730
-638
-528
-515
-620
-769
-925
-1052
-1129
-1121
-1077
-1089
-1145
-1263
-1310
-946
1
1243
2141
2445
2274
1743
910
-124
-991
-1520
-1780
-1750
-1333
-529
328
871
944
628
170
-173
-230
-112
-50
-137
-235
-87
288
648
700
412
55
-181
-254
-310
-452
-671
-873
-908
-731
-427
-166
-72
-140
-272
-328
-223
-13
173
275
320
343
353
343
278
82
-231
-461
-496
-361
-159
22
126
88
-31
-117
-116
-64
0
88
316
793
1372
1801
1922
1762
1414
966
497
89
-184
-342
-402
-309
-13
400
758
934
906
781
660
628
695
788
854
869
860
841
755
559
260
-49
-243
-303
-276
-198
-108
-40
-16
-29
-62
-117
-202
-304
-389
-410
-351
-223
-75
9
-7
-163
-394
-576
-697
-804
-895
-874
-745
-605
-551
-604
-745
-987
-1261
-1456
-1518
-1547
-1637
-1551
-972
125
1380
2286
2621
2359
1664
691
-378
-1226
-1775
-2017
-1928
-1388
-443
504
1100
1179
870
409
23
-153
-193
-235
-332
-345
-141
248
630
730
509
151
-137
-316
-502
-698
-865
-946
-889
-669
-321
-33
78
7
-170
-330
-379
-305
-174
-58
35
109
179
259
269
101
-169
-398
-493
-443
-314
-144
-7
52
44
22
29
47
66
102
204
450
867
1293
1566
1693
1639
1365
981
626
293
-41
-326
-506
-465
-201
187
589
891
1051
1091
1066
1051
1082
1097
1018
861
693
565
434
269
91
-114
-267
-280
-171
2
141
194
202
203
200
157
52
-134
-320
-386
-352
-246
-126
-83
-108
-194
-331
-491
-604
-655
-715
-778
-804
-755
-728
-779
-886
-994
-1047
-1112
-1152
-1182
-1258
-1381
-1285
-667
304
1300
1996
2220
1933
1251
385
-522
-1292
-1856
-2129
-1997
-1414
-489
427
1031
1193
1013
701
377
128
-125
-424
-665
-681
-386
44
410
539
435
261
101
-48
-314
-667
-980
-1115
-1006
-726
-333
-17
109
96
49
27
-20
-81
-151
-200
-185
-93
66
173
166
25
-188
-362
-428
-366
-273
-202
-152
-98
-7
130
269
336
350
392
514
685
856
1118
1360
1364
1196
986
720
328
-40
-308
-438
-350
-75
344
798
1156
1351
1383
1288
1137
971
779
581
421
304
245
281
377
439
395
296
226
203
185
136
23
-109
-140
-82
10
58
17
-55
-123
-139
-93
-60
-103
-206
-327
-434
-501
-537
-570
-626
-685
-734
-724
-609
-503
-469
-479
-543
-685
-938
-1237
-1528
-1752
-1861
-1715
-1078
-15
1167
2061
2398
2195
1615
786
-212
-1150
-1848
-2230
-2216
-1718
-785
193
928
1316
1341
1106
708
292
-161
-653
-1026
-1123
-831
-313
213
558
645
590
463
261
-103
-582
-1029
-1273
-1215
-921
-495
-134
70
170
197
183
86
-83
-277
-397
-363
-245
-100
7
32
-41
-177
-271
-285
-263
-275
-278
-204
-59
120
288
424
487
497
549
665
827
1004
1150
1181
1096
981
811
508
126
-189
-335
-271
-20
341
727
1031
1198
1256
1230
1127
950
720
483
315
251
253
314
411
486
501
471
426
326
165
-18
-167
-240
-232
-162
-66
26
98
134
102
6
-110
-241
-385
-486
-512
-492
-444
-382
-366
-366
-353
-343
-360
-444
-569
-702
-837
-963
-1079
-1171
-1276
-1394
-1489
-1407
-891
62
1125
1880
2141
1952
1402
636
-211
-1000
-1648
-2044
-2023
-1541
-718
168
860
1200
1167
915
564
176
-240
-643
-930
-993
-733
-251
215
497
596
603
515
288
-120
-630
-1071
-1298
-1233
-967
-619
-281
-22
163
253
241
88
-170
-430
-568
-536
-406
-251
-140
-100
-121
-130
-81
-41
-66
-146
-195
-169
-103
-22
46
116
188
286
461
691
919
1096
1206
1214
1137
1002
786
489
181
-35
-102
-13
211
516
818
1023
1107
1091
990
832
650
504
438
448
514
592
648
651
587
473
330
176
25
-105
-198
-226
-179
-76
50
164
239
250
172
21
-148
-299
-427
-528
-590
-586
-553
-531
-501
-457
-427
-409
-359
-307
-291
-356
-506
-693
-883
-1086
-1322
-1547
-1749
-1857
-1557
-669
580
1669
2261
2335
1966
1269
323
-651
-1452
-2020
-2214
-1906
-1101
-99
760
1283
1402
1242
908
478
-20
-551
-958
-1119
-922
-454
71
472
667
768
779
625
223
-381
-966
-1343
-1405
-1213
-890
-538
-216
86
310
407
307
30
-297
-535
-585
-511
-396
-303
-234
-168
-116
-60
-34
-63
-133
-197
-173
-85
-15
-24
-69
-73
-28
48
170
344
662
1155
1544
1682
1651
1465
1087
612
208
-107
-293
-330
-208
138
616
1066
1373
1461
1337
1090
836
613
457
350
266
254
372
554
640
598
477
321
145
-65
-262
-393
-397
-272
-67
164
322
359
254
52
-178
-419
-646
-812
-852
-808
-710
-589
-507
-449
-408
-427
-492
-544
-597
-716
-870
-988
-1072
-1167
-1292
-1428
-1385
-921
-90
820
1487
1813
1789
1415
775
-26
-802
-1435
-1825
-1802
-1334
-548
290
943
1293
1328
1137
765
294
-166
-575
-850
-861
-558
-117
277
551
711
773
684
413
-47
-584
-1012
-1233
-1225
-1056
-786
-483
-196
82
254
249
66
-205
-448
-603
-632
-574
-472
-362
-265
-184
-126
-80
-74
-129
-210
-247
-206
-146
-115
-109
-99
-81
-24
104
258
398
555
775
1042
1258
1347
1290
1153
984
772
540
311
114
-11
8
194
509
856
1125
1264
1283
1212
1078
905
706
507
362
299
311
367
405
400
373
333
252
126
-19
-152
-200
-150
-40
64
108
92
35
-60
-212
-386
-540
-686
-782
-814
-792
-753
-754
-768
-735
-618
-514
-505
-607
-795
-971
-1154
-1372
-1639
-1776
-1457
-623
462
1358
1890
2050
1817
1280
492
-400
-1260
-1926
-2175
-1935
-1227
-296
576
1187
1437
1426
1195
801
254
-368
-870
-1086
-886
-417
105
532
832
1045
1087
880
345
-377
-1033
-1431
-1482
-1316
-1013
-632
-220
191
482
572
376
-27
-458
-767
-877
-843
-724
-568
-382
-192
-25
90
79
-66
-286
-438
-452
-395
-321
-244
-149
-54
69
254
428
536
607
705
845
972
1032
1000
909
786
652
540
460
398
366
397
490
638
812
957
1042
1060
1037
1005
955
861
725
603
526
490
462
427
375
300
229
169
106
46
-4
-16
22
86
127
121
56
-43
-161
-285
-397
-515
-624
-699
-725
-718
-728
-764
-801
-776
-733
-736
-790
-891
-1019
-1190
-1405
-1611
-1567
-1081
-277
601
1329
1770
1816
1496
947
196
-645
-1399
-1878
-1959
-1689
-1065
-234
555
1085
1321
1358
1151
749
235
-293
-705
-880
-746
-435
-44
361
726
991
1041
837
364
-237
-761
-1103
-1238
-1222
-1042
-729
-315
131
430
488
321
24
-306
-595
-796
-904
-907
-796
-585
-335
-137
-34
-25
-87
-197
-321
-431
-530
-581
-538
-393
-206
-34
94
191
307
459
648
844
973
1001
946
847
722
593
459
330
235
220
312
502
750
978
1142
1237
1251
1198
1093
957
821
706
625
571
554
550
541
519
489
435
343
224
99
23
20
77
163
238
270
247
187
83
-70
-235
-389
-536
-659
-697
-654
-615
-626
-672
-700
-730
-813
-920
-999
-1072
-1194
-1329
-1450
-1499
-1283
-685
227
1110
1659
1825
1659
1229
522
-345
-1160
-1793
-2097
-1994
-1460
-624
244
905
1247
1331
1202
889
455
-55
-522
-800
-781
-523
-165
212
535
797
939
880
563
7
-582
-1024
-1218
-1223
-1111
-867
-514
-89
285
484
438
169
-198
-534
-744
-832
-837
-771
-627
-423
-213
-59
-16
-83
-221
-382
-514
-609
-658
-663
-607
-457
-251
-45
96
169
280
509
779
954
1011
978
874
720
548
367
186
44
-12
79
318
617
894
1103
1233
1296
1307
1246
1116
955
812
722
688
683
649
596
556
543
533
464
321
153
36
13
65
165
269
352
415
441
412
299
82
-177
-390
-531
-623
-656
-655
-654
-673
-675
-607
-579
-657
-786
-904
-991
-1122
-1300
-1514
-1654
-1439
-793
159
1070
1654
1923
1871
1511
821
-83
-1003
-1795
-2238
-2228
-1746
-922
-32
711
1187
1422
1391
1097
619
40
-482
-828
-889
-694
-356
42
428
795
1032
1008
665
80
-524
-1003
-1286
-1388
-1328
-1077
-659
-125
361
631
619
357
-27
-409
-712
-933
-1053
-1035
-880
-626
-337
-92
34
22
-80
-240
-412
-566
-697
-793
-798
-681
-492
-282
-93
76
246
442
689
953
1132
1137
1003
810
586
331
60
-166
-284
-237
-9
341
730
1070
1314
1448
1482
1431
1295
1097
874
692
574
513
505
518
548
593
644
660
589
431
239
101
56
99
175
244
291
347
413
420
315
107
-123
-316
-474
-557
-581
-596
-634
-665
-656
-650
-647
-684
-773
-894
-1038
-1180
-1309
-1296
-1020
-473
239
916
1432
1673
1609
1259
651
-91
-862
-1497
-1855
-1837
-1433
-800
-104
502
947
1178
1144
886
471
21
-369
-615
-643
-510
-266
48
394
686
819
725
398
-66
-573
-1014
-1284
-1362
-1261
-1007
-616
-175
191
392
385
201
-98
-419
-700
-904
-1002
-985
-858
-655
-431
-248
-145
-126
-186
-308
-463
-602
-706
-762
-731
-619
-455
-297
-142
25
234
514
786
976
1043
985
831
626
422
201
-22
-192
-244
-131
96
397
719
1013
1233
1350
1369
1290
1157
1014
879
766
697
673
653
641
641
634
596
501
372
242
150
126
175
266
349
409
438
452
433
338
169
-21
-193
-312
-375
-412
-443
-454
-457
-479
-511
-498
-456
-465
-563
-756
-1024
-1390
-1784
-1878
-1436
-558
439
1318
1961
2266
2209
1749
933
-80
-1127
-1952
-2355
-2235
-1651
-801
101
831
1329
1562
1470
1086
505
-118
-653
-960
-969
-732
-330
145
655
1100
1317
1168
667
-9
-701
-1272
-1664
-1835
-1732
-1360
-756
-76
480
746
694
431
44
-367
-765
-1101
-1281
-1251
-1043
-751
-438
-186
-50
-41
-135
-296
-499
-725
-940
-1052
-998
-803
-537
-286
-68
139
402
688
860
889
820
693
528
361
219
79
-52
-135
-109
42
245
448
644
816
947
1054
1129
1150
1112
1034
946
866
803
729
641
575
545
539
514
440
325
216
165
160
183
235
290
342
388
431
452
398
266
91
-80
-222
-342
-429
-515
-588
-597
-537
-460
-425
-445
-524
-650
-782
-947
-1184
-1480
-1583
-1162
-219
858
1627
2011
2108
1917
1371
515
-416
-1262
-1909
-2181
-1930
-1208
-320
475
1041
1349
1424
1266
911
373
-225
-679
-828
-658
-329
58
448
837
1182
1334
1132
544
-223
-916
-1385
-1625
-1689
-1533
-1141
-552
76
572
800
681
330
-108
-502
-831
-1088
-1219
-1177
-959
-645
-324
-95
-8
-72
-250
-453
-665
-894
-1102
-1192
-1089
-827
-489
-188
76
370
674
876
884
762
576
349
128
-57
-156
-183
-160
-83
77
294
484
635
720
755
772
786
785
771
789
824
866
908
907
837
718
603
494
390
275
147
72
82
162
276
373
445
481
482
446
358
249
122
-11
-122
-186
-220
-311
-408
-457
-461
-455
-498
-527
-584
-682
-793
-951
-1120
-1343
-1397
-965
-97
869
1514
1861
1963
1768
1266
466
-386
-1189
-1799
-2028
-1795
-1144
-365
391
976
1312
1395
1211
841
304
-234
-638
-787
-645
-356
47
471
901
1261
1397
1219
668
-42
-704
-1174
-1448
-1576
-1475
-1134
-566
49
531
772
692
413
30
-356
-727
-1048
-1223
-1200
-955
-619
-281
-21
102
107
-14
-209
-481
-791
-1052
-1195
-1154
-968
-655
-258
153
509
754
865
788
579
311
52
-128
-233
-241
-168
-28
145
315
449
507
502
461
437
439
460
483
503
553
621
695
759
794
791
741
647
513
359
216
104
42
30
56
114
199
285
354
384
354
277
183
51
-82
-165
-240
-310
-374
-438
-484
-508
-519
-578
-661
-768
-922
-1088
-1165
-933
-349
412
1096
1571
1803
1741
1416
857
140
-608
-1250
-1630
-1653
-1262
-611
67
642
1021
1209
1156
897
523
125
-202
-410
-418
-275
-28
276
590
883
1037
982
697
278
-168
-586
-874
-1018
-1003
-840
-530
-120
236
454
483
360
124
-177
-473
-765
-985
-1063
-973
-780
-551
-320
-157
-63
-62
-133
-256
-435
-635
-798
-852
-785
-605
-330
-22
250
420
470
382
159
-138
-419
-559
-525
-357
-101
184
440
618
695
647
498
306
128
13
-23
29
148
298
446
561
631
638
577
466
329
195
101
56
61
117
213
314
391
426
398
304
156
-10
-137
-188
-210
-230
-243
-223
-204
-232
-278
-338
-414
-524
-665
-832
-1046
-1179
-982
-401
341
1010
1567
1964
2055
1789
1218
471
-363
-1131
-1618
-1730
-1469
-914
-178
548
1091
1402
1474
1298
915
436
-6
-315
-447
-414
-203
161
599
1009
1267
1278
998
531
0
-508
-924
-1194
-1243
-1048
-637
-101
410
770
908
844
610
236
-207
-646
-979
-1140
-1116
-951
-710
-445
-222
-60
9
-14
-151
-394
-651
-840
-900
-869
-745
-476
-111
271
530
616
556
365
74
-288
-597
-793
-848
-739
-516
-212
98
357
519
584
562
462
336
194
83
37
66
148
220
265
259
231
204
167
118
43
-23
-67
-69
-35
8
83
147
186
184
145
101
25
-59
-136
-197
-245
-326
-423
-491
-514
-564
-674
-803
-936
-1098
-1278
-1211
-701
147
1010
1670
2133
2352
2272
1802
1008
84
-817
-1496
-1846
-1730
-1183
-432
314
906
1339
1534
1450
1138
684
223
-162
-335
-278
-31
368
843
1337
1677
1769
1521
980
302
-388
-930
-1327
-1506
-1388
-968
-332
299
823
1109
1148
975
647
262
-179
-576
-838
-899
-804
-640
-422
-222
-57
21
7
-103
-321
-567
-797
-919
-917
-805
-603
-337
49
490
824
898
725
430
80
-288
-649
-915
-1011
-942
-746
-461
-140
136
331
420
416
364
270
146
19
-54
-52
-17
35
69
88
91
70
33
-24
-97
-195
-278
-303
-295
-281
-263
-221
-157
-108
-114
-178
-239
-249
-231
-232
-274
-353
-453
-570
-723
-878
-1034
-1209
-1443
-1553
-1214
-370
702
1540
2010
2235
2289
2038
1355
450
-459
-1213
-1696
-1765
-1362
-647
155
851
1394
1696
1662
1370
904
388
-105
-414
-475
-334
27
520
1095
1621
1948
1956
1603
1016
315
-317
-841
-1245
-1393
-1202
-685
-41
575
1015
1187
1135
880
515
81
-355
-695
-850
-779
-584
-319
-44
201
383
451
387
165
-153
-518
-834
-999
-1006
-883
-670
-335
86
561
980
1161
1081
814
452
25
-406
-760
-959
-948
-794
-527
-188
142
376
506
546
460
290
77
-124
-240
-261
-232
-202
-156
-106
-56
-6
9
-22
-108
-228
-361
-459
-513
-543
-534
-494
-436
-379
-355
-373
-403
-411
-431
-465
-516
-625
-761
-899
-997
-1082
-1197
-1398
-1610
-1514
-1004
-176
708
1439
1908
2060
1968
1595
1013
232
-630
-1299
-1643
-1593
-1222
-567
161
791
1292
1560
1571
1319
953
529
108
-180
-329
-246
42
507
1065
1569
1873
1847
1577
1094
468
-172
-761
-1185
-1341
-1143
-661
-22
614
1085
1358
1381
1166
763
246
-278
-720
-958
-983
-830
-530
-158
224
528
707
696
492
165
-237
-599
-851
-963
-929
-719
-336
135
655
1102
1342
1325
1090
720
265
-192
-598
-840
-840
-667
-384
-55
273
538
727
782
672
507
318
131
-25
-121
-174
-202
-193
-175
-125
-67
-33
-39
-83
-165
-294
-432
-568
-681
-749
-754
-721
-673
-614
-557
-491
-448
-451
-497
-588
-749
-961
-1162
-1359
-1556
-1771
-1975
-1942
-1539
-817
29
823
1460
1817
1896
1700
1288
649
-169
-916
-1417
-1612
-1542
-1141
-532
91
655
1098
1379
1397
1235
941
556
173
-156
-308
-244
59
551
1127
1633
1912
1959
1753
1317
720
41
-641
-1184
-1401
-1279
-879
-323
272
823
1234
1437
1389
1121
681
159
-310
-676
-890
-933
-791
-490
-98
312
619
742
671
428
84
-286
-639
-917
-1038
-940
-625
-120
463
968
1307
1444
1385
1129
711
175
-351
-727
-922
-900
-687
-338
80
513
883
1080
1110
989
748
445
139
-117
-296
-371
-362
-248
-60
130
269
332
308
186
-1
-258
-545
-776
-898
-912
-840
-720
-604
-474
-363
-329
-374
-501
-695
-935
-1166
-1351
-1472
-1572
-1729
-1831
-1674
-1238
-675
-99
484
993
1261
1224
1026
784
380
-216
-764
-1069
-1210
-1202
-953
-555
-146
237
589
806
873
857
761
568
292
55
-70
-84
16
277
680
1047
1308
1471
1501
1336
1014
606
137
-306
-623
-761
-725
-548
-270
66
392
629
767
805
722
514
248
-20
-267
-446
-520
-469
-291
-33
218
400
487
469
352
148
-133
-422
-629
-717
-645
-392
-17
377
688
889
976
968
852
621
338
66
-156
-313
-365
-292
-118
120
362
556
693
776
787
701
541
344
150
-13
-128
-161
-98
24
135
223
289
314
269
125
-84
-306
-500
-655
-762
-805
-789
-720
-601
-476
-389
-362
-400
-525
-727
-954
-1180
-1409
-1647
-1850
-1864
-1566
-1041
-482
45
541
883
965
869
725
475
50
-395
-691
-867
-942
-827
-547
-262
-21
236
440
511
495
465
367
157
-60
-174
-184
-117
60
344
631
859
1036
1155
1147
1004
786
520
236
-5
-144
-186
-175
-136
-66
23
89
101
90
65
6
-70
-145
-206
-239
-209
-136
-54
39
119
163
166
147
116
62
-16
-116
-197
-218
-169
-72
27
127
221
279
294
287
279
257
220
185
152
123
129
177
244
323
418
510
567
600
622
617
572
475
349
230
131
60
39
74
142
236
344
431
461
427
341
214
74
-62
-168
-218
-223
-206
-163
-96
-36
-8
-25
-96
-216
-359
-514
-671
-807
-909
-964
-980
-976
-945
-856
-718
-594
-523
-499
-536
-644
-765
-838
-889
-960
-995
-949
-834
-666
-439
-197
-7
117
198
242
246
234
220
172
86
20
20
66
139
245
367
457
524
597
653
651
606
567
546
538
545
560
564
543
513
476
412
322
246
197
156
115
81
60
48
53
60
47
3
-57
-106
-141
-175
-222
-283
-345
-381
-374
-337
-295
-257
-214
-173
-138
-126
-152
-190
-209
-219
-236
-236
-198
-126
-23
114
268
412
529
610
645
647
620
558
480
413
367
343
348
388
464
561
659
742
784
770
702
601
486
380
300
240
201
198
230
266
284
271
217
123
7
-119
-251
-384
-509
-614
-692
-744
-784
-828
-887
-958
-1042
-1112
-1116
-1058
-996
-961
-932
-942
-1005
-1034
-976
-907
-896
-873
-795
-709
-630
-503
-336
-209
-125
-27
84
162
213
283
336
316
267
267
306
354
434
558
667
734
810
914
985
993
974
950
888
777
670
580
479
372
311
279
228
180
180
196
178
133
76
-1
-77
-138
-198
-286
-384
-463
-528
-587
-619
-621
-610
-590
-558
-524
-503
-483
-451
-412
-375
-354
-359
-369
-357
-311
-241
-153
-53
47
150
255
353
440
512
567
609
650
690
713
730
746
762
769
774
772
770
768
755
734
707
680
656
628
597
565
536
502
466
423
362
284
208
134
52
-38
-131
-223
-307
-375
-436
-517
-612
-708
-815
-933
-1052
-1163
-1281
-1373
-1365
-1257
-1101
-933
-777
-701
-723
-746
-717
-715
-785
-839
-822
-775
-710
-578
-389
-214
-84
28
120
187
255
341
407
411
377
347
347
383
463
578
695
795
894
995
1046
1008
923
848
772
668
559
473
402
351
331
308
240
148
94
67
30
-30
-100
-168
-227
-275
-323
-392
-465
-520
-554
-589
-632
-668
-689
-693
-681
-662
-648
-633
-601
-547
-479
-400
-314
-247
-189
-132
-78
-45
-25
11
61
107
165
245
338
446
565
676
768
841
905
949
960
939
892
825
750
693
670
676
701
739
790
846
880
873
818
725
619
508
383
251
136
67
34
5
-39
-108
-201
-302
-395
-482
-589
-722
-857
-970
-1054
-1111
-1139
-1159
-1188
-1179
-1085
-953
-852
-778
-715
-728
-803
-833
-805
-815
-866
-863
-806
-766
-705
-562
-379
-228
-93
65
200
291
382
495
570
563
523
516
542
579
623
674
718
764
835
909
923
870
812
791
764
689
592
499
401
319
272
223
140
67
42
33
-8
-82
-163
-235
-304
-382
-476
-576
-650
-690
-708
-724
-751
-779
-788
-770
-749
-744
-734
-695
-633
-559
-487
-425
-367
-285
-187
-114
-86
-77
-51
6
85
169
256
357
474
601
717
800
844
869
895
918
937
952
959
964
976
989
995
997
1006
1020
1022
995
948
890
826
759
679
579
462
345
246
163
75
-28
-130
-218
-305
-390
-463
-512
-552
-599
-648
-696
-758
-828
-889
-946
-1017
-1092
-1159
-1214
-1227
-1148
-1001
-874
-805
-780
-801
-849
-862
-829
-810
-827
-824
-774
-690
-561
-372
-163
14
159
293
414
505
566
619
634
578
497
463
477
508
547
604
666
723
785
835
830
761
691
640
568
455
338
256
188
124
68
6
-64
-113
-121
-130
-185
-265
-330
-379
-435
-507
-592
-672
-720
-725
-716
-722
-744
-745
-711
-672
-658
-668
-670
-641
-579
-502
-437
-352
-224
-85
17
69
111
151
190
242
295
327
361
430
518
612
725
843
950
1047
1133
1192
1204
1176
1129
1072
1001
933
904
912
929
941
937
920
881
810
706
578
442
316
209
124
59
16
2
1
-20
-73
-142
-211
-270
-334
-417
-516
-605
-672
-731
-790
-849
-904
-951
-1001
-1066
-1150
-1221
-1204
-1083
-926
-802
-709
-648
-632
-615
-570
-548
-594
-641
-616
-561
-509
-412
-250
-83
53
178
289
367
439
517
547
486
385
337
353
388
426
472
514
556
607
646
615
514
414
363
320
240
156
109
96
97
91
42
-37
-98
-116
-133
-193
-278
-351
-393
-421
-461
-521
-581
-612
-620
-630
-658
-694
-712
-689
-639
-590
-557
-522
-448
-355
-285
-256
-250
-240
-203
-141
-80
-26
36
120
211
286
339
396
472
553
617
663
709
775
868
974
1054
1086
1090
1090
1077
1041
979
893
810
751
718
699
691
692
710
739
755
742
705
662
610
531
430
327
228
136
56
-22
-105
-178
-237
-292
-347
-391
-427
-465
-515
-564
-611
-668
-727
-765
-784
-819
-875
-931
-977
-1021
-1035
-982
-879
-772
-680
-595
-544
-555
-588
-599
-614
-658
-675
-621
-549
-482
-369
-204
-50
62
168
272
335
359
384
389
328
244
217
234
242
260
320
383
410
439
474
464
398
341
311
267
196
139
109
78
39
3
-54
-132
-200
-239
-277
-331
-378
-396
-392
-386
-386
-399
-414
-430
-453
-491
-540
-576
-593
-583
-548
-501
-445
-375
-287
-211
-168
-154
-153
-147
-124
-73
-23
33
140
281
377
409
451
513
546
553
565
577
588
634
710
777
842
932
1016
1064
1082
1086
1070
1024
970
918
857
794
759
769
785
768
725
684
650
594
499
381
272
196
141
80
5
-59
-85
-96
-126
-172
-222
-273
-320
-371
-439
-509
-557
-590
-612
-631
-656
-684
-697
-696
-702
-738
-801
-857
-893
-937
-951
-892
-790
-701
-620
-536
-502
-534
-549
-517
-528
-599
-613
-547
-496
-447
-319
-159
-53
26
134
215
228
241
274
254
166
113
131
139
110
115
174
218
220
232
252
222
166
154
160
119
65
56
65
34
-20
-64
-109
-155
-169
-158
-173
-206
-207
-180
-182
-218
-245
-251
-248
-245
-246
-261
-271
-251
-207
-170
-155
-144
-123
-97
-79
-80
-92
-90
-49
12
75
136
201
277
366
458
521
536
524
521
530
529
521
538
581
629
681
728
773
823
871
892
867
821
775
735
695
659
632
599
567
549
554
557
533
491
455
427
385
320
248
190
155
125
83
27
-30
-74
-102
-140
-195
-250
-289
-310
-329
-357
-391
-421
-442
-463
-493
-532
-582
-635
-674
-680
-681
-712
-755
-763
-747
-759
-807
-842
-805
-710
-635
-624
-597
-505
-446
-481
-530
-530
-551
-601
-601
-558
-541
-520
-425
-302
-217
-135
-22
58
84
122
156
115
42
42
81
62
12
38
132
195
207
218
236
233
225
224
196
149
132
159
167
131
95
84
74
54
33
10
-15
-23
-5
14
10
-5
-3
22
42
28
-9
-34
-28
-14
-14
-26
-24
12
65
108
122
126
146
174
179
157
144
168
205
234
257
298
349
408
472
505
488
458
458
464
459
462
475
482
504
555
601
617
629
655
670
646
592
540
511
485
439
382
344
344
367
381
366
340
324
315
286
225
143
70
16
-32
-81
-129
-164
-179
-176
-178
-195
-217
-233
-241
-252
-283
-335
-387
-415
-428
-452
-503
-562
-587
-581
-586
-614
-651
-670
-681
-700
-731
-764
-795
-817
-809
-761
-706
-683
-655
-578
-516
-549
-623
-631
-613
-650
-690
-668
-651
-648
-568
-422
-328
-291
-207
-93
-31
-11
15
14
-29
-43
-6
-4
-52
-35
86
194
231
258
315
361
380
396
392
359
339
371
407
393
362
362
380
394
402
393
371
369
397
405
369
317
299
316
328
309
273
252
257
268
256
219
183
173
184
180
144
101
87
94
93
79
64
68
91
108
106
108
120
125
138
160
158
124
111
135
154
153
168
199
232
276
321
339
340
355
378
379
353
338
346
354
348
336
343
364
379
387
388
382
363
344
318
277
226
181
151
131
112
94
76
58
41
28
2
-28
-56
-79
-105
-144
-188
-229
-264
-307
-358
-409
-464
-516
-553
-591
-643
-686
-704
-728
-774
-813
-836
-874
-934
-991
-1042
-1090
-1102
-1061
-1017
-1017
-1020
-956
-873
-857
-891
-890
-855
-844
-835
-782
-707
-643
-543
-399
-291
-224
-118
25
129
177
214
247
265
310
384
416
403
445
576
702
752
769
812
879
933
943
908
869
861
881
886
849
795
770
783
794
768
709
659
643
635
594
517
437
383
352
318
244
144
70
52
38
-29
-129
-202
-232
-253
-294
-351
-401
-421
-406
-390
-408
-445
-446
-396
-345
-346
-368
-356
-308
-267
-236
-203
-173
-135
-65
10
54
84
145
232
304
347
371
400
455
525
576
588
588
619
686
738
746
735
750
785
800
774
731
695
669
641
597
535
470
424
391
346
283
211
147
88
30
-46
-144
-244
-327
-395
-478
-589
-691
-755
-804
-865
-942
-1011
-1052
-1069
-1088
-1141
-1207
-1247
-1249
-1257
-1288
-1315
-1321
-1316
-1311
-1307
-1303
-1289
-1255
-1193
-1100
-1006
-946
-888
-768
-617
-528
-493
-422
-309
-214
-133
-40
44
126
252
398
489
552
670
821
919
968
1012
1047
1064
1102
1152
1149
1098
1090
1147
1192
1168
1114
1084
1077
1063
1014
923
819
750
708
651
546
427
342
298
255
174
69
-13
-60
-98
-163
-259
-359
-420
-443
-467
-533
-616
-659
-654
-645
-664
-698
-715
-690
-635
-594
-582
-560
-505
-434
-386
-355
-321
-269
-200
-134
-92
-64
-10
85
189
272
341
410
488
578
664
724
764
805
846
878
893
898
904
915
920
898
856
821
808
799
763
706
652
616
586
537
465
382
303
226
146
48
-63
-163
-244
-321
-402
-483
-551
-604
-648
-699
-763
-830
-885
-924
-970
-1025
-1078
-1101
-1103
-1103
-1107
-1112
-1105
-1080
-1049
-1023
-1007
-984
-945
-894
-842
-794
-748
-701
-643
-580
-521
-469
-414
-359
-312
-257
-183
-101
-22
54
123
187
268
353
398
413
444
489
509
523
566
620
662
708
751
776
797
832
856
837
794
761
727
693
671
638
575
520
511
514
475
408
356
330
309
267
201
128
78
64
46
-8
-77
-123
-141
-158
-194
-246
-290
-306
-301
-305
-331
-351
-344
-325
-307
-307
-325
-335
-309
-272
-258
-270
-270
-242
-198
-158
-137
-131
-119
-73
-12
17
23
59
133
193
222
250
287
323
356
384
391
384
395
425
451
462
470
481
498
510
516
511
483
450
434
419
378
327
297
288
271
233
186
149
119
80
27
-36
-94
-140
-177
-218
-262
-299
-324
-345
-370
-401
-434
-470
-501
-522
-539
-562
-590
-600
-593
-587
-586
-584
-573
-553
-536
-530
-527
-513
-488
-463
-441
-419
-393
-357
-317
-285
-268
-256
-233
-208
-191
-176
-157
-131
-104
-78
-56
-35
-4
41
83
113
127
140
168
217
260
272
266
276
302
320
327
341
357
365
376
391
392
389
412
440
431
401
383
376
364
347
322
281
239
227
229
207
160
126
113
99
69
29
-17
-56
-70
-82
-114
-159
-187
-186
-185
-209
-247
-276
-285
-285
-297
-330
-365
-377
-363
-349
-351
-360
-355
-327
-295
-283
-287
-274
-237
-203
-185
-167
-136
-95
-50
1
44
71
96
140
188
218
239
268
312
359
405
439
463
496
539
569
570
558
558
563
554
536
521
511
502
494
484
467
443
418
387
347
303
250
196
149
112
72
26
-14
-43
-71
-107
-157
-205
-251
-290
-331
-371
-405
-433
-450
-466
-480
-486
-487
-488
-491
-495
-492
-484
-474
-462
-453
-444
-430
-408
-378
-345
-316
-294
-274
-242
-200
-164
-136
-106
-70
-31
6
35
56
80
104
119
124
130
145
164
189
219
238
235
219
215
224
225
219
212
203
188
173
159
145
138
140
131
107
80
64
58
45
19
-20
-60
-88
-99
-103
-118
-147
-174
-188
-198
-212
-229
-245
-252
-253
-256
-265
-280
-286
-286
-287
-289
-292
-289
-271
-247
-230
-224
-211
-186
-159
-138
-122
-110
-94
-70
-47
-32
-16
10
52
95
129
152
174
196
219
248
282
305
317
336
358
374
394
420
444
456
463
469
472
478
483
481
467
447
438
439
435
424
417
412
398
379
359
339
315
288
259
223
190
162
133
100
67
41
11
-16
-39
-60
-87
-119
-142
-161
-185
-209
-228
-245
-257
-268
-281
-295
-304
-305
-306
-312
-318
-311
-299
-290
-282
-268
-257
-245
-230
-216
-205
-191
-168
-147
-138
-129
-114
-96
-76
-54
-35
-25
-13
3
11
15
14
8
-4
-15
-18
-16
-23
-37
-42
-40
-49
-64
-73
-82
-100
-121
-140
-162
-193
-223
-252
-276
-295
-308
-312
-310
-305
-303
-304
-309
-321
-328
-326
-330
-341
-341
-326
-314
-307
-287
-267
-256
-237
-208
-186
-172
-151
-128
-115
-104
-82
-56
-27
8
44
67
83
107
139
167
180
188
204
227
253
285
314
327
337
363
386
399
412
429
442
449
453
453
452
459
472
474
465
454
454
457
454
440
418
398
386
382
379
362
342
332
330
324
305
280
259
241
228
204
171
143
126
116
103
86
72
66
64
58
39
16
-6
-24
-39
-60
-83
-104
-114
-119
-120
-127
-137
-143
-138
-136
-146
-160
-176
-185
-187
-192
-205
-213
-210
-198
-189
-189
-190
-184
-176
-176
-181
-183
-182
-179
-178
-179
-181
-179
-179
-176
-172
-172
-179
-191
-195
-199
-209
-219
-233
-243
-245
-243
-244
-247
-246
-242
-247
-260
-271
-277
-287
-303
-317
-322
-323
-318
-312
-306
-298
-285
-275
-271
-271
-269
-262
-262
-264
-258
-246
-239
-228
-209
-191
-168
-146
-127
-106
-88
-76
-63
-46
-28
-12
0
15
37
67
96
117
136
160
190
212
227
244
266
286
305
321
337
357
374
393
409
421
431
440
452
462
465
464
464
470
474
473
466
458
455
454
447
432
416
403
392
378
358
338
324
312
299
280
260
241
227
211
190
167
147
131
115
100
86
70
53
40
31
18
2
-15
-29
-38
-50
-69
-82
-91
-98
-108
-121
-131
-136
-141
-147
-157
-163
-170
-173
-178
-183
-191
-198
-203
-205
-207
-210
-213
-215
-217
-216
-217
-219
-221
-223
-224
-225
-231
-237
-236
-236
-235
-240
-244
-247
-247
-248
-251
-255
-258
-259
-262
-266
-265
-265
-267
-269
-270
-269
-269
-268
-266
-264
-263
-260
-258
-252
-243
-233
-225
-217
-207
-194
-182
-173
-162
-153
-140
-128
-117
-104
-90
-74
-58
-42
-24
-5
12
27
41
54
68
81
94
106
121
134
147
160
174
188
200
211
221
230
241
251
261
268
277
285
293
302
310
315
319
321
323
325
326
327
327
327
325
324
321
318
317
314
308
298
290
281
271
259
246
233
221
209
197
184
170
159
144
129
116
102
87
72
60
48
35
22
10
-2
-13
-23
-34
-45
-55
-64
-73
-80
-87
-92
-101
-109
-117
-125
-134
-141
-146
-152
-156
-159
-161
-161
-163
-162
-161
-163
-167
-167
-168
-169
-169
-167
-165
-165
-162
-158
-155
-153
-153
-151
-151
-151
-153
-152
-152
-152
-151
-152
-151
-151
-148
-146
-145
-148
-150
-153
-155
-158
-159
-159
-157
-157
-153
-150
-148
-146
-142
-138
-135
-134
-128
-121
-111
-99
-87
-76
-66
-54
-44
-35
-27
-20
-11
-3
7
17
30
45
60
73
84
93
105
117
129
137
143
149
158
167
173
181
187
190
192
194
195
194
196
198
196
194
190
186
186
182
176
169
162
156
150
146
140
133
129
124
121
117
112
107
103
100
94
87
80
73
68
62
57
48
39
33
28
24
16
10
4
-3
-9
-15
-22
-28
-33
-35
-37
-40
-40
-39
-38
-38
-40
-46
-53
-58
-60
-63
-69
-74
-79
-82
-84
-84
-84
-87
-90
-94
-98
-102
-108
-109
-111
-113
-114
-116
-116
-112
-109
-108
-106
-106
-105
-101
-96
-92
-90
-91
-88
-85
-79
-75
-71
-67
-63
-55
-47
-40
-35
-28
-21
-16
-12
-11
-7
-5
-4
-4
-3
-3
-2
-1
1
2
1
3
5
8
12
14
16
21
24
24
24
23
23
25
27
25
23
24
26
29
35
40
44
46
47
47
46
45
46
49
51
51
51
54
58
63
69
71
74
75
74
73
67
62
59
61
64
63
59
55
54
57
61
62
58
54
45
41
35
30
25
20
19
19
19
16
11
8
5
-2
-9
-18
-22
-29
-37
-45
-52
-53
-53
-55
-57
-62
-64
-63
-61
-60
-61
-63
-61
-60
-55
-52
-49
-46
-43
-40
-35
-31
-29
-29
-28
-24
-19
-11
-6
-3
0
5
11
16
19
21
20
17
15
14
13
12
10
9
9
9
10
10
8
5
0
-3
-6
-8
-12
-16
-18
-17
-17
-17
-15
-14
-13
-12
-13
-13
-14
-13
-15
-15
-13
-10
-5
1
5
8
9
13
18
20
24
26
28
31
35
39
42
42
44
47
52
55
55
55
54
54
54
55
55
55
52
50
47
43
41
37
34
28
22
19
16
12
7
0
-7
-13
-17
-21
-28
-36
-42
-46
-50
-53
-58
-62
-65
-67
-67
-71
-73
-76
-77
-79
-80
-80
-80
-80
-78
-74
-73
-71
-66
-60
-56
-52
-49
-46
-40
-34
-30
-25
-22
-17
-12
-8
-3
1
5
9
13
18
21
25
28
32
35
38
39
40
40
41
41
43
44
43
44
45
42
40
38
36
34
31
28
23
19
15
12
8
5
3
1
0
-2
-3
-5
-5
-4
-4
-2
0
1
3
4
5
8
12
14
17
21
25
30
35
40
46
50
58
66
73
81
89
95
100
104
107
107
107
108
109
108
107
105
105
103
100
95
90
85
80
74
66
59
50
42
35
24
15
5
-5
-15
-26
-35
-46
-56
-68
-80
-89
-100
-108
-116
-122
-129
-136
-141
-146
-149
-152
-156
-160
-162
-165
-166
-165
-163
-161
-158
-155
-151
-147
-141
-134
-128
-122
-116
-110
-102
-95
-88
-81
-73
-64
-55
-47
-39
-33
-27
-21
-17
-12
-8
-4
1
4
8
11
15
20
22
23
23
22
22
23
21
21
21
22
21
22
23
22
24
26
27
26
25
26
27
28
29
30
31
33
34
37
41
44
48
51
55
58
61
66
68
73
78
82
85
91
97
103
110
116
120
124
127
130
133
137
139
140
143
146
148
152
154
155
155
153
152
148
144
139
136
130
125
120
115
110
104
99
92
84
75
65
55
43
31
20
10
-1
-10
-22
-32
-41
-50
-58
-67
-74
-81
-91
-99
-108
-116
-122
-130
-135
-142
-148
-152
-158
-160
-162
-164
-164
-165
-165
-164
-163
-161
-158
-155
-151
-148
-145
-141
-139
-134
-131
-125
-121
-117
-112
-107
-103
-99
-95
-91
-89
-84
-82
-79
-75
-75
-72
-70
-68
-66
-63
-61
-60
-60
-60
-60
-58
-55
-56
-56
-55
-54
-51
-48
-45
-41
-40
-37
-32
-28
-24
-20
-16
-12
-7
-3
2
11
18
24
31
38
45
54
64
73
82
91
99
109
117
126
135
143
151
159
167
175
182
190
196
200
205
208
211
212
214
215
214
213
212
209
205
204
199
194
188
183
175
169
162
155
146
137
128
119
110
100
89
78
68
57
48
37
29
21
11
2
-7
-16
-25
-34
-41
-48
-57
-65
-70
-76
-81
-86
-89
-93
-96
-98
-100
-103
-105
-106
-110
-113
-114
-116
-117
-119
-119
-118
-118
-119
-117
-116
-117
-117
-119
-122
-124
-127
-129
-131
-133
-133
-134
-134
-133
-135
-136
-136
-138
-140
-143
-143
-146
-147
-146
-146
-145
-142
-141
-138
-136
-133
-130
-129
-126
-123
-120
-119
-116
-110
-105
-99
-91
-84
-77
-68
-60
-50
-41
-32
-24
-15
-6
4
16
27
39
49
59
70
79
89
96
104
112
119
126
133
138
147
154
162
169
173
178
182
186
189
191
191
193
192
192
191
189
186
184
181
176
171
164
156
149
144
138
131
123
118
113
108
102
96
92
86
80
72
65
58
52
45
40
34
29
25
21
19
16
12
8
5
3
1
-2
-2
-3
-3
-2
-2
-1
0
0
0
-2
-2
-4
-6
-9
-13
-15
-19
-23
-27
-31
-36
-40
-45
-50
-55
-60
-66
-71
-77
-84
-91
-98
-106
-114
-121
-130
-139
-147
-155
-162
-171
-178
-185
-191
-198
-205
-211
-215
-218
-218
-219
-220
-219
-217
-213
-210
-205
-198
-194
-187
-181
-173
-164
-156
-146
-134
-122
-110
-97
-84
-70
-55
-40
-26
-11
5
21
36
52
66
80
95
109
120
131
143
151
159
167
174
180
185
187
189
191
193
193
192
191
189
186
184
178
172
166
158
150
142
135
127
120
111
102
93
82
73
64
55
48
40
33
26
21
16
12
8
5
4
3
2
2
1
4
5
9
11
13
16
21
26
32
36
43
48
52
56
60
66
69
73
78
81
84
85
87
88
89
89
87
86
83
78
73
66
59
52
44
33
22
9
-3
-14
-27
-39
-52
-65
-79
-92
-105
-118
-131
-144
-155
-165
-176
-186
-195
-203
-210
-217
-224
-229
-233
-236
-238
-240
-239
-235
-232
-227
-222
-216
-208
-199
-190
-178
-167
-154
-142
-129
-115
-100
-85
-70
-55
-40
-25
-11
4
19
33
47
61
74
86
99
110
120
129
137
145
151
156
160
163
164
166
167
165
163
160
156
151
144
138
129
123
117
110
102
94
84
77
69
62
55
45
38
30
22
15
8
3
-2
-7
-13
-18
-22
-24
-26
-27
-27
-27
-28
-25
-23
-21
-17
-13
-7
-3
4
10
16
21
28
33
41
47
51
55
59
65
68
70
72
77
80
80
82
80
80
79
77
75
70
67
63
57
52
46
40
33
25
17
9
0
-9
-17
-24
-34
-43
-52
-61
-70
-78
-88
-97
-106
-112
-118
-125
-132
-137
-144
-149
-153
-156
-159
-160
-161
-160
-159
-158
-155
-152
-148
-144
-139
-135
-129
-122
-114
-107
-100
-91
-85
-76
-67
-59
-51
-44
-35
-27
-18
-10
-2
5
12
20
26
34
42
48
54
61
66
72
77
81
85
87
89
93
95
97
98
100
100
101
100
98
96
94
92
90
86
83
80
77
75
71
68
66
63
60
56
53
48
45
40
37
34
31
28
27
25
23
21
20
18
18
16
15
13
11
11
11
8
9
8
8
8
8
8
8
9
10
12
10
9
10
10
9
11
10
11
12
11
11
12
11
10
9
7
5
3
1
0
-2
-4
-6
-7
-8
-10
-14
-17
-18
-21
-22
-25
-27
-28
-31
-33
-34
-36
-39
-40
-42
-45
-47
-49
-50
-51
-52
-52
-52
-53
-53
-54
-56
-56
-56
-57
-57
-56
-55
-56
-56
-54
-52
-52
-52
-52
-49
-46
-43
-42
-40
-38
-35
-32
-28
-26
-25
-22
-20
-16
-13
-10
-8
-5
-2
2
6
9
13
16
21
25
28
30
35
39
41
45
47
51
54
56
59
60
61
65
67
69
71
72
73
73
73
74
73
72
70
69
69
68
64
62
58
56
53
50
47
41
38
34
30
25
19
15
9
5
0
-6
-10
-15
-21
-24
-29
-33
-36
-40
-44
-47
-50
-54
-56
-57
-58
-59
-62
-62
-62
-59
-58
-58
-58
-55
-52
-50
-48
-46
-44
-40
-36
-32
-28
-25
-20
-17
-12
-9
-5
-1
3
9
14
18
21
23
26
28
30
31
31
31
32
33
33
32
31
31
27
26
24
21
19
16
13
11
7
5
1
-4
-10
-14
-19
-24
-28
-31
-35
-39
-42
-46
-48
-51
-52
-56
-58
-60
-59
-59
-57
-57
-58
-56
-53
-49
-46
-43
-38
-33
-27
-22
-17
-13
-7
-2
2
6
14
20
28
34
40
47
53
60
65
71
74
79
82
87
90
92
96
97
98
97
98
99
98
95
91
88
84
79
73
69
63
56
50
44
37
31
24
16
8
1
-6
-14
-21
-29
-37
-44
-51
-58
-63
-68
-73
-77
-82
-86
-88
-91
-93
-93
-93
-94
-94
-93
-91
-88
-86
-85
-81
-78
-72
-68
-63
-57
-49
-44
-35
-29
-22
-14
-9
-2
6
13
19
25
31
38
42
47
51
54
60
62
66
67
70
70
71
71
72
72
70
69
66
64
62
58
53
48
44
39
35
28
24
18
11
5
0
-5
-12
-17
-24
-29
-33
-39
-44
-49
-52
-55
-59
-63
-66
-66
-68
-68
-69
-69
-68
-67
-65
-62
-61
-57
-56
-52
-47
-42
-37
-32
-26
-20
-14
-10
-4
4
12
18
24
29
37
44
49
54
60
65
69
72
77
82
86
88
88
89
90
91
88
86
85
83
79
74
70
66
61
55
47
41
35
28
20
13
5
-1
-9
-18
-27
-35
-44
-52
-61
-69
-75
-80
-87
-93
-98
-101
-106
-109
-110
-113
-114
-114
-113
-111
-109
-106
-103
-99
-95
-89
-86
-81
-75
-67
-58
-50
-43
-34
-27
-19
-9
-2
7
15
23
31
41
48
56
63
68
74
79
82
85
88
92
94
94
95
96
96
94
91
88
84
79
75
71
65
60
54
48
44
37
31
25
18
12
6
-1
-7
-12
-18
-23
-28
-34
-37
-43
-47
-49
-52
-54
-55
-56
-57
-57
-56
-56
-52
-51
-48
-45
-41
-37
-33
-27
-23
-19
-14
-9
-4
2
7
10
15
21
24
32
36
40
44
50
54
58
60
62
64
64
66
67
67
66
65
63
61
60
57
54
50
47
43
39
32
26
19
14
8
2
-4
-10
-15
-20
-27
-33
-40
-46
-52
-59
-64
-68
-73
-78
-82
-85
-87
-88
-90
-91
-93
-92
-92
-91
-90
-86
-83
-79
-76
-70
-64
-59
-54
-47
-41
-34
-27
-21
-14
-8
-1
7
13
21
27
32
38
45
50
55
59
64
70
74
78
81
83
85
86
86
85
83
81
78
75
73
70
67
63
58
53
49
43
39
34
29
22
16
13
9
3
-3
-8
-12
-17
-22
-27
-32
-37
-40
-41
-44
-47
-48
-48
-48
-48
-47
-45
-44
-42
-40
-37
-34
-32
-28
-22
-19
-15
-11
-8
-3
2
4
7
11
15
19
23
25
28
31
33
36
39
39
40
41
42
42
41
42
41
40
38
36
32
28
24
19
13
8
4
-1
-5
-9
-14
-18
-22
-27
-32
-36
-39
-41
-44
-48
-51
-53
-57
-59
-61
-63
-65
-67
-66
-66
-66
-67
-65
-64
-61
-57
-55
-51
-47
-44
-40
-37
-32
-26
-21
-16
-11
-6
-1
4
9
13
16
20
23
29
32
35
40
42
47
49
50
52
54
55
57
56
56
55
55
53
51
50
49
46
44
43
39
35
32
29
26
21
17
13
9
5
1
-3
-6
-8
-11
-15
-19
-21
-23
-23
-23
-26
-26
-29
-31
-31
-31
-30
-30
-29
-28
-28
-28
-27
-23
-21
-18
-16
-13
-10
-6
-3
0
3
5
7
10
13
15
18
19
20
22
24
25
27
28
28
27
28
28
29
28
28
26
24
22
20
17
16
12
10
5
2
-1
-3
-5
-7
-10
-13
-14
-18
-20
-21
-22
-24
-26
-28
-30
-31
-32
-31
-31
-34
-34
-34
-35
-36
-35
-32
-33
-31
-30
-26
-24
-22
-19
-17
-14
-13
-10
-9
-7
-4
-3
0
1
5
6
8
9
11
12
11
13
13
14
15
14
14
15
17
18
19
20
19
18
17
16
15
14
13
14
13
13
12
11
13
12
11
10
10
10
8
7
5
6
5
5
5
7
6
8
8
7
7
6
6
7
6
7
6
7
8
10
11
11
12
11
11
11
9
9
8
7
7
8
9
9
9
9
10
8
8
6
4
1
0
-1
-2
-3
-4
-5
-3
-4
-6
-5
-6
-5
-7
-7
-8
-7
-8
-8
-8
-8
-7
-8
-8
-7
-7
-6
-8
-9
-7
-7
-8
-7
-6
-5
-4
-3
-2
0
-1
-1
-1
-2
-1
-2
-3
-2
-3
-2
-3
-2
-3
-4
-5
-6
-7
-8
-9
-12
-14
-15
-16
-16
-16
-17
-18
-18
-20
-20
-21
-20
-20
-23
-25
-25
-25
-26
-27
-27
-28
-26
-25
-24
-22
-21
-19
-19
-17
-15
-13
-11
-10
-7
-4
-1
1
4
7
11
14
16
20
23
25
27
29
30
34
36
38
