-2
-2
-1
-1
0
1
4
5
7
6
4
2
2
5
9
11
13
12
10
10
9
11
11
11
13
14
16
16
15
12
11
11
12
14
16
17
17
19
18
16
16
16
17
19
21
24
23
20
17
16
18
20
22
24
22
21
18
15
14
13
13
13
14
13
10
7
1
-3
-6
-6
-5
-3
-3
-3
-6
-12
-19
-26
-30
-31
-28
-26
-26
-31
-36
-40
-42
-44
-49
-53
-60
-62
-62
-63
-66
-71
-76
-79
-81
-80
-75
-68
-64
-61
-61
-60
-64
-68
-72
-71
-67
-58
-48
-43
-44
-51
-56
-57
-50
-35
-13
13
33
47
51
50
50
52
60
71
85
100
112
115
106
89
69
59
59
69
80
83
75
60
44
29
21
17
20
29
43
58
63
57
42
30
26
36
54
72
84
89
90
90
85
72
58
47
50
62
74
76
59
37
17
5
4
7
12
17
19
16
13
6
0
-8
-15
-16
-4
15
29
31
17
-2
-10
-10
-5
-4
-12
-18
-22
-26
-38
-59
-82
-95
-98
-96
-96
-104
-114
-122
-125
-130
-134
-138
-138
-133
-130
-130
-135
-142
-146
-149
-146
-142
-135
-129
-130
-141
-157
-164
-151
-109
-53
-6
25
39
50
64
69
63
57
63
94
141
176
184
157
120
91
75
73
76
78
79
75
58
28
-9
-41
-61
-62
-42
-11
21
34
27
1
-24
-35
-27
-6
15
37
60
77
77
55
25
3
1
17
36
46
43
29
9
-14
-40
-63
-69
-55
-31
-13
-7
-19
-33
-44
-49
-45
-30
1
41
78
109
130
143
149
146
141
142
153
182
211
227
221
192
165
146
139
133
124
117
113
115
114
101
71
38
19
19
39
63
78
80
77
71
62
48
29
13
11
26
46
49
33
2
-31
-53
-67
-77
-83
-87
-84
-85
-96
-124
-161
-186
-195
-189
-183
-185
-192
-201
-204
-218
-237
-262
-277
-277
-271
-264
-267
-277
-297
-320
-349
-380
-410
-417
-387
-310
-197
-85
17
70
70
25
-31
-47
-9
84
178
254
287
291
264
210
142
74
48
68
133
184
185
123
20
-83
-159
-183
-160
-95
-16
53
81
51
-11
-84
-128
-124
-73
16
109
183
207
175
104
37
-1
1
37
82
124
141
130
78
-1
-82
-134
-134
-96
-42
-2
9
-10
-53
-101
-142
-154
-130
-67
17
102
175
224
248
245
226
195
191
219
280
352
389
388
347
297
249
223
201
202
215
242
271
266
234
170
105
62
54
76
124
178
214
224
196
150
102
73
71
98
143
182
205
189
141
70
-1
-49
-68
-59
-47
-39
-58
-101
-156
-220
-270
-291
-281
-246
-203
-175
-175
-205
-251
-297
-324
-330
-315
-283
-256
-238
-248
-290
-345
-405
-444
-466
-466
-449
-428
-418
-438
-482
-547
-580
-550
-436
-238
-33
125
173
113
11
-61
-62
13
126
237
340
403
420
365
235
81
-42
-62
4
110
174
162
66
-82
-213
-304
-316
-263
-156
-26
86
148
125
38
-81
-152
-132
-28
126
251
321
316
268
194
116
41
-1
21
83
161
189
148
50
-69
-153
-193
-190
-149
-78
-15
23
15
-31
-90
-129
-109
-38
93
238
365
430
407
348
275
252
274
325
381
419
439
432
397
321
234
160
142
181
243
293
297
260
196
144
113
120
153
204
263
315
353
341
296
230
185
182
203
234
240
220
178
123
56
-24
-110
-161
-173
-165
-155
-177
-224
-277
-319
-341
-349
-351
-341
-317
-291
-266
-257
-271
-297
-325
-354
-380
-403
-417
-418
-428
-446
-483
-532
-585
-628
-665
-698
-731
-762
-720
-613
-430
-240
-93
-2
16
1
-33
-29
7
107
227
340
418
426
383
290
186
87
29
32
84
139
133
63
-62
-187
-275
-309
-279
-198
-70
54
145
151
99
27
-26
-13
53
165
274
364
403
386
310
208
128
64
53
74
116
135
105
29
-89
-196
-267
-270
-232
-166
-89
-41
-20
-41
-70
-107
-117
-82
-1
113
219
324
395
435
438
412
376
334
312
326
362
389
391
362
294
226
164
133
133
161
216
277
328
339
326
285
260
255
282
343
413
482
523
528
472
393
302
237
217
217
232
227
199
134
35
-76
-171
-226
-240
-213
-179
-160
-168
-207
-258
-309
-331
-332
-296
-246
-198
-181
-208
-262
-335
-403
-464
-495
-510
-505
-507
-530
-579
-663
-738
-806
-852
-879
-885
-877
-872
-872
-827
-704
-506
-265
-56
103
166
160
130
103
113
158
235
331
425
471
440
330
170
18
-93
-114
-76
-26
-10
-39
-99
-197
-275
-306
-275
-174
-12
175
324
387
378
328
256
222
243
305
380
442
484
471
384
258
124
-4
-97
-125
-110
-97
-101
-129
-179
-251
-308
-322
-292
-227
-133
-37
35
71
83
82
68
74
114
183
281
372
448
480
443
392
322
271
221
182
170
179
202
221
218
174
149
136
174
234
306
380
443
497
523
531
499
479
463
473
501
529
555
549
505
402
288
175
97
55
33
34
22
9
-24
-88
-179
-249
-274
-249
-185
-133
-101
-96
-108
-131
-179
-242
-289
-298
-282
-263
-280
-330
-414
-507
-600
-692
-765
-817
-805
-782
-758
-778
-837
-899
-957
-994
-1026
-1016
-989
-929
-826
-643
-356
-24
234
358
336
237
161
132
164
207
250
311
399
456
416
254
22
-177
-277
-257
-147
-45
0
-5
-50
-113
-172
-189
-141
-20
181
437
658
751
709
575
419
320
297
333
374
388
403
390
307
145
-67
-263
-375
-382
-320
-248
-215
-196
-185
-180
-180
-181
-158
-83
35
167
263
304
294
269
238
189
144
113
135
197
253
280
249
196
151
102
45
-15
-32
10
98
186
254
300
327
364
405
447
491
550
629
707
741
731
686
617
546
475
425
394
378
367
347
292
218
138
69
7
-33
-36
-12
33
60
71
50
21
5
-10
-40
-81
-105
-103
-95
-115
-174
-274
-382
-467
-527
-580
-635
-672
-681
-686
-699
-755
-813
-879
-927
-943
-962
-938
-929
-899
-903
-926
-947
-996
-960
-857
-581
-258
36
270
376
417
312
183
23
-57
-42
52
217
317
370
299
174
-12
-194
-310
-331
-234
-109
44
131
159
130
97
94
115
225
384
591
729
803
799
702
566
383
247
125
80
81
104
106
43
-24
-139
-233
-337
-385
-383
-330
-219
-113
0
55
113
138
158
171
174
194
189
214
206
201
141
64
-25
-121
-158
-195
-156
-111
-15
60
116
179
198
241
221
242
263
342
444
530
607
624
656
629
623
576
544
526
514
535
527
524
455
392
303
251
229
232
275
306
357
373
396
364
313
242
188
184
176
192
169
140
83
12
-89
-230
-369
-473
-507
-509
-494
-507
-540
-591
-638
-681
-717
-740
-755
-747
-743
-751
-779
-807
-851
-924
-1019
-1074
-1076
-1068
-1135
-1276
-1447
-1495
-1284
-844
-255
228
598
762
734
537
220
-24
-216
-222
-114
152
424
553
499
210
-136
-468
-573
-516
-345
-154
44
272
408
458
359
256
234
404
686
944
1091
1089
1034
857
626
314
19
-193
-310
-296
-252
-168
-147
-146
-189
-265
-322
-353
-281
-187
-38
106
277
414
488
507
433
346
205
98
-11
-100
-171
-231
-264
-331
-368
-418
-430
-436
-394
-281
-120
93
307
512
650
755
814
802
700
556
461
433
449
463
459
430
387
349
310
270
232
229
291
385
490
583
651
669
643
613
605
619
617
605
563
522
487
431
334
165
-9
-123
-146
-133
-144
-198
-266
-313
-341
-348
-381
-424
-452
-411
-339
-315
-350
-434
-494
-551
-599
-690
-802
-920
-1042
-1085
-1119
-1102
-1103
-1116
-1181
-1372
-1562
-1727
-1762
-1542
-942
10
903
1425
1500
1268
843
246
-339
-764
-907
-798
-449
0
305
332
56
-332
-725
-902
-773
-440
-59
253
564
832
985
980
850
673
581
658
862
976
852
567
263
62
-122
-336
-582
-753
-730
-518
-205
52
224
307
382
437
459
434
354
301
264
293
333
349
292
121
-93
-336
-531
-703
-810
-830
-755
-587
-400
-202
-47
97
210
313
416
509
619
716
776
741
668
566
409
182
-71
-226
-284
-260
-179
-39
127
275
425
553
665
723
774
823
859
889
893
886
822
724
591
449
323
233
183
128
100
86
101
99
91
94
101
138
182
216
199
155
85
3
-80
-153
-210
-293
-372
-421
-441
-495
-634
-803
-933
-1002
-1025
-1009
-953
-906
-901
-919
-943
-994
-1098
-1250
-1406
-1534
-1549
-1239
-614
172
852
1272
1380
1102
590
-80
-745
-1280
-1511
-1344
-947
-452
-28
237
245
68
-137
-262
-258
-123
133
406
673
881
992
940
755
553
388
304
286
265
158
6
-101
-130
-160
-197
-199
-168
-79
84
316
521
647
710
734
695
579
430
229
-7
-228
-328
-322
-298
-278
-278
-276
-318
-364
-385
-404
-386
-321
-177
2
179
329
403
417
416
429
415
344
229
117
58
48
62
34
-37
-97
-92
-38
30
128
236
369
513
679
822
890
877
798
707
596
520
465
414
340
262
236
223
223
180
142
126
176
285
378
432
441
468
486
481
404
251
68
-99
-213
-310
-391
-481
-531
-544
-541
-514
-490
-473
-507
-563
-619
-664
-685
-689
-694
-767
-869
-980
-1121
-1322
-1551
-1745
-1745
-1261
-442
346
927
1410
1651
1286
468
-365
-962
-1466
-1776
-1597
-1058
-471
-23
290
352
155
-43
-104
-61
2
135
340
534
728
828
759
541
369
322
235
137
54
24
-26
-94
-105
-108
-64
5
102
199
310
494
637
690
672
649
556
382
225
73
-100
-273
-315
-253
-202
-159
-109
-69
-109
-161
-190
-224
-231
-185
-78
17
113
201
221
156
62
59
88
103
116
161
175
114
90
89
52
-41
-101
-69
19
151
270
381
449
507
579
614
621
600
548
447
367
350
337
276
172
82
29
22
83
192
288
367
478
614
696
679
578
442
329
255
193
89
-61
-209
-319
-382
-415
-434
-469
-488
-439
-347
-253
-204
-187
-209
-293
-385
-486
-593
-727
-863
-961
-1022
-1056
-1174
-1401
-1684
-1890
-1711
-1039
-22
972
1695
2013
1819
1258
420
-544
-1477
-2132
-2265
-1939
-1223
-383
294
571
496
343
154
-9
-137
-173
-87
81
382
696
911
890
639
370
185
103
-24
-208
-337
-355
-205
18
233
337
313
259
253
335
427
483
472
448
464
478
432
287
86
-122
-266
-316
-256
-117
1
72
112
173
181
81
-76
-215
-280
-300
-234
-96
57
161
219
313
385
416
434
402
266
91
34
20
-67
-181
-246
-225
-167
-58
106
283
446
572
696
793
820
742
553
338
151
6
-82
-95
-63
-26
17
98
217
317
362
370
404
463
507
496
424
316
216
151
86
2
-97
-208
-327
-409
-423
-390
-352
-335
-304
-268
-239
-239
-261
-270
-267
-279
-372
-500
-637
-782
-970
-1227
-1479
-1685
-1796
-1856
-1645
-879
271
1332
1945
2154
1893
1193
224
-835
-1662
-2197
-2311
-1999
-1308
-393
292
640
618
442
220
-29
-97
-124
-93
-57
115
491
774
900
733
485
279
128
24
-207
-387
-484
-376
-111
144
367
381
355
354
432
536
535
540
510
517
506
441
346
151
-33
-183
-199
-97
29
129
153
176
175
148
66
-43
-128
-194
-175
-89
79
271
406
465
495
625
690
563
336
92
-172
-458
-618
-620
-483
-245
-15
250
519
701
749
685
591
484
397
311
223
130
0
-116
-172
-152
-85
-38
16
111
234
327
349
330
294
263
221
163
113
65
27
-14
2
76
108
76
-26
-144
-275
-384
-450
-535
-565
-507
-373
-197
-77
-51
-131
-264
-442
-646
-838
-1037
-1204
-1384
-1576
-1737
-1720
-1211
-206
930
1743
2103
2061
1617
794
-308
-1289
-1967
-2316
-2254
-1741
-843
17
574
757
641
402
111
-92
-249
-373
-438
-375
-42
380
696
748
618
518
442
318
14
-345
-608
-690
-543
-276
8
173
259
336
430
556
623
616
537
488
506
494
423
274
77
-127
-229
-167
-17
142
229
262
268
250
213
118
10
-53
-38
23
119
279
456
560
637
803
881
676
351
110
-107
-355
-545
-629
-582
-405
-134
183
513
752
810
751
668
599
508
354
157
-47
-222
-318
-317
-269
-246
-195
-41
188
387
436
329
143
21
-20
-33
-46
-70
-72
-46
19
94
143
122
6
-115
-186
-225
-294
-406
-510
-593
-611
-588
-497
-331
-221
-233
-315
-325
-324
-462
-737
-1133
-1570
-1922
-1890
-1138
129
1305
1952
2158
2038
1472
481
-700
-1705
-2384
-2596
-2169
-1236
-154
673
1064
1056
840
527
95
-385
-812
-1061
-1039
-688
-116
387
639
665
661
701
633
316
-186
-609
-767
-632
-360
-136
-34
-30
-27
37
187
332
376
372
439
622
766
761
601
333
42
-190
-258
-196
-81
38
168
343
488
547
459
259
90
53
118
186
285
437
590
684
749
886
954
743
379
105
-120
-360
-491
-498
-380
-105
227
578
893
1043
970
756
507
286
95
-100
-237
-259
-208
-113
10
150
249
264
266
266
216
91
-100
-279
-379
-396
-361
-273
-160
-32
117
226
289
301
227
78
-92
-242
-384
-529
-727
-911
-965
-919
-800
-627
-450
-293
-161
-76
-104
-224
-494
-948
-1471
-1891
-1799
-928
412
1568
2179
2311
1979
1207
96
-1097
-2070
-2696
-2769
-2194
-1107
83
967
1436
1473
1206
754
202
-390
-951
-1308
-1323
-922
-309
193
423
473
566
690
650
298
-245
-690
-828
-633
-328
-128
-77
-80
-26
106
228
205
71
12
143
391
576
603
474
264
37
-156
-284
-366
-370
-265
-28
308
592
706
672
579
452
316
232
193
172
223
395
619
797
943
1045
989
764
495
212
-93
-328
-412
-324
-74
236
538
810
989
1029
920
701
449
234
78
-25
-60
-71
-85
-56
31
124
159
170
177
148
68
-82
-260
-408
-482
-476
-392
-269
-155
-35
78
154
151
66
-58
-200
-320
-445
-596
-766
-921
-1012
-1022
-937
-780
-612
-528
-512
-520
-579
-727
-1005
-1330
-1469
-978
227
1511
2228
2293
2065
1609
723
-471
-1558
-2265
-2614
-2459
-1646
-491
488
1011
1193
1159
951
618
178
-308
-763
-996
-845
-358
169
400
378
344
428
452
178
-366
-913
-1123
-938
-564
-246
-86
-7
93
250
370
315
90
-124
-120
85
305
375
297
170
65
-11
-120
-261
-397
-454
-345
-68
249
423
439
430
491
561
539
439
336
335
453
608
711
833
1049
1257
1307
1129
769
283
-195
-532
-637
-484
-192
205
667
1108
1424
1518
1379
1047
667
305
-3
-213
-359
-439
-435
-276
-5
228
344
351
325
292
212
16
-278
-534
-639
-583
-473
-390
-360
-332
-250
-148
-115
-190
-273
-315
-333
-345
-429
-615
-831
-955
-983
-945
-895
-915
-958
-1004
-1063
-1206
-1456
-1484
-875
385
1640
2248
2299
2109
1733
928
-165
-1093
-1753
-2150
-2139
-1487
-481
289
689
840
875
767
520
213
-175
-521
-662
-440
15
374
499
461
496
586
513
65
-639
-1185
-1331
-1117
-815
-580
-403
-220
62
338
454
292
-43
-280
-273
-57
110
121
57
22
29
0
-61
-179
-324
-408
-315
-76
96
99
1
-27
54
157
223
271
409
688
1112
1514
1658
1522
1223
873
510
183
-120
-377
-435
-249
152
620
941
1068
1078
1032
953
866
746
598
491
448
452
461
399
235
23
-131
-175
-177
-217
-284
-291
-195
-34
120
199
160
48
-70
-184
-308
-471
-642
-753
-742
-642
-560
-567
-646
-697
-658
-592
-539
-533
-580
-644
-702
-779
-932
-1115
-1364
-1648
-1688
-1191
-192
870
1639
2082
2252
2068
1406
398
-647
-1512
-2003
-2010
-1534
-759
79
807
1250
1361
1202
857
400
-119
-562
-784
-741
-470
-102
244
497
696
868
865
523
-89
-685
-1053
-1178
-1160
-1036
-807
-486
-112
213
367
276
29
-232
-389
-409
-387
-379
-341
-236
-108
-36
-38
-97
-179
-241
-235
-155
-58
18
45
14
-27
-45
-91
-182
-199
30
544
1125
1532
1730
1735
1514
1111
653
176
-258
-513
-535
-310
119
600
1010
1309
1459
1407
1189
886
605
439
366
367
453
563
600
543
443
306
123
-107
-353
-505
-472
-302
-83
125
266
323
302
192
-1
-249
-520
-747
-815
-760
-711
-678
-665
-659
-642
-690
-846
-986
-996
-957
-936
-970
-1080
-1219
-1405
-1575
-1388
-599
441
1201
1621
1840
1864
1573
912
20
-902
-1596
-1889
-1698
-1156
-476
247
851
1231
1383
1318
1003
479
-14
-356
-507
-422
-145
203
457
656
850
933
715
180
-416
-843
-1012
-1023
-975
-871
-662
-315
75
356
374
144
-144
-346
-430
-480
-532
-544
-457
-274
-99
-19
-82
-214
-318
-388
-423
-428
-417
-399
-333
-184
-13
71
6
-79
17
309
695
1053
1277
1300
1199
1032
773
437
78
-210
-309
-176
98
418
700
880
1004
1094
1087
985
855
738
652
618
615
622
635
611
547
466
349
153
-95
-319
-432
-382
-207
9
214
354
389
334
200
-18
-293
-550
-725
-799
-759
-627
-518
-496
-542
-611
-707
-870
-1031
-1140
-1212
-1315
-1474
-1642
-1740
-1446
-612
413
1176
1607
1872
1864
1459
689
-245
-1105
-1748
-1982
-1774
-1217
-482
249
875
1222
1307
1179
867
452
18
-265
-375
-262
-22
206
476
765
1046
1149
966
508
-88
-559
-859
-1007
-1075
-1035
-805
-429
26
366
485
381
168
-25
-213
-395
-602
-730
-702
-557
-370
-250
-199
-210
-229
-228
-240
-284
-384
-457
-447
-353
-233
-164
-145
-109
77
335
582
889
1131
1116
909
731
513
218
-34
-202
-150
41
245
497
783
1000
1085
1094
953
723
560
439
369
375
453
555
656
738
732
648
496
294
74
-139
-305
-353
-246
-81
98
234
292
293
224
49
-202
-434
-626
-760
-805
-767
-664
-584
-600
-653
-714
-835
-1001
-1194
-1406
-1614
-1806
-1694
-1005
111
1132
1725
2021
2032
1697
960
-45
-992
-1784
-2241
-2213
-1691
-858
-34
686
1157
1356
1323
1011
528
4
-346
-456
-344
-65
238
549
832
1089
1216
1051
590
-22
-512
-797
-912
-933
-846
-581
-198
214
498
584
460
182
-79
-285
-444
-608
-732
-693
-511
-274
-132
-108
-156
-211
-231
-276
-362
-498
-607
-612
-521
-385
-283
-235
-221
-150
56
387
741
939
945
860
768
606
341
67
-135
-186
-104
63
285
519
727
881
997
1007
892
745
623
543
502
485
480
499
546
584
609
587
476
263
3
-212
-319
-299
-223
-116
31
187
312
350
284
102
-152
-390
-594
-740
-826
-877
-882
-848
-805
-822
-882
-952
-1094
-1279
-1549
-1801
-1688
-980
149
1152
1805
2148
2151
1780
969
-34
-1008
-1832
-2300
-2257
-1626
-720
186
930
1359
1521
1388
1002
437
-152
-530
-648
-461
-108
293
649
964
1276
1406
1213
652
-37
-586
-913
-1036
-1048
-913
-621
-170
329
673
773
596
288
-9
-241
-409
-593
-709
-704
-548
-329
-186
-121
-159
-224
-270
-296
-319
-396
-476
-511
-422
-269
-214
-245
-276
-234
-87
124
313
522
767
844
730
568
367
75
-173
-295
-271
-64
197
464
775
1038
1154
1155
1064
831
577
391
237
175
221
344
510
683
800
808
717
524
276
31
-180
-315
-308
-184
-21
156
289
321
253
111
-72
-272
-460
-617
-709
-743
-799
-872
-921
-953
-1013
-1149
-1337
-1530
-1707
-1804
-1566
-768
410
1415
1936
2082
2034
1700
849
-319
-1412
-2132
-2445
-2325
-1668
-697
249
972
1450
1654
1458
986
433
-62
-440
-635
-497
-147
272
681
1065
1391
1497
1275
694
-35
-649
-1027
-1175
-1184
-1014
-619
-44
538
926
1026
823
450
43
-302
-590
-848
-958
-863
-589
-287
-84
6
-5
-60
-161
-303
-453
-605
-718
-752
-635
-436
-294
-226
-169
-50
118
280
405
540
721
796
674
470
223
-74
-342
-509
-534
-359
-66
252
606
948
1151
1202
1138
949
724
530
341
214
219
327
486
645
752
754
668
506
299
87
-111
-245
-235
-60
193
439
609
690
652
459
178
-122
-431
-717
-889
-977
-1000
-951
-859
-747
-684
-737
-909
-1113
-1418
-1668
-1484
-779
226
1089
1691
1993
1990
1673
884
-161
-1250
-2118
-2538
-2494
-1907
-1036
-40
803
1314
1593
1495
1142
587
1
-446
-711
-633
-396
-22
429
860
1226
1344
1180
646
-39
-614
-984
-1149
-1226
-1077
-710
-161
423
847
1040
903
620
283
-35
-329
-646
-835
-877
-723
-494
-314
-169
-89
-1
9
-64
-189
-360
-514
-619
-591
-502
-408
-329
-256
-38
337
669
749
645
508
325
102
-123
-311
-408
-400
-268
2
295
464
555
632
656
627
579
502
422
392
375
368
397
451
501
532
553
543
483
349
157
6
-46
-24
46
135
247
399
559
645
613
451
212
-12
-205
-320
-371
-468
-582
-611
-607
-665
-735
-793
-877
-973
-1174
-1386
-1255
-674
159
902
1465
1859
1991
1766
1133
362
-458
-1325
-1958
-2120
-1781
-1195
-477
286
848
1150
1161
965
600
94
-321
-538
-519
-343
-47
324
686
1039
1247
1167
723
87
-487
-931
-1237
-1392
-1328
-1056
-609
-41
468
774
803
672
463
188
-111
-440
-677
-745
-652
-497
-378
-261
-189
-165
-194
-249
-321
-443
-534
-552
-471
-337
-229
-164
-97
103
356
527
632
714
690
472
209
-42
-258
-418
-532
-486
-265
16
242
445
617
703
732
645
473
329
235
158
103
120
168
267
401
504
545
488
342
148
-21
-177
-295
-304
-224
-76
108
294
434
507
481
360
223
58
-157
-346
-453
-500
-499
-491
-500
-511
-555
-691
-920
-1180
-1429
-1532
-1238
-460
568
1483
2119
2427
2390
2000
1257
276
-779
-1658
-2086
-1984
-1467
-733
104
852
1321
1482
1360
1003
468
-66
-428
-545
-418
-131
245
650
1023
1295
1350
1101
562
-117
-739
-1186
-1421
-1463
-1313
-953
-435
127
570
776
725
500
205
-99
-398
-678
-860
-858
-696
-495
-354
-277
-248
-259
-304
-388
-501
-624
-701
-688
-566
-401
-222
87
475
751
826
764
569
229
-134
-431
-577
-552
-408
-157
175
476
644
698
621
419
222
94
22
15
97
243
413
566
608
557
482
403
296
135
-50
-210
-258
-201
-92
25
103
136
141
147
99
1
-83
-144
-165
-176
-174
-175
-222
-284
-349
-397
-475
-560
-631
-747
-913
-1122
-1350
-1499
-1328
-658
306
1179
1814
2212
2358
2152
1540
656
-320
-1156
-1675
-1776
-1464
-859
-76
681
1220
1523
1555
1310
851
361
-23
-286
-336
-171
159
554
955
1313
1496
1373
928
329
-268
-768
-1139
-1353
-1344
-1098
-620
-70
376
665
757
693
476
180
-138
-477
-730
-855
-818
-711
-607
-486
-386
-305
-286
-325
-397
-484
-565
-654
-670
-616
-505
-235
174
557
742
755
629
374
61
-317
-623
-772
-739
-519
-180
171
432
641
747
701
570
390
196
22
-74
-81
2
152
276
358
393
389
362
287
156
-29
-171
-226
-205
-140
-92
-37
36
111
125
27
-116
-225
-263
-302
-391
-463
-497
-460
-423
-443
-490
-578
-683
-840
-1027
-1264
-1544
-1567
-1063
-112
782
1379
1863
2266
2355
1851
1021
176
-616
-1291
-1664
-1485
-978
-373
257
865
1374
1553
1445
1110
634
171
-189
-283
-192
53
416
855
1351
1688
1747
1403
824
241
-274
-707
-1133
-1361
-1284
-891
-331
172
550
711
756
705
537
250
-160
-498
-703
-714
-612
-514
-417
-342
-216
-130
-151
-275
-451
-581
-684
-723
-712
-668
-598
-376
130
684
975
965
842
647
347
-39
-468
-776
-886
-802
-553
-211
119
360
536
625
602
509
332
132
11
-1
19
30
71
124
177
196
181
132
60
-59
-192
-257
-268
-267
-303
-318
-271
-189
-119
-106
-119
-143
-143
-130
-154
-225
-331
-461
-601
-718
-796
-877
-973
-1045
-1091
-1135
-1272
-1422
-1245
-624
246
984
1536
1938
2105
1970
1465
776
-12
-775
-1274
-1370
-1074
-588
20
648
1104
1359
1378
1188
813
391
73
-112
-93
66
403
823
1240
1599
1770
1675
1227
642
47
-476
-876
-1160
-1214
-1053
-663
-177
249
556
662
661
542
326
59
-227
-430
-534
-491
-383
-279
-171
-94
-59
-129
-257
-429
-597
-723
-799
-767
-684
-531
-239
214
657
892
966
921
742
436
81
-212
-402
-474
-448
-300
-59
165
341
447
476
442
393
304
176
100
80
95
117
147
164
161
161
126
59
-44
-176
-280
-329
-354
-412
-495
-557
-559
-508
-452
-401
-336
-283
-253
-263
-327
-426
-567
-726
-874
-998
-1092
-1161
-1180
-1172
-1155
-1201
-1376
-1413
-1074
-416
245
788
1311
1689
1802
1572
1176
657
-34
-690
-1054
-1015
-781
-390
163
713
1122
1317
1335
1136
792
465
195
44
10
165
486
885
1325
1685
1894
1763
1378
908
393
-127
-632
-918
-1000
-882
-593
-227
157
408
551
567
475
308
50
-191
-383
-450
-411
-329
-218
-114
13
81
48
-110
-361
-607
-815
-916
-959
-926
-805
-600
-229
283
797
1076
1122
1045
847
561
161
-210
-451
-516
-443
-280
-20
231
478
663
745
707
589
439
268
156
104
87
95
157
260
349
407
422
372
249
43
-193
-404
-570
-677
-720
-677
-586
-451
-318
-241
-235
-276
-304
-370
-493
-636
-778
-917
-1037
-1087
-1102
-1124
-1187
-1251
-1280
-1352
-1527
-1736
-1672
-1233
-580
91
735
1345
1729
1803
1569
1151
555
-159
-751
-1052
-1089
-926
-508
65
574
932
1151
1188
1009
725
447
187
15
14
217
560
971
1425
1829
2044
1945
1612
1142
562
-64
-631
-1011
-1192
-1129
-844
-435
-9
361
635
766
730
547
272
-27
-289
-449
-489
-424
-265
-63
122
221
218
106
-126
-440
-766
-1019
-1172
-1187
-1048
-777
-392
107
674
1133
1322
1285
1134
891
502
47
-312
-495
-515
-408
-171
138
446
687
814
798
676
508
318
153
53
49
100
203
360
524
645
675
624
484
259
-35
-326
-534
-639
-662
-633
-539
-391
-232
-129
-95
-132
-226
-355
-508
-652
-779
-887
-988
-1047
-1035
-1000
-985
-1016
-1104
-1243
-1405
-1622
-1785
-1675
-1256
-704
-184
402
1033
1488
1574
1404
1181
815
242
-349
-696
-831
-815
-612
-267
85
385
647
787
789
702
549
312
61
-56
23
223
498
884
1346
1678
1768
1703
1496
1074
468
-156
-676
-1055
-1254
-1223
-987
-625
-215
178
475
624
636
538
336
59
-204
-372
-439
-408
-282
-92
116
300
385
329
149
-100
-384
-682
-924
-1054
-1034
-848
-470
80
628
1024
1238
1353
1351
1152
813
440
150
-47
-141
-132
-26
162
368
534
608
622
586
502
370
224
110
48
58
121
242
394
519
566
534
440
270
43
-183
-354
-463
-531
-576
-564
-486
-397
-337
-323
-344
-402
-484
-581
-694
-813
-914
-966
-978
-974
-985
-1014
-1040
-1045
-1060
-1134
-1285
-1432
-1402
-1156
-823
-514
-156
300
692
886
947
1005
947
710
437
241
53
-120
-159
-103
-43
42
215
364
434
502
564
518
339
178
99
44
8
85
283
468
605
759
884
875
759
610
418
167
-63
-211
-331
-432
-454
-390
-316
-265
-194
-113
-88
-132
-174
-211
-267
-320
-334
-313
-266
-180
-81
-9
34
83
133
138
93
38
3
-31
-51
-42
3
97
221
346
425
504
621
703
715
704
687
603
476
395
358
356
380
411
419
436
491
516
488
429
364
293
219
145
102
113
142
171
207
228
212
185
160
108
30
-41
-122
-223
-301
-337
-366
-406
-435
-441
-417
-394
-400
-417
-430
-442
-460
-480
-509
-546
-558
-565
-589
-618
-631
-644
-675
-701
-724
-728
-701
-648
-606
-579
-551
-544
-545
-520
-482
-473
-465
-408
-322
-235
-120
28
160
242
315
382
407
377
330
274
192
96
38
32
56
98
157
228
300
397
490
530
513
491
492
480
436
371
318
278
235
202
176
142
107
103
121
118
83
48
21
-6
-20
-35
-64
-97
-90
-39
-14
-39
-83
-107
-124
-162
-200
-204
-171
-107
-21
83
170
215
225
220
197
142
100
98
129
185
270
353
407
464
537
577
559
512
467
419
385
383
408
424
423
436
481
532
556
555
539
505
456
400
333
260
195
140
78
6
-64
-129
-183
-228
-272
-321
-359
-392
-422
-431
-427
-444
-472
-476
-461
-460
-488
-537
-594
-661
-746
-837
-925
-997
-1044
-1016
-929
-821
-714
-608
-540
-546
-552
-518
-493
-515
-533
-491
-430
-360
-247
-107
0
55
109
152
162
161
174
158
94
35
34
69
104
180
290
394
471
556
638
653
597
527
465
392
312
244
195
158
137
141
140
123
117
131
141
128
116
101
90
77
56
10
-51
-97
-126
-152
-177
-192
-197
-184
-158
-136
-113
-72
-24
8
21
44
88
122
140
155
166
170
186
234
280
304
329
364
405
452
501
531
541
551
562
547
512
488
478
465
432
414
430
466
496
509
509
492
459
411
348
280
215
158
99
26
-46
-93
-120
-146
-168
-179
-185
-194
-195
-190
-205
-246
-297
-354
-420
-491
-567
-650
-713
-741
-756
-783
-814
-834
-841
-811
-738
-643
-571
-527
-508
-544
-595
-610
-608
-651
-709
-700
-650
-611
-558
-453
-328
-239
-163
-72
9
72
140
202
197
145
135
181
219
235
260
300
335
387
456
475
415
347
335
321
256
181
143
135
139
160
186
197
213
267
319
303
236
178
144
102
40
-44
-131
-182
-192
-194
-220
-255
-266
-246
-218
-197
-186
-164
-106
-18
40
57
87
121
115
71
25
-8
-27
8
88
166
234
320
426
510
573
616
630
627
626
627
608
583
583
604
609
593
606
659
709
724
702
664
611
550
482
400
315
253
229
216
194
166
156
152
136
104
48
-29
-121
-203
-271
-350
-439
-511
-556
-597
-649
-703
-742
-762
-772
-779
-796
-827
-862
-897
-900
-855
-764
-693
-692
-740
-797
-815
-815
-835
-885
-911
-867
-786
-690
-556
-380
-196
-45
83
175
230
274
330
365
323
242
196
209
254
299
322
331
363
436
496
490
443
426
452
465
425
365
322
297
273
235
170
102
83
114
132
97
36
-4
-18
-56
-140
-256
-353
-399
-400
-405
-434
-449
-405
-316
-247
-231
-240
-239
-202
-154
-151
-190
-203
-142
-69
-32
-7
27
74
132
194
240
276
342
448
552
622
675
728
791
866
920
917
880
850
833
801
739
671
637
658
704
734
747
765
787
790
748
658
544
438
350
251
145
61
21
9
-1
-26
-71
-126
-187
-246
-314
-411
-516
-608
-679
-741
-796
-837
-867
-875
-869
-882
-932
-991
-1035
-1089
-1153
-1154
-1051
-913
-867
-890
-869
-798
-740
-719
-695
-672
-659
-621
-533
-418
-296
-150
6
132
217
290
366
427
453
429
351
261
237
297
371
402
431
528
667
749
734
676
630
602
564
484
372
267
224
228
209
130
47
18
22
9
-45
-118
-194
-241
-252
-281
-362
-453
-484
-463
-469
-528
-590
-604
-569
-524
-509
-511
-481
-393
-285
-208
-177
-166
-131
-68
-26
-44
-61
-18
60
137
228
332
431
542
673
778
823
839
873
907
919
908
878
862
886
935
959
951
944
969
1008
996
932
864
811
749
665
581
508
445
385
335
294
244
185
124
65
-12
-111
-210
-307
-382
-435
-496
-569
-628
-665
-716
-796
-868
-911
-935
-966
-1010
-1048
-1059
-1040
-1030
-1047
-1071
-1089
-1084
-1024
-897
-779
-741
-742
-716
-657
-599
-563
-533
-496
-442
-366
-268
-163
-53
76
194
274
327
386
456
527
571
564
516
469
469
508
536
521
500
527
579
594
552
496
464
451
429
377
290
194
123
77
4
-113
-217
-262
-267
-275
-298
-325
-349
-346
-339
-374
-452
-515
-518
-501
-510
-534
-529
-485
-423
-364
-333
-325
-300
-241
-188
-163
-138
-85
-21
55
154
243
293
335
415
490
515
537
597
668
725
774
816
844
885
949
991
991
973
962
951
916
867
822
784
763
763
772
762
732
700
658
590
486
366
249
143
46
-44
-127
-196
-239
-264
-296
-341
-389
-434
-478
-523
-564
-608
-648
-668
-669
-677
-693
-703
-696
-697
-721
-757
-793
-816
-833
-850
-869
-885
-887
-866
-788
-644
-487
-391
-371
-361
-326
-302
-300
-299
-292
-295
-283
-223
-129
-36
62
166
239
254
257
290
336
354
332
273
200
173
221
277
271
233
241
281
282
225
148
86
52
40
21
-37
-103
-114
-89
-102
-170
-234
-253
-231
-195
-176
-188
-212
-190
-131
-108
-154
-208
-206
-177
-181
-214
-237
-220
-154
-66
-8
9
33
102
173
203
207
216
248
295
334
350
359
400
462
498
487
464
467
498
537
564
568
576
615
677
725
742
751
760
752
712
637
561
505
482
462
416
367
356
374
373
323
258
209
178
145
97
44
-2
-27
-33
-44
-76
-120
-153
-173
-203
-250
-310
-354
-369
-378
-401
-442
-471
-465
-447
-451
-484
-514
-525
-530
-544
-568
-588
-587
-573
-560
-567
-585
-599
-587
-529
-444
-383
-373
-381
-378
-387
-416
-443
-452
-457
-455
-428
-395
-362
-306
-225
-159
-136
-130
-100
-46
8
38
20
-34
-78
-76
-54
-53
-66
-57
-8
51
86
91
86
98
134
161
147
108
91
106
111
81
32
0
10
55
96
113
125
156
207
242
230
188
159
164
175
158
121
105
123
158
179
180
179
207
259
302
310
302
303
319
348
362
343
310
309
333
332
296
271
282
302
319
331
330
326
341
360
352
324
317
335
346
338
315
291
280
289
296
271
226
200
209
229
229
212
207
215
216
191
143
95
62
46
28
-10
-51
-70
-64
-57
-66
-83
-97
-108
-113
-131
-167
-207
-232
-238
-249
-271
-295
-305
-302
-317
-350
-387
-412
-433
-451
-477
-515
-550
-580
-611
-653
-676
-659
-625
-596
-578
-559
-552
-558
-566
-571
-584
-613
-628
-620
-591
-552
-505
-441
-371
-313
-267
-224
-174
-129
-97
-89
-104
-118
-111
-90
-70
-42
11
84
146
195
242
282
307
320
336
348
341
337
355
381
387
383
392
410
425
440
458
467
477
499
511
503
486
472
452
412
367
323
287
264
246
233
219
206
201
203
203
187
154
120
107
105
92
68
59
77
97
90
65
40
19
6
1
-10
-22
-9
27
61
82
110
146
174
193
197
185
163
154
165
171
167
167
191
232
267
279
272
267
272
278
271
244
216
204
208
211
195
177
163
157
142
111
70
30
3
-24
-61
-106
-141
-161
-177
-203
-242
-285
-319
-347
-373
-404
-442
-478
-504
-519
-544
-575
-607
-635
-669
-711
-761
-814
-859
-869
-857
-847
-841
-825
-793
-760
-736
-732
-737
-730
-710
-692
-678
-648
-596
-528
-452
-382
-319
-249
-172
-93
-35
-2
24
56
102
152
197
241
306
398
495
578
632
680
731
766
770
754
738
731
734
738
732
717
707
710
713
701
678
656
642
626
603
569
533
500
471
431
376
316
267
222
169
101
36
-9
-45
-80
-119
-157
-194
-221
-238
-256
-285
-312
-316
-310
-313
-317
-314
-302
-287
-266
-250
-243
-228
-192
-155
-125
-91
-42
18
79
135
169
195
222
257
291
307
308
322
348
372
389
403
423
444
466
483
485
474
462
458
450
423
384
352
329
306
274
237
199
169
137
95
44
-15
-70
-117
-166
-229
-303
-367
-417
-472
-536
-601
-659
-705
-737
-764
-801
-841
-864
-880
-915
-961
-999
-1021
-1044
-1066
-1072
-1062
-1044
-1019
-981
-937
-889
-834
-782
-736
-698
-651
-590
-521
-441
-349
-250
-151
-47
63
164
249
326
402
463
506
546
594
645
692
741
793
846
901
952
985
1004
1018
1029
1026
1006
984
961
930
889
849
805
763
717
669
619
561
496
433
373
313
250
186
120
60
4
-61
-134
-202
-256
-309
-367
-420
-461
-491
-515
-534
-548
-559
-555
-540
-527
-526
-522
-510
-494
-472
-438
-403
-374
-339
-287
-238
-201
-158
-98
-34
25
85
144
204
269
333
387
426
461
501
539
559
568
579
599
617
628
636
644
650
653
645
623
583
534
488
436
375
310
252
206
169
128
78
34
-1
-39
-96
-170
-244
-312
-378
-448
-523
-590
-645
-692
-735
-770
-800
-827
-853
-874
-891
-912
-928
-934
-935
-931
-922
-909
-894
-876
-857
-826
-788
-751
-712
-672
-624
-569
-508
-439
-374
-309
-238
-159
-79
-3
68
129
191
268
336
382
431
500
561
602
642
695
748
792
827
850
861
872
885
884
867
850
837
821
803
782
751
713
676
642
597
531
463
408
353
288
216
146
91
43
-3
-54
-113
-165
-202
-241
-296
-353
-397
-433
-467
-499
-528
-552
-565
-568
-567
-568
-565
-548
-519
-492
-473
-455
-423
-383
-344
-310
-278
-240
-196
-148
-108
-66
-13
45
101
158
212
264
318
372
414
446
475
504
528
548
561
569
578
588
598
596
585
579
576
562
535
499
468
435
397
350
295
238
189
146
96
36
-25
-74
-115
-160
-214
-269
-316
-355
-395
-445
-498
-540
-569
-596
-629
-662
-684
-691
-689
-685
-686
-688
-678
-662
-636
-612
-595
-581
-554
-521
-491
-471
-445
-411
-374
-335
-296
-253
-204
-154
-105
-58
-18
21
68
118
163
203
240
273
299
331
368
396
413
426
438
450
464
475
486
494
503
508
504
497
487
474
455
432
400
364
335
310
286
260
227
194
170
151
128
86
39
8
-16
-46
-76
-104
-129
-149
-168
-185
-214
-251
-273
-282
-298
-320
-338
-346
-345
-342
-340
-333
-324
-307
-285
-274
-269
-260
-246
-222
-200
-183
-160
-129
-95
-62
-33
-7
28
65
102
124
135
157
191
221
245
266
287
310
329
341
352
360
370
385
397
403
397
393
395
393
377
356
336
318
299
269
237
207
187
173
152
124
99
80
56
25
-13
-53
-87
-113
-134
-159
-191
-220
-245
-263
-279
-294
-307
-314
-323
-338
-353
-365
-369
-363
-359
-356
-353
-350
-339
-324
-313
-300
-283
-265
-251
-242
-233
-219
-199
-171
-137
-107
-80
-56
-38
-25
-9
4
18
32
46
56
59
66
92
116
134
150
167
174
173
175
175
169
168
179
182
175
178
183
175
161
157
150
125
101
95
85
56
36
30
23
12
7
0
-19
-50
-71
-89
-116
-138
-151
-163
-174
-185
-194
-198
-206
-212
-210
-211
-222
-229
-231
-233
-233
-223
-204
-187
-172
-154
-140
-131
-116
-98
-82
-62
-40
-15
10
35
66
98
124
151
179
204
223
235
244
258
269
286
312
335
357
373
381
389
396
401
403
403
402
398
385
368
356
345
338
338
333
320
304
281
261
242
218
196
171
143
116
85
52
22
-4
-25
-43
-70
-98
-123
-153
-180
-200
-218
-234
-247
-260
-273
-291
-306
-315
-321
-323
-321
-321
-327
-329
-330
-323
-313
-304
-286
-268
-256
-245
-236
-226
-211
-190
-168
-142
-119
-101
-86
-74
-55
-38
-22
-2
16
31
43
50
52
59
65
73
73
67
62
55
46
38
33
29
26
20
12
-2
-28
-53
-68
-82
-102
-120
-134
-147
-161
-176
-189
-200
-206
-211
-222
-237
-253
-263
-268
-264
-259
-252
-241
-227
-215
-209
-208
-203
-188
-168
-146
-124
-106
-85
-63
-42
-18
8
37
67
92
110
127
148
174
205
235
264
292
316
336
355
367
378
391
407
420
430
437
445
455
463
468
469
470
469
461
448
434
418
404
394
386
374
360
341
320
297
274
248
226
205
182
158
131
107
85
64
46
26
5
-18
-44
-68
-90
-112
-131
-143
-155
-167
-180
-197
-209
-222
-233
-241
-248
-253
-257
-264
-271
-273
-276
-273
-264
-258
-250
-242
-235
-227
-223
-222
-213
-204
-196
-191
-186
-180
-169
-157
-145
-134
-126
-117
-109
-106
-103
-103
-102
-97
-92
-89
-88
-92
-92
-91
-96
-103
-110
-116
-122
-133
-149
-162
-169
-171
-172
-174
-179
-187
-196
-206
-214
-225
-231
-229
-224
-221
-220
-221
-216
-208
-200
-194
-191
-188
-179
-172
-164
-152
-137
-114
-89
-67
-49
-31
-14
8
26
42
58
78
100
121
140
160
185
214
243
267
283
297
312
330
346
361
377
394
412
425
433
439
445
452
459
465
467
468
467
464
456
443
431
425
421
414
400
379
360
344
329
311
292
273
253
232
208
182
156
131
107
86
66
44
18
-9
-33
-57
-75
-87
-99
-114
-134
-157
-174
-188
-200
-209
-217
-231
-243
-254
-265
-272
-278
-281
-284
-286
-290
-291
-291
-288
-287
-287
-277
-264
-255
-254
-256
-251
-238
-230
-224
-216
-208
-202
-196
-188
-179
-172
-162
-151
-140
-137
-136
-132
-129
-127
-127
-125
-120
-117
-117
-122
-131
-133
-128
-126
-127
-134
-142
-144
-143
-146
-155
-163
-157
-145
-140
-146
-154
-154
-148
-145
-142
-135
-126
-119
-114
-112
-108
-102
-87
-70
-55
-48
-40
-26
-10
5
13
25
46
75
95
104
112
132
158
180
197
215
232
249
266
278
286
296
314
332
344
348
353
362
374
384
388
386
389
393
391
385
377
370
370
369
364
353
339
323
313
300
286
269
254
243
227
203
176
155
140
124
105
87
68
44
19
-6
-29
-49
-62
-76
-91
-109
-125
-140
-155
-166
-175
-181
-185
-188
-196
-211
-219
-224
-224
-223
-219
-216
-216
-219
-218
-215
-215
-213
-205
-192
-183
-180
-182
-177
-167
-162
-155
-146
-131
-122
-123
-125
-122
-120
-116
-109
-106
-102
-102
-108
-109
-109
-107
-103
-103
-103
-104
-112
-120
-122
-125
-128
-130
-134
-133
-136
-142
-149
-153
-155
-152
-148
-145
-145
-148
-150
-145
-143
-141
-133
-120
-110
-106
-104
-94
-82
-68
-52
-33
-14
4
15
24
39
54
75
97
115
133
145
154
168
185
202
217
233
248
260
261
263
270
278
286
297
305
309
307
301
297
292
287
284
282
276
267
248
232
219
210
200
191
181
167
148
124
103
87
72
59
50
38
25
7
-11
-24
-35
-44
-50
-53
-62
-78
-96
-106
-109
-111
-112
-109
-107
-107
-112
-122
-125
-121
-115
-109
-100
-97
-99
-103
-100
-93
-87
-78
-68
-61
-60
-63
-66
-67
-60
-53
-50
-48
-46
-45
-51
-54
-59
-57
-55
-54
-53
-60
-74
-85
-90
-89
-87
-88
-89
-91
-98
-108
-115
-118
-118
-115
-114
-113
-119
-126
-129
-129
-126
-120
-114
-109
-104
-106
-108
-107
-99
-86
-74
-61
-50
-41
-38
-35
-28
-17
-3
12
24
34
39
43
51
66
82
95
105
115
122
125
127
132
139
151
162
170
177
178
175
172
173
179
184
188
187
181
173
165
159
157
158
156
149
140
126
112
100
90
86
82
76
67
56
40
27
14
5
0
-7
-16
-27
-37
-49
-60
-66
-68
-69
-72
-76
-83
-91
-97
-103
-105
-102
-101
-100
-99
-100
-102
-101
-100
-93
-85
-82
-80
-80
-75
-72
-73
-68
-58
-50
-45
-42
-39
-36
-35
-32
-25
-17
-13
-11
-10
-10
-11
-11
-6
0
4
4
1
-4
-10
-16
-21
-17
-13
-14
-16
-21
-25
-29
-35
-37
-35
-35
-38
-44
-50
-54
-58
-61
-58
-51
-47
-44
-43
-45
-46
-46
-43
-33
-24
-19
-14
-9
-3
3
11
23
37
45
53
60
66
70
77
86
98
109
117
121
128
132
134
136
142
150
153
155
155
153
151
147
145
143
141
137
129
122
112
99
90
83
76
66
55
45
34
21
8
-4
-13
-19
-29
-38
-47
-58
-70
-81
-86
-91
-98
-104
-109
-115
-121
-127
-128
-127
-127
-127
-128
-128
-127
-126
-122
-117
-112
-108
-101
-97
-94
-91
-85
-77
-69
-62
-54
-49
-42
-39
-37
-32
-25
-20
-17
-12
-11
-11
-10
-6
-3
0
3
2
0
-1
-2
-6
-7
-6
-7
-9
-12
-14
-17
-21
-24
-24
-25
-26
-29
-31
-34
-36
-39
-36
-33
-33
-33
-32
-30
-29
-31
-27
-22
-18
-14
-10
-5
-1
2
8
19
27
34
40
48
56
62
69
76
86
94
100
107
114
121
126
129
135
144
150
151
154
157
157
155
156
160
160
156
152
149
145
138
133
127
121
114
104
94
86
76
65
57
48
41
31
19
10
0
-11
-20
-27
-35
-44
-55
-63
-70
-78
-86
-89
-93
-98
-104
-111
-113
-114
-118
-119
-118
-119
-120
-121
-120
-117
-116
-116
-111
-106
-104
-102
-101
-98
-93
-92
-89
-86
-82
-78
-77
-76
-70
-68
-67
-62
-60
-60
-58
-61
-61
-61
-61
-61
-59
-60
-59
-59
-60
-60
-60
-62
-62
-61
-63
-64
-65
-64
-60
-58
-57
-50
-48
-47
-44
-44
-40
-36
-34
-29
-22
-19
-12
-6
0
10
16
24
36
42
49
59
65
74
82
91
101
113
118
126
133
137
145
149
153
161
164
165
173
174
177
180
180
183
182
178
176
174
169
168
163
158
155
149
141
135
127
122
116
107
101
94
84
76
68
58
53
45
35
31
21
11
5
-4
-11
-15
-22
-27
-33
-41
-46
-49
-55
-57
-59
-63
-65
-67
-70
-71
-74
-75
-74
-74
-75
-75
-77
-81
-80
-82
-83
-83
-85
-87
-88
-91
-92
-94
-95
-95
-96
-98
-100
-104
-108
-110
-113
-114
-114
-117
-119
-123
-129
-132
-132
-135
-137
-138
-142
-143
-146
-148
-147
-147
-146
-143
-142
-140
-137
-136
-133
-129
-125
-119
-113
-107
-100
-93
-87
-80
-71
-60
-49
-38
-29
-19
-9
-1
11
23
35
47
57
66
79
88
98
107
118
128
135
141
147
153
161
166
172
179
184
186
186
189
192
192
189
189
189
187
182
177
175
171
165
161
159
154
148
138
134
128
119
111
107
102
94
85
76
71
65
58
54
51
45
37
28
22
20
15
9
8
7
4
1
-2
-4
-6
-11
-13
-12
-14
-16
-22
-24
-24
-30
-34
-32
-31
-35
-38
-42
-43
-48
-53
-54
-54
-59
-64
-71
-74
-77
-84
-91
-94
-97
-103
-109
-113
-117
-122
-131
-137
-137
-142
-148
-153
-157
-162
-166
-171
-172
-172
-175
-177
-178
-177
-175
-176
-177
-172
-170
-168
-163
-158
-149
-146
-142
-134
-125
-116
-106
-95
-86
-76
-69
-59
-44
-33
-22
-10
2
13
22
29
40
53
63
76
86
94
104
109
116
127
135
140
150
157
160
164
163
165
169
169
174
177
177
177
171
167
166
166
168
169
167
161
156
147
141
138
136
134
132
125
120
111
101
96
93
92
91
89
84
78
69
61
59
60
61
63
58
52
45
37
33
33
33
38
39
37
33
25
18
18
21
26
27
24
19
11
1
-3
-1
1
3
1
-5
-13
-22
-32
-35
-35
-35
-35
-41
-49
-61
-76
-85
-88
-89
-90
-95
-103
-117
-130
-142
-147
-146
-145
-146
-151
-161
-174
-188
-196
-196
-191
-188
-187
-191
-198
-206
-214
-213
-202
-192
-185
-180
-181
-183
-185
-180
-168
-152
-138
-126
-119
-117
-117
-111
-99
-80
-60
-43
-29
-20
-14
-8
2
21
41
59
72
83
86
87
92
104
118
135
147
155
157
153
151
153
161
172
181
186
182
172
161
156
157
161
166
166
160
147
131
118
110
110
110
109
108
97
80
65
56
52
52
54
54
47
34
18
8
4
6
12
19
20
15
4
-5
-8
-7
-1
9
20
23
18
11
9
9
14
25
38
46
44
36
30
30
31
41
52
60
58
50
39
32
31
31
36
40
36
28
13
2
-6
-11
-15
-16
-19
-31
-48
-66
-78
-87
-92
-92
-95
-103
-117
-135
-150
-159
-162
-163
-160
-162
-170
-183
-194
-199
-200
-196
-187
-180
-178
-181
-187
-193
-190
-181
-168
-152
-139
-135
-134
-132
-126
-116
-101
-83
-65
-53
-46
-43
-36
-25
-9
7
25
39
49
56
58
65
76
88
103
114
122
125
125
125
129
139
148
155
160
158
151
144
141
143
146
152
152
147
139
128
120
115
115
115
113
108
99
88
76
68
65
64
65
64
58
52
40
31
25
25
28
29
30
27
20
14
10
12
16
19
21
20
17
13
11
12
17
24
27
29
28
26
22
21
23
29
32
33
34
32
27
24
22
26
29
29
27
23
15
8
2
1
3
1
-2
-8
-17
-28
-36
-42
-44
-47
-50
-57
-66
-76
-87
-94
-97
-99
-102
-107
-110
-118
-125
-133
-135
-134
-133
-134
-135
-138
-140
-144
-144
-140
-134
-130
-128
-125
-123
-123
-119
-113
-103
-96
-87
-79
-75
-70
-64
-56
-46
-36
-26
-18
-10
-2
3
10
19
31
40
47
55
59
63
67
72
79
86
91
96
98
98
97
96
99
101
103
104
104
103
100
95
93
93
92
90
87
83
81
74
69
65
63
61
58
55
50
46
40
35
33
31
28
26
24
22
17
15
14
13
11
10
9
8
8
7
6
7
7
7
6
7
6
6
5
5
5
6
5
4
4
3
2
2
2
2
3
1
-1
-3
-6
-8
-9
-10
-11
-13
-16
-18
-21
-24
-27
-31
-32
-33
-36
-39
-42
-45
-47
-50
-53
-53
-54
-56
-59
-61
-61
-62
-65
-64
-63
-64
-63
-64
-64
-63
-64
-63
-60
-58
-56
-55
-54
-53
-51
-50
-45
-41
-38
-34
-34
-33
-29
-26
-22
-16
-14
-12
-11
-9
-5
-2
1
4
8
10
12
12
15
18
20
23
25
26
29
30
29
33
35
34
36
38
39
41
39
38
42
41
41
43
44
45
44
41
43
44
43
44
45
47
45
43
42
43
43
44
43
42
44
39
36
38
36
33
33
33
32
31
27
24
26
23
19
18
17
16
12
8
7
6
1
-1
-1
-2
-5
-10
-14
-16
-17
-20
-22
-21
-23
-27
-31
-31
-29
-32
-33
-33
-32
-33
-35
-37
-37
-35
-35
-32
-29
-28
-30
-29
-28
-24
-22
-21
-17
-13
-12
-11
-10
-6
-1
-1
2
7
11
11
10
11
14
16
16
18
20
20
20
18
18
19
18
18
17
17
15
10
6
7
7
3
0
-1
-2
-9
-14
-16
-17
-19
-21
-22
-24
-28
-33
-35
-34
-33
-32
-35
-36
-37
-39
-40
-38
-34
-30
-30
-28
-24
-23
-22
-18
-14
-8
-4
-1
4
9
11
14
19
26
34
36
41
46
48
50
52
54
60
63
65
67
67
66
66
64
67
70
68
65
62
55
51
47
44
45
41
36
30
22
15
8
1
-3
-6
-12
-17
-26
-34
-41
-47
-50
-52
-56
-59
-65
-74
-80
-83
-87
-85
-83
-82
-82
-86
-87
-88
-86
-81
-75
-71
-65
-64
-65
-63
-58
-50
-41
-30
-21
-15
-12
-9
-3
4
16
25
34
41
42
43
47
51
59
67
72
78
80
77
76
76
77
81
82
85
84
76
68
62
57
56
53
51
47
37
25
15
6
2
0
-4
-8
-16
-28
-38
-48
-53
-54
-57
-60
-61
-69
-77
-83
-86
-83
-81
-78
-72
-72
-75
-79
-80
-74
-64
-55
-45
-37
-34
-35
-33
-27
-14
0
10
21
26
27
30
34
45
56
65
75
82
82
82
79
82
91
95
99
105
102
96
87
81
82
84
81
79
76
65
53
39
34
31
26
21
15
4
-10
-26
-37
-40
-47
-52
-57
-63
-73
-85
-96
-97
-97
-99
-98
-100
-103
-109
-116
-117
-112
-105
-99
-92
-89
-87
-88
-86
-76
-64
-53
-41
-33
-27
-24
-21
-13
1
14
26
33
41
46
49
53
64
74
83
92
96
98
97
95
97
102
106
109
109
105
101
92
87
86
85
81
78
71
64
52
39
33
29
24
19
11
3
-7
-21
-30
-36
-39
-42
-47
-52
-57
-66
-72
-74
-73
-73
-74
-73
-73
-76
-80
-78
-73
-70
-63
-57
-52
-49
-47
-41
-36
-29
-22
-13
-4
1
4
10
17
23
31
39
46
51
52
53
57
62
64
67
71
73
71
68
69
68
65
63
62
60
54
47
42
40
34
27
22
18
11
3
-5
-12
-17
-26
-31
-35
-40
-49
-58
-61
-66
-71
-74
-76
-78
-81
-86
-88
-85
-85
-87
-86
-84
-81
-79
-78
-72
-67
-65
-59
-53
-46
-41
-38
-31
-22
-16
-11
-4
4
10
15
19
27
34
38
43
50
56
57
60
64
70
74
74
75
77
77
74
74
76
75
73
72
71
69
64
58
56
52
47
43
38
34
29
20
15
12
8
3
0
-7
-13
-20
-28
-30
-34
-37
-38
-42
-43
-47
-52
-52
-53
-54
-54
-53
-50
-50
-53
-53
-50
-45
-43
-39
-35
-32
-31
-31
-26
-22
-16
-10
-6
-2
1
2
5
9
14
22
26
29
31
30
30
32
31
36
39
40
41
38
36
35
31
31
33
33
32
26
19
14
11
7
8
8
6
3
-5
-11
-14
-19
-22
-24
-25
-25
-29
-35
-40
-41
-43
-43
-43
-42
-42
-47
-50
-50
-49
-43
-39
-36
-32
-36
-38
-37
-33
-29
-22
-16
-11
-10
-11
-9
-5
-3
5
12
17
19
20
22
24
25
30
36
42
45
41
40
40
41
43
45
50
53
50
45
43
44
44
46
45
45
42
35
30
28
27
28
28
28
25
19
11
9
5
3
4
5
4
0
-6
-9
-12
-14
-13
-12
-8
-11
-20
-22
-21
-23
-22
-19
-16
-14
-20
-25
-23
-21
-22
-20
-16
-13
-15
-20
-19
-15
-16
-15
-10
-5
-4
-8
-8
-7
-8
-8
-4
-1
2
1
-2
-1
-2
-4
-2
2
6
5
1
0
0
-2
-2
0
3
3
-1
-5
-3
-6
-10
-8
-4
-4
-7
-10
-8
-11
-16
-15
-9
-5
-7
-12
-13
-12
-15
-16
-11
-7
-6
-10
-12
-11
-12
-14
-11
-7
-7
-9
-10
-9
-9
-11
-9
-2
-1
-2
-3
-3
-2
-2
-3
5
9
8
6
5
7
8
7
11
16
16
14
10
12
13
10
12
19
21
19
17
17
19
16
16
22
24
22
21
19
19
19
17
22
25
25
24
20
19
21
17
19
23
24
20
16
14
15
14
12
16
17
13
9
2
0
-1
-3
-1
1
0
-4
-9
-13
-16
-17
-13
-11
-13
-17
-24
-32
-35
-35
-35
-32
-30
-30
-37
-43
-45
-44
-43
-38
-33
-33
-38
-41
-44
-43
-40
-35
-31
-26
-25
-28
-31
-29
-23
-17
-9
-2
0
-3
-7
-9
-6
-1
7
15
16
15
10
7
10
14
22
30
34
33
26
19
18
21
24
30
32
28
23
15
10
10
11
16
20
15
9
4
-3
-5
-6
-2
4
2
-2
-8
-16
-18
-18
-18
-13
-9
-10
-12
-18
-20
-19
-17
-12
-5
-2
-2
-6
-8
-8
-6
-1
9
16
17
15
14
13
14
18
28
35
37
36
33
32
32
33
39
46
49
48
45
41
37
33
34
40
43
41
37
32
25
20
16
19
23
23
17
8
-1
-8
-14
-13
-10
-9
-12
-18
-28
-37
-43
-44
-39
-35
-36
-40
-48
-55
-58
-60
-54
-46
-43
-44
-49
-53
-56
-54
-49
-40
-32
-30
-30
-31
-31
-30
-22
-12
-2
3
4
4
4
6
10
20
30
33
34
34
34
35
37
42
49
53
53
51
49
46
45
45
47
47
45
44
39
35
31
26
23
24
22
19
15
9
4
-3
-7
-9
-10
-12
-15
-20
-25
-30
-36
-38
-37
-35
-35
-36
-39
-40
-45
-46
-42
-37
-36
-35
-33
-34
-36
-35
-31
-24
-18
-15
-12
-9
-10
-8
-3
5
12
14
20
22
21
22
26
33
37
40
42
42
42
41
41
46
48
49
47
46
44
39
38
37
37
35
32
29
22
17
10
8
6
2
-4
-9
-14
-20
-27
-31
-34
-37
-42
-48
-52
-56
-59
-64
-65
-66
-68
-73
-76
-76
-75
-75
-74
-72
-70
-70
-69
-67
-65
-62
-55
-51
-47
-42
-38
-32
-29
-25
-18
-10
-3
2
6
14
19
24
29
35
40
46
51
55
57
60
61
65
71
74
76
76
76
72
71
73
74
73
72
69
64
60
55
51
48
46
44
38
34
27
20
13
9
7
6
3
-1
-9
-15
-20
-24
-24
-24
-25
-29
-34
-38
-39
-41
-38
-34
-33
-33
-36
-35
-35
-34
-30
-24
-20
-19
-18
-16
-13
-12
-7
0
6
8
9
12
16
18
20
23
27
31
30
32
33
33
32
32
34
37
37
35
33
30
26
22
21
23
21
17
11
7
1
-5
-8
-9
-12
-15
-21
-25
-32
-36
-39
-41
-44
-46
-50
-53
-57
-60
-62
-63
-62
-62
-63
-64
-64
-64
-64
-64
-62
-56
-53
-51
-49
-44
-42
-40
-37
-31
-23
-19
-14
-11
-8
-5
0
7
14
19
21
25
27
31
35
39
44
47
49
50
53
53
54
56
57
57
56
55
54
53
51
47
48
46
43
41
40
38
33
29
27
24
22
19
17
14
11
7
5
3
1
0
-1
-3
-5
-7
-7
-7
-7
-7
-6
-6
-8
-8
-9
-7
-4
-3
-2
0
1
1
3
5
11
9
9
12
13
12
13
15
18
17
16
16
17
16
16
17
19
17
15
12
12
10
9
7
6
4
0
-3
-2
-5
-8
-11
-14
-15
-18
-21
-23
-25
-27
-28
-32
-34
-35
-38
-39
-40
-42
-45
-46
-47
-46
-46
-47
-47
-45
-46
-46
-44
-43
-42
-41
-40
-38
-37
-37
-35
-30
-28
-27
-25
-21
-20
-18
-15
-12
-9
-7
-3
0
1
3
5
9
12
15
17
19
21
22
24
26
28
31
32
33
34
34
33
33
34
36
36
35
33
35
33
32
31
31
31
31
30
28
26
24
22
23
23
22
20
19
17
15
12
11
11
11
11
11
9
7
4
3
4
4
5
4
4
2
1
0
2
3
5
4
3
3
2
1
2
4
4
5
5
4
3
1
0
3
4
4
4
2
0
-2
-5
-5
-3
-3
-3
-5
-8
-12
-15
-16
-16
-14
-14
-15
-18
-22
-25
-26
-27
-26
-25
-27
-27
-31
-35
-36
-36
-34
-32
-33
-33
-34
-37
-39
-38
-36
-33
-31
-32
-31
-32
-33
-32
-32
-29
-25
-25
-24
-22
-24
-24
-24
-21
-17
-14
-12
-11
-12
-12
-13
-10
-7
-3
1
3
2
1
0
0
4
9
13
17
16
14
12
12
16
20
26
29
30
29
27
25
26
32
36
38
40
38
36
34
34
37
42
45
45
44
41
38
36
37
40
43
43
42
39
34
31
31
32
34
34
33
30
26
23
20
20
22
23
22
20
16
11
7
6
7
8
8
7
4
-1
-4
-6
-3
-2
-3
-3
-5
-11
-15
-16
-17
-15
-14
-13
-14
-17
-20
-25
-26
-24
-23
-22
-22
-22
-25
-29
-30
-28
-27
-25
-25
-25
-26
-28
-31
-30
-28
-25
-22
-22
-22
-24
-27
-27
-26
