2
2
3
4
4
5
5
5
6
6
5
5
4
2
2
2
1
1
0
0
-1
-2
-2
-3
-2
-3
-2
-2
-2
-2
-1
0
0
2
1
1
2
3
3
4
4
3
4
3
3
3
3
2
2
1
1
1
0
0
-1
-1
-1
-1
-2
-2
-3
-2
-3
-2
-2
-1
-2
-1
0
-1
0
1
0
0
0
1
1
2
1
1
1
0
1
1
3
1
1
1
-1
0
0
0
1
-1
0
-1
-2
-1
-2
-3
-2
-1
-1
-1
-1
-2
-2
-2
-1
-1
-2
-1
0
-1
-1
-1
-2
-2
-2
-1
-1
-2
-1
-1
-2
-2
-2
-2
-2
-1
-2
-2
-2
-2
-2
-2
-1
-1
-1
-1
-1
-1
-2
-2
-2
-2
0
0
1
0
-1
-1
0
0
1
3
2
2
1
0
0
1
1
1
2
1
2
0
1
0
0
0
0
0
1
1
0
0
0
0
1
1
2
2
2
2
2
2
3
3
2
3
2
2
2
2
2
2
2
1
1
1
2
1
1
-1
0
1
0
0
-1
-1
-1
-1
0
0
0
0
0
0
0
1
0
1
1
1
2
1
1
2
2
2
2
2
2
2
2
2
1
2
2
2
2
3
2
1
1
2
2
2
2
1
0
1
0
0
1
1
0
0
0
-1
-2
-3
-2
-3
-3
-3
-3
-4
-4
-5
-6
-7
-7
-6
-5
-5
-6
-6
-6
-8
-9
-9
-7
-7
-6
-8
-8
-8
-8
-8
-8
-7
-7
-7
-7
-8
-9
-9
-8
-8
-7
-8
-6
-5
-5
-6
-8
-7
-7
-4
-1
0
1
0
-1
-2
-1
1
4
6
8
8
7
6
6
7
9
10
11
12
12
11
10
8
7
8
8
11
10
11
10
8
7
7
8
9
10
11
12
11
11
9
10
10
10
12
13
13
13
12
10
9
8
9
9
8
7
5
5
3
3
2
2
1
0
0
-1
-1
0
-1
-1
-2
-2
-2
-2
-3
-2
-2
-1
-2
-3
-3
-4
-4
-5
-4
-5
-5
-6
-8
-8
-7
-7
-8
-9
-10
-10
-10
-11
-12
-11
-11
-10
-11
-12
-13
-13
-12
-12
-11
-11
-9
-10
-10
-12
-12
-10
-10
-10
-10
-9
-6
-6
-6
-6
-6
-4
-1
0
0
-1
1
1
3
4
3
2
4
6
5
5
4
4
6
6
6
6
6
5
6
6
6
8
6
6
6
7
6
4
2
4
3
2
3
2
1
0
-2
-3
-6
-5
-6
-6
-5
-7
-8
-8
-8
-6
-4
-3
-1
-1
1
3
5
7
8
11
14
17
19
20
21
23
23
24
25
27
27
28
27
27
28
26
24
22
20
20
19
20
19
17
15
13
12
12
10
9
6
6
5
5
4
2
-1
-2
-3
-4
-3
-5
-7
-10
-11
-12
-12
-13
-14
-15
-15
-16
-17
-17
-17
-18
-20
-21
-21
-21
-23
-25
-26
-27
-29
-33
-34
-34
-34
-36
-39
-42
-45
-48
-51
-51
-51
-50
-49
-49
-50
-52
-56
-56
-54
-50
-44
-38
-31
-28
-26
-27
-28
-25
-23
-18
-11
-6
-1
2
4
5
5
3
2
2
7
11
18
22
25
26
25
23
22
22
23
26
29
34
39
39
37
33
30
25
20
19
21
24
27
28
27
22
18
12
9
9
10
15
21
26
29
29
28
27
26
29
34
41
47
52
54
56
56
58
58
59
62
64
66
70
73
74
74
73
71
69
68
66
65
63
60
58
54
50
48
42
39
33
27
21
19
16
13
10
4
-3
-11
-18
-25
-28
-30
-32
-36
-41
-44
-49
-53
-58
-61
-62
-63
-65
-66
-65
-65
-66
-68
-69
-71
-74
-75
-76
-78
-78
-81
-82
-84
-86
-88
-88
-88
-86
-84
-81
-81
-81
-82
-83
-78
-72
-62
-52
-44
-39
-37
-36
-36
-33
-29
-21
-13
-5
0
3
3
2
2
1
2
5
9
15
23
26
28
28
30
31
35
37
39
41
43
45
48
49
48
46
44
43
41
39
36
35
34
34
33
29
27
25
24
21
21
21
24
26
30
31
32
29
28
28
31
36
42
48
54
57
57
57
56
58
63
69
75
80
83
85
84
83
82
80
79
78
81
82
79
77
73
68
62
55
49
46
42
39
32
25
20
15
10
4
-6
-14
-20
-27
-32
-40
-46
-52
-56
-61
-69
-78
-85
-89
-91
-93
-96
-100
-103
-104
-106
-109
-115
-119
-121
-120
-118
-118
-122
-129
-132
-134
-135
-137
-138
-138
-133
-129
-127
-130
-130
-128
-126
-119
-111
-102
-94
-86
-77
-69
-62
-56
-53
-47
-40
-32
-23
-17
-10
-7
-1
3
6
9
12
16
22
28
35
41
46
51
54
57
60
61
64
69
76
81
82
80
81
81
81
80
79
76
77
80
82
82
79
77
75
74
75
76
76
78
78
81
82
81
82
80
81
84
87
89
89
92
97
100
101
102
103
105
107
107
108
109
111
112
112
111
109
106
103
100
96
95
96
93
87
80
76
69
64
58
51
47
42
35
28
21
14
4
-4
-12
-20
-25
-29
-38
-46
-54
-61
-68
-72
-77
-81
-88
-96
-102
-106
-110
-113
-116
-118
-121
-124
-130
-135
-139
-142
-142
-144
-146
-147
-150
-151
-152
-155
-156
-157
-156
-154
-151
-148
-145
-143
-138
-134
-128
-124
-118
-110
-105
-100
-93
-86
-79
-72
-64
-58
-52
-46
-40
-34
-24
-16
-8
-2
4
12
22
31
37
43
47
52
57
62
69
74
78
80
83
84
84
83
82
82
82
82
83
85
86
85
82
78
76
75
74
74
76
78
76
74
74
73
73
74
73
75
78
81
83
86
86
86
87
88
88
89
91
92
93
93
92
90
88
86
85
85
83
82
81
81
80
77
73
70
66
62
60
57
53
47
41
34
28
20
13
8
1
-6
-13
-22
-30
-39
-47
-55
-61
-68
-74
-80
-87
-96
-102
-109
-114
-118
-121
-124
-130
-133
-138
-143
-146
-150
-154
-158
-160
-164
-167
-169
-173
-176
-177
-180
-179
-179
-178
-177
-175
-171
-166
-160
-154
-147
-139
-131
-122
-116
-105
-96
-87
-78
-68
-59
-51
-43
-32
-23
-14
-5
1
8
16
23
29
38
46
55
64
71
78
84
89
94
99
105
111
118
123
126
126
126
125
125
127
127
128
127
126
125
122
120
116
113
112
111
111
110
109
108
108
106
105
103
104
103
102
102
101
101
99
98
95
94
93
93
92
93
91
89
87
85
85
85
83
82
81
78
75
71
68
67
64
61
58
56
51
47
40
33
27
21
16
13
8
3
-2
-11
-19
-28
-34
-39
-44
-47
-52
-56
-63
-73
-82
-89
-95
-100
-104
-108
-111
-113
-117
-124
-134
-145
-150
-152
-151
-153
-157
-157
-157
-160
-172
-183
-186
-182
-176
-171
-170
-171
-170
-167
-166
-166
-162
-151
-138
-127
-120
-114
-108
-97
-88
-82
-76
-68
-58
-43
-34
-25
-17
-7
-3
-1
1
8
21
34
47
58
65
71
75
78
85
94
107
120
129
135
135
132
133
138
137
138
137
138
141
134
124
118
127
135
131
116
107
110
103
96
91
104
119
117
93
71
72
77
80
85
93
104
103
88
67
50
52
71
85
79
69
71
75
70
58
45
49
58
65
64
64
54
38
29
28
26
9
4
23
42
24
-18
-33
1
25
16
-7
-30
-27
-21
-31
-67
-86
-58
-49
-61
-101
-155
-186
-179
-132
-124
-159
-189
-201
-205
-240
-282
-297
-276
-231
-237
-266
-286
-311
-333
-344
-324
-281
-261
-253
-249
-249
-265
-298
-284
-237
-171
-129
-111
-80
-71
-73
-80
-47
31
99
141
156
163
164
146
145
171
214
255
260
268
255
217
178
161
196
224
230
223
205
178
125
80
72
78
99
105
98
74
19
-26
-42
-28
-8
8
24
23
4
-33
-50
-35
-1
30
63
84
108
125
125
160
171
205
235
235
278
292
322
351
346
358
342
330
326
324
341
352
347
297
248
187
146
133
108
126
104
45
2
-68
-99
-120
-137
-107
-101
-122
-151
-204
-226
-241
-241
-202
-189
-190
-206
-234
-242
-252
-254
-233
-212
-199
-213
-220
-230
-259
-257
-267
-246
-232
-239
-240
-272
-281
-300
-311
-305
-306
-296
-303
-316
-308
-300
-249
-230
-221
-226
-254
-236
-230
-171
-103
-39
4
-8
-10
-35
-13
33
117
215
241
229
157
116
119
147
215
264
273
225
144
87
75
91
124
162
162
130
61
-3
-16
-17
19
45
56
36
-26
-85
-107
-84
-55
-21
-24
-40
-63
-83
-79
-51
-26
-12
7
10
30
37
58
101
136
178
200
212
234
256
299
376
435
461
459
421
429
466
494
553
577
580
549
477
433
406
409
424
425
395
326
208
115
83
67
69
53
-4
-75
-170
-247
-255
-243
-235
-241
-279
-308
-346
-381
-381
-371
-339
-324
-342
-349
-369
-380
-356
-326
-282
-271
-293
-314
-315
-282
-276
-257
-255
-264
-263
-291
-289
-281
-281
-282
-296
-287
-306
-329
-356
-314
-210
-194
-186
-312
-331
-286
-258
-140
-109
-26
-20
-61
-85
-73
-31
33
147
219
262
180
77
93
146
235
271
255
255
183
111
112
149
207
219
160
136
107
49
39
46
85
96
37
-10
-45
-78
-75
-51
-18
-4
-73
-132
-147
-104
-48
-25
-19
-43
-65
-74
-27
32
92
120
132
159
179
201
225
319
436
503
507
462
437
491
567
653
710
721
698
646
601
581
591
609
631
601
523
416
299
253
244
234
209
122
24
-63
-140
-157
-167
-198
-219
-267
-325
-357
-408
-412
-400
-403
-403
-454
-481
-483
-484
-457
-424
-414
-413
-440
-461
-429
-377
-337
-323
-336
-351
-366
-368
-352
-337
-316
-312
-319
-338
-360
-371
-377
-312
-243
-231
-247
-345
-356
-317
-264
-192
-168
-127
-120
-111
-143
-131
-110
-42
70
118
135
48
-8
30
95
161
191
152
129
108
80
119
142
142
150
134
144
135
86
96
112
143
160
117
86
67
50
81
108
105
75
15
1
24
54
58
38
11
-1
-3
-1
24
31
52
61
87
106
111
133
174
299
349
372
356
325
393
448
528
584
617
618
625
625
610
619
612
660
683
652
576
468
417
418
402
380
318
227
166
95
47
18
-35
-85
-131
-165
-192
-261
-306
-334
-349
-346
-389
-432
-443
-449
-445
-437
-449
-444
-456
-457
-439
-417
-393
-399
-404
-402
-392
-393
-384
-385
-386
-373
-395
-383
-383
-379
-397
-335
-269
-283
-294
-418
-370
-309
-274
-247
-271
-204
-179
-177
-210
-199
-200
-133
-38
11
35
-79
-128
-59
28
83
39
-5
17
32
32
48
46
69
74
66
124
104
72
70
100
174
165
110
89
106
136
161
151
145
112
76
96
131
172
150
90
78
89
102
103
97
111
125
106
114
121
147
165
167
245
305
327
315
303
335
395
451
474
511
544
585
614
622
608
587
601
661
702
675
595
507
495
501
468
410
344
288
249
194
139
96
30
-25
-59
-89
-133
-210
-268
-276
-299
-337
-402
-459
-461
-451
-458
-482
-500
-529
-543
-531
-514
-468
-467
-492
-495
-493
-495
-479
-463
-431
-415
-433
-454
-432
-414
-400
-309
-302
-264
-350
-397
-302
-267
-216
-245
-212
-162
-124
-177
-184
-158
-157
-58
-46
8
-38
-148
-123
-54
9
-10
-86
-101
-50
-65
-85
-96
-103
-54
-77
-66
-37
-84
-81
-73
-21
43
2
-40
-22
19
59
58
42
80
71
73
77
97
151
131
131
146
163
147
141
154
213
243
219
230
225
264
271
305
360
430
444
411
433
429
509
553
574
603
620
649
672
695
673
668
666
719
748
705
640
569
555
576
537
470
404
332
302
255
196
135
68
25
-8
-53
-95
-173
-216
-228
-281
-320
-381
-427
-412
-428
-475
-497
-526
-532
-541
-550
-528
-522
-504
-526
-536
-512
-527
-516
-491
-469
-477
-497
-504
-481
-448
-406
-352
-339
-353
-438
-419
-312
-253
-257
-270
-229
-180
-152
-211
-204
-166
-123
-60
-61
-55
-115
-161
-105
-34
-30
-92
-143
-132
-77
-115
-160
-160
-140
-105
-139
-143
-144
-143
-135
-110
-70
-61
-89
-118
-62
-27
-7
-11
-4
45
41
31
31
88
134
145
139
150
164
162
193
224
277
295
273
289
303
320
342
386
516
503
456
421
434
573
624
608
611
648
663
695
681
684
690
686
749
746
700
630
562
610
655
564
494
431
396
408
323
256
210
161
152
93
35
-3
-91
-112
-108
-180
-221
-302
-356
-328
-357
-406
-454
-485
-468
-493
-535
-559
-547
-503
-527
-550
-558
-571
-585
-560
-525
-518
-545
-567
-566
-539
-444
-434
-415
-436
-505
-456
-375
-318
-326
-303
-247
-175
-201
-246
-230
-178
-42
-25
-45
-70
-146
-125
-36
0
-22
-83
-118
-68
-76
-119
-172
-184
-103
-106
-150
-170
-192
-169
-143
-162
-141
-134
-144
-121
-103
-88
-99
-110
-73
-25
-18
-29
-40
12
68
65
70
92
114
131
147
168
217
262
271
290
303
361
404
437
472
448
474
523
555
591
611
636
680
701
687
675
685
743
779
766
729
662
646
677
664
627
572
508
504
488
435
381
321
290
255
206
185
126
71
49
-9
-44
-76
-139
-157
-172
-216
-269
-323
-349
-364
-382
-398
-440
-466
-495
-507
-490
-505
-547
-583
-598
-614
-598
-597
-585
-593
-572
-533
-540
-547
-590
-581
-478
-424
-447
-465
-415
-332
-283
-314
-327
-285
-224
-144
-131
-140
-162
-174
-116
-45
-55
-95
-119
-101
-51
-85
-132
-147
-116
-85
-121
-149
-154
-151
-141
-122
-123
-134
-174
-186
-130
-102
-107
-153
-155
-121
-108
-101
-103
-76
-51
-54
-48
-24
7
27
51
70
110
142
162
197
230
276
284
322
365
407
465
493
532
580
614
628
653
676
724
750
758
757
744
748
739
741
753
743
706
662
631
617
593
554
520
489
455
397
354
328
287
248
207
174
153
110
46
20
3
-34
-80
-114
-117
-134
-170
-210
-245
-274
-291
-305
-331
-348
-416
-434
-441
-460
-497
-565
-573
-587
-517
-502
-537
-591
-642
-602
-557
-532
-574
-523
-438
-384
-425
-515
-472
-404
-281
-224
-255
-269
-302
-286
-205
-155
-173
-181
-181
-144
-156
-231
-225
-185
-127
-134
-213
-227
-197
-191
-167
-179
-194
-176
-207
-194
-157
-176
-189
-201
-181
-148
-177
-190
-155
-120
-114
-146
-168
-94
-63
-55
-61
-29
50
62
92
89
128
173
207
253
328
369
367
414
452
512
530
549
629
678
695
678
663
730
776
757
778
771
762
751
705
711
711
684
660
616
587
549
484
472
461
402
353
292
274
267
202
155
125
109
76
31
2
-27
-43
-81
-125
-146
-130
-153
-204
-229
-244
-262
-300
-312
-333
-346
-376
-433
-456
-380
-354
-410
-473
-552
-493
-438
-437
-473
-456
-385
-363
-405
-459
-428
-387
-288
-261
-297
-316
-387
-369
-260
-228
-271
-327
-323
-271
-289
-345
-344
-295
-236
-273
-345
-319
-301
-296
-272
-266
-256
-281
-324
-287
-246
-257
-288
-291
-253
-232
-277
-290
-254
-205
-204
-246
-254
-208
-148
-147
-112
-94
-64
-41
-21
25
69
100
108
171
229
263
277
312
376
416
448
471
513
566
591
591
619
659
673
693
712
715
699
682
693
701
701
679
632
627
617
573
533
516
511
483
443
399
372
339
303
272
253
236
184
140
127
138
95
28
5
2
-7
-22
-59
-72
-96
-154
-174
-179
-170
-199
-179
-150
-151
-220
-330
-290
-214
-156
-218
-252
-197
-164
-172
-238
-220
-193
-139
-111
-127
-147
-242
-255
-177
-121
-162
-267
-299
-256
-248
-325
-377
-364
-313
-342
-430
-432
-439
-447
-448
-455
-441
-460
-512
-495
-442
-437
-479
-527
-489
-445
-476
-495
-470
-415
-390
-431
-456
-408
-357
-333
-300
-263
-227
-226
-206
-149
-84
-33
-12
28
93
147
153
187
251
312
354
369
401
446
476
493
514
552
571
569
566
579
577
566
570
567
569
549
525
509
496
475
448
421
395
380
354
346
315
287
268
241
244
218
192
168
160
156
142
113
99
104
85
76
56
40
36
11
-7
8
9
41
85
48
38
-35
-40
49
88
108
76
121
159
160
99
99
171
227
272
201
167
118
86
147
185
157
57
-25
-36
-22
-94
-164
-195
-195
-208
-332
-392
-393
-392
-417
-479
-523
-563
-609
-638
-608
-603
-642
-710
-738
-701
-701
-725
-722
-690
-672
-707
-740
-705
-622
-579
-580
-592
-536
-465
-420
-375
-357
-305
-268
-198
-110
-43
-18
8
69
145
198
195
257
333
402
422
395
417
469
506
529
531
514
512
503
514
532
490
455
424
407
403
353
318
308
284
247
203
160
149
138
117
94
56
27
-1
0
19
9
-18
-41
-45
-31
-23
-20
-35
-37
-33
-38
-44
-12
102
125
129
60
8
131
206
262
259
310
382
397
362
351
422
495
597
578
540
499
442
509
585
570
487
402
390
416
351
268
234
204
207
94
-1
-13
-71
-98
-145
-222
-281
-359
-414
-390
-429
-496
-575
-634
-633
-677
-732
-745
-741
-733
-762
-836
-835
-800
-778
-759
-764
-738
-698
-669
-624
-581
-541
-490
-452
-399
-332
-290
-230
-161
-108
-54
-32
6
82
142
187
205
221
266
284
295
326
336
356
357
351
360
339
325
325
324
322
282
232
214
206
175
140
104
97
89
42
17
6
-7
-42
-67
-63
-70
-103
-137
-142
-124
-133
-186
-191
-175
-145
-149
-131
-38
-46
-49
-101
-66
58
114
145
165
269
323
331
306
347
460
554
637
631
619
594
576
666
753
744
671
627
630
652
586
533
552
551
526
394
329
335
310
287
238
168
97
10
-41
-23
-49
-136
-233
-286
-301
-378
-447
-456
-440
-460
-557
-663
-663
-622
-653
-656
-687
-670
-662
-655
-610
-584
-558
-589
-545
-469
-400
-394
-368
-281
-239
-220
-236
-194
-96
-21
3
0
13
33
60
95
127
101
90
91
98
131
101
78
76
73
54
21
1
-2
-4
-24
-46
-77
-95
-112
-120
-97
-119
-166
-203
-215
-202
-198
-218
-242
-229
-239
-274
-310
-314
-275
-249
-160
-144
-177
-239
-278
-161
-43
18
-26
32
145
212
189
139
254
386
513
527
501
508
509
545
655
726
680
616
597
672
682
597
580
617
667
605
482
472
496
488
457
406
367
321
243
246
263
230
156
73
81
62
-16
-92
-102
-64
-93
-191
-256
-245
-253
-278
-302
-276
-267
-328
-376
-357
-291
-289
-311
-298
-254
-255
-281
-250
-197
-158
-173
-187
-139
-98
-110
-118
-84
-52
-69
-99
-77
-38
-47
-101
-112
-74
-75
-123
-158
-140
-137
-186
-222
-216
-206
-233
-289
-310
-287
-297
-332
-340
-325
-327
-369
-385
-363
-349
-366
-396
-390
-377
-396
-423
-410
-354
-344
-300
-277
-299
-290
-350
-260
-161
-90
-96
-90
16
74
104
48
132
239
356
402
367
394
368
391
488
568
553
487
465
514
548
461
429
458
531
522
386
353
345
373
387
372
341
285
203
199
276
287
235
141
139
167
142
97
80
126
121
54
-16
8
63
53
43
39
65
52
33
33
92
133
104
101
123
156
137
154
192
211
180
140
178
232
246
178
135
149
148
109
88
87
63
5
-67
-81
-82
-118
-160
-183
-208
-276
-329
-345
-333
-352
-410
-458
-461
-456
-493
-515
-490
-490
-529
-566
-575
-536
-511
-510
-522
-531
-551
-561
-536
-478
-438
-378
-363
-382
-407
-433
-323
-202
-144
-174
-148
-57
30
23
-17
78
182
287
292
271
293
293
332
411
444
402
345
339
399
394
294
274
297
336
288
195
187
167
150
131
104
86
48
-20
-9
4
-28
-63
-104
-76
-66
-106
-123
-109
-64
-49
-71
-88
-53
-36
-4
43
80
105
91
130
199
278
282
291
328
386
431
430
476
529
599
591
548
538
566
611
640
649
587
520
475
463
476
440
368
287
249
212
141
71
25
-12
-78
-158
-240
-270
-299
-353
-387
-442
-505
-576
-591
-576
-584
-621
-675
-688
-698
-700
-728
-693
-664
-681
-705
-736
-683
-629
-490
-474
-504
-560
-587
-413
-291
-211
-247
-188
-85
-36
-42
-70
67
172
292
294
260
261
238
332
437
471
373
294
319
404
396
278
238
243
281
198
100
82
52
46
11
-31
-83
-155
-228
-206
-183
-226
-299
-361
-320
-311
-348
-387
-392
-330
-326
-348
-368
-318
-280
-232
-189
-159
-99
-101
-46
13
107
158
195
261
326
396
409
463
532
626
671
658
682
712
768
806
822
807
788
763
748
762
749
711
647
610
568
501
452
406
368
308
221
146
98
33
-28
-72
-132
-193
-281
-330
-338
-366
-412
-481
-527
-547
-572
-595
-599
-597
-646
-660
-691
-670
-636
-606
-488
-503
-537
-621
-586
-402
-308
-274
-286
-192
-106
-66
-113
-73
80
170
277
262
244
226
209
331
445
440
342
283
290
347
271
203
228
230
227
93
0
-17
-33
-41
-52
-110
-193
-308
-371
-305
-300
-354
-432
-473
-463
-492
-544
-555
-519
-491
-506
-544
-540
-509
-500
-452
-385
-332
-307
-314
-263
-165
-93
-63
-6
79
157
193
227
300
382
456
489
525
577
619
653
703
733
734
730
729
759
770
750
708
684
684
652
594
551
523
480
428
365
320
284
223
176
133
83
19
-45
-65
-83
-123
-178
-242
-261
-274
-311
-340
-351
-360
-396
-437
-458
-467
-457
-441
-416
-336
-329
-385
-449
-413
-278
-193
-177
-174
-67
9
23
-27
-7
129
216
304
327
309
268
228
299
425
449
351
302
307
324
247
168
206
236
208
63
-32
-41
-59
-80
-91
-131
-234
-363
-429
-371
-344
-408
-490
-545
-559
-609
-662
-643
-587
-581
-644
-708
-710
-661
-631
-586
-526
-506
-529
-512
-445
-336
-281
-262
-191
-115
-49
-32
44
161
244
287
317
372
428
482
520
592
639
626
625
646
685
677
646
641
642
617
574
536
525
503
424
378
359
321
284
228
196
171
108
48
19
11
-14
-66
-121
-142
-159
-173
-204
-239
-246
-255
-274
-291
-300
-308
-308
-322
-335
-303
-202
-150
-176
-237
-257
-149
-63
-23
13
86
164
166
126
138
238
346
443
477
448
376
299
371
512
547
464
369
349
360
312
243
243
247
204
91
10
-7
-50
-85
-100
-125
-193
-322
-408
-374
-339
-374
-447
-528
-573
-607
-622
-602
-571
-572
-633
-690
-692
-651
-632
-618
-574
-532
-537
-548
-513
-432
-338
-308
-271
-187
-120
-92
-80
-13
112
193
192
215
298
382
415
433
474
493
481
492
539
568
532
454
445
482
458
392
331
331
340
276
198
175
169
126
73
64
64
8
-62
-78
-64
-74
-130
-179
-152
-132
-159
-193
-192
-175
-190
-233
-230
-187
-161
-189
-213
-209
-207
-176
-112
22
25
-35
-94
-29
132
169
183
216
353
396
341
296
346
489
552
620
619
545
432
394
529
622
567
421
358
353
330
228
178
219
190
99
-19
-67
-105
-154
-171
-151
-183
-305
-430
-455
-374
-370
-434
-506
-549
-556
-584
-582
-548
-518
-555
-606
-601
-577
-557
-555
-498
-421
-396
-422
-421
-340
-229
-172
-165
-129
-91
-33
14
81
156
197
230
259
302
304
318
368
436
463
414
370
358
377
378
358
330
292
246
205
175
149
117
58
30
13
-29
-77
-128
-137
-129
-159
-196
-226
-242
-236
-245
-253
-255
-267
-265
-257
-252
-229
-220
-223
-203
-181
-158
-153
-154
-114
-94
-62
-93
-61
5
79
179
113
121
100
184
277
302
356
388
502
497
483
412
448
565
636
711
633
537
439
425
501
545
502
413
346
262
210
114
116
151
103
40
-92
-175
-224
-242
-205
-188
-251
-360
-446
-475
-440
-447
-449
-456
-502
-538
-579
-553
-509
-471
-461
-482
-494
-491
-448
-403
-341
-297
-269
-246
-222
-181
-122
-33
26
72
79
91
120
152
230
292
343
335
313
298
300
333
361
398
375
319
256
220
218
211
188
158
97
30
-22
-62
-68
-99
-135
-154
-186
-217
-271
-290
-271
-262
-267
-290
-306
-309
-308
-286
-234
-207
-223
-231
-223
-187
-147
-128
-95
-81
-86
-87
-71
-33
-18
-15
-4
11
89
127
189
225
216
236
216
272
315
362
421
481
527
501
460
402
443
509
584
623
551
474
378
341
359
367
365
334
251
161
79
1
-8
-13
-10
-25
-120
-212
-301
-339
-293
-258
-253
-292
-392
-458
-459
-429
-365
-346
-360
-389
-417
-403
-359
-303
-263
-239
-223
-199
-198
-188
-149
-72
24
52
43
20
59
134
196
245
238
245
215
214
257
305
342
324
300
249
204
171
192
226
218
161
66
6
-37
-62
-72
-88
-113
-151
-218
-268
-304
-324
-308
-289
-279
-293
-333
-351
-347
-335
-297
-277
-269
-264
-262
-247
-241
-232
-209
-184
-150
-137
-132
-125
-128
-112
-90
-56
-23
-24
-35
-52
-25
38
108
207
251
273
220
174
206
277
392
477
579
605
539
421
353
410
499
619
660
614
479
297
218
230
274
305
273
190
65
-117
-229
-241
-202
-140
-165
-240
-345
-468
-493
-461
-387
-309
-305
-341
-399
-448
-403
-315
-208
-146
-154
-156
-152
-124
-66
14
70
107
119
114
113
110
156
223
282
302
263
224
187
204
247
276
271
216
173
152
153
155
146
130
121
103
67
32
-4
-8
1
1
-20
-66
-105
-134
-140
-137
-142
-162
-180
-208
-239
-261
-271
-260
-267
-281
-307
-328
-335
-351
-358
-343
-336
-345
-358
-362
-320
-312
-294
-263
-233
-216
-235
-234
-196
-126
-103
-91
-90
-33
64
201
316
345
296
232
282
345
440
525
669
770
721
602
442
373
387
523
687
707
548
288
98
7
-13
18
64
71
-29
-207
-384
-492
-524
-457
-325
-208
-196
-308
-411
-457
-397
-257
-105
21
57
43
22
13
35
95
154
238
303
332
313
204
126
83
109
162
158
141
80
13
-31
-68
-68
-43
-15
22
26
15
-13
-49
-32
36
142
216
227
201
173
167
174
206
248
258
243
185
128
68
-20
-87
-121
-138
-165
-232
-318
-407
-492
-528
-530
-515
-489
-476
-457
-446
-453
-456
-432
-369
-284
-187
-123
-79
-49
-43
-28
-28
17
83
123
127
85
46
-22
-82
-113
-102
-17
75
149
164
105
-22
-114
-88
22
161
272
400
448
399
271
115
71
148
316
468
515
415
190
-25
-145
-159
-99
-14
59
45
-74
-248
-396
-437
-367
-221
-62
25
9
-66
-121
-107
-48
42
129
232
308
317
272
194
134
115
140
212
284
273
195
70
-34
-107
-161
-135
-78
8
48
-6
-78
-147
-164
-102
17
155
234
241
211
188
172
171
219
288
369
396
343
245
125
32
-6
0
12
5
-40
-123
-234
-338
-402
-407
-373
-315
-259
-248
-275
-305
-303
-259
-169
-57
63
137
137
125
102
80
76
90
136
166
144
91
4
-95
-188
-254
-270
-262
-289
-333
-375
-432
-485
-520
-491
-374
-245
-86
82
161
112
23
13
90
205
354
558
677
626
459
254
84
-26
-21
80
166
141
-10
-216
-431
-592
-672
-619
-465
-333
-265
-263
-287
-321
-316
-229
-55
150
336
488
550
533
464
407
392
421
462
486
471
386
244
63
-90
-201
-239
-213
-215
-233
-276
-344
-423
-447
-374
-263
-135
-23
63
129
168
194
252
340
465
603
685
680
588
452
329
246
204
221
231
180
89
-59
-216
-331
-387
-343
-262
-186
-139
-132
-143
-168
-166
-104
6
117
224
309
338
309
256
229
230
256
297
314
297
217
86
-37
-140
-184
-193
-174
-162
-181
-223
-284
-325
-349
-342
-326
-318
-290
-259
-246
-276
-321
-354
-327
-213
-70
84
173
158
45
-111
-202
-207
-118
39
203
255
158
-29
-245
-395
-447
-373
-226
-110
-69
-126
-229
-337
-417
-416
-335
-191
-40
83
157
166
109
31
25
86
199
303
373
386
315
208
79
-25
-81
-101
-93
-77
-72
-122
-193
-266
-314
-322
-280
-191
-98
-18
13
24
28
28
59
109
181
243
277
281
253
205
147
125
128
175
244
272
243
178
130
76
40
57
106
185
285
360
348
281
213
171
178
254
359
419
445
427
346
237
158
145
177
221
267
284
267
220
134
72
83
135
178
200
201
167
109
55
19
-20
-60
-85
-93
-104
-150
-235
-319
-370
-408
-451
-518
-581
-627
-655
-676
-694
-692
-608
-466
-336
-214
-105
-31
-40
-84
-117
-90
-5
125
254
299
260
110
-70
-215
-317
-333
-272
-159
-95
-104
-157
-216
-279
-328
-295
-193
-44
80
170
241
259
238
192
179
185
190
184
172
146
68
-47
-182
-288
-365
-416
-447
-462
-450
-429
-393
-347
-286
-226
-178
-122
-56
15
63
108
164
219
243
238
231
195
137
83
68
85
96
114
147
184
155
100
83
115
168
226
328
429
507
566
604
600
566
535
523
551
586
606
589
553
497
413
334
266
214
183
188
199
190
171
136
96
57
49
60
70
80
73
44
8
-29
-87
-156
-210
-228
-229
-235
-263
-323
-381
-428
-466
-495
-515
-533
-559
-586
-611
-629
-643
-642
-577
-419
-257
-146
-78
-10
29
11
-7
-3
52
135
221
261
242
176
68
-32
-106
-142
-155
-134
-81
-45
-47
-86
-134
-198
-235
-226
-188
-128
-79
-37
-5
26
28
8
-12
-34
-62
-82
-74
-74
-98
-139
-192
-264
-332
-372
-390
-384
-370
-326
-256
-189
-145
-131
-120
-118
-126
-120
-76
-17
46
123
190
234
244
253
265
282
331
402
498
579
614
605
578
543
495
465
475
519
562
590
585
530
447
354
279
254
262
272
287
315
313
261
198
159
136
123
130
151
167
168
155
134
113
84
39
-9
-52
-99
-150
-188
-211
-236
-278
-320
-347
-366
-397
-400
-358
-320
-311
-288
-239
-228
-266
-317
-357
-402
-433
-407
-340
-283
-293
-309
-270
-185
-131
-88
0
87
131
124
114
94
66
62
85
125
120
66
-14
-82
-149
-223
-274
-296
-286
-283
-279
-300
-334
-371
-391
-370
-333
-270
-207
-146
-104
-82
-57
-44
-47
-74
-96
-116
-134
-168
-211
-245
-283
-305
-308
-289
-269
-246
-208
-157
-79
6
82
159
231
275
292
303
327
348
362
395
440
466
463
449
439
417
394
401
438
473
479
468
458
432
391
370
384
421
452
464
456
419
374
333
318
315
312
303
282
255
202
137
77
30
1
-18
-31
-46
-61
-83
-99
-111
-111
-106
-123
-149
-167
-176
-187
-183
-164
-142
-128
-114
-94
-80
-84
-99
-86
-53
-20
-2
-5
-24
-59
-107
-172
-233
-287
-319
-331
-337
-344
-368
-415
-458
-431
-338
-235
-141
-43
28
28
-13
-69
-116
-143
-121
-70
-47
-62
-109
-180
-275
-355
-418
-467
-490
-475
-425
-384
-354
-336
-321
-302
-264
-212
-165
-113
-63
-15
26
66
88
82
61
35
3
-45
-78
-98
-112
-110
-83
-44
-19
2
18
38
78
146
212
259
302
337
347
332
320
324
329
334
349
375
401
414
411
412
407
375
339
329
328
321
318
323
333
331
330
325
310
288
266
255
241
228
218
211
207
192
163
130
93
44
12
8
15
19
21
32
42
40
25
5
-17
-34
-30
-7
26
40
43
35
20
14
30
59
74
78
84
66
15
-39
-83
-116
-131
-145
-173
-218
-278
-355
-450
-519
-528
-500
-459
-425
-415
-441
-494
-536
-553
-517
-429
-336
-260
-188
-142
-162
-201
-221
-213
-202
-194
-183
-202
-245
-294
-329
-344
-344
-327
-301
-272
-243
-212
-186
-163
-138
-100
-51
-8
43
93
105
87
71
69
81
97
111
112
110
106
90
61
44
34
34
53
100
146
155
143
138
139
145
158
171
176
178
177
169
157
164
175
178
200
241
270
268
254
237
223
222
247
276
299
321
328
327
323
320
317
322
342
349
336
320
305
287
279
297
318
326
329
327
313
289
275
270
264
261
258
253
247
223
171
112
65
30
10
6
8
5
-16
-62
-117
-161
-194
-218
-227
-231
-235
-236
-245
-262
-282
-304
-328
-341
-340
-347
-361
-375
-390
-409
-419
-429
-448
-470
-487
-492
-490
-487
-487
-493
-491
-473
-435
-390
-339
-287
-248
-225
-195
-155
-122
-99
-79
-64
-61
-62
-55
-38
-16
2
12
20
25
7
-30
-66
-77
-62
-38
-13
16
36
36
27
18
11
9
17
35
57
77
91
96
94
93
95
87
74
71
65
54
50
57
61
69
84
101
115
128
132
144
182
222
246
268
300
320
323
332
348
362
379
412
447
469
481
482
468
457
460
464
468
470
465
453
433
409
378
353
329
294
249
204
164
125
94
76
60
40
17
-16
-53
-83
-104
-107
-99
-85
-81
-91
-103
-111
-113
-123
-138
-152
-178
-215
-255
-291
-336
-376
-395
-393
-381
-371
-365
-357
-350
-353
-361
-370
-380
-389
-380
-357
-339
-324
-322
-328
-328
-329
-344
-349
-335
-329
-332
-328
-322
-330
-328
-298
-250
-206
-181
-168
-160
-160
-156
-136
-100
-55
-14
9
-1
-30
-70
-113
-139
-144
-138
-123
-97
-79
-76
-71
-61
-60
-66
-50
-7
23
39
72
108
131
160
199
220
226
235
231
213
209
215
210
209
224
244
250
258
276
289
285
287
309
328
331
332
333
335
346
358
367
383
397
401
404
411
405
390
376
359
345
330
320
311
306
298
280
259
239
218
192
172
159
143
118
95
78
58
33
16
5
-7
-19
-32
-42
-49
-60
-71
-78
-87
-97
-103
-110
-128
-136
-140
-149
-157
-163
-179
-197
-203
-210
-223
-236
-245
-252
-259
-258
-249
-241
-231
-231
-269
-317
-357
-403
-432
-415
-383
-361
-323
-291
-300
-324
-345
-379
-405
-379
-335
-315
-292
-264
-262
-271
-277
-287
-286
-268
-261
-262
-249
-234
-221
-195
-171
-162
-158
-150
-155
-156
-134
-108
-91
-52
3
32
45
79
118
135
150
174
190
213
250
264
259
268
270
241
227
251
265
275
314
341
333
326
322
304
298
312
312
309
325
331
316
312
320
309
298
310
317
316
328
336
327
327
326
313
299
304
307
295
284
275
258
246
248
238
225
213
192
155
130
119
102
93
91
76
59
46
29
10
12
24
19
13
20
18
0
-11
-20
-34
-52
-70
-88
-101
-118
-148
-164
-173
-187
-208
-220
-232
-256
-287
-311
-343
-377
-389
-389
-386
-381
-381
-389
-386
-368
-355
-351
-345
-333
-328
-333
-344
-348
-338
-324
-322
-331
-329
-330
-332
-322
-303
-297
-302
-295
-277
-259
-232
-203
-173
-151
-140
-138
-141
-149
-158
-149
-126
-103
-87
-74
-78
-93
-99
-92
-81
-64
-34
1
32
55
73
90
105
117
128
141
161
181
197
209
221
230
234
239
240
240
247
259
270
277
289
299
306
313
318
322
325
337
356
373
381
382
383
375
366
366
375
386
396
397
386
366
344
319
296
284
272
253
238
225
206
184
168
153
141
130
111
81
48
27
8
-9
-16
-17
-26
-38
-51
-72
-97
-107
-113
-117
-117
-119
-126
-131
-136
-147
-158
-165
-174
-183
-184
-191
-207
-222
-232
-245
-259
-263
-263
-270
-280
-292
-299
-293
-273
-250
-230
-222
-223
-229
-235
-243
-245
-236
-228
-224
-216
-202
-191
-191
-194
-194
-188
-186
-182
-166
-142
-131
-130
-130
-136
-144
-149
-149
-147
-141
-138
-140
-140
-138
-129
-114
-95
-80
-61
-40
-23
-14
-7
11
37
62
86
103
105
100
90
81
86
98
113
131
151
153
153
163
176
190
215
244
264
279
287
288
298
316
330
344
364
374
367
358
355
348
338
334
330
324
319
306
281
258
242
220
199
182
158
123
94
74
58
48
46
37
27
23
19
6
-11
-24
-34
-34
-28
-27
-32
-43
-66
-92
-110
-118
-127
-129
-126
-130
-137
-145
-159
-174
-185
-195
-202
-202
-201
-197
-188
-172
-162
-157
-148
-135
-121
-107
-92
-79
-66
-56
-51
-52
-50
-55
-66
-86
-104
-117
-127
-136
-144
-152
-163
-174
-183
-191
-196
-192
-179
-161
-147
-142
-140
-141
-143
-143
-137
-130
-122
-116
-112
-112
-114
-117
-123
-131
-136
-137
-126
-105
-80
-57
-40
-31
-31
-28
-19
0
23
54
91
121
135
143
146
149
154
165
184
203
215
220
228
235
245
256
266
264
252
234
220
212
216
225
240
250
251
242
228
213
196
180
169
159
148
135
126
121
117
108
92
72
48
25
4
-13
-25
-31
-36
-42
-49
-60
-70
-83
-93
-101
-107
-110
-106
-98
-92
-90
-94
-105
-120
-127
-124
-116
-103
-91
-83
-83
-93
-101
-103
-100
-97
-93
-89
-88
-91
-98
-105
-106
-100
-89
-78
-68
-62
-61
-60
-60
-60
-60
-59
-58
-59
-69
-77
-84
-94
-100
-98
-91
-87
-84
-81
-83
-93
-104
-114
-116
-110
-98
-85
-76
-69
-67
-71
-73
-73
-68
-58
-44
-29
-19
-11
-8
-8
-2
7
25
46
67
84
100
112
121
131
141
151
157
163
168
171
173
176
181
192
209
227
235
234
228
220
212
205
208
218
227
233
232
225
213
202
196
192
192
189
180
162
140
120
102
91
89
84
73
59
43
24
4
-10
-19
-26
-33
-39
-51
-68
-85
-96
-104
-104
-97
-95
-96
-102
-116
-138
-159
-170
-173
-170
-164
-158
-156
-156
-164
-173
-180
-182
-187
-194
-197
-194
-187
-176
-167
-162
-163
-166
-172
-178
-178
-176
-174
-173
-170
-167
-163
-160
-158
-155
-151
-149
-151
-146
-138
-129
-126
-122
-118
-115
-112
-107
-99
-92
-81
-72
-61
-53
-46
-38
-34
-26
-17
-10
-5
-2
6
14
22
34
50
68
83
91
96
100
105
112
125
143
157
168
176
179
181
184
187
189
191
192
193
197
202
210
220
230
236
237
238
238
235
229
226
225
225
224
226
230
228
219
206
194
186
183
185
189
193
189
176
158
142
129
121
113
107
100
93
82
67
54
44
33
14
-6
-17
-26
-34
-41
-49
-59
-72
-84
-98
-112
-120
-126
-134
-141
-153
-166
-182
-194
-206
-218
-221
-221
-223
-223
-225
-230
-236
-241
-242
-243
-246
-250
-255
-257
-253
-247
-240
-225
-211
-203
-204
-211
-219
-229
-236
-235
-223
-203
-178
-160
-146
-136
-134
-136
-140
-135
-126
-114
-105
-96
-85
-77
-73
-72
-71
-68
-65
-61
-50
-37
-19
-6
7
20
29
35
40
45
48
54
66
83
102
120
134
145
151
155
159
162
166
172
178
185
192
201
207
214
220
223
231
241
248
254
260
265
270
276
281
285
286
284
278
267
258
252
251
252
251
246
237
225
211
198
186
177
171
169
165
158
153
142
124
106
86
67
50
35
21
7
-5
-15
-22
-29
-38
-51
-64
-75
-86
-95
-108
-121
-134
-149
-159
-167
-173
-184
-193
-202
-212
-219
-223
-226
-226
-227
-232
-235
-241
-242
-238
-232
-224
-221
-221
-229
-241
-253
-263
-263
-252
-239
-224
-211
-203
-202
-203
-207
-209
-205
-197
-185
-171
-162
-159
-159
-161
-163
-163
-164
-158
-150
-143
-133
-121
-109
-98
-91
-85
-78
-72
-68
-64
-59
-51
-41
-26
-7
12
25
36
44
49
57
71
90
110
129
143
155
163
172
180
190
200
209
216
223
231
238
245
253
264
276
285
293
301
304
304
304
301
298
296
292
285
276
266
257
253
253
256
256
254
248
236
218
202
190
179
170
164
157
147
135
122
109
96
84
72
59
46
33
19
8
-4
-14
-25
-37
-48
-59
-69
-77
-89
-100
-114
-129
-139
-145
-147
-149
-150
-152
-158
-162
-169
-178
-185
-190
-192
-194
-193
-192
-195
-202
-210
-218
-225
-229
-231
-234
-235
-233
-234
-236
-238
-234
-231
-224
-216
-208
-203
-202
-204
-204
-202
-194
-184
-175
-169
-165
-163
-162
-159
-151
-142
-132
-121
-113
-106
-101
-92
-82
-69
-54
-34
-16
0
11
18
24
28
40
52
66
83
97
111
121
130
137
144
151
159
167
176
183
191
195
202
208
213
217
217
216
216
217
220
223
229
234
237
238
234
230
227
224
221
220
220
217
213
207
199
193
188
185
182
176
165
151
135
120
112
107
103
96
90
83
76
69
60
50
43
32
23
15
6
-2
-12
-20
-31
-39
-48
-58
-69
-82
-95
-109
-123
-132
-140
-144
-152
-162
-173
-182
-192
-198
-201
-199
-198
-201
-206
-214
-223
-232
-238
-241
-240
-240
-240
-241
-242
-242
-244
-244
-242
-235
-227
-219
-214
-213
-213
-214
-211
-202
-191
-178
-168
-160
-152
-146
-138
-127
-114
-102
-90
-79
-69
-59
-49
-43
-34
-25
-11
5
21
34
44
52
57
63
71
81
93
102
109
114
118
122
125
127
131
138
144
151
155
159
164
168
171
174
178
180
182
185
187
191
193
195
199
203
206
206
207
206
204
201
200
201
201
200
196
190
182
173
167
166
166
165
162
158
153
147
141
135
126
120
115
111
110
106
99
89
79
69
60
52
43
35
24
12
-2
-16
-31
-46
-58
-70
-84
-94
-107
-120
-131
-140
-150
-158
-164
-168
-172
-176
-182
-189
-194
-201
-203
-202
-207
-211
-211
-210
-210
-209
-211
-213
-216
-215
-212
-208
-203
-199
-194
-189
-186
-182
-180
-177
-168
-159
-146
-132
-121
-113
-107
-101
-94
-86
-78
-68
-57
-49
-43
-38
-32
-24
-17
-9
-2
4
8
12
15
18
20
26
33
40
47
54
56
56
60
65
73
81
88
93
101
107
111
115
120
124
129
135
142
148
154
156
158
160
167
173
177
179
180
179
175
173
170
171
171
170
169
166
163
160
155
149
146
146
146
145
140
134
128
124
115
104
94
86
76
66
54
41
29
18
11
1
-6
-14
-25
-35
-44
-49
-55
-62
-70
-76
-81
-88
-97
-104
-109
-115
-122
-130
-134
-138
-139
-140
-142
-146
-153
-159
-165
-168
-169
-164
-158
-153
-148
-147
-147
-149
-150
-150
-146
-142
-139
-136
-131
-128
-127
-126
-125
-122
-122
-118
-116
-115
-113
-112
-107
-101
-95
-84
-76
-70
-68
-67
-64
-64
-60
-53
-45
-38
-32
-24
-18
-15
-9
-2
4
14
24
33
38
45
51
60
69
78
86
94
101
104
109
116
122
126
130
136
143
148
152
155
159
162
166
169
174
179
181
182
184
181
178
176
172
169
166
162
159
153
144
136
127
120
112
106
102
97
91
84
75
66
57
48
39
34
27
20
13
2
-8
-17
-27
-32
-37
-42
-46
-51
-56
-62
-67
-71
-77
-79
-79
-81
-85
-87
-88
-91
-94
-95
-95
-94
-95
-98
-100
-101
-104
-106
-107
-108
-106
-106
-103
-99
-96
-95
-96
-98
-99
-100
-102
-102
-102
-101
-101
-101
-100
-100
-101
-102
-101
-98
-95
-93
-91
-89
-90
-88
-85
-82
-75
-71
-65
-62
-57
-53
-49
-42
-38
-32
-26
-20
-14
-9
-6
1
7
15
22
28
35
44
52
59
64
71
78
88
97
105
109
111
113
115
119
125
127
127
128
131
136
140
142
141
140
138
136
135
135
135
131
128
127
129
131
131
127
121
115
108
103
99
95
90
86
82
80
74
65
55
46
37
32
25
20
17
13
7
-1
-11
-19
-21
-24
-26
-26
-30
-36
-45
-53
-62
-71
-78
-81
-82
-83
-86
-91
-98
-105
-111
-119
-123
-127
-130
-133
-132
-132
-131
-133
-134
-135
-134
-133
-133
-132
-133
-133
-134
-133
-132
-130
-130
-130
-127
-125
-123
-121
-114
-108
-102
-93
-89
-84
-80
-75
-69
-61
-54
-45
-39
-33
-26
-21
-19
-19
-17
-11
-3
5
14
20
26
28
32
37
46
56
64
73
78
86
89
93
97
100
103
107
111
115
120
124
124
122
118
118
120
125
130
134
137
137
135
135
137
138
139
140
140
141
142
141
137
133
128
125
122
117
113
110
103
97
93
94
92
87
80
74
70
65
62
57
54
48
43
40
34
26
20
11
2
-6
-11
-16
-22
-27
-34
-44
-54
-64
-72
-77
-83
-87
-90
-96
-103
-110
-117
-123
-127
-132
-136
-139
-142
-145
-149
-153
-159
-162
-163
-162
-162
-161
-163
-164
-165
-164
-162
-161
-160
-158
-155
-154
-151
-148
-144
-141
-137
-133
-129
-124
-116
-110
-106
-104
-99
-93
-87
-78
-69
-60
-57
-52
-46
-39
-31
-23
-15
-7
1
8
14
19
28
34
43
49
57
65
73
79
86
90
93
98
104
112
120
125
129
131
133
134
137
141
147
151
155
159
162
163
161
162
164
167
169
169
170
171
169
165
162
158
156
154
151
148
147
145
138
131
126
120
115
112
110
105
99
93
85
78
70
65
58
52
46
38
27
19
10
2
-6
-14
-23
-30
-38
-43
-48
-54
-63
-71
-78
-84
-90
-95
-103
-112
-120
-129
-136
-139
-142
-147
-151
-153
-155
-158
-160
-163
-166
-170
-171
-174
-174
-174
-174
-175
-175
-173
-168
-166
-163
-159
-157
-157
-156
-152
-146
-140
-134
-129
-122
-118
-115
-111
-103
-95
-87
-79
-73
-69
-65
-63
-58
-52
-46
-38
-31
-23
-15
-7
0
5
12
17
24
33
41
48
52
57
62
66
73
80
87
95
103
108
114
119
124
128
130
135
142
145
148
153
157
160
161
164
169
174
176
178
180
181
181
178
175
174
173
169
164
161
159
154
149
144
142
138
133
128
124
123
119
111
103
96
88
80
73
68
61
51
43
33
26
19
10
3
-3
-10
-17
-24
-29
-37
-45
-55
-65
-72
-78
-86
-92
-98
-103
-108
-115
-122
-126
-127
-129
-132
-136
-137
-142
-146
-150
-156
-161
-166
-167
-167
-166
-162
-159
-160
-161
-162
-159
-158
-158
-158
-157
-156
-155
-154
-152
-150
-150
-149
-146
-138
-130
-125
-119
-114
-110
-103
-100
-94
-86
-80
-74
-68
-63
-55
-49
-43
-38
-30
-21
-14
-8
2
11
16
23
30
40
49
54
59
64
69
74
81
87
93
100
103
109
118
128
134
138
139
143
145
149
154
156
158
160
160
161
161
163
164
163
162
159
158
158
155
152
150
146
142
137
134
133
131
128
125
122
118
112
106
99
93
87
81
76
72
68
59
50
43
37
33
26
19
11
4
-3
-9
-12
-18
-25
-31
-38
-43
-47
-54
-59
-66
-72
-78
-85
-88
-89
-92
-97
-102
-108
-111
-115
-117
-120
-123
-128
-132
-133
-134
-133
-134
-137
-140
-142
-140
-138
-137
-136
-136
-134
-132
-131
-128
-127
-124
-122
-118
-114
-109
-107
-105
-103
-100
-95
-91
-86
-80
-74
-68
-62
-56
-49
-44
-40
-35
-30
-26
-22
-16
-8
1
7
12
19
22
26
30
32
37
41
46
54
60
65
71
74
78
80
82
85
86
87
90
93
95
97
99
102
105
108
109
110
109
108
109
108
108
108
108
109
109
109
112
111
110
107
103
98
93
89
87
86
84
83
81
76
72
67
62
57
51
46
42
39
35
32
26
21
17
12
7
3
-2
-7
-11
-18
-25
-30
-35
-41
-45
-49
-53
-55
-59
-62
-65
-69
-68
-72
-76
-78
-79
-81
-82
-84
-87
-90
-92
-91
-92
-90
-89
-88
-88
-87
-84
-83
-82
-81
-80
-76
-72
-69
-67
-64
-61
-59
-56
-53
-50
-49
-46
-42
-40
-35
-33
-30
-25
-23
-18
-15
-12
-9
-7
-3
-1
1
4
6
10
12
16
17
19
21
23
25
27
28
29
30
33
35
37
41
43
46
48
50
52
54
54
54
57
57
60
61
64
65
65
64
64
65
66
65
66
65
66
67
67
66
65
65
64
62
61
60
59
54
50
47
44
41
38
34
31
27
22
16
13
9
7
3
-1
-4
-7
-10
-15
-19
-22
-24
-28
-35
-39
-41
-46
-50
-53
-55
-57
-60
-62
-63
-64
-67
-68
-68
-70
-69
-70
-70
-70
-69
-67
-67
-67
-65
-64
-62
-62
-60
-60
-59
-58
-57
-53
-50
-46
-44
-40
-39
-39
-39
-39
-38
-36
-34
-33
-30
-26
-22
-20
-18
-16
-13
-14
-14
-15
-15
-14
-12
-9
-9
-7
-6
-6
-5
-4
-6
-3
-3
-3
-2
0
5
7
10
13
18
20
21
23
25
28
31
32
35
38
40
42
43
46
49
51
53
54
56
59
62
63
64
67
68
70
72
74
76
77
75
73
71
73
73
72
71
71
69
67
64
61
56
52
48
44
39
35
32
28
24
20
18
12
7
2
-2
-4
-6
-8
-11
-14
-17
-20
-24
-25
-27
-29
-31
-34
-37
-38
-41
-43
-44
-44
-43
-44
-45
-44
-45
-47
-48
-49
-48
-47
-47
-45
-45
-45
-43
-41
-40
-38
-37
-37
-37
-36
-33
-32
-31
-30
-30
-28
-27
-28
-27
-25
-26
-25
-23
-22
-21
-19
-20
-19
-18
-17
-14
-11
-10
-8
-5
-3
-1
2
4
6
8
10
12
14
16
19
21
24
26
28
29
30
32
34
37
37
40
42
44
43
46
47
49
50
51
52
54
54
54
54
55
54
56
56
55
54
53
49
48
49
47
45
43
44
42
39
34
30
29
27
24
22
20
16
15
14
11
6
2
1
-2
-6
-9
-11
-14
-14
-17
-20
-20
-21
-24
-27
-30
-32
-37
-41
-41
-40
-42
-43
-45
-45
-45
-47
-50
-50
-50
-52
-55
-56
-56
-57
-57
-58
-58
-58
-58
-58
-58
-60
-61
-63
-65
-63
-61
-61
-59
-59
-60
-60
-61
-63
-60
-56
-54
-52
-50
-47
-43
-41
-38
-36
-34
-30
-27
-26
-23
-21
-22
-20
-18
-19
-15
-11
-9
-7
-3
-2
-1
1
5
10
12
17
20
23
25
27
28
30
33
35
36
40
41
42
46
45
46
47
46
49
51
52
55
55
54
55
56
57
59
58
60
60
59
59
60
59
56
53
51
50
49
48
47
46
44
43
40
39
37
36
34
33
34
32
31
28
25
23
19
16
13
11
7
5
0
-4
-5
-9
-10
-14
-16
-16
-18
-19
-21
-22
-23
-24
-25
-25
-26
-30
-31
-34
-35
-36
-36
-37
-40
-42
-45
-45
-45
-44
-46
-46
-46
-45
-43
-41
-41
-41
-40
-39
-37
-34
-32
-29
-30
-29
-29
-30
-30
-29
-26
-24
-23
-20
-19
-17
-15
-15
-12
-9
-7
-4
-2
1
6
7
11
14
17
19
20
22
24
25
26
26
26
29
33
35
37
36
37
40
43
46
49
50
51
52
52
51
52
54
52
53
53
53
51
50
51
51
52
51
50
49
48
48
46
44
44
42
40
40
40
40
38
35
31
31
29
28
25
24
21
18
12
12
10
7
2
-1
-3
-4
-6
-10
-13
-15
-17
-22
-25
-27
-30
-33
-36
-39
-40
-41
-45
-48
-50
-52
-52
-54
-55
-57
-57
-57
-60
-62
-64
-65
-68
-67
-69
-67
-67
-70
-71
-71
-69
-70
-69
-70
-70
-70
-71
-70
-68
-66
-64
-63
-63
-61
-59
-58
-55
-53
-50
-47
-45
-41
-39
-38
-35
-33
-30
-27
-24
-22
-20
-16
-12
-9
-7
-3
0
3
7
10
12
16
19
22
25
29
33
36
38
43
46
47
49
51
55
56
60
59
60
62
65
67
68
69
71
71
71
71
73
75
74
76
75
73
73
73
74
72
70
68
66
64
62
61
60
57
53
51
50
48
46
45
40
37
34
32
30
28
25
22
18
14
12
8
4
-1
-4
-7
-10
-13
-15
-19
-22
-25
-28
-31
-34
-37
-38
-40
-43
-47
-50
-55
-58
-58
-57
-59
-61
-62
-65
-67
-68
-66
-66
-68
-69
-70
-70
-70
-69
-69
-68
-69
-70
-70
-69
-68
-68
-67
-68
-67
-66
-66
-65
-64
-62
-60
-59
-59
-54
-53
-51
-49
-47
-42
-37
-34
-30
-27
-24
-20
-16
-13
-11
-8
-4
1
4
8
11
13
15
18
22
27
32
36
38
42
46
51
53
55
57
60
64
66
67
70
71
71
73
76
80
81
82
82
84
88
89
91
92
92
92
93
93
94
93
93
94
92
90
90
89
89
86
84
83
82
79
73
70
70
67
62
58
55
52
49
45
41
38
34
30
26
23
20
14
10
4
0
-3
-9
-14
-18
-21
-25
-30
-35
-37
-41
-44
-47
-50
-52
-57
-61
-63
-64
-68
-71
-73
-75
-77
-79
-80
-81
-82
-84
-85
-85
-87
-87
-87
-87
-85
-83
-83
-83
-83
-83
-82
-80
-80
-77
-77
-77
-74
-73
-71
-68
-65
-63
-61
-58
-56
-52
-51
-50
-47
-45
-42
-39
-36
-32
-30
-27
-24
-21
-17
-15
-11
-9
-5
0
2
7
11
13
16
19
21
25
29
30
33
36
37
39
41
43
46
49
51
54
58
58
59
59
61
64
64
66
66
67
66
67
66
66
66
66
64
63
62
61
60
59
59
60
57
57
54
52
50
48
48
46
46
45
41
37
34
29
27
26
24
23
21
17
13
7
2
0
-3
-3
-5
-8
-11
-16
-21
-24
-26
-28
-30
-32
-34
-36
-40
-44
-48
-50
-52
-51
-53
-56
-57
-61
-61
-62
-62
-62
-62
-64
-64
-64
-64
-64
-64
-64
-64
-63
-63
-63
-62
-61
-60
-60
-58
-57
-57
-57
-57
-54
-52
-49
-46
-44
-43
-39
-36
-35
-31
-28
-24
-20
-16
-14
-12
-11
-10
-5
-1
4
7
10
13
15
15
16
19
23
29
33
36
37
38
39
41
43
48
51
54
56
54
55
55
58
59
61
62
62
63
63
62
62
60
61
62
65
65
64
64
62
60
59
58
58
56
55
54
53
51
49
47
47
47
45
43
39
37
33
30
28
27
25
23
20
17
15
14
13
10
7
4
1
-3
-4
-5
-7
-10
-11
-11
-14
-16
-20
-23
-25
-26
-26
-28
-27
-28
-30
-33
-36
-36
-35
-35
-37
-37
-38
-40
-40
-42
-42
-42
-40
-40
-40
-39
-38
-37
-37
-36
-36
-37
-38
-38
-37
-35
-34
-35
-33
-31
-30
-28
-27
-27
-27
-25
-23
-21
-20
-18
-17
-17
-19
-17
-16
-15
-12
-9
-7
-5
-6
-6
-5
-2
0
2
5
5
7
7
8
8
8
10
10
8
8
11
13
15
16
17
18
20
22
21
20
19
22
22
23
24
25
24
24
22
19
19
17
18
18
19
16
14
13
13
13
11
10
10
10
9
7
6
6
4
2
0
0
1
-1
-4
-7
-7
-10
-13
-14
-13
-13
-14
-15
-16
-16
-14
-17
-17
-17
-16
-18
-19
-17
-15
-14
-14
-11
-8
-7
-7
-7
-8
-7
-7
-8
-5
-4
-1
-2
-1
1
2
3
5
6
7
8
8
9
9
8
8
8
7
6
4
2
-1
-2
-1
-2
-1
-1
-2
-4
-5
-6
-7
-9
-10
-9
-11
-14
-14
-11
-12
-12
-11
-12
-12
-12
-13
-13
-13
-12
-11
-10
-9
-8
-8
-8
-6
-3
-1
0
2
3
6
7
10
15
18
22
21
23
23
26
28
30
31
33
35
37
40
39
41
42
42
44
46
46
47
49
49
50
49
47
44
45
45
43
40
37
34
34
32
32
30
28
24
21
17
14
10
6
2
0
-3
-5
-5
-6
-9
-14
-17
-20
-22
-24
-27
-31
-33
-35
-35
-38
-40
-41
-42
-42
-44
-44
-45
-45
-46
-47
-47
-45
-44
-42
-40
-39
-39
-40
-38
-38
-37
-36
-36
-35
-31
-32
-31
-29
-29
-29
-28
-26
-24
-23
-21
-20
-20
-19
-20
-18
-16
-13
-13
-12
-11
-11
-11
-10
-12
-11
-11
-11
-10
-8
-7
-7
-6
-6
-4
-3
-1
0
0
2
3
3
4
5
6
7
7
10
12
13
15
17
17
16
18
19
22
23
26
27
28
30
31
33
34
35
37
38
41
41
41
42
42
44
46
47
48
47
48
47
46
45
42
43
43
43
42
42
39
39
37
35
32
31
31
29
24
22
20
16
13
10
8
6
3
-1
-4
-7
-10
-13
-16
-18
-21
-23
-26
-29
-31
-32
-34
-37
-40
-42
-44
-46
-48
-48
-50
-51
-52
-52
-53
-53
-54
-54
-54
-53
-52
-50
-49
-50
-50
-48
-47
-45
-41
-40
-39
-37
-37
-36
-34
-31
-27
-24
-23
-20
-19
-16
-14
-12
-9
-7
-5
-3
-1
1
3
4
6
7
9
12
14
15
17
17
18
20
23
25
26
27
29
28
29
30
32
33
35
35
38
38
38
39
40
40
41
41
41
41
41
41
40
41
41
41
42
41
41
40
36
35
34
34
34
33
32
30
29
28
27
26
26
22
21
19
17
17
15
15
15
13
12
9
8
7
6
5
4
3
1
0
-3
-4
-4
-7
-8
-11
-11
-14
-16
-18
-20
-22
-22
-24
-26
-29
-31
-32
-33
-37
-38
-39
-41
-43
-43
-45
-49
-50
-50
-49
-50
-50
-52
-52
-54
-54
-55
-56
-55
-53
-51
-49
-49
-49
-49
-48
-48
-47
-45
-42
-41
-38
-37
-36
-33
-30
-28
-26
-24
-22
-19
-16
-14
-12
-9
-8
-7
-4
0
3
8
10
13
15
16
18
20
23
25
28
29
30
33
35
35
36
39
42
45
46
49
49
49
49
51
52
51
54
55
55
54
52
50
50
50
50
51
50
51
49
47
46
44
43
42
40
39
39
37
35
33
29
28
26
26
23
22
18
15
11
9
6
3
3
0
-1
-3
-4
-6
-8
-11
-13
-15
-17
-18
-18
-20
-22
-24
-25
-25
-25
-25
-26
-28
-31
-32
-34
-35
-35
-35
-35
-34
-35
-34
-32
-33
-33
-33
-33
-31
-32
-32
-31
-31
-31
-31
-31
-30
-30
-32
-32
-33
-32
-30
-29
-26
-24
-22
-21
-20
-19
-19
-19
-21
-20
-19
-17
-16
-14
-11
-8
-7
-6
-7
-7
-5
-3
-2
-3
-2
0
3
2
5
5
7
8
8
9
9
10
12
13
16
20
22
22
22
24
26
27
26
26
28
28
30
31
33
35
36
37
38
37
39
38
39
40
42
44
42
42
41
40
39
41
39
38
37
35
36
37
36
34
32
30
27
25
22
18
15
13
13
11
11
9
8
6
5
5
3
-1
-3
-8
-9
-11
-12
-13
-15
-16
-19
-22
-24
-26
-27
-29
-29
-28
-28
-29
-30
-32
-33
-34
-34
-33
-35
-36
-37
-37
-36
-38
-37
-38
-38
-39
-39
-40
-37
-38
-36
-32
-30
-29
-29
-30
-30
-30
-31
-31
-29
-30
-31
-30
-29
-27
-25
-24
-22
-18
-15
-14
-13
-14
-13
-14
-15
-14
-13
-12
-9
-8
-4
-3
-2
-1
1
0
2
4
5
7
7
7
9
11
13
15
15
16
17
18
19
19
20
20
20
21
22
24
25
25
23
23
23
23
23
25
26
27
26
26
25
24
24
25
23
23
23
20
21
22
21
21
21
20
20
19
17
16
15
14
15
14
14
14
14
14
13
11
9
8
6
6
7
9
9
7
4
3
1
0
-1
-1
1
1
0
-2
-4
-5
-6
-7
-8
-9
-9
-11
-11
-11
-12
-13
-13
-14
-16
-15
-17
-18
-18
-19
-19
-20
-21
-21
-21
-22
-21
-22
-22
-23
-23
-24
-23
-23
-21
-21
-20
-21
-19
-18
-18
-18
-17
-14
-13
-11
-9
-8
-8
-8
-7
-7
-6
-4
-3
-1
2
3
4
4
5
5
6
8
10
12
14
14
15
17
16
17
18
18
21
21
22
21
20
21
22
22
22
23
24
24
23
23
23
23
22
21
22
23
23
22
22
21
21
20
21
19
19
18
15
12
12
13
13
13
13
14
12
12
11
8
7
8
8
8
8
8
6
5
4
1
-1
-3
-4
-6
-7
-7
-7
-8
-9
-7
-6
-5
-7
-7
-9
-10
-10
-10
-10
-11
-12
-12
-13
-14
-17
-18
-19
-20
-21
-21
-19
-18
-18
-17
-16
-17
-17
-17
-16
-15
-15
-14
-14
-14
-14
-15
-15
-16
-16
-15
-16
-19
-19
-18
-18
-17
-16
-14
-13
-14
-12
-12
-12
-11
-12
-12
-10
-9
-9
-10
-9
-7
-8
-8
-8
-8
-8
-9
-9
-9
-8
-9
-10
-9
-6
-5
-5
-3
-1
-1
-1
1
2
4
4
4
4
5
6
7
7
6
6
6
6
7
8
9
8
6
7
9
10
12
13
15
17
16
16
13
14
15
14
13
14
13
12
12
11
10
10
8
8
8
9
8
6
7
6
5
6
7
8
8
8
7
6
3
2
0
-1
-1
-1
0
0
-1
-2
-4
-6
-6
-5
-5
-4
-4
-4
-4
-5
-5
-6
-6
-5
-5
-3
-4
-5
-5
-7
-6
-6
-5
-5
-4
-3
-5
-5
-5
-5
-4
-2
-3
-1
-1
-1
0
1
2
1
2
2
3
5
5
5
5
3
5
6
5
5
6
7
7
8
9
8
9
10
10
11
12
11
12
12
11
13
13
11
12
11
11
10
11
9
9
7
6
5
6
6
8
9
7
5
6
7
7
7
6
5
3
2
2
2
1
0
-3
-4
-5
-6
-6
-6
-5
-5
-4
-4
-5
-5
-6
-5
-3
-3
-4
-3
-4
-6
-5
-4
-6
-8
-9
-9
-8
-9
-9
-9
-9
-9
-6
-5
-5
-5
-3
-3
-2
-2
-1
-1
-3
-5
-5
-4
-4
-4
-4
-5
-6
-7
-8
-7
-9
-8
-7
-8
-8
-7
-6
-4
-5
-4
-4
-5
-5
-6
-6
-6
-7
-6
-6
-8
-8
-8
-7
-7
-8
-7
-6
-6
-4
-2
0
1
1
1
1
2
3
4
3
4
5
7
8
8
9
10
10
9
9
10
11
12
12
12
12
13
13
14
15
16
17
17
16
16
16
15
14
12
13
11
10
10
9
10
8
7
6
3
4
5
4
4
4
5
5
3
4
4
2
0
0
-1
0
-1
-2
-3
-5
-6
-6
-9
-10
-11
-11
-12
-14
-13
-12
-12
-11
-11
-13
-15
-15
-16
-15
-13
-13
-14
-15
-16
-16
-16
-16
-15
-14
-13
-14
-13
-15
-15
-14
-15
-14
-13
-13
-12
-10
-10
-8
-7
-8
-7
-9
-8
-7
-6
-5
-5
-5
-4
-3
-3
-6
-4
-5
-3
-1
-2
-2
-2
-2
-2
-2
0
2
2
2
2
2
3
4
3
3
3
3
2
1
2
3
5
5
5
6
8
7
6
6
6
7
8
8
9
9
9
11
11
11
14
15
15
15
15
16
16
17
16
18
17
16
15
16
18
20
19
16
14
14
14
14
15
16
16
12
11
12
11
11
12
12
13
12
12
11
10
8
8
9
6
5
4
1
0
-2
-3
-3
-4
-5
-8
-10
-12
-12
-13
-13
-15
-15
-15
-15
-15
-15
-16
-17
-19
-21
-21
-21
-20
-21
-22
-22
-23
-24
-25
-25
-25
-25
-25
-25
-25
-24
-22
-22
-22
-22
-20
-20
-19
-17
-15
-14
-13
-12
-10
-11
-9
-7
-7
-6
-4
-4
-3
-3
-1
-1
2
3
4
5
6
7
7
9
11
13
15
15
16
16
16
17
19
20
20
20
18
19
19
17
19
19
20
24
23
23
21
20
20
19
19
20
21
21
21
22
20
19
18
18
17
17
17
17
17
17
16
16
16
15
14
14
14
12
13
14
13
11
9
9
9
10
9
11
11
12
11
11
9
8
7
5
5
4
2
2
1
2
0
1
-1
-3
-2
-4
-5
-7
-7
-9
-10
-12
-14
-16
-16
-18
-19
-20
-20
-21
-21
-22
-24
-27
-28
-28
-29
-30
-31
-33
-33
-35
-35
-38
-38
-37
-38
-38
-37
-37
-36
-34
-32
-32
-31
-31
-29
-28
-26
-25
-21
-20
-18
-17
-15
-13
-11
-11
-11
-10
-8
-6
-4
-1
1
1
3
6
7
9
10
11
13
14
15
16
18
18
16
17
17
17
17
16
16
15
14
13
12
12
11
10
9
8
9
9
11
10
9
9
7
8
9
9
9
8
8
8
7
9
9
9
10
9
10
9
9
9
10
8
9
9
10
11
12
12
12
11
11
12
11
10
9
10
10
10
10
10
8
7
8
7
7
8
7
6
5
4
2
3
3
2
1
-1
-2
-3
-2
-3
-4
-5
-6
-6
-6
-6
-7
-8
-7
-9
-7
-9
-9
-9
-10
-9
-9
-9
-7
-8
-7
-7
-8
-8
-7
-7
-6
-6
-5
-5
-5
-6
-4
-3
-4
-4
-3
-2
-2
-1
-1
-1
-1
1
1
1
1
2
1
1
0
1
1
2
2
3
2
1
1
2
4
5
5
6
6
7
7
7
8
8
8
8
8
7
6
6
5
6
5
6
4
3
3
2
3
2
3
3
3
4
4
2
2
2
3
4
3
2
2
1
1
0
0
0
0
0
-1
-1
-2
-3
-2
-3
-2
-3
-4
-3
-3
-3
-3
-1
-1
0
0
0
-1
-1
-2
-2
-2
-2
-3
-3
-3
-3
-4
-4
-4
-3
-2
-3
-4
-3
-3
-3
-3
-4
-4
-3
-5
-5
-4
-4
-4
-5
-7
-6
-6
-6
-6
-6
-6
-6
-7
-7
-9
-9
-9
-9
-9
-9
-8
-8
-9
-10
-9
-8
-9
-9
-7
-6
-5
-4
-5
-5
-3
-3
-3
-2
-2
-1
-2
-3
-4
-2
-2
-1
0
1
2
4
5
5
6
7
9
9
8
10
10
10
9
10
10
10
9
10
11
12
13
12
11
12
13
14
14
14
15
15
15
14
15
13
12
10
10
10
10
11
9
10
11
11
11
11
11
10
13
14
13
11
10
8
7
6
6
6
5
4
3
2
1
0
0
-1
-2
-1
-2
-3
-4
-3
-4
-5
-6
-8
-9
-9
-10
-11
-11
-11
-11
-11
-12
-12
-11
-12
-12
-12
-11
-11
-10
-10
-11
-12
-12
-12
-12
-14
-13
-13
-14
-13
-13
-14
-13
-13
-15
-15
-16
-16
-16
-15
-15
-14
-16
-16
-15
-15
-14
-13
-12
-11
-10
-8
-9
-8
-7
-5
-5
-4
-3
-2
-1
1
1
0
0
0
0
0
1
2
2
3
3
4
2
2
2
2
4
4
4
4
3
4
4
4
4
5
5
4
5
6
8
9
10
9
11
11
12
12
14
14
15
15
15
15
15
15
15
16
15
14
13
12
12
10
9
8
6
6
5
4
2
3
1
2
2
1
1
-1
-2
-3
-2
-2
-3
-4
-4
-3
-2
-2
-2
-3
-4
-4
-5
-4
-4
-5
-4
-4
-4
-5
-7
-7
-8
-8
-9
-9
-8
-8
-7
-7
-8
-7
-8
-8
-7
-7
-7
-7
-8
-7
-6
-5
-5
-4
-4
-3
-1
0
-1
0
1
1
2
3
3
3
4
4
3
3
4
4
4
3
5
5
4
4
5
5
5
5
5
5
5
4
5
5
5
5
4
3
2
2
3
2
3
1
2
3
2
2
2
3
4
4
5
4
4
4
4
5
5
5
7
7
7
6
6
6
5
6
7
7
7
7
8
8
8
8
9
9
10
10
11
11
11
11
12
10
10
11
11
10
10
8
8
9
7
8
7
7
6
6
6
6
6
6
5
4
4
3
3
2
3
2
0
-1
-2
-3
-3
-4
-5
-6
-8
-9
-10
-10
-10
-12
-11
-13
-14
-15
-16
-17
-17
-17
-16
-17
-16
-17
-17
-18
-18
-18
-18
-18
-17
-17
-17
-18
-17
-17
-18
-16
-16
-15
-15
-15
-15
-14
-14
-13
-13
-13
-11
-10
-10
-10
-9
-9
-7
-8
-7
-6
-5
-4
-4
-3
-2
-1
0
1
0
1
0
1
2
1
2
3
3
4
4
4
4
3
3
4
5
5
5
7
5
7
8
8
6
7
8
7
7
7
8
7
6
6
7
7
5
5
5
4
5
3
2
2
3
3
2
2
3
2
2
2
2
1
0
-1
1
0
1
0
0
1
0
-1
-1
-2
-1
0
-1
-1
-2
-1
0
0
0
0
1
1
1
2
2
1
2
2
2
2
2
2
1
0
1
1
0
0
0
0
1
2
2
2
3
3
2
1
2
0
1
-1
0
-1
-1
-1
0
0
1
1
-1
1
0
0
0
1
1
1
2
2
1
0
1
2
4
5
5
4
4
5
6
6
6
6
6
6
6
6
5
5
4
5
6
6
6
5
6
7
6
7
6
6
4
3
4
3
2
1
1
1
2
2
2
1
2
0
0
0
0
1
1
1
1
0
-1
-1
-2
-1
-1
-1
-2
-1
-1
-1
0
0
-2
-2
-1
-2
-1
-1
-2
-2
-3
-3
-4
-3
-3
-2
-3
-3
-3
-2
-3
-3
-3
-4
-3
-3
-2
-2
-2
-2
-2
-2
-1
-1
-1
-1
0
0
0
1
0
1
2
0
-1
-2
-2
-2
-3
-4
-4
-2
-2
-3
-4
-4
-4
-5
-5
-4
-4
-4
-4
-5
-6
-4
-6
-6
-7
-6
-5
-4
-4
-3
-1
-2
-2
-2
-1
-1
1
1
1
3
2
2
2
2
3
4
4
2
2
2
3
3
4
3
2
4
4
2
3
2
3
3
2
2
3
3
2
1
3
3
2
1
2
3
3
2
2
2
2
0
0
-1
-1
-1
-1
-1
0
-2
-2
-3
-4
-3
-2
-3
-2
-3
-3
-3
-5
-5
-5
-4
-3
-3
-3
-3
-4
-4
-4
-3
-4
-4
-3
-3
-3
-3
-3
-3
-4
-3
-2
-2
-3
-3
-3
-2
-3
-1
-2
-2
-2
-3
-4
-2
-4
-3
-3
-3
-2
-2
-1
-3
-2
-3
-2
-1
-3
-2
-2
-2
-2
-2
-3
-3
-3
-2
-2
-2
-1
-1
-1
-2
-1
0
0
0
0
1
1
0
2
1
2
2
2
2
3
3
4
5
5
6
6
6
6
7
8
8
7
8
9
9
10
10
10
9
10
11
11
11
12
11
11
11
11
12
11
12
11
11
11
11
9
11
10
10
9
8
9
7
7
5
6
5
4
4
2
2
1
0
0
-1
-1
-1
-3
-3
-3
-3
-3
-4
-5
-5
-6
-6
-7
-6
-7
-7
-7
-7
-7
-6
-7
-7
-7
-6
-7
-7
-8
-6
-6
-6
-6
-6
-6
-5
-5
-5
-5
-5
-5
-5
-4
-3
-1
-3
-3
-3
-1
-1
-2
-1
-3
-3
-1
-1
-1
-1
-1
0
0
0
1
1
1
1
-1
1
1
0
-1
0
0
0
-1
0
1
1
-1
0
0
1
0
0
-1
-2
-1
-2
-1
0
0
1
1
0
0
1
0
-1
-2
-1
-2
-2
-2
-1
-1
-1
-1
-1
-2
-2
-2
-1
-1
-1
-2
-1
0
0
0
1
2
1
1
1
1
2
2
3
3
3
3
3
3
3
4
3
3
3
4
4
5
4
5
7
5
5
5
5
5
5
5
4
4
3
4
3
4
3
2
3
2
1
0
0
-1
0
-1
-3
-2
-3
-3
-4
-4
-5
-5
-6
-7
-8
-8
-8
-9
-10
-11
-10
-10
-10
-10
-10
-10
-10
-10
-10
-9
-9
-10
-11
-9
-9
-9
-9
-10
-8
-7
-8
-8
-7
-8
-8
-7
-6
-7
-7
-6
-5
-4
-4
-4
-4
-3
-1
-1
-1
-1
-1
0
0
1
1
-1
0
0
0
1
1
2
2
2
3
4
3
4
5
5
6
6
7
7
7
6
6
7
7
7
7
7
8
9
8
8
9
10
9
8
10
10
9
9
10
10
9
9
9
9
10
10
9
10
8
8
8
8
8
7
7
7
6
6
6
6
4
5
4
5
5
4
4
4
3
2
2
2
1
1
1
0
1
0
0
-1
0
-1
-1
-1
-2
-1
-1
-1
-2
-2
-1
-3
-3
-2
-1
-2
-2
-3
-4
-4
-4
-3
-4
-4
-5
-5
-5
-5
-6
-5
-6
-5
-4
-4
-6
-6
-5
-5
-6
-5
-5
-5
-5
-5
-4
-5
-4
-5
-5
-5
-4
-5
-4
-4
-4
-3
-4
-3
-4
-3
-2
-3
-2
-2
-1
-2
-1
-1
-1
-1
0
-1
0
0
0
1
2
2
1
1
0
2
1
3
3
3
4
4
5
3
3
3
3
3
3
3
3
3
1
0
0
0
0
0
-1
0
0
0
-1
-1
1
0
-1
-2
-2
-1
-2
-3
-2
-2
-3
-3
-3
-3
-3
-4
-3
-2
-1
-1
-2
-3
-3
-2
-1
-2
-1
-1
1
0
-1
-1
1
0
0
-1
-1
-1
-1
0
0
1
0
0
0
1
0
0
0
0
1
1
1
1
2
0
-1
-1
-2
-1
-1
0
0
-1
-1
-2
-2
-1
-1
-1
0
-1
0
0
0
0
0
0
0
0
0
0
0
0
0
1
1
1
1
0
0
1
1
2
2
3
3
2
3
3
2
2
3
3
2
2
2
2
2
2
2
2
1
2
2
2
3
3
4
4
4
3
4
3
3
2
3
2
1
1
1
2
1
2
0
1
0
-1
0
1
1
2
1
1
1
1
1
2
1
0
-1
0
0
-1
-1
-1
-1
-1
-1
-1
-1
0
-1
-2
-1
-1
-2
-2
-2
-3
-3
-3
-3
-4
-3
-3
-2
-2
-2
-2
-2
-2
-2
-1
-1
0
-1
0
-1
-1
0
-1
-1
-1
-2
-2
-1
-2
-3
-2
-2
-2
-2
-1
-1
-1
-1
0
1
0
0
1
0
0
0
0
1
1
1
2
2
2
1
2
2
0
0
1
2
1
1
2
2
1
0
0
0
2
1
1
1
1
1
0
0
0
0
0
-1
0
0
0
-1
-1
-1
-1
-1
-1
-2
-1
-1
-1
-1
-1
-1
0
1
-1
0
0
0
-1
-2
-2
-1
-1
0
0
0
1
1
0
1
0
-2
-2
-1
0
0
0
0
1
0
-2
-1
-1
0
0
0
-1
0
-1
0
-1
-1
0
0
0
-2
-1
0
-1
-2
-1
-2
-1
-1
-1
0
-1
-1
-1
-2
-2
-2
-2
-1
-2
0
0
0
0
0
-1
-1
-1
-2
-2
-1
-1
0
-1
0
0
-1
-1
0
-1
-2
-3
-2
0
0
1
1
0
0
-1
0
-1
0
2
2
1
2
2
2
1
2
2
4
3
4
3
3
3
2
3
3
3
3
3
3
3
3
2
1
2
2
2
2
2
2
3
3
2
2
2
2
3
1
2
3
1
2
3
1
2
3
1
2
2
1
1
2
2
2
2
2
2
2
2
2
1
0
1
0
1
0
-1
-1
-2
-2
-2
-2
-3
-3
-2
-2
-3
-4
-3
-3
-3
-3
-2
-2
-3
-1
-2
-1
-1
-2
-3
-3
-1
-1
-2
-2
-2
-2
-2
-3
-3
-2
-2
-2
-2
-3
-3
-1
-2
-1
-2
-2
-2
-2
-2
-1
0
0
0
0
-1
-1
-1
0
0
0
-1
-1
-1
-2
-1
-3
-1
-2
-2
-1
-1
-2
-1
-1
-1
-1
0
0
0
1
2
1
2
3
2
1
2
2
2
2
1
1
1
1
0
0
0
0
0
0
0
0
1
1
1
1
2
2
2
3
3
2
2
2
2
3
2
2
1
1
1
0
1
1
1
0
0
0
-1
0
1
1
-1
0
-1
0
0
1
0
0
1
0
0
2
0
0
-1
0
0
0
0
0
-1
-1
-2
-1
-1
-2
-2
-2
-2
-2
-2
-2
-1
-2
-2
-2
-1
-2
-2
-1
-1
-1
-1
-1
-1
-2
-1
-1
-3
-3
-2
-1
-2
-2
-3
-2
-2
-2
-1
-1
-1
-1
0
0
1
1
1
1
0
1
0
0
0
1
1
0
0
0
1
1
0
