-1
-1
-1
1
0
0
1
1
2
2
1
1
0
-1
1
2
3
4
3
2
0
0
0
2
3
3
4
3
2
0
-1
0
1
2
4
4
2
0
-1
-2
-1
-1
0
1
3
3
1
0
-2
-3
-4
-3
-1
0
0
1
2
1
0
-2
-2
-3
-3
-1
0
1
1
1
1
0
-3
-2
-3
-4
-3
0
1
2
1
1
-1
-3
-4
-4
-2
-3
-1
0
0
1
-1
-5
-7
-3
-1
0
0
-1
-1
2
0
-3
-5
-6
-3
1
2
0
-2
-1
2
1
-3
-6
-6
-2
2
2
0
0
0
1
-1
-3
-5
-3
-1
2
3
1
0
1
1
0
-1
-1
-1
1
1
1
2
1
1
0
1
0
1
1
1
1
2
2
3
1
2
2
2
3
2
1
2
3
4
4
3
1
2
2
2
3
1
2
3
2
2
2
2
2
1
3
2
1
2
3
3
3
2
3
2
1
1
1
1
1
2
2
3
3
2
2
1
2
1
1
1
1
2
1
1
1
0
1
0
0
0
1
0
0
0
-1
-2
-1
0
0
0
-1
0
-2
-1
-2
-2
-2
-1
0
0
0
-2
-2
-3
-3
-2
-3
-2
-1
-1
-2
-2
-2
-2
-2
-3
-2
-2
-1
-1
0
1
0
-1
-2
-2
-1
0
0
1
1
1
1
0
-1
0
0
0
0
1
1
1
1
1
0
0
0
-1
0
0
1
1
1
1
1
0
0
0
0
1
1
1
2
1
2
2
2
2
3
3
4
3
3
2
3
4
3
3
4
3
3
3
3
3
2
2
2
2
1
2
1
0
0
0
0
0
0
-1
-3
-3
-3
-2
-3
-5
-6
-5
-5
-5
-6
-7
-8
-7
-7
-6
-7
-8
-8
-9
-9
-9
-10
-9
-8
-8
-8
-9
-10
-10
-11
-10
-10
-9
-7
-7
-8
-10
-9
-6
-7
-7
-6
-5
-5
-8
-7
-6
-6
-4
-6
-6
-5
-4
-5
-4
-5
-5
-5
-5
-4
-3
-4
-4
-2
-4
-4
-4
-4
-4
-4
-5
-3
-1
-2
-7
-8
-3
0
2
-1
-3
-2
3
4
-1
-5
-2
6
12
8
-1
-2
6
13
8
0
3
8
14
13
10
8
12
19
19
14
12
11
15
20
22
19
17
19
23
20
14
15
24
28
24
19
20
26
27
21
14
20
29
26
18
12
10
17
22
25
16
2
7
17
21
16
7
6
19
29
19
6
6
19
23
20
10
1
6
13
11
7
-1
-7
-7
-6
-6
-11
-17
-15
-8
-9
-15
-18
-20
-12
-8
-15
-18
-13
-13
-10
-5
-13
-17
-13
-17
-22
-21
-21
-21
-19
-23
-27
-29
-35
-39
-42
-37
-32
-34
-39
-36
-35
-36
-36
-37
-41
-38
-36
-33
-32
-35
-36
-33
-30
-29
-35
-39
-35
-33
-33
-36
-37
-38
-36
-33
-32
-34
-38
-40
-42
-39
-33
-32
-32
-31
-25
-25
-29
-28
-24
-11
4
15
21
21
25
27
33
46
60
73
79
84
85
88
91
96
100
106
110
107
103
99
92
96
96
96
92
83
81
73
67
61
60
62
63
63
53
47
41
34
32
36
48
49
43
35
24
22
15
12
17
31
41
20
8
8
4
-7
-15
-5
7
10
4
-17
-31
-21
-21
-47
-54
-25
-3
-8
-30
-43
-43
-44
-52
-60
-50
-33
-24
-29
-52
-63
-64
-70
-65
-69
-78
-68
-56
-59
-73
-89
-94
-93
-103
-116
-106
-86
-65
-67
-87
-107
-115
-111
-109
-104
-91
-70
-53
-65
-89
-108
-113
-108
-97
-80
-68
-69
-73
-74
-82
-96
-100
-83
-51
-26
-17
-23
-28
-24
-16
-8
-2
22
51
66
71
65
56
53
61
79
98
108
106
101
85
68
57
51
56
64
68
68
60
47
37
32
30
35
54
69
79
77
71
68
69
74
80
94
112
126
137
132
125
119
117
128
134
140
143
149
148
129
108
93
96
99
100
103
101
101
83
65
52
45
52
59
59
64
76
64
32
28
38
46
33
18
33
46
38
-6
-43
-30
1
2
-41
-64
-50
-48
-75
-121
-144
-121
-100
-105
-119
-127
-132
-137
-145
-148
-143
-148
-145
-120
-103
-108
-141
-173
-152
-128
-140
-149
-130
-114
-122
-149
-188
-217
-222
-208
-173
-142
-141
-161
-190
-203
-208
-219
-206
-147
-74
-41
-51
-70
-86
-89
-73
-32
31
81
118
125
102
80
67
68
86
118
158
177
168
137
107
76
52
55
72
96
101
85
66
43
10
-20
-19
-1
20
34
26
9
-14
-39
-52
-40
-15
9
32
37
27
10
-4
5
21
50
82
123
158
160
148
137
142
154
176
220
263
288
281
269
254
228
228
238
259
283
291
285
248
206
161
138
147
159
176
166
147
121
63
18
6
15
24
35
36
5
-25
-66
-110
-121
-95
-75
-76
-75
-95
-123
-147
-176
-187
-170
-134
-101
-104
-139
-158
-160
-169
-171
-164
-141
-110
-100
-103
-117
-148
-158
-137
-125
-120
-113
-117
-128
-143
-161
-174
-190
-196
-181
-181
-206
-231
-256
-253
-242
-253
-265
-265
-251
-246
-253
-258
-246
-221
-200
-177
-156
-139
-117
-95
-70
-47
-20
8
31
58
77
90
104
117
129
137
144
154
154
153
157
158
152
140
128
120
117
110
98
92
89
90
77
57
48
36
25
18
14
16
19
20
13
10
1
-2
7
15
28
42
54
65
79
100
112
130
154
184
203
213
228
244
269
286
296
316
326
334
329
322
323
318
315
305
296
278
249
233
208
180
152
139
131
109
79
51
28
0
-20
-33
-58
-68
-63
-82
-112
-135
-135
-139
-159
-172
-173
-180
-192
-192
-199
-212
-212
-211
-211
-216
-224
-231
-223
-199
-197
-208
-204
-197
-204
-208
-195
-183
-180
-180
-173
-167
-174
-199
-210
-206
-216
-220
-227
-231
-232
-238
-251
-262
-268
-280
-280
-272
-256
-247
-232
-215
-212
-199
-185
-152
-112
-80
-43
-14
18
41
70
100
119
156
187
211
223
232
238
246
259
265
271
270
267
265
256
246
230
217
210
203
193
168
147
134
112
91
77
66
52
39
28
7
-6
-16
-23
-29
-29
-23
-18
-7
3
7
9
25
39
71
105
146
188
187
206
212
242
273
308
368
381
400
389
378
378
360
396
420
433
404
347
313
258
244
226
224
217
164
119
47
0
-35
-63
-52
-65
-82
-136
-191
-210
-243
-243
-242
-228
-230
-251
-279
-310
-304
-301
-296
-285
-278
-264
-283
-290
-292
-306
-279
-263
-250
-263
-259
-246
-266
-263
-273
-257
-253
-256
-237
-260
-267
-284
-308
-293
-294
-261
-280
-296
-287
-336
-309
-312
-270
-256
-266
-225
-243
-218
-221
-182
-135
-101
-45
-44
-29
-18
3
62
92
147
163
170
173
162
213
232
266
275
275
280
244
241
250
273
296
270
257
230
211
191
178
191
183
174
137
107
79
50
46
38
31
19
-8
-26
-53
-54
-55
-41
-30
-41
-28
-30
-10
9
31
73
107
146
184
192
215
235
277
332
373
414
420
428
432
437
449
460
479
474
457
429
387
355
322
304
283
253
214
152
102
56
19
-9
-44
-74
-109
-143
-176
-205
-222
-233
-234
-249
-283
-295
-298
-300
-295
-282
-299
-326
-315
-305
-302
-274
-254
-266
-273
-281
-291
-305
-283
-255
-236
-233
-241
-261
-290
-279
-260
-237
-253
-279
-309
-346
-324
-303
-276
-294
-315
-312
-342
-348
-350
-330
-309
-274
-253
-249
-251
-274
-232
-180
-101
-48
-50
-58
-47
11
71
116
156
165
166
190
224
271
290
291
304
315
316
322
321
334
343
341
348
329
303
280
260
275
276
251
218
164
134
123
117
114
87
51
18
-10
-14
-22
-39
-48
-56
-58
-56
-57
-36
-32
8
46
86
122
106
137
151
213
275
322
367
376
404
407
440
463
471
500
509
520
487
439
409
381
387
374
347
297
231
182
134
111
83
48
14
-37
-77
-114
-150
-162
-191
-217
-240
-272
-293
-308
-311
-316
-325
-333
-346
-352
-371
-353
-347
-330
-320
-340
-350
-367
-345
-334
-302
-288
-301
-314
-323
-300
-285
-290
-297
-318
-312
-332
-302
-302
-315
-320
-350
-289
-310
-291
-352
-357
-297
-260
-218
-252
-234
-241
-206
-157
-109
-85
-99
-85
-28
25
42
27
54
102
150
184
170
183
183
212
260
277
287
264
261
294
313
319
294
285
283
289
285
271
247
212
205
201
193
163
110
97
82
67
48
0
-14
-43
-40
-48
-54
-71
-86
-86
-70
-52
-48
-2
12
64
62
73
98
121
194
239
291
317
338
358
377
400
421
453
478
497
479
436
409
384
392
375
350
305
244
202
155
123
96
50
18
-11
-48
-85
-137
-161
-173
-200
-232
-259
-276
-282
-290
-292
-298
-308
-314
-322
-334
-316
-303
-301
-290
-311
-299
-335
-294
-286
-295
-284
-313
-276
-283
-269
-282
-302
-289
-307
-300
-275
-285
-246
-292
-277
-285
-297
-286
-321
-224
-230
-201
-239
-230
-196
-204
-145
-146
-83
-77
-73
-40
-40
-13
-13
21
79
85
76
69
107
153
163
176
195
211
221
236
253
268
274
278
312
322
311
293
283
314
301
288
275
251
235
210
198
199
162
131
113
96
83
46
37
34
34
8
-9
-22
-13
-14
8
42
47
86
54
85
106
125
186
208
258
280
299
308
319
330
352
388
412
423
385
354
344
324
319
286
269
235
179
158
116
78
43
0
-20
-59
-119
-142
-170
-184
-199
-247
-291
-302
-307
-312
-313
-325
-328
-347
-331
-328
-357
-343
-318
-270
-288
-309
-330
-333
-278
-278
-280
-298
-295
-296
-278
-305
-320
-352
-325
-257
-269
-234
-313
-290
-265
-275
-285
-288
-229
-172
-130
-160
-173
-200
-150
-72
-45
-8
-37
-46
4
-7
18
18
37
108
89
64
49
41
118
147
144
160
131
148
188
192
233
232
238
275
252
250
254
271
311
314
272
252
225
247
278
254
243
182
152
147
129
121
115
98
96
65
37
38
21
51
61
93
85
99
74
84
129
130
193
196
244
260
278
294
281
309
318
355
371
364
334
285
282
273
255
232
198
178
129
83
26
-7
-15
-45
-80
-134
-186
-209
-228
-237
-255
-301
-341
-352
-363
-360
-357
-373
-375
-372
-385
-394
-366
-338
-306
-310
-310
-322
-326
-304
-306
-288
-263
-264
-281
-324
-324
-329
-309
-273
-280
-244
-316
-302
-307
-308
-278
-315
-259
-229
-150
-159
-190
-193
-175
-81
-65
-7
-15
-14
25
15
57
45
66
116
119
119
96
88
120
152
166
165
151
156
177
186
218
235
237
249
235
221
242
262
298
306
263
249
232
246
270
273
279
244
222
196
191
183
180
196
172
167
130
125
135
152
201
181
208
179
171
214
216
271
284
297
324
341
351
369
392
413
443
436
435
421
393
391
359
340
314
262
245
204
148
105
38
11
-27
-91
-124
-183
-213
-247
-303
-334
-382
-433
-448
-473
-481
-507
-539
-530
-534
-545
-547
-553
-551
-523
-514
-487
-486
-487
-503
-476
-402
-429
-430
-464
-431
-417
-421
-377
-319
-238
-305
-333
-370
-277
-241
-274
-183
-145
-67
-121
-171
-119
-65
19
53
72
67
27
20
77
127
113
108
108
135
92
36
68
114
144
112
61
78
84
80
99
116
128
114
94
111
126
128
158
166
159
131
117
141
187
198
181
182
178
172
154
179
192
215
220
202
208
189
205
229
300
322
341
321
288
345
361
428
436
457
488
501
526
510
530
545
598
611
599
568
531
541
515
499
464
413
393
339
289
235
179
151
105
44
-18
-83
-127
-168
-216
-256
-317
-366
-414
-472
-514
-533
-552
-579
-603
-666
-675
-672
-669
-658
-669
-653
-658
-666
-676
-684
-646
-644
-626
-616
-634
-622
-547
-441
-464
-496
-528
-447
-347
-355
-328
-260
-139
-99
-157
-198
-119
-5
90
142
111
85
55
87
185
194
185
171
162
147
82
45
112
156
128
57
-16
11
27
27
50
47
24
-19
-54
-17
8
15
36
1
-22
-42
-54
13
61
72
62
26
37
60
82
127
158
160
165
171
194
245
273
341
418
431
415
408
455
565
612
608
633
678
734
744
739
749
777
809
831
824
790
747
724
738
704
639
598
556
535
472
381
346
298
252
186
111
52
-12
-63
-101
-151
-210
-265
-328
-378
-425
-461
-474
-516
-569
-609
-646
-674
-681
-703
-711
-721
-755
-777
-813
-783
-804
-812
-821
-849
-762
-683
-668
-719
-736
-713
-598
-589
-602
-514
-365
-250
-317
-378
-322
-173
-68
11
26
39
27
0
78
113
140
161
163
166
74
2
47
138
158
89
1
-8
3
-19
-15
-12
6
-25
-105
-126
-116
-103
-73
-93
-126
-160
-203
-186
-131
-99
-90
-110
-149
-158
-134
-70
-6
21
26
15
41
114
151
235
296
303
335
338
403
505
571
630
662
688
713
748
801
856
891
904
894
870
880
883
892
898
843
785
735
697
688
634
571
517
453
380
325
284
260
221
133
48
-13
-34
-49
-93
-132
-188
-250
-276
-322
-347
-353
-390
-416
-445
-496
-543
-546
-547
-558
-618
-658
-700
-705
-716
-717
-580
-616
-649
-786
-787
-618
-598
-600
-646
-495
-398
-403
-504
-484
-317
-232
-127
-187
-160
-140
-164
-41
2
6
-9
-11
51
40
-61
-51
18
70
41
-79
-80
-52
-63
-59
-75
-71
-70
-135
-156
-129
-144
-126
-130
-162
-178
-239
-236
-188
-176
-188
-216
-227
-226
-229
-231
-179
-120
-108
-100
-70
-13
10
71
112
155
228
210
288
378
436
493
527
571
607
657
718
794
824
835
828
846
883
876
911
919
875
838
785
771
783
735
690
638
568
517
453
410
379
339
307
225
137
112
75
65
46
-38
-90
-134
-171
-166
-188
-228
-245
-271
-320
-349
-371
-358
-374
-390
-452
-528
-507
-482
-333
-361
-454
-564
-558
-418
-439
-453
-455
-289
-242
-326
-447
-431
-248
-188
-114
-175
-222
-251
-255
-143
-120
-172
-229
-202
-164
-219
-329
-295
-214
-203
-278
-382
-349
-315
-308
-323
-331
-337
-362
-389
-387
-340
-336
-324
-344
-383
-399
-421
-373
-318
-308
-332
-365
-366
-333
-301
-285
-239
-209
-153
-109
-134
-73
-50
25
106
99
156
207
297
361
370
380
434
500
567
613
630
693
700
711
740
732
766
775
777
793
757
711
712
708
711
669
600
590
564
534
492
458
433
388
330
299
269
253
236
180
134
97
75
46
42
27
-28
-57
-77
-84
-117
-151
-158
-152
-185
-257
-261
-266
-261
-204
-172
-197
-286
-353
-269
-172
-185
-242
-184
-45
-24
-131
-200
-90
30
66
40
17
22
-48
-41
34
30
-31
-102
-88
-85
-186
-283
-252
-185
-220
-347
-418
-392
-408
-459
-481
-475
-477
-541
-606
-571
-558
-578
-580
-596
-597
-639
-666
-614
-540
-542
-575
-579
-546
-512
-526
-500
-429
-328
-284
-292
-268
-224
-148
-76
-15
47
112
163
231
283
313
361
427
511
551
564
588
631
667
673
671
689
716
706
695
671
655
648
615
591
560
521
502
481
431
397
356
336
315
258
226
225
213
184
138
111
127
86
57
54
51
52
-3
-16
-3
-6
-23
-56
-54
-73
-81
-145
-114
3
41
7
-102
-138
-66
14
11
12
76
189
222
118
48
113
252
346
321
272
246
225
240
272
267
236
183
169
155
50
-29
-12
25
-7
-144
-243
-237
-231
-270
-339
-379
-406
-456
-531
-544
-554
-567
-583
-645
-692
-743
-758
-737
-705
-715
-755
-786
-784
-750
-724
-724
-700
-664
-624
-555
-529
-492
-460
-407
-318
-253
-225
-162
-58
38
97
83
119
214
311
393
409
416
433
462
523
558
557
560
560
567
555
509
515
535
534
494
413
382
377
372
354
303
249
221
187
157
151
152
141
97
62
25
17
8
23
34
9
-28
-51
-39
-26
-38
-45
-42
-48
-79
-99
-39
75
134
60
-5
-46
69
147
161
179
225
330
328
274
250
348
457
518
512
441
400
381
450
519
466
385
308
325
316
210
130
147
169
107
-23
-98
-84
-95
-128
-187
-259
-316
-368
-383
-366
-422
-485
-513
-550
-582
-641
-685
-643
-622
-660
-732
-784
-756
-714
-693
-715
-719
-685
-655
-587
-562
-511
-476
-466
-408
-388
-318
-243
-145
-63
-48
-50
-27
54
131
221
256
277
281
253
289
327
380
389
356
343
331
314
319
317
321
319
262
242
213
200
221
210
198
158
102
92
125
123
103
66
49
45
16
13
34
42
32
-2
-33
-33
-50
-34
-20
-25
-54
-116
-114
-5
124
135
37
-40
-18
119
174
169
209
321
436
391
298
288
430
591
664
611
527
469
492
611
662
599
498
448
485
461
329
282
325
349
265
104
42
69
78
62
-3
-79
-162
-231
-217
-193
-242
-306
-366
-407
-439
-516
-541
-495
-464
-514
-646
-728
-707
-634
-607
-652
-696
-685
-666
-603
-559
-544
-509
-530
-476
-441
-402
-342
-255
-148
-131
-154
-185
-104
13
119
160
144
144
107
141
202
228
247
214
193
190
155
144
164
164
150
83
38
40
48
65
56
24
-10
-59
-58
-14
-13
-22
-40
-66
-69
-85
-85
-45
-21
-32
-60
-95
-92
-79
-69
-57
-74
-104
-141
-84
16
142
79
-8
-52
-14
151
156
214
268
350
388
331
314
370
519
611
684
617
522
488
523
685
686
607
517
483
532
486
396
385
394
376
310
195
180
179
182
193
128
35
-42
-67
-14
3
-72
-136
-197
-229
-247
-301
-294
-262
-276
-323
-431
-480
-454
-411
-382
-417
-465
-486
-471
-420
-354
-341
-356
-386
-389
-349
-298
-268
-198
-151
-142
-166
-209
-155
-74
10
37
0
-36
-65
-46
6
27
8
-30
-53
-65
-79
-101
-98
-88
-118
-155
-183
-189
-168
-154
-152
-172
-201
-214
-193
-169
-154
-155
-172
-189
-208
-189
-149
-121
-117
-139
-140
-145
-170
-171
-128
-104
-87
-201
-215
-145
-28
140
-6
-36
-128
-42
84
97
165
205
353
319
318
212
296
456
540
664
529
468
412
454
625
624
563
481
458
485
451
354
381
409
406
365
242
230
232
247
299
269
169
99
63
138
176
113
70
26
11
-10
-70
-57
-8
18
-10
-128
-186
-168
-113
-76
-96
-132
-162
-161
-159
-97
-55
-60
-41
-93
-82
-78
-65
11
51
66
30
11
14
44
63
80
92
56
13
-40
-45
-13
-37
-59
-112
-168
-183
-215
-216
-228
-286
-297
-328
-340
-349
-365
-340
-341
-361
-374
-379
-380
-367
-362
-331
-328
-364
-360
-345
-305
-279
-300
-281
-283
-289
-299
-294
-253
-271
-282
-339
-258
-221
-142
-79
-156
-122
-218
-108
-37
25
75
117
249
221
216
118
235
369
454
517
407
380
300
356
450
446
421
349
334
331
275
205
243
256
272
217
134
115
86
126
180
175
112
40
13
84
117
108
113
69
55
21
4
73
118
131
96
50
29
32
61
109
153
146
116
88
107
138
200
253
250
253
191
197
248
282
307
310
321
304
282
239
247
260
252
231
179
137
74
50
52
22
-18
-111
-153
-172
-211
-242
-282
-306
-326
-363
-388
-396
-412
-408
-392
-380
-399
-437
-437
-398
-387
-382
-395
-384
-350
-373
-363
-358
-334
-333
-379
-365
-367
-343
-390
-409
-403
-349
-320
-261
-196
-241
-217
-317
-226
-129
-81
-32
2
128
135
99
25
102
214
335
387
309
274
168
207
274
304
320
230
202
177
119
76
79
96
148
92
12
-37
-77
-15
22
32
28
-51
-100
-68
-29
54
55
-8
-19
-31
4
37
43
96
125
112
97
68
96
158
209
258
264
238
220
234
280
362
402
404
412
383
400
398
410
443
453
485
454
425
393
364
359
366
356
316
268
200
184
169
129
81
18
-18
-45
-89
-118
-134
-166
-187
-216
-231
-241
-254
-251
-240
-255
-279
-305
-320
-301
-286
-267
-279
-310
-341
-338
-323
-327
-333
-361
-344
-373
-381
-411
-429
-427
-476
-402
-405
-312
-297
-306
-285
-370
-313
-307
-197
-121
-46
39
31
18
-89
-44
55
214
313
247
185
74
69
111
162
205
171
128
74
-8
-75
-107
-76
10
4
-64
-168
-251
-220
-145
-86
-81
-168
-225
-229
-205
-138
-101
-77
-65
-99
-109
-113
-78
36
100
150
107
36
42
93
212
303
325
304
283
251
278
309
413
519
490
446
363
391
450
466
493
508
507
470
423
386
405
391
405
410
360
324
255
257
280
241
190
142
142
161
138
88
51
23
17
9
-5
-20
-55
-85
-93
-107
-127
-154
-177
-175
-195
-230
-260
-269
-268
-274
-307
-335
-362
-391
-394
-379
-376
-399
-461
-533
-484
-457
-356
-263
-260
-243
-378
-361
-336
-238
-134
-51
104
114
67
-101
-124
-24
147
304
290
229
73
-31
-53
-20
57
33
10
-67
-198
-342
-444
-394
-283
-233
-288
-423
-527
-551
-505
-385
-304
-298
-341
-383
-364
-292
-222
-134
-74
-52
-52
-65
-31
65
152
213
235
205
182
140
188
278
351
363
292
265
250
249
245
286
350
366
349
301
295
267
260
280
352
437
437
436
382
355
363
389
492
554
560
517
448
413
405
402
436
469
443
361
239
169
141
153
171
162
88
-14
-107
-137
-95
-84
-95
-133
-189
-230
-265
-233
-177
-154
-152
-201
-231
-254
-250
-203
-180
-183
-261
-359
-327
-281
-150
-53
2
-60
-238
-321
-299
-143
-23
114
220
181
33
-169
-212
-108
52
217
231
141
-73
-276
-347
-298
-197
-166
-196
-262
-412
-592
-700
-643
-514
-413
-374
-432
-504
-599
-584
-474
-333
-213
-159
-149
-161
-167
-157
-105
-23
75
137
135
81
40
29
55
83
87
48
-11
-33
-59
-53
-45
-42
-36
-65
-100
-105
-28
58
119
168
196
207
202
245
332
472
568
631
675
608
570
552
600
699
718
711
637
544
444
345
305
292
293
264
199
95
-21
-96
-112
-66
-21
2
9
-16
-14
-5
24
73
118
178
222
244
248
222
188
173
155
161
113
55
23
-43
-108
-274
-360
-380
-359
-299
-235
-141
-213
-353
-478
-444
-337
-230
-13
174
259
168
-13
-122
-114
21
197
352
387
238
-12
-237
-314
-315
-278
-184
-133
-210
-439
-666
-757
-737
-602
-448
-332
-342
-435
-497
-522
-455
-331
-181
-40
17
25
-27
-101
-102
-56
23
54
68
63
-8
-108
-216
-276
-310
-308
-276
-246
-243
-291
-364
-408
-400
-340
-243
-122
37
128
160
179
209
275
354
446
541
656
711
743
708
609
557
490
494
523
549
521
402
277
128
36
-28
22
107
129
122
34
-29
-67
-24
109
248
357
382
382
375
371
389
407
465
475
442
389
312
260
183
118
30
-77
-162
-231
-293
-376
-439
-524
-583
-604
-552
-438
-325
-164
-61
-87
-160
-146
-53
81
240
459
622
599
478
287
143
83
112
197
244
208
8
-258
-488
-640
-708
-688
-548
-453
-484
-578
-648
-671
-636
-494
-281
-74
62
139
160
125
107
132
207
293
353
339
206
21
-140
-277
-387
-439
-448
-465
-553
-674
-785
-881
-909
-866
-768
-643
-515
-408
-324
-255
-194
-107
16
177
360
563
720
760
704
610
523
461
436
487
534
526
451
280
70
-84
-150
-130
-39
54
102
87
56
42
65
119
244
394
509
587
620
648
644
619
590
596
617
629
617
552
442
282
128
0
-77
-90
-103
-111
-124
-190
-269
-346
-359
-327
-301
-272
-236
-229
-299
-341
-295
-169
-32
112
304
390
268
42
-102
-103
-33
135
373
533
482
219
-95
-340
-439
-384
-191
40
135
11
-232
-425
-538
-562
-455
-250
-50
45
62
25
-52
-115
-121
-52
45
160
252
264
179
11
-169
-348
-452
-439
-361
-321
-384
-498
-658
-807
-890
-849
-707
-572
-458
-406
-405
-441
-451
-377
-253
-90
51
142
167
138
95
55
56
126
235
300
307
266
179
83
2
2
84
201
320
359
322
257
210
204
262
362
459
529
556
556
496
428
391
378
395
407
436
442
422
382
312
246
221
248
304
363
387
359
283
187
129
118
128
135
144
150
97
0
-87
-140
-164
-196
-227
-243
-293
-379
-460
-488
-420
-293
-129
71
220
249
170
64
-12
-36
39
221
443
574
560
396
112
-171
-360
-408
-327
-170
-19
22
-87
-254
-434
-569
-575
-429
-189
21
160
216
174
59
-44
-101
-99
-43
10
34
-7
-114
-283
-499
-683
-788
-828
-819
-762
-709
-705
-725
-730
-696
-638
-544
-417
-302
-192
-103
-37
5
32
53
40
29
22
0
-20
-39
-13
31
51
60
36
12
-2
-2
19
85
193
317
416
444
452
427
394
411
462
522
567
606
614
571
472
372
308
280
307
347
377
376
336
287
253
237
239
241
265
288
287
264
210
148
66
-11
-54
-59
-28
0
-5
-69
-127
-154
-192
-225
-251
-238
-235
-247
-273
-293
-257
-151
36
217
357
398
325
187
61
27
65
181
325
442
467
363
185
-26
-197
-271
-233
-115
20
114
143
106
-1
-114
-191
-196
-129
-25
87
140
122
40
-89
-228
-337
-407
-437
-442
-449
-466
-513
-579
-664
-740
-770
-755
-702
-616
-525
-449
-389
-326
-272
-245
-222
-200
-182
-180
-187
-185
-176
-166
-157
-169
-197
-224
-244
-229
-188
-76
99
255
352
392
403
381
345
327
355
428
529
626
653
603
477
337
231
182
191
235
306
353
354
293
218
149
103
114
167
249
308
340
348
333
301
270
236
203
186
160
132
94
59
24
-15
-54
-100
-121
-128
-104
-83
-64
-43
-23
-21
-50
-91
-142
-169
-204
-228
-244
-251
-255
-216
-50
156
326
406
446
459
404
310
221
238
358
529
636
630
509
270
12
-175
-234
-246
-219
-141
-54
-10
-74
-181
-320
-422
-456
-425
-358
-280
-183
-130
-113
-143
-197
-279
-356
-392
-400
-397
-417
-434
-464
-491
-517
-540
-561
-594
-617
-625
-563
-436
-283
-161
-99
-87
-133
-206
-276
-303
-276
-203
-104
-1
75
95
82
59
95
179
258
321
369
404
399
349
280
238
230
248
274
292
297
250
196
153
129
128
125
159
208
235
248
235
226
233
248
262
260
250
246
251
248
224
172
112
62
27
-6
-49
-86
-119
-152
-176
-183
-175
-155
-111
-45
7
41
67
101
132
122
88
52
53
54
24
-20
-70
-114
-142
-92
44
205
331
433
514
505
404
261
162
150
202
275
326
319
252
153
0
-141
-259
-336
-349
-314
-232
-172
-126
-123
-161
-233
-297
-336
-354
-328
-271
-195
-154
-103
-77
-103
-167
-253
-331
-417
-464
-453
-423
-385
-341
-325
-348
-403
-453
-454
-414
-320
-209
-104
-23
10
3
-56
-125
-179
-210
-194
-141
-65
20
91
130
152
176
210
234
257
297
315
300
270
247
260
283
304
297
269
230
172
125
115
130
143
165
193
210
207
178
143
120
117
136
156
176
195
191
168
138
123
112
98
103
108
96
65
40
19
4
12
27
56
77
81
81
90
125
192
268
319
315
249
148
65
25
8
-2
3
10
-4
-51
-110
-139
-121
-37
73
170
252
291
267
176
77
-13
-75
-83
-43
3
15
-10
-88
-192
-303
-375
-394
-369
-289
-214
-168
-171
-197
-227
-252
-264
-269
-258
-229
-188
-163
-141
-128
-124
-137
-172
-213
-276
-337
-383
-406
-407
-381
-339
-298
-251
-231
-226
-221
-193
-150
-92
-15
44
69
56
27
-19
-66
-81
-74
-51
-19
20
49
72
123
191
240
259
260
241
192
146
113
86
90
128
169
191
196
169
108
55
35
44
68
127
211
280
296
261
197
127
100
105
125
154
188
211
209
193
179
157
135
134
136
135
129
123
126
133
156
194
239
274
284
279
261
239
221
219
229
221
192
137
42
-76
-189
-280
-335
-348
-326
-296
-287
-298
-307
-288
-240
-165
-64
45
155
238
248
189
94
11
-53
-94
-97
-84
-82
-111
-161
-222
-295
-379
-449
-479
-460
-414
-371
-320
-258
-198
-164
-144
-114
-90
-78
-60
-29
-14
-17
-18
-19
-45
-105
-170
-239
-295
-317
-308
-277
-226
-163
-108
-61
-26
3
13
11
23
46
67
74
66
26
-36
-100
-136
-143
-121
-68
-14
30
66
110
159
193
213
231
241
222
185
149
145
184
243
289
295
271
222
161
113
94
86
91
117
176
237
260
256
232
202
194
214
264
332
392
423
419
381
324
260
208
173
149
128
112
102
82
70
72
86
98
116
128
128
119
95
69
40
11
-12
-30
-55
-79
-109
-143
-175
-181
-170
-159
-143
-142
-173
-235
-298
-342
-372
-391
-369
-290
-202
-142
-111
-101
-99
-70
-51
-62
-66
-48
-54
-104
-159
-197
-203
-193
-171
-173
-198
-227
-246
-250
-254
-235
-210
-177
-127
-75
-56
-74
-94
-110
-121
-113
-83
-59
-35
-22
-32
-64
-106
-139
-161
-169
-163
-132
-111
-111
-109
-113
-116
-110
-97
-82
-74
-67
-58
-44
-22
16
58
83
95
94
87
66
36
37
82
156
225
277
300
292
252
203
175
185
232
294
345
384
389
362
322
288
268
255
265
292
328
349
344
312
248
183
133
102
92
104
121
139
153
158
164
163
162
159
159
166
163
157
150
150
144
131
113
84
39
-21
-75
-108
-122
-126
-128
-146
-164
-157
-143
-138
-137
-123
-104
-94
-96
-112
-135
-169
-210
-256
-299
-321
-335
-345
-325
-293
-276
-288
-317
-351
-362
-330
-289
-243
-179
-115
-76
-54
-48
-78
-111
-126
-156
-197
-211
-199
-187
-159
-129
-137
-182
-218
-231
-234
-212
-157
-108
-75
-22
31
36
8
-22
-56
-83
-82
-58
-49
-37
-6
7
-5
-16
-31
-72
-106
-91
-64
-44
-7
34
44
49
72
78
59
53
69
91
134
201
248
255
252
243
226
211
206
200
201
229
273
316
352
373
357
316
283
271
273
288
312
326
315
296
277
256
242
239
243
244
242
236
225
219
219
213
196
179
167
150
129
111
96
78
55
40
34
30
26
13
-12
-40
-63
-85
-99
-96
-72
-42
-36
-57
-82
-107
-134
-150
-152
-137
-125
-127
-154
-196
-252
-308
-342
-352
-338
-314
-296
-281
-269
-274
-293
-291
-277
-270
-262
-245
-231
-229
-237
-248
-248
-249
-257
-257
-244
-225
-210
-206
-206
-192
-162
-150
-157
-139
-115
-131
-151
-140
-125
-132
-119
-90
-81
-74
-45
-23
-21
-7
13
15
15
31
17
-35
-54
-39
-37
-37
3
35
29
37
73
91
91
108
122
107
95
101
89
91
125
150
166
199
240
255
255
266
276
270
270
277
278
274
277
289
291
286
286
287
295
312
331
339
332
315
291
267
252
245
245
243
244
248
239
224
215
212
200
179
169
160
143
125
107
84
64
43
21
-4
-20
-36
-61
-76
-84
-89
-89
-92
-101
-124
-150
-178
-201
-210
-211
-219
-230
-234
-228
-215
-194
-170
-150
-133
-126
-138
-155
-172
-198
-214
-217
-225
-241
-258
-277
-294
-287
-270
-259
-253
-245
-240
-238
-232
-223
-223
-223
-206
-198
-206
-209
-213
-229
-250
-265
-280
-285
-266
-238
-212
-182
-149
-127
-119
-115
-116
-128
-130
-115
-86
-51
-29
-22
-19
-11
-14
-14
9
39
58
75
92
99
98
100
111
128
146
169
184
196
209
221
228
239
257
265
273
285
295
297
292
281
271
270
275
286
304
315
317
310
291
279
273
265
256
248
242
232
222
212
189
161
138
126
123
123
123
116
102
92
79
60
39
26
27
29
41
54
62
62
64
69
74
74
74
69
57
42
24
0
-30
-65
-104
-134
-151
-160
-160
-150
-137
-127
-125
-130
-137
-137
-132
-127
-127
-121
-113
-116
-130
-142
-156
-172
-174
-171
-174
-177
-177
-179
-189
-199
-210
-223
-230
-226
-214
-206
-204
-214
-245
-284
-319
-351
-368
-361
-332
-297
-266
-237
-216
-201
-194
-184
-170
-156
-142
-129
-110
-87
-69
-63
-65
-53
-40
-42
-57
-67
-70
-66
-35
15
60
99
126
135
132
138
150
161
189
234
278
305
321
317
298
289
294
297
300
306
310
306
305
298
277
252
232
218
210
213
212
202
187
178
168
156
146
133
118
103
92
82
80
84
93
105
114
113
98
76
54
39
31
29
34
43
48
40
26
12
-4
-18
-24
-17
-3
12
24
28
22
10
-6
-22
-33
-35
-28
-24
-21
-16
-12
-16
-17
-15
-11
-12
-17
-27
-42
-56
-69
-88
-111
-132
-149
-169
-190
-204
-214
-219
-208
-192
-181
-182
-192
-216
-240
-253
-253
-247
-232
-216
-217
-236
-256
-269
-277
-272
-258
-245
-236
-230
-226
-226
-224
-214
-198
-175
-145
-117
-104
-101
-104
-104
-94
-63
-21
18
50
64
61
46
39
42
65
105
148
182
197
191
177
167
167
178
197
214
218
215
209
195
187
190
195
198
204
203
190
179
180
189
200
210
211
199
177
147
116
81
54
36
27
29
44
60
68
72
68
57
49
46
47
54
61
63
60
55
51
46
45
45
46
49
47
40
33
29
26
25
25
25
25
22
20
18
22
32
34
37
51
54
49
45
38
30
29
30
23
10
-8
-33
-61
-87
-107
-121
-134
-139
-142
-147
-154
-159
-164
-163
-150
-130
-116
-110
-115
-130
-151
-173
-192
-204
-210
-217
-220
-221
-224
-228
-229
-224
-209
-187
-165
-140
-117
-94
-74
-63
-57
-51
-43
-35
-26
-20
-19
-23
-28
-28
-26
-15
5
28
54
82
108
126
135
136
132
131
134
138
139
144
143
138
131
129
132
137
141
143
141
139
141
142
145
145
141
135
121
108
101
99
99
96
93
86
78
69
53
33
15
0
-9
-6
7
24
37
40
33
23
8
-5
-13
-18
-19
-15
-10
-7
-2
3
3
-2
-14
-26
-36
-44
-44
-35
-24
-15
-13
-17
-25
-38
-49
-57
-58
-49
-35
-15
5
19
24
19
3
-20
-43
-64
-79
-84
-85
-83
-79
-85
-98
-113
-121
-119
-108
-97
-86
-78
-74
-75
-85
-99
-113
-121
-126
-130
-133
-134
-137
-138
-131
-119
-106
-98
-93
-97
-101
-103
-99
-90
-73
-56
-40
-28
-19
-16
-20
-22
-15
-4
15
38
57
69
77
84
95
112
128
138
146
152
153
149
142
135
131
135
142
154
162
164
160
160
169
184
196
204
199
179
154
128
107
98
101
112
125
133
128
109
85
60
38
23
16
17
22
27
23
17
12
12
7
-2
-14
-26
-36
-41
-39
-38
-36
-33
-34
-39
-48
-56
-69
-81
-85
-80
-66
-50
-35
-28
-31
-49
-73
-94
-112
-119
-115
-103
-87
-68
-60
-62
-74
-88
-96
-102
-100
-94
-86
-81
-79
-78
-79
-84
-92
-107
-121
-129
-134
-128
-119
-108
-94
-85
-79
-87
-100
-114
-122
-125
-120
-107
-93
-83
-73
-69
-66
-65
-61
-55
-47
-39
-28
-13
2
17
24
27
28
34
43
48
52
54
56
61
67
81
98
112
120
125
129
130
133
137
143
153
163
173
184
189
188
185
175
168
164
158
159
160
165
170
170
168
162
151
136
125
113
104
100
97
98
100
99
91
79
60
39
23
13
13
19
24
30
33
33
28
22
12
3
-9
-19
-24
-24
-21
-22
-27
-40
-52
-65
-71
-71
-70
-66
-62
-62
-60
-62
-72
-85
-97
-108
-114
-116
-113
-105
-100
-100
-105
-115
-130
-142
-153
-162
-166
-165
-166
-165
-164
-167
-173
-178
-184
-186
-186
-182
-178
-173
-169
-166
-166
-169
-174
-181
-185
-188
-183
-172
-162
-151
-140
-132
-128
-121
-110
-96
-79
-59
-44
-32
-23
-12
-2
9
25
40
49
55
58
57
55
60
69
82
97
112
121
125
130
135
142
153
166
179
190
196
201
203
201
200
196
191
186
181
171
165
158
152
148
146
147
147
149
148
147
149
150
155
163
172
178
180
175
166
157
146
136
128
124
122
118
114
108
103
94
87
80
74
67
63
57
52
49
44
36
29
19
4
-12
-25
-35
-44
-47
-47
-46
-48
-53
-62
-75
-88
-97
-104
-109
-109
-111
-116
-124
-138
-149
-159
-168
-175
-179
-180
-183
-189
-192
-197
-199
-198
-198
-194
-188
-184
-183
-185
-187
-194
-200
-198
-197
-194
-189
-182
-179
-174
-168
-163
-157
-150
-142
-135
-126
-118
-109
-100
-86
-70
-56
-42
-33
-27
-26
-25
-23
-17
-5
11
27
42
54
61
64
66
67
72
83
94
106
115
119
120
118
114
116
120
124
129
134
136
140
141
143
147
151
157
165
171
177
185
190
197
202
209
212
210
206
200
195
193
191
189
184
175
163
151
140
132
128
126
127
128
128
126
120
111
101
92
89
87
86
83
76
62
48
31
16
3
-9
-16
-26
-35
-43
-51
-61
-70
-79
-88
-93
-98
-105
-113
-121
-130
-141
-150
-156
-160
-165
-172
-178
-183
-188
-190
-190
-189
-185
-184
-185
-185
-184
-183
-181
-180
-180
-180
-179
-177
-176
-176
-178
-182
-186
-186
-187
-186
-181
-175
-167
-159
-148
-137
-125
-116
-105
-94
-85
-78
-73
-67
-63
-56
-48
-43
-38
-36
-32
-29
-26
-22
-16
-9
-2
8
18
24
31
35
39
43
51
60
69
77
85
93
101
113
122
128
135
139
143
146
149
153
157
163
169
175
180
183
184
182
181
179
178
178
178
177
176
176
175
173
171
168
169
170
172
174
175
177
177
175
169
161
148
135
122
109
99
90
82
75
66
59
48
38
26
15
7
1
-3
-8
-14
-21
-30
-39
-45
-54
-62
-68
-76
-83
-90
-95
-100
-105
-111
-117
-125
-133
-143
-149
-153
-153
-151
-148
-142
-140
-140
-142
-147
-150
-152
-152
-151
-150
-147
-146
-145
-145
-145
-143
-140
-135
-132
-126
-121
-117
-114
-111
-107
-104
-99
-100
-100
-101
-101
-99
-98
-93
-88
-83
-78
-72
-67
-63
-56
-47
-39
-30
-20
-11
-2
6
14
22
29
37
43
50
57
64
72
79
86
94
103
111
116
120
120
120
121
124
128
132
138
143
147
151
153
153
154
153
151
149
148
149
149
147
148
149
149
145
138
132
129
127
125
121
118
114
112
107
101
92
84
76
70
67
65
63
59
50
43
36
27
20
10
3
-4
-10
-15
-18
-22
-24
-26
-27
-32
-37
-43
-51
-58
-65
-73
-80
-86
-92
-95
-98
-100
-104
-109
-114
-116
-118
-119
-122
-127
-130
-132
-134
-134
-135
-135
-134
-136
-139
-139
-138
-137
-138
-140
-140
-139
-137
-134
-132
-132
-130
-127
-123
-119
-114
-110
-103
-98
-92
-85
-79
-73
-67
-61
-56
-50
-44
-39
-34
-28
-21
-17
-13
-9
-7
0
7
16
27
36
46
55
59
62
66
68
73
79
85
92
101
108
112
115
119
121
122
124
124
124
127
129
131
130
131
128
125
124
124
123
124
124
125
126
127
125
122
116
109
101
94
88
83
81
78
75
73
71
67
62
58
51
45
39
33
29
27
25
22
19
14
8
1
-5
-10
-16
-22
-25
-30
-35
-40
-47
-53
-59
-64
-68
-72
-72
-71
-73
-72
-75
-79
-83
-89
-93
-99
-102
-107
-111
-114
-118
-120
-120
-122
-122
-122
-124
-123
-123
-124
-123
-121
-120
-118
-116
-112
-109
-105
-101
-98
-95
-94
-92
-88
-85
-83
-78
-73
-67
-63
-59
-54
-47
-40
-33
-27
-18
-9
-1
7
16
21
29
36
42
45
49
56
60
65
69
74
77
80
82
85
90
93
97
102
107
110
114
117
119
123
125
127
131
134
136
138
138
137
135
132
129
125
122
118
114
110
109
106
103
100
96
93
90
87
85
81
77
69
65
60
56
54
50
45
40
35
29
25
19
12
4
-2
-10
-17
-21
-25
-30
-36
-44
-49
-57
-62
-66
-70
-74
-78
-81
-84
-87
-88
-90
-94
-99
-103
-106
-109
-111
-112
-112
-114
-116
-119
-119
-121
-122
-122
-120
-117
-116
-112
-109
-106
-105
-103
-104
-106
-105
-101
-99
-96
-94
-90
-88
-86
-82
-79
-77
-73
-68
-61
-54
-47
-38
-32
-27
-24
-18
-13
-6
-2
4
8
13
17
22
26
28
31
36
39
45
51
57
65
72
78
81
82
84
87
91
95
101
105
109
110
111
110
109
108
109
109
110
111
114
116
116
116
113
110
106
104
102
102
102
100
100
100
97
93
89
85
80
76
73
70
66
62
58
55
50
44
39
33
28
23
19
13
8
3
-1
-6
-12
-16
-23
-29
-37
-43
-47
-51
-55
-56
-58
-63
-70
-74
-78
-81
-85
-89
-92
-93
-96
-97
-101
-103
-108
-113
-117
-121
-123
-124
-123
-122
-121
-121
-123
-125
-128
-128
-127
-123
-119
-116
-113
-108
-105
-103
-102
-100
-100
-99
-97
-93
-88
-85
-77
-72
-66
-59
-55
-52
-49
-45
-40
-34
-27
-21
-12
-6
1
6
12
17
21
25
28
34
41
48
56
63
70
74
78
81
84
87
90
98
103
110
115
119
120
122
124
126
128
128
130
133
133
135
134
131
131
129
129
126
125
124
125
124
124
122
120
116
110
107
104
101
97
92
86
80
74
69
62
56
49
44
39
36
31
25
18
13
8
3
-3
-11
-18
-24
-31
-34
-40
-45
-52
-58
-62
-67
-72
-77
-84
-89
-93
-98
-103
-106
-109
-111
-112
-114
-118
-119
-121
-124
-124
-124
-124
-124
-125
-125
-125
-125
-126
-126
-124
-122
-120
-118
-116
-113
-111
-111
-107
-103
-99
-93
-90
-87
-80
-77
-73
-68
-64
-60
-55
-50
-45
-39
-35
-30
-23
-18
-13
-9
-5
3
9
15
19
24
32
38
43
48
51
56
62
68
71
75
79
84
90
94
96
98
102
104
108
110
112
114
118
121
123
124
124
124
124
123
124
124
125
123
123
123
123
122
120
117
114
112
110
107
103
99
96
93
89
85
80
76
71
69
65
60
55
51
48
44
39
35
28
22
16
11
3
-1
-4
-12
-17
-23
-28
-32
-37
-42
-48
-53
-59
-65
-69
-73
-80
-84
-88
-93
-100
-105
-109
-112
-115
-120
-122
-123
-125
-126
-128
-130
-132
-133
-133
-135
-135
-134
-134
-133
-136
-135
-134
-131
-129
-127
-125
-123
-119
-115
-111
-105
-101
-97
-95
-90
-84
-80
-75
-71
-67
-61
-57
-51
-45
-39
-33
-28
-21
-14
-8
-2
5
10
16
22
28
31
35
40
43
46
48
54
58
62
65
70
77
82
86
88
93
97
99
102
105
108
108
107
107
108
108
108
110
110
112
115
117
117
118
117
116
115
115
116
117
116
112
110
106
103
98
96
91
89
86
83
82
80
76
70
62
58
53
49
42
37
34
30
25
19
11
4
-5
-13
-19
-24
-27
-31
-37
-41
-45
-50
-58
-64
-72
-74
-76
-81
-85
-86
-89
-94
-99
-103
-107
-111
-114
-115
-114
-116
-115
-116
-116
-116
-117
-118
-116
-114
-113
-112
-110
-107
-105
-104
-104
-104
-102
-101
-98
-94
-90
-85
-82
-78
-73
-68
-64
-59
-53
-48
-41
-36
-31
-27
-23
-19
-17
-13
-9
-5
-3
2
6
11
15
19
22
28
32
37
40
45
49
54
58
61
65
69
72
75
77
79
82
85
86
88
90
94
97
99
101
103
105
106
109
110
111
112
114
115
115
115
115
114
114
111
108
106
104
103
100
98
97
93
90
87
84
81
78
73
70
66
62
58
53
47
41
35
29
23
17
13
8
3
-2
-8
-12
-16
-20
-25
-28
-31
-35
-38
-42
-46
-50
-55
-58
-62
-68
-69
-73
-77
-81
-84
-86
-87
-91
-94
-95
-98
-99
-100
-101
-103
-102
-102
-102
-102
-102
-103
-106
-105
-105
-106
-105
-101
-100
-99
-95
-92
-89
-86
-82
-78
-75
-73
-68
-63
-61
-57
-52
-48
-47
-45
-41
-40
-39
-36
-35
-33
-30
-26
-26
-25
-23
-19
-17
-15
-9
-5
-1
3
8
13
17
21
24
29
33
38
43
45
49
53
56
60
64
68
71
74
78
81
84
86
89
90
93
95
98
100
100
99
98
97
96
96
96
94
93
91
88
85
83
80
77
75
72
70
67
64
59
55
53
48
43
37
32
30
25
20
14
8
5
0
-4
-6
-8
-13
-18
-21
-24
-27
-31
-35
-39
-44
-46
-49
-54
-56
-58
-61
-62
-63
-64
-65
-67
-67
-66
-67
-67
-69
-68
-67
-67
-68
-66
-66
-66
-66
-66
-64
-64
-65
-65
-65
-63
-61
-59
-57
-57
-55
-55
-54
-51
-50
-49
-48
-45
-43
-41
-41
-40
-39
-36
-34
-32
-29
-26
-22
-19
-15
-14
-12
-9
-5
-1
4
6
10
12
14
18
21
24
28
31
36
39
41
45
48
50
55
57
59
62
64
68
71
74
75
76
77
78
80
81
81
82
82
81
82
82
81
78
77
77
74
74
73
70
69
66
63
61
60
58
55
52
48
45
41
37
33
30
25
22
18
14
12
8
3
0
-4
-6
-9
-12
-13
-16
-19
-22
-24
-25
-28
-29
-32
-33
-33
-34
-35
-38
-38
-40
-42
-43
-45
-46
-47
-48
-47
-47
-49
-49
-48
-48
-49
-50
-51
-51
-52
-52
-51
-52
-52
-51
-51
-51
-50
-50
-49
-50
-49
-49
-46
-46
-46
-45
-45
-43
-42
-41
-38
-38
-36
-34
-33
-30
-29
-29
-25
-23
-21
-19
-17
-15
-13
-11
-8
-4
0
2
4
5
8
13
15
18
22
25
28
31
32
35
37
38
43
44
45
47
48
50
51
52
52
54
55
56
54
53
54
54
54
53
51
52
52
49
48
47
46
44
40
38
38
36
34
32
31
29
28
26
24
23
20
15
13
10
7
5
3
0
-1
-2
-5
-10
-10
-13
-13
-17
-19
-19
-20
-24
-26
-27
-27
-29
-31
-34
-36
-37
-40
-42
-45
-43
-44
-45
-46
-47
-48
-49
-48
-49
-49
-49
-49
-50
-51
-53
-52
-53
-53
-53
-52
-51
-51
-50
-50
-49
-49
-46
-44
-43
-41
-39
-37
-35
-35
-32
-29
-26
-24
-23
-20
-17
-15
-13
-9
-5
-3
1
4
9
11
14
18
20
24
27
30
33
35
38
42
43
43
46
48
50
52
54
57
60
62
65
66
65
66
65
66
68
69
68
69
68
67
65
64
64
61
62
60
58
58
55
54
53
49
46
42
40
38
36
32
29
28
24
20
17
15
12
10
8
5
3
1
-2
-5
-9
-12
-14
-16
-18
-19
-21
-24
-26
-28
-31
-34
-37
-39
-39
-40
-42
-42
-45
-46
-47
-50
-52
-53
-54
-54
-54
-54
-54
-57
-58
-59
-58
-59
-59
-58
-57
-56
-55
-54
-55
-54
-52
-51
-49
-47
-46
-44
-43
-41
-38
-37
-36
-34
-30
-27
-24
-23
-21
-19
-17
-15
-13
-8
-4
-2
0
2
5
8
8
11
14
16
19
21
25
28
31
32
31
34
37
39
41
41
44
44
44
47
49
50
51
50
53
55
56
56
56
56
55
54
53
51
51
53
51
51
50
49
48
47
47
45
44
42
42
40
37
34
32
30
28
26
24
21
19
18
17
13
10
8
7
4
1
-1
-4
-5
-8
-11
-14
-17
-19
-21
-23
-24
-25
-28
-29
-30
-31
-33
-35
-38
-39
-41
-41
-43
-46
-45
-46
-46
-46
-48
-47
-49
-48
-48
-49
-51
-51
-51
-51
-51
-50
-49
-50
-49
-49
-48
-49
-47
-46
-46
-44
-45
-43
-40
-40
-37
-35
-36
-35
-31
-31
-28
-26
-24
-22
-21
-19
-15
-14
-11
-10
-7
-5
-3
0
2
4
6
9
11
13
16
19
20
23
25
27
30
31
32
33
34
36
39
41
41
43
45
45
47
48
48
50
51
52
54
53
53
53
50
50
50
49
49
50
49
49
48
47
46
46
43
42
41
40
38
37
34
29
26
25
23
22
20
19
17
16
15
13
10
7
4
1
-2
-2
-5
-7
-10
-11
-13
-14
-14
-16
-19
-21
-22
-24
-27
-29
-30
-31
-33
-33
-33
-35
-34
-33
-35
-35
-36
-36
-38
-40
-38
-39
-40
-40
-39
-38
-38
-37
-35
-35
-34
-33
-32
-32
-32
-32
-30
-30
-30
-28
-27
-25
-24
-22
-22
-20
-19
-19
-17
-16
-13
-11
-10
-9
-7
-6
-4
-3
-1
-2
-2
-1
1
4
6
10
11
13
14
15
14
17
19
20
20
21
24
24
26
27
29
29
30
32
33
34
36
36
37
36
36
36
35
36
35
35
35
35
36
37
36
36
35
35
33
33
33
33
32
30
26
25
23
23
22
20
17
17
14
13
13
11
10
9
7
5
2
0
-1
-3
-5
-6
-8
-10
-11
-13
-14
-15
-17
-17
-21
-22
-23
-24
-25
-26
-27
-29
-30
-32
-32
-33
-34
-34
-36
-36
-37
-40
-41
-40
-41
-41
-40
-39
-37
-39
-41
-41
-42
-43
-44
-42
-42
-41
-42
-42
-41
-38
-36
-35
-34
-34
-33
-31
-30
-30
-30
-27
-27
-25
-23
-19
-18
-15
-14
-13
-12
-11
-9
-6
-4
-1
2
4
6
9
10
12
14
15
19
22
23
25
25
28
31
31
35
38
39
41
44
45
47
47
48
49
52
52
53
54
56
56
57
58
59
60
60
60
59
58
58
57
57
55
55
55
54
52
51
50
48
48
45
42
41
38
37
34
32
30
29
27
23
19
16
14
11
7
4
1
-1
-3
-5
-8
-12
-15
-19
-22
-23
-25
-29
-33
-35
-37
-40
-42
-45
-47
-49
-50
-52
-54
-55
-56
-56
-57
-59
-62
-62
-62
-63
-65
-64
-63
-63
-63
-63
-63
-63
-62
-61
-59
-57
-58
-57
-56
-54
-55
-51
-50
-47
-46
-43
-40
-38
-37
-35
-31
-29
-25
-23
-20
-17
-15
-13
-9
-6
-4
-1
1
4
6
11
13
16
18
22
25
26
29
31
33
36
37
39
41
42
44
45
47
49
49
52
52
52
51
52
55
54
54
54
54
55
57
56
55
55
53
54
53
52
52
52
50
48
46
46
45
42
41
40
38
36
34
30
30
27
27
25
22
20
18
17
16
12
9
5
3
2
0
-3
-4
-7
-11
-14
-17
-18
-22
-25
-27
-30
-32
-34
-37
-39
-41
-41
-42
-44
-48
-49
-51
-52
-52
-52
-53
-56
-57
-59
-60
-61
-60
-60
-60
-60
-60
-60
-58
-57
-56
-55
-55
-53
-52
-51
-48
-48
-47
-46
-44
-42
-39
-36
-34
-33
-29
-27
-25
-23
-21
-18
-17
-14
-11
-9
-8
-5
-4
1
4
6
9
10
13
15
18
21
24
25
25
27
29
32
33
36
37
38
40
42
43
46
47
47
47
48
49
48
48
48
48
47
48
47
48
49
48
48
48
48
48
47
47
47
47
46
45
44
42
42
41
39
37
34
34
31
29
27
26
23
23
20
17
17
16
15
14
13
11
10
8
7
4
4
1
-3
-2
-4
-7
-9
-9
-12
-13
-16
-17
-17
-19
-19
-21
-22
-22
-23
-24
-26
-27
-27
-27
-28
-28
-29
-30
-31
-30
-31
-32
-32
-34
-33
-33
-34
-34
-32
-31
-32
-32
-33
-32
-28
-28
-28
-28
-28
-27
-26
-24
-22
-23
-22
-22
-21
-20
-18
-17
-16
-15
-14
-13
-11
-8
-5
-5
-4
-4
-3
0
1
3
4
4
4
5
7
10
11
12
12
13
16
18
22
21
22
22
22
24
26
26
27
27
27
28
27
28
29
30
30
28
29
29
29
28
27
26
25
24
23
23
24
23
21
19
18
16
15
15
13
10
9
7
4
3
1
-1
-3
-4
-5
-6
-7
-9
-10
-12
-13
-15
-15
-18
-20
-21
-23
-25
-27
-28
-30
-31
-32
-32
-31
-32
-32
-33
-33
-33
-33
-33
-33
-33
-34
-33
-34
-35
-34
-34
-33
-33
-33
-32
-31
-30
-29
-28
-26
-26
-25
-23
-22
-20
-20
-19
-18
-17
-15
-15
-15
-15
-11
-12
-11
-9
-8
-6
-5
-4
-3
-2
-1
-1
1
1
3
3
4
5
5
6
6
7
10
11
12
13
14
15
17
19
18
20
21
22
23
24
25
27
28
29
30
31
33
34
36
37
38
38
39
41
42
43
43
44
45
45
45
45
44
43
43
43
42
42
41
41
39
38
37
36
35
32
31
29
27
24
22
19
18
16
12
10
8
6
3
0
-3
-3
-6
-8
-11
-12
-14
-17
-18
-18
-20
-21
-22
-23
-24
-25
-26
-26
-28
-28
-28
-30
-30
-29
-29
-29
-30
-30
-29
-30
-29
-28
-28
-27
-28
-27
-27
-27
-26
-27
-26
-24
-25
-24
-24
-25
-25
-23
-22
-21
-22
-23
-22
-22
-21
-21
-20
-18
-19
-19
-18
-16
-16
-17
-16
-14
-13
-11
-9
-8
-7
-6
-6
-3
-2
0
2
2
4
6
7
10
11
11
15
18
17
18
19
19
22
25
27
28
28
29
30
32
35
36
37
36
37
38
40
40
38
40
40
42
40
41
41
40
39
40
39
37
37
36
34
33
32
30
27
26
26
25
22
19
17
14
15
14
10
8
6
2
0
-2
-1
-3
-6
-8
-10
-12
-16
-17
-19
-21
-23
-25
-26
-28
-30
-32
-34
-35
-36
-36
-39
-39
-40
-41
-42
-43
-45
-44
-45
-47
-47
-49
-47
-49
-49
-48
-46
-47
-48
-48
-47
-46
-46
-47
-46
-43
-42
-42
-42
-41
-40
-39
-37
-36
-34
-33
-32
-30
-29
-27
-26
-25
-23
-20
-20
-18
-15
-13
-10
-9
-6
-5
-3
-1
-1
2
5
6
8
10
12
14
15
16
18
20
21
23
25
27
29
29
30
31
34
34
35
36
36
39
38
40
39
39
41
41
41
40
40
42
40
40
40
41
40
39
39
39
38
38
36
36
35
34
34
34
33
32
32
31
30
26
25
24
24
22
20
19
18
17
16
14
13
11
10
9
6
5
4
3
1
1
0
-1
-3
-4
-4
-6
-7
-9
-10
-13
-12
-12
-15
-15
-16
-17
-18
-19
-19
-19
-22
-23
-23
-22
-22
-22
-24
-24
-24
-24
-25
-24
-24
-25
-25
-24
-24
-24
-24
-25
-23
-23
-21
-22
-22
-20
-19
-20
-19
-19
-17
-16
-16
-16
-14
-14
-12
-12
-9
-9
-9
-8
-7
-6
-4
-4
-1
-2
-2
0
2
1
3
4
3
4
8
9
8
10
13
11
11
13
13
14
16
17
16
16
19
19
17
20
20
19
20
21
21
22
22
23
23
23
23
22
23
23
23
21
23
23
22
21
20
18
20
20
16
15
17
17
13
13
14
12
11
9
8
6
6
6
4
2
2
1
-1
-2
-2
-2
-4
-7
-7
-9
-10
-12
-12
-12
-13
-14
-15
-15
-16
-15
-16
-17
-17
-17
-20
-20
-17
-19
-20
-20
-18
-18
-20
-19
-19
-19
-18
-19
-20
-20
-18
-18
-18
-17
-16
-17
-19
-17
-16
-15
-16
-16
-15
-14
-12
-12
-13
-13
-12
-11
-10
-10
-9
-8
-10
-8
-7
-6
-6
-4
-3
-4
-5
-4
-3
-2
-1
-1
-4
-3
-2
-1
1
2
4
3
3
3
6
8
6
6
7
8
7
10
9
9
9
10
11
10
10
9
9
8
9
8
7
9
9
9
8
10
9
9
9
9
7
8
7
8
8
7
6
8
6
6
6
6
5
6
5
4
2
3
3
1
2
0
0
0
-1
-2
-2
-2
-2
-2
-2
-3
-3
-2
-2
-2
-3
-3
-2
-1
-2
-2
-3
-3
-4
-4
-3
-4
-4
-4
-3
-3
-4
-5
-4
-4
-3
-3
-2
-1
0
-3
-3
-1
-1
-2
-2
-1
0
-1
-1
-2
-1
0
-2
-1
-1
-1
-1
-1
0
-1
0
0
-1
1
1
1
1
1
1
2
3
3
4
5
6
5
4
6
7
6
5
6
6
6
6
5
5
5
5
5
6
5
5
4
5
5
7
6
6
6
7
7
7
6
6
5
7
7
7
7
7
7
7
7
8
7
7
6
7
8
7
6
7
6
5
5
4
4
4
3
2
1
2
1
-1
-1
-1
-2
-1
-2
-2
-2
-3
-3
-3
-4
-3
-4
-5
-5
-6
-5
-6
-6
-7
-7
-8
-8
-9
-9
-9
-9
-11
-11
-12
-12
-12
-12
-12
-13
-13
-13
-13
-12
-12
-12
-12
-12
-12
-11
-11
-11
-10
-11
-12
-11
-10
-8
-8
-8
-8
-8
-8
-7
-7
-6
-4
-4
-3
-3
-3
-2
-3
-2
-1
0
0
0
1
2
2
2
2
3
3
2
5
5
6
5
6
6
6
5
6
6
7
6
8
7
8
7
8
8
8
8
7
7
7
6
6
5
5
4
5
3
4
4
3
2
2
2
1
1
2
2
3
2
1
1
2
0
1
1
2
2
1
1
1
1
1
0
0
1
0
0
1
0
0
1
-1
-3
-2
-3
-2
-3
-2
-2
-2
-2
0
0
0
1
2
2
1
1
2
1
2
2
2
1
1
1
1
1
-1
0
0
0
-1
-1
-1
0
-1
-1
-1
-1
-2
-2
-2
-4
-3
-3
-3
-3
-3
0
-1
-1
-1
-1
-1
0
-1
-2
-1
-1
-2
-2
-1
-3
-1
-1
-1
-1
0
1
2
0
1
1
1
2
2
1
1
2
2
1
2
3
3
2
2
3
4
3
3
3
4
2
2
2
2
2
1
0
0
1
2
0
1
2
2
2
3
2
2
3
2
0
-1
-2
-2
-2
-3
-3
-2
-3
-1
-2
0
0
1
1
2
1
1
1
1
1
0
1
0
-1
-1
-2
-1
0
0
-1
-1
0
0
0
1
0
1
2
2
0
0
-1
-1
-1
-1
-2
-2
-2
-1
-1
1
1
2
2
2
2
3
1
0
1
0
-1
-1
-2
-2
-3
-3
-3
-4
-3
-2
-3
-3
-2
-2
-1
-1
0
0
-1
-1
-1
-1
0
-2
-2
-2
-2
-2
-1
-1
-2
-1
0
1
2
2
1
3
2
4
3
3
2
2
2
1
1
1
1
1
1
1
0
1
2
3
3
3
3
4
4
4
4
5
6
5
5
6
5
6
6
6
7
7
8
7
8
8
8
8
9
8
8
8
7
7
7
5
4
3
3
2
1
1
0
-1
-1
-2
-3
-1
-3
-3
-3
-3
-2
-2
-3
-3
-4
-4
-5
-5
-5
-5
-5
-6
-8
-8
-9
-10
-10
-12
-12
-12
-13
-14
-14
-13
-15
-16
-15
-15
-14
-15
-15
-14
-15
-14
-15
-14
-14
-13
-13
-12
-13
-13
-12
-12
-12
-11
-11
-11
-9
-8
-7
-6
-4
-4
-2
-1
-1
0
1
1
2
1
0
1
1
2
2
3
4
4
5
6
7
7
8
8
8
10
11
10
11
11
11
11
13
13
13
12
13
14
13
14
15
15
14
15
15
14
14
13
13
13
12
11
11
11
11
10
10
8
9
9
9
8
7
7
7
5
6
5
2
3
3
0
0
0
0
-1
-2
-2
-3
-3
-2
-2
-4
-4
-4
-4
-4
-5
-6
-7
-8
-8
-8
-8
-8
-9
-8
-10
-10
-9
-9
-9
-10
-10
-10
-10
-10
-9
-10
-10
-10
-11
-12
-10
-10
-10
-10
-10
-9
-8
-8
-9
-8
-8
-6
-7
-7
-6
-7
-8
-8
-8
-7
-6
-6
-5
-6
-4
-4
-4
-3
-2
-2
-1
-2
-1
0
0
0
0
2
3
2
3
5
5
5
5
5
6
7
6
7
8
7
8
8
10
9
10
11
12
13
14
15
16
18
17
18
18
18
18
17
18
17
17
17
16
17
17
17
18
18
18
19
19
19
20
20
20
20
20
19
18
17
15
15
16
14
14
14
13
10
9
9
8
6
6
6
5
5
4
2
2
2
0
-1
-1
-2
-3
-5
-6
-7
-9
-10
-11
-14
-15
-16
-19
-20
-22
-22
-23
-23
-24
-24
-25
-25
-26
-25
-25
-27
-25
-26
-27
-26
-28
-28
-28
-29
-29
-29
-29
-28
-28
-28
-27
-28
-26
-25
-23
-22
-21
-20
-19
-17
-16
-15
-15
-14
-13
-11
-10
-9
-8
-6
-5
-3
-3
-2
-1
0
2
3
3
5
6
7
9
11
11
12
14
14
14
15
16
17
18
19
20
21
22
22
21
21
23
23
23
22
23
23
23
24
24
25
25
25
25
25
24
24
25
24
23
23
23
22
21
20
20
18
18
19
17
18
17
15
14
14
13
10
10
9
7
5
5
4
2
2
1
-1
-1
-4
-5
-6
-7
-8
-10
-10
-11
-13
-14
-14
-16
-17
-18
-20
-21
-23
-23
-24
-24
-24
-24
-23
-24
-25
-24
-25
-25
-26
-27
-28
-30
-30
-30
-30
-30
-30
-30
-29
-29
-28
-27
-26
-26
-27
-29
-27
-27
-26
-25
-25
-22
-22
-22
-21
-21
-20
-19
-20
-17
-17
-16
-14
-12
-11
-11
-8
-6
-5
-3
-2
-2
0
1
3
5
5
6
9
10
12
14
16
17
18
19
20
21
21
22
23
22
23
25
26
27
29
30
31
30
29
29
29
28
27
27
27
26
27
27
27
25
25
24
23
22
20
20
18
18
18
18
17
17
16
16
15
15
14
13
12
10
10
10
11
11
10
10
9
9
8
9
9
7
7
7
5
4
4
4
4
3
2
2
1
-1
-1
-1
-2
-2
-2
-4
-4
-5
-6
-5
-6
-6
-5
-7
-8
-8
-8
-8
-9
-9
-10
-9
-11
-12
-11
-12
-12
-10
-11
-11
-12
-13
-12
-11
-11
-13
-13
-13
-14
-12
-12
-11
-11
-10
-9
-9
-9
-8
-8
-8
-8
-7
-5
-5
-5
-4
-4
-3
-4
-3
-3
-2
-2
-1
0
-1
-1
-1
-1
-2
-1
0
1
1
1
2
2
2
2
4
4
4
4
3
2
2
3
4
5
2
2
3
2
2
2
3
1
2
2
0
1
2
2
1
1
1
0
-2
-1
0
1
0
1
0
1
1
1
1
1
1
2
2
2
2
2
1
0
0
0
-1
0
1
-1
1
1
-1
-1
0
0
0
1
0
0
-1
-2
-1
-2
-2
-2
-2
-3
-3
-2
-3
-3
-2
-2
-3
-3
-4
-3
-4
-4
-3
-3
-3
-4
-4
-4
-4
-4
-2
-1
-2
-3
-2
-2
-2
-1
-1
-1
-1
-1
-1
-2
-1
-1
-2
-2
-2
-1
-2
-1
-1
0
-1
-1
-2
-2
0
-1
-1
0
0
0
2
2
1
1
1
1
1
1
2
1
1
2
1
1
1
1
1
3
3
3
1
1
1
2
2
2
1
2
2
2
2
2
2
3
3
3
3
3
3
2
2
3
2
2
4
3
2
2
1
1
2
3
3
2
0
0
1
0
-1
0
-1
0
-1
0
-3
-3
-2
-1
-2
-1
-2
-3
-1
-2
-1
-1
0
-1
-1
-1
-2
-3
-2
-2
-2
-1
-1
-2
-1
-1
-1
-1
-1
0
-1
-1
0
-1
-1
-2
0
-1
-2
-1
-2
-1
-2
-2
-1
-2
-1
-2
-2
-3
-2
-3
-3
-2
-2
-3
-2
-2
-2
-2
-2
-2
-1
0
0
0
1
0
1
2
2
2
2
3
3
2
2
3
3
2
4
3
2
6
5
4
5
5
5
5
5
6
6
5
4
5
4
3
3
4
4
5
4
4
3
3
3
4
4
4
3
2
3
1
1
1
1
2
1
0
1
2
0
0
0
1
0
1
0
0
-1
-1
-1
-1
-2
-1
-2
-2
-3
-2
-2
-3
-1
-2
-3
-3
-3
-3
-2
-2
-4
-4
-4
-4
-4
-5
-4
-5
-4
-3
-3
-3
-4
-3
-3
-3
-3
-4
-3
-3
-2
-3
-3
-1
-1
0
1
0
-1
0
0
0
0
0
0
0
1
0
1
0
0
-1
-1
0
1
0
-1
-1
0
0
-1
-1
0
-1
-1
-1
-3
-1
-2
-2
-1
-2
-3
-2
-1
0
0
1
0
0
0
0
0
-1
0
0
1
1
1
1
1
1
3
2
3
2
1
3
1
2
2
3
4
3
4
3
2
3
4
3
3
2
2
1
1
1
2
2
2
3
3
3
2
2
2
1
0
0
-1
-2
-2
0
1
1
0
0
-1
-1
-1
-1
-1
0
-1
-1
-2
-3
-2
-2
-2
-1
-1
-1
-1
-1
0
0
0
0
0
1
0
-1
-3
-2
0
-1
0
-1
-1
-1
-1
-1
-1
0
1
1
0
0
-1
-2
-1
-1
-2
-1
-2
-3
-2
-3
-1
0
-1
-1
-2
-2
-2
-2
-1
-1
-1
0
0
0
-1
-1
-1
-1
-1
0
-1
0
-1
-3
-3
-2
-1
0
1
1
1
1
-1
0
1
1
2
2
2
1
2
1
1
2
1
2
2
3
2
3
2
2
3
2
2
2
3
3
3
2
2
1
3
3
2
2
2
1
2
1
2
2
2
3
2
2
1
0
2
1
1
0
0
1
1
1
0
1
0
0
1
1
1
1
0
-1
0
1
-1
0
0
1
0
-1
0
-1
-1
-1
-2
-2
-2
-2
-2
-1
-2
-2
-4
-4
-3
-3
-3
-3
-3
-2
-3
-4
-3
-4
-4
-4
-4
-3
-4
-4
-4
-3
-3
-3
-3
-3
-2
-2
-2
-2
-1
-2
0
0
0
0
0
0
2
1
1
1
2
3
2
3
3
3
4
5
5
6
5
5
5
5
5
4
6
5
5
5
5
5
4
4
4
4
3
4
3
2
2
2
2
1
0
1
0
0
0
0
1
0
1
0
0
-1
-1
-1
-1
1
-1
-1
0
-1
-2
-1
-2
-2
-1
0
-1
0
0
-1
-1
-1
-1
-1
-1
0
0
0
-1
-1
0
-1
-2
-2
-2
-1
-2
-1
-1
-1
-1
-2
-1
-1
-3
-3
-3
-2
-3
-3
-3
-3
-3
-4
-4
-3
-1
-2
-2
-2
-3
-3
-3
-3
-3
-3
-2
-3
-4
-3
-3
-4
