-2
-1
0
0
2
2
1
0
-1
-2
-1
-1
1
2
2
2
0
-3
-2
-5
-2
-1
0
1
1
-1
-1
-2
-3
-2
-3
0
-1
0
0
-2
-1
-2
-2
1
0
-2
0
-1
-2
-1
-3
-2
-1
-2
-1
-4
-3
-4
-4
-3
-2
-2
-1
0
0
2
0
0
2
1
1
2
2
3
2
3
2
0
0
0
1
0
2
0
1
1
1
2
-1
-1
-1
0
1
2
5
4
5
3
1
1
1
3
3
5
3
4
0
-3
-3
-4
-2
-1
-1
0
-2
-5
-6
-6
-10
-5
-5
-1
3
0
2
1
-2
-2
-1
-3
1
4
4
9
6
8
4
-1
0
-4
1
0
4
6
11
6
1
-5
-12
-7
-7
-1
4
2
0
-5
-9
-10
-6
-5
-1
0
-3
-1
-7
-7
-2
-3
1
1
0
-1
-5
-6
-5
-3
1
5
4
5
4
3
5
7
11
16
19
22
24
20
18
14
14
20
19
20
18
13
9
4
2
2
6
6
12
7
5
3
-4
2
1
5
7
6
7
3
4
2
3
3
-1
-4
-5
-9
-12
-12
-20
-17
-18
-26
-20
-34
-39
-39
-47
-42
-38
-45
-39
-44
-51
-38
-44
-35
-25
-29
-19
-27
-32
-29
-34
-35
-29
-38
-37
-44
-61
-55
-69
-65
-72
-89
-94
-103
-97
-81
-48
-15
30
50
49
47
16
26
52
107
181
231
252
237
191
125
93
75
99
137
148
152
104
31
-40
-109
-140
-141
-119
-90
-70
-78
-109
-158
-192
-191
-160
-104
-51
-5
16
14
2
-15
-12
9
50
94
119
125
111
96
90
90
107
112
114
121
106
103
90
81
97
101
104
105
91
96
108
104
122
130
130
146
130
137
141
131
141
128
121
117
96
82
69
47
47
36
17
3
-34
-55
-76
-102
-110
-132
-145
-157
-178
-195
-211
-230
-231
-233
-220
-194
-197
-206
-220
-231
-223
-206
-195
-163
-144
-148
-143
-171
-178
-163
-158
-141
-129
-145
-163
-200
-229
-173
-69
61
135
90
-12
-102
-138
-92
16
157
336
430
395
245
64
-20
-1
99
221
333
368
315
179
8
-110
-184
-177
-112
-20
60
61
-29
-168
-288
-340
-303
-216
-112
-23
5
-11
-70
-152
-207
-208
-140
-26
79
126
117
63
1
-31
-25
22
73
109
125
131
119
98
72
48
89
122
173
205
196
203
188
189
192
208
212
238
254
272
306
274
276
251
239
259
235
232
206
188
175
150
125
96
60
20
10
-11
-12
-27
-61
-75
-111
-117
-126
-133
-127
-138
-126
-117
-102
-100
-106
-116
-118
-97
-77
-54
-49
-46
-43
-40
-42
-69
-99
-111
-89
-70
-71
-89
-108
-101
-109
-140
-174
-204
-202
-188
-174
-162
-170
-197
-229
-246
-229
-184
-149
-114
-104
-116
-130
-154
-150
-130
-87
-30
10
31
20
-1
-24
-28
-20
-2
23
41
53
47
38
23
-4
-29
-56
-58
-38
-10
15
19
9
-9
-26
-37
-35
-21
-4
16
28
31
26
15
6
-4
-4
6
28
46
53
50
40
34
27
23
24
28
38
52
64
80
87
92
100
104
115
126
135
146
151
156
162
166
177
190
197
205
198
192
189
182
179
181
186
190
190
181
169
154
141
141
142
140
136
134
135
134
123
99
82
71
75
77
66
57
40
29
17
1
-12
-28
-36
-36
-32
-30
-32
-47
-70
-91
-101
-98
-97
-95
-91
-87
-80
-90
-110
-136
-148
-143
-139
-135
-142
-149
-159
-166
-178
-196
-210
-225
-226
-221
-218
-217
-227
-233
-235
-235
-240
-243
-243
-237
-222
-210
-200
-206
-225
-236
-231
-209
-183
-161
-146
-139
-134
-137
-141
-138
-130
-117
-96
-69
-41
-24
-18
-14
-11
-5
3
14
36
61
85
103
108
107
103
107
121
138
150
153
146
136
133
137
147
152
149
144
141
137
134
132
135
145
150
152
149
143
141
144
153
160
165
170
174
177
178
182
179
177
179
183
190
194
195
196
197
196
197
196
189
178
169
166
164
167
172
169
155
138
120
106
101
94
88
83
74
73
68
56
37
6
-18
-30
-31
-29
-32
-41
-58
-72
-89
-109
-126
-138
-139
-137
-142
-149
-159
-171
-186
-200
-208
-216
-219
-219
-218
-221
-233
-249
-266
-280
-289
-292
-290
-287
-283
-282
-283
-278
-291
-322
-351
-361
-334
-290
-250
-217
-196
-189
-198
-211
-202
-164
-116
-68
-38
-25
-17
-21
-16
6
27
43
58
72
89
102
104
98
100
113
125
128
125
122
123
126
129
126
122
124
135
147
154
146
126
111
109
120
135
146
154
151
133
111
96
103
121
141
156
162
167
159
139
130
130
135
147
151
157
177
194
192
193
201
200
201
219
239
240
239
238
226
228
220
199
186
196
197
165
159
171
164
141
112
95
82
90
94
66
61
72
66
48
16
-33
-74
-63
-44
-39
-31
-43
-72
-132
-180
-205
-212
-189
-171
-143
-145
-201
-254
-289
-289
-267
-256
-246
-227
-229
-269
-307
-313
-315
-329
-338
-341
-343
-349
-373
-407
-425
-415
-396
-386
-364
-355
-360
-377
-389
-371
-342
-289
-238
-187
-157
-158
-170
-171
-145
-103
-44
22
85
118
114
97
76
75
97
136
181
222
235
217
189
162
149
146
158
184
201
194
173
141
117
100
82
77
86
102
102
86
63
35
25
24
36
71
94
124
129
120
126
127
156
194
244
276
289
287
285
297
312
350
387
424
445
433
416
384
367
361
368
383
385
368
336
294
248
205
177
211
246
229
171
114
83
107
105
43
42
54
41
-9
-95
-148
-134
-97
-103
-131
-182
-221
-222
-239
-277
-327
-333
-296
-264
-271
-310
-331
-334
-335
-344
-343
-310
-275
-269
-294
-317
-339
-325
-310
-322
-331
-346
-357
-383
-425
-489
-482
-434
-373
-327
-354
-372
-411
-446
-460
-433
-331
-214
-120
-103
-132
-170
-183
-153
-69
55
156
231
241
211
172
137
148
205
284
351
367
334
274
201
156
153
200
253
278
267
197
135
73
44
45
67
105
110
80
25
-33
-81
-86
-63
-9
45
59
33
-11
-43
-43
10
102
212
285
296
246
195
204
261
380
512
613
641
587
505
448
467
547
647
714
717
635
506
413
356
358
387
399
395
337
233
114
15
-24
-15
15
30
7
-69
-178
-262
-307
-297
-261
-229
-231
-300
-348
-371
-403
-405
-365
-301
-275
-301
-367
-416
-421
-400
-380
-342
-272
-260
-281
-324
-368
-388
-380
-321
-249
-219
-254
-295
-353
-398
-439
-449
-339
-276
-203
-249
-335
-391
-479
-451
-419
-278
-157
-103
-120
-227
-287
-333
-244
-144
4
105
91
75
-24
-45
-22
54
157
223
247
201
140
89
91
125
192
246
270
256
189
120
68
95
124
166
169
142
102
13
-32
-61
-27
-4
17
2
-38
-72
-114
-106
-93
-23
29
110
148
143
131
82
142
230
381
495
562
595
552
535
528
604
720
839
885
836
768
657
629
637
676
731
690
623
493
373
295
252
251
249
205
136
36
-72
-139
-187
-201
-213
-231
-280
-341
-413
-448
-442
-427
-407
-421
-447
-479
-510
-496
-457
-433
-419
-439
-474
-474
-458
-414
-383
-346
-347
-370
-389
-385
-360
-321
-286
-285
-307
-351
-409
-401
-347
-257
-150
-169
-208
-355
-432
-416
-340
-137
-36
21
-83
-242
-358
-371
-208
-27
146
141
39
-129
-245
-180
-47
147
210
172
54
-84
-110
-58
75
172
216
152
64
3
-9
69
138
219
198
146
59
14
26
81
158
154
134
33
-37
-65
-8
91
134
169
128
82
46
53
107
202
305
342
350
331
333
367
449
542
605
655
674
658
663
683
720
758
791
792
742
692
641
612
620
621
583
509
426
350
274
236
212
179
122
37
-65
-157
-204
-235
-256
-265
-300
-372
-451
-511
-539
-536
-512
-499
-512
-546
-594
-614
-618
-577
-530
-499
-490
-511
-527
-542
-499
-445
-403
-376
-379
-395
-427
-420
-405
-382
-337
-280
-209
-210
-256
-321
-396
-331
-237
-142
-87
-89
-122
-207
-231
-228
-160
-59
9
-9
-94
-151
-186
-141
-38
22
3
-88
-158
-174
-125
-33
2
-24
-72
-121
-132
-77
22
68
62
34
-6
-16
19
91
156
190
188
118
60
70
125
198
247
268
236
178
196
227
273
343
312
302
302
350
398
427
472
463
455
464
500
550
642
665
618
600
573
615
662
709
725
662
618
566
554
584
592
556
495
425
356
315
288
275
221
156
78
-4
-51
-80
-93
-130
-174
-237
-299
-354
-353
-356
-379
-384
-440
-479
-511
-520
-517
-516
-504
-518
-547
-567
-559
-562
-531
-496
-509
-512
-539
-561
-535
-523
-467
-436
-389
-323
-363
-405
-445
-393
-313
-234
-189
-202
-195
-226
-222
-215
-150
-78
-63
-55
-117
-157
-173
-121
-50
-15
-12
-116
-185
-206
-157
-73
-43
-48
-113
-167
-200
-177
-123
-52
-46
-93
-105
-139
-120
-102
-52
-3
-6
-9
-47
-35
-7
58
83
111
133
115
186
172
233
281
282
331
348
386
418
477
502
552
566
589
627
636
733
714
690
729
701
743
775
753
733
702
684
676
663
661
638
546
533
491
431
434
376
330
270
214
160
114
90
76
23
-39
-53
-126
-164
-166
-178
-185
-211
-260
-335
-381
-385
-346
-347
-337
-375
-464
-487
-512
-502
-485
-459
-457
-505
-549
-572
-601
-586
-507
-480
-416
-406
-514
-575
-591
-458
-336
-327
-312
-346
-334
-286
-288
-305
-222
-168
-127
-106
-190
-191
-219
-156
-37
-61
-92
-165
-211
-162
-111
-117
-132
-167
-188
-162
-211
-186
-160
-184
-155
-198
-225
-232
-234
-204
-167
-158
-183
-214
-261
-207
-175
-168
-123
-144
-110
-85
-56
-3
4
55
89
128
209
270
277
313
387
423
476
506
541
601
665
693
655
675
732
771
820
825
774
734
744
771
792
799
749
667
624
628
605
574
556
510
451
388
329
281
276
278
248
190
133
91
47
56
69
40
-9
-56
-90
-117
-108
-108
-139
-186
-217
-247
-259
-254
-273
-297
-331
-367
-433
-470
-481
-422
-327
-340
-412
-556
-602
-503
-394
-353
-403
-401
-381
-371
-399
-415
-366
-281
-177
-226
-317
-352
-349
-248
-170
-158
-246
-335
-323
-267
-220
-221
-241
-291
-268
-248
-292
-275
-234
-182
-209
-280
-299
-285
-241
-204
-212
-255
-265
-309
-327
-272
-238
-238
-268
-275
-267
-258
-251
-228
-197
-158
-139
-163
-119
-37
23
45
61
101
160
221
263
317
364
408
447
487
543
583
619
643
677
719
728
732
752
773
770
748
739
751
768
753
709
651
624
617
593
570
518
473
434
396
377
330
275
232
210
207
176
125
95
93
63
13
-40
-68
-44
-50
-68
-126
-167
-196
-216
-189
-201
-242
-283
-357
-271
-153
-240
-278
-415
-380
-267
-259
-255
-323
-236
-171
-202
-372
-367
-272
-165
-29
-237
-310
-331
-314
-170
-205
-183
-264
-331
-338
-345
-340
-336
-262
-341
-317
-397
-504
-399
-355
-251
-331
-437
-430
-418
-376
-363
-324
-382
-361
-423
-483
-359
-356
-310
-349
-391
-366
-377
-356
-288
-235
-254
-207
-278
-210
-95
-107
-37
-46
-3
53
86
124
209
236
260
318
297
406
429
443
520
504
560
574
578
640
673
660
657
656
668
713
674
667
657
608
615
576
553
576
553
515
448
381
368
357
340
347
303
221
167
121
129
153
126
50
-1
7
8
-32
-77
-66
-113
-120
-133
-218
-217
-158
-7
-103
-186
-256
-311
-114
-64
-71
-140
-33
42
-57
-112
-99
56
99
172
56
-79
26
25
69
42
11
14
-58
-79
-125
-134
-156
-137
-182
-276
-284
-366
-318
-286
-348
-389
-508
-490
-463
-498
-512
-516
-525
-577
-596
-683
-633
-562
-588
-583
-657
-627
-617
-624
-560
-524
-533
-511
-467
-462
-351
-320
-306
-255
-220
-152
-136
-79
19
88
107
161
175
210
301
336
390
442
473
462
475
533
586
575
558
595
599
613
611
582
580
574
542
499
475
486
484
418
385
370
336
302
272
291
286
236
195
147
116
162
157
85
72
85
73
24
-21
-32
-42
-10
-38
-126
-144
1
75
16
-43
-189
-118
14
77
72
116
219
175
102
49
156
321
456
429
230
231
292
317
386
388
358
275
234
190
167
203
206
188
71
3
-78
-115
-14
-41
-107
-239
-345
-349
-360
-363
-421
-435
-521
-606
-688
-731
-642
-673
-705
-780
-842
-826
-850
-848
-805
-755
-780
-797
-804
-754
-645
-631
-588
-536
-474
-424
-420
-340
-204
-120
-107
-75
-44
48
142
185
248
288
330
349
342
411
490
510
515
499
483
492
502
517
534
498
451
407
368
377
362
321
286
271
234
180
168
159
150
95
39
41
57
61
16
-51
-30
-6
-25
-92
-85
-38
-30
-90
-135
-160
-101
122
46
-6
-104
-123
67
97
120
132
273
334
283
139
166
442
551
609
452
354
454
495
592
550
570
582
501
441
368
412
452
499
420
282
208
135
194
244
212
108
-48
-94
-110
-114
-160
-167
-195
-329
-421
-555
-520
-467
-493
-546
-686
-715
-760
-777
-759
-717
-712
-794
-832
-840
-752
-698
-680
-661
-653
-612
-607
-562
-467
-353
-304
-312
-305
-247
-142
-42
26
54
76
93
124
183
249
294
318
305
303
317
311
349
361
349
344
288
247
248
266
263
246
182
116
84
93
130
109
10
-45
-50
-65
-60
-82
-120
-132
-141
-160
-229
-229
-203
-193
-186
-276
-312
-299
-66
-25
-88
-175
-283
-52
-1
31
71
203
340
270
142
122
414
590
688
585
415
535
564
672
737
725
760
652
590
545
593
663
703
663
502
417
319
393
512
475
392
195
124
130
115
110
87
73
-60
-173
-310
-299
-204
-252
-295
-456
-533
-559
-602
-563
-545
-533
-621
-687
-705
-642
-558
-571
-546
-578
-543
-518
-494
-405
-338
-270
-277
-265
-236
-157
-69
-19
45
33
20
48
100
190
219
205
179
158
168
188
218
213
207
160
96
85
69
90
87
46
-19
-72
-93
-113
-92
-82
-116
-194
-227
-243
-245
-205
-236
-271
-295
-307
-322
-354
-331
-325
-312
-372
-400
-426
-274
-115
-225
-227
-399
-291
-91
-86
-14
33
177
184
124
16
207
476
564
612
394
421
526
577
715
678
714
673
596
563
576
641
664
682
564
486
396
352
506
540
493
340
174
182
205
221
193
172
96
9
-105
-191
-89
-84
-95
-164
-305
-339
-394
-375
-330
-290
-332
-422
-468
-432
-337
-318
-285
-319
-308
-278
-288
-221
-129
-57
-61
-97
-102
-35
48
127
153
137
123
98
114
174
221
218
188
132
95
83
95
122
95
43
-36
-98
-116
-117
-122
-157
-205
-267
-332
-352
-337
-324
-341
-396
-442
-472
-473
-473
-468
-455
-477
-483
-514
-560
-541
-507
-499
-467
-528
-513
-296
-325
-303
-379
-460
-197
-131
-115
-53
77
204
234
76
60
354
535
705
550
397
516
555
696
720
696
737
664
582
542
547
570
638
586
487
399
225
299
403
402
355
139
51
69
79
73
75
45
-20
-89
-252
-218
-153
-116
-58
-161
-253
-308
-355
-258
-134
-118
-162
-217
-234
-142
12
-33
48
67
19
101
90
172
312
387
344
304
251
313
448
497
602
503
376
387
335
441
457
379
354
242
160
120
80
83
127
0
-110
-217
-327
-244
-259
-291
-372
-515
-562
-571
-561
-525
-521
-622
-657
-722
-750
-663
-630
-602
-632
-694
-752
-762
-721
-657
-561
-643
-610
-436
-509
-413
-514
-541
-230
-180
-160
-170
-33
160
262
97
25
267
430
694
560
411
520
498
677
639
589
666
607
570
488
408
363
469
443
392
305
33
97
143
163
154
-47
-89
-99
-145
-195
-153
-175
-164
-205
-383
-346
-351
-311
-186
-224
-244
-311
-397
-310
-163
-88
-35
-87
-84
-4
79
197
205
329
357
337
407
473
581
695
757
701
684
630
679
795
896
925
752
648
612
616
677
608
539
469
346
239
139
108
129
111
-56
-189
-319
-345
-298
-347
-387
-508
-604
-656
-681
-627
-600
-637
-711
-763
-815
-792
-754
-705
-664
-675
-767
-838
-853
-760
-655
-525
-268
-434
-492
-663
-675
-222
-60
-4
-50
23
135
212
66
91
448
602
757
511
298
457
524
765
727
580
495
336
372
403
392
277
237
145
99
1
-244
-144
-72
-42
-205
-503
-538
-462
-391
-424
-444
-531
-571
-619
-680
-564
-518
-475
-460
-468
-456
-498
-482
-332
-191
-150
-121
-131
-124
43
179
227
417
451
447
493
451
625
806
851
920
940
886
899
856
858
1022
1057
1053
896
749
803
733
721
704
580
527
377
243
229
205
131
85
-70
-168
-183
-284
-211
-265
-373
-406
-508
-525
-515
-546
-525
-514
-576
-601
-640
-664
-576
-595
-558
-585
-646
-665
-700
-680
-502
-168
-215
-247
-545
-648
-256
-121
64
103
217
358
276
43
3
372
697
960
702
385
337
295
629
763
739
591
290
211
156
167
144
213
179
69
-215
-581
-496
-336
-144
-223
-542
-766
-881
-829
-695
-538
-571
-685
-876
-984
-877
-794
-670
-520
-456
-538
-697
-783
-625
-321
-106
-62
-169
-264
-202
-53
128
385
444
395
371
340
480
640
717
805
885
834
706
659
706
952
1041
915
741
595
646
681
715
687
592
465
328
264
260
300
264
228
124
-30
-116
-127
-35
24
-30
-160
-252
-280
-272
-240
-222
-199
-253
-379
-432
-402
-329
-285
-323
-419
-437
-474
-548
-480
-442
-152
45
-128
-258
-548
-400
-37
143
269
330
403
392
317
75
256
626
901
1071
699
466
324
387
742
867
836
529
271
145
152
109
107
190
131
11
-424
-662
-566
-408
-256
-365
-607
-857
-991
-958
-777
-620
-637
-734
-918
-980
-952
-894
-701
-498
-424
-495
-696
-808
-651
-368
-103
-4
-86
-183
-247
-203
77
301
457
469
278
239
228
310
530
711
809
708
442
265
350
545
778
795
626
465
236
261
334
424
523
415
290
134
-15
-3
146
219
248
110
-110
-140
-147
-75
2
-11
-48
-164
-277
-324
-312
-251
-225
-220
-273
-382
-502
-531
-468
-381
-327
-454
-499
-579
-302
-40
-11
-13
-355
-220
-52
98
294
463
787
856
655
268
346
619
1032
1339
1162
1013
578
398
571
803
1013
809
556
314
85
-114
-130
2
188
171
-281
-616
-829
-790
-549
-438
-426
-595
-852
-999
-953
-812
-630
-541
-553
-578
-680
-765
-708
-492
-229
-94
-192
-378
-460
-382
-215
-37
95
113
7
-124
-153
-65
90
188
210
188
99
-30
-63
72
297
400
327
158
41
63
184
350
452
473
363
237
183
197
278
365
448
414
286
129
10
46
132
189
158
71
-89
-262
-352
-361
-261
-239
-278
-421
-599
-689
-730
-614
-475
-422
-490
-638
-753
-769
-693
-517
-301
25
253
182
-12
-270
-101
238
570
865
1020
1220
1120
854
627
718
976
1276
1498
1442
1253
701
336
395
607
828
703
473
235
-158
-514
-585
-397
-102
-16
-252
-480
-772
-918
-754
-478
-144
-79
-282
-425
-454
-391
-214
-66
103
218
134
-28
-160
-109
43
153
125
24
-135
-311
-369
-384
-294
-266
-382
-402
-438
-499
-515
-569
-418
-222
-170
-151
-154
-63
69
135
221
391
468
530
548
563
680
668
626
613
610
568
424
265
176
134
32
-105
-261
-374
-491
-629
-681
-713
-737
-778
-852
-865
-821
-799
-778
-713
-612
-507
-479
-466
-392
-266
-168
-161
-177
-172
-172
-120
-16
254
605
633
435
93
-4
135
223
425
719
1091
1125
761
265
59
168
401
778
1031
1065
697
192
-45
-18
115
237
471
629
493
64
-333
-370
-162
140
406
565
495
218
-59
-146
-14
186
340
449
462
270
-40
-312
-375
-230
-68
-33
-134
-268
-463
-640
-746
-766
-680
-637
-587
-508
-468
-491
-590
-580
-315
-57
150
229
259
350
329
319
394
614
808
824
701
561
447
312
262
278
356
304
96
-62
-265
-429
-522
-559
-426
-338
-391
-471
-563
-574
-550
-499
-301
-78
41
46
-68
-142
-135
-107
-19
26
29
-45
-252
-465
-608
-681
-652
-645
-686
-835
-1063
-1222
-1241
-1080
-1005
-625
-120
109
87
-266
-307
-47
365
744
1124
1558
1697
1458
973
746
640
745
982
1137
1265
918
406
-59
-443
-481
-383
-184
20
29
-124
-319
-512
-497
-291
52
545
819
858
719
489
416
449
550
685
721
674
498
169
-155
-440
-611
-662
-666
-578
-557
-669
-856
-1071
-1137
-1038
-804
-459
-179
15
135
183
243
390
602
845
1051
1092
1027
849
641
487
434
498
522
418
191
-77
-332
-472
-455
-304
-141
-91
-78
-140
-221
-257
-174
91
324
450
495
414
281
125
55
124
184
131
-36
-245
-468
-679
-847
-957
-1039
-1117
-1193
-1192
-1110
-1038
-1061
-1108
-1113
-1005
-858
-702
-504
-405
-218
-52
300
656
742
670
440
475
456
381
402
614
982
1053
768
231
-211
-507
-480
-262
28
266
226
206
68
-110
-276
-332
-23
379
738
956
963
845
648
465
429
527
660
765
732
571
298
-58
-410
-636
-689
-615
-509
-489
-506
-629
-790
-871
-802
-532
-240
-32
61
100
114
149
193
257
378
456
526
529
459
388
290
302
305
280
219
110
108
94
116
116
179
293
350
388
358
394
420
476
516
551
564
507
481
374
260
111
-18
-63
-95
-148
-233
-295
-396
-467
-543
-586
-525
-455
-361
-310
-323
-427
-567
-644
-581
-444
-353
-367
-488
-574
-648
-735
-848
-957
-925
-874
-876
-831
-746
-514
-180
125
277
204
125
92
165
299
531
873
1062
1108
904
598
262
-69
-185
-113
105
243
261
226
117
-103
-407
-564
-446
-176
99
346
498
535
441
295
206
171
192
224
280
285
216
35
-212
-401
-517
-538
-564
-569
-524
-466
-388
-309
-208
-130
-108
-109
-59
39
113
150
157
230
323
368
351
250
123
-4
-63
18
211
428
536
535
484
404
328
317
392
565
763
929
995
895
695
453
319
296
301
308
266
256
212
89
-75
-260
-367
-416
-427
-411
-340
-263
-236
-212
-206
-180
-187
-247
-280
-311
-333
-371
-450
-492
-542
-596
-656
-736
-792
-845
-875
-867
-804
-736
-659
-649
-628
-456
-213
124
450
702
752
572
394
305
306
328
410
572
712
700
404
11
-326
-499
-532
-468
-293
-158
-47
28
92
76
-22
-89
-86
29
158
308
416
482
523
453
306
99
-84
-222
-298
-324
-342
-356
-401
-437
-445
-468
-506
-537
-515
-394
-213
-33
123
183
146
61
-54
-109
-99
-43
56
164
232
256
239
221
227
241
264
296
413
596
808
940
986
1023
982
905
746
612
571
531
493
432
357
231
81
-63
-177
-255
-296
-269
-195
-82
-20
0
3
4
39
54
55
61
105
155
188
191
131
46
-87
-233
-367
-499
-606
-674
-687
-641
-581
-559
-538
-542
-522
-472
-469
-472
-467
-381
-254
-200
-159
-87
31
166
295
462
571
533
361
187
80
24
38
115
260
323
233
39
-167
-326
-481
-530
-460
-316
-171
-49
69
105
64
-13
-54
-91
-101
-34
69
202
246
238
158
1
-177
-356
-485
-612
-707
-738
-702
-647
-556
-477
-451
-447
-475
-436
-324
-154
46
225
370
432
441
418
401
386
360
365
395
421
409
345
293
259
233
211
173
197
247
348
479
555
571
522
506
478
410
310
211
207
268
340
324
261
194
143
100
4
-75
-120
-105
-50
4
59
74
39
-19
-63
-104
-142
-174
-157
-94
-14
28
16
-15
-42
-51
-87
-144
-204
-235
-255
-236
-139
-39
26
36
-7
-72
-175
-312
-446
-524
-487
-456
-412
-290
-99
145
300
431
437
367
252
103
33
23
177
335
496
517
383
149
-151
-398
-645
-715
-692
-578
-413
-269
-141
-138
-164
-249
-348
-474
-551
-532
-473
-330
-199
-61
-19
-66
-168
-305
-387
-466
-492
-492
-405
-273
-103
53
144
199
145
83
28
44
84
119
175
232
321
313
247
128
10
-78
-127
-81
-18
61
124
207
281
344
400
410
449
451
500
626
700
715
661
611
506
329
139
-4
-48
-20
34
7
29
58
55
36
-4
2
-5
36
103
182
214
217
233
252
285
249
172
88
56
57
35
9
9
42
81
118
127
126
95
52
34
81
167
224
248
193
145
83
-4
-105
-211
-273
-360
-461
-613
-688
-639
-473
-234
-4
242
328
261
89
-45
-110
-151
-118
-16
163
228
172
-49
-342
-608
-835
-916
-902
-765
-615
-457
-332
-245
-184
-191
-177
-212
-212
-185
-143
-84
-40
46
97
135
117
72
-27
-174
-295
-406
-454
-462
-378
-259
-148
-82
-94
-100
-106
-61
7
93
160
190
204
187
186
163
137
99
48
24
10
12
12
52
113
188
237
232
226
211
214
227
276
305
273
238
219
233
262
300
298
304
321
316
282
244
251
251
280
311
327
324
296
271
227
192
182
210
236
247
242
231
242
259
303
341
370
371
330
283
251
230
209
198
191
165
105
36
-22
-70
-155
-259
-345
-383
-385
-378
-412
-505
-634
-749
-794
-776
-663
-508
-308
-94
103
242
250
187
87
24
-33
-86
-120
-129
-110
-131
-165
-214
-251
-302
-370
-400
-407
-389
-348
-253
-132
-50
-38
-78
-125
-174
-207
-229
-214
-184
-145
-84
-6
84
142
137
64
-68
-206
-305
-363
-368
-334
-289
-222
-165
-105
-90
-125
-146
-175
-175
-165
-154
-154
-144
-118
-84
-29
22
69
86
116
155
196
238
247
248
245
277
298
300
307
317
317
274
261
256
252
282
320
370
415
459
476
486
527
557
577
593
604
599
579
557
519
462
393
330
261
193
140
96
74
62
65
68
62
41
-9
-51
-66
-65
-60
-53
-35
1
39
75
80
47
4
-54
-94
-134
-178
-208
-237
-272
-315
-359
-432
-510
-555
-590
-630
-654
-625
-505
-309
-122
15
109
178
207
173
113
34
-44
-80
-62
-18
-9
-39
-93
-174
-284
-409
-502
-562
-587
-578
-529
-447
-352
-257
-181
-118
-74
-72
-97
-137
-170
-190
-199
-191
-177
-171
-173
-198
-261
-344
-424
-500
-556
-558
-501
-423
-334
-204
-72
40
133
197
220
192
151
94
20
-34
-41
-7
43
98
149
198
265
336
391
426
438
435
457
536
644
752
828
858
823
751
661
549
441
383
360
351
360
350
329
309
292
260
230
198
166
157
165
201
234
269
293
304
303
285
246
176
102
38
2
-6
-6
8
27
47
54
56
60
63
63
60
65
59
53
53
54
52
17
-57
-154
-252
-313
-359
-414
-457
-469
-436
-414
-393
-365
-339
-340
-384
-430
-402
-293
-217
-164
-80
15
34
-14
-61
-131
-218
-308
-380
-429
-436
-434
-455
-473
-484
-494
-516
-508
-484
-476
-459
-440
-418
-400
-369
-317
-272
-243
-220
-211
-191
-148
-99
-54
-30
-14
4
23
42
60
58
20
-21
-19
16
59
93
116
140
159
172
186
194
191
173
157
171
216
281
339
388
435
486
516
494
445
390
354
353
377
395
420
477
495
464
423
382
320
250
203
182
209
256
290
297
340
371
354
320
298
286
262
267
266
247
217
203
180
138
107
84
67
52
71
116
175
214
237
263
281
265
202
118
32
-28
-80
-118
-130
-111
-82
-75
-85
-113
-170
-246
-320
-373
-389
-367
-313
-279
-261
-265
-295
-344
-420
-505
-612
-703
-769
-808
-831
-819
-734
-627
-566
-555
-500
-419
-398
-404
-371
-299
-247
-202
-194
-216
-221
-237
-274
-322
-339
-349
-361
-357
-326
-290
-265
-218
-182
-133
-69
6
57
75
121
183
227
260
301
313
301
287
269
226
170
145
140
126
110
91
47
12
11
46
97
157
209
213
206
224
252
239
215
204
199
213
229
260
270
270
286
313
339
339
313
296
326
365
397
430
467
507
541
560
564
542
498
453
406
360
304
249
214
195
192
187
179
189
211
230
233
226
220
229
258
291
319
317
290
248
186
123
58
13
-18
-47
-84
-131
-174
-206
-217
-249
-293
-338
-368
-369
-374
-388
-418
-452
-464
-447
-426
-423
-413
-415
-436
-454
-468
-527
-613
-657
-666
-664
-661
-643
-602
-512
-427
-396
-408
-438
-449
-421
-355
-300
-246
-200
-131
-71
-38
-46
-74
-47
2
17
-37
-74
-86
-74
-57
-43
-33
-31
-9
-9
1
4
22
44
71
114
139
154
156
157
143
135
106
53
8
-23
-34
-49
-43
-13
36
92
146
188
224
248
239
233
228
214
214
249
278
275
266
269
280
292
316
335
344
358
364
346
350
392
438
474
501
547
585
613
624
603
566
532
501
461
446
442
437
415
381
339
282
223
154
89
35
9
-4
-14
-14
-19
-31
-45
-60
-85
-123
-167
-210
-236
-235
-223
-213
-206
-210
-225
-240
-257
-280
-307
-333
-334
-322
-304
-303
-332
-362
-374
-391
-420
-441
-445
-418
-370
-323
-304
-289
-262
-253
-261
-274
-292
-327
-349
-335
-293
-247
-203
-163
-143
-143
-158
-188
-223
-234
-250
-264
-260
-258
-302
-355
-366
-340
-307
-289
-272
-271
-267
-248
-223
-198
-166
-101
-32
15
40
62
57
32
24
16
-11
-42
-40
-6
41
78
84
84
129
194
206
192
206
230
247
286
341
380
401
420
422
390
364
368
372
381
422
481
526
543
546
537
516
500
479
445
414
398
376
343
314
293
278
261
249
237
212
177
134
95
74
68
67
70
82
121
160
179
177
143
100
58
15
-25
-68
-110
-142
-157
-157
-151
-162
-176
-172
-152
-135
-126
-121
-112
-97
-87
-97
-120
-147
-171
-185
-193
-186
-169
-155
-159
-169
-170
-172
-180
-189
-194
-203
-216
-228
-243
-260
-272
-284
-306
-324
-332
-349
-364
-347
-321
-301
-293
-293
-296
-301
-289
-283
-292
-313
-315
-300
-282
-265
-256
-260
-280
-294
-288
-284
-299
-316
-319
-302
-264
-209
-158
-117
-67
-9
34
47
52
68
96
121
136
152
194
249
275
267
242
219
208
213
219
228
269
335
385
408
422
437
444
441
418
373
335
318
316
313
314
318
324
338
351
340
311
286
259
237
237
246
243
245
258
277
280
259
210
150
110
85
64
42
37
45
54
58
62
56
38
7
-18
-31
-35
-24
-3
25
56
89
113
122
121
117
104
74
40
5
-24
-38
-42
-42
-46
-62
-86
-115
-148
-187
-227
-248
-243
-221
-198
-175
-162
-160
-161
-163
-170
-186
-204
-217
-226
-243
-270
-301
-326
-344
-357
-363
-354
-349
-346
-337
-321
-300
-289
-280
-263
-239
-231
-241
-257
-270
-272
-260
-236
-210
-194
-197
-211
-220
-212
-191
-159
-114
-51
20
73
99
112
124
127
114
93
73
54
34
14
3
4
16
32
53
83
113
137
171
216
254
276
290
316
342
349
335
305
263
241
246
263
283
306
327
330
316
292
258
223
197
172
167
179
188
188
188
196
197
183
163
148
134
129
127
121
114
117
125
135
130
107
78
42
11
-18
-36
-43
-38
-31
-31
-42
-57
-79
-114
-148
-169
-185
-191
-184
-172
-151
-130
-116
-103
-88
-74
-67
-70
-90
-124
-165
-199
-223
-231
-219
-193
-159
-131
-134
-153
-164
-164
-168
-179
-183
-171
-154
-145
-146
-151
-149
-145
-144
-134
-115
-104
-99
-99
-103
-112
-134
-155
-162
-162
-164
-172
-174
-169
-163
-154
-137
-124
-113
-95
-70
-51
-42
-42
-44
-43
-44
-40
-34
-27
-15
-2
27
66
97
118
129
129
129
128
124
127
139
164
190
212
224
231
228
220
203
183
181
189
215
263
311
344
366
384
388
370
342
315
290
268
249
237
222
208
199
199
199
186
157
111
70
60
59
47
25
3
-4
-5
-5
-18
-37
-47
-43
-26
-15
-31
-68
-103
-126
-139
-144
-146
-153
-153
-147
-154
-185
-217
-221
-199
-172
-155
-153
-160
-162
-159
-161
-168
-169
-159
-142
-120
-103
-100
-102
-99
-94
-92
-86
-81
-88
-97
-105
-122
-139
-138
-121
-104
-98
-111
-133
-146
-144
-135
-120
-86
-56
-46
-45
-50
-67
-92
-113
-117
-107
-98
-93
-92
-90
-86
-89
-98
-106
-98
-84
-68
-49
-23
4
27
46
59
72
82
80
80
95
118
138
154
164
173
188
196
192
185
195
213
225
233
243
255
271
288
298
301
307
312
313
310
307
307
303
292
280
264
239
204
167
136
113
99
98
106
114
119
121
113
95
77
58
34
10
-13
-38
-58
-56
-47
-56
-79
-104
-129
-151
-172
-190
-202
-201
-190
-183
-175
-169
-171
-175
-175
-172
-167
-167
-172
-175
-176
-167
-161
-164
-162
-156
-157
-165
-172
-179
-178
-171
-164
-155
-142
-136
-138
-141
-148
-163
-178
-181
-180
-175
-168
-162
-158
-151
-148
-160
-178
-187
-187
-181
-163
-142
-127
-117
-117
-124
-129
-130
-127
-115
-95
-74
-59
-52
-49
-47
-50
-48
-40
-20
6
37
70
101
124
131
125
120
126
133
139
144
152
165
183
200
221
248
276
294
297
293
290
298
308
309
302
294
293
288
278
263
243
228
225
235
247
253
254
255
263
268
261
242
226
209
190
169
146
124
109
96
86
78
67
46
13
-21
-40
-49
-56
-57
-47
-25
-5
-3
-9
-20
-33
-42
-61
-85
-105
-120
-126
-132
-136
-136
-139
-152
-169
-179
-189
-195
-199
-197
-192
-192
-188
-180
-177
-182
-190
-193
-189
-183
-189
-207
-226
-238
-252
-269
-289
-301
-295
-284
-272
-255
-233
-215
-206
-200
-197
-195
-196
-206
-221
-229
-232
-228
-218
-205
-185
-174
-176
-176
-171
-163
-156
-144
-121
-89
-57
-24
11
41
59
71
82
93
105
112
119
128
136
142
144
155
166
176
183
195
213
233
252
266
275
283
288
289
291
286
283
287
300
318
325
326
323
312
297
280
266
251
235
218
204
201
202
208
219
230
245
249
238
218
200
189
175
158
149
152
157
158
154
150
142
127
107
87
74
64
53
39
29
23
13
1
-7
-11
-18
-28
-36
-39
-41
-55
-74
-93
-115
-136
-154
-164
-174
-186
-190
-193
-198
-208
-218
-229
-240
-251
-267
-280
-285
-291
-301
-311
-318
-328
-337
-340
-342
-344
-340
-328
-310
-294
-282
-275
-278
-285
-289
-289
-284
-273
-254
-229
-207
-192
-187
-190
-195
-198
-196
-187
-171
-149
-122
-97
-75
-55
-37
-21
-8
5
15
23
34
49
67
84
98
111
123
128
126
118
109
101
100
114
132
142
153
169
187
198
202
207
211
214
219
228
242
254
258
259
256
251
239
230
227
230
237
246
257
265
271
274
274
271
264
260
255
252
253
258
264
270
272
268
258
248
234
217
197
178
168
167
170
164
149
132
112
92
70
48
34
21
9
-3
-14
-29
-50
-73
-96
-114
-132
-147
-161
-180
-197
-207
-213
-219
-226
-233
-240
-246
-254
-261
-269
-280
-286
-287
-287
-291
-297
-304
-309
-310
-306
-301
-297
-295
-290
-279
-270
-265
-264
-264
-263
-259
-255
-253
-250
-240
-226
-212
-195
-182
-170
-162
-157
-154
-151
-150
-144
-136
-123
-110
-97
-84
-77
-71
-63
-55
-53
-49
-40
-29
-16
-4
12
30
44
52
62
77
89
95
102
116
134
146
148
150
154
163
167
167
169
179
192
206
217
233
249
262
269
281
296
307
308
304
306
308
307
299
291
283
276
268
260
258
257
253
246
244
246
246
241
233
226
221
208
194
182
172
167
161
158
151
140
129
118
101
80
54
28
5
-11
-25
-43
-59
-72
-79
-86
-91
-96
-104
-113
-121
-124
-125
-131
-136
-139
-144
-156
-172
-190
-205
-214
-222
-226
-230
-230
-231
-235
-236
-234
-233
-235
-239
-236
-231
-226
-224
-226
-228
-229
-230
-229
-227
-223
-222
-219
-214
-208
-201
-196
-193
-190
-183
-177
-171
-163
-151
-137
-122
-111
-104
-98
-92
-82
-76
-68
-55
-43
-32
-18
-4
6
9
11
15
21
32
44
58
78
100
119
131
145
156
160
164
167
170
170
172
179
188
201
210
215
219
223
225
227
230
230
230
231
233
234
236
237
234
228
222
218
211
201
191
183
176
170
159
149
140
129
120
116
115
114
111
111
114
117
113
104
90
76
65
52
38
27
15
5
-5
-19
-29
-41
-55
-67
-69
-70
-72
-76
-78
-82
-85
-89
-91
-94
-100
-106
-114
-121
-129
-141
-151
-162
-169
-174
-179
-185
-188
-191
-193
-195
-200
-207
-211
-214
-219
-222
-228
-230
-226
-220
-213
-208
-205
-203
-201
-202
-202
-199
-193
-184
-174
-164
-156
-144
-133
-123
-112
-101
-90
-81
-74
-71
-65
-58
-52
-43
-34
-25
-15
-6
4
16
27
39
54
65
73
80
87
95
103
114
126
136
145
153
160
164
165
161
157
156
157
159
161
164
167
170
172
175
177
181
183
182
184
182
178
175
170
164
159
153
149
148
147
147
147
146
144
144
143
138
135
130
125
119
112
103
95
85
76
64
53
47
39
31
23
15
6
-1
-6
-11
-16
-21
-27
-33
-38
-46
-51
-57
-68
-77
-85
-94
-103
-113
-122
-130
-140
-149
-157
-166
-172
-176
-180
-182
-180
-178
-177
-180
-184
-187
-190
-190
-190
-185
-180
-176
-174
-170
-166
-160
-156
-151
-145
-141
-138
-136
-135
-131
-127
-119
-111
-103
-94
-84
-76
-68
-59
-50
-41
-33
-23
-14
-8
-2
4
12
21
28
37
44
50
57
66
75
83
91
101
106
112
118
122
125
126
132
135
137
138
139
140
143
145
147
151
155
161
167
173
178
177
178
181
183
180
176
173
170
168
169
168
168
166
164
162
160
157
150
140
129
126
120
113
105
97
90
82
74
66
57
48
38
28
19
10
0
-12
-25
-35
-46
-59
-70
-80
-89
-95
-100
-105
-112
-121
-128
-136
-145
-156
-166
-172
-177
-180
-179
-176
-175
-174
-174
-174
-175
-177
-178
-179
-177
-172
-168
-166
-162
-161
-161
-160
-158
-158
-152
-147
-140
-132
-124
-117
-107
-102
-100
-98
-96
-94
-92
-89
-84
-78
-73
-68
-64
-57
-51
-48
-43
-41
-37
-32
-26
-22
-15
-8
-1
6
9
13
16
21
27
35
45
54
62
69
80
86
92
99
104
111
119
127
133
141
146
152
157
162
168
173
178
183
189
192
192
193
194
194
194
195
194
196
196
192
187
184
180
174
166
160
155
149
141
132
121
110
99
88
78
68
59
52
45
37
27
16
6
-5
-14
-23
-31
-39
-45
-52
-59
-66
-74
-82
-94
-102
-107
-114
-119
-124
-128
-128
-130
-134
-138
-141
-142
-142
-143
-145
-145
-143
-143
-143
-144
-145
-147
-148
-149
-151
-153
-154
-156
-157
-153
-151
-150
-145
-141
-138
-136
-133
-129
-128
-124
-121
-117
-113
-112
-111
-108
-103
-100
-100
-97
-91
-84
-77
-73
-66
-57
-50
-41
-33
-23
-14
-8
-1
6
18
27
33
42
52
60
67
73
80
87
93
100
108
116
122
128
134
140
146
152
161
167
172
178
183
187
187
189
190
189
190
188
187
185
183
179
175
171
169
163
159
156
153
151
151
148
143
140
133
125
118
109
100
90
85
78
70
63
55
48
41
35
28
22
16
9
2
-3
-9
-13
-20
-26
-31
-38
-45
-52
-60
-69
-78
-85
-90
-95
-102
-109
-118
-126
-132
-138
-142
-145
-148
-148
-148
-149
-150
-151
-153
-155
-155
-155
-157
-159
-160
-162
-163
-164
-166
-165
-165
-164
-161
-159
-157
-154
-152
-148
-140
-134
-129
-123
-117
-110
-102
-97
-90
-82
-75
-68
-63
-54
-46
-40
-35
-27
-16
-6
1
8
17
24
31
40
48
57
64
71
79
88
92
96
98
100
104
106
111
117
121
125
129
134
139
143
144
146
148
149
148
147
145
146
146
145
142
141
139
135
132
127
127
125
121
119
119
119
117
117
115
114
111
107
103
99
92
87
83
78
74
71
68
63
60
53
48
42
36
31
25
20
17
12
5
0
-5
-12
-18
-24
-31
-39
-45
-52
-61
-70
-78
-85
-92
-101
-109
-118
-127
-138
-146
-152
-160
-164
-168
-169
-171
-173
-176
-181
-185
-187
-189
-192
-193
-193
-193
-189
-187
-185
-185
-184
-184
-181
-177
-176
-172
-165
-158
-151
-145
-136
-126
-117
-109
-102
-96
-91
-85
-78
-68
-55
-45
-36
-26
-14
-4
2
7
13
24
33
41
48
55
66
73
80
86
90
92
94
95
97
100
102
105
107
112
115
118
120
125
128
132
136
141
148
153
158
161
163
167
169
170
168
165
164
163
160
156
153
151
150
148
147
146
144
141
138
137
136
135
135
134
131
131
128
125
122
117
112
105
98
92
84
74
64
57
48
39
30
21
9
-3
-16
-26
-34
-42
-51
-58
-64
-72
-78
-84
-89
-97
-104
-113
-121
-129
-136
-142
-146
-151
-155
-160
-164
-169
-171
-172
-174
-176
-175
-174
-174
-175
-174
-173
-172
-171
-171
-170
-170
-167
-164
-159
-154
-147
-137
-130
-125
-118
-112
-105
-96
-87
-80
-74
-68
-64
-58
-52
-46
-40
-32
-25
-20
-18
-15
-11
-6
0
5
10
14
20
26
28
34
42
50
58
64
70
78
82
87
92
97
102
109
113
116
120
122
122
124
127
130
134
138
142
146
149
151
153
155
160
162
164
166
167
167
167
166
163
161
159
157
154
150
146
141
137
133
129
124
117
111
105
97
89
80
73
65
58
49
39
28
18
7
-4
-12
-21
-31
-40
-49
-58
-67
-72
-80
-88
-95
-101
-107
-115
-121
-126
-130
-134
-140
-143
-145
-150
-153
-157
-158
-160
-162
-163
-164
-165
-165
-164
-164
-161
-158
-156
-155
-151
-146
-140
-138
-134
-129
-126
-124
-123
-120
-117
-117
-113
-109
-105
-101
-97
-93
-89
-84
-77
-73
-67
-59
-53
-48
-42
-38
-32
-28
-22
-17
-12
-6
-3
2
8
12
15
20
27
32
38
44
49
55
61
67
74
80
87
94
100
106
111
115
119
123
127
128
132
134
137
138
140
142
143
146
146
147
149
148
148
147
147
145
142
139
137
134
130
127
122
119
114
108
101
98
95
90
85
80
73
67
62
56
50
44
37
33
27
22
17
11
5
-3
-9
-17
-24
-31
-37
-41
-46
-51
-56
-59
-64
-68
-72
-75
-78
-83
-85
-86
-87
-91
-93
-95
-99
-99
-102
-105
-106
-106
-109
-109
-110
-111
-112
-111
-109
-109
-107
-106
-107
-105
-102
-100
-100
-98
-97
-94
-92
-90
-88
-85
-83
-79
-75
-73
-69
-64
-62
-60
-54
-47
-43
-39
-34
-29
-23
-16
-11
-8
-3
1
5
12
15
18
21
27
33
40
45
47
49
53
55
57
60
65
69
71
75
79
80
81
83
83
86
89
91
91
93
94
96
97
97
97
97
95
93
93
93
91
88
87
86
86
84
82
79
76
72
68
64
60
58
57
56
53
49
43
39
33
28
25
22
17
12
8
4
0
-4
-8
-12
-17
-21
-24
-28
-35
-38
-41
-43
-47
-49
-52
-55
-58
-61
-64
-68
-72
-75
-76
-77
-79
-81
-83
-85
-86
-86
-87
-86
-85
-86
-87
-88
-87
-87
-85
-85
-84
-80
-77
-76
-75
-73
-72
-71
-70
-67
-63
-59
-56
-52
-49
-45
-43
-41
-38
-32
-28
-25
-24
-17
-12
-9
-6
-4
2
8
11
14
20
23
26
29
33
37
41
43
44
48
53
56
58
57
60
64
66
67
68
70
73
77
76
77
78
77
77
80
80
78
79
78
80
80
77
76
75
74
74
71
70
69
66
63
61
61
59
55
53
52
48
45
41
39
37
35
30
25
22
20
16
13
8
6
2
-3
-8
-13
-18
-20
-23
-24
-27
-30
-37
-42
-46
-48
-51
-54
-55
-57
-59
-63
-64
-67
-69
-71
-73
-72
-74
-74
-74
-76
-75
-74
-76
-76
-75
-73
-74
-75
-73
-69
-66
-63
-63
-62
-60
-58
-57
-57
-54
-49
-47
-44
-42
-41
-41
-40
-38
-33
-29
-25
-22
-21
-20
-18
-16
-12
-9
-4
-4
-1
2
4
6
10
12
15
18
20
21
23
21
23
26
29
33
35
35
36
39
41
44
45
49
52
55
58
58
57
58
58
60
61
63
63
62
62
60
58
59
59
60
59
58
57
55
54
52
49
47
46
45
41
38
38
34
33
30
26
22
21
18
17
13
10
8
5
3
1
-1
-5
-7
-11
-14
-15
-17
-19
-22
-25
-29
-30
-33
-33
-36
-39
-41
-42
-42
-45
-46
-47
-47
-46
-48
-49
-50
-50
-50
-50
-50
-48
-48
-49
-49
-47
-46
-46
-46
-46
-44
-43
-41
-40
-40
-39
-38
-33
-32
-30
-30
-28
-26
-23
-22
-21
-16
-15
-13
-11
-8
-6
-5
-3
-3
1
4
4
7
9
12
14
15
18
21
23
25
28
30
33
34
34
36
39
41
43
44
47
50
50
51
52
51
54
54
56
59
60
61
61
62
62
62
63
64
62
62
62
62
63
63
61
59
57
57
57
57
54
53
50
48
45
45
42
38
35
32
30
27
22
18
14
11
10
5
3
-4
-7
-11
-13
-15
-18
-22
-26
-29
-32
-35
-39
-42
-44
-45
-48
-50
-51
-56
-59
-62
-64
-66
-66
-68
-68
-69
-71
-73
-74
-75
-74
-74
-72
-73
-74
-73
-75
-74
-73
-74
-72
-71
-72
-70
-68
-66
-64
-63
-64
-62
-61
-59
-57
-54
-52
-51
-49
-45
-42
-42
-39
-38
-33
-31
-29
-26
-22
-19
-16
-13
-10
-8
-4
1
6
8
10
14
17
20
23
25
28
29
33
37
41
44
45
45
46
51
54
56
56
56
60
63
65
64
65
68
70
70
73
72
72
74
73
74
75
73
73
73
70
69
69
68
65
63
62
61
60
56
51
50
47
45
42
37
36
32
29
27
22
18
15
11
9
6
0
-5
-7
-12
-16
-18
-21
-23
-26
-29
-31
-32
-37
-39
-44
-47
-47
-49
-49
-52
-54
-55
-56
-57
-59
-61
-64
-65
-64
-64
-64
-65
-65
-63
-65
-65
-64
-63
-62
-62
-60
-57
-58
-58
-56
-56
-52
-51
-49
-47
-43
-40
-38
-37
-35
-34
-32
-30
-26
-24
-23
-21
-19
-15
-11
-10
-8
-5
-3
0
5
8
10
14
16
21
25
29
34
36
40
44
47
49
52
53
54
58
61
63
64
65
66
67
69
70
71
71
72
72
72
72
72
71
70
70
71
72
71
69
70
68
67
66
65
64
65
64
63
60
59
55
52
53
50
45
42
41
40
37
32
27
23
21
18
14
11
7
3
0
-3
-7
-10
-13
-18
-22
-23
-25
-29
-32
-35
-40
-43
-44
-47
-49
-52
-54
-57
-61
-62
-66
-69
-69
-69
-70
-72
-75
-77
-79
-81
-82
-84
-84
-83
-82
-81
-82
-81
-80
-81
-81
-79
-77
-72
-71
-69
-67
-65
-65
-62
-59
-56
-52
-51
-48
-44
-41
-41
-39
-36
-33
-30
-27
-22
-17
-14
-13
-9
-7
-4
1
4
9
13
16
19
19
20
24
26
31
32
33
35
38
40
42
43
44
44
48
51
53
56
57
60
62
62
64
66
68
70
71
72
71
72
70
70
70
70
70
69
70
71
70
69
67
65
65
65
65
66
66
64
62
59
56
53
49
47
45
41
39
35
30
25
21
18
15
15
12
8
7
5
2
-3
-9
-11
-13
-15
-19
-24
-28
-31
-35
-39
-44
-46
-50
-53
-55
-59
-61
-64
-67
-69
-71
-71
-72
-73
-75
-75
-75
-77
-79
-79
-81
-83
-84
-83
-83
-85
-86
-86
-83
-80
-80
-79
-80
-76
-72
-73
-74
-72
-72
-69
-65
-64
-62
-57
-53
-48
-47
-44
-40
-37
-35
-32
-27
-20
-16
-13
-9
-5
0
6
7
13
16
19
22
27
31
33
37
41
47
54
58
61
62
67
70
70
72
75
80
83
85
85
86
89
88
88
92
94
95
95
96
98
99
95
93
91
93
95
93
92
89
88
87
85
82
80
77
74
72
69
67
62
59
56
55
51
46
43
38
33
30
25
18
14
10
6
3
-1
-5
-9
-14
-19
-23
-27
-31
-35
-38
-40
-43
-47
-52
-60
-64
-68
-70
-73
-77
-79
-80
-83
-85
-87
-88
-90
-91
-91
-91
-93
-92
-94
-96
-94
-95
-96
-95
-95
-92
-90
-87
-86
-86
-85
-83
-80
-75
-71
-67
-65
-62
-60
-59
-57
-53
-48
-44
-40
-37
-34
-31
-30
-26
-24
-18
-11
-6
0
5
6
9
10
12
18
24
30
34
36
40
42
43
47
50
51
55
60
64
65
67
67
69
72
72
74
76
78
80
80
78
78
76
75
75
75
76
77
77
77
74
75
75
73
73
72
70
69
68
64
63
60
57
54
52
51
49
48
45
41
37
35
30
30
28
26
24
21
19
15
12
9
4
2
-1
-3
-4
-7
-11
-15
-19
-21
-26
-28
-30
-32
-34
-37
-39
-44
-46
-51
-54
-56
-58
-60
-61
-63
-67
-69
-71
-73
-73
-73
-74
-75
-74
-72
-72
-76
-77
-77
-76
-74
-72
-72
-71
-71
-69
-69
-68
-67
-64
-61
-59
-56
-54
-53
-52
-51
-48
-45
-43
-38
-37
-33
-30
-30
-27
-25
-24
-21
-16
-11
-8
-7
-6
-4
1
5
7
8
11
16
21
21
22
22
25
26
30
35
39
43
44
46
47
49
51
52
52
56
59
62
63
63
61
63
64
65
66
67
67
69
69
68
66
65
64
63
64
64
61
61
59
56
55
52
49
46
45
43
39
37
31
27
26
26
23
18
14
13
10
7
2
-3
-6
-8
-9
-11
-15
-17
-20
-24
-26
-29
-31
-32
-34
-36
-35
-36
-37
-39
-42
-43
-42
-42
-43
-44
-43
-44
-44
-45
-46
-46
-45
-44
-43
-43
-42
-41
-41
-40
-40
-39
-39
-39
-37
-34
-31
-33
-34
-33
-36
-33
-31
-30
-27
-26
-23
-24
-24
-23
-23
-21
-20
-19
-15
-14
-12
-9
-9
-8
-8
-6
-3
1
4
5
6
6
9
10
12
15
16
19
22
23
26
26
27
30
30
32
36
40
42
43
43
43
44
45
48
51
51
52
52
53
54
56
54
54
54
54
53
54
53
51
51
51
51
50
49
48
45
42
39
37
36
34
32
32
27
25
23
19
18
15
9
7
3
0
1
-4
-7
-12
-14
-17
-19
-20
-23
-25
-28
-29
-29
-33
-36
-39
-43
-46
-48
-49
-46
-44
-44
-45
-45
-48
-50
-51
-51
-50
-49
-48
-46
-44
-42
-42
-45
-45
-43
-42
-39
-39
-38
-37
-36
-37
-35
-33
-31
-29
-27
-27
-26
-26
-25
-26
-23
-22
-20
-17
-16
-15
-14
-14
-15
-15
-12
-11
-9
-5
-4
-2
-1
1
2
4
4
6
6
8
11
15
17
19
18
19
21
23
25
27
30
29
29
31
31
33
35
37
38
39
40
40
39
37
35
37
38
39
40
41
39
38
37
33
33
32
30
31
30
29
24
21
18
14
13
9
7
8
7
4
1
-1
-4
-7
-8
-9
-10
-11
-14
-16
-19
-20
-23
-24
-25
-25
-24
-26
-29
-30
-32
-30
-30
-30
-28
-28
-28
-29
-30
-30
-31
-30
-30
-30
-27
-26
-27
-25
-25
-25
-25
-25
-23
-20
-20
-20
-18
-17
-15
-15
-15
-14
-14
-14
-15
-14
-13
-12
-10
-8
-8
-7
-5
-4
-2
2
4
4
6
5
5
7
8
7
7
8
9
10
7
8
9
12
13
15
17
18
22
23
23
24
24
27
28
29
28
27
26
24
23
24
23
26
26
28
29
28
28
29
30
30
31
34
34
34
32
31
30
27
26
24
22
22
21
21
18
17
17
16
17
17
18
17
15
16
15
13
12
11
8
6
3
3
1
0
-1
-3
-3
-4
-4
-4
-4
-2
-2
-4
-4
-6
-7
-9
-10
-12
-13
-15
-15
-15
-17
-18
-20
-20
-21
-19
-18
-17
-16
-16
-18
-19
-21
-20
-20
-20
-20
-21
-24
-25
-26
-26
-26
-26
-25
-24
-24
-24
-25
-21
-21
-21
-21
-21
-20
-18
-18
-19
-19
-21
-20
-20
-20
-20
-17
-15
-14
-12
-11
-12
-12
-10
-7
-6
-5
-3
-1
0
1
1
1
1
3
4
5
6
7
7
7
9
10
12
14
15
18
17
16
19
20
21
21
20
19
18
19
19
20
21
21
22
22
20
20
21
23
25
24
25
23
23
21
20
20
20
20
19
17
18
17
16
15
13
13
11
12
11
10
8
5
4
4
2
1
2
0
-2
-4
-7
-8
-10
-12
-12
-13
-15
-14
-16
-20
-20
-19
-20
-21
-23
-23
-24
-25
-26
-28
-29
-31
-29
-28
-28
-28
-28
-30
-30
-29
-33
-33
-32
-31
-30
-29
-29
-28
-28
-27
-28
-29
-28
-27
-26
-24
-22
-22
-22
-21
-20
-18
-17
-15
-14
-12
-11
-10
-10
-10
-10
-8
-7
-5
-2
-2
0
3
2
3
3
5
8
9
11
11
12
13
14
15
18
20
22
25
26
27
29
29
29
30
32
33
34
36
38
37
37
38
36
36
37
37
38
38
39
39
37
38
39
38
38
39
39
38
38
38
35
35
34
34
32
31
29
28
27
25
23
22
20
19
18
15
13
11
9
8
6
5
3
2
0
-4
-6
-7
-8
-10
-13
-13
-14
-16
-18
-18
-20
-22
-22
-23
-25
-25
-25
-27
-27
-28
-28
-30
-29
-30
-31
-31
-32
-34
-34
-33
-33
-34
-35
-35
-33
-33
-33
-32
-31
-30
-30
-30
-29
-28
-26
-25
-25
-22
-22
-22
-20
-21
-20
-20
-19
-17
-15
-13
-13
-14
-12
-12
-11
-10
-9
-7
-6
-4
-2
-1
1
3
5
6
6
8
8
10
11
13
13
14
16
18
16
17
18
19
20
19
19
20
22
25
25
24
24
26
26
27
27
27
27
29
29
27
27
28
29
27
26
28
28
27
27
26
25
24
25
23
22
22
22
22
21
20
17
14
13
15
14
11
9
9
8
7
6
4
4
2
2
1
1
0
-3
-5
-6
-6
-8
-10
-10
-12
-14
-15
-15
-18
-22
-24
-24
-24
-24
-25
-26
-26
-28
-28
-29
-31
-31
-31
-30
-29
-30
-31
-31
-32
-32
-34
-32
-29
-29
-30
-30
-31
-30
-30
-31
-32
-30
-29
-29
-31
-31
-28
-28
-28
-29
-27
-24
-21
-18
-16
-15
-14
-13
-11
-8
-7
-5
-3
-1
2
4
2
3
4
5
8
10
11
11
12
14
15
18
18
18
20
22
24
25
25
24
23
26
26
28
27
26
26
28
28
28
27
27
26
25
25
24
22
21
20
18
19
17
15
15
14
15
13
13
13
10
10
10
10
11
11
11
9
9
7
6
5
4
3
2
4
3
2
0
0
1
0
-1
-1
-2
-1
-2
-1
-2
-4
-4
-4
-5
-7
-9
-10
-12
-11
-12
-13
-14
-14
-13
-13
-12
-12
-12
-12
-12
-12
-11
-11
-12
-10
-10
-10
-10
-13
-14
-13
-12
-12
-12
-12
-12
-12
-12
-11
-11
-8
-6
-8
-6
-6
-4
-4
-6
-5
-5
-5
-3
-4
-2
1
1
1
0
1
1
1
2
3
6
5
5
7
7
7
7
8
9
10
11
11
13
12
12
13
13
15
16
14
15
16
18
16
15
15
13
13
12
10
12
12
11
11
11
11
11
9
10
11
11
11
9
9
8
8
7
6
6
4
3
2
1
0
0
0
0
0
-1
-2
-1
-1
-2
-2
-3
-1
-2
-3
-4
-5
-6
-6
-8
-9
-9
-9
-8
-7
-7
-7
-8
-8
-8
-9
-8
-8
-7
-6
-6
-7
-8
-8
-9
-9
-8
-10
-10
-8
-8
-8
-9
-9
-8
-7
-7
-6
-6
-4
-4
-5
-6
-4
-4
-4
-4
-5
-4
-3
-2
-4
-4
-2
-1
0
-1
1
0
2
2
1
1
1
1
2
1
1
1
1
3
2
3
3
3
4
5
5
6
6
7
7
7
7
7
5
5
4
4
4
4
4
4
3
5
4
4
4
3
4
5
7
6
5
5
5
7
7
5
4
4
5
2
1
0
0
0
1
0
0
0
-2
-1
-2
0
0
1
-1
-2
-2
-2
-2
-5
-8
-7
-7
-6
-7
-9
-11
-11
-11
-10
-8
-8
-9
-10
-11
-8
-10
-9
-11
-11
-9
-7
-9
-10
-11
-9
-9
-8
-7
-8
-8
-7
-6
-5
-5
-5
-7
-6
-4
-3
-3
-5
-4
-4
-3
-3
-4
-5
-3
-1
1
3
1
-1
1
2
3
3
1
0
2
2
2
1
1
1
1
2
3
2
1
1
3
5
6
5
6
8
9
9
8
7
8
7
7
8
9
8
6
5
8
9
10
9
10
11
12
13
13
13
12
13
14
13
13
12
11
11
12
12
10
9
9
8
8
8
10
10
8
8
7
6
6
5
4
4
4
5
2
0
0
0
0
0
-2
-1
0
0
1
-2
-2
-4
-3
-3
-3
-3
-4
-5
-6
-6
-7
-8
-8
-7
-7
-6
-7
-6
-7
-9
-10
-10
-8
-8
-7
-8
-10
-10
-10
-12
-12
-12
-11
-12
-13
-11
-11
-9
-7
-6
-5
-4
-2
-1
1
2
2
2
2
3
3
1
1
0
1
2
2
3
3
2
3
3
5
5
6
7
7
6
5
3
2
0
0
-1
-2
-3
-2
-2
-2
-2
-3
-4
-1
1
2
3
3
3
3
3
3
4
3
3
3
3
3
4
4
2
3
4
6
7
8
7
6
7
8
8
9
8
8
6
6
5
4
3
3
3
3
2
3
3
3
2
3
3
2
1
1
1
1
0
-3
-5
-5
-6
-7
-7
-8
-10
-10
-9
-9
-8
-8
-10
-10
-10
-8
-9
-11
-13
-14
-14
-16
-17
-17
-19
-19
-20
-20
-20
-19
-19
-19
-17
-16
-15
-15
-16
-15
-15
-14
-14
-16
-15
-16
-15
-14
-14
-16
-15
-14
-14
-14
-12
-13
-10
-8
-8
-7
-6
-5
-5
-4
-2
0
2
0
0
1
3
2
2
5
7
9
11
11
11
13
13
13
15
16
18
19
19
18
18
17
17
17
18
19
20
21
21
21
21
22
22
23
23
22
22
21
21
21
18
17
18
17
15
14
13
13
13
13
13
13
13
13
13
14
13
11
11
11
11
10
8
7
7
6
5
4
3
3
4
4
5
3
2
3
3
2
4
2
2
2
-1
-2
-3
-5
-6
-7
-8
-8
-10
-11
-13
-14
-15
-14
-13
-13
-13
-13
-14
-16
-15
-16
-16
-17
-17
-18
-19
-17
-18
-18
-18
-17
-16
-16
-15
-15
-15
-15
-14
-14
-12
-14
-14
-14
-15
-15
-15
-17
-17
-17
-17
-16
-15
-16
-14
-15
-12
-13
-13
-11
-9
-8
-8
-6
-6
-6
-6
-5
-4
-2
0
1
1
4
4
6
6
8
10
11
13
14
14
15
13
13
15
17
17
17
15
15
16
17
19
18
19
20
20
22
21
21
23
23
24
24
24
23
23
22
22
22
24
23
21
22
21
20
20
21
20
19
18
17
15
16
15
15
13
11
11
10
7
6
5
4
2
1
-1
-1
-1
-3
-5
-6
-8
-7
-9
-11
-12
-13
-13
-14
-16
-20
-19
-22
-23
-23
-24
-22
-24
-25
-29
-29
-28
-30
-30
-30
-30
-31
-33
-34
-34
-35
-35
-36
-34
-32
-31
-31
-33
-34
-32
-29
-29
-28
-28
-27
-26
-26
-25
-24
-22
-21
-20
-20
-20
-18
-16
-14
-12
-10
-8
-6
-6
-4
-2
2
4
5
5
9
10
10
11
14
15
18
17
17
19
21
22
22
24
26
28
28
29
29
32
33
33
34
35
36
36
36
35
36
36
36
36
36
37
36
36
36
36
35
34
34
32
33
32
32
31
29
28
26
25
22
21
20
20
19
16
15
14
13
12
11
10
8
7
5
4
1
0
-1
-3
-4
-5
-7
-7
-9
-10
-11
-12
-12
-13
-14
-15
-15
-16
-17
-17
-18
-20
-20
-22
-22
-24
-24
-24
-24
-24
-25
-26
-25
-24
-24
-24
-24
-23
-24
-23
-25
-23
-23
-24
-24
-23
-24
-22
-22
-22
-21
-22
-22
-20
-19
-18
-17
-16
-15
-15
-15
-14
-14
-13
-12
-12
-11
-9
-9
-9
-8
-8
-7
-6
-4
-4
-4
-2
-1
-1
0
0
2
3
4
6
6
5
5
5
5
7
7
9
7
8
9
9
10
10
10
10
11
12
12
12
11
10
11
12
11
11
12
12
12
12
13
13
12
13
13
13
13
12
11
11
12
12
12
11
10
9
9
10
11
11
9
9
9
10
9
9
8
9
8
8
9
8
5
5
5
5
6
5
2
3
2
2
1
1
1
0
0
0
0
0
-1
-1
0
0
-1
-2
-3
-4
-3
-4
-5
-7
-8
-7
-6
-6
-6
-8
-9
-8
-7
-7
-6
-6
-7
-7
-6
-7
-7
-9
-10
-9
-8
-8
-8
-9
-9
-8
-8
-8
-7
-7
-6
-7
-6
-6
-7
-8
-8
-7
-6
-7
-7
-7
-7
-6
-4
-4
-3
-3
-2
-1
-1
-1
-1
-1
0
-1
0
1
0
0
1
1
2
1
0
2
3
4
5
4
5
5
5
6
7
6
5
4
5
5
4
5
5
5
5
5
5
5
5
5
4
5
6
6
6
6
6
6
7
6
6
4
3
3
2
3
3
3
3
3
3
2
4
4
3
3
2
2
3
2
2
2
2
2
1
0
-1
-1
-2
-1
-1
-2
-2
-2
-3
-3
-1
-2
-2
-2
-4
-4
-4
-5
-5
-4
-4
-4
-5
-6
-6
-6
-7
-7
-8
-7
-8
-8
-8
-9
-8
-9
-7
-7
-7
-7
-7
-8
-7
-6
-6
-6
-6
-6
-5
-4
-2
-2
-2
-2
-2
-3
-4
-2
-1
-2
-1
0
1
0
-1
0
1
1
1
2
1
1
3
3
3
4
4
4
3
3
3
3
2
3
4
4
5
4
5
5
6
6
7
5
3
2
2
4
5
6
5
5
4
5
3
2
3
3
3
3
5
6
4
4
4
3
3
3
4
3
2
1
1
2
2
1
0
0
1
1
1
2
3
2
1
0
-2
0
0
-1
0
0
-1
-2
-2
-1
-1
-2
-3
-3
-3
-3
-3
-2
-3
-2
-2
-2
-1
-1
-2
-2
-2
-3
-3
-4
-3
-3
-2
-3
-3
-2
-1
-1
-1
-2
-2
-2
1
1
1
1
0
-1
-1
-1
0
0
0
0
1
