3
2
1
0
0
-1
-1
-1
-1
0
1
1
0
-1
-2
-2
-1
0
-1
0
1
1
0
-2
-1
-1
-1
1
2
1
1
-1
-2
1
1
0
-1
-1
1
0
0
-1
-1
-1
1
2
0
0
0
-2
0
0
1
3
2
2
1
0
-1
-1
-2
-1
1
0
0
0
0
0
-1
0
-1
1
0
0
0
-1
-1
0
-3
-2
-1
-2
-1
1
1
2
2
0
1
1
0
0
0
1
1
1
1
3
-1
-2
-1
0
1
0
1
1
1
0
0
0
-2
0
2
2
1
1
0
0
-1
-1
-1
0
-2
-2
-2
-4
-4
-5
-2
-1
-2
-1
-1
1
-1
0
-1
-3
-3
-2
0
1
1
1
2
1
-2
-3
-3
-4
-2
-2
-1
-1
-3
-3
-2
-4
-4
-2
-3
1
5
3
2
3
2
2
2
2
3
4
6
7
7
1
0
-2
-3
1
0
1
3
4
2
2
1
-4
-3
0
1
5
5
5
3
1
-1
0
-1
0
2
3
5
6
1
-4
-3
-5
-4
1
-1
-2
-1
-3
-3
-4
-7
-5
-3
1
3
2
-1
0
1
3
9
7
6
7
9
9
8
9
8
12
16
15
14
11
8
10
12
13
15
14
19
21
19
18
17
14
15
17
17
20
23
20
19
16
13
7
5
4
3
9
16
21
19
14
3
-8
-10
-14
-10
-5
0
10
9
6
-6
-18
-26
-32
-35
-36
-26
-19
-9
-5
-19
-33
-49
-59
-58
-53
-41
-25
-12
-5
-13
-32
-56
-65
-60
-46
-30
-24
-11
-9
-15
-31
-60
-69
-70
-48
-31
-24
-24
-34
-37
-49
-59
-65
-64
-48
-35
-21
-24
-32
-32
-35
-35
-36
-36
-20
-5
15
19
11
7
-3
3
-1
7
21
44
76
82
79
58
43
40
41
50
53
71
87
100
95
68
45
34
41
53
62
68
72
72
74
68
58
47
48
62
68
75
75
76
79
78
77
70
71
69
70
68
60
62
60
59
48
31
22
14
13
9
3
4
7
14
9
-5
-21
-34
-26
-16
-10
-10
-17
-16
-16
-20
-33
-46
-52
-47
-35
-30
-33
-48
-66
-72
-77
-74
-74
-73
-74
-80
-83
-94
-101
-112
-117
-115
-109
-100
-105
-110
-122
-118
-112
-108
-110
-131
-144
-155
-143
-127
-99
-68
-38
-5
1
-6
-34
-56
-49
-9
53
109
146
148
128
94
62
40
38
54
83
115
125
111
64
10
-39
-66
-66
-55
-35
-23
-18
-19
-33
-51
-69
-76
-69
-46
-11
15
34
39
33
21
11
9
11
20
26
37
43
47
45
36
24
11
2
-2
1
11
24
37
48
57
61
63
65
71
84
103
122
140
149
152
148
144
144
144
144
144
144
141
133
120
108
100
92
85
70
54
42
34
32
32
27
17
8
-2
-8
-14
-22
-24
-21
-15
-12
-15
-21
-28
-33
-39
-45
-49
-50
-45
-39
-35
-32
-33
-42
-49
-51
-52
-49
-50
-51
-51
-54
-59
-62
-66
-70
-76
-81
-84
-85
-84
-86
-85
-88
-91
-96
-102
-107
-113
-113
-113
-109
-108
-112
-118
-125
-129
-130
-128
-126
-124
-122
-122
-121
-122
-123
-123
-123
-122
-119
-111
-106
-103
-96
-89
-81
-76
-69
-62
-53
-44
-34
-24
-14
-6
3
15
25
33
39
44
52
60
69
77
86
94
98
101
101
98
96
98
100
104
110
114
113
113
111
111
114
116
122
129
137
139
139
138
137
138
139
138
137
138
143
149
150
147
139
130
125
124
123
125
127
128
125
122
118
114
111
108
104
103
101
99
100
98
94
87
80
73
65
60
54
47
44
38
32
21
8
-4
-14
-21
-29
-36
-49
-58
-68
-77
-83
-90
-94
-101
-111
-123
-132
-138
-141
-143
-146
-149
-152
-157
-163
-166
-170
-171
-173
-173
-172
-172
-167
-162
-152
-147
-147
-150
-155
-154
-151
-148
-147
-144
-142
-141
-145
-150
-153
-154
-151
-145
-140
-138
-137
-135
-134
-134
-130
-124
-111
-96
-81
-70
-61
-52
-44
-35
-25
-14
1
17
32
44
50
56
58
64
71
79
83
82
84
85
90
97
106
115
121
122
116
112
107
115
153
189
227
218
168
105
49
40
67
129
191
230
221
152
60
-14
-21
36
127
201
207
167
98
44
30
38
75
116
153
177
161
126
94
76
88
105
121
130
131
138
137
130
117
91
80
91
114
130
129
119
109
102
95
88
76
69
52
39
26
9
-1
-3
2
-1
-22
-44
-64
-87
-113
-116
-103
-95
-102
-124
-144
-148
-147
-167
-185
-188
-172
-151
-148
-152
-176
-201
-206
-210
-213
-208
-193
-182
-176
-185
-210
-219
-215
-206
-204
-202
-190
-179
-182
-197
-200
-184
-173
-172
-176
-179
-171
-161
-150
-142
-136
-124
-109
-95
-99
-113
-109
-80
-38
-11
0
3
6
19
22
26
34
53
79
100
111
109
105
95
85
86
82
82
91
104
112
117
113
98
86
79
81
97
121
137
140
128
112
113
125
129
135
142
146
144
138
129
118
115
128
137
140
143
138
130
134
136
129
126
128
139
150
174
184
169
159
157
168
182
193
193
182
190
195
188
151
123
129
157
178
143
96
83
108
112
79
47
17
33
41
19
-6
-20
2
4
-35
-95
-125
-112
-86
-72
-103
-116
-109
-114
-134
-181
-208
-195
-151
-135
-162
-173
-171
-153
-154
-193
-236
-229
-186
-141
-126
-169
-211
-212
-188
-202
-238
-237
-225
-183
-153
-190
-252
-290
-276
-250
-246
-265
-275
-242
-181
-173
-213
-237
-228
-175
-137
-125
-126
-100
-45
-7
13
-11
-7
36
86
120
110
119
120
154
169
142
130
111
137
154
141
119
95
105
104
97
73
52
57
68
81
66
58
48
48
61
50
54
44
49
73
88
91
60
56
63
80
85
70
77
85
117
124
123
129
120
140
135
148
156
167
205
216
241
227
220
218
212
219
226
250
255
259
240
211
201
177
167
159
150
149
150
151
100
46
29
22
12
5
4
4
12
-24
-83
-130
-126
-108
-125
-134
-120
-107
-120
-132
-169
-231
-217
-167
-143
-148
-177
-167
-125
-114
-173
-235
-222
-142
-75
-85
-135
-163
-131
-101
-137
-186
-204
-164
-104
-80
-109
-175
-199
-185
-187
-213
-240
-247
-199
-139
-151
-227
-269
-246
-212
-198
-204
-196
-159
-107
-83
-99
-120
-105
-60
-18
7
4
24
82
122
127
95
72
97
137
164
153
144
145
148
137
105
77
73
97
115
117
94
66
55
43
38
22
11
30
47
58
49
26
8
12
26
24
25
27
36
50
52
38
25
30
42
68
101
115
114
109
108
110
112
122
144
169
206
223
209
190
173
174
190
211
230
245
240
205
166
144
148
155
145
150
159
163
142
102
68
41
45
35
30
37
23
12
9
-23
-72
-93
-96
-72
-60
-72
-64
-76
-117
-155
-173
-152
-95
-64
-88
-114
-125
-130
-140
-138
-121
-97
-67
-70
-103
-137
-143
-123
-109
-86
-82
-115
-131
-126
-127
-151
-176
-172
-147
-122
-138
-182
-214
-214
-199
-202
-223
-234
-225
-201
-174
-185
-220
-228
-206
-180
-156
-148
-149
-117
-77
-57
-61
-64
-53
-11
36
50
60
72
94
110
115
110
108
123
143
157
153
137
135
139
141
130
111
112
119
118
111
97
92
89
85
81
75
67
55
50
56
55
53
44
44
47
46
48
55
59
67
98
98
81
71
80
104
120
121
116
147
177
174
154
139
146
178
198
195
195
183
173
185
194
174
159
179
191
165
128
117
118
119
106
109
98
71
66
50
26
27
-12
-63
-29
13
-16
-77
-92
-74
-94
-139
-161
-148
-100
-84
-124
-159
-156
-152
-187
-200
-170
-126
-105
-125
-162
-169
-159
-153
-151
-169
-154
-125
-135
-147
-148
-181
-195
-173
-178
-185
-193
-207
-193
-187
-213
-257
-267
-234
-214
-203
-205
-203
-186
-200
-205
-194
-186
-136
-91
-55
-35
-50
-34
-11
3
28
70
111
151
177
168
157
155
174
194
212
222
228
239
215
180
159
145
143
144
135
126
104
71
42
19
0
-24
-37
-37
-34
-48
-85
-118
-135
-127
-106
-94
-91
-99
-103
-109
-101
-83
-46
4
32
57
48
49
64
87
142
183
231
269
278
263
250
253
263
295
324
348
347
320
291
253
233
222
214
222
222
221
209
162
111
63
56
73
77
81
76
52
13
-8
-24
-39
-52
-75
-83
-88
-83
-73
-90
-125
-147
-158
-189
-223
-217
-180
-135
-125
-145
-186
-212
-207
-223
-201
-143
-117
-133
-165
-162
-160
-190
-206
-224
-205
-184
-181
-233
-304
-307
-322
-268
-273
-272
-273
-319
-291
-334
-302
-271
-220
-149
-136
-109
-143
-116
-86
-37
38
65
123
119
128
152
150
206
205
210
233
230
257
227
214
201
182
198
173
169
145
114
102
80
80
45
12
1
-23
-15
-36
-56
-78
-114
-103
-118
-100
-90
-102
-110
-135
-120
-106
-68
-40
-35
-14
-1
37
82
124
165
180
212
251
288
351
392
419
416
428
447
458
485
492
514
512
490
446
391
366
356
365
347
301
243
166
109
76
73
61
26
-10
-65
-93
-120
-140
-148
-150
-121
-128
-153
-191
-224
-231
-238
-215
-180
-166
-174
-202
-237
-258
-262
-252
-231
-211
-220
-218
-222
-216
-262
-310
-284
-247
-198
-218
-252
-280
-308
-320
-333
-327
-314
-295
-271
-279
-337
-398
-393
-355
-290
-237
-238
-235
-261
-262
-228
-185
-89
-34
13
27
20
30
58
120
192
253
255
243
212
203
221
255
287
310
285
227
181
157
179
195
211
189
140
83
39
13
7
28
29
9
-39
-100
-138
-154
-130
-101
-106
-125
-168
-196
-187
-172
-134
-95
-65
-46
-50
-57
-16
39
152
252
302
320
240
236
273
380
506
571
612
575
513
439
429
471
554
624
613
551
384
241
194
223
322
321
233
111
-37
-100
-107
-65
-26
-60
-122
-198
-263
-291
-287
-239
-176
-180
-234
-309
-354
-339
-274
-197
-165
-193
-263
-301
-276
-222
-159
-131
-140
-183
-247
-268
-243
-191
-149
-129
-146
-191
-255
-314
-289
-270
-235
-207
-232
-269
-339
-350
-305
-230
-238
-266
-288
-275
-212
-238
-187
-150
-97
-49
-45
-30
-62
-34
36
169
233
195
141
115
181
237
282
303
287
251
216
217
239
231
223
230
233
195
131
88
88
108
109
102
43
-26
-88
-102
-62
-39
-59
-107
-156
-193
-201
-179
-135
-119
-149
-166
-169
-132
-100
-60
-2
44
171
192
217
178
117
278
379
522
535
490
518
515
550
536
570
576
630
652
598
517
338
317
370
413
411
222
113
37
-13
34
-9
-21
-103
-206
-199
-240
-267
-292
-319
-276
-285
-343
-380
-403
-381
-312
-282
-286
-315
-381
-363
-287
-209
-174
-218
-269
-297
-264
-206
-189
-174
-203
-209
-230
-253
-254
-248
-202
-187
-167
-198
-275
-284
-222
-139
-123
-216
-260
-230
-161
-117
-119
-105
-93
-89
-96
-49
-42
-31
18
67
116
49
-15
23
95
161
150
118
111
86
91
127
170
185
139
123
148
161
133
127
157
175
149
94
66
62
61
57
61
41
-13
-61
-63
-43
-33
-58
-87
-105
-111
-108
-96
-82
-69
-64
-20
1
56
155
154
212
176
183
296
338
426
465
516
557
572
522
508
562
625
741
685
603
482
387
482
505
481
373
217
177
161
120
71
-11
-51
-81
-152
-202
-279
-310
-284
-304
-318
-413
-517
-496
-429
-376
-393
-465
-521
-491
-449
-409
-374
-355
-345
-363
-358
-377
-361
-308
-276
-209
-241
-314
-363
-323
-223
-222
-212
-233
-286
-253
-226
-181
-106
-219
-267
-233
-181
-114
-159
-120
-44
-47
-119
-142
-135
-31
52
43
94
-23
-116
-58
0
141
94
1
15
4
29
19
35
117
113
73
72
51
71
130
144
179
161
74
89
125
167
174
146
139
132
122
103
100
119
135
117
97
73
52
81
101
117
123
103
195
224
235
203
131
246
328
394
425
436
475
500
484
472
548
598
695
699
624
560
473
543
631
602
519
394
350
357
297
246
191
152
100
-1
-60
-118
-161
-145
-188
-261
-360
-474
-437
-386
-404
-448
-510
-550
-559
-569
-563
-515
-501
-496
-530
-530
-536
-551
-466
-441
-424
-476
-501
-432
-394
-351
-430
-405
-327
-325
-222
-246
-246
-257
-263
-183
-147
-147
-198
-85
-24
-2
-97
-190
-37
-3
103
63
-40
-14
-72
10
53
16
-32
-43
-39
-20
-64
-118
-45
-22
-17
-100
-155
-94
-39
13
16
-40
-66
-63
-31
36
44
35
48
71
75
28
35
84
161
198
135
92
99
150
204
231
208
184
211
231
338
350
354
380
347
426
405
431
488
551
623
615
577
537
587
628
730
741
679
640
574
619
639
610
580
516
474
435
370
343
300
241
205
117
63
14
-29
-21
-68
-153
-224
-279
-277
-273
-318
-365
-403
-451
-475
-496
-517
-506
-505
-483
-542
-584
-587
-580
-484
-512
-549
-601
-589
-516
-517
-491
-559
-488
-491
-409
-332
-389
-341
-445
-297
-273
-267
-256
-241
-23
-9
-33
-185
-149
-23
52
149
57
42
-42
-20
67
52
30
-31
7
7
-57
-156
-121
-42
-21
-98
-199
-193
-176
-148
-153
-143
-159
-186
-189
-190
-159
-170
-118
-87
-98
-139
-189
-104
-22
32
3
-34
-21
17
72
80
155
174
210
258
217
272
276
363
439
455
470
489
555
595
628
607
665
701
723
739
708
751
736
734
739
705
688
675
654
620
569
496
499
471
443
379
296
293
245
192
141
85
63
29
-22
-64
-101
-144
-146
-160
-232
-278
-318
-304
-284
-337
-398
-465
-431
-451
-487
-509
-530
-477
-536
-545
-608
-640
-601
-630
-503
-482
-506
-564
-645
-528
-464
-402
-465
-403
-310
-271
-239
-348
-241
-188
-74
-18
-101
-80
-114
-30
52
37
-23
-46
12
38
-7
-92
-77
-25
-6
-84
-149
-137
-118
-96
-112
-158
-197
-198
-194
-177
-211
-259
-249
-222
-213
-269
-288
-267
-235
-202
-242
-244
-225
-203
-167
-153
-140
-100
-53
22
92
70
79
108
206
314
341
357
421
508
545
558
563
648
742
788
806
759
763
780
816
871
834
784
765
752
735
689
656
654
625
564
471
425
413
403
358
305
228
187
177
119
112
80
43
8
-47
-84
-105
-94
-115
-118
-167
-221
-257
-267
-249
-285
-285
-323
-370
-381
-416
-417
-436
-497
-424
-424
-397
-497
-590
-492
-441
-412
-510
-455
-363
-309
-379
-445
-359
-330
-205
-219
-234
-212
-291
-195
-154
-120
-166
-204
-135
-101
-141
-210
-169
-91
-75
-161
-198
-174
-151
-138
-160
-161
-173
-200
-198
-190
-179
-213
-210
-189
-205
-252
-276
-246
-192
-205
-237
-240
-241
-209
-222
-199
-125
-96
-74
-79
-85
-30
21
73
146
190
215
248
274
339
393
446
521
536
553
579
605
691
698
679
698
689
706
708
691
694
682
648
618
576
549
533
513
490
430
366
319
286
270
239
178
167
129
81
49
13
13
-5
-28
-73
-102
-104
-130
-141
-147
-172
-207
-204
-222
-208
-247
-290
-309
-301
-184
-209
-198
-296
-337
-270
-248
-223
-264
-159
-114
-114
-231
-290
-187
-117
-2
-75
-118
-164
-225
-136
-94
-86
-163
-203
-199
-202
-285
-313
-248
-213
-255
-391
-413
-377
-352
-328
-356
-383
-400
-438
-433
-379
-366
-366
-365
-380
-395
-422
-397
-354
-312
-313
-371
-374
-348
-291
-244
-233
-200
-200
-160
-127
-91
-7
23
73
97
127
153
205
278
346
390
364
389
425
487
539
542
569
573
570
581
592
607
610
587
568
547
533
533
513
497
474
427
398
381
361
348
303
277
247
204
183
176
182
150
101
64
51
52
34
9
-7
-12
-55
-83
-82
-117
-89
-87
-143
-193
-242
-120
-29
-23
-88
-224
-151
-75
-48
-85
-25
102
136
61
-76
3
117
253
265
167
135
93
135
187
187
141
94
62
35
-56
-132
-89
-48
-68
-243
-355
-345
-308
-295
-357
-407
-466
-512
-553
-557
-542
-547
-550
-585
-642
-705
-701
-622
-573
-570
-625
-642
-624
-580
-544
-490
-458
-435
-412
-402
-333
-290
-207
-137
-93
-59
-33
36
124
211
228
264
297
331
392
414
491
526
513
514
514
539
569
578
571
549
520
504
501
486
481
457
422
370
313
293
265
273
255
202
156
118
109
101
105
76
51
30
-12
-1
-10
-5
-29
-39
-41
-42
-56
-86
-70
-69
-58
-117
-13
39
43
-8
-119
1
48
85
53
146
277
286
194
75
235
359
488
450
340
367
314
389
431
416
377
331
310
277
195
125
198
222
165
-17
-119
-82
-52
-55
-146
-224
-279
-343
-402
-412
-418
-439
-463
-554
-628
-701
-689
-634
-631
-661
-753
-781
-756
-744
-729
-721
-702
-653
-649
-637
-604
-556
-478
-425
-402
-373
-326
-268
-177
-118
-59
-13
1
65
113
170
228
255
287
308
318
346
370
366
387
397
398
382
368
381
373
361
338
317
305
256
243
243
201
159
143
132
121
90
62
42
21
-1
-12
-21
-32
-65
-73
-72
-117
-139
-139
-125
-104
-146
-158
-33
-9
2
-130
-108
62
108
119
50
193
342
397
259
216
375
495
635
538
512
514
510
631
625
599
528
543
587
543
423
365
439
483
412
221
178
210
224
189
78
35
-1
-60
-95
-127
-163
-210
-264
-319
-369
-442
-458
-462
-465
-512
-603
-635
-634
-601
-632
-637
-648
-649
-630
-621
-587
-571
-540
-515
-468
-442
-410
-366
-318
-243
-229
-210
-182
-128
-45
-1
15
17
24
62
115
147
149
122
124
142
141
128
120
134
150
95
54
50
52
71
38
12
-22
-36
-31
-28
-28
-38
-45
-78
-110
-120
-94
-73
-74
-124
-165
-153
-177
-167
-184
-179
-166
-89
-30
-98
-150
-204
-58
42
22
-1
70
282
307
205
134
287
485
559
556
481
541
558
600
681
682
678
648
669
668
596
530
579
662
605
455
361
428
467
410
332
263
257
208
154
138
121
94
45
-5
-67
-128
-153
-130
-134
-179
-271
-323
-315
-311
-324
-366
-362
-369
-350
-419
-401
-363
-348
-310
-379
-298
-271
-261
-266
-272
-219
-194
-156
-183
-145
-131
-109
-83
-103
-100
-112
-72
-44
-66
-93
-120
-127
-92
-120
-142
-156
-173
-165
-215
-236
-244
-237
-226
-258
-297
-316
-325
-309
-272
-296
-339
-333
-335
-319
-320
-318
-272
-280
-288
-318
-354
-319
-299
-252
-218
-157
-141
-191
-217
-220
-59
-2
-5
19
86
214
231
191
192
323
446
507
496
467
506
526
598
658
601
566
567
609
606
504
468
527
544
492
370
323
354
349
331
275
230
209
182
161
146
130
108
97
72
28
-9
-14
24
35
15
-40
-76
-58
-48
-35
-36
-25
29
15
-15
-25
11
95
100
89
96
133
166
171
162
171
211
213
226
202
173
182
173
179
136
71
52
42
32
-21
-103
-141
-172
-203
-245
-308
-325
-365
-417
-456
-494
-510
-514
-532
-561
-594
-632
-614
-591
-584
-588
-630
-608
-594
-586
-557
-557
-532
-519
-516
-556
-528
-496
-425
-344
-303
-308
-373
-379
-322
-155
-91
-79
-64
26
143
116
96
146
323
444
440
399
393
450
483
569
569
530
503
501
536
481
425
408
437
416
314
228
234
259
220
157
89
62
44
-1
3
1
-32
-52
-73
-87
-105
-123
-97
-68
-61
-73
-94
-73
-37
-2
14
26
64
110
174
214
245
255
261
315
395
461
474
510
545
597
597
575
598
655
718
697
627
581
578
574
572
516
453
401
340
289
218
146
102
64
-22
-121
-214
-256
-264
-331
-406
-499
-542
-563
-604
-632
-641
-659
-697
-716
-772
-772
-749
-744
-703
-732
-743
-744
-748
-735
-711
-682
-638
-580
-556
-423
-473
-490
-490
-420
-227
-206
-187
-147
14
70
48
-15
75
279
352
414
326
304
343
384
502
477
413
377
395
388
307
216
245
306
249
119
-21
-15
33
22
-16
-117
-200
-228
-251
-232
-228
-261
-285
-311
-361
-411
-415
-342
-265
-250
-301
-347
-326
-251
-188
-129
-93
-70
-44
25
112
173
228
259
339
384
430
475
568
692
723
715
695
733
813
889
906
889
864
824
836
835
815
779
727
696
622
541
499
458
428
355
219
134
98
56
24
-42
-126
-211
-295
-331
-356
-371
-391
-450
-496
-564
-615
-577
-541
-559
-593
-622
-652
-652
-682
-666
-600
-622
-624
-672
-540
-419
-464
-475
-552
-396
-296
-269
-232
-112
40
22
3
-80
76
230
359
426
303
263
215
320
440
409
345
299
284
249
158
90
152
166
81
-73
-184
-167
-146
-133
-187
-319
-413
-477
-468
-414
-418
-465
-508
-557
-599
-627
-598
-515
-452
-469
-539
-566
-519
-436
-369
-313
-297
-284
-244
-192
-86
-4
81
133
186
229
241
356
436
550
603
625
664
693
744
779
846
870
890
873
865
864
844
845
797
761
732
670
614
566
522
495
419
329
280
244
223
145
83
46
-4
-44
-74
-112
-124
-160
-230
-257
-292
-298
-306
-341
-365
-395
-399
-410
-446
-449
-473
-451
-489
-500
-484
-414
-272
-329
-334
-436
-397
-240
-161
-76
-83
3
30
74
36
85
235
322
428
358
309
270
302
431
460
398
269
206
213
220
142
83
61
23
-60
-195
-264
-267
-252
-263
-355
-458
-537
-557
-513
-499
-530
-605
-653
-663
-664
-662
-655
-627
-580
-570
-622
-626
-580
-494
-416
-404
-381
-341
-296
-230
-157
-74
-3
53
123
205
331
387
414
436
455
564
618
664
694
770
823
787
728
683
737
780
809
762
641
566
544
565
547
460
368
296
269
246
164
122
118
101
51
-40
-90
-87
-50
-7
-66
-168
-228
-234
-202
-179
-164
-216
-268
-296
-301
-337
-346
-306
-286
-304
-336
-359
-413
-205
-110
-128
-204
-285
-171
-94
67
80
187
294
261
181
173
352
453
612
601
515
422
290
393
534
573
445
274
203
169
92
57
53
42
-43
-223
-328
-394
-406
-342
-343
-430
-584
-737
-722
-623
-559
-569
-660
-741
-772
-759
-714
-669
-604
-548
-569
-624
-669
-601
-473
-372
-298
-308
-313
-291
-197
-92
12
43
79
135
175
311
335
412
413
399
466
447
508
551
614
652
600
509
460
468
516
607
568
473
342
265
321
331
302
258
186
152
86
39
57
35
48
38
-40
-79
-121
-80
-6
-45
-84
-154
-202
-162
-145
-108
-108
-173
-192
-212
-231
-244
-265
-206
-209
-253
-246
-250
-69
34
40
-46
-148
-17
126
266
308
427
520
524
456
405
518
603
807
887
805
639
418
463
597
649
566
377
275
166
23
-44
-94
-111
-138
-254
-372
-548
-672
-615
-539
-504
-591
-762
-817
-798
-737
-645
-649
-658
-654
-681
-670
-649
-561
-414
-329
-326
-380
-435
-397
-292
-141
-16
-16
-60
-117
-109
-44
21
103
162
167
99
56
89
190
279
280
257
215
174
168
230
343
399
367
282
209
191
234
333
416
399
279
164
121
152
195
194
190
124
25
-67
-126
-101
-44
-18
-56
-146
-241
-273
-242
-175
-146
-174
-206
-248
-250
-224
-183
-124
-112
-157
-167
-197
-163
-148
-108
6
82
289
299
287
185
143
295
383
527
628
832
879
795
600
488
578
713
960
1023
889
593
310
283
336
383
365
244
108
-128
-370
-465
-458
-345
-298
-366
-515
-743
-818
-712
-527
-389
-413
-504
-542
-552
-469
-347
-244
-144
-137
-184
-234
-259
-168
-38
45
62
-43
-176
-254
-264
-158
-81
-64
-102
-231
-331
-395
-393
-277
-190
-122
-94
-146
-160
-188
-123
13
152
242
252
264
275
303
335
392
414
410
394
365
333
244
155
103
56
-6
-101
-190
-277
-366
-429
-478
-501
-511
-526
-511
-493
-484
-448
-382
-304
-218
-157
-93
-31
30
134
206
284
321
316
293
267
281
292
310
276
237
94
8
-17
44
254
334
356
142
-24
-64
14
218
427
718
788
676
401
213
257
460
795
959
906
596
232
81
84
189
250
244
203
-29
-327
-516
-555
-425
-308
-220
-259
-449
-590
-592
-470
-348
-263
-190
-134
-139
-182
-208
-187
-95
19
99
95
5
-60
-78
-65
-60
-82
-110
-148
-184
-228
-257
-273
-276
-227
-199
-210
-241
-262
-200
-123
-32
94
200
266
258
219
215
227
273
364
439
480
421
254
93
-19
-54
-26
0
-10
-118
-302
-462
-555
-582
-547
-466
-385
-371
-424
-486
-484
-415
-273
-112
22
103
129
136
140
155
184
253
316
359
316
220
128
61
16
-29
-38
-70
-101
-189
-265
-336
-362
-293
-213
-11
231
390
358
231
223
319
436
604
922
1178
1214
1008
689
485
384
472
670
776
664
310
-77
-337
-501
-607
-546
-373
-293
-428
-654
-781
-801
-718
-505
-235
-37
50
84
116
110
114
191
344
519
594
539
357
135
-12
-72
-101
-127
-168
-225
-342
-530
-689
-802
-787
-694
-572
-452
-402
-367
-319
-238
-155
-53
86
270
438
534
628
678
663
579
492
445
398
333
252
179
78
-79
-285
-458
-547
-589
-593
-574
-541
-543
-556
-526
-477
-419
-350
-215
-49
65
155
197
238
270
267
281
311
365
399
378
280
141
13
-96
-137
-149
-148
-139
-155
-213
-275
-320
-309
-250
-201
-135
-90
-73
-112
-124
-36
92
209
373
608
702
591
377
247
233
254
388
602
726
649
407
100
-151
-300
-300
-109
107
178
32
-205
-397
-549
-584
-423
-147
66
151
171
126
4
-82
-24
156
349
492
545
478
304
126
-13
-89
-89
-45
5
-18
-108
-258
-422
-543
-553
-451
-288
-142
-79
-59
-117
-195
-203
-107
67
231
330
357
301
165
49
-3
-1
23
77
175
195
83
-94
-258
-366
-415
-369
-228
-62
19
-11
-117
-243
-325
-321
-178
15
157
203
171
84
-54
-140
-146
-89
-4
90
168
140
34
-79
-161
-172
-69
98
248
306
240
143
48
-13
18
106
197
241
231
164
45
-88
-145
-147
-151
-156
-203
-289
-424
-518
-493
-362
-163
78
301
419
343
148
20
7
108
324
594
801
827
620
253
-120
-358
-396
-248
-3
186
162
-43
-297
-518
-630
-574
-306
45
317
451
468
386
263
192
224
362
518
621
634
541
353
88
-173
-342
-414
-399
-325
-232
-243
-378
-538
-611
-559
-424
-213
-1
126
151
113
97
116
138
167
193
204
184
103
-7
-131
-267
-374
-415
-386
-270
-139
-101
-144
-261
-360
-396
-346
-179
14
174
275
284
185
68
-37
-62
37
172
293
331
300
218
95
-27
-100
-63
40
185
285
304
260
164
89
46
81
158
227
268
245
164
25
-127
-243
-255
-188
-137
-112
-116
-168
-267
-355
-361
-292
-272
-263
-242
-280
-349
-441
-442
-371
-211
47
308
443
358
166
-46
-170
-200
-93
182
463
624
529
255
-75
-349
-435
-317
-50
204
372
417
347
173
-19
-121
-96
85
325
540
601
517
360
155
-14
-91
-44
37
98
118
78
-38
-213
-359
-459
-436
-335
-204
-100
-86
-117
-173
-172
-117
-53
-4
-10
-25
-63
-126
-198
-246
-268
-269
-264
-269
-267
-300
-322
-313
-246
-107
86
305
435
422
316
214
139
134
215
369
534
595
527
342
136
-16
-52
34
146
224
245
239
191
100
3
-43
-37
34
147
259
324
298
213
113
53
39
49
67
69
45
-9
-80
-152
-242
-320
-317
-265
-248
-252
-229
-230
-273
-348
-391
-394
-418
-441
-449
-422
-393
-438
-533
-621
-636
-491
-175
199
446
502
468
375
219
66
71
261
560
807
837
659
323
-1
-224
-293
-219
-80
97
245
318
244
73
-113
-241
-256
-144
54
209
296
305
243
127
1
-72
-119
-127
-90
-57
-56
-105
-198
-301
-393
-451
-476
-483
-442
-390
-327
-228
-122
-60
-78
-130
-187
-222
-229
-191
-126
-51
32
90
114
100
72
68
153
319
482
565
582
556
486
379
247
192
217
316
409
440
413
305
172
75
55
81
111
167
249
313
324
292
250
209
187
170
165
169
189
212
173
78
-45
-160
-230
-264
-272
-284
-319
-385
-456
-495
-502
-484
-446
-395
-373
-352
-314
-264
-187
-126
-114
-143
-208
-247
-264
-280
-262
-267
-293
-313
-277
-152
3
150
265
351
396
395
342
283
246
250
314
357
354
290
194
101
-16
-114
-182
-207
-179
-104
-19
30
17
-41
-111
-170
-191
-197
-165
-99
-31
18
20
-10
-76
-162
-226
-259
-259
-239
-233
-255
-297
-340
-365
-374
-358
-322
-287
-233
-157
-79
-8
39
71
83
63
35
7
6
42
104
175
229
272
290
321
373
403
416
447
488
496
490
473
457
449
438
421
371
336
313
286
262
233
213
192
195
204
176
117
59
26
18
31
38
25
-17
-67
-107
-142
-169
-193
-211
-216
-213
-216
-231
-267
-303
-329
-326
-303
-275
-242
-228
-219
-216
-190
-125
-38
31
53
35
-19
-105
-176
-188
-143
-63
-21
-32
-106
-196
-260
-297
-227
-63
134
287
405
457
379
201
19
-56
-48
36
142
229
237
135
-25
-203
-311
-373
-368
-281
-149
-39
-5
-15
-80
-166
-233
-254
-254
-215
-142
-70
-21
-3
11
-29
-97
-157
-193
-209
-230
-230
-220
-190
-155
-123
-109
-113
-118
-116
-73
-1
98
196
271
316
318
286
229
179
140
147
191
257
323
380
418
430
442
428
396
374
384
391
376
342
293
253
212
176
150
147
140
108
71
56
63
63
78
98
95
59
4
-48
-78
-70
-48
-33
-42
-77
-112
-134
-138
-143
-172
-193
-177
-135
-108
-116
-142
-162
-166
-151
-115
-60
9
63
94
103
95
73
35
7
-28
-75
-118
-169
-219
-278
-326
-354
-368
-367
-377
-408
-452
-475
-450
-355
-204
-51
81
193
308
347
256
93
-32
-81
-93
-69
-35
-19
-38
-100
-212
-331
-430
-504
-508
-431
-318
-238
-187
-123
-64
-38
-32
-30
-30
-4
43
92
126
144
152
134
106
79
41
-12
-57
-79
-79
-36
44
130
194
228
240
229
209
213
245
285
335
377
375
313
205
93
13
-6
26
87
153
210
252
300
343
342
302
268
257
244
233
232
243
265
286
279
235
171
92
22
-15
-17
-5
10
43
76
86
65
22
-25
-47
-22
49
137
214
261
263
219
140
50
-30
-80
-103
-101
-90
-82
-86
-118
-169
-205
-208
-173
-115
-67
-40
-40
-65
-98
-137
-165
-181
-205
-234
-268
-309
-345
-364
-349
-314
-289
-286
-315
-348
-362
-388
-436
-468
-467
-424
-334
-235
-172
-144
-117
-84
-68
-81
-102
-95
-68
-69
-91
-104
-108
-109
-91
-66
-80
-107
-113
-78
-19
31
62
78
96
114
125
129
137
138
131
125
125
130
145
179
201
187
156
121
83
62
71
93
102
96
94
93
83
84
90
82
72
68
66
69
85
106
121
134
152
174
181
186
218
268
284
260
233
216
201
191
190
216
259
292
307
316
308
269
237
234
239
241
258
289
312
308
271
221
180
152
124
101
74
41
6
-23
-42
-60
-75
-97
-122
-137
-142
-130
-109
-91
-71
-51
-48
-58
-83
-123
-159
-196
-238
-278
-307
-314
-314
-316
-328
-355
-383
-404
-405
-381
-345
-293
-232
-191
-181
-198
-238
-281
-311
-324
-326
-329
-331
-330
-323
-307
-294
-273
-227
-172
-136
-117
-81
-14
46
73
63
40
34
9
-36
-53
-27
-9
-2
19
29
-1
-44
-68
-91
-107
-98
-59
-1
63
108
117
112
110
97
72
61
69
79
87
106
116
101
85
73
57
51
64
80
84
96
113
124
145
181
204
202
193
192
195
202
222
258
306
353
375
375
365
329
282
257
268
295
327
357
371
363
344
322
297
272
244
220
224
245
257
247
206
142
81
42
30
25
29
42
60
66
56
32
-5
-49
-82
-103
-115
-113
-109
-118
-133
-136
-141
-159
-186
-215
-240
-246
-227
-214
-216
-219
-230
-248
-253
-249
-245
-231
-201
-163
-132
-107
-98
-115
-144
-173
-217
-274
-315
-335
-342
-336
-309
-290
-297
-315
-324
-325
-331
-331
-317
-278
-230
-185
-149
-124
-112
-121
-147
-164
-165
-153
-147
-132
-87
-53
-57
-63
-59
-90
-141
-161
-143
-104
-38
32
78
107
118
99
65
53
62
83
131
205
254
269
278
277
237
179
136
105
93
114
151
185
221
248
243
212
198
203
198
196
206
201
191
205
229
240
244
239
231
229
237
237
235
240
243
236
223
203
170
144
146
164
181
204
225
224
205
177
145
122
104
90
80
82
87
86
75
56
34
10
-13
-22
-10
19
47
56
53
37
9
-22
-44
-64
-87
-106
-116
-116
-116
-124
-147
-185
-214
-231
-241
-242
-241
-242
-253
-269
-285
-298
-314
-321
-316
-304
-288
-266
-242
-226
-214
-207
-216
-236
-257
-262
-245
-226
-227
-245
-267
-288
-303
-308
-292
-254
-217
-188
-165
-149
-156
-165
-149
-122
-98
-76
-58
-45
-42
-40
-33
-18
9
39
61
65
64
64
68
88
127
161
180
199
200
181
162
145
127
131
158
188
210
222
218
202
194
201
205
193
184
183
183
191
214
223
210
201
193
189
192
201
197
187
188
188
193
205
207
196
193
202
205
205
214
223
221
216
218
213
197
180
167
152
143
147
156
161
154
125
88
60
43
32
26
20
11
2
-2
-16
-38
-55
-68
-73
-71
-66
-65
-67
-73
-82
-88
-83
-73
-63
-64
-79
-108
-151
-202
-250
-283
-297
-299
-295
-289
-292
-313
-337
-344
-332
-305
-263
-226
-214
-222
-241
-257
-247
-220
-193
-170
-154
-152
-167
-185
-197
-196
-178
-150
-123
-104
-98
-107
-123
-144
-157
-152
-141
-136
-132
-131
-138
-152
-156
-144
-128
-120
-123
-117
-101
-89
-71
-32
17
61
94
115
121
107
69
24
-1
0
27
65
94
100
92
83
77
77
93
124
161
193
220
240
243
246
260
282
299
309
319
322
330
341
344
337
327
311
304
316
324
308
286
266
245
227
216
203
182
161
144
130
116
108
101
89
75
66
58
47
23
-1
-13
-16
-21
-35
-50
-59
-66
-72
-75
-78
-84
-88
-95
-103
-111
-124
-139
-139
-124
-121
-122
-120
-128
-143
-156
-165
-172
-170
-155
-137
-118
-107
-102
-103
-99
-84
-60
-33
-5
5
-10
-34
-58
-82
-98
-99
-96
-105
-119
-134
-154
-171
-173
-176
-174
-158
-146
-150
-149
-141
-136
-129
-119
-120
-129
-137
-153
-168
-172
-169
-167
-162
-161
-164
-171
-177
-170
-155
-129
-91
-48
-11
8
11
5
1
7
31
73
114
136
136
123
109
109
130
162
202
237
262
275
282
281
266
257
255
255
263
282
293
284
260
235
215
210
218
230
242
249
242
223
204
189
174
164
153
137
110
78
42
6
-23
-39
-44
-42
-40
-40
-48
-66
-89
-107
-116
-115
-101
-82
-66
-63
-74
-85
-92
-91
-87
-85
-78
-67
-55
-51
-54
-60
-65
-65
-63
-58
-51
-42
-38
-33
-26
-24
-16
-4
10
17
13
-1
-16
-24
-26
-19
-13
-12
-21
-44
-79
-115
-137
-140
-126
-117
-120
-129
-140
-148
-152
-151
-147
-137
-121
-106
-104
-111
-123
-139
-160
-176
-190
-201
-202
-193
-179
-163
-151
-148
-148
-137
-113
-80
-39
-3
18
22
14
1
-1
17
42
61
66
66
62
60
64
80
107
132
157
173
181
184
183
180
189
208
222
231
229
214
186
156
130
118
125
141
157
165
159
144
132
123
119
115
103
80
54
29
13
8
14
19
14
-7
-37
-66
-88
-95
-91
-81
-69
-59
-55
-60
-70
-83
-97
-102
-91
-71
-44
-23
-19
-34
-56
-79
-96
-94
-72
-47
-25
-13
-15
-27
-38
-43
-37
-24
-17
-16
-20
-23
-25
-22
-11
2
12
15
13
13
14
13
7
2
-3
-10
-20
-33
-48
-60
-62
-61
-62
-60
-58
-52
-41
-37
-35
-35
-36
-33
-29
-27
-28
-31
-30
-25
-21
-18
-22
-33
-43
-49
-49
-44
-33
-23
-13
-2
12
25
30
36
47
62
84
103
113
115
109
95
84
81
85
92
104
117
132
143
151
153
149
137
120
107
100
101
108
124
142
151
147
131
105
85
75
77
88
100
108
111
103
86
63
36
16
6
-2
-8
-15
-22
-28
-36
-45
-56
-68
-82
-89
-91
-87
-82
-78
-77
-80
-84
-93
-105
-119
-134
-145
-151
-151
-142
-133
-123
-112
-104
-103
-114
-129
-135
-129
-112
-99
-94
-101
-114
-125
-133
-131
-126
-118
-107
-94
-83
-79
-79
-77
-77
-70
-61
-50
-42
-41
-48
-61
-70
-70
-62
-49
-39
-34
-36
-45
-52
-52
-46
-37
-23
-8
-2
-2
-6
-15
-27
-38
-40
-31
-12
5
19
22
19
17
22
29
43
59
73
83
90
99
104
107
112
118
126
131
132
128
120
111
112
121
135
151
162
166
165
163
160
157
162
169
180
191
196
192
182
169
161
152
145
141
141
143
144
144
140
134
124
115
105
89
70
50
33
23
23
28
38
41
30
6
-26
-56
-75
-82
-73
-50
-29
-20
-27
-49
-83
-111
-127
-130
-120
-108
-101
-104
-117
-137
-155
-165
-169
-172
-174
-177
-179
-179
-175
-168
-158
-153
-151
-154
-162
-168
-170
-167
-161
-150
-135
-119
-107
-108
-115
-128
-137
-143
-138
-123
-101
-85
-78
-82
-95
-114
-129
-131
-122
-104
-83
-66
-54
-57
-62
-70
-80
-82
-74
-61
-46
-28
-15
-6
-2
-3
-4
-1
7
17
29
41
55
68
82
96
109
114
114
112
110
106
107
117
130
148
163
176
182
186
187
188
197
212
231
251
264
268
263
250
238
227
220
218
215
211
199
187
176
165
154
148
143
138
140
139
135
128
119
110
104
100
99
99
98
94
83
63
40
16
-7
-28
-45
-55
-59
-64
-69
-74
-79
-84
-87
-89
-88
-87
-86
-89
-91
-95
-102
-107
-116
-125
-135
-143
-150
-150
-146
-142
-138
-138
-138
-136
-136
-142
-150
-159
-166
-169
-167
-162
-158
-159
-165
-169
-173
-178
-179
-179
-180
-179
-178
-174
-167
-163
-157
-156
-158
-161
-166
-171
-167
-160
-151
-141
-131
-123
-117
-119
-124
-128
-131
-123
-107
-83
-58
-37
-23
-17
-15
-12
-5
9
27
43
57
70
83
99
115
129
143
156
171
182
188
190
190
192
197
206
215
225
229
229
227
224
222
220
220
224
227
231
232
231
228
218
210
204
201
200
195
186
175
166
159
158
161
161
157
147
134
121
106
94
85
78
73
68
59
51
38
22
4
-8
-12
-11
-5
-2
-4
-10
-18
-26
-31
-35
-37
-39
-45
-54
-66
-77
-86
-92
-99
-108
-117
-125
-134
-139
-143
-143
-139
-136
-136
-139
-147
-160
-174
-186
-194
-201
-203
-203
-206
-211
-220
-229
-233
-233
-231
-227
-223
-218
-214
-208
-200
-190
-180
-173
-174
-178
-183
-186
-184
-180
-169
-157
-149
-139
-132
-128
-122
-110
-96
-78
-59
-38
-20
-2
11
22
32
42
52
63
72
76
79
80
84
92
103
119
132
147
156
157
159
160
166
174
180
184
186
187
181
177
177
178
185
187
188
189
187
185
184
178
174
169
167
165
167
173
178
180
175
166
159
155
151
147
145
140
134
126
121
119
116
113
110
105
102
100
102
104
106
103
99
91
78
68
55
45
33
21
12
3
-6
-14
-23
-32
-45
-57
-66
-72
-74
-78
-83
-94
-109
-122
-133
-140
-148
-152
-156
-161
-169
-178
-187
-194
-200
-206
-212
-213
-217
-219
-222
-221
-217
-213
-206
-198
-188
-182
-178
-177
-178
-176
-169
-161
-153
-147
-146
-148
-147
-142
-132
-114
-94
-77
-67
-66
-66
-66
-62
-53
-41
-29
-18
-11
-7
-11
-13
-10
-5
3
13
22
34
43
44
45
47
54
62
70
76
80
81
82
86
94
104
111
116
115
115
116
117
122
131
136
139
141
137
133
129
128
130
134
139
143
145
149
148
145
141
138
136
130
123
116
113
111
109
109
110
109
101
90
80
71
69
71
74
80
81
74
62
47
32
20
11
5
2
0
-7
-17
-29
-41
-50
-55
-58
-57
-59
-62
-68
-74
-80
-84
-88
-92
-95
-98
-103
-108
-114
-118
-120
-123
-124
-124
-125
-127
-128
-131
-132
-134
-134
-132
-131
-127
-124
-121
-118
-117
-116
-116
-116
-115
-112
-110
-107
-103
-99
-93
-89
-82
-77
-74
-70
-66
-64
-60
-54
-47
-38
-30
-23
-16
-13
-8
-6
-3
0
6
14
21
31
39
45
50
53
54
56
62
67
73
81
90
96
100
105
109
111
113
112
113
115
120
126
134
140
144
144
141
136
131
127
127
129
133
138
140
139
139
133
127
119
111
106
103
103
104
108
109
109
104
95
83
73
62
56
52
48
46
41
37
32
22
12
-1
-10
-14
-17
-18
-16
-18
-19
-22
-28
-36
-42
-50
-56
-58
-61
-63
-66
-71
-74
-79
-83
-91
-92
-92
-91
-91
-91
-89
-90
-94
-99
-101
-105
-107
-110
-111
-110
-107
-107
-109
-110
-111
-115
-121
-121
-120
-119
-117
-116
-112
-109
-109
-110
-109
-109
-108
-104
-99
-92
-84
-77
-73
-67
-63
-61
-63
-63
-62
-59
-55
-51
-41
-31
-21
-14
-8
-3
2
7
14
28
40
52
60
67
70
71
69
69
74
80
85
90
96
98
96
92
89
90
91
95
100
104
106
106
101
98
96
95
96
95
98
97
92
86
79
71
62
56
51
47
45
43
41
43
42
42
39
34
31
24
17
10
3
-1
-3
-4
-6
-7
-10
-10
-12
-15
-16
-15
-13
-11
-9
-9
-13
-15
-17
-21
-26
-30
-35
-39
-44
-49
-53
-56
-57
-57
-55
-54
-54
-54
-53
-52
-50
-51
-52
-57
-61
-64
-69
-72
-75
-78
-81
-81
-81
-79
-76
-73
-68
-63
-58
-53
-52
-50
-51
-50
-51
-51
-50
-44
-41
-38
-34
-32
-30
-28
-24
-19
-12
-2
8
15
25
33
39
43
44
46
46
47
50
53
58
62
68
73
78
83
84
86
90
92
96
99
100
102
102
100
97
95
93
96
97
102
104
102
100
96
93
88
85
83
82
81
81
81
80
77
72
68
61
54
50
47
45
46
46
44
40
34
27
18
12
8
5
5
7
6
5
3
-4
-14
-24
-31
-32
-31
-29
-28
-29
-33
-39
-48
-53
-57
-61
-68
-72
-73
-71
-73
-74
-77
-81
-87
-90
-95
-96
-97
-99
-98
-97
-97
-96
-98
-101
-104
-107
-108
-106
-103
-97
-93
-91
-91
-93
-97
-96
-93
-87
-81
-78
-75
-73
-71
-67
-64
-62
-60
-59
-59
-54
-49
-41
-35
-30
-24
-17
-11
-9
-7
-6
-4
-2
3
13
20
24
29
33
37
37
39
41
46
50
53
54
56
62
65
67
72
75
75
72
70
71
76
80
82
86
89
93
94
93
92
89
85
84
85
90
91
90
87
87
85
84
80
77
77
76
76
74
74
69
65
62
60
59
55
51
49
44
40
33
27
21
16
10
5
1
1
0
0
-3
-7
-12
-17
-23
-28
-33
-39
-45
-50
-54
-58
-63
-67
-74
-81
-88
-92
-93
-93
-93
-94
-96
-98
-99
-100
-102
-102
-103
-103
-104
-104
-106
-109
-114
-118
-119
-118
-115
-110
-104
-100
-97
-95
-93
-89
-84
-79
-74
-69
-64
-59
-54
-52
-51
-51
-50
-48
-45
-39
-33
-25
-20
-13
-6
1
8
11
14
19
23
28
35
41
46
50
53
56
60
62
64
67
69
75
79
85
89
93
95
98
102
107
110
111
111
112
111
109
109
112
112
113
116
118
120
122
123
123
122
119
116
115
113
111
110
106
103
99
96
91
86
83
80
76
75
74
72
68
66
60
52
46
39
33
29
25
22
21
17
11
7
0
-9
-16
-23
-30
-34
-39
-40
-46
-52
-57
-64
-70
-75
-78
-81
-86
-90
-95
-98
-100
-104
-109
-113
-120
-123
-125
-127
-128
-127
-127
-127
-129
-129
-130
-131
-131
-132
-131
-128
-123
-121
-119
-116
-113
-110
-110
-107
-105
-102
-97
-91
-85
-80
-78
-74
-71
-67
-62
-56
-52
-46
-39
-34
-30
-24
-18
-13
-10
-4
0
5
9
16
25
34
39
44
48
52
55
59
63
66
71
76
81
85
88
91
93
94
97
101
104
110
115
118
121
123
124
126
126
127
127
124
123
122
119
116
114
111
108
105
101
100
98
96
95
93
90
85
80
74
69
64
58
54
50
46
43
39
37
32
25
20
14
11
5
2
-4
-12
-18
-23
-28
-33
-38
-45
-51
-57
-60
-62
-65
-66
-71
-74
-77
-80
-83
-87
-89
-93
-97
-100
-102
-104
-108
-111
-114
-116
-117
-117
-115
-114
-113
-111
-109
-107
-107
-107
-107
-107
-106
-105
-104
-102
-100
-98
-96
-92
-89
-85
-83
-80
-76
-71
-68
-65
-60
-57
-50
-45
-40
-35
-30
-27
-21
-16
-8
-1
5
8
13
19
24
30
36
40
44
46
49
52
53
53
54
55
58
64
69
73
77
82
85
87
89
90
93
96
99
101
104
105
104
102
100
97
95
94
95
95
95
97
97
97
97
97
97
95
94
91
92
93
92
89
86
83
77
71
63
59
56
53
50
48
47
46
42
39
34
31
28
25
21
18
15
10
2
-5
-14
-20
-27
-33
-39
-42
-45
-48
-51
-54
-55
-59
-62
-65
-67
-68
-69
-73
-78
-83
-89
-93
-97
-102
-103
-105
-106
-106
-107
-104
-103
-101
-100
-97
-96
-94
-92
-91
-90
-89
-87
-88
-89
-87
-87
-85
-84
-80
-74
-67
-61
-55
-50
-45
-40
-37
-33
-28
-24
-20
-16
-13
-10
-9
-4
-1
1
4
6
9
11
14
19
22
26
28
30
33
34
35
37
41
45
48
51
54
59
62
64
64
66
67
70
72
73
74
76
78
81
82
83
83
85
86
86
86
86
89
92
94
96
96
96
95
92
89
89
86
84
83
80
78
76
73
69
64
59
57
54
51
47
43
39
34
27
19
13
6
0
-8
-14
-21
-27
-31
-36
-41
-44
-47
-51
-55
-62
-67
-72
-76
-81
-83
-86
-90
-92
-95
-97
-99
-99
-99
-99
-99
-98
-96
-95
-94
-93
-92
-91
-90
-89
-89
-85
-84
-83
-80
-77
-73
-69
-67
-64
-60
-56
-52
-50
-48
-48
-47
-45
-44
-41
-39
-36
-33
-34
-31
-27
-25
-22
-20
-18
-17
-15
-13
-10
-9
-8
-5
-3
0
1
3
6
8
11
16
21
26
30
35
38
38
39
41
45
48
50
55
56
62
65
67
69
70
71
72
77
80
82
85
85
87
86
84
84
84
83
80
79
81
82
80
78
77
74
70
67
67
61
61
59
56
54
50
48
43
40
36
32
29
25
24
22
17
13
11
7
3
0
-4
-9
-10
-13
-16
-18
-21
-23
-25
-27
-28
-30
-31
-35
-36
-37
-39
-41
-42
-42
-44
-45
-46
-48
-46
-49
-49
-47
-47
-46
-48
-48
-47
-47
-48
-50
-51
-51
-50
-49
-48
-48
-49
-51
-50
-51
-52
-53
-53
-49
-45
-44
-43
-42
-41
-41
-41
-41
-40
-37
-34
-30
-29
-26
-25
-26
-25
-22
-20
-18
-15
-9
-4
0
2
3
5
6
7
9
14
19
22
25
29
31
33
31
30
31
32
37
40
44
48
51
49
49
48
45
45
45
49
52
54
54
53
51
48
44
40
39
39
41
41
42
42
41
35
32
29
26
26
27
28
30
30
26
21
18
13
9
8
8
8
10
8
6
4
0
-4
-7
-9
-10
-8
-6
-5
-5
-6
-11
-13
-15
-17
-18
-18
-16
-15
-16
-17
-18
-20
-24
-27
-29
-29
-28
-26
-24
-24
-23
-25
-27
-26
-27
-26
-26
-24
-23
-23
-24
-25
-27
-28
-30
-31
-30
-27
-26
-24
-21
-20
-19
-16
-15
-14
-15
-15
-14
-12
-9
-10
-9
-9
-12
-14
-13
-12
-9
-6
-5
0
3
6
8
10
11
12
10
10
11
11
11
10
10
10
10
9
10
12
12
11
12
15
19
21
22
22
21
19
19
18
18
17
17
15
14
13
12
11
12
11
11
10
10
10
10
8
6
7
7
9
8
6
6
4
2
0
0
-2
-1
0
-3
-4
-5
-6
-6
-6
-7
-8
-9
-9
-8
-7
-7
-9
-9
-10
-12
-13
-16
-17
-17
-18
-17
-16
-15
-15
-16
-17
-17
-17
-18
-16
-17
-17
-14
-13
-11
-12
-12
-16
-18
-19
-19
-18
-17
-17
-14
-12
-11
-9
-6
-7
-6
-6
-6
-4
-1
0
1
3
4
7
6
5
3
3
5
5
5
7
10
14
16
18
18
16
17
19
20
23
25
27
27
25
25
23
23
24
23
22
23
24
24
23
24
23
24
24
23
23
24
25
27
26
25
23
21
19
19
18
16
17
17
16
16
16
16
13
12
10
9
9
9
8
5
2
1
-1
-2
-4
-7
-9
-12
-12
-14
-15
-15
-17
-19
-21
-23
-25
-26
-27
-27
-26
-27
-29
-32
-32
-34
-36
-35
-35
-34
-35
-35
-37
-37
-38
-38
-38
-36
-35
-35
-33
-35
-35
-34
-33
-30
-29
-26
-26
-27
-26
-26
-24
-21
-18
-16
-14
-14
-14
-13
-12
-9
-8
-5
-1
1
1
2
2
4
4
7
11
13
13
13
14
15
15
16
19
22
23
24
25
25
26
27
29
28
29
30
30
31
32
34
36
37
39
39
39
38
38
39
41
40
41
43
43
43
43
43
43
44
44
45
45
45
44
43
42
44
43
41
40
40
37
35
36
35
34
32
30
28
25
23
21
19
15
12
10
9
7
4
1
-1
-5
-8
-13
-16
-18
-21
-24
-27
-30
-32
-34
-38
-40
-42
-44
-47
-47
-51
-52
-53
-54
-54
-55
-57
-57
-60
-61
-63
-62
-60
-60
-60
-60
-60
-62
-60
-60
-58
-57
-56
-54
-54
-53
-52
-51
-48
-48
-46
-44
-44
-42
-40
-39
-37
-36
-34
-32
-32
-32
-30
-28
-25
-22
-20
-18
-17
-14
-13
-12
-12
-10
-6
-5
-2
-1
3
7
8
8
11
12
14
16
19
22
25
27
29
30
30
33
36
39
42
46
49
50
49
49
50
54
56
57
60
62
63
61
61
62
63
64
62
61
62
65
65
62
63
61
60
59
56
55
54
55
54
54
51
50
48
45
42
38
36
32
31
29
27
25
21
18
15
13
9
6
4
0
-2
-5
-8
-8
-10
-13
-16
-19
-23
-25
-27
-30
-33
-36
-35
-37
-40
-43
-45
-47
-50
-53
-53
-54
-54
-54
-56
-57
-57
-58
-59
-59
-59
-59
-58
-59
-58
-57
-57
-56
-57
-56
-56
-54
-53
-51
-50
-48
-46
-45
-43
-41
-38
-36
-34
-31
-29
-27
-24
-21
-19
-17
-15
-14
-11
-10
-7
-4
-3
1
3
6
8
10
13
17
19
20
22
25
28
29
31
32
33
33
34
36
37
38
41
41
42
42
42
44
45
44
46
47
47
48
48
47
48
48
49
50
49
48
48
46
47
45
45
47
47
46
45
43
42
43
41
39
36
36
34
29
28
27
25
23
20
18
16
15
12
10
8
6
3
0
-2
-4
-5
-7
-9
-12
-12
-16
-20
-21
-22
-25
-28
-31
-33
-36
-36
-37
-38
-39
-41
-43
-46
-47
-46
-48
-49
-48
-47
-47
-48
-48
-48
-48
-45
-46
-47
-47
-46
-45
-45
-43
-41
-41
-41
-39
-37
-34
-35
-32
-31
-30
-30
-28
-25
-24
-19
-17
-18
-18
-19
-18
-17
-14
-9
-6
-3
-2
0
0
1
1
4
6
9
12
16
18
19
21
20
18
18
18
17
20
22
24
26
28
30
31
31
31
32
31
32
35
36
38
39
39
38
36
34
32
31
30
29
30
31
31
31
31
31
29
29
27
25
26
28
28
28
28
26
24
19
16
13
11
9
8
7
6
6
5
5
2
-1
-3
-4
-5
-5
-4
-4
-5
-4
-5
-8
-11
-13
-15
-17
-19
-19
-21
-21
-22
-24
-25
-26
-28
-30
-30
-32
-32
-30
-30
-28
-27
-25
-25
-26
-26
-28
-30
-29
-29
-29
-27
-26
-26
-25
-27
-27
-28
-31
-31
-29
-26
-24
-23
-22
-21
-21
-21
-21
-21
-20
-18
-17
-15
-12
-11
-12
-10
-9
-7
-3
-1
0
1
0
3
3
4
3
3
5
5
7
9
9
10
12
13
17
17
18
21
24
26
27
29
31
32
34
35
35
39
39
40
41
40
43
46
45
46
47
48
49
51
52
53
54
53
52
51
48
46
45
44
43
44
45
43
41
38
36
35
30
28
27
27
25
23
22
19
14
10
6
2
-1
-5
-7
-11
-14
-16
-19
-23
-26
-29
-30
-31
-33
-35
-36
-38
-40
-41
-42
-44
-47
-47
-48
-48
-49
-50
-50
-50
-50
-50
-50
-49
-49
-49
-48
-48
-48
-46
-46
-45
-43
-42
-41
-40
-39
-37
-38
-38
-38
-36
-34
-33
-31
-30
-30
-29
-27
-26
-25
-25
-23
-22
-20
-19
-18
-14
-13
-12
-9
-8
-5
-4
-3
-2
0
2
2
4
5
5
8
9
11
14
15
15
15
17
20
24
25
27
29
31
31
32
32
34
37
39
42
42
44
44
45
45
44
45
46
46
46
46
46
45
44
44
43
42
42
42
42
42
42
40
40
39
38
35
30
29
27
26
25
22
19
17
16
12
10
9
6
5
4
3
0
-1
-2
-3
-5
-5
-8
-10
-12
-12
-15
-17
-18
-19
-20
-22
-25
-26
-26
-25
-27
-27
-27
-28
-28
-29
-31
-31
-31
-33
-34
-33
-35
-35
-32
-32
-31
-31
-33
-33
-34
-35
-35
-35
-33
-33
-30
-31
-32
-31
-30
-30
-30
-28
-25
-21
-20
-18
-17
-18
-17
-19
-18
-18
-15
-13
-12
-11
-8
-5
-3
-4
-1
-1
1
3
2
2
5
7
8
10
12
12
12
12
14
16
18
20
21
24
23
23
24
24
25
24
25
25
26
26
27
28
28
29
29
27
28
26
26
28
27
27
26
26
26
24
24
24
24
25
24
24
22
22
20
17
17
19
18
19
19
16
13
11
9
9
9
8
8
8
8
6
2
1
3
2
1
0
0
-2
-2
-4
-4
-4
-7
-9
-9
-11
-12
-14
-15
-14
-16
-16
-19
-20
-20
-21
-23
-23
-23
-24
-25
-26
-25
-25
-26
-27
-26
-27
-27
-28
-29
-29
-29
-29
-27
-25
-24
-25
-26
-25
-25
-26
-27
-26
-24
-23
-22
-20
-17
-16
-17
-17
-16
-17
-18
-17
-13
-11
-8
-5
-3
-2
-1
-2
-2
-1
1
3
6
8
9
11
12
12
11
11
10
11
13
14
16
19
21
21
20
18
17
18
18
20
22
22
24
23
21
24
20
18
17
17
17
16
15
16
17
15
14
13
11
8
6
7
7
7
7
7
6
4
2
2
1
0
-1
0
1
1
2
2
1
0
0
-1
0
1
0
2
1
1
1
0
-2
-2
-2
-1
0
1
0
0
-1
-2
-3
-1
-2
-2
-1
-2
-2
-3
-1
-1
-1
0
-1
-2
-2
-2
-2
-1
1
1
2
0
0
0
-1
-1
-2
-1
-1
-3
-2
-2
-1
-2
-2
0
-2
-2
-3
-6
-5
-4
-1
-2
0
1
0
-1
-2
-2
0
0
1
1
2
3
4
3
2
2
1
1
1
2
4
4
4
5
5
6
4
2
2
3
4
5
6
8
7
7
6
4
4
3
4
4
6
6
7
7
6
5
3
2
2
2
3
3
2
5
4
2
1
1
0
-2
-1
0
-1
0
0
-2
-1
-3
-4
-6
-8
-7
-6
-6
-5
-5
-5
-7
-8
-9
-10
-13
-14
-14
-14
-13
-13
-13
-12
-12
-14
-14
-15
-15
-14
-15
-15
-13
-15
-16
-16
-16
-16
-16
-16
-16
-16
-15
-13
-14
-13
-14
-13
-12
-12
-11
-11
-12
-10
-9
-8
-10
-9
-9
-8
-7
-7
-5
-3
-3
-2
-3
-3
-1
0
0
1
2
4
5
6
7
8
7
9
11
10
11
11
13
14
15
15
15
15
15
17
17
17
19
18
18
19
19
18
18
19
18
18
18
19
20
19
18
17
18
17
18
18
19
19
18
17
17
17
15
14
15
13
12
10
11
10
9
8
7
7
5
5
3
3
3
3
1
0
-1
0
-1
-3
-3
-4
-5
-5
-6
-6
-8
-9
-10
-10
-11
-11
-12
-12
-14
-14
-15
-15
-15
-15
-16
-17
-16
-16
-16
-16
-15
-16
-15
-15
-15
-15
-15
-15
-14
-13
-13
-14
-14
-13
-13
-12
-13
-14
-13
-12
-11
-10
-9
-9
-8
-9
-8
-7
-6
-4
-4
-3
-2
-1
-2
1
1
1
2
2
3
4
5
5
6
6
7
8
9
9
10
10
11
11
10
12
12
12
12
14
14
14
14
14
15
16
15
15
16
16
17
17
17
16
17
17
16
17
17
17
15
15
14
14
15
15
14
13
13
13
13
11
11
10
8
8
7
7
7
5
6
6
5
3
0
0
-1
0
-1
-2
-1
-1
-1
-4
-2
-4
-6
-7
-6
-6
-5
-6
-7
-7
-6
-7
-7
-8
-9
-9
-10
-11
-11
-10
-9
-10
-11
-11
-11
-12
-14
-16
-15
-15
-15
-16
-15
-16
-16
-17
-19
-19
-18
-20
-19
-19
-18
-20
-19
-19
-20
-20
-21
-21
-20
-19
-19
-18
-16
-17
-18
-19
-19
-17
-17
-16
-15
-15
-13
-13
-13
-12
-9
-10
-10
-8
-7
-5
-4
-3
-2
-3
-2
-2
-2
0
2
3
4
5
7
8
8
9
11
10
10
10
13
14
15
15
15
16
15
14
15
16
16
16
18
18
17
16
14
14
14
15
15
16
16
16
16
14
13
13
14
13
12
12
12
12
13
13
11
10
8
8
7
8
8
7
7
6
4
4
3
2
2
1
1
3
2
1
1
0
-1
-2
-3
-3
-3
-2
-2
-2
-1
-2
-3
-3
-3
-3
-3
-3
-2
-2
-2
-2
-4
-4
-4
-4
-4
-3
-1
-1
0
-1
-1
-2
-2
-3
-4
-5
-5
-5
-5
-5
-4
-4
-4
-5
-5
-4
-3
-3
-3
-3
-2
-2
-3
-4
-3
-4
-3
-2
0
0
-1
-1
-1
-2
-3
-4
-4
-3
-1
0
0
1
1
-1
-1
-1
-1
-1
-2
0
2
2
1
1
1
0
0
0
0
0
1
2
2
2
2
2
1
-1
-1
1
-1
-1
-1
0
0
0
0
0
1
1
1
2
1
1
1
2
3
3
1
2
2
2
2
1
1
1
0
0
0
1
1
0
0
-1
0
0
-1
1
1
1
1
1
1
1
-1
-2
-1
-1
-2
-2
-3
-1
0
-1
-1
-1
-1
-2
-1
-1
0
1
1
0
0
1
-1
0
-1
0
0
-1
0
1
0
-1
-1
-1
0
0
-1
-1
1
1
0
1
-1
-2
-2
-2
-2
0
1
1
0
2
1
1
1
1
1
2
0
1
2
3
2
3
2
1
2
2
2
1
3
3
2
3
3
2
1
2
1
1
2
3
2
2
1
1
0
0
-1
-1
-1
-1
0
0
1
0
-1
-2
-2
-1
-2
-2
-2
-1
0
-1
-1
0
-1
-1
-1
0
0
-1
1
-1
-1
-1
-2
-3
-3
-1
-3
-2
-2
-3
-2
-2
-2
-1
-2
-2
-1
1
0
1
0
-1
-1
-1
-1
-1
-3
-1
-1
-1
0
-1
-2
-2
-2
-1
-2
-2
-2
-2
-1
-3
-4
-3
-4
-4
-2
-3
-3
-4
-4
-3
-4
-5
-5
-3
-4
-4
-2
-3
-4
-3
-3
-2
-2
-1
-1
-1
-1
1
1
0
1
1
1
1
2
3
2
2
2
2
3
4
3
3
2
3
3
3
3
2
2
2
3
2
3
2
2
2
3
1
2
2
2
3
2
3
2
3
4
3
2
1
1
1
1
2
2
1
2
0
0
-1
0
-1
0
0
-1
-1
-2
-1
0
-1
-1
-1
0
0
-1
0
0
-1
0
0
1
1
0
-1
-1
0
0
0
0
-2
-1
-1
-2
-1
-1
-1
-1
-2
0
0
0
-1
0
1
1
1
1
0
0
0
-1
-1
-1
-1
0
0
1
1
1
0
1
1
1
0
1
0
0
0
0
1
0
-1
-1
-2
-3
-3
-3
-3
-3
-2
-1
-1
-1
-1
-1
-1
-1
0
-1
-2
-1
-1
-1
-1
-2
-3
-1
-1
-1
-2
-1
-1
-1
0
1
2
2
2
3
4
5
5
5
5
7
7
7
7
8
9
9
10
9
10
10
11
11
10
11
10
10
10
10
10
10
9
6
6
6
5
4
3
3
2
2
3
0
0
-2
-1
-1
-3
-4
-3
-3
-4
-5
-4
-5
-6
-8
-8
-7
-8
-9
-10
-10
-9
-9
-9
-9
-8
-7
-8
-7
-6
-6
-6
-8
-7
-6
-5
-6
-6
-5
-3
-2
-3
-2
-2
0
0
0
1
2
2
2
1
3
2
2
1
2
3
3
2
1
1
2
2
1
-1
0
0
0
0
1
1
1
0
0
-1
0
-2
-1
-1
-1
-1
-2
-1
-2
-3
-4
-3
-3
-4
-2
-2
-2
-2
-2
-3
-3
-3
-2
-2
-2
-2
-1
0
-2
-1
-2
-2
-2
-2
-1
-1
0
1
-1
0
-1
0
0
0
0
1
2
1
1
2
2
1
1
1
2
3
3
4
3
4
3
3
3
3
3
3
3
4
3
2
2
2
3
2
3
2
1
2
2
1
2
1
1
0
0
0
-1
-1
-2
-2
-2
-2
-2
-3
-3
-3
-4
-3
-2
-2
-1
-2
-1
-1
-1
-1
-2
-2
-1
-1
-1
-1
-1
-2
-1
-1
-1
-1
-1
-2
-2
0
1
0
0
-1
0
0
-1
0
1
1
4
4
4
4
3
4
3
3
4
5
3
2
2
3
3
1
2
0
0
1
0
1
0
0
-1
0
1
0
1
1
1
0
1
2
1
0
2
1
0
0
1
2
1
1
1
0
0
-1
0
0
1
1
0
0
0
0
0
0
0
-1
0
1
1
1
2
1
1
0
0
0
1
0
-1
-1
-2
-1
0
-1
-1
-2
-3
-4
-2
-2
-2
-2
-3
-2
-2
-2
-2
-3
-2
-1
-2
0
-1
-1
-1
-1
-2
-2
-1
0
-1
0
-1
-1
0
0
0
0
-1
-1
-1
0
0
0
0
0
-1
-1
-1
0
1
1
0
0
1
0
1
0
-1
-1
-2
-2
-1
0
0
1
-1
-2
-2
-3
-2
-1
-1
-2
-1
-1
0
1
1
0
-1
-2
-2
-1
0
-1
-2
-1
-1
-1
0
0
1
2
2
1
1
0
0
1
1
2
1
3
3
3
3
3
2
3
2
1
3
2
3
2
3
3
2
2
2
2
1
1
0
0
0
0
0
1
0
0
0
0
0
0
0
0
-1
-2
-2
-1
-1
-1
-1
-1
-3
-2
-2
-2
-2
-1
-1
-3
-2
-2
-3
-3
-2
-2
-2
-1
-1
-1
0
-1
-2
0
-1
0
0
0
1
0
0
-1
-2
-2
-1
0
0
0
-2
0
0
-1
-1
0
0
0
0
0
0
0
0
-1
-1
-2
-1
-2
-2
-2
-1
-1
-2
-1
0
0
0
-1
0
-1
-1
0
1
-1
-1
-2
-2
-2
-2
-1
-2
-1
-1
-1
0
0
0
1
1
2
2
2
1
1
1
1
1
2
1
0
2
1
1
1
3
2
3
3
4
3
5
5
5
5
4
4
4
3
3
2
3
2
3
2
3
