1
1
1
0
0
0
-1
0
1
2
1
2
1
0
0
1
0
1
1
2
1
1
1
1
0
0
1
0
1
1
0
0
0
0
-1
-1
0
-1
-1
0
0
-1
-1
0
-1
-1
-1
0
0
-1
-1
-1
0
-1
0
-1
-1
-2
-1
-1
-1
-1
0
-1
0
-1
-1
-1
-1
-1
-1
1
1
1
0
0
-1
0
0
1
1
1
2
2
2
1
0
1
0
0
1
1
1
1
1
1
1
1
1
1
0
1
1
1
1
0
0
0
-1
-1
-1
0
0
-1
0
0
-1
-1
-1
0
-1
-1
-1
-1
-1
-1
-1
-2
-1
0
1
1
1
0
1
1
1
1
1
2
3
4
2
1
2
2
4
5
5
6
5
7
8
7
7
9
9
11
11
11
9
11
13
12
11
12
13
13
14
13
11
11
10
11
11
11
11
10
10
9
7
7
7
7
8
9
8
6
2
2
2
1
1
0
0
-1
-2
-4
-7
-8
-9
-9
-9
-9
-10
-13
-14
-16
-18
-21
-23
-23
-22
-21
-21
-23
-26
-29
-29
-30
-28
-28
-26
-26
-26
-27
-27
-29
-29
-28
-27
-24
-24
-23
-24
-23
-23
-23
-21
-22
-21
-20
-20
-22
-21
-20
-17
-13
-10
-6
-5
-5
-6
-5
-2
1
7
13
18
21
22
21
21
20
22
26
29
31
32
32
30
25
21
18
18
17
18
18
18
14
12
10
9
8
10
13
16
18
19
19
17
15
16
19
23
27
29
31
30
29
26
23
21
21
23
24
23
20
17
14
11
7
4
5
4
4
4
5
4
2
1
1
0
-1
-1
-1
0
0
-2
-7
-9
-10
-12
-14
-17
-18
-17
-18
-21
-25
-25
-27
-29
-31
-31
-28
-27
-27
-28
-31
-33
-31
-29
-28
-27
-26
-24
-21
-21
-23
-25
-23
-19
-17
-16
-14
-14
-10
-7
-5
-4
-3
0
3
5
7
11
12
16
20
23
22
20
19
20
23
26
27
26
24
21
20
18
16
12
10
8
10
10
6
1
-3
-4
-4
-6
-7
-8
-7
-6
-6
-7
-10
-14
-16
-15
-13
-10
-12
-12
-11
-8
-6
-5
-4
-5
-1
5
8
13
16
20
22
24
26
27
29
34
39
44
47
49
46
44
42
43
45
47
48
48
45
41
35
31
28
26
27
28
27
25
20
12
7
4
1
2
3
-1
-7
-12
-14
-11
-13
-18
-26
-31
-30
-27
-24
-26
-27
-24
-24
-31
-44
-52
-45
-26
-11
-9
-22
-36
-40
-38
-33
-32
-29
-23
-18
-21
-33
-47
-51
-45
-34
-32
-41
-53
-61
-61
-59
-62
-66
-70
-71
-72
-73
-71
-66
-60
-59
-61
-66
-68
-65
-54
-39
-25
-15
-11
-11
-13
-13
-9
-1
8
16
22
27
28
29
27
26
25
24
29
34
40
44
45
44
40
34
31
32
37
42
45
44
40
32
25
18
14
13
15
18
20
18
14
9
6
4
2
5
10
16
24
31
36
39
38
38
38
40
46
55
64
71
78
82
80
79
76
74
77
83
95
101
104
102
95
86
80
74
74
77
81
83
80
73
60
46
36
32
33
36
35
30
21
9
-3
-14
-25
-31
-32
-28
-27
-33
-47
-60
-69
-72
-72
-69
-66
-68
-74
-82
-88
-91
-88
-81
-76
-72
-76
-88
-101
-105
-104
-96
-87
-84
-89
-99
-110
-119
-121
-119
-117
-117
-119
-122
-123
-121
-118
-111
-108
-106
-109
-111
-107
-96
-81
-64
-48
-36
-32
-35
-39
-39
-25
-8
13
26
33
37
39
41
41
40
42
48
60
73
81
82
81
79
76
74
73
74
79
87
94
95
88
76
66
59
55
55
55
53
52
48
41
36
29
24
23
19
19
22
28
34
40
43
44
43
44
45
53
62
70
78
87
92
91
87
84
86
93
104
112
117
117
114
112
111
107
105
107
111
112
112
105
95
84
75
72
75
73
59
38
27
27
32
24
9
-2
-12
-20
-33
-49
-55
-54
-49
-52
-69
-92
-108
-109
-101
-97
-100
-112
-116
-117
-119
-123
-128
-124
-118
-119
-127
-140
-143
-141
-137
-142
-151
-156
-159
-155
-157
-167
-175
-181
-181
-182
-182
-176
-165
-149
-146
-152
-160
-162
-148
-129
-107
-88
-69
-55
-49
-52
-55
-51
-36
-17
5
21
34
42
42
41
35
32
37
49
65
79
87
91
89
81
76
73
78
89
98
103
101
99
99
92
82
71
67
74
79
82
81
76
67
57
49
44
43
44
50
58
63
67
67
64
58
55
58
65
78
89
97
103
104
105
103
102
109
120
136
145
147
145
142
140
139
138
140
144
148
145
139
133
131
127
115
99
89
92
91
78
63
53
52
50
36
15
-2
-12
-18
-19
-20
-32
-48
-66
-78
-83
-87
-95
-106
-110
-115
-120
-129
-135
-143
-146
-145
-143
-145
-153
-161
-161
-154
-156
-165
-174
-182
-183
-177
-177
-185
-195
-203
-211
-219
-221
-220
-212
-204
-194
-187
-190
-199
-204
-199
-186
-167
-140
-112
-91
-81
-75
-70
-66
-56
-41
-15
21
48
63
67
64
64
68
76
84
101
123
142
154
156
144
132
120
119
126
136
148
149
144
134
119
101
82
75
77
84
87
85
73
57
45
35
29
28
30
29
31
37
42
45
42
41
41
48
66
82
92
101
108
113
124
129
126
133
146
163
181
185
187
186
184
187
200
213
204
183
165
157
163
153
140
131
129
122
107
82
53
42
29
22
31
26
-19
-67
-78
-65
-63
-83
-114
-131
-134
-128
-148
-169
-163
-165
-173
-172
-179
-196
-197
-189
-189
-179
-184
-197
-192
-192
-194
-192
-181
-189
-200
-198
-193
-186
-188
-197
-206
-229
-239
-243
-247
-240
-228
-207
-196
-185
-188
-193
-206
-218
-196
-163
-120
-81
-48
-26
-21
-28
-41
-32
6
56
109
144
165
167
142
129
126
144
172
202
229
235
224
195
166
142
138
154
177
196
195
173
134
92
56
38
41
55
63
52
29
-3
-35
-68
-86
-80
-53
-32
-28
-39
-55
-71
-70
-45
-14
26
50
72
91
105
115
121
144
178
220
262
293
307
308
300
293
291
306
327
345
353
341
308
263
228
202
193
189
188
179
151
120
77
31
-5
-27
-32
-20
-7
-27
-77
-103
-93
-130
-202
-196
-128
-110
-158
-198
-210
-217
-233
-250
-238
-206
-213
-242
-227
-195
-232
-300
-274
-182
-153
-201
-239
-229
-222
-242
-249
-246
-236
-226
-216
-215
-249
-303
-355
-368
-326
-258
-202
-176
-199
-245
-306
-342
-335
-285
-178
-87
-31
-29
-64
-114
-154
-125
-19
106
199
234
216
167
118
106
139
233
320
359
354
309
245
181
162
202
268
315
321
283
216
134
75
64
96
151
176
152
86
4
-63
-105
-97
-54
-5
13
-9
-65
-132
-174
-180
-145
-73
10
69
80
66
31
10
47
115
223
303
336
338
317
321
331
362
412
462
511
513
492
447
388
367
364
384
386
340
292
215
143
97
71
70
54
20
-31
-83
-125
-170
-196
-199
-202
-206
-222
-243
-269
-293
-295
-299
-289
-275
-273
-269
-277
-272
-265
-277
-279
-279
-271
-261
-260
-236
-232
-232
-241
-257
-267
-275
-255
-232
-215
-211
-247
-279
-308
-335
-348
-363
-324
-281
-209
-182
-242
-324
-422
-397
-309
-197
-102
-83
-89
-123
-175
-162
-119
-34
86
178
249
192
103
42
73
209
320
404
389
305
221
173
214
299
349
378
347
280
228
171
176
191
228
255
225
165
65
5
-2
33
85
86
42
-40
-120
-137
-103
-53
-29
-49
-87
-125
-131
-82
-19
44
78
121
130
140
157
173
250
324
380
426
449
450
447
453
504
549
585
579
543
516
469
437
412
408
379
319
259
190
140
104
54
17
-28
-82
-137
-178
-205
-237
-252
-277
-319
-348
-372
-392
-382
-371
-375
-383
-392
-400
-403
-391
-371
-338
-316
-313
-327
-344
-343
-327
-299
-264
-248
-266
-269
-274
-274
-265
-259
-266
-239
-241
-267
-301
-324
-264
-179
-115
-165
-268
-364
-328
-228
-141
-78
-107
-150
-182
-178
-150
-96
-51
7
70
87
30
-48
-65
26
168
249
233
118
25
26
98
212
280
254
183
136
136
163
194
203
205
203
196
170
122
99
82
107
140
132
70
-11
-25
-4
54
67
22
-48
-98
-81
-20
41
64
43
11
98
167
205
212
158
202
308
394
427
428
444
477
539
600
588
567
558
592
669
682
583
453
433
493
513
481
365
220
168
175
186
176
100
-49
-128
-111
-94
-138
-210
-288
-339
-338
-362
-406
-431
-433
-435
-441
-437
-473
-507
-493
-449
-376
-351
-397
-477
-487
-427
-371
-327
-324
-360
-381
-375
-351
-326
-304
-336
-340
-326
-308
-264
-239
-195
-215
-253
-300
-275
-220
-159
-115
-107
-98
-124
-158
-169
-118
-57
27
46
14
-54
-134
-104
8
117
126
46
-50
-68
4
72
108
99
61
44
70
121
144
142
128
146
183
182
159
141
170
213
221
192
141
97
101
156
201
214
145
50
24
57
126
135
107
81
75
98
154
226
232
222
179
184
276
349
384
399
429
461
468
469
482
523
593
649
659
604
509
438
460
556
594
510
384
273
246
276
252
192
117
55
0
-21
-51
-118
-190
-223
-241
-273
-326
-413
-441
-428
-423
-454
-512
-544
-543
-516
-478
-449
-481
-521
-553
-535
-468
-443
-452
-472
-450
-430
-416
-436
-437
-436
-393
-369
-315
-219
-267
-299
-385
-350
-246
-208
-178
-196
-157
-111
-108
-143
-163
-134
-61
25
94
51
-45
-123
-86
76
133
80
-25
-84
-37
6
12
-12
-18
-7
-11
-6
-14
-37
-34
28
97
106
29
-54
-10
89
170
161
94
78
68
115
147
184
182
156
142
149
184
159
156
168
232
262
253
205
283
328
326
343
265
355
437
463
490
504
493
519
533
562
600
620
637
661
694
623
561
531
596
638
577
477
377
355
354
335
273
206
141
75
57
33
-42
-130
-179
-211
-244
-308
-400
-437
-426
-446
-495
-558
-593
-604
-620
-622
-621
-614
-637
-635
-645
-615
-605
-627
-609
-574
-558
-567
-583
-549
-496
-467
-324
-373
-330
-375
-455
-276
-203
-160
-184
-199
-141
-44
-32
-70
-41
13
73
132
96
75
37
3
151
201
159
50
-56
13
87
107
18
-30
-26
-32
-24
-40
-47
-47
-42
-40
-13
-52
-105
-89
-39
28
10
-75
-88
-57
4
22
39
48
13
27
25
92
131
131
135
172
242
219
249
248
310
378
372
395
430
468
471
506
522
598
613
585
591
619
653
668
690
669
670
623
595
621
624
599
515
463
466
457
423
368
307
267
206
152
121
95
60
5
-57
-99
-150
-223
-247
-269
-295
-338
-409
-466
-480
-521
-555
-563
-576
-594
-646
-657
-663
-633
-665
-713
-704
-732
-666
-691
-594
-514
-589
-605
-724
-607
-446
-391
-397
-414
-368
-291
-249
-254
-218
-150
-71
-9
39
-4
-42
-63
50
184
158
74
-23
32
127
132
63
-29
3
30
43
30
-17
-59
-84
-52
-46
-38
-106
-135
-72
-66
-82
-178
-194
-122
-97
-98
-134
-111
-120
-106
-124
-83
-1
-15
1
-1
74
126
150
160
207
271
288
347
381
448
461
450
507
588
657
632
614
648
711
740
731
720
727
744
725
714
715
696
664
640
635
603
541
490
464
477
433
342
291
253
229
185
122
94
69
11
-40
-80
-115
-148
-187
-221
-241
-284
-350
-378
-380
-407
-451
-498
-532
-520
-562
-614
-660
-588
-528
-567
-616
-745
-692
-578
-543
-548
-574
-568
-497
-427
-426
-433
-395
-336
-218
-146
-190
-226
-249
-138
23
29
-33
-113
-112
-5
36
3
-31
-19
0
10
-7
-40
-50
-30
-15
-20
-59
-106
-130
-89
-65
-105
-153
-200
-182
-188
-218
-239
-220
-202
-210
-249
-274
-234
-231
-222
-224
-181
-132
-114
-104
-100
-52
-11
59
115
159
173
168
215
305
389
420
426
441
501
552
578
609
647
683
683
687
702
722
731
722
714
704
693
667
645
626
607
567
516
485
434
392
367
332
300
246
181
130
111
92
53
3
-50
-95
-136
-145
-155
-199
-254
-292
-323
-333
-345
-327
-300
-339
-393
-498
-475
-400
-340
-331
-378
-372
-381
-351
-346
-321
-272
-238
-223
-224
-237
-243
-214
-162
-108
-123
-170
-221
-212
-138
-101
-126
-178
-187
-181
-180
-176
-181
-169
-162
-158
-189
-203
-212
-221
-178
-171
-195
-236
-264
-241
-250
-269
-280
-265
-255
-266
-302
-312
-279
-289
-269
-278
-252
-232
-242
-218
-182
-133
-125
-105
-83
-33
1
21
70
101
139
147
174
237
283
302
316
344
391
436
437
446
467
490
506
525
540
543
533
523
524
522
512
493
489
489
477
434
404
399
384
352
324
309
284
259
200
164
150
135
84
52
46
23
-25
-93
-124
-104
-71
-51
-84
-153
-192
-231
-170
-121
-128
-161
-166
-107
-70
-79
-124
-108
-12
55
78
48
3
37
77
128
145
96
56
55
76
88
56
3
-21
6
-8
-57
-110
-142
-138
-146
-189
-221
-240
-273
-303
-337
-360
-379
-389
-405
-426
-472
-516
-515
-499
-491
-498
-542
-552
-532
-538
-521
-499
-465
-435
-432
-423
-398
-337
-305
-268
-225
-179
-139
-125
-81
-35
31
61
90
133
178
219
238
264
294
339
357
366
377
395
411
414
443
444
412
398
390
396
409
379
347
350
333
295
264
247
240
247
226
201
142
102
104
112
98
97
63
7
18
-22
-70
-54
-37
13
45
-45
-93
-139
-82
4
-1
-15
-27
9
63
77
50
60
105
197
253
247
203
206
255
327
351
302
288
285
317
321
285
258
241
262
263
236
178
133
133
129
115
54
5
-17
-36
-59
-121
-167
-206
-234
-267
-332
-386
-425
-427
-457
-495
-538
-580
-598
-628
-625
-649
-644
-634
-624
-610
-628
-623
-599
-532
-486
-451
-429
-415
-359
-332
-279
-225
-181
-126
-103
-68
-32
18
65
112
151
165
171
194
231
264
301
295
286
297
278
279
282
296
300
276
251
212
214
205
199
184
145
131
111
82
56
35
18
4
-24
-61
-89
-88
-108
-89
-110
-117
-90
-109
-65
-139
-147
-84
-65
-27
-2
39
73
122
116
144
225
273
336
394
421
421
409
443
539
585
566
538
523
554
565
543
512
537
540
500
456
413
404
410
398
349
302
236
182
171
166
144
62
-16
-54
-89
-130
-187
-207
-226
-276
-368
-459
-458
-439
-439
-478
-520
-555
-588
-591
-575
-532
-529
-552
-570
-548
-513
-492
-464
-432
-379
-375
-367
-329
-275
-218
-191
-185
-164
-137
-111
-71
-33
10
-3
-38
-20
8
52
79
48
37
39
-1
-3
13
40
53
-12
-56
-61
-65
-51
-56
-65
-79
-125
-155
-150
-135
-119
-136
-200
-222
-257
-231
-107
-84
-119
-235
-314
-221
-111
-64
-75
-82
-43
17
2
-22
32
153
271
318
276
234
252
324
491
581
546
459
407
504
615
634
588
558
591
592
557
537
563
596
581
512
443
426
416
426
425
384
313
233
204
200
171
113
84
63
24
-53
-135
-127
-94
-107
-178
-243
-251
-250
-246
-264
-275
-263
-272
-280
-277
-262
-266
-260
-229
-200
-188
-217
-207
-148
-106
-105
-131
-127
-82
-52
-81
-93
-91
-76
-72
-87
-90
-99
-103
-117
-127
-135
-161
-196
-207
-198
-212
-258
-310
-308
-312
-340
-366
-373
-380
-402
-428
-443
-423
-423
-475
-493
-482
-472
-508
-430
-365
-372
-366
-494
-440
-333
-261
-225
-213
-158
-110
-84
-68
3
92
178
248
286
294
307
294
391
539
596
561
474
468
556
614
619
585
584
570
527
511
535
561
517
464
416
407
379
335
348
334
291
204
135
139
137
111
63
67
23
-35
-91
-91
-28
-26
-77
-149
-130
-94
-67
-47
-30
-16
-30
-16
16
79
104
92
133
173
206
197
200
262
316
330
295
292
325
358
347
332
329
300
257
216
215
212
183
99
15
-11
-47
-98
-146
-168
-230
-310
-394
-442
-446
-478
-531
-592
-620
-663
-696
-740
-743
-743
-779
-812
-849
-840
-843
-740
-696
-706
-750
-868
-739
-604
-514
-487
-519
-460
-346
-280
-268
-194
-84
40
122
144
159
190
233
361
496
527
485
427
470
585
634
595
555
583
592
579
541
534
562
528
483
422
395
370
329
307
257
202
107
71
60
21
-35
-106
-102
-140
-190
-259
-282
-236
-248
-286
-316
-281
-241
-236
-205
-186
-147
-127
-108
-47
41
81
90
153
227
314
321
346
400
481
546
540
573
599
640
645
651
674
679
650
607
623
610
574
525
464
438
392
311
263
226
149
54
-29
-72
-120
-187
-280
-350
-410
-469
-547
-603
-624
-689
-752
-820
-847
-872
-897
-823
-816
-839
-923
-1056
-949
-796
-727
-738
-740
-676
-578
-530
-526
-448
-319
-183
-107
-71
-46
-14
27
185
329
360
329
274
329
433
475
457
467
517
496
433
396
429
465
453
405
337
304
244
215
223
199
125
21
-32
-45
-87
-165
-192
-180
-223
-302
-403
-405
-341
-349
-386
-409
-398
-377
-373
-353
-263
-240
-245
-227
-186
-79
-16
14
78
160
203
211
250
356
443
489
506
526
578
614
628
664
718
730
692
657
666
688
695
681
636
589
531
480
469
474
415
306
242
199
165
109
51
18
-26
-107
-216
-255
-272
-303
-359
-434
-483
-521
-590
-532
-464
-495
-565
-748
-738
-592
-479
-489
-523
-511
-466
-403
-403
-353
-253
-163
-113
-66
-58
-52
-49
45
216
266
216
121
130
237
301
289
245
264
258
216
182
204
227
202
164
109
93
41
-20
-14
-19
-71
-163
-223
-220
-227
-299
-357
-347
-364
-403
-478
-512
-453
-455
-491
-517
-488
-438
-432
-417
-390
-326
-302
-288
-246
-176
-122
-97
-42
32
112
113
126
193
283
332
338
362
413
452
427
431
472
521
529
481
466
477
468
454
431
427
398
349
315
300
285
243
187
175
175
107
54
32
33
22
-47
-111
-123
-106
-148
-189
-212
-232
-247
-241
-140
-150
-172
-312
-352
-170
-93
-67
-109
-88
11
65
31
22
113
227
306
331
315
297
261
287
425
513
481
361
269
316
361
344
307
293
264
161
73
61
99
85
27
-52
-103
-161
-252
-256
-217
-238
-326
-424
-444
-458
-483
-506
-484
-471
-548
-624
-664
-569
-520
-533
-551
-547
-472
-511
-423
-369
-316
-233
-270
-231
-144
-78
-59
24
70
129
124
96
153
236
315
292
289
279
282
269
274
314
304
274
207
189
199
191
160
119
118
77
12
-2
4
-13
-55
-99
-139
-104
-137
-181
-184
-187
-180
-247
-266
-258
-232
-236
-276
-282
-298
-277
-262
-116
-18
-60
-173
-283
-118
67
172
173
166
234
283
289
311
432
544
618
636
640
630
584
584
697
823
798
662
530
538
583
565
534
489
451
321
209
190
215
196
115
31
-35
-85
-180
-208
-177
-215
-291
-382
-408
-408
-451
-484
-459
-421
-475
-550
-598
-520
-436
-442
-443
-459
-389
-378
-306
-234
-188
-126
-177
-134
-44
30
55
100
146
203
198
150
161
213
275
258
248
228
184
132
103
130
135
95
3
-68
-76
-103
-122
-157
-178
-223
-284
-310
-314
-310
-349
-372
-409
-396
-418
-472
-443
-407
-409
-438
-467
-475
-423
-409
-422
-386
-375
-382
-368
-309
-120
-85
-121
-210
-227
-34
86
173
225
289
335
350
345
400
523
614
694
735
722
627
545
599
761
850
766
615
506
504
487
479
509
485
378
225
148
160
190
167
131
71
-21
-120
-174
-110
-63
-111
-185
-240
-269
-296
-310
-261
-160
-155
-249
-332
-320
-222
-175
-131
-104
-81
-62
-78
-4
95
161
159
131
159
221
249
261
305
342
340
292
256
269
282
274
255
264
212
104
19
14
57
40
-39
-149
-192
-220
-241
-244
-255
-281
-332
-402
-416
-408
-428
-420
-423
-441
-468
-531
-538
-472
-447
-465
-517
-536
-495
-506
-507
-522
-463
-454
-459
-453
-383
-195
-204
-216
-301
-275
-127
-25
79
136
182
193
199
220
283
335
422
502
565
516
370
298
352
517
561
494
367
261
230
202
231
251
236
160
63
7
-29
-13
26
83
47
-66
-163
-181
-74
-22
-6
-29
-54
-73
-106
-79
-15
82
101
92
69
55
77
99
200
290
325
297
265
290
349
414
431
458
445
410
399
403
431
435
410
360
329
289
238
209
208
204
153
65
-43
-87
-78
-63
-78
-128
-213
-278
-297
-263
-241
-250
-291
-348
-356
-347
-346
-338
-323
-329
-353
-404
-436
-406
-375
-343
-364
-399
-419
-495
-492
-502
-441
-413
-435
-414
-397
-263
-246
-270
-376
-380
-231
-113
3
16
52
92
84
68
87
144
248
337
400
354
190
66
91
275
352
274
129
26
9
-14
-18
-14
-12
-41
-92
-149
-203
-239
-209
-102
-52
-105
-208
-262
-190
-92
-23
0
-18
-40
-40
14
81
155
194
226
236
217
213
226
298
384
451
459
432
391
407
474
516
528
486
444
411
405
421
431
418
378
334
279
229
198
216
253
240
181
87
14
7
28
68
69
25
-44
-87
-84
-44
-28
-52
-84
-118
-114
-142
-165
-174
-180
-187
-219
-254
-315
-349
-377
-359
-327
-360
-442
-498
-519
-464
-490
-554
-491
-379
-157
-158
-278
-425
-448
-268
-87
65
133
148
146
132
96
89
98
235
408
501
382
99
-81
-74
87
193
149
4
-161
-284
-350
-370
-381
-371
-345
-316
-377
-510
-622
-598
-439
-297
-235
-290
-366
-399
-332
-168
-23
33
21
12
52
114
163
228
288
348
364
327
285
239
265
368
463
468
364
242
195
237
340
387
375
316
242
229
227
234
266
307
358
372
343
302
282
311
392
457
458
393
330
306
305
301
270
256
236
208
146
65
-17
-71
-81
-89
-110
-181
-260
-316
-334
-326
-328
-378
-438
-461
-451
-400
-419
-412
-413
-393
-367
-416
-306
-191
-10
133
112
74
-47
-65
64
250
431
509
523
470
333
189
106
194
337
435
423
224
-33
-283
-366
-288
-217
-193
-252
-380
-539
-711
-793
-729
-575
-430
-351
-369
-455
-543
-537
-385
-182
-16
36
16
-30
-66
-38
27
126
195
208
164
71
-23
-92
-81
-61
-49
-78
-172
-269
-333
-296
-211
-160
-155
-159
-122
-76
-36
34
139
241
324
388
456
497
514
553
621
704
726
704
670
633
576
498
445
398
343
260
153
43
-58
-154
-197
-174
-177
-200
-260
-310
-341
-340
-282
-204
-102
-31
-24
-47
-102
-100
-24
63
138
146
90
35
-40
-85
-93
-135
-60
27
141
128
2
-62
-125
-137
-137
-53
101
221
265
262
177
28
-94
-33
177
351
384
281
135
-41
-170
-195
-103
26
74
47
-81
-258
-396
-431
-315
-150
-36
4
-49
-166
-262
-281
-202
-87
13
56
24
-80
-188
-238
-214
-169
-151
-138
-158
-212
-302
-365
-373
-357
-339
-312
-252
-209
-191
-185
-159
-80
-4
92
203
286
328
288
281
310
374
449
467
466
408
337
280
246
249
248
232
195
129
48
-21
-61
-49
-30
-10
-10
-23
-8
-5
23
56
83
124
151
164
170
153
133
116
81
70
35
6
-48
-131
-237
-344
-384
-391
-374
-367
-404
-448
-501
-531
-462
-303
-52
130
244
275
223
146
123
304
545
718
791
755
645
445
266
184
154
189
231
247
160
-62
-305
-459
-492
-437
-340
-214
-144
-173
-228
-262
-244
-177
-55
131
290
352
320
226
119
23
-22
4
57
50
-37
-189
-355
-509
-618
-644
-617
-554
-502
-485
-501
-543
-561
-514
-380
-205
-20
124
213
273
282
313
335
368
419
470
507
446
325
193
99
61
80
112
111
56
-21
-74
-103
-73
-10
88
166
180
169
150
170
191
222
260
281
274
233
195
149
106
59
-4
-75
-157
-207
-249
-270
-293
-325
-371
-424
-420
-388
-312
-272
-251
-234
-228
-193
-166
-112
-72
9
124
215
298
367
463
429
283
144
102
159
225
324
389
311
149
-32
-142
-196
-184
-73
77
170
150
54
-43
-99
-110
-25
113
252
328
329
275
182
77
14
34
96
147
152
89
-21
-179
-349
-460
-493
-434
-350
-299
-314
-386
-452
-474
-449
-373
-251
-114
-5
21
21
1
-20
-4
47
174
263
271
221
180
161
100
50
26
53
89
105
93
43
-9
-37
-17
53
136
186
205
203
200
180
152
164
196
225
235
216
156
63
-31
-67
-56
-35
-31
-69
-95
-112
-115
-107
-110
-110
-125
-130
-119
-122
-122
-145
-167
-177
-186
-171
-190
-229
-275
-328
-367
-407
-419
-385
-334
-235
-91
42
119
166
255
357
393
347
324
364
441
526
577
553
448
269
127
70
38
32
44
97
115
50
-63
-169
-218
-206
-118
10
113
167
159
135
102
78
72
86
157
213
234
197
100
-43
-176
-235
-221
-171
-145
-140
-186
-248
-262
-240
-191
-163
-129
-88
-74
-77
-92
-91
-78
-69
-49
-27
-25
-7
21
24
15
17
33
51
41
57
94
149
199
209
197
185
202
230
255
245
186
119
90
90
59
7
-35
-83
-137
-183
-205
-241
-284
-280
-263
-249
-254
-254
-213
-156
-73
-23
-25
-60
-125
-160
-173
-178
-189
-217
-228
-246
-266
-269
-286
-332
-383
-385
-340
-306
-288
-286
-287
-256
-121
88
233
300
370
468
490
410
316
270
272
305
373
395
323
197
83
37
-12
-82
-129
-82
44
145
195
187
134
66
49
107
190
247
293
332
339
303
233
145
64
15
23
53
40
-26
-114
-189
-237
-272
-275
-272
-272
-247
-181
-99
-71
-88
-103
-90
-62
-30
6
47
73
92
115
138
134
93
74
98
135
201
270
304
299
282
287
250
194
175
144
143
171
199
162
55
-42
-98
-109
-85
-63
-68
-68
-59
-55
-68
-100
-133
-155
-128
-66
-35
-50
-79
-108
-137
-147
-142
-134
-134
-139
-156
-201
-274
-358
-429
-439
-397
-340
-283
-285
-320
-323
-273
-202
-155
-127
-117
-132
-158
-173
-208
-271
-322
-248
-21
217
339
359
367
350
276
160
66
72
176
340
470
473
346
154
12
-42
-36
-11
45
157
288
360
338
250
126
37
41
107
184
222
218
182
128
63
-19
-116
-172
-163
-133
-100
-99
-133
-198
-253
-264
-244
-222
-210
-184
-117
5
110
164
179
169
163
150
141
120
97
82
77
69
39
8
-44
-81
-90
-80
-44
-11
88
239
320
294
228
200
168
123
110
146
192
229
237
188
81
-46
-132
-151
-122
-96
-95
-77
-38
-25
-71
-124
-164
-202
-202
-146
-60
-27
-38
-46
-57
-65
-73
-83
-117
-139
-153
-161
-169
-207
-249
-275
-254
-239
-219
-176
-117
-52
-4
31
33
16
-35
-89
-141
-195
-231
-248
-239
-226
-204
-151
-30
110
188
197
228
312
342
287
201
153
149
163
187
179
109
-1
-80
-110
-131
-166
-184
-134
-52
27
59
35
-19
-67
-80
-51
-3
22
38
86
163
209
202
156
101
69
62
88
96
63
10
-30
-53
-74
-99
-147
-173
-147
-67
25
80
91
77
63
51
40
7
-23
-26
-2
40
73
94
89
78
86
120
174
252
302
284
221
155
105
30
-33
-57
-55
-19
27
44
8
-51
-112
-140
-117
-71
-43
-32
8
58
77
51
10
-15
-27
-8
27
38
18
-2
0
15
30
24
-7
-43
-56
-51
-37
-19
-19
-55
-92
-104
-106
-98
-76
-39
15
73
80
6
-100
-189
-257
-296
-328
-347
-357
-362
-344
-314
-262
-176
-35
118
221
293
339
329
242
142
81
47
52
74
79
39
-30
-80
-109
-126
-137
-127
-71
13
98
158
181
175
155
123
84
67
64
66
81
112
123
102
72
40
2
-30
-52
-78
-123
-165
-178
-158
-133
-115
-107
-104
-87
-55
-7
21
23
11
-18
-52
-91
-137
-179
-199
-191
-173
-168
-148
-102
-46
-3
40
101
134
135
171
271
343
347
324
291
238
169
106
62
67
117
157
164
145
108
51
24
60
125
173
212
254
265
248
226
192
153
133
134
145
138
117
90
43
-11
-62
-106
-148
-193
-218
-223
-222
-230
-231
-217
-197
-180
-169
-150
-128
-123
-126
-121
-101
-99
-120
-139
-181
-245
-306
-345
-367
-389
-379
-326
-243
-174
-115
-17
107
206
240
271
327
342
279
178
130
116
99
97
108
86
19
-33
-66
-92
-120
-135
-128
-91
-34
2
3
-8
-17
-23
-33
-46
-52
-41
-22
-6
-4
-19
-57
-111
-169
-209
-234
-266
-299
-320
-307
-289
-263
-211
-156
-122
-107
-64
8
69
93
103
109
107
93
58
31
29
43
52
72
126
177
197
208
234
258
277
308
363
434
486
501
472
420
358
292
256
276
317
335
331
308
266
221
179
141
101
72
61
61
59
48
17
-28
-70
-102
-118
-118
-102
-83
-73
-60
-47
-61
-92
-110
-112
-99
-73
-35
-6
2
2
-3
-10
-18
-32
-53
-63
-61
-70
-89
-97
-114
-154
-180
-188
-214
-234
-222
-206
-187
-154
-121
-97
-91
-125
-200
-266
-294
-278
-214
-119
-48
-5
46
76
25
-96
-205
-259
-284
-291
-272
-242
-221
-204
-183
-191
-246
-303
-320
-291
-231
-168
-131
-116
-107
-114
-135
-155
-178
-201
-206
-165
-100
-48
-8
32
66
92
113
122
114
103
122
167
220
246
231
201
167
142
138
140
139
148
181
231
270
306
334
338
326
315
307
294
286
285
287
292
322
349
335
303
271
221
154
122
108
96
116
175
223
229
208
160
102
83
104
132
160
189
195
170
127
79
16
-43
-65
-51
-24
2
21
29
30
45
69
84
93
93
75
66
81
85
64
32
-8
-53
-95
-126
-157
-185
-201
-225
-255
-239
-205
-211
-217
-184
-153
-170
-204
-255
-324
-388
-421
-426
-415
-408
-417
-427
-436
-455
-499
-558
-588
-575
-531
-446
-315
-189
-104
-57
-30
-15
-37
-99
-161
-166
-115
-69
-45
-23
-29
-69
-90
-89
-99
-111
-92
-40
33
120
183
192
185
196
188
152
126
127
137
163
216
256
242
212
199
186
180
194
200
189
190
209
216
213
211
185
133
91
79
77
72
75
87
103
121
136
123
100
94
101
131
193
264
313
335
338
325
290
243
212
222
268
316
349
343
293
216
150
120
117
120
116
111
117
116
96
61
36
27
24
30
46
56
47
35
39
53
42
-3
-55
-95
-117
-139
-163
-174
-178
-178
-175
-166
-166
-189
-228
-260
-260
-243
-225
-204
-188
-193
-223
-258
-280
-292
-309
-313
-299
-291
-299
-316
-338
-361
-368
-358
-346
-328
-301
-286
-276
-238
-197
-192
-208
-207
-188
-175
-171
-177
-184
-168
-109
-32
13
34
36
18
23
66
71
29
36
96
117
93
77
63
41
55
103
117
93
86
109
131
164
203
203
171
159
166
150
127
119
111
96
113
149
158
156
170
182
171
165
162
126
82
77
95
98
94
101
107
111
142
187
200
191
205
229
236
240
236
196
136
99
85
75
90
135
174
190
200
193
166
146
144
141
133
140
152
147
137
129
112
96
90
72
46
32
28
15
-3
-12
-33
-64
-79
-79
-93
-116
-133
-155
-169
-159
-145
-144
-141
-144
-167
-185
-186
-188
-197
-205
-213
-235
-264
-284
-287
-268
-243
-223
-220
-218
-207
-186
-174
-186
-188
-156
-136
-158
-190
-203
-205
-211
-213
-202
-190
-174
-135
-96
-89
-91
-88
-80
-64
-45
-38
-45
-51
-65
-91
-111
-129
-152
-159
-135
-110
-97
-70
-22
33
80
112
127
116
76
28
15
55
104
129
150
172
171
144
111
85
72
84
117
158
188
196
180
152
117
87
77
92
115
142
178
208
212
211
225
230
215
198
179
153
143
168
209
237
254
250
210
162
132
103
63
40
47
61
73
82
70
35
-4
-36
-57
-59
-44
-23
10
45
51
33
19
11
11
15
22
24
25
24
21
19
22
22
19
13
-3
-26
-44
-49
-52
-57
-62
-76
-97
-115
-121
-115
-99
-79
-59
-37
-12
5
14
13
-2
-34
-73
-95
-96
-92
-92
-90
-92
-103
-137
-189
-234
-251
-242
-220
-183
-146
-121
-109
-114
-137
-173
-199
-200
-172
-127
-108
-128
-162
-185
-199
-213
-206
-180
-158
-139
-120
-113
-115
-108
-76
-37
-2
13
4
-12
-13
-3
7
24
48
75
106
131
146
138
120
109
110
127
169
216
241
235
206
165
123
100
106
142
185
221
228
199
149
111
99
104
111
108
109
117
112
90
72
63
62
60
55
52
57
56
46
34
25
19
15
14
11
-7
-32
-50
-51
-49
-43
-29
-12
11
31
39
39
40
46
58
70
75
78
78
78
87
107
118
109
92
86
79
67
55
47
35
22
11
2
-5
-15
-31
-46
-50
-39
-30
-24
-11
2
-1
-15
-30
-49
-73
-89
-100
-106
-109
-114
-128
-142
-143
-151
-173
-192
-196
-196
-201
-209
-214
-218
-217
-221
-218
-202
-185
-176
-175
-173
-167
-156
-137
-109
-81
-69
-60
-41
-26
-34
-50
-49
-31
-7
14
35
54
53
21
-22
-55
-73
-73
-44
11
72
115
131
132
111
72
35
18
27
56
98
135
161
168
149
121
101
91
82
82
88
92
104
122
132
128
116
101
86
64
42
22
6
3
15
32
44
40
15
-21
-52
-62
-47
-13
34
72
88
83
58
22
-6
-16
-7
21
62
94
100
82
51
13
-23
-41
-41
-29
-11
3
1
-7
-17
-24
-17
3
29
51
60
61
56
53
57
66
78
83
73
55
32
13
-3
-10
-10
-6
-1
-1
-7
-17
-27
-30
-30
-25
-11
9
27
39
41
33
13
-11
-34
-56
-72
-84
-100
-115
-130
-145
-152
-149
-144
-133
-118
-97
-80
-66
-51
-40
-32
-27
-34
-54
-77
-95
-100
-88
-65
-42
-27
-23
-30
-40
-44
-39
-19
23
81
137
177
185
159
108
55
18
7
22
57
100
135
152
142
114
79
48
32
34
53
77
99
114
115
105
91
76
61
47
28
10
-8
-23
-34
-39
-41
-46
-59
-81
-102
-125
-137
-139
-132
-114
-99
-93
-92
-94
-102
-112
-116
-114
-106
-99
-87
-79
-74
-74
-73
-72
-72
-62
-46
-35
-25
-16
-11
-7
-7
-9
-4
9
30
55
73
87
92
84
68
54
47
44
44
46
47
40
30
17
1
-7
-5
4
15
30
39
37
27
13
-4
-18
-26
-30
-34
-39
-43
-49
-54
-56
-50
-43
-38
-34
-35
-38
-42
-38
-29
-22
-14
-8
-8
-12
-16
-20
-13
5
33
55
70
72
68
60
56
61
79
101
124
140
147
145
137
130
122
118
121
124
126
133
137
142
151
162
170
172
169
162
145
119
98
81
67
60
61
66
65
63
56
39
18
-1
-20
-38
-45
-50
-49
-45
-43
-50
-62
-72
-86
-98
-107
-112
-116
-116
-113
-111
-119
-136
-151
-163
-177
-179
-169
-158
-150
-135
-121
-116
-119
-129
-138
-140
-139
-135
-130
-120
-109
-102
-98
-93
-92
-100
-109
-114
-113
-102
-89
-79
-62
-50
-45
-43
-46
-56
-68
-75
-72
-65
-54
-36
-20
-9
-7
-12
-31
-43
-48
-48
-37
-17
0
16
21
13
4
4
9
13
21
37
54
69
79
86
87
87
93
99
102
103
104
111
121
134
145
153
155
153
149
146
150
164
185
207
230
243
235
208
178
154
141
146
159
169
173
173
170
161
145
134
127
117
108
94
80
69
65
61
59
62
63
51
34
24
10
-7
-22
-31
-35
-34
-35
-47
-67
-87
-103
-112
-108
-93
-79
-76
-76
-77
-84
-98
-116
-126
-130
-133
-133
-128
-117
-104
-95
-92
-95
-106
-123
-134
-139
-134
-131
-128
-123
-115
-116
-121
-127
-140
-154
-154
-144
-131
-118
-111
-116
-130
-144
-163
-182
-190
-186
-176
-160
-146
-133
-121
-112
-111
-112
-115
-119
-123
-119
-112
-104
-100
-103
-108
-105
-97
-87
-74
-55
-38
-22
-4
6
11
20
34
51
71
92
110
126
141
154
158
153
147
148
159
175
186
196
207
217
219
209
197
193
197
207
217
226
230
226
219
218
220
222
220
217
213
209
201
188
169
156
144
134
128
122
117
110
98
87
85
88
90
88
86
82
72
58
46
41
38
34
27
20
9
-7
-17
-19
-14
-5
2
3
-4
-11
-20
-33
-44
-49
-50
-45
-46
-54
-68
-82
-95
-102
-106
-109
-112
-117
-119
-119
-118
-125
-133
-137
-142
-147
-156
-166
-173
-177
-177
-171
-162
-157
-158
-165
-178
-188
-191
-185
-174
-165
-157
-154
-155
-158
-159
-162
-163
-160
-153
-138
-126
-121
-120
-122
-126
-125
-113
-93
-72
-54
-40
-33
-34
-39
-40
-35
-25
-13
0
19
38
51
55
55
49
42
39
42
48
59
67
75
86
93
97
95
86
77
73
76
85
97
110
123
135
141
135
124
109
94
86
88
104
124
141
148
142
123
102
88
83
89
101
116
130
138
143
145
142
134
126
117
105
95
88
85
82
78
73
67
58
51
47
44
46
50
58
63
62
50
37
23
12
5
6
11
14
7
-10
-30
-48
-61
-71
-75
-72
-66
-63
-62
-64
-67
-72
-77
-79
-79
-80
-82
-86
-90
-93
-95
-98
-100
-103
-111
-120
-126
-122
-110
-93
-76
-65
-63
-70
-82
-96
-104
-101
-93
-82
-73
-67
-69
-78
-90
-96
-99
-97
-92
-83
-75
-73
-71
-71
-66
-60
-55
-51
-45
-38
-35
-31
-24
-20
-15
-11
-10
-12
-13
-10
-4
8
25
36
45
48
47
43
41
42
44
51
58
63
61
60
59
58
57
58
62
64
64
64
63
66
68
77
91
102
107
104
102
97
90
83
82
83
84
85
84
83
80
78
78
80
82
82
81
81
83
83
78
78
80
79
75
72
68
66
64
64
68
71
75
74
70
64
54
45
38
35
34
36
36
37
31
21
7
-7
-14
-20
-22
-22
-24
-26
-31
-41
-52
-60
-73
-81
-84
-83
-86
-84
-85
-86
-89
-94
-98
-100
-102
-105
-110
-113
-118
-120
-121
-120
-118
-121
-124
-127
-128
-125
-122
-118
-111
-101
-96
-93
-90
-90
-88
-87
-83
-74
-65
-57
-47
-39
-32
-31
-32
-33
-32
-32
-30
-24
-18
-12
-5
1
5
9
12
12
9
10
9
9
10
11
17
20
22
24
29
34
40
47
50
54
57
60
63
64
62
59
55
51
51
53
57
62
67
74
77
79
80
78
73
69
65
62
62
64
67
71
73
71
64
59
56
53
51
52
53
56
61
65
66
62
56
44
33
30
27
27
26
24
18
9
5
0
-3
-4
-7
-10
-15
-21
-26
-32
-37
-41
-46
-53
-59
-61
-57
-54
-48
-39
-33
-33
-35
-39
-49
-61
-71
-79
-84
-85
-83
-79
-77
-74
-71
-71
-70
-67
-65
-63
-63
-62
-63
-61
-61
-60
-58
-56
-52
-47
-39
-35
-30
-28
-26
-25
-28
-29
-29
-27
-23
-16
-10
-6
1
5
5
5
6
8
12
16
22
27
33
38
40
43
43
43
46
46
49
53
60
63
67
70
71
69
71
70
70
75
78
82
85
82
78
73
66
60
59
62
65
71
75
77
74
72
73
70
70
69
68
68
64
57
51
46
39
32
27
23
19
15
14
13
11
10
7
3
1
3
1
1
2
-2
-8
-15
-23
-31
-36
-38
-38
-37
-38
-42
-43
-48
-55
-63
-68
-69
-68
-65
-62
-60
-60
-65
-72
-80
-85
-85
-81
-74
-70
-66
-64
-64
-66
-70
-72
-73
-70
-65
-60
-57
-55
-55
-55
-57
-62
-63
-59
-51
-44
-35
-27
-22
-23
-23
-24
-25
-22
-17
-9
-3
2
4
7
11
14
17
20
26
35
43
47
48
46
44
40
37
36
35
38
44
50
55
60
63
65
65
61
57
56
57
59
61
65
67
65
64
63
59
53
49
49
52
56
60
62
63
62
56
48
41
36
33
33
33
35
36
37
36
33
27
21
13
9
7
6
4
6
6
4
0
-7
-14
-20
-25
-33
-37
-36
-34
-33
-32
-33
-36
-42
-50
-55
-59
-64
-70
-75
-76
-76
-78
-78
-77
-76
-74
-74
-74
-72
-69
-68
-69
-71
-70
-71
-75
-80
-85
-88
-90
-90
-87
-84
-78
-73
-67
-63
-60
-58
-57
-56
-56
-56
-53
-51
-46
-43
-40
-38
-38
-37
-34
-29
-25
-21
-17
-11
-7
-4
0
4
9
12
16
21
26
34
38
40
42
45
49
52
55
57
58
59
62
64
70
73
77
83
85
86
88
89
91
92
94
97
100
103
105
105
103
100
99
99
100
101
101
101
103
101
100
101
100
97
93
88
84
81
80
77
74
67
62
55
47
40
37
32
27
26
22
16
8
3
-3
-7
-10
-13
-15
-21
-27
-33
-40
-43
-47
-49
-53
-59
-63
-66
-71
-76
-78
-79
-81
-81
-80
-80
-79
-78
-74
-73
-74
-74
-73
-73
-72
-72
-73
-73
-71
-72
-72
-74
-72
-72
-71
-68
-65
-62
-58
-55
-52
-51
-48
-46
-45
-46
-46
-46
-44
-44
-45
-48
-49
-50
-49
-47
-44
-42
-37
-34
-31
-27
-23
-18
-12
-7
-3
1
6
8
10
12
14
16
20
21
24
30
34
39
45
49
55
60
66
70
75
79
82
86
92
95
97
100
99
96
95
94
93
93
94
96
95
95
92
89
85
82
81
77
75
73
70
66
64
56
50
45
40
33
30
27
22
17
15
12
5
0
-5
-10
-12
-17
-21
-25
-29
-31
-34
-37
-41
-43
-48
-53
-57
-57
-59
-60
-59
-62
-64
-68
-74
-75
-73
-73
-73
-70
-69
-68
-70
-71
-73
-74
-77
-79
-79
-78
-77
-77
-76
-76
-78
-81
-79
-81
-77
-74
-73
-71
-69
-67
-65
-63
-60
-55
-52
-50
-48
-44
-42
-38
-34
-32
-29
-26
-23
-20
-15
-12
-7
-1
4
9
15
20
23
26
31
36
39
43
44
46
47
46
46
49
51
54
55
57
61
65
67
70
73
76
74
72
69
66
62
58
57
56
56
54
55
55
55
55
53
52
52
50
50
48
48
49
49
48
47
48
47
47
46
44
44
43
44
45
47
47
47
47
46
46
45
45
44
46
47
43
43
40
38
33
29
26
23
18
11
8
3
-2
-5
-9
-11
-12
-15
-19
-21
-23
-28
-34
-40
-45
-51
-59
-66
-69
-72
-77
-80
-83
-84
-85
-88
-89
-91
-92
-90
-90
-88
-85
-84
-85
-85
-84
-83
-81
-80
-77
-76
-74
-72
-67
-63
-58
-55
-52
-47
-42
-38
-36
-31
-27
-23
-20
-17
-15
-11
-8
-6
-4
-2
0
1
2
4
8
10
14
19
23
24
26
26
27
26
24
24
24
24
23
25
26
28
28
27
27
29
31
33
36
40
45
49
51
52
52
52
53
53
53
55
56
56
58
60
63
63
62
62
62
63
64
65
65
64
61
60
59
60
59
57
53
52
49
47
44
43
39
36
33
29
28
26
23
20
18
13
9
5
-2
-8
-13
-16
-19
-22
-25
-29
-32
-34
-36
-38
-41
-42
-44
-47
-51
-55
-56
-59
-62
-64
-65
-67
-68
-68
-69
-70
-70
-71
-71
-69
-68
-66
-66
-64
-64
-62
-60
-59
-59
-59
-59
-59
-57
-58
-55
-53
-53
-52
-53
-51
-49
-49
-46
-42
-37
-34
-31
-28
-28
-25
-24
-22
-19
-15
-13
-11
-6
-3
-2
2
2
3
5
8
9
13
18
22
23
27
31
34
37
40
45
50
54
56
56
57
60
61
61
62
65
66
67
69
70
72
74
73
72
72
74
76
76
76
79
79
80
78
78
77
76
72
71
71
68
66
63
59
59
55
51
47
45
45
45
45
42
40
38
34
29
26
23
22
20
17
13
9
5
0
-5
-9
-12
-16
-18
-21
-22
-25
-27
-30
-33
-36
-40
-44
-49
-52
-52
-53
-57
-61
-64
-65
-68
-72
-75
-75
-75
-78
-78
-77
-77
-78
-78
-78
-80
-80
-80
-81
-80
-80
-81
-81
-80
-77
-75
-74
-71
-69
-65
-61
-58
-56
-55
-53
-50
-45
-42
-41
-40
-38
-34
-30
-28
-28
-28
-23
-18
-15
-14
-11
-9
-6
-3
1
4
7
8
9
11
16
19
20
22
21
22
25
28
31
33
32
32
35
39
44
46
47
48
50
52
53
55
55
55
56
56
57
57
58
61
63
63
62
60
60
62
65
64
62
61
59
59
60
60
59
58
57
56
53
50
47
45
42
41
39
37
35
33
31
29
27
25
21
18
16
13
11
9
6
3
-1
-6
-13
-14
-15
-16
-17
-18
-21
-22
-23
-25
-28
-31
-31
-33
-37
-38
-39
-43
-44
-43
-46
-50
-51
-54
-57
-56
-57
-58
-57
-58
-59
-58
-60
-60
-60
-59
-57
-55
-55
-56
-56
-54
-52
-50
-49
-47
-46
-45
-45
-42
-42
-40
-35
-33
-30
-28
-24
-20
-17
-14
-9
-7
-6
-2
1
3
7
12
13
14
17
18
20
23
26
27
31
33
33
35
39
41
42
47
51
51
50
52
52
53
54
55
55
55
56
55
56
55
53
53
53
51
50
52
51
49
51
49
45
43
43
42
40
38
37
33
30
28
26
22
21
18
14
13
10
7
4
2
1
-2
-2
-4
-7
-9
-12
-14
-17
-18
-20
-21
-22
-23
-25
-24
-25
-27
-28
-30
-31
-33
-32
-32
-31
-32
-31
-33
-35
-35
-35
-36
-36
-35
-36
-36
-38
-38
-39
-40
-39
-38
-36
-36
-35
-34
-34
-33
-33
-32
-31
-30
-30
-29
-30
-30
-29
-27
-25
-25
-21
-21
-22
-19
-17
-16
-15
-12
-9
-6
-6
-4
-2
0
1
2
4
7
8
9
10
11
11
12
15
17
18
21
21
21
24
24
25
26
27
26
27
28
28
29
30
29
28
29
28
30
30
30
28
25
24
23
24
24
23
23
21
20
20
19
19
18
15
16
14
13
13
9
11
10
9
7
6
5
4
2
0
-3
-2
-3
-3
-4
-4
-7
-9
-10
-11
-12
-12
-12
-13
-14
-14
-14
-13
-13
-14
-14
-16
-15
-16
-16
-16
-17
-16
-17
-14
-13
-12
-13
-14
-13
-14
-15
-14
-15
-14
-13
-13
-11
-10
-9
-9
-7
-6
-5
-5
-4
-3
-2
-1
0
2
3
3
4
3
5
6
5
4
4
5
5
2
2
3
2
1
1
1
1
2
0
0
-1
-1
-2
-3
-2
-2
-2
-3
-3
-2
-2
0
2
2
3
3
4
4
4
6
7
7
6
6
7
8
9
10
11
10
9
8
8
9
9
8
9
9
9
9
8
8
8
8
7
7
7
5
4
5
3
2
2
3
0
-1
-3
-4
-4
-4
-4
-5
-8
-8
-9
-9
-9
-8
-9
-10
-10
-8
-8
-8
-7
-7
-7
-7
-5
-2
-1
-1
-1
-1
-1
1
2
4
3
3
3
1
1
0
1
2
2
3
2
0
2
0
-2
-3
0
0
0
0
0
0
-2
-2
0
-1
0
1
1
2
3
3
4
3
2
1
2
4
5
5
5
4
4
5
4
4
7
7
7
7
8
6
8
6
6
7
9
10
12
12
12
12
13
11
12
13
13
12
14
13
11
11
11
9
8
9
9
10
10
8
5
4
1
-2
-2
-1
-2
0
-1
-2
-6
-6
-7
-9
-10
-11
-13
-12
-13
-13
-16
-17
-18
-20
-20
-20
-20
-20
-19
-18
-17
-17
-18
-17
-17
-17
-18
-17
-16
-14
-14
-13
-12
-11
-11
-10
-10
-8
-7
-7
-6
-5
-5
-4
-3
-3
-3
-3
-3
-3
-2
-2
-1
1
2
1
2
2
1
2
1
1
0
-1
0
1
2
2
0
0
-1
0
-1
-1
-1
0
2
2
4
3
2
1
0
0
0
-2
0
0
1
2
2
1
1
1
2
4
4
4
5
5
4
3
4
6
4
4
6
5
5
4
5
6
7
6
6
6
7
8
9
8
9
9
9
8
7
7
6
7
7
7
7
7
5
7
6
6
6
6
7
6
4
4
4
5
3
3
-1
-1
-1
-3
-4
-3
-4
-4
-3
-4
-3
-3
-3
-3
-5
-5
-5
-5
-6
-6
-7
-6
-6
-7
-6
-5
-6
-5
-5
-4
-4
-3
-2
-3
-2
-2
0
0
0
0
-1
-3
-2
-1
-1
-1
-2
-1
0
0
1
1
2
0
1
1
1
2
3
1
2
2
1
1
1
0
2
1
1
0
0
0
-1
2
2
3
4
4
4
3
1
2
3
5
4
3
1
-1
-1
-1
0
3
2
2
1
1
0
0
1
2
2
2
1
1
1
2
3
2
2
1
0
1
1
1
2
2
2
2
2
2
3
3
4
4
5
6
6
6
6
5
6
7
7
6
7
7
6
5
4
4
3
2
2
3
4
3
4
6
5
3
3
3
3
1
0
0
1
0
0
-2
-3
-4
-5
-6
-6
-6
-6
-5
-5
-6
-7
-6
-7
-7
-8
-9
-8
-8
-9
-11
-12
-15
-17
-18
-18
-17
-16
-18
-18
-17
-16
-17
-17
-15
-15
-15
-14
-14
-13
-13
-14
-14
-14
-15
-13
-14
-14
-12
-10
-8
-7
-8
-6
-5
-4
-2
-2
0
1
3
1
0
0
1
1
0
1
0
1
2
2
3
5
7
8
9
9
8
9
7
6
7
7
8
9
10
11
11
12
13
13
14
15
15
15
15
14
13
13
12
13
14
15
16
18
18
19
18
18
17
16
15
14
14
12
12
11
11
10
10
10
9
9
10
9
8
7
7
7
6
6
5
3
3
2
1
1
0
-2
-3
-4
-4
-4
-6
-5
-5
-6
-6
-6
-8
-9
-9
-8
-8
-9
-9
-8
-10
-10
-10
-11
-11
-12
-12
-12
-12
-13
-13
-14
-13
-13
-13
-12
-11
-11
-11
-12
-12
-13
-12
-12
-11
-11
-11
-11
-11
-12
-12
-11
-10
-10
-9
-8
-7
-6
-6
-6
-5
-6
-5
-5
-3
-3
-3
-3
-3
-3
-2
-1
-1
1
2
4
6
6
6
6
7
8
10
10
11
11
11
11
11
13
14
15
15
16
17
18
18
18
19
19
20
20
20
20
20
19
20
20
19
18
18
17
17
18
17
17
16
15
15
15
15
14
14
14
13
13
12
12
10
9
10
9
8
8
5
5
3
3
2
2
1
0
-1
-1
-4
-5
-6
-6
-7
-9
-10
-11
-11
-11
-12
-13
-15
-15
-16
-17
-15
-15
-17
-18
-17
-17
-17
-17
-18
-20
-19
-18
-17
-18
-19
-19
-18
-18
-17
-17
-17
-17
-15
-16
-15
-15
-16
-15
-16
-15
-14
-14
-13
-13
-13
-12
-11
-10
-10
-9
-8
-8
-7
-7
-7
-5
-5
-4
-3
-3
-1
0
2
3
2
3
5
6
8
8
8
8
9
10
11
10
10
10
10
10
11
11
11
12
10
11
11
10
10
10
10
10
10
10
10
10
11
11
11
10
11
10
10
10
9
8
9
10
10
9
9
9
9
9
9
8
9
9
9
8
8
8
7
7
6
6
7
6
6
4
3
2
1
-1
-1
-2
-3
-4
-4
-5
-6
-5
-6
-7
-9
-9
-10
-11
-12
-13
-14
-16
-15
-18
-19
-20
-21
-21
-21
-21
-21
-23
-25
-27
-26
-25
-25
-25
-25
-25
-26
-25
-25
-24
-23
-23
-23
-22
-23
-22
-22
-20
-16
-15
-13
-12
-13
-13
-13
-11
-9
-6
-5
-5
-4
-3
0
0
3
4
5
7
7
9
11
12
12
15
17
16
18
18
20
22
24
24
26
26
27
27
28
29
28
29
29
30
31
30
31
30
31
32
31
30
29
28
28
30
29
29
28
28
27
25
24
24
23
21
20
19
18
16
15
14
13
12
11
8
6
4
3
2
1
1
-2
-4
-4
-5
-6
-8
-9
-10
-12
-14
-14
-17
-17
-18
-18
-18
-19
-20
-21
-23
-23
-23
-24
-23
-25
-24
-24
-24
-25
-26
-25
-25
-24
-23
-23
-24
-24
-23
-24
-24
-24
-23
-21
-20
-19
-18
-18
-17
-18
-17
-16
-14
-13
-11
-10
-10
-9
-10
-9
-7
-6
-5
-5
-3
-2
-1
0
-1
1
2
3
5
6
7
8
9
10
9
11
12
12
14
15
14
15
15
16
17
17
18
19
20
19
20
21
21
22
23
23
22
23
23
23
23
22
23
23
24
24
22
21
22
21
20
20
21
19
19
17
16
16
15
15
13
11
11
9
9
8
6
5
4
3
2
1
0
-1
-3
-3
-4
-4
-5
-6
-8
-9
-9
-10
-11
-11
-13
-14
-13
-15
-16
-16
-16
-16
-16
-17
-18
-19
-18
-19
-19
-19
-19
-20
-20
-20
-19
-20
-21
-20
-22
-21
-21
-20
-19
-20
-20
-20
-19
-19
-19
-17
-17
-18
-18
-17
-17
-16
-16
-16
-15
-16
-15
-14
-15
-13
-13
-12
-12
-12
-11
-10
-10
-9
-9
-7
-7
-8
-7
-6
-5
-4
-3
-2
-1
-1
-1
1
2
3
3
4
5
6
8
9
9
10
11
12
12
13
13
13
15
15
16
17
17
18
18
18
19
19
20
20
20
20
19
19
19
19
19
18
17
16
16
17
17
16
16
15
15
14
13
12
12
12
11
9
10
8
8
7
7
7
6
7
5
4
3
3
2
1
0
-1
-1
-1
-1
-1
-2
-1
-1
-2
-3
-4
-4
-4
-6
-4
-4
-5
-5
-5
-4
-4
-4
-3
-4
-4
-4
-5
-5
-5
-6
-5
-4
-4
-4
-4
-3
-4
-4
-3
-3
-4
-5
-6
-7
-6
-6
-5
-6
-6
-5
-5
-6
-6
-7
-7
-6
-6
-5
-6
-5
-5
-5
-5
-4
-5
-3
-4
-2
-3
-3
-2
-3
-2
-2
-1
-1
-1
0
-1
0
1
1
1
0
1
1
1
1
1
1
1
1
1
1
1
1
1
1
1
2
2
2
2
3
2
3
3
5
5
4
3
4
3
3
3
4
4
5
6
6
6
6
7
7
7
7
8
5
4
4
5
5
4
5
4
5
5
5
5
5
3
2
2
2
2
1
1
1
0
1
1
0
0
1
0
-1
-2
-2
-1
-2
-3
-3
-3
-3
-4
-3
-3
-3
-3
-5
-5
-4
-4
-4
-4
-5
-6
-5
-6
-6
-7
-6
-8
-8
-9
-7
-8
-8
-9
-8
-8
-8
-8
-8
-8
-8
-9
-9
-9
-7
-6
-6
-6
-6
-5
-6
-7
-6
-7
-6
-6
-6
-5
-5
-4
-5
-5
-5
-4
-3
-3
-3
-1
-2
-2
-1
0
0
0
2
2
3
3
3
3
4
4
3
5
5
6
8
7
6
6
7
6
7
7
7
9
8
8
9
9
8
9
8
8
8
8
8
8
7
7
8
8
9
9
9
10
9
8
7
8
8
7
6
6
6
6
5
4
4
4
5
5
5
3
3
3
3
3
1
1
2
1
0
0
-1
0
-1
-2
-2
-3
-4
-4
-4
-3
-3
-5
-5
-6
-7
-6
-7
-6
-6
-7
-7
-6
-8
-9
-9
-9
-7
-7
-8
-8
-7
-8
-7
-6
-7
-7
-6
-5
-6
-4
-5
-6
-5
-4
-4
-5
-5
-5
-4
-3
-3
-2
-2
-1
0
0
0
-1
-1
0
-1
0
-1
-2
-1
-2
-1
-1
-1
-1
0
1
1
3
1
3
3
2
1
3
2
1
2
2
2
1
1
1
1
1
2
1
2
3
3
2
2
2
2
1
2
1
2
1
1
0
0
0
1
1
1
1
1
2
1
1
1
1
3
3
3
3
2
3
3
3
2
2
2
1
1
3
2
1
1
0
1
0
1
0
1
0
0
-1
0
0
-1
0
-1
-1
-2
-4
-3
-4
-4
-4
-3
-4
-3
-3
-3
-3
-1
-2
-1
-3
-3
-2
-1
-1
-2
-2
-3
-1
-1
0
-1
-1
-1
-1
-1
-2
-2
-1
-1
-1
0
0
-1
-2
-3
-1
-2
-2
-2
-2
-2
-1
-1
0
0
0
0
-1
1
1
-1
-1
0
0
0
1
0
1
1
1
2
3
3
3
3
3
3
3
3
4
5
5
5
4
6
5
5
4
6
6
6
6
6
6
6
5
6
7
6
6
6
7
7
7
6
5
7
7
6
4
5
4
4
3
2
2
1
2
1
1
1
0
0
-1
-2
-3
-2
-3
-1
-2
-4
-4
-4
-3
-4
-3
-4
-4
-4
-5
-4
-3
-4
-4
-4
-4
-5
-3
-3
-3
-4
-3
-3
-4
-3
-3
-3
-1
-2
-2
-3
-3
-3
-3
-3
-3
-3
-4
-3
-2
-2
-2
-3
-4
-3
-3
-3
-3
-2
-2
-2
-3
-2
-2
-2
-2
-1
0
0
1
-2
-1
0
0
0
0
0
1
2
2
1
1
1
1
1
1
0
1
0
0
0
0
0
0
-1
-2
-2
-1
-1
-1
0
0
1
1
1
0
1
2
2
0
1
0
1
2
1
1
1
0
-1
0
0
2
1
2
0
0
1
1
1
0
0
0
1
1
1
2
2
2
2
3
1
1
1
0
0
0
-1
-1
-1
-1
-1
0
1
1
0
0
0
-1
-1
0
-1
-1
-1
-1
-1
-2
-2
-1
-1
0
-1
0
-1
1
0
0
-1
-1
-1
0
0
0
0
0
-1
0
0
1
1
1
1
1
1
1
0
1
2
2
2
3
2
1
2
0
1
1
1
1
1
1
1
0
1
1
0
0
1
0
0
0
-2
-2
-1
-1
-1
-1
-1
0
-1
-2
0
-1
-1
0
-1
-1
0
0
0
-1
0
-1
-1
-1
-1
0
0
0
-1
-1
-1
-1
0
-1
0
-1
0
0
-1
-1
-1
-1
0
-1
0
0
-1
-1
-1
0
0
0
-1
0
0
0
0
0
1
0
0
0
2
1
1
0
0
1
0
