-3
-2
-2
-2
0
-1
1
1
1
2
2
3
5
5
6
5
7
6
7
8
8
8
8
8
8
8
8
7
7
6
6
5
5
6
5
5
4
4
4
3
4
3
3
2
1
0
1
0
-1
-1
-2
-3
-3
-4
-4
-3
-5
-4
-5
-6
-6
-6
-6
-6
-6
-6
-7
-8
-9
-9
-10
-11
-12
-13
-14
-13
-14
-15
-16
-15
-15
-15
-15
-15
-15
-17
-17
-17
-18
-18
-17
-18
-17
-18
-18
-19
-19
-20
-22
-24
-28
-30
-32
-34
-33
-33
-31
-27
-23
-16
-13
-9
-5
-1
2
5
8
14
20
26
33
40
48
53
57
61
62
62
61
58
54
52
48
44
41
37
33
29
24
19
14
9
4
-2
-6
-12
-15
-20
-24
-27
-30
-30
-29
-28
-25
-24
-20
-17
-15
-11
-7
-4
0
5
13
19
26
32
38
47
55
61
67
71
73
74
75
75
76
77
77
76
74
70
67
62
56
50
44
37
31
24
16
13
5
-2
-8
-14
-19
-25
-31
-35
-41
-46
-49
-53
-57
-61
-65
-68
-71
-73
-76
-78
-79
-79
-80
-81
-82
-84
-85
-84
-83
-84
-84
-83
-83
-81
-81
-81
-81
-80
-81
-81
-83
-83
-84
-84
-83
-81
-77
-71
-62
-53
-48
-39
-32
-24
-18
-8
2
11
21
28
37
46
54
62
70
75
78
78
78
75
72
69
66
62
59
55
52
48
43
39
33
27
22
15
10
4
-2
-7
-11
-13
-17
-19
-19
-22
-23
-24
-25
-26
-28
-28
-27
-25
-23
-19
-11
-4
6
16
28
41
56
69
80
93
103
113
123
132
146
155
165
174
182
190
193
196
198
195
190
181
173
162
150
141
128
117
106
93
84
71
57
44
30
17
3
-9
-19
-30
-38
-46
-53
-60
-67
-69
-74
-79
-84
-89
-95
-101
-105
-109
-113
-115
-117
-119
-118
-120
-121
-123
-126
-128
-129
-131
-132
-133
-135
-136
-138
-138
-137
-138
-141
-144
-151
-159
-167
-173
-177
-180
-182
-178
-175
-167
-155
-145
-134
-124
-117
-109
-100
-89
-76
-59
-42
-24
-4
15
35
52
68
79
86
92
94
96
97
96
94
92
90
87
88
87
87
85
81
76
68
59
51
42
33
26
19
12
6
0
-6
-11
-16
-20
-23
-26
-29
-32
-36
-36
-35
-32
-26
-16
-5
7
19
31
44
58
77
97
116
135
153
170
186
203
220
235
250
262
271
278
282
286
286
285
279
272
263
251
236
219
200
179
158
136
116
98
79
60
41
23
3
-15
-32
-47
-61
-75
-87
-97
-105
-110
-112
-116
-119
-127
-133
-140
-147
-153
-157
-160
-162
-162
-159
-158
-155
-153
-152
-151
-151
-150
-149
-150
-150
-151
-151
-154
-156
-159
-161
-164
-172
-182
-195
-211
-227
-240
-248
-253
-252
-247
-235
-221
-208
-196
-186
-175
-163
-151
-138
-124
-106
-86
-64
-41
-15
11
33
56
73
88
98
103
107
110
115
119
123
127
131
133
133
134
131
127
118
108
96
87
77
65
56
50
43
36
29
25
20
11
5
-3
-9
-17
-24
-28
-29
-29
-26
-19
-8
4
14
26
36
48
59
71
86
106
128
154
182
211
239
264
286
301
314
325
332
336
338
341
341
339
334
328
318
302
284
263
238
211
181
155
131
107
84
63
45
25
5
-14
-31
-47
-59
-71
-84
-92
-103
-113
-124
-133
-144
-151
-159
-167
-171
-175
-177
-177
-176
-177
-178
-180
-182
-186
-189
-193
-195
-196
-197
-198
-199
-200
-202
-203
-206
-210
-218
-227
-239
-251
-264
-274
-284
-291
-298
-299
-298
-292
-283
-271
-258
-252
-242
-230
-214
-195
-172
-148
-119
-88
-57
-23
12
45
74
98
119
133
145
160
171
179
185
193
197
198
197
196
194
185
176
167
156
143
128
116
107
96
83
70
59
50
39
28
18
5
-9
-19
-28
-36
-45
-48
-48
-47
-40
-30
-15
-5
5
15
26
43
58
80
99
121
145
173
205
233
261
283
301
313
321
328
333
337
339
338
338
334
330
324
313
297
277
252
225
195
169
144
117
91
67
44
23
0
-20
-36
-52
-66
-77
-89
-99
-110
-124
-139
-153
-166
-177
-184
-190
-195
-201
-203
-205
-207
-208
-212
-217
-225
-227
-231
-232
-233
-233
-231
-234
-233
-234
-232
-233
-237
-245
-258
-273
-289
-302
-311
-319
-328
-331
-333
-325
-315
-300
-278
-266
-255
-249
-236
-217
-193
-161
-126
-90
-57
-25
13
51
89
120
144
162
175
186
199
213
228
240
248
253
252
252
250
245
237
226
212
198
183
171
159
147
130
116
101
85
71
56
39
20
1
-15
-29
-37
-46
-50
-56
-59
-58
-56
-50
-40
-31
-23
-16
-5
9
27
51
77
103
129
156
189
219
248
272
290
302
310
316
323
332
342
345
347
345
338
333
321
302
278
249
220
189
160
137
115
95
73
49
29
7
-14
-34
-55
-76
-94
-110
-119
-131
-143
-158
-177
-195
-210
-219
-226
-231
-239
-244
-246
-249
-250
-245
-239
-238
-241
-245
-251
-257
-260
-263
-263
-260
-255
-249
-247
-252
-264
-275
-290
-305
-317
-328
-337
-347
-349
-338
-312
-281
-251
-225
-211
-207
-211
-209
-186
-144
-87
-34
10
46
83
123
165
197
224
244
250
248
247
256
277
297
306
304
300
295
288
275
259
238
214
187
167
152
144
141
128
101
71
44
25
8
-11
-23
-33
-51
-70
-80
-82
-77
-75
-79
-87
-92
-91
-83
-68
-48
-32
-11
6
24
49
76
108
133
153
182
217
255
285
313
335
345
345
344
347
354
361
361
354
340
327
314
302
285
258
228
192
152
115
84
63
38
14
-7
-30
-51
-73
-94
-111
-134
-158
-173
-177
-174
-173
-181
-194
-213
-229
-239
-247
-248
-250
-250
-251
-263
-269
-270
-262
-257
-265
-275
-281
-285
-286
-285
-281
-278
-291
-309
-325
-340
-353
-370
-396
-421
-430
-412
-364
-321
-279
-252
-236
-237
-265
-274
-248
-179
-107
-50
-4
46
96
129
166
195
234
256
262
259
258
282
315
344
347
339
326
311
288
258
243
241
235
217
194
194
196
180
150
108
74
38
7
-11
-17
-12
-1
-2
-12
-20
-26
-24
-36
-53
-66
-71
-74
-70
-50
-12
25
40
54
66
83
93
99
113
129
150
167
195
222
261
306
345
366
357
354
348
336
319
313
331
346
346
333
317
296
263
221
179
139
99
63
36
15
1
-10
-18
-40
-70
-101
-132
-163
-198
-216
-214
-204
-197
-191
-183
-184
-201
-230
-253
-271
-280
-277
-262
-247
-230
-216
-210
-218
-232
-242
-256
-275
-301
-312
-314
-316
-320
-324
-324
-333
-364
-403
-455
-506
-501
-453
-358
-315
-293
-254
-239
-258
-340
-350
-254
-118
-39
-20
7
67
124
139
169
209
264
277
251
236
245
298
352
368
351
324
312
286
242
214
222
255
239
201
181
193
213
180
129
73
32
7
-21
-36
-23
4
20
10
-22
-29
-17
-9
-21
-47
-50
-35
-35
-21
7
54
96
95
89
88
108
137
151
164
177
200
227
249
293
343
384
387
355
332
305
301
289
308
338
353
349
311
283
249
229
185
144
104
68
49
22
7
-21
-36
-59
-106
-143
-181
-192
-209
-236
-235
-223
-194
-184
-196
-201
-216
-239
-278
-301
-295
-265
-234
-220
-216
-206
-190
-197
-216
-237
-243
-247
-282
-323
-343
-332
-317
-333
-358
-371
-403
-440
-526
-539
-480
-381
-292
-308
-278
-271
-266
-333
-388
-305
-145
6
21
31
62
140
170
158
182
219
270
251
217
216
265
340
362
334
284
256
248
197
154
145
199
242
197
161
150
190
188
108
45
5
2
-9
-29
-18
31
65
60
22
-15
4
15
-4
-19
-29
21
43
39
76
116
168
158
127
126
147
179
198
220
244
288
299
309
347
366
409
387
351
329
285
295
291
315
357
374
356
305
250
201
181
137
115
85
63
64
22
3
-22
-39
-63
-131
-188
-231
-239
-245
-254
-249
-226
-198
-210
-228
-246
-260
-274
-319
-338
-325
-278
-220
-199
-193
-187
-179
-193
-234
-267
-259
-236
-245
-269
-296
-288
-273
-317
-340
-395
-432
-504
-561
-502
-401
-253
-259
-254
-270
-287
-343
-456
-399
-248
-23
36
30
39
99
161
146
168
191
247
243
201
188
223
309
369
345
278
210
200
173
122
100
124
203
179
125
88
112
159
104
28
-42
-43
-30
-35
-30
1
51
58
18
-35
-35
16
35
23
3
33
100
105
123
144
196
232
192
168
175
242
295
325
334
363
392
431
462
453
462
434
420
371
309
304
333
371
385
356
310
263
196
151
107
75
49
15
-25
-59
-76
-89
-99
-140
-189
-245
-294
-328
-347
-339
-313
-311
-301
-301
-312
-310
-343
-358
-361
-380
-372
-353
-314
-248
-221
-209
-200
-210
-198
-210
-218
-200
-201
-204
-230
-273
-271
-270
-276
-299
-349
-394
-444
-438
-372
-251
-182
-185
-209
-267
-315
-399
-395
-268
-85
48
53
33
33
70
95
126
166
203
225
196
182
188
248
327
336
282
183
123
110
92
94
118
180
206
156
99
73
93
90
42
-19
-53
-38
-7
25
57
95
123
103
37
-16
8
62
97
101
111
178
219
235
248
275
317
304
272
256
283
346
408
455
484
518
550
561
547
524
512
480
434
399
410
465
485
466
404
334
250
159
99
67
65
45
13
-33
-85
-111
-143
-181
-243
-311
-352
-392
-427
-436
-404
-351
-344
-374
-406
-423
-439
-470
-499
-495
-456
-420
-375
-345
-301
-264
-273
-304
-347
-346
-315
-283
-252
-220
-197
-196
-240
-283
-296
-300
-320
-365
-430
-447
-397
-311
-180
-169
-155
-187
-255
-344
-470
-411
-244
-36
35
27
15
37
44
3
28
67
136
136
92
88
125
220
296
303
247
164
115
73
37
36
101
202
213
174
120
125
157
116
64
7
-10
7
24
64
120
173
199
165
101
71
91
120
140
131
153
214
237
281
295
348
384
352
325
309
355
427
490
525
568
603
632
627
587
576
568
547
506
460
486
555
592
584
510
434
356
256
167
111
104
111
97
36
-19
-64
-95
-152
-258
-333
-387
-416
-451
-488
-459
-405
-383
-411
-470
-512
-535
-568
-598
-613
-598
-539
-476
-439
-401
-376
-351
-371
-422
-443
-425
-374
-336
-300
-261
-246
-264
-304
-337
-355
-365
-387
-417
-442
-414
-330
-226
-177
-196
-210
-249
-314
-426
-463
-347
-180
-44
-19
-18
-6
9
1
-15
-1
31
61
50
36
42
93
180
223
202
135
86
62
30
7
27
101
156
158
122
93
113
120
91
42
-3
17
53
87
126
161
212
215
167
124
119
157
191
200
212
250
282
314
343
366
409
424
414
397
402
470
553
612
624
643
660
668
650
611
618
632
645
622
589
591
611
630
598
526
438
372
307
240
189
173
195
171
96
15
-46
-82
-144
-222
-290
-329
-351
-393
-427
-433
-426
-428
-461
-522
-574
-591
-595
-610
-614
-576
-525
-494
-480
-480
-449
-413
-412
-431
-447
-418
-376
-334
-314
-313
-294
-291
-314
-351
-368
-354
-352
-387
-433
-400
-333
-240
-236
-272
-274
-304
-335
-434
-454
-353
-191
-77
-81
-108
-104
-58
-56
-61
-44
7
59
36
-8
-15
42
130
154
122
76
52
45
19
-6
12
90
140
134
87
64
108
120
98
39
10
44
68
86
111
160
218
219
164
120
132
172
200
202
214
253
273
291
299
327
375
389
403
403
431
485
548
603
617
634
641
661
655
628
633
649
680
677
651
651
662
671
621
542
464
404
356
294
257
251
267
228
148
66
4
-24
-101
-178
-236
-273
-289
-341
-371
-388
-405
-423
-481
-541
-583
-601
-609
-623
-626
-604
-559
-545
-533
-519
-498
-471
-484
-507
-515
-477
-428
-384
-356
-336
-337
-342
-350
-382
-372
-359
-351
-367
-420
-433
-385
-297
-241
-247
-264
-273
-312
-396
-457
-395
-236
-109
-83
-116
-129
-94
-63
-65
-49
-11
30
28
-30
-50
4
106
174
155
108
85
68
44
15
25
92
150
146
108
86
119
158
154
114
68
68
97
112
130
173
233
269
243
199
197
223
250
258
255
259
273
286
305
328
348
380
397
397
393
415
479
544
572
573
573
580
580
567
583
613
650
663
635
604
578
579
582
555
497
444
385
328
284
248
251
240
193
118
35
-22
-73
-112
-151
-196
-240
-290
-328
-370
-401
-432
-453
-489
-548
-584
-593
-581
-578
-583
-593
-586
-576
-557
-517
-491
-463
-453
-452
-464
-480
-462
-423
-376
-360
-346
-341
-348
-363
-375
-373
-378
-413
-480
-462
-405
-307
-270
-272
-265
-295
-326
-418
-445
-381
-235
-115
-101
-128
-132
-87
-69
-63
-49
0
38
13
-26
-27
48
148
194
184
143
114
94
62
43
55
119
177
189
166
148
185
211
198
155
123
142
165
174
197
241
307
340
319
271
262
287
310
315
292
308
325
343
344
346
383
409
411
377
357
374
422
459
480
490
494
527
533
532
534
549
594
603
571
531
514
530
532
498
457
419
387
349
295
258
240
222
175
87
17
-25
-35
-62
-129
-185
-230
-270
-326
-385
-406
-434
-443
-483
-548
-571
-579
-575
-584
-607
-622
-607
-592
-572
-579
-562
-519
-499
-504
-542
-530
-500
-464
-441
-450
-435
-424
-425
-436
-448
-437
-429
-455
-525
-560
-533
-427
-343
-340
-325
-332
-317
-389
-477
-443
-317
-151
-109
-133
-148
-109
-61
-48
-42
-17
41
68
52
26
50
145
238
257
218
183
181
175
148
129
177
257
287
279
238
259
302
305
279
212
210
237
253
265
292
368
432
417
354
315
324
350
355
345
367
390
406
407
388
405
425
434
415
377
373
395
432
449
472
493
525
544
517
502
491
513
523
494
469
456
480
484
453
417
395
382
334
264
209
195
185
145
92
33
6
-21
-84
-158
-215
-234
-274
-311
-359
-402
-422
-458
-506
-563
-585
-585
-581
-585
-599
-608
-610
-608
-613
-608
-575
-541
-519
-506
-517
-509
-475
-457
-449
-463
-458
-441
-434
-415
-413
-412
-414
-456
-508
-573
-569
-510
-399
-314
-300
-298
-328
-341
-422
-469
-423
-288
-149
-105
-112
-127
-80
-43
-30
-26
4
66
94
70
45
84
186
264
268
223
194
201
180
146
119
172
253
285
276
242
269
302
310
272
214
217
252
284
306
337
402
456
444
384
349
351
383
411
403
422
436
460
469
442
449
455
469
446
406
387
402
448
478
513
516
544
527
486
455
433
473
478
467
444
430
432
427
409
384
365
324
271
213
159
132
115
91
44
-20
-70
-126
-178
-237
-277
-301
-330
-363
-413
-435
-468
-503
-536
-577
-587
-605
-603
-605
-604
-586
-587
-586
-584
-568
-547
-522
-482
-468
-452
-455
-459
-459
-456
-440
-432
-414
-409
-420
-443
-470
-494
-535
-588
-585
-528
-407
-326
-325
-335
-372
-390
-476
-531
-489
-330
-158
-96
-101
-130
-88
-58
-42
-37
-9
68
93
70
42
76
182
257
256
197
154
146
129
111
115
194
277
320
308
273
297
323
334
293
231
234
271
314
343
385
456
499
469
393
354
365
405
432
439
470
486
499
495
478
492
493
493
450
408
400
421
472
509
553
574
583
552
494
455
426
450
460
462
455
438
443
418
380
331
287
249
195
144
111
99
79
47
-17
-83
-146
-211
-253
-299
-324
-352
-388
-425
-468
-494
-515
-542
-566
-589
-608
-620
-627
-625
-611
-598
-596
-586
-578
-567
-554
-542
-509
-484
-477
-469
-459
-434
-422
-436
-439
-431
-435
-439
-483
-508
-536
-564
-515
-448
-308
-272
-280
-318
-369
-411
-511
-496
-378
-150
-6
8
-39
-73
-33
-27
-18
0
64
146
154
127
131
213
312
319
241
139
101
90
87
100
155
272
329
324
245
186
208
223
226
171
158
218
273
316
332
384
453
449
367
279
280
348
430
454
476
526
554
573
518
499
517
532
530
477
466
514
583
631
649
665
684
660
595
515
475
483
519
536
546
559
557
536
442
351
282
254
239
193
169
159
151
99
1
-97
-171
-234
-310
-377
-414
-424
-430
-469
-508
-541
-569
-602
-675
-720
-741
-739
-734
-744
-733
-700
-659
-650
-671
-691
-696
-691
-663
-623
-587
-550
-526
-517
-531
-549
-575
-590
-611
-625
-658
-673
-598
-474
-303
-276
-295
-343
-388
-433
-564
-541
-369
-76
97
86
16
-23
9
-20
-47
-30
77
201
208
164
141
234
340
314
192
54
18
7
-9
-12
64
223
291
251
112
23
40
57
58
18
56
174
262
297
291
340
397
371
269
188
237
355
473
518
557
616
644
647
571
547
573
610
629
605
645
733
827
854
823
766
740
764
745
752
731
770
800
731
659
597
663
720
677
565
432
349
287
245
222
247
266
226
100
-77
-185
-241
-266
-322
-414
-458
-483
-509
-566
-605
-605
-616
-655
-738
-805
-838
-835
-817
-825
-822
-806
-752
-721
-753
-781
-790
-776
-781
-795
-782
-732
-664
-661
-719
-794
-906
-886
-744
-498
-266
-275
-305
-413
-454
-540
-625
-450
-116
267
337
179
-1
-26
5
-20
-27
44
234
303
233
125
114
236
244
101
-116
-250
-210
-181
-140
-105
6
119
53
-121
-338
-370
-291
-216
-203
-215
-116
14
81
45
11
53
94
55
-29
5
190
397
522
530
551
577
581
554
510
583
692
801
830
832
895
975
1018
962
882
859
936
1013
1051
1049
1075
1118
1080
954
841
830
887
896
807
730
697
696
650
572
499
438
354
207
76
4
38
66
23
-72
-174
-251
-357
-471
-532
-537
-533
-572
-640
-684
-708
-733
-780
-847
-911
-941
-946
-944
-943
-932
-895
-889
-908
-966
-1016
-1046
-1078
-1081
-1141
-1057
-839
-488
-249
-358
-499
-656
-678
-795
-845
-494
110
649
635
304
1
-57
-41
-85
-50
146
471
549
386
151
83
185
92
-168
-463
-510
-347
-267
-222
-220
-123
-113
-343
-677
-937
-859
-622
-444
-412
-419
-303
-203
-248
-399
-438
-327
-231
-254
-307
-151
138
380
428
303
249
237
272
294
367
606
829
947
887
813
829
882
888
828
826
899
1058
1168
1214
1246
1234
1203
1045
856
811
930
1155
1275
1264
1187
1060
918
753
635
611
657
677
636
538
462
441
358
219
38
-96
-149
-197
-206
-185
-162
-176
-285
-435
-561
-657
-688
-686
-689
-688
-724
-764
-793
-842
-871
-934
-1003
-1081
-1140
-1243
-1244
-973
-545
-164
-324
-616
-829
-840
-829
-950
-607
77
786
838
312
-168
-305
-208
-223
-174
111
590
802
542
141
-102
-69
-186
-501
-724
-675
-316
-152
-195
-332
-416
-456
-741
-1087
-1273
-1067
-664
-433
-450
-564
-540
-517
-622
-802
-815
-571
-350
-275
-302
-197
50
149
54
-160
-202
-71
47
144
247
471
620
576
400
280
337
429
524
573
671
798
921
975
917
857
819
827
813
809
923
1137
1321
1345
1218
1060
916
830
792
822
944
1076
1119
981
749
550
448
359
244
184
223
296
268
154
38
-65
-186
-316
-372
-319
-221
-184
-223
-340
-477
-595
-659
-667
-606
-574
-608
-717
-872
-682
-353
61
122
-142
-323
-543
-609
-773
-539
201
998
1289
748
33
-398
-379
-281
-84
316
770
974
568
-15
-457
-549
-518
-654
-712
-659
-405
-260
-407
-633
-862
-961
-1143
-1357
-1382
-1127
-666
-401
-433
-684
-890
-964
-1001
-976
-820
-474
-170
-110
-252
-365
-291
-225
-257
-332
-309
-127
-20
60
99
134
102
-116
-296
-338
-152
127
305
371
386
348
273
149
110
242
413
571
663
755
850
891
882
844
759
717
762
899
1080
1149
1148
1045
854
652
477
432
468
523
566
545
470
326
146
-9
-105
-143
-127
-74
26
122
114
-6
-222
-347
-359
-307
-212
-122
-35
-65
-327
-398
-108
451
768
465
193
69
155
-24
-166
410
1357
1950
1408
423
-136
-34
207
321
624
1128
1436
941
25
-653
-708
-443
-449
-538
-533
-303
-199
-544
-985
-1296
-1284
-1230
-1329
-1325
-1070
-596
-348
-575
-1040
-1321
-1283
-1103
-946
-716
-300
14
-6
-353
-672
-635
-452
-341
-345
-300
-62
51
-66
-273
-391
-354
-438
-577
-574
-365
-68
53
-27
-169
-313
-382
-361
-210
70
334
479
467
366
253
206
248
442
682
854
915
842
745
611
491
412
405
448
459
439
389
337
219
25
-173
-293
-297
-242
-169
-100
-79
-106
-201
-317
-416
-438
-374
-199
-31
73
59
-46
-203
-353
-94
461
1152
1265
921
557
386
426
301
692
1516
2410
2443
1502
588
227
531
827
1134
1546
1849
1666
840
-13
-444
-322
-108
13
68
92
128
-168
-601
-1035
-1222
-1089
-947
-707
-479
-226
-81
-313
-765
-1208
-1264
-915
-469
-96
152
239
77
-364
-821
-908
-656
-294
-57
24
77
-22
-317
-644
-900
-925
-881
-797
-579
-384
-231
-319
-583
-849
-1025
-999
-795
-483
-114
150
190
65
-168
-313
-334
-193
114
432
642
661
526
340
137
-18
-31
65
218
253
129
-53
-260
-413
-517
-563
-510
-445
-409
-456
-586
-701
-739
-669
-531
-422
-360
-341
-369
-406
-463
-505
-425
-394
-86
469
1040
1262
729
306
73
197
242
489
1517
2567
2934
1947
721
116
249
641
1060
1813
2482
2493
1536
392
-229
-224
23
206
564
865
958
565
-129
-625
-886
-792
-586
-216
254
571
625
272
-264
-691
-813
-550
-71
427
802
855
542
-1
-476
-564
-329
11
288
445
501
325
-109
-522
-706
-656
-551
-483
-256
-35
-12
-280
-658
-812
-820
-701
-475
-130
202
233
-22
-317
-450
-407
-309
-147
165
442
447
137
-254
-405
-411
-413
-392
-294
-95
-106
-395
-781
-1055
-1132
-1137
-1033
-797
-579
-582
-838
-1137
-1287
-1305
-1196
-963
-661
-453
-444
-615
-766
-931
-985
-1061
-902
-163
709
1300
790
68
-330
-313
-311
-357
649
2081
2941
2107
516
-374
-343
179
652
1495
2358
2484
1511
161
-538
-471
-32
299
724
1054
1076
641
-107
-557
-726
-519
-135
320
767
927
832
465
-67
-459
-461
29
740
1227
1370
1121
572
-39
-466
-373
158
756
1086
989
664
251
-191
-518
-552
-277
99
261
292
291
226
32
-331
-492
-370
-21
342
608
776
712
405
22
-83
123
426
608
701
732
589
225
-177
-292
-158
-15
-82
-259
-421
-602
-819
-1073
-1151
-1098
-1034
-1060
-1138
-1119
-1128
-1243
-1397
-1384
-1162
-963
-912
-937
-935
-956
-1050
-1182
-1161
-1156
-899
-254
469
718
-13
-667
-807
-420
-338
-331
530
1733
2279
1086
-501
-1115
-616
98
517
1194
1826
1684
466
-851
-1269
-773
-96
332
640
721
564
-47
-752
-1095
-978
-370
222
679
827
672
397
-43
-409
-510
-131
665
1318
1510
1223
667
88
-404
-502
-66
617
1130
1115
706
153
-374
-646
-586
-173
323
593
570
371
79
-126
-167
41
397
645
861
986
1078
1002
793
683
706
925
1136
1255
1303
1212
1019
686
355
237
319
495
532
390
122
-232
-626
-897
-897
-653
-443
-459
-651
-921
-1118
-1251
-1236
-1040
-831
-686
-717
-814
-886
-1010
-1072
-1192
-1131
-1117
-955
-330
370
713
-69
-949
-1284
-988
-698
-497
499
1674
2080
826
-919
-1672
-1299
-422
364
1275
1844
1393
-46
-1443
-1818
-1301
-475
212
756
814
324
-549
-1305
-1497
-1266
-608
141
733
898
496
-90
-638
-889
-753
-224
635
1312
1407
927
182
-391
-628
-506
3
578
956
803
220
-406
-848
-907
-702
-261
199
400
278
-72
-428
-634
-554
-132
434
841
941
838
689
542
457
554
925
1371
1596
1489
1208
938
740
647
684
881
1015
916
596
249
76
0
-69
-152
-125
45
110
-41
-301
-427
-396
-352
-277
-127
28
0
-198
-391
-457
-418
-413
-397
-452
-628
-490
36
688
633
-135
-713
-804
-576
-592
-201
841
1686
1392
-99
-1289
-1463
-923
-205
588
1365
1374
341
-989
-1654
-1487
-930
-339
251
512
175
-544
-1250
-1454
-1319
-912
-325
242
542
265
-302
-780
-949
-797
-400
226
832
1012
662
3
-550
-718
-534
-80
392
646
554
64
-493
-924
-1004
-761
-406
-66
41
-111
-413
-699
-804
-667
-355
91
418
492
349
132
35
43
244
639
1073
1293
1116
714
329
175
247
470
760
945
863
467
-38
-414
-498
-386
-191
1
161
208
0
-353
-610
-579
-328
35
404
652
583
258
-49
-123
-3
138
289
403
366
19
-33
497
1213
1208
373
-186
-160
133
63
321
1313
2126
1742
166
-941
-893
-205
384
906
1448
1371
379
-840
-1281
-943
-351
47
353
445
68
-561
-1153
-1213
-951
-524
-16
347
444
-1
-642
-1052
-957
-512
-4
453
704
591
44
-619
-972
-754
-204
338
539
368
-55
-636
-1036
-1149
-855
-404
-97
-8
-233
-575
-953
-1114
-979
-610
-56
399
538
244
-211
-484
-404
-82
366
833
1091
962
452
-64
-286
-175
81
328
506
433
92
-436
-841
-882
-707
-519
-495
-512
-500
-599
-824
-993
-878
-567
-332
-193
-17
130
40
-292
-416
-157
215
319
137
34
-59
116
617
1254
1415
773
138
-121
50
235
801
1834
2424
1912
461
-521
-565
-15
727
1497
2026
1620
449
-599
-852
-502
19
543
940
876
272
-427
-833
-791
-498
5
590
937
814
258
-319
-659
-638
-222
473
1107
1230
783
105
-428
-637
-497
2
651
943
627
-119
-770
-968
-869
-588
-315
-37
70
-240
-755
-1138
-1068
-735
-412
-69
262
425
175
-318
-526
-346
61
409
709
932
828
388
-129
-305
-114
159
309
321
150
-214
-685
-999
-975
-783
-621
-657
-872
-1104
-1291
-1316
-1253
-1061
-796
-648
-659
-769
-765
-740
-747
-654
-373
-61
-97
-391
-729
-783
-248
636
1353
1137
360
-229
-371
-291
-18
1063
2354
2637
1366
-334
-998
-649
125
1020
1940
2179
1203
-340
-1238
-1134
-520
210
870
1185
718
-213
-949
-1097
-795
-351
313
998
1284
866
15
-569
-629
-265
338
1052
1643
1609
876
-51
-524
-281
309
928
1311
1286
793
-56
-743
-839
-340
314
660
673
400
-130
-726
-1033
-710
-55
526
820
835
597
90
-343
-298
235
848
1193
1284
1154
734
114
-274
-71
467
821
751
390
-96
-647
-1071
-1078
-685
-286
-275
-646
-1140
-1560
-1752
-1645
-1261
-803
-554
-643
-979
-1260
-1307
-1183
-1007
-754
-405
-186
-351
-795
-1208
-1135
-416
514
1000
641
12
-408
-618
-689
-215
1147
2337
2157
665
-746
-1116
-752
6
1065
1974
1825
475
-981
-1538
-1226
-535
252
905
944
161
-868
-1461
-1365
-882
-211
517
1011
984
339
-471
-938
-819
-212
554
1231
1511
1193
399
-435
-769
-434
348
1089
1375
1102
410
-401
-891
-803
-190
492
825
751
309
-298
-843
-902
-338
447
1001
1062
839
467
64
-105
176
853
1445
1662
1509
1146
663
236
198
645
1221
1376
1007
391
-116
-444
-576
-397
-18
238
57
-434
-943
-1269
-1325
-1112
-700
-367
-334
-588
-895
-1051
-1036
-915
-696
-446
-292
-415
-730
-1002
-1067
-655
82
724
705
64
-504
-743
-665
-355
563
1768
2171
1270
-296
-1196
-1136
-391
714
1724
1933
907
-618
-1586
-1640
-1052
-142
752
1034
338
-862
-1704
-1808
-1375
-713
72
682
731
160
-660
-1184
-1227
-781
37
891
1351
1055
223
-587
-966
-745
-100
728
1273
1106
320
-572
-1034
-943
-489
136
634
745
317
-422
-949
-973
-507
91
570
809
713
391
-20
-183
65
566
1070
1302
1313
1122
846
571
445
623
952
1210
1131
788
379
54
-99
-70
125
297
271
7
-389
-702
-795
-653
-395
-182
-157
-346
-623
-762
-665
-508
-385
-301
-201
-252
-593
-933
-866
-170
658
974
633
-19
-392
-526
-438
100
1184
2225
2161
1017
-286
-849
-675
-10
1087
2061
2002
707
-792
-1459
-1313
-811
-43
778
985
158
-1078
-1760
-1692
-1236
-673
5
513
421
-229
-941
-1192
-988
-558
-29
469
759
581
-2
-581
-785
-548
-91
370
644
554
47
-619
-1015
-868
-378
58
178
3
-329
-728
-997
-938
-447
101
350
244
-33
-265
-415
-312
59
517
807
820
670
424
221
190
380
688
873
861
652
308
-28
-227
-159
91
294
322
143
-166
-506
-732
-686
-421
-97
72
-34
-368
-704
-795
-588
-291
-63
7
-36
-241
-603
-790
-498
342
1055
1117
602
70
-181
-251
33
903
2063
2524
1840
637
-126
-179
194
923
1826
2251
1613
289
-714
-915
-558
14
639
950
575
-347
-1159
-1403
-1145
-612
0
419
362
-128
-687
-945
-814
-426
85
519
658
402
-91
-448
-470
-226
115
434
582
401
-57
-488
-652
-581
-384
-112
134
96
-311
-802
-997
-858
-569
-274
-21
93
-87
-395
-592
-504
-246
28
236
288
250
132
49
16
66
215
314
289
112
-68
-203
-316
-379
-364
-276
-264
-389
-558
-681
-763
-833
-791
-607
-444
-448
-622
-800
-868
-782
-563
-326
-226
-307
-478
-695
-779
-597
-33
634
877
621
117
-179
-266
-98
531
1527
2267
2050
1118
240
-14
254
862
1679
2250
2034
1056
20
-451
-356
86
729
1216
1065
264
-586
-957
-845
-501
-21
479
622
265
-326
-694
-646
-359
62
487
762
716
340
-98
-293
-123
273
665
883
834
542
115
-193
-204
44
353
539
514
263
-122
-448
-507
-301
4
223
287
167
-71
-293
-374
-266
-55
172
311
295
178
38
-64
-117
-47
189
393
361
59
-268
-444
-514
-518
-446
-301
-270
-486
-798
-1009
-1068
-1053
-986
-840
-731
-774
-954
-1127
-1199
-1159
-1040
-864
-713
-717
-845
-1049
-1121
-964
-561
-6
325
289
-88
-429
-565
-424
88
918
1686
1755
1115
259
-201
-94
499
1398
2066
1993
1149
149
-434
-467
-20
726
1303
1184
387
-492
-919
-887
-529
40
558
613
131
-454
-770
-759
-533
-121
376
635
518
155
-152
-275
-198
89
487
809
872
680
354
71
-33
122
464
800
929
783
448
85
-124
-56
281
652
786
599
290
83
4
21
159
417
581
480
227
97
151
218
245
343
511
519
280
-8
-110
-65
-48
-49
1
44
-71
-326
-548
-646
-668
-658
-579
-460
-468
-681
-965
-1095
-1030
-913
-810
-716
-684
-798
-1015
-1125
-1046
-913
-785
-644
-435
-257
-237
-318
-412
-418
-323
-106
203
535
762
739
441
50
-89
159
614
988
1105
911
437
-98
-324
-82
395
735
716
370
-132
-545
-622
-351
24
223
160
-124
-482
-692
-625
-350
-114
-28
-54
-159
-287
-377
-309
-103
58
97
103
162
189
106
13
55
204
329
378
399
388
294
137
98
259
467
543
465
381
328
261
211
266
414
508
460
351
285
260
274
360
514
591
493
290
143
118
165
255
352
405
353
194
33
-73
-126
-119
-60
42
111
58
-116
-322
-436
-438
-364
-262
-176
-176
-294
-445
-522
-481
-394
-320
-263
-231
-237
-280
-311
-281
-222
-179
-128
-51
37
47
-41
-157
-195
-123
-6
102
116
52
-54
-159
-218
-192
-59
65
76
-31
-148
-190
-176
-143
-88
-5
-16
-149
-277
-265
-161
-125
-152
-142
-108
-136
-191
-166
-72
-10
-31
-50
-1
42
36
-4
-18
15
74
117
122
68
-26
-87
-85
-5
93
150
141
62
-56
-160
-176
-97
13
46
-35
-144
-187
-133
-43
49
127
160
119
25
-22
34
140
215
225
202
172
154
194
264
297
237
149
144
218
319
380
380
308
175
65
82
220
346
370
283
165
73
52
107
170
212
220
211
181
138
137
173
179
129
99
150
224
231
148
52
11
27
62
86
87
23
-80
-167
-186
-131
-59
-31
-97
-212
-300
-319
-261
-184
-153
-205
-316
-387
-376
-306
-245
-235
-272
-328
-358
-322
-218
-121
-103
-147
-191
-183
-132
-49
27
47
3
-64
-92
-76
-50
-46
-47
-35
-21
-31
-61
-78
-69
-78
-118
-153
-135
-85
-79
-131
-184
-211
-241
-254
-204
-104
-51
-85
-147
-183
-199
-208
-184
-119
-88
-110
-138
-109
-53
-59
-124
-191
-192
-140
-75
-7
40
34
-29
-95
-99
-47
45
141
200
212
166
125
137
198
271
319
374
437
464
437
392
384
416
450
489
545
588
554
434
319
302
369
455
495
459
353
218
131
125
180
245
284
264
172
49
-24
-15
22
34
25
30
25
-19
-76
-91
-75
-77
-92
-71
3
62
52
0
-37
-42
-32
-8
32
50
37
4
-19
-34
-61
-81
-76
-53
-47
-71
-104
-131
-159
-194
-229
-253
-263
-273
-279
-283
-303
-345
-418
-458
-434
-367
-332
-349
-372
-390
-422
-450
-425
-360
-330
-362
-387
-371
-338
-337
-339
-313
-293
-299
-305
-279
-246
-231
-217
-202
-208
-244
-266
-216
-122
-44
-32
-54
-55
-47
-25
8
76
173
244
266
244
223
211
220
258
331
403
430
410
360
320
299
295
312
338
352
329
286
241
195
162
156
176
208
225
216
179
117
68
60
96
148
184
184
157
118
97
113
156
215
274
322
333
302
262
255
296
348
376
383
379
373
342
288
248
265
321
358
355
321
263
193
130
91
78
83
100
97
48
-48
-142
-200
-214
-188
-144
-133
-190
-287
-361
-385
-380
-361
-337
-335
-375
-435
-458
-442
-427
-429
-429
-420
-422
-437
-454
-458
-445
-419
-398
-408
-442
-464
-446
-405
-375
-356
-334
-320
-327
-339
-321
-265
-202
-154
-123
-106
-106
-119
-112
-60
24
84
88
54
39
69
113
125
109
93
88
86
95
117
136
123
69
21
25
82
141
161
141
102
61
28
24
62
120
157
154
131
107
82
66
95
182
269
301
282
252
229
209
225
292
378
425
413
366
302
262
281
365
448
464
423
379
348
310
279
302
371
414
378
305
244
193
139
119
167
230
222
125
16
-45
-59
-50
-28
-6
-15
-74
-149
-195
-190
-160
-145
-146
-154
-168
-208
-256
-270
-232
-184
-181
-222
-267
-288
-288
-281
-262
-222
-183
-179
-229
-291
-309
-263
-190
-125
-83
-83
-139
-227
-271
-221
-123
-59
-60
-93
-124
-154
-178
-182
-167
-150
-141
-145
-154
-169
-195
-228
-256
-243
-191
-138
-123
-146
-181
-211
-232
-228
-194
-146
-111
-98
-102
-118
-142
-155
-122
-48
24
61
64
49
29
21
49
113
176
203
196
193
200
203
215
258
313
330
300
280
301
337
353
349
345
340
323
307
306
315
316
304
282
255
223
193
176
170
170
164
146
114
73
42
34
50
70
70
38
-10
-42
-44
-31
-16
-11
-26
-55
-80
-93
-100
-103
-100
-95
-106
-122
-117
-93
-92
-119
-137
-119
-88
-78
-70
-38
-8
-16
-40
-37
-8
17
26
41
63
71
53
24
0
-3
6
18
18
2
-26
-60
-85
-99
-93
-85
-96
-122
-146
-166
-186
-205
-214
-209
-203
-203
-210
-230
-260
-286
-284
-251
-203
-170
-174
-203
-223
-215
-183
-140
-100
-67
-50
-48
-57
-58
-38
-4
24
45
73
99
94
67
63
100
141
154
145
133
120
99
96
128
166
157
104
53
41
55
79
104
118
113
80
40
23
55
114
154
145
108
79
69
77
100
134
145
121
83
68
72
63
53
62
79
71
35
10
15
26
32
42
60
71
58
39
43
77
117
131
110
86
93
119
142
161
179
181
158
122
109
132
163
179
169
146
124
102
95
107
122
114
78
33
1
-13
-23
-35
-48
-64
-90
-132
-171
-190
-193
-187
-185
-201
-241
-287
-311
-293
-257
-235
-236
-250
-268
-283
-278
-237
-179
-153
-178
-208
-196
-152
-127
-138
-142
-120
-87
-71
-70
-74
-87
-109
-121
-103
-69
-56
-78
-114
-139
-146
-138
-122
-103
-94
-105
-121
-128
-106
-71
-46
-40
-47
-51
-43
-26
-3
22
37
40
34
31
37
45
53
65
78
74
57
44
54
73
82
86
99
118
128
122
117
131
159
180
184
187
195
200
198
203
224
246
247
240
238
234
234
246
274
294
287
270
270
290
318
334
325
294
261
250
252
261
260
244
207
153
109
97
103
105
96
77
34
-30
-81
-86
-64
-55
-69
-95
-123
-149
-167
-168
-159
-157
-171
-184
-181
-170
-169
-188
-203
-205
-193
-171
-148
-146
-173
-208
-219
-198
-174
-178
-203
-225
-239
-257
-270
-261
-243
-239
-257
-276
-274
-264
-260
-262
-263
-260
-253
-238
-218
-206
-206
-209
-203
-184
-159
-131
-111
-103
-107
-112
-112
-97
-75
-55
-42
-46
-52
-42
-13
22
38
35
28
29
39
59
91
120
120
96
77
79
95
110
127
140
139
124
117
133
157
170
168
169
192
229
259
263
242
223
227
249
274
295
303
283
241
212
223
251
263
256
243
228
207
193
192
203
209
207
195
178
166
158
151
143
145
156
163
152
128
105
89
75
72
87
107
104
68
22
-5
-8
6
14
-1
-37
-79
-111
-129
-132
-131
-139
-165
-198
-215
-212
-207
-223
-249
-272
-287
-290
-275
-254
-252
-281
-313
-314
-296
-283
-269
-255
-246
-249
-255
-245
-220
-199
-196
-201
-199
-196
-191
-163
-118
-84
-72
-81
-86
-78
-57
-34
-13
0
6
4
5
8
11
8
0
1
17
38
53
51
32
7
-8
9
53
96
101
67
28
8
10
33
71
95
81
42
17
19
39
62
81
89
75
49
48
76
104
105
95
101
117
131
143
151
148
142
148
169
195
209
208
201
189
183
189
210
228
231
224
217
215
209
199
192
188
180
164
149
148
146
132
101
70
59
59
49
27
6
-12
-34
-61
-71
-60
-63
-93
-127
-135
-132
-140
-157
-163
-159
-171
-195
-201
-183
-168
-174
-190
-189
-183
-185
-187
-166
-131
-116
-135
-160
-158
-133
-105
-80
-64
-59
-72
-89
-90
-73
-55
-48
-47
-43
-41
-42
-44
-49
-53
-58
-54
-32
-14
-18
-36
-58
-75
-87
-83
-61
-46
-59
-87
-101
-98
-99
-102
-94
-77
-76
-96
-107
-95
-77
-78
-85
-79
-59
-38
-27
-19
-16
-15
-11
8
37
63
72
71
70
80
92
107
124
140
155
171
179
177
170
170
178
186
196
207
217
208
183
161
158
168
180
183
172
155
137
123
115
115
120
122
106
79
61
59
67
66
51
33
15
0
-3
7
23
22
2
-22
-30
-23
-15
-8
1
10
10
-9
-21
-10
14
27
18
5
4
8
11
9
7
2
-6
-14
-15
-10
-10
-20
-39
-49
-46
-33
-24
-33
-60
-87
-100
-103
-99
-95
-99
-115
-142
-159
-156
-148
-150
-159
-165
-173
-186
-195
-187
-174
-174
-187
-200
-199
-191
-179
-164
-157
-161
-169
-165
-144
-120
-105
-99
-99
-100
-91
-71
-42
-16
-1
14
28
37
36
41
54
68
78
87
96
102
101
102
106
108
103
102
109
122
128
121
105
93
91
96
108
118
122
108
81
64
69
85
94
91
83
72
65
65
74
85
84
75
72
79
93
105
109
104
94
92
107
129
144
144
132
123
120
123
131
145
153
155
147
135
124
120
116
115
115
115
108
94
77
61
48
36
23
13
-3
-21
-33
-35
-38
-57
-88
-111
-123
-130
-134
-134
-137
-149
-170
-191
-205
-209
-208
-206
-207
-214
-226
-233
-235
-231
-226
-221
-217
-216
-212
-202
-189
-180
-176
-173
-157
-133
-116
-105
-100
-94
-93
-90
-78
-55
-35
-27
-27
-30
-28
-29
-28
-19
-6
6
5
-1
-8
-14
-16
-11
-1
6
3
-6
-14
-15
-13
-7
-4
-2
-6
-11
-8
3
15
23
26
29
32
39
52
67
78
85
93
106
117
123
131
140
149
156
161
169
181
187
190
192
202
208
207
204
207
215
220
217
212
207
204
202
201
196
188
172
157
148
149
153
147
131
111
91
76
71
75
76
64
43
21
8
-5
-14
-19
-27
-45
-68
-83
-84
-84
-90
-99
-109
-122
-134
-132
-119
-111
-116
-127
-127
-120
-112
-108
-105
-103
-107
-115
-117
-104
-88
-85
-93
-104
-110
-113
-115
-108
-97
-94
-106
-121
-131
-128
-126
-127
-126
-131
-145
-156
-159
-157
-162
-167
-164
-157
-158
-167
-168
-162
-155
-156
-149
-131
-113
-107
-110
-105
-88
-73
-57
-43
-29
-22
-25
-26
-14
8
27
37
38
37
38
44
59
75
85
87
84
84
93
108
119
124
121
119
124
133
145
151
153
155
161
167
174
181
189
192
184
175
174
183
194
194
184
171
155
139
134
137
139
130
112
95
84
80
76
73
73
70
64
58
54
49
46
52
61
65
62
56
50
44
41
43
51
56
50
36
22
15
10
3
-3
-1
-7
-24
-45
-58
-65
-76
-84
-89
-94
-103
-120
-135
-145
-156
-164
-170
-165
-159
-165
-179
-190
-189
-187
-185
-179
-167
-156
-156
-162
-159
-149
-140
-134
-128
-122
-114
-111
-108
-99
-90
-87
-89
-89
-83
-76
-69
-61
-56
-57
-63
-66
-60
-48
-38
-37
-38
-41
-49
-53
-44
-29
-21
-20
-23
-17
-11
-4
6
14
24
27
32
44
63
74
68
65
68
77
84
87
89
94
88
81
80
86
101
105
105
104
105
105
102
109
120
136
136
134
132
144
189
180
150
135
138
127
96
114
157
218
245
212
136
66
17
-5
36
103
158
189
183
116
2
-88
-106
-84
-52
5
67
89
48
-16
-77
-120
-153
-158
-124
-71
-2
36
45
11
-51
-109
-150
-138
-110
-61
-23
36
116
88
8
-68
-121
-191
-215
-139
-25
93
152
137
17
-135
-265
-309
-222
-98
23
137
187
98
-75
-219
-274
-291
-261
-111
63
138
107
18
-106
-244
-344
-304
-165
-31
95
150
118
-1
-142
-223
-238
-181
-67
57
128
142
78
-29
-132
-188
-155
-84
10
102
150
123
59
-15
-77
-95
-55
54
139
171
174
140
72
-13
-33
8
74
130
171
197
166
92
20
-9
-12
16
72
130
154
135
81
19
-26
-49
-38
-6
101
172
106
42
43
24
-34
-36
39
98
110
110
61
-8
-56
-70
-14
48
64
63
75
53
-31
-90
-58
14
38
74
141
129
46
-18
-40
-39
-31
26
111
140
100
52
2
-46
-75
-81
-38
11
43
47
3
-53
-116
-168
-168
-124
-69
-30
-6
-18
-69
-132
-171
-167
-142
-107
-64
-23
-23
-69
-128
-167
-196
-192
-138
-76
-39
-40
-64
-114
-159
-178
-157
-97
-42
5
11
-15
-42
-78
-107
-92
-41
12
51
60
53
20
-23
-42
-37
2
42
72
86
75
35
-3
-13
-18
-2
34
66
83
83
59
15
-7
11
24
39
81
102
94
63
37
14
-11
19
62
94
141
156
143
92
69
62
50
95
151
196
202
179
111
61
48
53
105
152
186
185
156
106
69
67
96
113
104
138
166
146
108
93
80
60
45
37
38
40
58
53
30
8
-10
-7
-17
-45
-59
-48
-48
-53
-52
-56
-74
-103
-120
-138
-141
-117
-95
-112
-153
-156
-155
-153
-154
-158
-144
-136
-139
-144
-145
-133
-115
-120
-129
-126
-111
-93
-104
-90
-60
-70
-93
-92
-88
-92
-87
-82
-72
-66
-57
-58
-77
-93
-105
-105
-76
-51
-67
-66
-60
-89
-114
-110
-73
-52
-55
-44
-47
-61
-60
-60
-55
-46
-13
18
3
1
20
28
14
13
24
44
69
69
73
75
71
59
70
106
117
125
124
116
104
91
113
134
165
193
196
186
163
147
138
146
181
213
232
231
211
183
148
115
98
130
177
193
195
173
125
73
43
38
58
92
134
141
103
62
10
-20
-11
13
37
51
64
34
-6
-24
-38
-48
-34
-9
-11
-20
-34
-52
-66
-71
-68
-71
-75
-78
-89
-109
-121
-119
-107
-99
-107
-113
-116
-127
-146
-152
-140
-127
-121
-120
-120
-134
-145
-157
-165
-158
-152
-132
-127
-143
-153
-149
-145
-141
-134
-117
-110
-121
-137
-141
-126
-105
-88
-66
-46
-62
-82
-91
-92
-83
-53
-6
4
-3
-5
-30
-51
-52
-27
9
44
57
44
32
15
8
12
30
56
82
97
81
56
58
62
69
99
130
117
85
81
76
81
110
141
151
146
135
97
72
74
85
116
138
151
134
109
94
71
60
76
103
117
119
116
104
85
78
78
77
74
81
88
80
71
81
93
79
67
53
33
36
48
49
56
72
77
54
7
-20
-18
-27
-34
-12
25
33
7
-35
-67
-87
-100
-101
-70
-26
-13
-29
-62
-95
-129
-145
-133
-103
-67
-35
-34
-65
-100
-134
-158
-145
-100
-63
-36
-19
-31
-79
-124
-143
-134
-99
-56
-31
-20
-27
-64
-103
-109
-94
-76
-55
-25
-10
-24
-39
-45
-55
-63
-52
-32
-15
-1
10
3
-13
-24
-33
-36
-14
21
39
36
21
4
-11
-11
-1
12
32
48
48
28
3
-4
4
17
38
68
81
77
64
41
16
9
25
57
92
115
120
93
46
7
-12
3
54
109
122
107
84
45
-7
-26
1
51
99
115
97
66
30
-8
-24
1
46
81
99
97
63
17
-17
-28
-16
17
57
80
68
31
-5
-35
-58
-50
-8
20
18
7
-5
-32
-64
-72
-62
-52
-31
-5
1
-10
-19
-23
-37
-39
-28
-15
-3
3
4
-6
-18
-33
-48
-48
-40
-41
-46
-43
-52
-71
-77
-69
-64
-61
-46
-39
-48
-57
-60
-56
-45
-21
-2
-6
-10
-26
-63
-87
-72
-39
-11
9
12
-6
-42
-73
-84
-74
-47
-17
2
1
-12
-29
-55
-63
-55
-45
-25
10
35
35
14
-9
-33
-44
-24
26
65
82
83
61
25
-3
-1
18
55
97
115
100
70
50
35
30
45
77
94
87
77
62
37
21
23
36
47
64
74
65
49
38
29
19
31
56
68
74
84
83
52
17
6
16
34
54
70
68
47
16
-12
-28
-16
14
36
51
49
26
-12
-42
-57
-46
-17
8
23
22
4
-25
-57
-75
-68
-45
-21
-1
9
-8
-38
-65
-80
-77
-71
-56
-38
-33
-42
-57
-76
-91
-90
-89
-87
-75
-64
-60
-63
-68
-72
-85
-98
-99
-88
-68
-46
-29
-23
-25
-40
-56
-56
-50
-36
-12
5
5
-2
-7
-15
-24
-21
-8
-1
7
14
12
9
8
8
6
8
14
16
17
12
16
21
18
16
21
30
31
30
37
38
38
38
39
43
46
49
49
44
41
35
36
44
50
52
49
45
38
37
43
49
55
58
57
59
64
66
69
71
75
76
71
67
68
69
65
69
74
74
70
61
51
41
32
28
34
45
49
45
37
17
-7
-19
-20
-11
6
19
17
0
-19
-39
-56
-60
-56
-42
-32
-27
-38
-52
-68
-85
-89
-81
-64
-57
-56
-58
-67
-78
-83
-80
-74
-72
-67
-67
-71
-72
-66
-64
-69
-71
-69
-70
-65
-49
-38
-36
-39
-49
-65
-76
-71
-62
-52
-36
-30
-37
-48
-59
-69
-75
-70
-56
-34
-17
-13
-18
-32
-48
-60
-56
-39
-16
2
10
7
-4
-20
-27
-19
0
22
36
40
36
26
18
12
21
41
60
70
70
66
60
53
54
68
85
103
118
121
116
105
95
90
93
102
116
128
129
123
114
103
94
89
92
101
106
111
117
116
101
87
77
69
66
71
85
89
85
76
61
47
41
35
32
36
46
46
37
23
8
-6
-20
-24
-16
-8
-9
-21
-37
-48
-57
-62
-54
-44
-43
-50
-62
-76
-86
-89
-85
-75
-68
-71
-83
-101
-116
-121
-118
-107
-92
-83
-87
-101
-116
-130
-132
-127
-111
-97
-92
-99
-110
-117
-121
-117
-104
-92
-83
-80
-82
-85
-86
-80
-70
-60
-51
-47
-51
-62
-65
-60
-44
-26
-11
-2
-3
-15
-26
-31
-26
-8
20
41
49
42
29
11
0
6
24
46
62
67
65
59
46
35
35
44
58
68
76
78
69
59
53
56
61
69
76
82
82
76
71
65
64
66
68
72
70
59
52
51
52
51
48
45
41
37
39
42
45
47
46
44
40
31
26
28
38
44
45
44
36
23
15
14
16
21
28
31
30
22
9
-3
-14
-16
-12
-5
-1
-6
-14
-22
-31
-34
-33
-35
-37
-34
-28
-24
-26
-33
-39
-42
-42
-37
-33
-27
-25
-29
-35
-40
-43
-43
-38
-30
-24
-26
-29
-34
-38
-37
-32
-27
-25
-28
-31
-32
-32
-30
-25
-24
-24
-23
-24
-27
-27
-22
-16
-11
-10
-10
-12
-12
-14
-10
-4
-1
-3
-3
0
3
3
3
0
-1
3
4
7
11
9
8
9
8
8
8
11
11
12
10
7
8
13
15
14
11
10
5
4
10
19
24
26
21
15
10
12
17
23
31
33
32
29
21
12
12
21
25
31
36
30
21
14
11
10
15
20
25
24
20
15
9
3
1
7
12
14
13
10
5
-2
-2
3
8
7
8
8
3
-4
-5
-2
0
1
-1
-4
-9
-17
-20
-17
-12
-10
-10
-14
-20
-23
-23
-23
-21
-14
-11
-15
-16
-17
-21
-24
-19
-15
-16
-15
-11
-14
-18
-19
-20
-23
-22
-18
-13
-14
-16
-17
-20
-24
-24
-21
-17
-15
-14
-12
-14
-11
-11
-11
-10
-8
-5
-3
-3
-1
-3
-5
-4
-6
-3
-1
1
3
1
-2
-3
-7
-5
2
7
8
8
8
3
-3
0
3
9
15
20
19
17
15
11
10
16
22
28
30
31
29
24
16
12
15
19
22
27
28
23
16
11
9
8
13
18
22
23
22
20
17
15
15
15
17
20
22
22
18
15
11
6
3
3
2
4
4
4
1
-7
-12
-16
-18
-16
-13
-11
-10
-11
-12
-15
-18
-19
-20
-19
-16
-15
-15
-17
-18
-21
-24
-28
-31
-34
-35
-32
-28
-26
-28
-29
-33
-41
-43
-38
-36
-33
-26
-24
-27
-32
-36
-38
-37
-32
-28
-24
-24
-23
-25
-27
-27
-25
-22
-15
-10
-7
-9
-12
-17
-19
-20
-18
-13
-5
-1
-1
-2
-6
-6
-7
-6
-2
3
6
8
12
11
10
13
13
15
23
32
36
38
40
36
33
33
37
43
45
48
50
49
50
52
58
59
58
62
65
64
64
63
64
65
65
67
69
69
68
65
64
63
61
63
63
61
59
56
49
43
42
42
42
43
45
41
36
29
20
11
4
4
7
8
6
2
-5
-15
-25
-29
-29
-27
-25
-26
-30
-36
-43
-50
-54
-55
-52
-49
-50
-51
-54
-60
-68
-74
-75
-74
-70
-64
-62
-61
-63
-67
-69
-73
-72
-68
-63
-55
-53
-53
-55
-60
-64
-64
-63
-58
-52
-46
-46
-46
-49
-52
-51
-49
-44
-39
-34
-30
-26
-24
-24
-25
-26
-22
-18
-13
-10
-5
-3
0
1
2
4
7
13
17
20
22
26
27
28
30
31
32
34
34
36
38
41
45
47
48
47
47
50
56
60
62
63
61
59
58
57
59
59
59
58
59
55
52
51
50
53
54
53
51
47
42
35
33
31
31
31
32
29
26
22
20
18
16
17
18
20
17
12
5
-1
-3
-3
-5
-7
-8
-9
-13
-16
-19
-23
-24
-24
-23
-24
-24
-25
-27
-29
-36
-39
-41
-42
-39
-37
-37
-37
-38
-40
-44
-46
-44
-39
-34
-33
-33
-37
-40
-42
-46
-47
-44
-39
-37
-35
-35
-37
-41
-42
-41
-37
-32
-26
-23
-22
-24
-25
-25
-24
-22
-19
-16
-14
-12
-12
-12
-13
-13
-13
-11
-10
-8
-6
-4
-2
-1
1
2
0
1
5
8
8
8
10
12
13
14
15
15
14
15
17
19
17
17
19
20
20
20
21
20
22
22
25
26
25
25
25
24
24
25
27
29
30
29
27
25
22
23
24
23
24
23
23
22
22
25
26
25
27
27
27
24
22
20
18
14
15
18
19
20
18
17
15
14
13
14
13
12
11
8
6
4
2
-1
-1
-1
0
-3
-5
-6
-8
-12
-14
-13
-12
-12
-13
-14
-14
-16
-18
-16
-14
-12
-15
-15
-13
-13
-14
-16
-15
-15
-18
-18
-19
-18
-19
-20
-21
-23
-22
-19
-17
-14
-13
-11
-8
-8
-7
-5
-4
-4
-4
-2
-2
-1
1
2
1
1
-1
-1
-2
-2
-1
-1
-3
-1
0
0
0
0
0
1
1
1
1
1
1
2
1
2
3
1
1
1
4
4
5
8
6
5
4
4
3
5
6
7
8
8
9
10
11
11
9
7
7
6
3
2
2
2
2
3
4
5
4
5
5
6
5
4
3
4
4
0
-2
-3
-4
-4
-5
-6
-6
-6
-6
-6
-5
-2
-4
-4
-4
-2
-3
-5
-7
-8
-9
-9
-9
-8
-9
-10
-11
-13
-14
-13
-13
-13
-11
-11
-10
-12
-13
-12
-13
-11
-10
-11
-10
-11
-12
-13
-13
-14
-15
-14
-13
-13
-11
-12
-11
-10
-9
-9
-9
-8
-6
-5
-5
-6
-5
-5
-5
-5
-4
-4
-3
-2
-1
1
1
1
0
1
1
2
4
5
6
8
8
7
9
10
11
11
13
15
16
18
16
18
18
17
16
16
17
17
17
17
18
18
18
17
20
20
21
22
22
23
23
22
21
20
18
17
17
17
16
15
16
14
12
12
13
13
14
15
15
16
14
13
13
11
10
8
7
6
5
4
4
3
3
4
4
3
3
1
2
2
0
-1
-3
-3
-4
-7
-9
-9
-10
-12
-12
-13
-15
-17
-19
-21
-22
-23
-22
-21
-22
-21
-23
-26
-27
-28
-28
-29
-29
-30
-30
-30
-31
-33
-33
-34
-34
-33
-31
-30
-30
-29
-28
-28
-28
-27
-25
-24
-21
-20
-17
-16
-16
-16
-14
-15
-13
-10
-7
-6
-4
-2
-3
-4
-4
-1
1
4
7
10
12
12
13
14
15
15
17
21
23
27
28
30
30
29
29
30
31
34
36
36
37
37
36
38
38
37
38
38
40
42
42
41
41
39
37
36
35
33
32
32
30
29
26
26
24
22
21
21
19
20
19
18
17
12
8
5
3
3
1
0
-2
-4
-7
-8
-9
-11
-11
-10
-11
-12
-14
-14
-15
-16
-19
-21
-22
