-1
0
0
0
-1
0
-1
-1
-1
-2
0
-2
-1
-2
-2
-3
-3
-3
-3
-3
-3
-3
-3
-2
-2
-2
-2
-1
-2
-2
-2
-1
-1
-2
-3
-2
-2
-1
-2
-2
-2
-1
-1
-2
-1
-1
-1
-1
-1
-2
-1
-1
-1
-1
-1
-2
-1
-1
0
0
-1
-1
-1
-1
-1
-1
0
-1
-1
-2
-2
-3
-3
-3
-3
-2
-4
-3
-4
-3
-3
-2
-3
-3
-3
-3
-4
-3
-4
-4
-4
-4
-4
-4
-3
-3
-4
-2
-2
-1
-2
-3
-3
-4
-4
-5
-5
-5
-5
-6
-6
-6
-5
-6
-5
-6
-4
-5
-5
-3
-3
-2
-1
0
1
3
5
7
8
10
12
14
15
18
21
23
25
26
29
30
33
35
37
39
39
40
39
40
41
42
42
40
40
39
38
39
37
36
34
35
33
31
31
28
28
27
25
24
22
21
21
19
18
16
14
14
12
10
8
5
2
-1
-3
-5
-7
-10
-12
-15
-18
-23
-25
-29
-33
-34
-36
-37
-38
-40
-41
-44
-44
-45
-47
-49
-51
-52
-55
-56
-57
-59
-60
-61
-64
-65
-67
-69
-72
-76
-78
-82
-87
-92
-100
-109
-117
-121
-125
-124
-119
-111
-96
-82
-63
-47
-31
-14
-4
9
17
28
42
50
64
71
86
98
111
121
123
129
124
119
106
91
78
58
46
27
12
0
-7
-12
-21
-24
-28
-29
-34
-40
-45
-52
-56
-62
-63
-62
-54
-44
-26
-7
13
33
50
70
81
92
98
105
112
114
118
119
126
131
138
144
148
154
151
152
145
138
130
117
109
96
89
79
77
77
74
73
70
73
70
69
64
57
53
43
34
22
16
11
6
0
-7
-14
-25
-35
-48
-60
-74
-88
-103
-120
-134
-147
-161
-169
-170
-174
-177
-178
-181
-178
-183
-186
-190
-191
-190
-197
-196
-198
-195
-195
-194
-191
-190
-179
-173
-149
-131
-111
-84
-64
-39
-32
-12
7
31
57
67
90
107
129
142
151
162
167
177
169
164
152
134
122
100
83
57
41
23
3
-14
-33
-45
-57
-66
-82
-88
-93
-108
-112
-124
-131
-131
-132
-129
-124
-113
-100
-86
-76
-70
-61
-48
-39
-30
-17
-6
7
24
32
44
64
83
108
134
155
172
190
201
209
216
222
230
236
241
245
249
254
260
264
265
264
260
251
234
218
198
173
155
134
117
99
86
75
64
52
34
24
10
-5
-20
-34
-49
-67
-82
-99
-108
-108
-108
-101
-100
-99
-98
-102
-109
-115
-117
-122
-125
-130
-134
-134
-128
-127
-123
-116
-118
-115
-116
-120
-129
-139
-154
-166
-182
-202
-213
-228
-232
-250
-259
-262
-256
-228
-213
-184
-167
-145
-125
-121
-101
-90
-54
-27
0
32
55
88
105
132
149
164
181
183
186
174
164
144
125
106
78
66
49
39
22
6
-3
-16
-27
-46
-61
-76
-91
-107
-126
-138
-144
-144
-141
-136
-127
-114
-98
-80
-68
-55
-41
-26
-14
-5
8
19
37
53
70
90
114
146
170
205
223
248
264
272
286
279
294
297
303
309
305
313
311
315
309
304
300
286
273
248
227
202
181
162
140
126
109
100
83
68
54
38
25
7
-10
-30
-49
-70
-90
-107
-119
-127
-128
-126
-128
-127
-132
-133
-136
-147
-148
-152
-158
-160
-164
-165
-162
-164
-157
-157
-150
-149
-153
-156
-170
-180
-202
-218
-242
-261
-282
-310
-320
-346
-352
-356
-349
-318
-299
-268
-257
-229
-211
-205
-186
-178
-135
-103
-61
-29
3
53
78
121
146
169
186
189
190
172
161
134
124
108
86
73
55
59
46
37
25
10
4
-17
-36
-56
-66
-82
-94
-104
-112
-101
-93
-81
-67
-56
-36
-25
-12
-7
-1
13
23
33
44
59
79
96
119
137
163
197
223
256
270
293
309
316
331
323
342
351
362
377
369
380
377
382
376
369
363
345
336
307
289
266
243
227
194
177
152
134
114
88
65
40
21
-7
-23
-48
-72
-95
-122
-141
-159
-174
-182
-186
-188
-192
-193
-196
-203
-211
-217
-225
-224
-222
-229
-223
-212
-210
-206
-215
-218
-215
-223
-228
-239
-252
-262
-274
-298
-319
-342
-367
-382
-415
-427
-426
-404
-367
-337
-309
-290
-266
-258
-247
-236
-207
-160
-122
-82
-56
-14
37
78
118
141
165
180
185
173
158
153
142
142
123
113
108
105
109
93
80
67
55
45
22
1
-13
-23
-37
-51
-59
-54
-36
-25
-17
-9
-1
11
17
21
25
35
45
57
64
82
107
133
161
175
192
213
228
255
281
304
337
348
369
379
384
396
397
412
418
425
425
421
417
404
401
384
375
356
331
309
274
245
208
177
153
128
100
75
51
24
5
-24
-46
-66
-93
-115
-148
-173
-191
-201
-206
-206
-206
-195
-188
-192
-190
-199
-201
-202
-213
-215
-220
-219
-213
-215
-214
-211
-210
-207
-211
-231
-246
-267
-292
-310
-347
-369
-394
-421
-446
-487
-513
-515
-479
-431
-390
-359
-340
-307
-311
-319
-320
-291
-207
-150
-91
-58
-17
45
88
137
160
183
191
182
164
130
127
123
138
135
111
109
100
107
89
62
38
19
3
-21
-33
-41
-36
-40
-55
-59
-63
-43
-24
-13
-9
-8
5
26
45
63
87
112
141
154
158
178
197
224
232
230
240
254
280
303
328
356
384
414
437
456
458
452
439
416
399
383
384
398
406
413
410
394
378
350
316
286
247
203
164
125
103
88
68
56
32
7
-19
-52
-82
-114
-147
-176
-198
-211
-209
-199
-191
-184
-191
-200
-205
-219
-220
-223
-224
-225
-222
-217
-208
-195
-197
-198
-211
-223
-239
-261
-282
-307
-328
-355
-385
-400
-419
-429
-451
-495
-545
-598
-593
-556
-484
-433
-407
-372
-367
-362
-387
-366
-291
-202
-122
-94
-45
8
66
114
144
186
198
209
186
170
167
164
186
183
179
152
138
130
111
93
55
43
28
18
10
8
27
19
8
-19
-35
-32
-25
-13
-16
-5
6
33
62
82
117
139
160
169
167
180
189
213
232
243
260
271
300
329
355
368
375
396
400
429
448
465
484
462
457
443
426
423
411
426
426
418
396
370
355
326
303
267
240
205
163
135
101
76
45
11
-27
-66
-100
-127
-154
-189
-215
-236
-247
-253
-262
-259
-267
-277
-297
-317
-321
-325
-314
-298
-277
-266
-254
-241
-231
-221
-235
-244
-256
-274
-285
-304
-317
-321
-338
-357
-369
-388
-401
-426
-474
-529
-582
-599
-553
-482
-414
-361
-342
-329
-349
-394
-402
-342
-221
-101
-38
-7
29
77
121
152
171
203
220
203
178
156
170
206
230
224
196
156
132
108
82
68
55
58
56
48
58
70
80
70
33
-8
-27
-28
-11
16
37
71
99
116
137
150
178
195
197
190
187
204
239
281
316
355
378
397
410
416
423
434
438
464
502
533
563
559
560
545
502
469
437
442
453
444
427
394
363
331
304
272
237
193
136
92
30
-11
-34
-59
-76
-120
-167
-202
-231
-262
-294
-321
-337
-345
-357
-351
-340
-337
-340
-369
-399
-412
-414
-389
-358
-332
-300
-282
-269
-253
-255
-255
-274
-308
-330
-359
-371
-380
-379
-374
-391
-414
-457
-489
-525
-577
-622
-662
-621
-527
-437
-372
-363
-348
-357
-407
-450
-433
-298
-124
-17
16
34
82
136
162
163
191
232
243
216
170
176
231
282
291
244
187
145
115
82
53
50
70
91
82
65
70
86
88
46
-6
-27
-16
14
46
81
135
178
190
190
190
211
240
252
258
274
303
351
396
436
467
479
481
479
470
473
478
509
572
614
654
650
645
628
569
510
453
448
464
467
466
451
438
403
356
305
250
201
130
75
11
-39
-67
-87
-89
-120
-162
-212
-260
-311
-361
-396
-421
-425
-432
-422
-408
-409
-406
-430
-460
-481
-491
-469
-443
-408
-371
-334
-313
-302
-299
-293
-290
-318
-344
-361
-364
-361
-371
-367
-370
-385
-414
-455
-492
-535
-588
-629
-653
-587
-484
-378
-303
-323
-325
-391
-457
-497
-466
-292
-118
3
40
45
91
113
128
124
141
185
196
195
168
200
250
295
294
232
173
133
115
91
73
80
114
143
137
130
137
145
128
67
16
0
25
74
117
160
200
233
239
238
229
241
267
277
301
315
357
406
447
481
490
498
496
492
493
494
514
559
623
680
708
709
683
643
570
495
461
468
506
521
511
487
444
391
324
257
208
157
110
57
7
-25
-51
-77
-116
-165
-224
-281
-334
-377
-399
-408
-407
-406
-410
-414
-428
-448
-470
-505
-520
-520
-495
-446
-398
-349
-316
-304
-312
-329
-334
-322
-318
-318
-320
-308
-298
-309
-325
-346
-355
-388
-442
-486
-526
-550
-593
-644
-632
-554
-445
-380
-397
-414
-442
-491
-570
-601
-498
-295
-123
-73
-85
-77
-27
7
4
6
50
110
140
120
111
161
241
280
242
162
112
114
112
104
99
133
184
190
168
147
157
173
147
86
44
57
109
159
185
220
255
272
257
225
230
267
303
318
322
345
391
433
464
483
490
489
488
480
479
502
531
587
628
664
707
713
711
659
584
536
500
499
512
528
556
551
506
427
343
290
255
216
167
122
81
43
-4
-67
-121
-165
-222
-278
-340
-383
-394
-404
-405
-421
-434
-445
-471
-494
-511
-522
-514
-504
-493
-461
-421
-375
-339
-326
-331
-336
-343
-338
-332
-329
-302
-285
-280
-293
-329
-341
-350
-365
-393
-441
-471
-508
-552
-618
-664
-647
-578
-487
-461
-463
-478
-492
-519
-589
-626
-564
-418
-261
-198
-194
-163
-105
-52
-45
-44
-7
59
98
92
84
116
192
264
284
265
237
223
215
182
164
183
233
271
275
271
283
299
290
251
201
181
194
220
248
279
317
359
367
343
317
311
335
348
349
344
354
384
411
434
446
460
471
472
454
435
452
498
536
568
591
623
637
603
560
525
507
486
452
444
460
484
475
431
375
329
290
239
179
115
71
43
-13
-75
-135
-165
-172
-222
-280
-327
-347
-361
-397
-433
-447
-456
-470
-480
-488
-471
-451
-444
-455
-472
-468
-440
-407
-389
-375
-360
-337
-317
-315
-311
-303
-291
-295
-319
-340
-343
-327
-310
-324
-360
-384
-407
-439
-486
-523
-541
-566
-602
-623
-590
-518
-481
-475
-496
-505
-522
-570
-580
-509
-361
-231
-178
-178
-168
-118
-50
-8
14
56
114
147
144
141
199
308
394
410
372
337
326
325
314
320
362
422
463
455
434
431
448
439
382
322
312
347
394
420
441
473
493
462
403
355
340
360
364
361
359
362
372
362
356
348
345
337
315
304
318
361
391
414
421
420
409
373
346
322
311
317
321
325
325
324
332
318
274
214
165
123
86
32
-1
-23
-60
-99
-139
-168
-190
-216
-260
-301
-344
-381
-405
-427
-428
-422
-411
-406
-427
-452
-459
-459
-467
-476
-460
-437
-417
-399
-381
-353
-335
-326
-335
-351
-355
-362
-341
-324
-337
-350
-375
-376
-383
-392
-384
-373
-384
-421
-458
-486
-498
-524
-557
-587
-588
-558
-497
-461
-440
-405
-391
-395
-445
-466
-412
-307
-205
-152
-120
-73
-17
32
62
107
163
229
270
276
290
325
399
460
487
488
494
504
512
508
507
522
537
548
545
550
563
571
560
532
495
480
489
501
518
524
522
514
481
439
412
391
382
360
327
299
282
272
270
267
258
250
232
217
205
205
208
200
185
180
172
170
166
176
196
211
210
188
171
156
149
128
106
82
59
39
17
-3
-30
-49
-74
-106
-141
-180
-207
-230
-244
-255
-272
-280
-298
-309
-322
-347
-366
-387
-396
-400
-398
-384
-378
-377
-379
-379
-385
-382
-381
-379
-381
-388
-385
-385
-376
-383
-381
-387
-391
-394
-398
-404
-414
-402
-395
-390
-386
-398
-406
-421
-444
-464
-477
-485
-489
-490
-487
-451
-402
-341
-307
-294
-276
-269
-265
-282
-273
-213
-119
-26
35
83
131
183
222
247
275
319
363
396
414
440
493
558
608
621
612
596
577
565
562
564
582
600
607
613
605
596
591
577
558
521
493
485
495
500
483
462
439
405
360
322
294
280
269
245
216
191
180
173
151
111
70
39
22
16
18
37
58
63
54
29
10
7
8
27
31
15
-10
-35
-43
-36
-25
-12
-10
-30
-51
-90
-118
-136
-152
-158
-168
-182
-197
-200
-200
-205
-211
-238
-258
-279
-299
-309
-323
-322
-317
-316
-308
-302
-308
-306
-328
-358
-385
-405
-402
-395
-377
-366
-354
-346
-355
-363
-374
-381
-385
-389
-394
-398
-387
-371
-362
-353
-350
-360
-372
-378
-386
-387
-385
-378
-367
-360
-357
-343
-311
-256
-211
-184
-177
-175
-173
-171
-151
-107
-18
80
153
190
205
227
265
306
349
389
441
479
503
520
542
584
632
661
653
627
597
579
577
583
597
614
616
604
581
558
536
520
503
466
432
412
407
404
395
383
372
347
295
235
190
166
149
124
87
60
44
30
7
-24
-50
-70
-93
-115
-129
-121
-97
-82
-80
-91
-104
-116
-134
-148
-151
-141
-120
-104
-100
-94
-90
-88
-97
-116
-129
-135
-130
-132
-139
-137
-130
-135
-144
-155
-166
-168
-178
-192
-201
-207
-196
-190
-184
-189
-204
-221
-239
-257
-268
-273
-282
-288
-294
-292
-285
-285
-288
-280
-286
-300
-316
-333
-344
-349
-335
-316
-309
-306
-306
-299
-286
-282
-296
-309
-306
-307
-294
-292
-282
-269
-259
-264
-282
-279
-247
-182
-137
-114
-93
-68
-58
-68
-66
-10
96
204
268
291
308
333
359
383
413
464
526
567
580
580
598
631
659
658
629
603
583
566
543
532
545
567
560
522
475
450
435
405
367
326
310
306
299
279
258
246
224
177
106
46
22
11
-1
-29
-45
-59
-88
-116
-150
-176
-193
-223
-250
-264
-260
-231
-212
-199
-198
-203
-204
-218
-219
-216
-193
-166
-146
-135
-123
-95
-63
-42
-43
-62
-82
-92
-91
-81
-65
-51
-45
-66
-96
-132
-147
-145
-143
-132
-138
-154
-169
-186
-194
-206
-206
-209
-226
-245
-263
-264
-268
-265
-262
-259
-268
-282
-283
-296
-305
-287
-266
-253
-251
-263
-267
-263
-262
-267
-264
-241
-219
-205
-203
-207
-209
-237
-248
-259
-261
-247
-271
-262
-235
-147
-41
-20
10
3
-3
-35
-98
-59
80
271
419
468
463
454
462
464
465
495
577
669
704
694
676
698
738
723
650
559
497
476
468
465
490
528
534
481
368
267
221
203
191
156
141
163
179
167
127
86
56
11
-61
-118
-142
-123
-79
-66
-79
-106
-146
-183
-233
-279
-287
-283
-271
-270
-267
-245
-229
-205
-210
-204
-177
-145
-116
-128
-116
-100
-83
-67
-56
3
73
117
92
30
-18
-36
-25
-8
19
35
38
-10
-96
-165
-203
-189
-180
-195
-213
-228
-235
-261
-289
-311
-322
-313
-310
-301
-279
-251
-238
-267
-302
-342
-340
-295
-257
-221
-191
-166
-166
-197
-239
-242
-212
-190
-192
-226
-249
-246
-251
-252
-263
-259
-250
-283
-347
-408
-411
-325
-154
-15
94
97
59
12
-73
-112
-53
159
457
688
741
681
581
526
497
496
564
697
839
917
881
798
738
677
603
489
381
337
356
383
416
421
407
351
217
58
-60
-93
-51
5
32
47
38
35
-7
-76
-131
-156
-151
-138
-116
-65
15
68
77
22
-56
-121
-167
-173
-137
-73
11
68
70
31
-42
-109
-161
-190
-203
-118
-22
94
163
138
124
23
-75
-145
-155
-58
71
176
217
177
92
12
-68
-117
-116
-98
-58
-63
-97
-124
-189
-248
-330
-402
-440
-451
-444
-421
-393
-385
-383
-423
-479
-517
-533
-507
-482
-452
-406
-359
-306
-273
-259
-260
-261
-269
-266
-252
-234
-187
-143
-130
-160
-250
-336
-387
-421
-426
-420
-355
-318
-184
-34
120
193
40
-83
-192
-169
-73
106
479
903
1143
1034
682
374
314
416
590
809
1022
1205
1174
908
623
427
389
357
296
260
307
407
441
384
247
111
-48
-219
-329
-324
-162
43
132
90
-53
-170
-212
-245
-243
-189
-84
45
114
114
140
167
161
113
16
4
67
158
274
334
352
309
193
77
6
21
96
158
180
172
177
210
205
157
59
-4
-30
-44
-20
55
187
281
270
132
-42
-168
-194
-137
-63
15
53
37
-61
-218
-339
-416
-439
-473
-502
-494
-489
-491
-536
-583
-628
-671
-689
-697
-667
-604
-556
-530
-539
-560
-554
-520
-469
-418
-362
-318
-284
-277
-273
-276
-270
-264
-278
-328
-400
-443
-428
-360
-340
-213
-47
140
171
-60
-195
-217
-78
54
214
549
954
1123
875
443
171
248
449
646
886
1114
1272
1104
685
315
135
180
229
260
316
409
417
279
49
-162
-239
-280
-298
-269
-169
9
102
41
-125
-287
-322
-267
-189
-74
79
210
250
172
63
53
93
162
247
318
435
495
481
437
353
291
234
207
247
336
436
496
511
503
475
388
269
197
189
240
295
361
448
476
436
304
141
9
-79
-68
21
140
185
130
-20
-210
-371
-489
-517
-491
-428
-393
-437
-523
-631
-716
-783
-834
-834
-791
-729
-692
-679
-691
-728
-780
-832
-826
-783
-692
-590
-486
-440
-467
-527
-583
-601
-612
-592
-555
-480
-438
-395
-398
-236
-37
150
125
-125
-217
-217
-29
120
401
871
1268
1234
712
179
-12
192
497
794
1118
1314
1262
799
229
-96
-127
70
203
327
420
447
286
-24
-304
-466
-462
-425
-320
-133
63
175
95
-130
-373
-492
-403
-191
57
251
363
346
189
13
-75
16
166
329
469
546
585
517
424
358
318
309
327
408
535
650
663
568
431
356
381
463
584
674
725
665
506
380
347
435
564
650
639
527
345
201
145
161
186
170
119
27
-105
-252
-372
-447
-500
-555
-617
-660
-668
-653
-673
-747
-831
-897
-911
-902
-872
-849
-826
-829
-857
-884
-882
-840
-783
-729
-749
-797
-849
-826
-787
-760
-784
-800
-767
-746
-469
-164
149
115
-207
-374
-425
-276
-149
205
848
1403
1372
722
53
-158
161
554
903
1239
1386
1265
640
-24
-328
-243
82
273
410
436
334
16
-393
-674
-742
-588
-412
-230
-77
9
7
-184
-461
-682
-685
-415
-53
275
456
477
328
82
-143
-225
-38
237
544
714
701
624
426
272
186
182
304
446
602
708
738
660
515
365
275
387
578
829
956
936
890
721
588
491
555
795
1017
1090
919
651
441
392
425
475
519
468
360
107
-153
-331
-406
-351
-334
-331
-376
-456
-588
-754
-871
-899
-838
-764
-685
-641
-645
-718
-853
-951
-992
-955
-835
-711
-619
-642
-788
-935
-1041
-1064
-1073
-1119
-1097
-1033
-766
-409
-161
-182
-534
-766
-833
-749
-575
-193
546
1217
1336
709
-103
-536
-401
83
630
1211
1536
1436
829
19
-463
-532
-237
127
425
590
472
135
-343
-705
-867
-791
-555
-285
-32
58
21
-176
-464
-714
-772
-504
-83
308
487
422
226
-51
-225
-251
-73
246
533
704
652
500
320
212
202
255
396
529
656
706
683
601
475
397
384
527
747
972
1064
991
867
729
681
692
798
1000
1198
1282
1144
849
559
429
469
598
722
766
704
493
201
-73
-261
-321
-302
-204
-99
-67
-159
-367
-587
-724
-744
-680
-546
-380
-257
-290
-475
-706
-834
-818
-715
-586
-473
-426
-513
-709
-924
-1042
-1100
-1110
-1130
-1056
-719
-311
-83
-347
-846
-1090
-1077
-945
-808
-349
487
1115
936
66
-725
-906
-551
-56
501
1030
1246
927
119
-587
-860
-701
-319
64
366
397
74
-467
-913
-1103
-1021
-770
-450
-118
52
-16
-289
-625
-868
-961
-785
-356
160
520
528
276
-88
-357
-435
-293
49
452
770
819
602
261
-16
-85
33
268
522
741
831
742
549
336
256
280
407
691
998
1218
1174
974
778
663
679
779
1011
1300
1511
1488
1217
860
609
564
623
749
897
962
858
525
162
-79
-164
-160
-117
-25
64
51
-121
-368
-561
-613
-545
-394
-202
-28
25
-73
-296
-517
-631
-603
-454
-256
-102
-115
-267
-510
-720
-921
-1047
-1041
-858
-383
26
194
-163
-721
-1012
-1060
-883
-680
-119
683
1164
847
-77
-815
-949
-570
-55
545
1044
1118
637
-265
-898
-1094
-906
-534
-157
189
164
-255
-905
-1378
-1519
-1379
-1074
-717
-355
-236
-373
-706
-1036
-1184
-1196
-955
-528
-53
256
194
-106
-469
-663
-617
-358
8
339
563
534
286
-75
-339
-331
-123
190
477
683
755
602
343
90
53
303
618
905
1020
1077
1020
814
648
678
968
1242
1371
1366
1302
1196
1023
881
869
1000
1075
1019
865
692
574
369
210
126
148
184
94
3
-57
-60
-139
-251
-299
-229
-135
-110
-88
-37
36
-6
-129
-176
-158
-106
-89
-115
-89
-118
-223
-380
-605
-682
-748
-471
39
426
387
-297
-733
-878
-741
-612
-246
693
1465
1443
398
-613
-910
-538
32
528
1148
1395
1067
95
-785
-1032
-869
-432
-100
261
289
-109
-775
-1355
-1508
-1444
-1153
-834
-511
-374
-556
-872
-1229
-1416
-1453
-1222
-708
-220
45
-143
-521
-857
-1030
-934
-696
-284
57
187
70
-249
-519
-699
-656
-454
-177
58
152
169
94
-16
-147
-128
91
391
641
747
809
756
609
451
479
780
1141
1383
1386
1235
1024
827
736
830
1030
1167
1119
913
700
503
326
164
121
214
302
286
141
11
-109
-241
-348
-319
-119
98
199
185
115
30
-67
-116
-35
148
338
416
334
153
-66
-239
-360
-357
-283
-118
299
664
793
253
-398
-698
-657
-408
-107
668
1505
1745
947
-242
-888
-693
-31
625
1302
1659
1417
491
-592
-1033
-917
-370
138
524
641
201
-513
-1254
-1511
-1385
-995
-526
-165
-21
-289
-730
-1201
-1458
-1468
-1207
-615
-34
285
86
-449
-955
-1272
-1213
-867
-344
114
209
-49
-549
-990
-1199
-1148
-867
-515
-234
-168
-290
-506
-682
-776
-741
-528
-169
291
574
605
418
181
48
46
301
736
1210
1457
1370
1022
598
325
343
674
1060
1298
1194
820
373
-10
-169
-136
61
267
359
286
36
-271
-529
-601
-487
-234
41
231
312
252
115
-96
-246
-207
65
420
691
732
607
304
-96
-419
-521
-325
64
691
1170
1253
597
-252
-715
-700
-318
124
959
1805
2051
1277
-71
-880
-789
-2
886
1637
1985
1648
737
-352
-886
-827
-241
433
920
999
480
-271
-1022
-1331
-1234
-806
-212
193
289
-52
-558
-1028
-1324
-1329
-1002
-342
278
532
233
-358
-917
-1206
-1070
-648
-64
338
349
-13
-621
-1098
-1282
-1145
-782
-430
-243
-311
-631
-939
-1075
-1010
-788
-570
-338
-140
-54
-71
-177
-238
-156
34
307
544
717
801
747
592
419
332
420
620
774
764
564
314
90
-35
-83
-93
-110
-140
-157
-184
-256
-359
-436
-475
-460
-427
-338
-190
-57
29
24
-38
-91
-117
-59
68
240
388
409
274
50
-171
-255
95
704
1189
1029
471
144
39
-9
-93
399
1428
2134
1847
798
-50
-263
-23
453
1163
1813
1874
1136
126
-439
-552
-331
68
643
1075
830
120
-627
-922
-857
-619
-199
277
580
399
-100
-548
-700
-656
-493
-132
354
711
593
140
-357
-636
-578
-315
98
425
501
268
-210
-712
-1029
-1039
-736
-339
-102
-150
-478
-867
-1161
-1209
-996
-654
-345
-239
-308
-419
-491
-525
-505
-354
-42
231
321
268
211
252
266
226
189
213
276
251
172
79
-22
-185
-404
-497
-417
-340
-410
-577
-654
-627
-633
-745
-800
-710
-567
-483
-488
-379
-229
-195
-295
-392
-286
-125
-17
47
91
38
-208
-468
-361
280
988
1230
833
331
53
-134
-210
93
1088
2062
2222
1457
438
-114
-177
198
936
1832
2248
1720
614
-266
-513
-403
-71
460
1075
1176
509
-375
-936
-931
-719
-333
263
748
782
240
-365
-653
-631
-412
8
619
1083
1052
555
13
-298
-278
-2
460
946
1102
832
281
-217
-457
-467
-265
53
302
286
-46
-415
-616
-651
-574
-449
-220
-48
-64
-195
-306
-282
-256
-256
-191
-29
131
145
83
80
128
120
35
-39
-28
-18
-80
-174
-259
-310
-441
-636
-769
-802
-747
-762
-821
-863
-896
-952
-1061
-1084
-973
-831
-736
-687
-624
-596
-688
-767
-691
-450
-229
-200
-308
-500
-698
-730
-321
432
961
842
307
-71
-202
-250
-110
602
1679
2230
1766
683
-127
-289
55
723
1513
2044
1835
980
65
-427
-520
-346
106
694
981
582
-206
-847
-1046
-948
-641
-80
500
700
324
-270
-632
-669
-481
-100
510
1082
1219
842
256
-133
-171
92
560
1046
1286
1130
639
128
-169
-185
26
343
616
657
387
-8
-338
-473
-394
-143
323
705
749
394
-34
-203
-138
113
418
793
994
849
429
-19
-155
-1
317
604
735
582
113
-419
-700
-642
-498
-365
-344
-429
-654
-998
-1222
-1286
-1162
-1002
-892
-852
-887
-958
-1069
-1095
-995
-840
-721
-685
-673
-687
-730
-771
-771
-776
-737
-642
-351
111
352
215
-276
-554
-512
-321
-44
490
1267
1629
1217
295
-329
-301
177
836
1444
1798
1537
734
-125
-486
-330
24
448
769
860
366
-447
-1069
-1172
-858
-467
-52
255
277
-89
-604
-907
-913
-720
-373
136
612
726
389
-119
-402
-326
24
472
877
1073
944
562
173
3
96
305
541
719
749
542
157
-127
-112
124
413
638
769
752
549
321
233
360
565
756
921
1032
989
736
451
331
430
634
779
797
630
338
38
-130
-156
-136
-148
-239
-352
-481
-600
-732
-841
-857
-820
-782
-793
-845
-903
-932
-906
-799
-677
-636
-682
-774
-841
-842
-846
-820
-809
-757
-654
-522
-243
-53
-66
-380
-658
-658
-437
-100
272
760
1063
913
344
-218
-307
59
645
1163
1434
1290
720
2
-430
-368
-12
418
644
602
206
-362
-821
-969
-781
-440
-78
88
-9
-344
-728
-916
-879
-658
-349
-65
96
35
-203
-421
-512
-419
-160
167
464
513
321
32
-148
-141
-19
174
389
534
484
224
-49
-147
-26
205
444
656
733
641
454
333
379
554
784
1008
1126
1095
936
747
636
677
825
967
1009
917
720
478
300
250
269
238
120
-55
-198
-290
-351
-366
-351
-350
-418
-578
-700
-740
-672
-546
-405
-328
-386
-539
-690
-742
-703
-591
-472
-375
-373
-525
-770
-880
-617
-113
207
120
-192
-423
-570
-663
-478
168
970
1278
858
102
-379
-385
-49
503
1103
1426
1155
429
-267
-551
-443
-117
280
541
486
39
-516
-888
-955
-748
-415
-75
105
9
-312
-699
-960
-1001
-808
-462
-92
99
12
-285
-630
-801
-702
-364
28
250
228
16
-247
-424
-434
-260
-25
158
177
59
-98
-207
-184
-86
110
343
478
459
329
247
296
452
637
807
920
954
913
773
650
637
795
1006
1095
1019
778
507
302
234
294
404
452
313
28
-259
-410
-406
-315
-164
-47
-84
-283
-535
-656
-576
-388
-214
-127
-111
-194
-382
-603
-660
-566
-404
-302
-264
-202
-139
9
86
25
-169
-300
-257
-97
130
439
790
932
744
318
-40
-58
247
747
1129
1183
865
374
-19
-214
-187
22
367
539
336
-170
-611
-774
-759
-626
-373
-52
92
-108
-487
-750
-804
-747
-616
-383
-124
-42
-226
-524
-716
-733
-617
-402
-128
33
-63
-350
-617
-677
-577
-414
-244
-121
-117
-275
-491
-615
-575
-418
-231
-24
142
200
127
41
29
90
228
443
699
862
847
712
575
521
579
727
897
989
921
703
445
282
255
284
317
284
152
-45
-232
-315
-300
-252
-229
-268
-346
-432
-488
-484
-383
-224
-134
-171
-251
-302
-327
-332
-299
-219
-199
-194
-221
-222
-218
-82
238
485
443
126
-119
-174
-70
128
531
1078
1378
1163
528
27
-34
297
823
1317
1565
1310
685
32
-243
-141
221
635
810
625
86
-450
-755
-742
-476
-114
183
235
21
-360
-681
-820
-774
-561
-268
16
68
-154
-477
-701
-753
-631
-364
-58
100
-15
-318
-623
-769
-700
-474
-231
-107
-165
-361
-603
-754
-728
-542
-302
-102
-7
4
-53
-149
-199
-141
50
306
497
593
596
537
456
385
413
532
668
746
704
567
383
218
128
105
93
30
-81
-194
-275
-336
-379
-410
-455
-500
-545
-568
-555
-515
-446
-375
-339
-341
-371
-422
-460
-454
-372
-244
-123
-111
-194
-394
-549
-519
-205
314
630
598
221
-169
-400
-387
-38
663
1422
1700
1325
566
10
-89
278
980
1689
2012
1652
871
164
-106
24
390
864
1137
1016
428
-212
-557
-572
-333
-1
351
488
267
-211
-682
-919
-874
-576
-156
193
268
8
-424
-772
-849
-608
-193
188
330
138
-238
-585
-716
-595
-332
-58
59
-44
-315
-599
-729
-650
-441
-210
-50
-9
-60
-214
-316
-261
-45
201
359
436
454
418
358
376
480
628
729
748
706
597
470
367
310
285
226
113
-29
-163
-270
-343
-417
-483
-546
-617
-686
-756
-768
-722
-679
-669
-666
-631
-603
-618
-667
-661
-578
-450
-339
-266
-293
-409
-556
-693
-653
-414
7
382
447
200
-225
-562
-595
-265
377
1068
1441
1288
723
90
-189
25
690
1477
1946
1842
1243
537
57
3
327
895
1321
1303
845
198
-262
-411
-260
101
455
586
363
-89
-512
-756
-767
-551
-186
133
214
34
-277
-554
-697
-624
-323
63
316
289
43
-265
-507
-562
-401
-97
151
167
-28
-311
-533
-596
-468
-214
17
80
-23
-212
-314
-256
-64
186
358
418
360
264
235
326
513
705
824
816
692
511
385
371
423
469
449
373
227
27
-160
-294
-351
-367
-389
-432
-485
-584
-701
-799
-841
-785
-689
-587
-565
-614
-685
-714
-658
-542
-400
-299
-285
-368
-466
-492
-469
-404
-421
-458
-442
-350
-157
-23
16
-79
-275
-430
-399
-125
317
685
817
701
394
154
144
435
899
1241
1324
1126
812
536
406
476
687
900
936
785
526
285
106
-31
-72
-38
32
77
55
-22
-176
-381
-541
-555
-398
-173
-3
31
-87
-291
-460
-458
-290
-65
97
131
57
-105
-271
-334
-268
-115
21
68
28
-74
-168
-210
-163
-51
54
101
115
162
223
261
265
253
272
343
449
551
601
605
561
467
393
374
415
447
421
369
287
190
86
8
-36
-96
-179
-259
-308
-351
-416
-475
-521
-554
-606
-648
-639
-597
-545
-519
-499
-493
-483
-460
-452
-462
-443
-370
-287
-263
-269
-279
-290
-309
-306
-251
-171
-125
-126
-188
-293
-350
-322
-195
-36
100
151
84
-54
-134
-100
47
260
430
513
457
293
160
148
280
443
545
584
521
390
231
139
141
174
230
289
318
271
168
57
-24
-65
-66
-9
86
160
150
77
-14
-95
-130
-88
16
110
124
40
-82
-183
-209
-166
-94
-33
-17
-59
-133
-179
-165
-100
-24
59
116
137
121
117
155
198
235
260
310
350
374
402
412
393
343
302
290
298
329
379
416
375
259
135
65
51
68
88
88
46
-17
-82
-142
-189
-220
-224
-219
-213
-199
-180
-193
-254
-329
-378
-387
-371
-341
-298
-275
-326
-408
-455
-443
-405
-372
-328
-278
-250
-274
-308
-321
-292
-217
-130
-50
10
39
36
5
1
35
96
178
270
313
263
156
71
41
36
47
60
75
56
-5
-87
-160
-209
-240
-233
-180
-112
-100
-153
-210
-230
-236
-247
-216
-134
-40
2
-1
-10
-19
-34
-38
5
95
181
200
165
118
88
76
90
148
220
254
227
174
140
129
154
215
296
355
342
292
247
250
281
310
323
324
304
259
226
215
211
197
190
195
188
144
84
51
41
38
30
20
17
7
-34
-93
-135
-131
-89
-40
-2
13
-18
-89
-164
-188
-154
-94
-37
-8
-25
-90
-183
-262
-275
-203
-88
-4
18
-22
-108
-200
-247
-214
-111
16
114
133
80
-10
-88
-121
-85
34
185
270
228
120
28
-35
-62
-23
72
138
105
-4
-116
-186
-219
-202
-141
-81
-68
-115
-188
-253
-290
-276
-226
-190
-171
-153
-143
-156
-185
-209
-214
-187
-130
-79
-64
-76
-90
-104
-123
-126
-91
-37
-6
-10
-20
-13
-15
-33
-36
-3
49
92
102
89
79
82
94
116
153
183
176
130
82
78
116
158
173
169
151
113
76
68
103
158
184
170
140
120
108
93
90
111
131
135
115
83
66
75
102
128
127
96
52
-2
-48
-53
-16
31
39
-9
-89
-164
-200
-192
-140
-77
-57
-90
-152
-210
-226
-178
-81
19
69
67
41
8
-13
-3
57
157
249
279
253
210
176
164
168
179
188
178
141
81
22
-22
-46
-50
-30
-5
-6
-54
-129
-190
-214
-201
-170
-130
-96
-104
-147
-197
-223
-207
-165
-125
-81
-50
-55
-96
-142
-142
-111
-85
-66
-55
-41
-38
-57
-65
-56
-52
-43
-16
24
67
82
73
56
44
48
66
93
130
142
111
53
8
3
26
66
99
88
45
-4
-28
-8
41
93
127
116
59
1
-18
-1
21
27
26
17
-10
-39
-37
-4
18
9
-23
-51
-69
-87
-82
-56
-38
-60
-109
-134
-125
-108
-102
-106
-105
-115
-130
-127
-90
-42
-10
-1
2
10
26
62
109
155
178
182
173
168
173
190
222
262
284
258
211
178
155
145
156
169
155
98
30
-23
-41
-37
-25
-22
-51
-113
-181
-223
-225
-188
-146
-131
-153
-196
-236
-249
-218
-166
-118
-95
-105
-126
-133
-118
-93
-74
-62
-48
-45
-44
-25
8
43
69
78
77
71
71
92
130
168
201
208
163
98
67
74
96
117
137
146
118
50
-24
-55
-28
24
62
74
60
29
-5
-35
-43
-17
20
35
33
26
-8
-62
-100
-84
-33
4
9
-9
-50
-101
-137
-136
-107
-84
-82
-97
-117
-143
-164
-163
-134
-96
-93
-109
-123
-120
-99
-76
-54
-29
-12
-12
-6
32
92
134
146
136
129
139
155
182
222
251
240
194
153
147
173
207
240
253
219
148
69
23
30
64
85
70
31
-18
-81
-143
-156
-123
-92
-95
-123
-146
-152
-163
-171
-160
-135
-118
-126
-137
-134
-125
-121
-124
-125
-104
-87
-78
-65
-52
-42
-36
-35
-32
-20
0
21
30
25
16
1
-24
-40
-28
3
23
18
7
-5
-22
-44
-52
-39
-18
7
22
23
12
-5
-22
-29
-19
-3
4
2
0
4
7
0
-14
-13
6
22
25
22
17
6
-15
-29
-25
-21
-28
-35
-31
-27
-36
-48
-52
-50
-45
-34
-20
-3
8
7
1
8
29
55
78
99
109
114
126
135
135
144
162
174
174
170
176
180
179
186
203
206
188
155
131
120
121
121
116
108
87
64
46
36
26
17
4
-8
-17
-30
-41
-37
-27
-21
-20
-21
-17
-10
-18
-33
-32
-19
-9
3
18
34
34
15
2
6
16
29
46
57
51
23
-11
-33
-35
-27
-20
-24
-39
-61
-101
-141
-152
-135
-126
-132
-142
-149
-160
-186
-212
-213
-194
-177
-169
-169
-180
-211
-243
-253
-232
-197
-179
-178
-186
-197
-203
-205
-205
-195
-172
-150
-131
-122
-127
-135
-141
-133
-106
-72
-54
-45
-39
-39
-31
-10
11
32
53
63
62
64
88
120
147
158
165
175
180
187
194
204
211
211
207
207
211
211
214
215
216
211
203
198
194
187
171
155
152
148
142
141
134
114
82
64
71
76
63
41
24
18
7
-5
0
12
17
13
7
-1
-12
-14
8
41
70
78
71
57
46
50
74
112
140
148
139
125
108
90
90
115
135
127
105
84
61
42
29
19
21
27
20
0
-17
-32
-47
-72
-95
-100
-92
-97
-113
-134
-157
-176
-198
-215
-221
-225
-241
-250
-251
-277
-319
-341
-342
-334
-327
-329
-336
-340
-338
-330
-325
-317
-299
-281
-265
-246
-223
-204
-188
-172
-153
-138
-117
-76
-32
-2
10
8
4
15
47
84
110
114
103
97
106
120
140
160
166
164
163
168
177
184
178
170
161
157
161
165
175
190
189
180
159
134
123
132
143
152
143
123
107
85
70
68
72
84
91
84
76
69
57
45
46
66
82
89
95
90
84
88
99
108
117
123
126
129
129
131
130
118
115
123
128
127
117
113
117
110
106
106
108
109
102
89
84
80
74
71
69
60
34
-10
-37
-37
-29
-30
-47
-72
-97
-130
-154
-158
-156
-163
-194
-228
-251
-277
-294
-295
-289
-288
-294
-301
-304
-303
-298
-289
-271
-247
-220
-204
-196
-192
-190
-179
-154
-117
-86
-71
-71
-75
-74
-66
-49
-22
6
19
12
9
24
41
43
40
46
52
54
54
62
78
85
72
52
44
58
85
103
104
92
72
51
36
43
62
71
60
45
37
30
30
40
47
41
23
17
21
21
20
12
7
16
30
52
69
71
62
59
65
71
86
97
96
95
96
91
88
97
122
149
156
148
140
129
118
123
130
137
140
132
127
134
136
137
129
103
85
79
81
87
84
63
29
-4
-22
-31
-30
-29
-41
-69
-101
-125
-132
-124
-118
-118
-131
-153
-169
-181
-180
-167
-158
-151
-144
-136
-126
-126
-133
-142
-139
-120
-94
-72
-65
-74
-89
-98
-106
-100
-74
-47
-40
-48
-72
-87
-82
-60
-32
-12
-4
-9
-27
-39
-37
-25
-10
3
17
21
22
29
32
24
14
15
27
33
30
24
20
15
14
15
7
0
-4
-4
-3
-7
-20
-33
-32
-23
-16
-9
0
9
8
0
-2
2
8
14
18
32
52
61
66
69
65
67
74
86
104
115
107
95
92
88
90
97
105
116
120
115
112
101
100
110
118
114
104
95
91
89
75
66
61
54
55
57
54
38
12
-12
-26
-37
-41
-40
-38
-40
-47
-60
-69
-67
-60
-52
-49
-55
-62
-66
-60
-44
-30
-19
-15
-18
-19
-18
-23
-21
-18
-22
-30
-40
-45
-45
-51
-49
-46
-45
-46
-60
-79
-87
-88
-84
-71
-62
-56
-52
-53
-64
-66
-61
-53
-36
-25
-26
-31
-33
-42
-47
-36
-19
-10
-14
-25
-42
-53
-59
-56
-49
-48
-50
-51
-54
-54
-56
-57
-56
-53
-47
-39
-31
-22
-13
-10
-7
-5
5
13
23
37
46
52
53
46
38
39
53
69
78
79
78
74
73
74
76
82
85
82
76
75
78
84
89
90
84
71
67
71
74
80
80
64
42
28
11
8
11
15
16
3
-5
-10
-14
-14
-8
-6
0
3
-1
-2
5
16
27
33
37
46
53
57
51
52
62
68
66
60
62
55
47
44
40
36
28
8
-9
-14
-13
-12
-12
-14
-17
-28
-40
-47
-49
-38
-28
-31
-34
-46
-65
-74
-75
-68
-53
-44
-50
-71
-98
-111
-108
-101
-98
-100
-105
-118
-138
-151
-149
-132
-119
-115
-118
-120
-116
-112
-104
-83
-70
-62
-52
-46
-31
-11
-1
9
20
24
29
32
35
43
49
49
50
55
56
55
47
46
51
53
46
44
49
51
53
56
58
59
52
39
34
37
43
44
43
39
25
10
0
-5
0
7
8
1
-10
-19
-25
-23
-17
-18
-21
-23
-16
-10
-6
-2
9
23
33
37
44
61
79
90
104
111
107
100
95
107
115
115
109
99
93
89
89
92
95
95
87
70
58
53
56
59
60
49
39
32
18
15
18
19
15
8
-4
-21
-35
-38
-41
-49
-61
-75
-86
-97
-103
-109
-114
-126
-137
-139
-139
-144
-150
-154
-154
-156
-156
-147
-132
-116
-102
-98
-100
-94
-79
-60
-42
-31
-29
-28
-25
-17
-7
3
15
31
38
31
21
16
19
29
37
39
38
30
21
21
21
24
28
30
25
15
13
12
10
12
6
-1
-1
-3
1
-7
-17
-17
-25
-23
-21
-24
-18
-20
-22
-20
-20
-17
-18
-17
-3
4
4
13
17
20
27
31
35
38
46
58
57
57
60
64
76
85
89
89
80
72
67
68
79
91
99
103
97
90
81
72
67
70
79
80
77
73
61
44
39
44
46
45
35
19
1
-20
-32
-36
-36
-39
-44
-52
-69
-85
-98
-100
-92
-89
-88
-86
-92
-90
-89
-95
-91
-81
-73
-71
-62
-49
-41
-41
-37
-27
-15
-4
9
10
4
-6
-11
-4
6
20
31
44
46
31
16
4
7
21
25
23
17
7
5
5
6
8
2
-5
-7
-8
-8
-5
-12
-21
-25
-34
-44
-54
-51
-48
-54
-56
-57
-53
-43
-41
-44
-48
-54
-51
-35
-24
-24
-31
-41
-41
-33
-11
13
25
14
18
3
20
121
136
100
49
8
-40
-86
-27
68
171
241
226
120
-13
-110
-136
-61
46
187
256
282
277
137
-22
-135
-139
-93
2
128
213
233
186
100
-67
-183
-199
-151
-56
38
128
139
73
-25
-123
-202
-221
-153
-66
20
60
55
4
-87
-149
-173
-154
-80
-1
34
39
8
-50
-115
-144
-111
-61
-1
62
83
47
-7
-53
-78
-83
-51
17
61
74
69
30
-28
-71
-69
-26
16
58
87
75
46
14
-29
-44
-29
-10
17
30
35
17
-16
-35
-46
-52
-44
-24
-9
8
4
-10
-15
-31
-33
-29
-23
-4
-6
-10
-16
-14
-9
-4
-5
-8
-2
6
8
-2
-2
8
11
17
29
33
33
27
25
21
18
35
54
59
71
75
62
54
45
37
31
36
58
74
73
69
58
40
30
23
18
23
32
37
33
19
3
-12
-20
-12
-5
4
15
24
21
9
0
-15
-30
-31
-22
-7
8
17
12
-1
-21
-37
-47
-47
-22
-1
12
21
17
4
-14
-30
-35
-23
-9
9
8
-9
-13
-17
-29
-43
-40
-27
-19
-15
-9
-10
-30
-51
-61
-56
-45
-42
-36
-28
-35
-57
-69
-69
-76
-78
-65
-52
-55
-59
-53
-62
-81
-81
-63
-49
-38
-26
-25
-29
-34
-32
-32
-30
-28
-19
-1
8
8
10
12
10
1
5
17
32
42
51
52
41
30
33
50
49
47
56
64
64
59
61
64
69
64
63
61
58
60
56
58
56
48
50
53
47
40
42
39
28
16
22
16
10
13
20
16
6
6
5
15
13
11
23
31
22
15
26
20
14
15
11
4
12
33
30
24
26
28
16
17
29
28
34
33
30
34
40
35
17
15
20
11
-4
4
13
15
22
13
4
-11
-13
-30
-48
-33
-11
-9
-29
-30
-36
-64
-83
-77
-63
-66
-63
-62
-76
-76
-77
-83
-85
-84
-80
-83
-78
-77
-87
-82
-77
-74
-69
-64
-68
-72
-65
-60
-58
-50
-33
-24
-29
-24
-29
-39
-32
-11
9
23
24
12
3
-4
2
9
43
71
61
49
29
15
9
10
15
28
56
71
57
29
9
-11
-17
12
36
48
55
41
20
-8
-14
-6
2
32
34
12
-10
-19
-9
10
37
45
33
20
12
4
1
20
39
55
67
61
48
32
25
22
31
43
53
66
69
57
46
57
56
44
39
41
43
49
63
52
27
25
22
20
21
23
17
20
29
21
9
0
-6
-6
-2
-2
-13
-2
9
-11
-40
-45
-26
-23
-27
-31
-31
-24
-32
-53
-55
-44
-36
-39
-43
-50
-57
-57
-59
-55
-48
-56
-57
-37
-18
-32
-47
-44
-55
-63
-60
-54
-25
-14
-23
-26
-34
-38
-47
-47
-25
-25
-20
-22
-27
-45
-44
28
34
8
-10
-31
-68
-84
-23
-3
32
97
105
34
-63
-100
-112
-87
-9
70
88
66
33
-39
-103
-112
-46
21
76
106
72
12
-35
-44
-54
-17
68
109
96
65
37
-16
-43
-7
35
57
87
125
107
41
8
-14
-29
-4
45
69
60
74
65
13
-7
2
21
26
40
64
61
49
25
13
9
14
29
37
46
44
45
38
19
1
-7
-1
12
26
27
25
20
10
-20
-46
-27
-3
1
-2
6
10
-12
-30
-35
-35
-25
-4
10
-2
-17
-23
-20
-8
0
-3
-5
-7
-13
-22
-33
-27
-1
18
8
-7
-12
-30
-48
-39
-11
-9
-14
-6
-15
-38
-54
-55
-50
-35
-17
-17
-32
-44
-45
-64
-63
-34
-18
-20
-32
-40
-46
-50
-42
-24
-14
-2
3
-6
-26
-43
-30
-12
2
18
22
18
2
-13
-25
-25
-3
14
20
35
37
7
-9
-3
-7
-12
8
35
49
35
15
1
-7
12
16
15
34
54
51
31
18
8
4
26
53
57
47
38
21
22
27
26
31
30
38
52
41
21
16
18
5
-26
-21
11
15
26
42
36
-1
-28
-27
-39
-23
26
45
31
23
16
-29
-57
-31
-2
9
24
41
25
-9
-27
-38
-48
-29
11
23
19
22
2
-46
-58
-39
-22
-9
17
29
-3
-30
-44
-47
-35
-11
16
10
-9
-20
-31
-39
-34
-13
-2
11
13
0
-22
-30
-18
-16
-12
-4
5
12
4
-11
-24
-26
-25
-22
-13
-8
-6
-7
-10
-16
-13
-13
-8
3
5
-2
-11
-8
3
11
12
13
16
20
11
2
1
10
17
20
19
16
16
13
8
6
10
9
3
8
19
18
6
12
17
12
13
15
19
24
29
21
19
34
28
17
23
36
32
17
14
16
20
26
32
30
21
5
-7
-12
-17
-2
6
7
19
24
17
-2
-11
-12
-5
7
21
32
38
33
16
-6
-18
-18
-7
11
23
21
9
-10
-27
-43
-52
-47
-31
-18
-21
-28
-44
-69
-83
-82
-70
-56
-45
-38
-43
-56
-68
-79
-74
-45
-26
-26
-35
-33
-33
-46
-47
-28
-9
0
-6
-14
-19
-24
-23
-18
-14
-5
8
2
-6
-7
-9
-15
-8
10
4
-10
-1
10
9
13
19
16
14
17
13
9
23
43
46
35
32
33
30
26
31
40
45
49
49
46
33
26
30
37
50
52
44
42
40
20
6
7
17
32
36
37
40
35
25
12
7
17
32
45
52
50
46
45
47
52
58
54
47
47
46
35
22
34
46
34
26
26
19
8
0
-3
-7
-14
-9
-4
-14
-15
-12
-22
-32
-31
-32
-28
-19
-8
-7
-21
-30
-32
-40
-46
-42
-36
-32
-32
-38
-46
-59
-62
-60
-71
-69
-62
-59
-58
-62
-68
-64
-56
-55
-54
-53
-45
-39
-37
-30
-26
-24
-26
-31
-31
-24
-21
-17
-10
-6
-6
-17
-22
-28
-40
-39
-30
-22
-16
-16
-21
-24
-29
-33
-28
-19
-3
5
6
2
-7
-11
-2
2
11
28
36
37
31
22
15
10
14
29
39
41
43
39
29
19
12
15
26
35
34
40
50
40
25
19
20
28
43
57
64
64
61
45
28
28
38
46
58
71
67
50
35
30
22
23
36
40
36
33
23
6
-7
-6
1
8
11
8
0
-10
-15
-22
-23
-12
-3
-1
-2
-4
-8
-24
-30
-20
-13
-7
0
-3
-13
-18
-25
-36
-42
-29
-13
-11
-10
-10
-24
-38
-37
-31
-25
-19
-8
-4
-14
-17
-20
-27
-30
-24
-19
-12
-7
-4
-11
-19
-19
-18
-19
-15
-9
-4
-2
-2
-12
-26
-29
-23
-21
-13
-3
-5
-11
-13
-21
-32
-33
-27
-21
-14
-7
-2
-5
-14
-22
-30
-33
-22
-4
6
13
19
14
3
-7
-9
-2
14
32
44
41
29
15
6
8
20
37
50
59
58
46
31
27
27
31
42
55
55
45
36
28
17
13
18
29
36
33
21
8
-2
-3
6
15
22
22
15
4
-5
-14
-18
-12
-7
-4
-4
-7
-15
-22
-22
-19
-16
-12
-6
-5
-4
-1
-3
-5
-3
-5
-10
-15
-16
-17
-16
-13
-9
-11
-10
-8
-12
-12
-8
-6
1
7
9
8
4
-1
-8
-17
-18
-17
-12
-8
-5
-3
-4
-8
-14
-18
-18
-8
0
7
8
-1
-11
-21
-27
-28
-23
-15
-6
-3
-12
-21
-27
-27
-20
-11
-5
-6
-4
-5
-10
-12
-10
-5
-5
-1
2
1
2
1
-5
-7
2
7
8
13
14
12
11
10
11
16
21
22
22
17
17
15
16
20
22
20
17
16
18
19
19
18
21
20
15
11
10
8
5
0
0
3
4
3
0
-2
-4
-4
-5
-2
0
-3
-9
-14
-14
-12
-11
-5
0
-2
-3
-9
-9
-5
-2
4
4
1
2
-1
-5
-5
-4
-11
-16
-13
-11
-12
-9
-3
1
0
-2
-8
-8
-5
4
9
9
6
2
-3
-9
-9
-7
-4
0
5
6
2
-1
-7
-13
-16
-10
-2
2
1
-3
-10
-15
-16
-14
-11
-6
-2
-4
-10
-15
-20
-21
-16
-7
-1
1
1
-3
-4
-7
-10
-9
-3
4
11
10
3
-1
-5
-2
3
8
12
16
13
7
2
-2
2
6
11
16
16
11
4
1
2
8
15
18
16
13
10
4
4
7
9
13
14
13
10
8
5
4
8
13
14
13
8
5
6
8
8
11
13
11
10
7
5
3
7
13
18
20
21
20
15
12
16
15
15
17
12
11
12
11
9
6
3
2
4
2
3
5
6
7
6
2
-1
-1
-2
-1
0
-1
-3
-7
-14
-17
-23
-24
-23
-17
-13
-12
-13
-20
-26
-31
-31
-31
-28
-26
-26
-25
-25
-30
-35
-34
-36
-32
-26
-23
-21
-23
-25
-24
-28
-29
-24
-18
-18
-17
-17
-17
-15
-13
-10
-7
-5
-3
2
2
4
7
8
7
9
7
3
2
3
4
6
8
11
14
13
12
12
14
11
12
13
15
16
12
5
2
-4
-3
1
7
9
10
8
3
2
2
2
1
4
5
4
3
1
0
-2
-3
-2
2
8
10
10
9
8
10
12
18
21
22
22
22
19
17
16
17
22
23
21
18
19
19
19
17
15
16
21
23
25
26
26
29
27
24
22
19
15
14
12
9
7
8
6
3
5
4
5
3
-1
-2
-5
-4
-6
-8
-9
-11
-15
-18
-19
-22
-23
-26
-26
-30
-30
-28
-29
-28
-24
-21
-21
-22
-24
-26
-29
-33
-35
-31
-28
-26
-25
-27
-28
-30
-30
-30
-27
-26
-22
-18
-17
-17
-15
-15
-18
-16
-13
-11
-10
-10
-10
-8
-6
-4
-3
-2
-1
1
0
0
1
0
1
2
3
5
8
8
9
12
13
13
14
