5
5
4
5
3
4
4
5
5
4
3
5
6
7
6
5
2
2
3
5
7
8
6
3
1
2
3
6
9
7
5
2
2
1
2
3
0
-2
-2
0
0
-2
-2
-4
-5
-2
1
5
5
3
0
-2
-3
-2
-1
-1
-1
-5
-4
0
2
1
1
2
6
8
13
15
17
18
22
23
24
30
31
29
30
35
34
34
35
34
28
24
25
26
29
26
26
21
20
20
20
21
21
18
15
14
17
18
11
14
14
11
14
12
12
12
12
8
9
8
0
-3
-5
-5
-5
-8
-12
-14
-19
-23
-23
-20
-23
-30
-35
-42
-48
-55
-61
-64
-71
-76
-79
-86
-88
-92
-103
-110
-108
-109
-115
-114
-111
-117
-120
-130
-144
-152
-160
-160
-165
-174
-180
-186
-195
-200
-203
-200
-190
-163
-127
-106
-70
-30
7
35
46
70
87
115
141
154
173
189
206
215
236
258
263
270
268
261
250
230
204
179
149
114
85
53
30
10
-2
-11
-24
-36
-60
-73
-71
-71
-84
-97
-102
-109
-103
-88
-69
-36
2
30
54
76
101
125
141
152
148
152
163
173
185
187
194
209
223
229
232
227
215
193
160
136
120
107
92
76
64
60
71
72
73
75
68
68
59
43
26
9
-6
-26
-43
-53
-57
-59
-62
-77
-97
-116
-140
-157
-184
-213
-243
-273
-296
-321
-343
-360
-364
-362
-365
-355
-356
-351
-340
-349
-346
-357
-366
-383
-383
-359
-294
-209
-140
-64
-26
28
56
62
79
100
164
203
221
209
201
239
277
312
319
334
341
340
315
252
221
190
152
90
32
-16
-37
-39
-55
-61
-76
-77
-83
-95
-110
-140
-162
-188
-213
-246
-266
-251
-227
-200
-186
-159
-114
-74
-46
-29
-11
7
28
35
39
61
97
147
184
213
247
284
322
340
346
338
340
346
329
306
293
308
316
310
300
288
296
298
279
257
240
220
193
153
119
106
95
89
72
55
47
41
29
3
-22
-46
-69
-97
-123
-147
-175
-183
-199
-223
-242
-248
-245
-248
-249
-263
-270
-272
-286
-299
-313
-309
-309
-305
-303
-308
-305
-303
-301
-316
-335
-351
-337
-293
-214
-143
-81
-22
13
49
50
51
67
128
220
244
228
213
239
301
342
358
345
346
337
286
215
159
134
116
61
-18
-78
-110
-97
-108
-145
-177
-202
-210
-235
-270
-293
-305
-305
-318
-346
-360
-329
-265
-219
-191
-179
-161
-126
-107
-103
-108
-76
-41
-36
-44
-41
7
78
140
179
219
248
292
326
325
334
324
330
326
310
327
364
406
418
422
415
429
454
444
423
385
355
319
273
237
220
208
210
204
167
147
128
102
65
13
-25
-68
-108
-143
-179
-199
-200
-204
-219
-224
-224
-220
-220
-244
-269
-295
-313
-322
-336
-338
-328
-319
-309
-309
-298
-274
-252
-247
-272
-296
-319
-338
-390
-423
-378
-275
-130
-53
-21
27
63
86
43
18
83
192
264
229
164
173
264
357
380
377
389
388
348
246
149
114
106
86
-6
-108
-137
-123
-86
-90
-136
-158
-176
-199
-261
-334
-361
-361
-368
-416
-459
-452
-389
-305
-280
-276
-261
-231
-196
-196
-202
-175
-129
-98
-89
-77
-15
87
184
243
269
303
367
418
426
424
439
458
457
444
451
493
552
581
565
548
556
571
564
527
483
447
405
345
286
257
261
268
239
184
142
118
96
54
13
-25
-63
-102
-144
-173
-184
-185
-193
-213
-224
-222
-208
-205
-234
-271
-304
-322
-315
-315
-321
-314
-309
-301
-305
-298
-281
-270
-265
-297
-332
-358
-380
-398
-457
-477
-432
-320
-174
-99
-53
-27
-11
-14
-75
-100
-31
85
179
170
130
147
224
321
359
363
358
350
301
184
86
48
54
67
8
-74
-121
-123
-94
-112
-160
-195
-234
-270
-330
-392
-415
-418
-410
-438
-476
-468
-407
-322
-286
-288
-302
-300
-273
-264
-258
-230
-170
-97
-55
-14
53
138
228
296
316
332
394
453
511
519
542
590
607
628
632
685
744
756
720
658
643
641
634
598
549
513
470
427
373
327
313
311
266
187
104
48
34
-3
-43
-101
-135
-136
-163
-179
-195
-200
-194
-200
-217
-253
-265
-258
-259
-275
-316
-327
-315
-301
-287
-294
-280
-274
-289
-301
-310
-297
-301
-319
-351
-396
-406
-430
-448
-496
-515
-444
-352
-199
-148
-110
-71
-75
-87
-176
-185
-97
49
156
157
126
150
255
342
377
364
349
342
291
187
81
65
86
122
78
-18
-51
-77
-53
-93
-168
-215
-275
-315
-391
-470
-500
-470
-432
-455
-491
-503
-452
-379
-366
-384
-402
-391
-358
-341
-331
-274
-191
-101
-30
6
77
166
247
296
304
329
392
488
552
594
625
656
693
714
728
739
758
781
763
721
681
653
638
621
597
566
538
498
440
379
331
296
264
210
145
86
49
46
37
23
10
9
12
-7
-37
-72
-99
-117
-154
-196
-220
-218
-207
-218
-237
-266
-286
-286
-296
-307
-329
-345
-349
-375
-392
-403
-410
-394
-385
-371
-370
-381
-406
-455
-512
-493
-439
-307
-178
-140
-90
-104
-71
-91
-140
-117
-40
109
170
163
134
152
242
287
295
261
242
251
215
131
55
49
90
127
53
-34
-101
-116
-109
-182
-251
-313
-325
-341
-407
-464
-493
-459
-440
-472
-519
-551
-513
-486
-499
-506
-497
-435
-389
-377
-352
-294
-198
-109
-63
-42
4
85
163
220
265
343
457
559
640
667
701
748
760
758
743
759
789
792
770
739
727
732
732
716
683
646
599
539
459
374
321
303
267
224
180
157
164
148
137
121
105
86
45
-9
-61
-93
-117
-148
-173
-201
-201
-203
-214
-233
-277
-313
-344
-378
-413
-436
-441
-441
-443
-453
-446
-430
-394
-370
-385
-387
-408
-440
-469
-517
-532
-484
-380
-240
-148
-104
-70
-57
-63
-105
-139
-107
10
144
188
162
142
189
272
305
289
269
272
270
190
71
11
23
68
60
-36
-126
-184
-206
-238
-311
-372
-402
-419
-466
-549
-608
-589
-526
-501
-532
-564
-554
-508
-473
-468
-456
-417
-359
-321
-310
-283
-206
-99
-12
35
53
100
183
262
321
368
465
585
683
719
717
736
752
775
778
775
810
842
864
844
805
794
799
808
791
742
684
626
548
469
395
357
347
338
308
260
233
211
191
154
106
82
54
7
-44
-105
-139
-151
-172
-204
-247
-256
-251
-266
-312
-369
-397
-415
-435
-455
-459
-436
-414
-405
-407
-406
-397
-378
-373
-386
-409
-431
-435
-447
-472
-493
-450
-338
-197
-104
-77
-79
-85
-99
-160
-211
-186
-59
95
156
118
73
100
175
214
197
150
125
100
29
-70
-117
-78
-2
14
-57
-150
-216
-228
-255
-328
-407
-451
-460
-503
-556
-567
-515
-434
-402
-431
-476
-480
-445
-433
-444
-446
-423
-385
-354
-320
-276
-195
-87
-5
29
45
78
141
209
261
332
439
577
698
759
777
800
843
863
860
863
882
925
952
938
925
931
956
955
921
868
810
731
626
511
424
400
405
393
347
302
258
223
185
136
93
46
-1
-56
-126
-181
-202
-205
-214
-232
-260
-271
-271
-284
-319
-363
-387
-401
-411
-414
-407
-385
-366
-359
-376
-389
-384
-382
-376
-381
-384
-398
-431
-484
-509
-447
-309
-137
-76
-78
-95
-123
-158
-255
-289
-206
-39
106
111
39
4
61
122
114
52
-8
-32
-90
-181
-270
-273
-179
-83
-90
-203
-293
-338
-353
-400
-480
-523
-548
-550
-575
-609
-582
-501
-414
-405
-459
-513
-523
-498
-499
-518
-521
-474
-410
-372
-337
-272
-156
-51
5
17
17
70
141
213
267
319
446
597
728
823
850
899
922
910
887
857
899
957
1004
1009
1000
1025
1039
1041
998
927
852
757
657
551
480
462
467
456
414
343
294
266
226
186
134
94
51
6
-30
-70
-86
-92
-93
-107
-144
-172
-196
-208
-238
-305
-342
-360
-365
-354
-338
-317
-311
-309
-332
-354
-359
-367
-352
-355
-383
-419
-501
-536
-510
-389
-207
-53
3
-36
-79
-152
-222
-299
-305
-170
-11
75
42
-22
-15
52
96
63
0
-65
-104
-170
-270
-313
-267
-153
-98
-154
-268
-337
-361
-389
-437
-517
-545
-548
-566
-583
-602
-563
-492
-462
-502
-582
-636
-633
-593
-593
-601
-574
-524
-451
-422
-388
-298
-199
-116
-87
-87
-64
4
93
179
249
316
412
523
636
744
839
886
905
905
892
883
874
898
960
1018
1047
1044
1028
1022
1006
947
859
765
669
597
545
504
488
466
434
397
339
279
238
196
149
81
18
-11
-20
-30
-33
-26
-24
-45
-90
-139
-180
-196
-199
-213
-241
-264
-273
-259
-253
-255
-252
-246
-231
-249
-274
-290
-302
-313
-351
-411
-467
-515
-526
-460
-332
-162
-38
-45
-84
-154
-232
-293
-375
-339
-197
-15
66
7
-53
-37
60
99
37
-43
-91
-105
-178
-285
-304
-218
-85
-32
-138
-279
-351
-368
-384
-465
-518
-511
-511
-524
-578
-601
-547
-476
-459
-524
-602
-633
-612
-588
-597
-585
-532
-452
-402
-394
-354
-280
-183
-116
-99
-88
-47
32
112
175
245
331
436
527
621
713
786
840
846
846
831
813
812
843
919
986
1018
1002
969
948
917
871
807
734
673
614
556
521
495
472
463
418
345
268
221
203
158
103
52
25
20
12
4
-14
-25
-37
-79
-132
-169
-176
-179
-195
-218
-245
-244
-231
-214
-203
-204
-202
-211
-238
-286
-295
-303
-328
-364
-423
-456
-514
-550
-505
-385
-213
-107
-134
-213
-280
-323
-379
-443
-408
-241
-33
51
-23
-104
-76
22
60
-7
-80
-102
-86
-144
-263
-284
-181
-27
17
-113
-267
-337
-347
-370
-458
-523
-511
-481
-498
-567
-596
-520
-427
-418
-498
-588
-621
-604
-571
-566
-543
-472
-398
-368
-367
-343
-259
-139
-70
-66
-77
-53
18
104
188
258
333
423
505
570
631
712
780
837
854
835
828
830
869
919
963
993
993
983
966
933
883
827
770
712
662
618
582
561
531
492
441
366
310
281
249
222
180
144
128
111
95
74
72
73
42
-15
-78
-120
-154
-176
-186
-200
-192
-179
-167
-162
-189
-219
-242
-268
-300
-341
-365
-372
-374
-381
-400
-429
-457
-523
-529
-460
-342
-197
-209
-246
-273
-308
-333
-441
-458
-326
-113
32
-34
-159
-203
-118
-47
-93
-156
-183
-157
-175
-288
-360
-293
-154
-72
-176
-352
-430
-450
-443
-491
-548
-533
-498
-497
-561
-592
-526
-423
-378
-451
-542
-593
-587
-547
-539
-507
-444
-389
-360
-376
-363
-276
-167
-96
-81
-83
-63
8
90
159
236
306
379
440
481
559
667
782
854
866
865
832
822
833
874
951
1008
1037
1008
971
954
933
912
852
777
718
677
661
626
603
581
536
473
387
328
311
290
282
263
230
193
149
109
76
56
29
-22
-74
-101
-122
-136
-138
-137
-159
-182
-187
-183
-171
-168
-162
-175
-206
-239
-257
-245
-242
-217
-239
-272
-303
-365
-422
-487
-457
-368
-252
-210
-271
-303
-335
-374
-467
-534
-453
-301
-184
-208
-324
-367
-316
-254
-271
-319
-329
-283
-270
-335
-399
-377
-294
-236
-273
-395
-449
-447
-441
-463
-526
-523
-491
-478
-481
-503
-471
-419
-389
-427
-503
-538
-542
-500
-481
-464
-407
-360
-312
-286
-264
-202
-130
-68
-37
-43
-38
8
80
158
217
262
301
331
369
434
544
661
750
796
787
763
736
726
768
830
910
955
957
950
943
944
922
874
820
777
744
708
678
651
637
622
578
492
417
380
374
381
352
306
247
220
203
159
122
98
77
33
-19
-86
-126
-107
-91
-101
-119
-116
-111
-123
-136
-154
-160
-160
-164
-192
-195
-167
-128
-114
-143
-177
-204
-255
-332
-427
-495
-463
-374
-283
-280
-280
-267
-301
-381
-504
-572
-539
-435
-376
-413
-482
-498
-449
-398
-371
-348
-313
-286
-331
-429
-519
-512
-441
-381
-381
-411
-420
-422
-387
-371
-372
-348
-339
-360
-408
-445
-426
-380
-347
-346
-374
-398
-391
-356
-317
-268
-222
-207
-223
-267
-275
-233
-169
-103
-73
-45
0
42
84
105
122
148
172
195
232
311
439
571
653
670
676
681
696
707
700
724
770
814
829
828
846
863
871
864
839
807
786
751
707
663
619
567
507
482
481
488
487
472
437
406
386
330
253
192
165
132
62
23
26
49
65
45
28
20
15
-12
-62
-93
-91
-75
-75
-87
-85
-70
-28
0
-28
-79
-151
-235
-315
-380
-423
-461
-513
-529
-505
-460
-375
-367
-386
-451
-554
-655
-777
-804
-749
-636
-543
-530
-547
-541
-469
-391
-365
-367
-382
-390
-436
-495
-508
-449
-343
-238
-231
-286
-303
-297
-258
-264
-302
-322
-329
-337
-350
-349
-305
-235
-183
-194
-236
-260
-234
-174
-156
-149
-152
-153
-132
-120
-93
-47
15
71
78
48
16
5
13
33
47
57
84
117
185
279
381
465
516
532
513
493
467
464
493
550
633
688
741
790
851
905
908
881
830
778
706
685
663
652
673
670
672
646
603
571
558
544
493
436
387
339
312
287
261
239
209
161
125
91
66
51
39
19
-27
-62
-83
-87
-78
-62
-43
-42
-63
-96
-146
-209
-269
-334
-374
-397
-428
-440
-456
-485
-534
-604
-632
-646
-623
-584
-608
-640
-711
-771
-802
-834
-798
-705
-591
-526
-553
-604
-620
-574
-514
-477
-444
-409
-354
-317
-327
-314
-267
-203
-149
-190
-256
-291
-289
-249
-243
-236
-210
-177
-159
-175
-177
-151
-110
-85
-113
-152
-175
-160
-120
-85
-45
-7
26
31
17
17
33
54
53
27
9
14
22
44
75
105
150
198
229
247
262
301
357
414
455
483
517
542
568
574
597
667
751
811
849
856
832
817
794
775
761
763
792
776
732
727
692
673
653
642
633
605
595
530
471
440
412
406
382
336
274
207
147
108
59
22
1
-15
-19
-60
-83
-96
-117
-124
-178
-209
-256
-310
-320
-347
-383
-410
-436
-465
-495
-536
-557
-579
-598
-628
-700
-778
-805
-784
-713
-643
-636
-650
-688
-715
-746
-775
-740
-651
-553
-525
-548
-548
-510
-415
-343
-304
-268
-244
-203
-223
-272
-285
-258
-207
-182
-209
-228
-211
-163
-130
-139
-147
-153
-165
-197
-222
-208
-169
-121
-96
-106
-104
-100
-75
-56
-54
-51
-66
-60
-45
-14
20
44
68
72
74
74
82
119
154
174
178
188
212
238
264
306
347
415
490
552
600
636
679
694
682
683
696
719
765
812
843
868
889
878
848
828
817
801
779
736
700
673
663
666
644
625
594
537
463
412
364
312
276
235
193
163
138
97
51
33
9
-16
-57
-122
-165
-207
-242
-256
-276
-304
-321
-345
-381
-400
-451
-511
-551
-594
-622
-651
-654
-676
-712
-717
-765
-813
-826
-809
-742
-688
-666
-668
-678
-688
-709
-711
-669
-562
-433
-361
-364
-375
-365
-302
-234
-205
-187
-177
-162
-184
-224
-228
-206
-153
-136
-177
-203
-219
-215
-212
-231
-246
-256
-258
-262
-253
-227
-188
-147
-154
-188
-230
-253
-233
-204
-166
-121
-94
-83
-73
-49
-5
33
56
70
78
84
106
146
175
218
269
301
322
354
404
463
510
554
609
660
727
770
801
819
816
816
808
831
882
924
955
965
955
918
876
843
810
809
790
754
710
670
653
637
589
546
484
402
326
248
208
190
190
178
125
94
68
22
-44
-123
-188
-249
-286
-321
-322
-328
-354
-379
-414
-463
-484
-483
-510
-522
-560
-600
-629
-671
-708
-745
-754
-762
-814
-817
-793
-686
-567
-527
-514
-530
-555
-603
-621
-573
-442
-267
-168
-168
-184
-178
-129
-83
-66
-71
-71
-68
-97
-139
-149
-101
-28
-8
-95
-203
-291
-342
-363
-378
-380
-367
-350
-352
-379
-395
-384
-367
-393
-459
-524
-546
-495
-408
-314
-245
-206
-170
-165
-166
-148
-110
-37
14
37
59
103
182
277
368
423
449
468
473
487
526
599
685
767
831
896
950
999
1030
1003
959
905
882
900
957
1042
1113
1133
1089
1008
931
855
800
753
704
659
617
571
541
538
522
476
382
263
155
67
12
-16
-14
-5
-22
-51
-103
-168
-251
-346
-430
-505
-538
-535
-518
-510
-538
-591
-654
-706
-746
-761
-762
-759
-798
-887
-1012
-1108
-1037
-823
-513
-332
-328
-386
-487
-570
-670
-677
-441
-42
312
385
231
107
99
158
141
70
62
147
206
161
97
135
257
287
78
-264
-518
-626
-608
-590
-571
-487
-392
-371
-468
-624
-723
-765
-815
-913
-1009
-975
-802
-593
-439
-367
-356
-382
-446
-533
-560
-484
-330
-151
-28
69
177
282
366
376
323
279
274
328
423
548
708
842
898
911
902
919
945
927
899
875
882
941
1059
1203
1314
1332
1241
1060
878
774
790
889
1000
1068
1061
983
833
657
520
407
284
173
104
121
185
250
278
236
115
-59
-243
-397
-481
-494
-471
-440
-420
-406
-399
-433
-498
-612
-722
-832
-893
-883
-860
-840
-902
-974
-919
-676
-359
-181
-240
-383
-539
-699
-821
-755
-305
370
857
845
454
68
-64
-44
12
127
362
602
640
413
139
24
18
-81
-382
-689
-771
-609
-380
-237
-223
-297
-488
-818
-1171
-1347
-1243
-961
-720
-616
-599
-579
-525
-509
-590
-716
-808
-804
-723
-586
-357
-87
114
148
-19
-257
-395
-364
-210
-32
120
247
333
365
340
287
241
246
304
392
522
672
853
971
950
847
743
732
803
911
1066
1230
1316
1291
1187
1084
1038
994
941
888
835
817
779
711
622
515
412
309
200
157
206
239
198
98
-31
-131
-223
-263
-222
-176
-149
-159
-211
-259
-286
-320
-326
-388
-476
-573
-698
-804
-734
-342
202
562
412
-18
-412
-650
-719
-623
-86
840
1573
1553
759
-136
-533
-443
-191
110
535
977
1047
535
-173
-637
-726
-677
-744
-784
-615
-333
-178
-300
-637
-989
-1274
-1473
-1478
-1211
-717
-250
-103
-293
-669
-966
-1012
-867
-630
-383
-164
3
41
-84
-249
-365
-431
-445
-466
-412
-209
6
117
-10
-325
-633
-803
-728
-469
-76
260
373
249
-29
-205
-253
-152
75
359
640
803
874
874
828
765
700
666
672
766
945
1114
1127
931
632
341
179
138
190
290
357
349
211
18
-160
-270
-298
-317
-285
-201
-94
-3
12
0
-65
-144
-202
-198
-43
95
171
35
-199
-103
311
950
1196
907
500
189
106
91
352
1128
2055
2363
1676
487
-303
-241
268
819
1305
1621
1563
838
-227
-962
-1036
-675
-326
-152
-71
-65
-321
-773
-1284
-1622
-1613
-1400
-1035
-618
-298
-169
-404
-888
-1346
-1474
-1132
-501
60
296
222
-80
-399
-633
-675
-443
-113
179
248
89
-124
-365
-552
-689
-723
-583
-311
-70
-8
-104
-372
-658
-873
-849
-514
-77
292
396
255
24
-175
-188
-20
224
459
604
615
515
382
303
292
250
190
142
118
118
38
-124
-313
-437
-451
-409
-351
-331
-387
-537
-732
-881
-839
-637
-388
-222
-224
-306
-414
-463
-447
-367
-278
-260
-19
490
1135
1436
1040
528
239
312
542
908
1731
2659
2928
2089
738
-65
151
924
1722
2346
2573
2169
1054
-147
-661
-394
229
718
928
848
407
-333
-968
-1189
-1042
-674
-292
91
309
111
-375
-904
-1122
-972
-578
-28
457
635
323
-310
-847
-935
-591
-72
383
522
343
-78
-585
-855
-852
-577
-196
23
26
-235
-510
-661
-732
-721
-691
-429
-121
55
83
-28
-86
-214
-320
-258
66
476
646
535
276
89
-43
-108
-54
150
351
276
-40
-421
-624
-656
-666
-674
-699
-743
-901
-1047
-1099
-1041
-947
-1018
-1054
-1065
-1029
-1018
-1126
-1066
-923
-721
-706
-802
-842
-798
-405
107
664
753
349
-22
-137
147
470
930
1668
2268
2153
1184
144
-94
559
1423
2071
2380
2216
1474
297
-509
-436
320
1121
1466
1356
838
52
-735
-1050
-729
-59
577
853
777
361
-216
-626
-653
-234
344
846
1102
1011
626
76
-307
-318
13
473
821
930
702
258
-239
-506
-402
-85
270
407
236
-134
-576
-788
-648
-279
126
286
188
-100
-406
-499
-302
109
482
603
457
209
-1
-51
83
314
516
489
238
-69
-274
-330
-332
-334
-365
-454
-644
-849
-977
-986
-935
-960
-1030
-1093
-1127
-1166
-1240
-1279
-1244
-1146
-1018
-922
-906
-986
-1148
-1300
-1364
-1198
-664
80
622
495
-225
-889
-967
-497
171
853
1506
1840
1437
410
-525
-614
117
1039
1662
1800
1447
633
-316
-825
-578
164
852
1120
874
259
-510
-1068
-1125
-679
14
605
824
594
48
-494
-664
-371
212
820
1197
1201
843
342
45
121
464
867
1139
1185
964
520
107
-56
91
395
608
656
527
253
-20
-195
-122
151
416
542
460
320
164
87
199
492
861
1051
986
764
541
419
435
584
788
911
813
517
151
-142
-266
-215
-91
-39
-206
-580
-985
-1210
-1205
-1092
-972
-928
-970
-1120
-1348
-1459
-1382
-1155
-935
-855
-873
-981
-1131
-1268
-1326
-1146
-653
29
557
462
-168
-824
-977
-572
1
601
1162
1430
1071
155
-667
-759
-170
599
1157
1320
962
100
-828
-1230
-923
-266
272
487
286
-319
-1078
-1507
-1323
-750
-182
158
256
26
-536
-1041
-1035
-432
321
754
786
577
279
-51
-205
-1
491
945
1035
792
414
67
-127
-125
82
381
542
417
76
-275
-439
-372
-103
276
598
694
484
161
-18
119
521
976
1321
1427
1285
1013
800
806
1044
1368
1570
1526
1256
888
559
389
395
503
566
423
74
-384
-694
-720
-537
-353
-337
-481
-723
-963
-1095
-1016
-782
-547
-466
-537
-689
-865
-1009
-1071
-1023
-680
-73
571
775
268
-466
-913
-729
-150
525
1241
1646
1401
463
-601
-990
-506
414
1224
1486
1047
68
-985
-1409
-1085
-376
231
440
216
-481
-1336
-1843
-1694
-1055
-362
113
243
-52
-696
-1295
-1397
-888
-115
487
727
559
89
-431
-688
-476
7
488
792
769
395
-245
-770
-793
-393
74
277
160
-157
-615
-1016
-1077
-717
-159
237
266
51
-284
-558
-551
-204
420
933
1063
848
505
320
351
557
943
1335
1472
1205
654
214
89
231
520
757
803
521
-63
-614
-847
-656
-231
107
211
22
-347
-694
-800
-535
-55
349
453
278
-28
-328
-464
-437
-140
397
1009
1416
1202
501
-238
-443
0
686
1342
1797
1858
1287
242
-645
-725
-8
948
1549
1479
771
-337
-1276
-1507
-984
-154
429
520
105
-708
-1522
-1832
-1456
-674
37
409
364
-115
-836
-1328
-1157
-388
428
812
708
308
-164
-546
-606
-248
331
771
778
364
-268
-797
-954
-687
-181
226
286
-45
-606
-1105
-1294
-1069
-561
-49
220
149
-194
-593
-773
-608
-139
401
754
786
490
85
-183
-156
163
591
861
776
354
-190
-549
-601
-382
-80
75
-61
-487
-1000
-1315
-1286
-959
-556
-320
-349
-617
-920
-1082
-919
-489
-47
207
147
-1
-202
-270
-215
-19
385
870
1380
1477
1119
511
212
471
1010
1551
1933
2146
1938
1238
375
-22
284
1023
1695
1888
1466
496
-490
-939
-661
-1
525
705
449
-184
-956
-1438
-1298
-689
-5
448
495
153
-466
-958
-933
-378
360
828
899
616
160
-256
-414
-207
200
617
833
718
245
-387
-771
-687
-251
168
288
99
-292
-678
-887
-831
-505
-98
204
231
5
-283
-437
-334
-1
392
677
699
477
198
10
33
212
462
638
570
251
-222
-607
-711
-582
-378
-303
-449
-755
-1154
-1468
-1547
-1409
-1151
-984
-983
-1135
-1373
-1511
-1451
-1156
-805
-601
-632
-832
-976
-1011
-920
-640
-128
561
972
789
167
-343
-263
276
975
1624
2080
2074
1466
604
84
206
808
1530
2030
1996
1260
167
-613
-657
-141
442
859
958
599
-186
-1025
-1328
-947
-204
496
878
809
262
-464
-810
-497
240
885
1156
1060
723
292
-31
-45
265
703
1005
1022
720
188
-326
-529
-302
161
508
515
152
-347
-697
-719
-431
-15
363
466
262
-65
-251
-140
150
495
743
801
672
448
324
363
499
645
741
717
496
101
-257
-393
-309
-156
-137
-278
-572
-933
-1197
-1258
-1123
-960
-886
-928
-1073
-1257
-1437
-1457
-1294
-1020
-812
-791
-918
-1134
-1286
-1307
-1091
-642
-21
424
404
-104
-661
-761
-420
184
817
1429
1717
1343
468
-304
-403
143
941
1579
1725
1178
153
-729
-936
-558
-45
344
504
349
-223
-967
-1403
-1277
-701
-6
498
582
145
-521
-891
-671
1
663
1060
1091
779
311
-1
88
459
820
999
991
804
429
27
-133
42
365
588
596
394
23
-390
-553
-297
279
754
834
588
219
-10
-33
231
711
1144
1302
1072
704
446
411
564
785
1029
1140
946
489
-18
-294
-266
-96
67
71
-123
-501
-927
-1139
-1074
-841
-635
-594
-688
-875
-1073
-1173
-1125
-870
-656
-578
-696
-921
-1067
-1153
-956
-473
190
574
302
-361
-820
-678
-182
338
836
1298
1437
984
157
-400
-318
261
999
1495
1436
673
-385
-999
-916
-438
-45
154
181
-131
-777
-1429
-1636
-1300
-749
-199
160
117
-416
-1127
-1392
-1004
-274
328
621
617
310
-202
-590
-547
-96
444
763
763
453
-11
-412
-521
-275
132
426
440
183
-169
-445
-526
-327
76
526
751
622
297
59
134
460
859
1149
1189
1019
749
606
685
865
1009
1040
1017
905
625
271
40
49
165
190
103
-81
-303
-517
-625
-547
-414
-357
-417
-517
-578
-580
-554
-502
-411
-347
-373
-461
-570
-574
-548
-467
-237
194
647
644
156
-404
-481
-100
371
807
1261
1587
1395
684
-32
-224
139
773
1382
1656
1292
345
-545
-816
-503
-96
149
291
220
-235
-952
-1412
-1330
-900
-409
-36
110
-142
-727
-1187
-1153
-675
-157
185
339
245
-106
-551
-742
-546
-161
174
326
226
-109
-531
-757
-666
-416
-204
-138
-176
-312
-530
-682
-621
-342
-43
157
232
154
-10
-113
17
313
570
680
640
517
401
369
425
505
538
546
512
402
198
-45
-203
-233
-189
-157
-191
-306
-470
-597
-595
-500
-423
-402
-409
-431
-468
-444
-360
-255
-238
-320
-454
-546
-518
-376
-84
330
725
705
251
-247
-285
102
548
986
1452
1782
1602
920
226
58
505
1210
1775
1889
1422
552
-172
-284
80
457
616
589
343
-165
-729
-973
-782
-369
12
242
230
-79
-544
-786
-602
-150
226
360
331
187
-27
-202
-183
21
225
299
237
83
-112
-280
-328
-239
-104
-54
-175
-398
-581
-614
-514
-353
-129
40
52
-134
-326
-321
-132
161
421
567
533
333
93
-29
47
254
442
459
276
-7
-284
-461
-496
-425
-373
-470
-711
-943
-1093
-1134
-1082
-978
-885
-893
-975
-1048
-1049
-992
-899
-740
-560
-492
-594
-766
-841
-788
-606
-193
410
820
622
-37
-506
-345
221
753
1179
1572
1742
1363
581
50
217
886
1583
1966
1834
1158
283
-214
-59
417
777
878
727
312
-296
-763
-777
-378
112
431
496
274
-176
-570
-557
-104
436
713
676
428
90
-160
-119
189
516
638
538
306
10
-229
-272
-69
245
424
347
44
-303
-520
-478
-179
240
546
538
292
-35
-182
-67
286
732
1015
1020
741
391
168
187
431
687
793
644
315
-68
-351
-433
-387
-291
-281
-438
-749
-1109
-1329
-1330
-1187
-1033
-990
-1117
-1311
-1441
-1410
-1248
-1123
-1076
-1112
-1145
-1179
-1194
-1198
-1150
-865
-356
172
242
-218
-783
-908
-478
140
688
1118
1311
1054
412
-144
-109
503
1286
1803
1761
1160
286
-284
-197
320
786
918
765
368
-190
-675
-768
-400
109
439
471
250
-132
-500
-562
-190
359
731
771
539
177
-162
-243
57
526
811
715
357
-30
-292
-339
-136
203
449
407
119
-209
-396
-366
-152
213
546
666
557
317
146
126
333
716
1089
1274
1172
899
628
538
712
1008
1161
1030
698
369
185
127
124
112
33
-154
-434
-676
-809
-825
-785
-760
-773
-887
-1054
-1174
-1168
-1013
-860
-814
-937
-1158
-1303
-1281
-1154
-972
-689
-285
63
-52
-558
-1005
-964
-518
-18
477
935
1103
681
-128
-684
-545
171
1005
1548
1461
682
-353
-906
-642
54
595
730
517
-25
-702
-1156
-1043
-474
72
328
249
-75
-498
-798
-682
-180
365
635
559
287
-27
-247
-228
67
460
676
592
277
-117
-392
-417
-181
126
292
231
-30
-329
-505
-437
-154
180
406
467
397
275
185
207
385
662
922
1068
1075
969
806
691
760
998
1203
1183
912
563
322
251
316
405
374
143
-227
-522
-603
-517
-404
-384
-463
-612
-766
-860
-822
-693
-599
-598
-676
-781
-874
-892
-842
-718
-493
-159
183
175
-200
-613
-649
-279
137
510
873
1110
942
338
-251
-310
189
902
1430
1447
873
-29
-643
-568
-9
522
683
439
-132
-763
-1114
-963
-488
-98
18
-125
-410
-714
-894
-775
-411
-49
132
96
-95
-334
-475
-363
-47
208
246
114
-72
-265
-405
-386
-196
-28
-36
-191
-363
-466
-515
-466
-290
-62
102
99
18
-16
15
110
256
445
599
629
587
569
605
675
756
840
890
854
742
603
491
424
385
349
299
193
5
-190
-324
-352
-319
-322
-394
-526
-661
-713
-666
-544
-469
-509
-653
-795
-850
-791
-660
-575
-441
-250
-6
94
-85
-304
-377
-202
98
454
874
1156
1078
641
186
94
437
1001
1503
1636
1271
594
43
-11
332
759
974
875
434
-187
-608
-596
-206
158
251
99
-212
-516
-686
-597
-302
-58
7
-67
-188
-318
-410
-348
-145
19
31
-45
-111
-187
-268
-268
-146
-19
-61
-216
-350
-382
-343
-297
-206
-136
-123
-161
-196
-117
8
63
56
40
83
136
143
167
220
301
352
363
367
365
355
314
280
243
210
165
92
-9
-130
-213
-221
-199
-223
-316
-443
-563
-665
-689
-622
-543
-533
-634
-765
-861
-896
-867
-783
-715
-717
-686
-568
-365
-272
-338
-424
-414
-292
-105
144
502
781
721
457
233
260
499
883
1262
1349
1124
717
418
410
611
850
994
955
650
215
-70
-31
201
404
424
261
-4
-227
-266
-148
24
101
39
-87
-199
-227
-169
-65
2
-21
-80
-112
-83
-32
24
81
119
91
9
-34
-8
70
156
214
246
217
161
155
212
280
305
290
260
229
196
182
200
221
202
148
131
175
228
220
141
51
-6
-9
27
56
34
-58
-185
-260
-229
-156
-140
-212
-326
-446
-522
-517
-436
-372
-432
-623
-830
-900
-822
-677
-562
-554
-657
-836
-986
-1004
-898
-712
-538
-434
-391
-431
-500
-520
-449
-307
-163
-11
137
247
293
244
165
155
257
441
619
692
637
503
370
315
374
505
598
583
462
302
171
138
210
309
342
265
127
8
-58
-49
25
103
91
-31
-154
-171
-100
-22
30
46
26
-33
-75
-47
44
135
183
194
190
184
193
244
329
414
439
394
310
247
239
288
357
388
349
246
156
148
221
308
323
260
199
188
208
212
204
195
174
150
162
208
234
223
197
159
102
50
43
83
104
60
-56
-172
-257
-305
-290
-251
-256
-353
-501
-618
-658
-603
-506
-446
-457
-518
-593
-626
-596
-508
-411
-363
-373
-411
-406
-358
-302
-239
-189
-171
-190
-186
-136
-81
-65
-93
-114
-121
-117
-122
-114
-77
-32
-18
-27
-25
-35
-59
-70
-30
29
64
68
50
19
-33
-70
-39
44
112
111
58
13
0
14
45
119
213
249
205
139
126
175
250
331
394
408
365
280
194
157
201
289
345
325
228
90
-17
-9
96
191
198
128
59
35
34
51
82
115
131
134
141
153
164
161
162
183
228
273
294
277
220
153
131
171
221
230
195
130
50
-28
-66
-54
-19
9
18
-4
-70
-144
-167
-130
-77
-38
-28
-71
-162
-225
-193
-94
-2
22
-28
-124
-209
-213
-138
-59
-43
-96
-184
-272
-321
-298
-227
-174
-172
-213
-271
-340
-382
-356
-277
-209
-191
-200
-221
-262
-321
-340
-276
-174
-105
-98
-128
-180
-234
-243
-168
-47
38
52
22
-14
-37
-22
43
133
201
229
225
181
107
43
37
93
169
211
169
48
-71
-99
-30
48
71
48
11
-19
-42
-38
-7
21
28
43
82
116
114
93
95
116
135
150
184
228
240
207
160
145
166
186
186
162
119
68
28
21
37
50
39
18
1
1
10
21
36
63
99
112
83
41
35
77
140
198
225
207
150
97
108
173
231
229
166
79
-5
-41
-6
56
73
16
-72
-137
-161
-145
-110
-81
-95
-148
-187
-184
-167
-171
-186
-173
-140
-120
-121
-126
-131
-146
-153
-120
-48
14
24
-10
-44
-40
7
60
87
90
93
100
88
50
9
-10
1
34
49
12
-70
-132
-131
-94
-79
-93
-111
-130
-162
-183
-175
-149
-140
-142
-126
-101
-89
-89
-73
-44
-31
-45
-49
-26
9
20
7
3
11
10
-2
-17
-28
-40
-59
-81
-100
-121
-146
-172
-178
-147
-103
-79
-83
-93
-84
-72
-71
-63
-31
11
38
54
74
92
95
103
140
193
225
222
202
179
155
131
136
175
213
210
158
92
51
46
65
83
91
82
45
6
3
31
58
61
42
20
4
8
37
85
124
124
93
73
89
127
166
197
210
198
171
166
205
263
291
267
210
149
117
128
153
154
119
72
38
15
-17
-53
-78
-83
-88
-98
-113
-137
-172
-198
-196
-178
-157
-143
-137
-148
-170
-180
-164
-129
-99
-92
-104
-118
-126
-132
-137
-139
-138
-136
-136
-138
-143
-166
-202
-230
-232
-210
-178
-152
-145
-164
-187
-201
-192
-164
-127
-98
-91
-100
-113
-122
-119
-94
-51
-10
1
-22
-54
-69
-71
-72
-64
-44
-24
-24
-42
-60
-78
-92
-83
-48
-14
-17
-51
-69
-48
-6
21
27
25
23
24
42
69
104
139
169
186
182
167
163
188
241
298
327
312
277
272
315
376
413
411
378
336
318
327
339
333
316
308
297
267
225
195
187
187
184
178
162
125
81
56
58
62
56
49
52
44
8
-41
-62
-50
-33
-34
-47
-63
-94
-144
-187
-209
-213
-209
-204
-208
-233
-269
-311
-342
-347
-317
-267
-233
-227
-241
-262
-278
-262
-208
-147
-122
-139
-164
-180
-177
-148
-104
-61
-55
-83
-119
-133
-124
-111
-111
-120
-127
-130
-127
-123
-124
-132
-143
-143
-130
-114
-113
-129
-138
-122
-86
-59
-61
-79
-84
-59
-16
20
31
22
0
-4
20
56
80
91
95
96
90
83
96
138
189
218
211
186
161
161
182
217
244
243
221
191
170
160
159
170
187
197
200
195
182
167
154
152
169
193
205
198
188
173
154
146
165
196
210
193
163
140
124
105
95
99
94
67
36
11
-3
-15
-36
-62
-84
-89
-83
-69
-62
-69
-99
-139
-151
-124
-85
-67
-81
-120
-160
-175
-153
-111
-90
-119
-183
-227
-222
-188
-171
-190
-227
-259
-267
-249
-219
-208
-231
-261
-265
-237
-199
-174
-170
-174
-171
-151
-129
-112
-100
-86
-65
-40
-17
-1
8
11
20
43
70
79
76
69
63
64
74
98
124
141
133
105
89
93
106
113
119
116
99
77
62
51
45
36
29
29
30
41
52
49
25
-1
-4
19
55
83
87
66
44
36
54
85
107
108
91
69
53
54
61
65
67
66
55
40
34
42
57
58
44
33
40
60
77
81
73
64
63
79
108
126
120
99
78
66
71
80
84
69
40
11
-8
-20
-32
-56
-91
-123
-133
-121
-111
-120
-151
-193
-220
-213
-182
-144
-128
-140
-163
-181
-184
-172
-142
-104
-73
-55
-58
-66
-65
-47
-13
28
58
64
55
41
35
40
52
69
88
104
105
83
48
24
23
39
59
67
52
14
-25
-53
-58
-47
-36
-35
-52
-64
-64
-58
-59
-72
-73
-56
-38
-19
-3
1
-9
-18
-8
19
41
39
23
6
4
10
11
3
-6
-14
-23
-27
-30
-29
-32
-44
-53
-57
-54
-37
-4
22
29
10
-6
9
49
91
112
109
99
94
102
129
156
163
151
130
114
113
114
111
98
68
44
38
49
54
36
-1
-39
-49
-40
-27
-22
-30
-46
-68
-80
-73
-56
-46
-40
-29
-21
-20
-17
3
31
51
66
82
101
115
118
123
130
148
159
163
166
166
154
138
118
106
102
100
95
76
46
10
-20
-40
-47
-51
-60
-78
-96
-108
-122
-135
-138
-137
-136
-125
-109
-104
-118
-139
-145
-135
-114
-101
-102
-119
-141
-156
-166
-162
-158
-157
-169
-191
-207
-210
-210
-216
-222
-226
-217
-204
-194
-186
-182
-182
-176
-152
-117
-86
-67
-65
-69
-58
-28
9
39
52
48
43
50
65
78
83
79
68
62
68
82
91
85
63
34
15
23
43
54
54
40
22
7
2
10
25
42
58
64
62
57
63
84
109
135
147
162
182
197
204
210
224
244
262
275
280
276
264
247
242
253
260
254
234
214
189
163
139
124
121
114
101
87
78
66
44
23
14
25
37
35
25
12
1
-6
-6
4
15
10
-10
-30
-50
-66
-76
-81
-88
-102
-129
-157
-174
-181
-189
-209
-232
-250
-258
-255
-248
-247
-262
-277
-275
-249
-218
-199
-201
-212
-214
-202
-167
-127
-97
-87
-94
-98
-89
-65
-40
-26
-29
-42
-47
-39
-25
-17
-27
-48
-71
-82
-74
-61
-60
-75
-95
-106
-110
-107
-100
-86
-78
-75
-72
-71
-67
-52
-29
-2
18
30
38
53
74
97
116
130
141
154
170
182
187
188
188
189
192
192
190
188
183
175
168
156
143
135
137
145
150
148
137
120
105
111
136
162
171
158
141
133
138
155
171
178
170
156
146
139
136
128
119
108
92
74
58
45
31
8
-16
-36
-48
-55
-62
-68
-85
-108
-128
-134
-124
-109
-102
-111
-127
-141
-138
-120
-96
-78
-76
-88
-98
-99
-84
-68
-62
-66
-78
-85
-81
-74
-76
-91
-113
-128
-131
-127
-128
-138
-157
-175
-187
-190
-184
-176
-172
-172
-178
-186
-183
-169
-145
-125
-112
-106
-97
-84
-69
-47
-24
-6
7
15
25
35
43
50
59
68
73
74
75
72
64
57
52
48
46
39
34
29
27
26
24
23
23
23
28
35
45
53
57
58
59
71
91
106
108
105
109
118
126
134
138
135
128
119
112
113
119
120
115
106
92
85
83
84
85
79
72
67
65
69
72
73
70
63
64
69
79
85
84
76
66
58
56
62
70
67
49
27
12
7
10
6
-8
-30
-55
-72
-81
-87
-95
-113
-135
-153
-165
-168
-165
-162
-170
-190
-205
-202
-187
-168
-155
-156
-158
-156
-148
-132
-115
-101
-91
-82
-72
-63
-59
-55
-44
-33
-24
-21
-18
-18
-19
-19
-17
-16
-25
-31
-34
-30
-24
-25
-29
-34
-42
-42
-34
-22
-10
-6
-6
-8
-9
-1
15
26
33
34
34
35
33
33
44
57
63
57
45
40
43
48
54
61
61
58
52
49
50
56
60
64
68
73
78
80
87
97
105
106
106
113
127
139
147
149
144
139
136
140
149
154
152
145
130
112
99
87
82
78
69
56
36
16
0
-16
-28
-37
-41
-45
-52
-71
-90
-98
-96
-89
-82
-80
-80
-86
-93
-91
-80
-65
-56
-51
-47
-46
-51
-53
-46
-34
-27
-27
-30
-36
-45
-51
-47
-43
-44
-49
-58
-66
-72
-75
-73
-74
-76
-83
-90
-93
-86
-77
-72
-73
-74
-72
-73
-70
-66
-60
-52
-48
-46
-45
-44
-41
-38
-35
-34
-33
-32
-30
-29
-31
-33
-34
-32
-29
-28
-25
-21
-16
-12
-12
-12
-8
2
15
26
37
41
44
50
60
76
90
97
98
97
97
99
108
117
122
121
115
104
99
94
92
90
83
74
66
57
47
35
24
15
15
17
15
6
-8
-18
-22
-17
-7
0
2
-2
-6
-8
-3
6
18
28
32
33
30
30
34
42
51
58
59
57
53
51
48
46
49
52
53
49
41
29
22
17
16
17
16
11
5
-5
-14
-18
-16
-14
-17
-23
-31
-38
-40
-43
-47
-49
-49
-50
-56
-64
-72
-77
-78
-75
-71
-73
-79
-88
-92
-93
-90
-87
-81
-76
-76
-80
-81
-79
-73
-65
-54
-43
-38
-37
-37
-36
-28
-18
-7
-1
0
-3
-9
-9
-4
4
7
0
-8
-18
-24
-24
-23
-25
-31
-40
-49
-55
-61
-65
-69
-70
-68
-68
-70
-72
-73
-72
-68
-59
-48
-38
-31
-28
-25
-20
-11
3
18
29
35
38
40
45
54
64
76
85
89
90
90
90
92
96
104
109
111
108
105
101
104
110
118
124
121
119
111
108
113
121
128
125
120
116
116
115
113
110
106
104
101
96
88
77
66
56
53
49
41
31
20
8
-3
-6
-6
-7
-16
-28
-38
-42
-45
-47
-46
-41
-40
-40
-45
-48
-49
-46
-42
-37
-35
-39
-46
-55
-59
-55
-45
-36
-34
-42
-61
-80
-90
-87
-77
-70
-72
-83
-99
-115
-125
-124
-119
-115
-113
-114
-120
-129
-136
-135
-126
-116
-107
-101
-100
-101
-101
-99
-87
-70
-57
-54
-56
-58
-57
-51
-41
-29
-21
-18
-19
-21
-21
-15
-9
0
7
5
4
6
8
15
21
27
33
39
45
45
48
54
61
68
78
85
88
93
100
107
116
122
122
120
120
124
127
128
129
127
124
120
119
114
110
107
109
109
104
94
86
81
78
75
71
69
71
70
64
56
52
49
47
47
49
48
42
34
26
25
23
17
14
11
2
-11
-27
-35
-39
-45
-53
-57
-63
-74
-85
-94
-97
-99
-105
-110
-115
-120
-121
-119
-118
-117
-115
-115
-117
-117
-116
-115
-111
-100
-93
-91
-90
-94
-97
-93
-88
-79
-76
-75
-74
-69
-68
-74
-78
-74
-65
-58
-57
-56
-56
-56
-57
-51
-43
-34
-33
-34
-31
-36
51
93
39
10
-45
-46
-3
35
80
116
166
123
3
-52
-62
-6
124
210
186
150
121
69
28
24
71
98
117
142
114
89
109
111
94
79
53
55
65
89
120
118
134
114
69
33
23
60
102
143
158
134
85
44
12
-6
29
76
104
113
76
25
-31
-76
-66
-32
18
54
53
25
-31
-85
-105
-104
-71
-25
4
5
-30
-74
-104
-119
-101
-61
-37
-27
-31
-61
-92
-105
-96
-69
-47
-31
-26
-49
-73
-87
-101
-92
-67
-42
-26
-36
-52
-79
-102
-101
-83
-59
-42
-39
-52
-71
-84
-89
-85
-58
-28
-17
-18
-33
-53
-70
-58
-31
-13
11
19
8
-9
-20
-33
-34
-14
6
13
20
20
0
-17
-20
-14
-3
16
33
27
10
4
5
1
5
24
35
40
45
48
38
46
52
43
44
60
77
78
85
78
57
49
43
49
56
62
71
79
70
50
25
8
10
23
49
66
64
45
21
2
-7
2
25
55
58
54
40
21
21
22
28
31
35
48
46
25
12
1
7
28
40
50
38
19
3
-10
-17
-4
24
35
28
-1
-35
-52
-45
-20
-6
-3
-17
-23
-19
-29
-38
-33
-42
-44
-19
-15
-20
-19
-21
-38
-50
-45
-45
-40
-25
-34
-60
-67
-63
-55
-47
-42
-46
-61
-70
-69
-71
-64
-43
-25
-32
-57
-73
-72
-77
-64
-45
-32
-16
-17
-32
-58
-69
-59
-43
-21
-11
-8
-13
-26
-41
-48
-41
-32
-4
6
-12
-27
-26
-18
-15
4
10
-1
3
14
13
0
10
20
20
20
30
46
40
40
42
24
12
30
51
57
65
77
75
70
68
64
57
69
79
83
89
92
90
70
59
66
84
94
84
76
68
55
37
72
105
99
105
88
57
23
59
98
84
121
134
104
49
17
12
14
67
103
89
53
23
-9
-35
-42
-20
10
24
26
-1
-32
-58
-60
-47
-42
-12
0
-15
-39
-50
-41
-50
-51
-46
-51
-55
-61
-57
-62
-82
-82
-87
-100
-105
-97
-99
-108
-108
-115
-123
-120
-112
-113
-122
-114
-113
-112
-107
-103
-90
-98
-99
-95
-95
-92
-82
-59
-57
-65
-68
-72
-78
-92
-79
-46
-32
-28
-34
-45
-79
-105
-77
-45
-12
18
6
-19
-44
-42
-34
-31
27
73
69
53
38
31
10
26
82
89
84
103
103
67
44
67
78
87
107
104
71
56
69
55
55
94
111
92
93
100
74
34
53
108
126
138
139
113
73
57
71
88
118
145
142
109
77
50
24
30
73
112
95
70
53
21
-7
-13
11
32
49
54
23
-21
-40
-36
-11
18
27
28
2
-27
-41
-52
-37
-6
15
8
-21
-29
-36
-69
-74
-50
-38
-29
-31
-47
-75
-90
-89
-92
-82
-68
-55
-65
-78
-87
-86
-72
-61
-61
-60
-50
-49
-49
-51
-41
-38
-35
-23
-27
-32
-28
-22
-24
-13
-12
-34
-41
-36
-42
-59
-37
-15
-29
-36
-36
-61
-83
-71
-58
-46
-20
-3
-23
-45
-39
-55
-59
-24
15
17
6
4
-17
-35
-31
-4
10
25
43
16
-8
-17
-17
3
19
27
32
34
31
15
8
21
42
69
78
66
65
65
49
52
73
79
82
88
79
56
44
51
51
47
61
70
65
62
55
48
35
42
59
51
55
51
31
17
19
16
9
14
20
18
2
-19
-24
-15
-10
-6
1
-4
-12
-25
-37
-39
-27
-3
14
15
3
-16
-41
-49
-31
-2
18
24
19
-3
-30
-36
-27
-8
16
28
29
12
-21
-40
-36
-17
-4
5
8
0
-25
-53
-58
-40
-13
10
11
0
-19
-41
-41
-22
-9
0
13
20
3
-33
-38
-30
-26
-7
4
-12
-27
-27
-30
-43
-40
-29
-31
-38
-39
-34
-38
-27
-7
-16
-30
-33
-24
-18
-8
21
29
25
21
11
3
1
13
32
54
61
48
30
11
3
-5
-10
1
28
41
30
13
-11
-32
-44
-35
-14
10
32
32
15
-16
-39
-43
-23
21
58
65
45
27
8
-17
-10
17
42
58
55
38
13
-6
-28
-35
-18
3
11
7
-5
-19
-26
-31
-36
-28
-17
-12
-2
8
16
13
12
12
3
5
7
19
31
27
20
29
30
17
10
12
15
3
-8
-15
-14
-7
-11
-14
-23
-26
-30
-40
-46
-32
-13
-17
-13
-9
-14
-15
-13
-13
-8
2
9
2
-9
-6
-5
5
9
-2
-1
-2
0
-3
-10
-4
-3
-9
-11
-10
-14
-18
-11
-1
2
-5
-20
-19
-6
1
-3
9
26
18
7
0
1
6
7
4
0
7
12
8
8
13
8
1
2
-1
2
8
13
15
7
8
13
12
8
0
-4
-5
2
13
20
14
4
-4
-7
-14
-17
-7
6
12
9
5
1
-10
-15
-14
-6
11
18
20
21
15
-2
-11
1
13
16
26
32
25
14
2
-5
-9
-9
-4
-1
2
2
-5
-13
-13
-15
-27
-32
-23
-13
-7
-2
0
0
-7
-19
-33
-30
-8
17
33
35
20
-4
-23
-27
-20
6
34
44
33
5
-23
-39
-38
-18
7
21
28
22
-4
-29
-42
-40
-24
-2
17
25
18
-1
-22
-34
-35
-23
1
20
19
5
-11
-28
-39
-40
-25
-6
1
-1
-14
-27
-39
-40
-26
-8
2
1
-7
-16
-22
-21
-10
5
22
33
30
17
15
16
15
26
48
61
62
55
45
35
30
32
44
58
65
65
57
42
32
27
30
40
49
54
52
47
37
30
30
31
34
40
38
28
24
26
29
28
22
17
11
8
9
10
11
9
2
-6
-10
-10
-14
-11
-5
-3
-7
-12
-21
-28
-31
-27
-21
-12
-2
-6
-18
-34
-47
-50
-40
-25
-12
-12
-22
-42
-63
-72
-64
-50
-36
-27
-32
-49
-70
-80
-76
-69
-54
-43
-38
-42
-58
-72
-79
-74
-62
-46
-39
-36
-43
-59
-70
-73
-62
-48
-31
-21
-29
-44
-57
-60
-48
-29
-7
1
-1
-12
-31
-36
-24
-3
19
30
30
21
8
0
4
20
42
56
56
50
33
16
17
28
43
58
69
63
46
31
26
29
43
60
69
68
62
47
32
30
39
51
59
65
61
49
39
35
38
47
54
56
52
48
43
35
30
33
37
39
41
39
35
32
26
24
18
11
8
9
12
15
17
14
3
-10
-18
-21
-15
-6
0
-3
-10
-18
-28
-34
-30
-22
-18
-16
-15
-20
-30
-38
-42
-43
-39
-28
-23
-21
-23
-32
-46
-56
-54
-50
-44
-31
-22
-23
-27
-35
-47
-53
-50
-40
-28
-16
-11
-16
-24
-30
-33
-31
-23
-12
-7
-7
-11
-19
-23
-23
-15
-4
3
6
1
-6
-13
-15
-9
-1
12
19
18
5
-5
-4
-2
6
22
28
25
16
8
2
6
16
26
37
42
34
22
14
15
21
35
48
54
50
37
25
20
20
29
40
48
50
41
31
24
20
18
21
26
30
28
23
15
8
4
2
4
11
12
6
0
-6
-12
-14
-13
-9
-6
-4
-4
-9
-15
-22
-23
-20
-16
-10
-10
-13
-19
-24
-26
-22
-16
-11
-13
-17
-21
-24
-24
-22
-14
-7
-5
-4
-8
-12
-16
-14
-7
0
7
9
6
2
-3
-7
-4
1
6
9
11
8
3
-2
-4
-7
-5
-2
2
5
6
4
-3
-10
-13
-14
-11
-7
-1
1
-1
-5
-10
-12
-13
-11
-8
-6
-2
-2
-2
-3
-5
-6
-6
-7
-5
-2
0
2
3
2
2
1
-1
2
4
4
5
7
7
6
5
6
7
9
8
7
8
7
8
7
6
5
3
6
9
8
8
5
1
-2
-4
-4
0
3
3
-1
-6
-10
-13
-13
-7
-5
-2
-2
-5
-9
-15
-15
-15
-9
-4
-1
0
1
-3
-5
-3
-3
3
6
8
8
6
4
3
8
12
17
18
15
11
3
2
4
9
14
14
13
8
2
-3
-2
-1
4
9
9
6
1
-6
-11
-13
-8
-1
1
0
-5
-12
-17
-18
-15
-7
-4
-4
-9
-17
-21
-20
-16
-12
-9
-7
-12
-16
-19
-16
-13
-8
-5
-7
-13
-14
-15
-13
-8
-4
2
2
-2
-5
-10
-10
-5
-1
3
8
6
0
-4
-6
-2
1
6
11
10
7
2
-1
-3
-1
5
9
10
9
6
2
0
-1
2
8
9
11
11
11
8
6
7
7
12
16
19
18
17
18
19
20
23
26
28
28
29
28
29
31
33
34
32
35
34
30
29
30
31
31
32
34
31
30
27
25
23
27
29
26
25
24
22
20
17
15
13
11
9
8
5
4
-1
-5
-8
-8
-9
-10
-12
-16
-19
-24
-25
-26
-25
-27
-30
-34
-39
-42
-45
-46
-46
-46
-47
-49
-52
-57
-61
-62
-61
-60
-57
-54
-54
-56
-58
-61
-61
-58
-54
-51
-50
-48
-49
-52
-54
-54
-52
-50
-46
-43
-41
-40
-40
-41
-38
-34
-30
-26
-19
-14
-11
-8
-5
-3
0
6
12
18
24
29
29
29
28
30
36
44
51
56
57
55
53
51
52
56
62
67
72
75
73
70
66
66
67
72
79
82
81
76
69
63
60
60
63
65
65
63
57
50
45
43
44
45
44
41
34
24
15
11
9
10
10
7
3
-4
-10
-17
-21
-22
-20
-18
-17
-20
-23
-28
-33
-37
-37
-37
-37
-39
-41
-43
-46
-49
-49
-49
-45
-40
-39
-40
-41
-44
-45
-44
-39
-37
-36
-40
-45
-48
-50
-48
-44
-42
-41
-41
-43
-45
-45
-45
-42
-38
-36
-34
-33
-33
-36
-35
-32
-29
-24
-22
-22
-21
-23
-22
-19
-16
-11
-10
-9
-7
-5
-2
0
1
4
6
8
9
10
11
14
16
17
19
20
20
22
24
26
27
26
28
29
28
29
29
32
35
38
35
31
28
25
24
26
31
32
33
33
29
24
19
17
19
24
31
36
35
29
23
18
16
18
20
23
24
23
21
16
10
8
9
11
15
14
13
10
10
8
7
7
7
6
5
4
5
4
3
4
2
0
-3
-4
-3
-3
-2
-3
-6
-11
-13
-13
-16
-14
-13
-12
-12
-15
-17
-21
-24
-24
-22
-20
-16
-13
-13
-15
-18
-20
-18
-16
-13
-10
-9
-11
-12
-14
-14
-14
-13
-11
-9
-6
-4
-4
-5
-6
-6
-4
-2
2
4
7
8
8
7
8
9
11
9
8
8
10
11
8
4
3
3
4
5
5
6
6
3
1
0
-1
-2
-3
-3
-2
0
-2
-2
-4
-5
-6
-8
-9
-8
-6
-5
-7
-10
-12
-12
-11
-10
-8
-4
-1
-1
-4
-4
-5
-4
-3
-1
0
2
2
1
2
4
4
3
1
0
2
4
3
2
0
1
2
4
4
3
4
2
3
6
7
8
6
4
1
0
1
4
5
7
6
4
2
2
2
4
2
3
3
2
1
0
-2
-2
-1
0
2
2
3
2
2
2
2
4
4
2
2
2
0
1
2
3
2
2
2
2
2
3
3
2
1
-1
-2
-3
-3
-5
-6
-4
-5
-5
-7
-7
-8
-8
-7
-7
-7
-5
-5
-4
-6
-7
-7
-7
-7
-5
-2
0
1
1
1
0
-1
-2
-2
-2
0
2
2
3
3
2
1
2
2
1
2
