3
3
2
2
0
1
2
3
2
0
0
-1
0
-2
0
-1
-1
-2
-2
-2
-3
-3
-3
-2
-3
-3
-4
-6
-5
-4
-3
-4
-2
-4
-5
-5
-4
-4
-3
-2
-2
-3
-3
-4
-3
-2
0
0
0
-2
-3
-3
-2
-1
0
0
1
0
-1
-2
0
0
0
1
0
-1
-2
0
-1
-2
-2
-2
-2
-3
-3
-4
-4
-5
-5
-6
-6
-8
-8
-8
-7
-7
-6
-6
-6
-6
-5
-2
-1
1
3
4
6
8
8
11
15
18
20
22
24
25
25
28
31
32
34
33
32
31
32
33
33
32
29
27
26
23
23
21
20
17
14
12
11
10
8
7
4
3
2
-1
-3
-4
-4
-6
-8
-8
-8
-10
-10
-10
-12
-12
-12
-13
-14
-12
-13
-14
-14
-12
-16
-19
-11
-6
-15
-19
-14
-15
-17
-11
-12
-20
-22
-17
-18
-23
-22
-25
-34
-35
-31
-38
-48
-47
-46
-56
-59
-64
-74
-79
-76
-81
-87
-85
-89
-99
-108
-105
-100
-104
-107
-102
-100
-96
-89
-81
-74
-71
-67
-52
-36
-29
-23
-12
6
22
29
35
48
58
69
83
93
91
86
90
103
111
113
112
109
98
89
91
92
85
78
73
68
65
57
51
49
42
37
38
32
27
25
27
32
32
27
23
24
26
35
45
52
50
44
49
60
67
74
81
85
85
83
89
93
96
99
103
106
102
96
93
94
95
94
95
90
80
71
70
67
60
53
44
34
27
21
15
5
-5
-19
-28
-30
-36
-45
-57
-64
-70
-78
-84
-87
-95
-104
-103
-100
-104
-108
-116
-124
-121
-119
-124
-132
-139
-143
-136
-135
-144
-156
-159
-159
-163
-163
-175
-190
-199
-184
-161
-165
-171
-175
-176
-176
-171
-154
-133
-117
-113
-101
-82
-83
-81
-54
-16
3
2
11
23
29
37
57
86
95
88
82
92
97
90
96
111
116
101
89
92
88
79
77
82
80
59
47
41
38
30
19
18
14
0
-18
-20
-16
-22
-30
-29
-27
-36
-42
-28
-7
1
5
13
29
38
47
75
106
127
138
157
179
194
205
229
258
272
273
280
286
289
290
295
301
291
269
255
251
241
220
202
187
163
134
112
97
80
57
38
18
-4
-25
-43
-60
-68
-76
-95
-112
-120
-127
-140
-139
-134
-142
-150
-157
-155
-158
-153
-146
-145
-142
-152
-152
-144
-139
-141
-157
-155
-157
-166
-165
-163
-167
-175
-181
-196
-221
-243
-257
-242
-213
-214
-233
-262
-271
-269
-277
-261
-228
-208
-210
-212
-202
-186
-169
-152
-115
-75
-63
-65
-56
-30
-2
22
50
85
92
79
77
99
118
128
142
160
162
147
132
140
151
143
139
140
135
115
92
88
89
81
65
51
34
10
-4
-1
0
-8
-24
-37
-45
-54
-52
-41
-26
-19
-20
-10
10
29
45
63
110
143
158
170
200
245
267
300
332
365
374
376
405
420
425
422
430
448
440
414
381
364
344
323
312
282
235
181
147
134
103
66
27
-9
-47
-82
-102
-123
-143
-167
-185
-191
-208
-226
-248
-247
-231
-234
-240
-246
-242
-238
-239
-218
-202
-202
-212
-213
-197
-194
-195
-204
-206
-207
-208
-208
-209
-227
-250
-261
-268
-284
-321
-330
-312
-275
-282
-316
-334
-355
-369
-357
-304
-261
-255
-248
-240
-234
-242
-225
-163
-99
-58
-53
-65
-66
-53
-13
49
105
115
87
81
91
120
146
167
192
185
174
161
151
165
181
199
207
195
169
131
112
119
141
138
112
77
36
19
20
28
27
3
-22
-39
-52
-53
-58
-48
-31
-25
-18
-17
-12
0
27
76
100
140
189
210
204
214
313
374
398
389
421
472
467
493
512
525
520
521
546
532
479
414
415
445
421
354
279
239
199
159
153
125
49
-25
-59
-51
-88
-136
-166
-175
-183
-216
-230
-250
-264
-273
-257
-224
-239
-269
-288
-263
-223
-221
-217
-229
-241
-241
-221
-195
-208
-243
-246
-228
-229
-241
-255
-272
-298
-315
-336
-333
-367
-409
-386
-343
-321
-370
-397
-411
-437
-435
-382
-311
-295
-289
-262
-234
-237
-261
-222
-117
-36
-8
-16
-18
-10
-4
69
161
197
163
131
159
186
198
207
243
257
237
223
218
209
187
198
245
251
203
140
102
107
118
123
107
63
2
-36
-29
-8
-15
-50
-76
-84
-95
-110
-112
-93
-69
-59
-44
-29
-31
-31
-4
65
121
144
160
170
226
300
352
382
395
439
454
486
517
555
580
563
580
563
548
537
525
530
494
434
371
341
318
279
221
161
120
50
-4
-31
-70
-111
-161
-187
-195
-236
-272
-291
-282
-272
-287
-295
-310
-309
-301
-269
-246
-255
-255
-259
-246
-227
-224
-207
-210
-217
-219
-240
-239
-244
-237
-241
-253
-292
-339
-365
-385
-385
-433
-437
-417
-393
-382
-429
-453
-478
-482
-478
-430
-361
-319
-258
-239
-240
-287
-297
-194
-74
13
43
24
8
14
52
139
187
198
199
206
221
214
198
199
240
260
267
238
188
174
179
223
234
194
142
83
75
97
118
109
68
26
-11
-19
-36
-32
-23
-30
-28
-42
-69
-95
-106
-68
-11
27
47
41
27
40
78
146
203
246
266
277
336
406
455
456
476
516
535
548
548
588
599
592
595
560
526
474
464
475
461
391
301
248
203
166
117
84
48
-25
-87
-116
-147
-186
-220
-219
-222
-256
-277
-286
-275
-276
-270
-252
-256
-263
-271
-234
-202
-191
-186
-203
-209
-215
-195
-170
-168
-180
-211
-228
-251
-272
-277
-298
-312
-357
-400
-465
-524
-518
-489
-437
-428
-425
-458
-551
-618
-587
-450
-348
-301
-265
-235
-243
-286
-259
-152
-43
43
108
151
138
77
87
186
277
300
276
285
279
242
224
265
300
266
225
211
214
180
156
182
196
163
90
48
40
37
43
61
66
4
-74
-106
-82
-58
-47
-23
-14
-51
-100
-104
-73
-31
4
52
94
96
92
101
145
186
235
304
349
386
412
439
463
483
518
525
540
541
561
577
560
551
503
461
430
416
413
381
324
255
197
143
108
70
31
-6
-60
-102
-149
-199
-239
-254
-248
-252
-276
-290
-304
-309
-297
-276
-264
-282
-287
-278
-251
-218
-207
-203
-201
-198
-199
-203
-200
-195
-186
-183
-207
-244
-297
-340
-372
-390
-416
-473
-490
-483
-457
-470
-470
-464
-510
-575
-578
-487
-397
-348
-287
-212
-191
-239
-265
-183
-53
55
130
184
190
122
86
158
257
285
261
273
275
224
148
136
172
182
166
154
147
87
7
2
56
79
31
-17
-22
-26
-39
-46
-24
-28
-60
-75
-45
-14
-16
-6
19
33
23
22
51
92
133
183
231
243
230
232
271
338
399
447
460
481
518
520
529
549
597
613
587
576
579
572
537
525
500
472
430
381
361
316
254
194
166
134
77
-8
-62
-79
-119
-150
-190
-235
-287
-333
-325
-307
-319
-346
-361
-358
-356
-373
-372
-354
-334
-315
-289
-258
-266
-295
-284
-233
-186
-186
-206
-213
-214
-227
-246
-268
-288
-313
-372
-435
-445
-424
-396
-341
-295
-314
-442
-569
-554
-455
-349
-234
-105
-44
-125
-267
-286
-185
-26
137
268
307
206
59
22
119
211
254
272
275
203
56
-37
-38
7
39
57
50
-31
-149
-216
-166
-96
-77
-102
-129
-145
-166
-160
-118
-82
-82
-84
-57
-12
24
52
95
136
155
167
182
212
255
321
400
443
428
395
391
428
509
578
635
657
618
568
543
584
636
663
663
665
647
592
543
495
490
496
500
494
439
349
258
215
214
209
151
82
18
-48
-105
-161
-196
-238
-296
-343
-373
-395
-436
-475
-488
-485
-502
-543
-559
-553
-533
-521
-488
-455
-460
-480
-475
-435
-401
-373
-335
-315
-336
-357
-354
-359
-444
-496
-403
-242
-129
-140
-192
-266
-375
-413
-316
-155
-43
73
191
182
-5
-230
-227
-8
245
407
413
307
130
-22
-25
59
134
156
160
141
11
-202
-365
-374
-258
-138
-95
-163
-307
-438
-478
-414
-314
-249
-242
-254
-243
-230
-235
-243
-194
-98
-4
55
90
110
107
127
185
260
312
325
331
365
417
460
476
466
463
489
537
576
634
667
650
610
591
622
631
621
632
680
701
667
621
564
540
542
571
621
597
498
404
356
356
340
291
255
189
110
51
8
-46
-121
-182
-215
-253
-314
-373
-419
-442
-464
-488
-535
-598
-637
-646
-605
-575
-577
-604
-632
-633
-630
-622
-574
-508
-467
-501
-567
-628
-680
-654
-502
-252
-107
-124
-230
-362
-448
-454
-285
5
269
412
360
149
-108
-222
-48
290
564
619
449
195
-16
-93
-41
75
176
214
163
-27
-302
-543
-598
-453
-260
-158
-238
-435
-631
-690
-593
-452
-346
-321
-317
-315
-330
-337
-334
-271
-169
-44
79
114
81
40
74
173
272
346
363
353
342
366
416
442
494
537
545
571
601
631
603
549
569
650
739
775
746
674
619
621
668
742
762
739
715
698
673
599
515
489
500
524
521
445
316
187
117
126
157
160
114
25
-64
-142
-208
-243
-250
-224
-207
-230
-281
-377
-462
-485
-458
-397
-387
-415
-479
-567
-596
-602
-607
-641
-703
-751
-774
-705
-515
-353
-362
-483
-548
-539
-540
-510
-310
21
266
291
132
-134
-326
-278
54
456
592
445
173
-42
-155
-206
-157
-15
112
119
-52
-333
-635
-815
-735
-459
-204
-194
-409
-661
-802
-767
-617
-439
-307
-262
-283
-331
-392
-425
-380
-248
-61
69
94
33
-61
-84
-10
116
222
238
189
131
139
234
336
365
333
325
351
391
423
461
512
560
614
643
636
616
629
700
792
836
797
720
681
699
734
748
736
700
632
557
493
444
388
329
295
270
222
145
74
35
10
-11
-20
-28
-40
-60
-69
-60
-51
-45
-49
-53
-52
-43
-33
-25
-45
-85
-138
-184
-222
-269
-346
-442
-424
-316
-206
-193
-268
-341
-467
-545
-485
-340
-166
-45
74
95
-74
-293
-406
-254
13
232
291
150
-75
-305
-390
-343
-267
-188
-183
-212
-354
-599
-826
-924
-792
-560
-366
-353
-517
-721
-840
-778
-599
-388
-254
-234
-259
-325
-367
-388
-340
-226
-81
51
59
-25
-155
-218
-174
-86
28
65
23
-45
-94
-72
-21
35
54
132
255
311
288
225
235
291
395
555
685
719
680
645
625
632
655
705
793
835
809
699
562
476
424
434
478
476
399
261
130
46
21
42
85
119
114
63
-6
-34
0
72
146
212
252
237
204
171
191
223
249
275
279
250
159
57
-33
-98
-166
-167
-65
3
8
-63
-140
-190
-279
-281
-191
-12
164
252
259
184
73
-57
-53
102
296
401
354
236
28
-202
-302
-276
-183
-178
-244
-359
-554
-775
-952
-975
-889
-761
-669
-683
-791
-935
-994
-928
-760
-573
-440
-387
-423
-463
-482
-434
-326
-210
-89
-44
-57
-123
-192
-211
-190
-139
-94
-85
-126
-183
-211
-191
-149
-90
-39
14
99
128
125
121
159
265
356
472
556
597
573
539
530
535
594
629
679
674
597
499
372
313
285
262
240
192
107
-23
-143
-188
-155
-113
-63
-40
-60
-110
-141
-71
36
137
208
246
272
255
247
284
359
417
424
414
365
264
158
93
64
32
40
90
152
180
188
156
37
-75
-77
80
283
454
589
654
600
406
217
179
329
565
730
765
591
275
-35
-178
-159
-96
-37
-35
-125
-375
-685
-904
-962
-847
-658
-498
-492
-649
-842
-963
-931
-757
-519
-343
-313
-363
-439
-506
-527
-463
-332
-211
-142
-169
-271
-416
-531
-544
-471
-359
-315
-361
-421
-435
-417
-361
-264
-163
-95
-73
-30
36
122
208
310
423
517
581
559
535
529
542
598
634
631
551
429
340
283
214
147
94
33
-36
-123
-196
-264
-326
-348
-337
-301
-273
-246
-238
-231
-202
-139
-58
22
110
179
233
234
211
211
224
258
273
296
291
222
101
-59
-127
-69
108
331
477
498
334
108
-3
63
292
575
909
1140
1089
789
406
233
327
645
1004
1164
1059
678
245
-77
-181
-99
51
218
225
19
-380
-766
-945
-891
-622
-325
-134
-181
-402
-630
-747
-647
-420
-155
23
60
-10
-177
-332
-404
-346
-221
-95
-36
-113
-285
-507
-670
-734
-716
-656
-616
-578
-562
-565
-583
-603
-588
-533
-398
-226
-67
36
90
143
177
225
280
355
453
535
595
582
493
378
292
248
222
198
160
79
-48
-186
-299
-361
-387
-373
-359
-366
-389
-417
-418
-394
-341
-260
-175
-113
-66
-25
23
69
108
148
170
181
144
92
46
27
21
-32
-105
-202
-235
-167
-66
65
181
278
229
63
4
101
359
630
934
1166
1127
888
575
495
607
836
1111
1230
1146
793
394
122
32
88
181
287
271
74
-273
-574
-683
-604
-371
-127
23
-20
-181
-321
-343
-199
16
215
313
328
290
200
105
35
17
46
90
84
-3
-169
-348
-496
-585
-611
-610
-586
-574
-542
-524
-520
-541
-575
-524
-416
-233
-66
67
132
103
79
75
169
278
385
445
425
351
226
124
45
20
4
-18
-85
-199
-333
-480
-559
-580
-531
-481
-481
-514
-570
-590
-566
-471
-354
-268
-238
-211
-174
-122
-61
-19
35
56
48
-4
-78
-153
-193
-200
-233
-292
-345
-277
-181
-58
79
175
154
-21
-85
-19
198
458
781
1062
1066
889
567
400
405
575
889
1086
1104
802
375
30
-134
-111
4
194
258
117
-212
-517
-652
-607
-370
-71
180
232
128
-14
-86
4
195
453
662
759
723
592
458
379
369
384
420
430
386
229
12
-182
-326
-384
-421
-363
-273
-226
-230
-301
-357
-415
-378
-234
-14
197
314
348
261
156
72
88
223
389
495
440
264
38
-155
-271
-262
-176
-125
-178
-354
-554
-734
-827
-802
-670
-513
-438
-455
-542
-635
-687
-612
-448
-262
-149
-136
-161
-232
-260
-281
-242
-162
-113
-78
-153
-276
-449
-573
-589
-604
-608
-560
-404
-216
-58
22
8
-81
-163
-126
43
342
695
1012
1121
992
668
326
217
350
698
990
1073
868
410
-50
-387
-473
-369
-142
55
51
-185
-564
-863
-967
-769
-389
9
222
193
52
-122
-152
-20
263
590
809
895
807
642
471
372
367
446
575
625
555
352
112
-97
-214
-197
-58
121
220
225
148
57
-25
-19
128
395
691
862
859
679
462
320
342
523
724
801
663
400
101
-153
-297
-298
-189
-103
-132
-307
-561
-810
-939
-871
-650
-414
-316
-372
-525
-657
-699
-631
-477
-322
-209
-189
-230
-325
-421
-469
-436
-323
-268
-275
-393
-542
-672
-763
-780
-846
-802
-623
-367
-165
-106
-49
-125
-226
-253
-116
226
586
993
1171
1069
723
294
132
193
519
816
942
825
419
-47
-466
-618
-569
-360
-123
-63
-236
-629
-961
-1121
-979
-610
-188
89
88
-25
-195
-277
-232
-29
261
468
584
559
455
280
136
92
147
266
343
351
210
15
-166
-237
-186
-86
71
189
280
294
271
259
272
406
628
896
1061
1087
992
846
757
769
869
951
969
873
695
453
217
43
-46
-37
5
29
-67
-258
-472
-597
-587
-467
-274
-153
-139
-222
-307
-361
-388
-357
-287
-190
-130
-128
-216
-359
-476
-533
-525
-517
-532
-586
-705
-858
-961
-1018
-959
-800
-530
-200
-41
-33
-197
-308
-321
-213
140
581
1028
1151
1039
716
278
27
15
363
688
854
745
357
-100
-562
-768
-757
-517
-235
-102
-171
-465
-793
-1038
-991
-695
-285
58
191
150
-40
-192
-261
-196
-38
149
312
322
213
-7
-212
-357
-375
-263
-137
-70
-138
-239
-387
-490
-469
-342
-157
-22
118
217
282
325
381
497
655
866
1006
1051
1008
931
878
875
915
911
847
739
648
524
372
228
120
68
35
27
-2
-71
-172
-220
-205
-136
-41
32
96
109
119
93
49
20
0
6
3
18
-27
-109
-236
-369
-446
-495
-503
-571
-658
-745
-828
-893
-834
-618
-350
-67
99
157
13
-126
-104
50
360
713
1110
1206
995
593
202
30
-1
253
512
644
511
119
-290
-686
-852
-835
-598
-316
-185
-246
-489
-688
-811
-733
-471
-117
184
295
276
147
-1
-124
-128
-36
69
134
95
-37
-268
-508
-676
-719
-691
-608
-533
-539
-619
-761
-801
-725
-566
-392
-233
-68
45
120
164
258
403
597
791
894
890
779
674
632
667
697
668
603
506
392
243
120
39
13
7
12
15
-34
-99
-163
-148
-72
55
187
267
293
269
241
183
135
125
146
165
155
114
-5
-173
-328
-393
-392
-379
-396
-476
-601
-725
-782
-714
-497
-214
128
388
449
296
97
139
349
648
942
1239
1391
1235
891
484
279
242
350
547
643
545
172
-239
-521
-666
-697
-596
-368
-210
-242
-394
-503
-559
-515
-312
17
310
420
428
373
295
204
171
195
222
220
135
-29
-261
-468
-640
-743
-770
-760
-756
-813
-876
-952
-942
-843
-705
-589
-507
-387
-285
-172
-56
113
287
443
556
559
506
417
402
446
510
519
426
290
138
17
-96
-149
-160
-144
-123
-122
-151
-237
-304
-309
-221
-89
45
155
206
210
195
193
184
168
150
141
126
72
-7
-122
-256
-364
-400
-373
-384
-462
-595
-744
-851
-892
-744
-486
-191
135
417
544
338
101
97
367
741
1104
1483
1612
1436
1002
583
344
272
421
695
943
872
468
-67
-485
-700
-716
-484
-157
63
13
-200
-399
-516
-488
-264
151
563
775
776
653
489
353
310
404
539
597
527
322
35
-286
-524
-622
-612
-555
-515
-516
-624
-776
-859
-843
-731
-588
-403
-237
-118
-54
-31
54
173
319
413
481
508
465
413
344
290
192
104
33
-34
-111
-207
-292
-382
-438
-477
-465
-436
-381
-324
-308
-293
-276
-226
-143
-24
91
162
173
123
53
-10
-39
-67
-92
-120
-202
-323
-463
-559
-622
-688
-721
-765
-826
-916
-952
-836
-640
-400
-124
199
409
361
206
154
340
613
915
1236
1414
1360
1043
665
377
243
312
531
758
750
453
-16
-399
-602
-645
-506
-261
-20
40
-44
-187
-295
-296
-154
168
530
803
902
857
731
587
499
502
580
645
643
525
312
19
-275
-465
-528
-480
-411
-361
-393
-517
-626
-637
-541
-408
-270
-122
4
116
202
279
343
402
472
536
593
604
583
522
424
294
157
38
-56
-114
-153
-191
-262
-351
-445
-516
-518
-458
-356
-274
-221
-195
-194
-182
-116
-10
91
145
157
120
34
-79
-190
-277
-374
-413
-419
-438
-521
-680
-817
-930
-1006
-1045
-1030
-1004
-955
-806
-619
-436
-258
3
229
207
119
174
352
531
741
1034
1218
1102
750
401
172
88
172
370
540
470
146
-218
-471
-600
-650
-546
-297
-88
-45
-101
-140
-160
-134
4
272
550
717
794
816
776
680
578
527
536
557
534
459
313
99
-136
-290
-330
-335
-341
-325
-305
-340
-353
-317
-266
-233
-180
-42
132
327
460
529
521
507
507
505
557
608
651
614
521
384
211
57
-48
-69
-60
-56
-107
-191
-285
-356
-364
-305
-203
-119
-60
-35
3
42
85
135
178
228
242
222
156
54
-94
-249
-332
-358
-384
-459
-531
-602
-742
-894
-983
-1024
-1097
-1199
-1101
-851
-626
-487
-303
-13
59
-91
-219
-78
185
389
665
932
1049
801
396
136
10
-31
12
244
434
319
-56
-402
-589
-739
-799
-659
-359
-176
-195
-248
-258
-280
-294
-158
133
417
582
667
692
633
509
418
419
462
495
480
419
284
89
-86
-193
-229
-247
-240
-188
-178
-206
-226
-229
-214
-196
-116
28
208
375
479
527
536
528
497
521
599
668
689
653
561
414
252
136
88
71
73
43
-17
-96
-181
-227
-234
-173
-99
-47
-20
12
56
89
138
186
250
279
258
249
226
142
29
-54
-91
-147
-223
-269
-317
-414
-559
-650
-748
-852
-955
-1000
-886
-728
-535
-389
-220
-77
-91
-183
-213
-53
141
364
583
742
740
506
248
43
-31
-9
59
174
198
36
-273
-537
-692
-780
-800
-704
-534
-448
-475
-513
-511
-487
-429
-287
-60
148
272
341
381
392
358
318
312
328
330
317
292
206
86
-21
-91
-137
-185
-164
-122
-132
-167
-186
-174
-197
-201
-122
26
165
251
339
393
415
407
425
492
549
600
619
593
514
422
342
284
235
199
162
114
74
20
-34
-73
-66
-40
-32
-34
-30
-5
16
60
125
184
211
195
179
150
121
97
77
68
38
22
-24
-104
-171
-242
-301
-375
-413
-464
-544
-605
-576
-434
-264
-54
131
238
173
21
-55
42
250
480
730
877
867
596
267
48
-42
24
153
330
348
144
-183
-481
-668
-787
-792
-686
-508
-424
-443
-512
-600
-667
-678
-531
-298
-73
84
157
156
86
22
-25
-18
41
111
156
139
75
-38
-143
-204
-196
-167
-135
-117
-132
-159
-195
-203
-207
-184
-128
-30
81
165
223
239
244
235
263
328
407
468
465
415
356
309
271
248
238
239
212
166
111
57
20
0
11
27
33
-2
-47
-56
-33
11
54
101
122
100
50
3
-29
-68
-76
-48
-15
-22
-66
-117
-187
-270
-315
-293
-287
-320
-381
-391
-329
-203
-17
151
297
314
250
145
121
252
437
677
823
852
716
501
327
210
199
238
335
374
329
170
-59
-266
-429
-502
-515
-446
-371
-336
-360
-420
-488
-564
-571
-501
-352
-187
-45
19
-9
-73
-138
-166
-173
-120
-46
12
15
-40
-102
-163
-211
-254
-227
-155
-107
-129
-176
-190
-226
-254
-239
-148
-42
4
33
62
89
76
66
119
202
259
263
253
229
185
150
154
201
217
198
180
165
154
118
101
107
100
75
35
14
-5
-18
-27
-7
12
18
2
-27
-47
-86
-111
-127
-132
-130
-112
-86
-86
-95
-113
-125
-124
-99
-117
-169
-205
-197
-204
-234
-161
-29
92
129
167
229
230
187
119
178
267
354
469
558
608
497
377
318
306
306
298
357
397
380
267
153
79
-22
-113
-139
-83
-70
-135
-203
-237
-305
-400
-416
-344
-283
-273
-240
-184
-171
-240
-278
-257
-228
-195
-136
-27
7
-12
-29
-2
16
-26
-12
29
88
91
52
16
-50
-95
-136
-111
-69
-51
-32
-31
-43
-99
-150
-164
-134
-76
-8
71
124
142
122
105
118
159
226
298
370
397
359
284
210
160
116
114
138
150
107
22
-78
-201
-297
-339
-324
-300
-281
-270
-301
-360
-401
-381
-331
-257
-167
-88
-58
-90
-125
-139
-145
-120
-38
47
84
79
87
130
128
107
99
101
87
57
68
104
168
217
274
302
268
226
171
198
259
316
355
370
382
337
279
212
177
123
59
38
25
1
-75
-142
-184
-231
-296
-321
-284
-253
-256
-259
-236
-246
-283
-284
-219
-149
-76
17
99
142
128
127
138
142
147
167
202
210
177
104
15
-76
-138
-139
-102
-72
-78
-130
-193
-256
-292
-280
-216
-121
-43
8
41
71
77
81
140
242
335
370
376
356
292
216
181
180
168
121
59
-9
-105
-207
-280
-324
-359
-381
-395
-419
-459
-474
-456
-419
-349
-280
-221
-203
-191
-165
-147
-89
-19
66
121
125
118
77
53
51
64
56
25
34
16
-29
-74
-79
-39
-4
52
91
108
93
79
133
221
304
348
396
437
446
418
403
399
358
325
305
289
239
156
72
-13
-84
-134
-157
-164
-177
-210
-265
-309
-311
-309
-292
-240
-153
-68
-11
30
61
85
90
127
200
269
297
286
271
222
145
64
33
39
31
18
-1
-50
-140
-227
-267
-250
-215
-158
-99
-65
-55
-53
-17
38
124
219
287
348
357
342
330
310
280
309
349
302
242
183
87
-19
-89
-128
-178
-214
-239
-299
-383
-467
-490
-500
-507
-427
-397
-418
-327
-272
-337
-314
-199
-136
-58
18
42
40
36
25
-22
-60
-67
-90
-146
-98
-107
-202
-199
-208
-240
-270
-237
-209
-229
-193
-158
-102
-6
43
87
151
152
170
208
251
293
299
320
350
352
297
253
216
150
139
153
150
131
68
-10
-44
-105
-170
-170
-129
-80
-62
-39
-20
-31
-59
-44
26
90
111
141
159
135
89
50
52
75
80
76
94
70
0
-53
-69
-70
-58
-37
-22
-3
7
11
17
63
97
152
221
256
279
244
285
312
290
335
366
368
357
335
330
252
233
240
174
166
133
112
4
-31
15
-112
-123
-113
-172
-197
-230
-195
-252
-247
-131
-202
-203
-200
-210
-180
-226
-142
-167
-165
-150
-217
-183
-231
-224
-220
-199
-162
-216
-190
-196
-249
-207
-220
-200
-129
-133
-129
-133
-133
-160
-175
-149
-139
-124
-119
-89
-98
-124
-117
-151
-159
-132
-97
-63
-31
-17
-55
-61
-70
-98
-85
-55
11
41
56
62
42
60
49
74
146
189
214
210
186
154
98
78
88
86
83
80
76
50
28
-12
-45
-14
21
24
30
65
93
83
100
139
172
220
234
228
250
303
260
219
259
263
241
222
247
238
229
248
227
176
206
201
118
144
195
184
158
198
186
91
85
105
78
41
108
137
76
84
67
15
-12
6
41
40
9
18
-14
-82
-134
-110
-101
-154
-46
-76
-172
-135
-168
-204
-263
-175
-123
-187
-113
-116
-166
-234
-217
-189
-304
-224
-139
-229
-175
-173
-220
-214
-259
-208
-188
-153
-122
-111
-96
-159
-135
-196
-247
-159
-143
-126
-107
-129
-158
-175
-187
-172
-150
-120
-83
-54
-109
-130
-83
-171
-187
-107
-110
-99
-70
-101
-102
-116
-151
-144
-111
-71
-20
20
-17
28
49
-26
17
104
124
128
139
224
187
146
205
168
196
175
198
223
192
239
189
191
193
153
201
172
185
217
183
238
230
188
176
166
232
177
147
242
197
168
177
142
141
114
117
124
125
150
87
107
92
17
21
31
81
54
95
101
61
86
20
46
46
45
129
83
103
137
18
-11
2
-39
-66
-40
-6
-41
-53
-74
-93
-144
-212
-133
-132
-110
-42
-118
-113
-135
-169
-164
-202
-147
-111
-112
-98
-141
-169
-221
-207
-170
-160
-126
-142
-82
-107
-223
-187
-201
-227
-168
-159
-131
-146
-140
-160
-201
-156
-164
-119
-120
-89
-26
-87
-80
-25
-45
-43
1
42
33
25
62
7
-3
6
47
41
-4
102
72
55
61
39
52
10
55
90
85
75
107
101
57
64
90
54
77
172
124
96
121
107
97
52
63
106
62
47
92
65
26
72
22
37
65
-11
74
36
-2
91
68
86
159
98
63
156
103
107
179
120
142
150
96
128
96
62
82
49
79
58
22
48
21
12
24
7
47
86
27
8
68
47
6
48
20
29
21
7
62
-72
-98
-26
-115
-83
-23
-90
-132
-121
-85
-209
-198
-154
-200
-118
-192
-168
-140
-248
-163
-126
-133
-109
-63
-43
-64
-47
-84
-42
-40
-65
46
66
12
96
49
-60
34
48
-24
47
82
32
51
55
42
2
-25
3
-11
22
-38
-1
-20
-89
9
-115
-17
-28
-130
28
-105
-69
-17
-108
-47
-118
-54
-62
-121
-76
-133
-56
-51
-38
-39
-136
-26
-87
-127
22
-44
-22
44
18
40
-27
19
38
7
119
50
67
76
23
51
20
100
67
32
141
132
79
84
107
65
75
160
162
186
156
125
199
156
139
180
163
185
223
171
139
154
56
125
112
30
134
56
17
18
12
-47
-80
19
-104
-167
-67
-70
-176
-179
-104
-156
-145
-73
-133
-107
-103
-141
-80
-98
-49
-52
-74
8
-3
-25
0
-25
-6
28
-47
-2
117
8
2
90
25
29
37
44
8
-8
15
3
35
-25
-48
-27
-80
-56
-38
-28
-46
-120
-45
-84
-142
-77
-136
-163
-130
-68
-127
-176
-72
-102
-161
-87
-132
-168
-102
-92
-70
-80
-97
-93
-94
-81
-89
-20
5
-36
18
-53
-35
-13
-70
43
-2
31
102
15
75
32
4
42
84
109
81
156
121
149
159
56
191
182
115
257
224
143
211
205
133
230
279
164
214
203
142
197
129
158
136
88
124
120
94
2
42
25
-45
36
-14
-60
18
12
-16
-63
-40
-71
-58
21
-74
9
24
-84
12
-40
-28
-25
-100
32
-8
47
66
-46
49
20
-16
-23
39
70
-68
49
22
-104
-8
-113
-80
-33
-84
-6
-115
-110
-105
-151
-139
-234
-118
-172
-264
-134
-162
-153
-147
-162
-126
-206
-169
-119
-184
-115
-103
-112
-108
-106
-86
-152
-134
-103
-75
-71
-102
-78
-93
-102
-110
-111
-109
-112
-62
-68
-74
-75
-46
15
-74
-48
71
57
41
101
95
51
118
96
89
202
185
163
208
190
122
140
164
183
243
210
216
208
198
160
80
156
173
183
146
150
209
67
87
95
54
116
109
124
137
63
46
92
45
30
107
96
30
109
66
14
61
13
62
48
34
86
77
15
42
76
14
106
111
85
108
78
83
75
52
31
66
77
5
46
23
-57
13
-51
-92
-79
-109
-103
-197
-192
-157
-216
-197
-229
-194
-226
-265
-200
-296
-235
-261
-290
-183
-249
-196
-247
-260
-177
-266
-184
-200
-240
-109
-201
-228
-157
-196
-193
-239
-153
-139
-236
-112
-124
-150
-142
-87
-87
-142
4
-73
-87
46
-15
27
32
10
70
59
87
104
124
96
121
152
117
157
168
207
166
180
199
154
239
127
158
245
128
238
248
141
160
206
151
137
247
145
144
196
83
131
132
101
153
133
102
126
83
27
88
62
82
116
86
114
71
68
70
107
148
93
171
134
124
177
51
140
146
83
122
122
143
46
76
62
-11
73
14
-29
-5
-41
-47
-70
-60
-56
-120
-84
-68
-124
-144
-173
-148
-118
-118
-165
-146
-123
-223
-197
-153
-215
-213
-146
-215
-282
-225
-220
-305
-280
-240
-309
-272
-235
-248
-280
-283
-245
-207
-245
-212
-123
-169
-180
-118
-86
-126
-132
-71
-32
-44
-36
3
-1
-62
-27
40
35
26
-3
69
42
27
144
1
20
172
49
101
174
85
108
113
131
174
157
151
184
195
121
153
172
142
178
193
191
125
154
174
63
108
170
130
102
86
97
77
83
72
117
149
90
138
57
112
152
96
173
65
184
192
45
152
114
138
123
127
181
88
124
57
79
76
22
89
23
78
26
7
-20
-40
50
-28
26
12
-30
-30
-57
-25
-49
-59
-64
-34
-46
-130
-49
-111
-159
-61
-177
-129
-156
-203
-123
-265
-197
-194
-267
-152
-194
-246
-225
-140
-209
-283
-150
-157
-178
-138
-150
-114
-122
-179
-144
-119
-95
-98
-94
-50
-101
-76
-67
-133
-36
-66
-98
14
3
-43
-19
10
-22
-26
4
24
38
38
33
88
86
-8
59
107
47
50
105
77
70
145
36
76
99
37
80
50
87
33
68
103
-1
67
51
48
94
51
93
35
113
98
-2
153
70
99
141
92
181
66
82
173
99
103
112
147
105
119
114
44
116
39
84
83
19
128
85
53
117
101
21
68
45
65
90
6
107
63
35
83
19
59
22
-5
4
-13
22
-92
-53
-10
-112
-43
-63
-125
-88
-58
-156
-155
-48
-161
-108
-23
-140
-95
-122
-149
-79
-122
-95
-55
-62
-57
-100
-68
-71
-149
-99
-28
-95
-73
-33
-132
-65
-89
-148
-47
-109
-64
-38
-124
-29
-81
-89
-44
-81
-21
-63
-46
-38
-18
-8
-90
34
-20
-37
55
-43
11
15
-19
1
-53
39
-36
-56
59
-58
-7
6
-23
11
-21
41
-11
-34
55
-27
5
56
18
12
40
42
-1
80
31
22
77
70
79
-18
59
86
-19
71
58
36
90
95
70
48
96
27
49
86
32
97
44
56
170
76
80
94
61
59
15
108
78
86
108
47
110
54
20
43
12
35
84
43
-3
65
16
-1
13
6
24
-1
40
22
18
32
-18
-1
38
31
49
14
41
46
-40
19
0
-13
53
24
7
-10
-24
-31
-51
-38
-36
-2
-9
-76
-17
-88
-120
-35
-97
-32
-56
-82
-50
-104
-61
-91
-96
-119
-78
9
-109
-88
-51
-106
-59
-86
-78
-79
-96
-76
-37
-54
-127
-38
-72
-73
-33
-107
-87
-43
-64
-58
-21
-72
-64
-49
-56
-3
-35
-35
13
-57
-23
21
-44
-19
-18
5
66
21
-46
-1
57
18
23
48
21
40
43
31
84
20
24
48
44
88
-11
85
79
-29
109
37
32
117
16
55
79
77
70
9
79
43
55
77
46
89
22
100
91
18
95
32
84
111
30
119
76
97
85
36
131
40
126
90
90
160
1
91
56
122
112
19
127
29
65
37
11
76
-31
25
42
2
21
-72
-31
-13
-53
-43
-45
-33
-109
-22
-50
-143
-44
-81
-103
-72
-74
-104
-78
-86
-72
-65
-128
-57
-89
-129
-75
-91
-88
-103
-135
-100
-68
-112
-103
-77
-127
-59
-100
-168
-64
-90
-102
-34
-70
-70
-40
-81
-52
-5
-68
-20
-1
-56
16
-29
-78
9
-10
-31
13
-47
-21
13
-43
-52
-3
-2
-34
38
-14
-60
38
-54
-39
79
-64
4
59
-19
24
-11
-5
1
48
-2
-11
76
-11
20
34
27
59
23
52
105
84
71
82
89
106
114
143
114
135
176
111
133
180
80
163
189
80
214
83
113
199
39
150
144
58
46
102
93
31
115
48
10
60
-34
20
-13
-21
67
-73
1
42
-100
-68
-46
-62
-35
-50
-51
-73
-39
-64
-133
-22
-102
-132
-45
-91
-58
-89
-111
-72
-101
-62
-87
-106
-77
-97
-52
-90
-35
-49
-119
-19
-99
-31
-41
-125
17
-15
-71
-27
-42
-59
-16
-50
-13
14
-50
-22
11
-38
-47
29
-29
-57
1
-28
-30
8
-29
-57
-36
-5
-3
-50
-11
6
-45
-46
-47
-23
-33
-45
3
-1
-24
-23
-42
6
-5
-31
73
9
-1
42
8
53
50
74
72
73
133
55
73
123
84
117
104
127
117
130
135
73
148
124
103
148
104
119
155
97
87
133
84
88
89
105
86
26
112
93
-10
65
64
-4
41
52
5
-5
57
-44
-25
-4
-80
43
-39
-72
5
-84
-54
-47
-103
-63
-78
-57
-65
-80
-60
-98
-96
-67
-85
-98
-52
-104
-97
-25
-80
-96
-86
-64
-73
-101
-38
-76
-73
-15
-113
-52
-12
-99
-55
-68
-64
-29
-53
-65
-54
-18
-54
-49
-26
-92
-52
-37
-79
-34
-34
-55
-33
-37
-32
-53
-83
-42
-69
-67
-18
-31
-41
-33
-23
-64
-11
2
-69
3
-2
27
30
1
15
-3
73
21
27
59
51
118
14
70
152
10
56
95
71
86
99
121
92
133
93
53
129
78
87
104
86
146
99
89
118
96
88
58
102
134
58
84
73
61
105
48
84
58
30
74
20
34
22
31
20
-1
41
-18
-5
28
-26
-15
10
-16
-41
-30
-19
-44
-35
-37
-28
-29
-54
-52
-76
-40
-62
-109
-36
-33
-102
-97
-53
-89
-92
-74
-110
-37
-73
-126
-40
-101
-111
-65
-91
-63
-77
-101
-32
-64
-111
-65
-74
-71
-66
-77
-91
-64
-55
-85
-43
-80
-85
-46
-84
-38
-74
-90
-14
-77
-49
-35
-70
-4
-55
-56
4
-34
-22
-12
-11
31
2
-7
22
17
13
34
43
30
53
46
48
67
25
76
68
38
114
44
76
114
30
82
74
78
110
60
93
110
104
74
79
128
70
107
99
86
117
67
124
92
58
130
73
70
115
60
75
90
58
76
56
51
78
45
39
51
32
46
36
41
32
-9
31
31
-10
-3
19
23
-3
-25
18
-17
-54
-4
4
-50
-42
9
-74
-52
1
-85
-42
-37
-72
-38
-63
-74
-54
-61
-70
-60
-88
-64
-63
-85
-54
-64
-68
-68
-98
-74
-41
-76
-82
-56
-53
-92
-74
-61
-80
-44
-68
-67
-54
-61
-28
-94
-59
1
-93
-29
-24
-68
-21
-44
-18
-26
-37
-3
-9
-26
-33
12
-1
-24
32
-17
-25
25
2
11
-9
4
51
-11
28
45
-26
30
56
30
5
28
63
45
32
34
59
39
54
89
28
54
69
52
81
30
66
79
32
70
81
48
51
63
41
70
42
52
87
23
48
58
17
61
50
36
49
38
34
28
28
38
45
-10
62
40
-16
59
-18
19
47
-30
-1
5
16
-4
1
-5
-14
7
-35
-17
-21
-24
6
-31
-36
-23
-49
-28
-10
-17
-30
-56
-11
-24
-58
-32
-65
-58
-22
-34
-55
-52
-62
-42
-30
-63
-28
-63
-80
-19
-72
-69
-43
-62
-35
-53
-20
-52
-80
-10
-60
-44
-51
-48
-8
-64
-31
-50
-29
-10
-62
-12
-45
-36
-15
-43
-3
-34
-21
4
-23
-37
-20
-14
-39
23
-14
-26
40
-8
2
15
4
1
8
20
5
14
-13
33
52
-24
55
49
-8
28
17
40
22
23
50
39
40
16
42
31
14
65
53
26
60
58
23
38
35
40
52
46
58
33
41
67
50
32
30
84
20
14
83
25
33
44
45
47
15
51
28
10
44
24
41
30
1
39
17
2
24
11
40
-11
3
37
-31
22
-1
-21
42
-19
12
5
-57
15
5
-21
-22
16
-2
-54
13
-25
-48
-1
-28
-24
-1
-31
-25
-36
-41
-24
-38
-27
-58
-10
-27
-68
-15
-46
-36
-43
-49
-22
-52
-41
-26
-54
-38
-35
-43
-33
-47
-34
-25
-35
-30
-50
-24
-33
-58
8
-40
-43
6
-51
-36
0
-18
-30
-28
-33
-9
7
-39
-28
22
-12
-6
13
-21
-18
19
9
-11
22
18
-1
46
36
-18
25
17
20
38
36
49
26
57
22
38
58
11
57
45
52
61
46
58
44
62
42
28
69
48
59
49
50
84
16
43
74
22
57
45
46
59
11
48
43
46
49
23
57
48
6
18
42
17
18
37
13
24
32
-6
22
-4
-27
32
-32
-2
26
-41
-4
-29
-35
-30
-46
-23
-26
-36
-34
-30
-52
-51
-42
-50
-40
-47
-46
-44
-58
-40
-64
-70
-48
-45
-65
-70
-45
-75
-57
-60
-82
-43
-71
-77
-49
-89
-49
-63
-90
-36
-86
-60
-47
-77
-44
-70
-40
-50
-63
-27
-63
-55
-30
-63
-38
-17
-48
-30
-17
-34
-43
-17
-15
-33
-6
-19
-3
9
-43
25
42
-38
29
37
-15
54
17
18
64
25
63
28
40
67
24
79
44
62
76
44
82
54
67
55
71
81
41
99
79
64
89
40
111
76
23
104
75
75
73
72
73
64
86
51
61
56
43
73
63
55
30
33
65
51
24
27
38
34
24
37
33
10
9
17
34
-2
-11
21
26
-6
-8
-20
-2
2
-47
3
-13
-29
-21
-39
-2
-55
-67
-13
-60
-35
-30
-72
-47
-37
-59
-82
-43
-61
-86
-40
-66
-72
-59
-85
-50
-76
-76
-37
-88
-81
-58
-60
-73
-82
-42
-73
-63
-51
-68
-54
-65
-38
-69
-62
-25
-68
-34
-27
-43
-24
-40
-34
-31
-6
-26
-19
8
-16
-1
-9
-5
-3
-2
21
22
16
6
35
18
28
34
9
67
42
32
62
54
32
46
82
45
64
72
47
76
59
67
73
66
79
47
75
87
35
63
81
60
40
63
84
59
71
44
59
68
43
37
57
59
40
51
23
54
45
-10
30
36
18
41
8
20
25
-12
14
-12
2
-8
-5
28
-42
-4
-10
-25
-13
-46
-10
-47
-20
-18
-72
-13
-44
-48
-22
-67
-42
-64
-58
-43
-69
-52
-72
-66
-49
-68
-82
-60
-57
-70
-56
-65
-91
-51
-59
-93
-48
-72
-72
-40
-77
-51
-39
-77
-38
-48
-76
-27
-53
-45
-13
-56
-44
-27
-21
-41
-26
-14
-25
-13
-26
-17
4
-16
-12
-1
12
18
-11
18
3
29
24
-7
46
17
27
43
29
31
28
45
38
46
29
36
87
16
39
71
28
93
45
33
74
54
63
36
65
55
58
71
29
81
55
47
96
33
54
62
39
81
57
44
69
54
45
43
43
49
42
51
39
50
31
12
35
21
31
22
17
31
-1
2
5
11
3
-34
16
10
-45
1
-14
-36
-15
-36
-33
-34
-16
-47
-52
-13
-44
-45
-42
-43
-44
-51
-32
-35
-43
-40
-47
-44
-26
-67
-45
-22
-63
-22
-33
-48
-42
-38
-36
-36
-30
-33
-33
-47
-24
-23
-43
-15
-25
-49
-23
-7
-24
-32
-15
-20
-27
-8
-14
-9
-11
-18
-6
-12
4
-20
-3
3
-9
26
-15
-4
25
-21
8
13
-2
37
-8
8
35
-15
17
25
-13
30
27
8
25
38
12
0
36
4
32
43
3
38
23
17
42
21
22
20
27
36
27
29
12
28
24
18
37
10
21
31
12
23
11
6
15
11
26
9
4
14
-16
4
6
2
5
-17
9
7
-18
-13
-6
-8
-19
-7
-7
-10
-11
-21
-9
-20
-17
-7
-28
-11
-11
-25
-13
-21
-17
-37
-34
12
-30
-23
-3
-37
-24
-16
-27
-24
-13
-37
3
-7
-45
-1
-23
-17
-1
-19
-3
-12
-21
-11
-17
-3
-19
-22
3
-10
-7
-13
-13
-16
-10
4
-15
-2
-5
-7
8
-17
-16
5
-4
9
21
-11
0
2
-5
11
6
5
-2
26
23
-17
15
2
11
21
-3
34
19
6
31
18
17
25
20
26
40
31
24
33
19
42
56
8
36
52
10
31
43
9
26
39
23
29
32
17
4
29
21
16
32
3
28
19
13
35
-10
17
15
0
27
3
7
7
-2
17
-1
-2
-3
-18
0
-10
3
-23
-22
8
-36
-7
-14
-39
-5
-23
-15
-15
-30
-6
-22
-24
-7
-25
-12
-7
-14
-24
-16
-8
-26
-4
-18
-19
-5
-18
-3
-26
-22
-5
-20
-15
-12
-8
-16
-9
-15
-17
11
-17
-19
-2
-14
8
-15
-9
3
-20
6
-3
-14
3
-20
-12
15
-19
-10
-7
0
-2
-22
9
-10
-11
8
1
-9
5
5
-6
18
1
2
8
9
14
7
11
12
7
0
23
6
-13
23
8
-8
25
-5
-9
28
-7
-10
10
3
-7
5
16
-2
-3
5
5
1
4
3
7
3
9
18
-11
-4
23
-1
-3
8
-4
6
-3
-9
11
-13
-8
11
-5
-12
11
5
-22
6
11
-10
-7
6
10
-14
-1
11
-16
-4
11
-11
1
4
-19
16
-18
-16
21
-31
2
13
-36
6
-2
-24
0
-12
-17
-1
-5
-30
5
-2
-42
15
-11
-38
9
-10
-22
-19
-6
-10
-25
-17
-11
-10
-27
-19
-12
-30
-18
-13
-23
-26
-17
-12
-27
-16
-13
-18
-22
-17
-7
-10
-17
-12
-5
-8
-15
-10
1
-13
-5
9
-11
-6
5
5
-8
-4
19
4
-2
14
8
8
18
1
14
23
4
21
25
19
20
16
34
16
20
43
18
36
30
27
35
19
52
27
30
42
23
55
26
31
54
16
48
60
5
48
52
17
52
38
34
40
39
38
30
46
35
27
37
30
38
26
30
36
16
37
23
21
29
19
34
16
19
21
8
23
10
11
26
4
4
17
6
-8
6
4
-4
-1
-16
10
-9
-23
7
-25
-17
-20
-29
-15
-43
-28
-22
-48
-25
-37
-49
-39
-42
-44
-35
-48
-63
-31
-59
-68
-33
-63
-58
-48
-65
-41
-58
-64
-45
-54
-48
-60
-50
-48
-52
-40
-51
-48
-48
-39
-49
-42
-31
-50
-30
-32
-22
-21
-44
-9
-19
-43
-1
-22
-27
-3
-18
-6
-13
-2
0
-13
9
-6
12
7
-4
33
-2
8
23
12
27
7
36
24
10
41
22
25
31
30
43
34
36
39
25
43
39
38
26
33
63
16
43
56
24
56
30
38
54
17
50
47
19
48
43
27
41
42
30
26
39
33
14
39
35
16
25
18
19
18
17
11
20
15
-11
35
3
-26
33
-12
-10
12
-18
10
-13
-15
3
-30
-8
-3
-30
-11
-12
-28
-21
-28
-25
-26
-24
-28
-28
-27
-33
-25
-47
-26
-30
-49
-13
-42
-41
-12
-56
-33
-22
-47
-27
-34
-35
-30
-31
-43
-32
-27
-41
-21
-41
-26
-13
-46
-13
-20
-40
-13
-23
-26
-20
-13
-16
-16
-8
-9
-6
-19
-2
-3
-15
12
-10
1
22
-5
6
19
4
13
25
0
16
42
-4
17
48
5
26
36
15
39
31
18
49
30
23
53
16
31
55
16
36
47
23
34
37
29
37
39
29
38
40
22
37
32
17
33
32
24
30
29
34
29
20
32
19
11
21
26
12
10
27
4
10
30
-2
-1
26
1
-7
8
-3
5
-3
-18
12
-2
-22
-2
-14
-21
-10
-12
-24
-17
-10
-32
-10
-17
-36
-11
-26
-28
-19
-30
-29
-21
-27
-29
-19
-28
-29
-22
-29
-26
-33
-29
-18
-31
-27
-19
-31
-30
-24
-31
-29
-26
-20
-24
-30
-14
-19
-34
-16
-10
-29
-24
-10
-17
-15
-19
-11
-1
-17
-10
-6
-2
-10
-9
7
-4
4
10
7
12
7
24
21
0
18
31
11
9
40
20
21
45
22
34
32
17
38
21
16
40
21
23
38
26
26
36
32
22
29
27
20
24
9
19
29
12
18
21
13
24
26
14
16
23
12
12
11
4
11
1
-7
7
10
-10
2
4
-16
3
-11
-13
2
-14
-11
-14
-20
-17
-25
-29
-20
-15
-37
-26
-13
-32
-19
-23
-26
-21
-31
-24
-23
-30
-32
-34
-28
-37
-36
-29
-35
-22
-28
-37
-28
-31
-28
-36
-26
-27
-38
-29
-33
-22
-26
-35
-17
-26
-29
-14
-31
-17
-8
-26
-7
-9
-14
-9
-13
-5
-4
-6
-7
5
0
-6
14
-1
1
11
2
13
10
9
23
17
19
20
16
20
22
28
17
22
31
22
26
28
32
30
30
29
32
34
28
33
35
29
33
31
33
41
25
34
45
22
36
40
24
30
35
34
24
33
34
21
32
23
24
30
14
25
23
12
17
21
13
13
17
12
8
16
5
3
17
-3
6
5
-10
6
-5
-12
-3
-9
-9
-17
-16
-9
-16
-20
-21
-14
-13
-33
-24
-13
-26
-30
-24
-22
-23
-28
-30
-24
-29
-39
-32
-26
-31
-37
-33
-29
-30
-39
-36
-30
-41
-33
-27
-39
-28
-30
-31
-27
-35
-28
-23
-31
-25
-20
-23
-26
-20
-20
-21
-19
-17
-12
-20
-14
-6
-16
-11
-4
-5
-9
-7
-4
-1
0
0
0
6
4
7
9
5
9
13
10
14
21
13
19
23
13
24
25
19
29
27
25
33
28
24
37
31
27
39
30
28
36
33
30
35
36
33
35
33
30
40
31
31
38
26
34
32
28
35
27
25
29
30
25
31
25
20
31
21
24
17
18
20
8
20
15
9
15
12
11
6
8
7
2
1
-2
-1
-3
-8
-2
-6
-8
-7
-11
-12
-14
-15
-20
-14
-20
-22
-19
-25
-25
-22
-23
-26
-27
-25
-28
-31
-29
-28
-32
-34
-26
-32
-34
-28
-32
-32
-34
-26
-32
-38
-25
-35
-35
-27
-35
-28
-27
-32
-22
-23
-30
-20
-20
-30
-18
-20
-22
-16
-17
-13
-13
-16
-7
-10
-13
-4
-8
-9
-5
-3
-2
-1
-1
2
3
-3
1
7
2
3
5
8
4
6
9
7
8
9
9
10
10
14
11
6
13
15
8
10
17
14
11
14
12
12
12
12
13
12
15
11
12
13
10
16
11
12
12
13
13
5
17
15
7
11
9
8
8
11
9
7
13
9
3
9
6
4
6
-1
6
7
-1
3
4
3
-2
2
5
1
2
-1
1
2
2
3
-1
1
0
-1
2
-1
0
2
-4
-3
2
-2
-5
-2
-3
-4
-2
-3
-5
-6
-4
-4
-7
-6
-4
-4
-4
-6
-5
-1
-5
-3
-2
-4
-1
-4
-2
0
-5
-3
2
-6
-1
-1
-4
2
-2
-4
-2
-2
-2
0
-4
-2
-2
-2
0
-5
0
1
-6
1
0
-4
0
-2
-2
-1
-2
0
3
-1
0
4
-1
-1
2
2
3
1
2
4
5
4
3
6
4
7
4
5
10
5
6
7
4
7
4
5
8
5
6
6
6
5
4
4
2
5
5
3
3
4
2
4
1
1
4
0
1
3
2
3
2
2
4
-2
0
5
0
2
3
0
0
1
-2
-1
0
-2
0
2
-2
-1
1
-2
-1
0
-3
-1
-1
-4
-2
-3
-4
-3
-5
-6
-5
-5
-4
-5
-3
-4
-6
-4
-3
-6
-6
-3
-5
-7
-6
-8
-9
-6
-7
-7
-4
-6
-6
-4
-7
-4
-5
-5
-4
-6
-3
-5
-6
-5
-5
-3
-6
-5
-3
-5
0
-2
-3
1
0
-1
1
1
0
1
-2
-2
3
-4
-2
1
-3
0
0
0
4
2
2
4
7
6
4
6
7
6
9
7
6
6
5
5
5
5
8
7
4
7
8
4
6
7
4
8
6
4
9
6
6
6
4
6
4
4
5
4
2
2
2
2
2
1
1
3
2
2
4
3
2
3
0
1
0
0
0
-3
-1
-2
-4
-4
-4
-5
-7
-7
-6
-7
-7
-7
-5
-8
-9
-8
-11
-9
-9
-10
-10
-10
-11
-11
-11
-12
-11
-13
-13
-12
-13
-12
-10
-11
-9
-9
-11
-9
-6
-8
-6
-5
-8
-3
-4
-3
-2
-4
-2
-4
-2
1
-2
1
3
0
0
3
0
-1
5
0
1
5
1
5
6
3
5
5
2
6
8
5
8
8
7
8
8
7
5
8
7
7
10
7
8
10
8
8
9
8
8
8
8
6
6
7
5
4
4
2
3
4
4
5
5
6
6
6
8
6
8
8
5
7
6
3
4
3
2
3
0
2
3
3
4
5
6
4
5
6
4
5
5
1
3
3
0
1
0
-4
-2
-1
-4
-4
-2
-4
-2
-1
-6
-3
-2
-4
-2
-6
-5
-3
-6
-6
-6
-6
-6
-10
-8
-8
-9
-4
-6
-9
-5
-6
-6
-5
-6
-7
-6
-8
-8
-5
-7
-7
-5
-6
-5
-5
-6
-5
-5
-5
-5
-6
-6
-6
-4
-3
-3
-2
-3
-4
-2
-3
-3
0
-2
0
3
0
1
3
1
3
4
4
4
5
7
7
7
9
9
10
11
12
13
13
12
13
15
15
14
16
15
14
15
15
14
14
14
15
15
15
15
16
16
14
14
14
12
12
11
10
9
9
9
6
5
5
3
5
4
1
1
0
-1
-1
-1
-3
-1
-3
-4
-3
-5
-6
-6
-9
-9
-9
-11
-10
-10
-10
-12
-11
-10
-11
-10
-11
-13
-11
-12
-12
-11
-13
-12
-10
-11
-12
-12
-11
-11
-11
-12
-12
-12
-11
-10
-11
-10
-11
-11
-11
-10
-10
-10
-10
-12
-10
-9
-10
-10
-10
-9
-8
-8
-9
-8
-6
-5
-6
-7
-7
-5
-5
-5
-5
-3
-4
-2
-3
-3
-2
-2
-1
0
0
0
2
2
3
5
5
4
5
4
3
3
4
5
5
5
5
5
4
6
5
5
4
3
5
4
6
6
3
6
5
5
5
5
4
6
4
4
5
2
4
3
1
2
2
1
3
3
2
1
2
1
2
1
1
1
1
2
3
0
3
2
1
2
0
0
2
1
1
1
0
1
1
1
1
0
0
0
0
0
1
0
0
1
0
-1
-2
-2
-2
-2
-2
-2
-2
-3
-3
-3
-4
-5
-3
-4
-5
-5
-5
-5
-5
-5
-7
-6
-7
-6
-5
-7
-7
-6
-7
-6
-6
-6
-5
-7
-6
-5
-5
-5
-3
-4
-2
-3
-4
-3
-2
-1
-1
-1
-2
0
1
0
2
1
2
3
3
5
4
5
6
7
8
9
9
9
11
11
12
12
11
13
14
14
15
14
15
16
16
16
16
16
17
17
17
18
18
17
16
16
17
16
17
16
16
15
14
14
13
13
13
12
11
9
11
10
9
9
8
8
6
5
5
3
3
2
1
1
0
-2
-3
-2
-4
-5
-5
-6
-6
-7
-7
-8
-10
-11
-10
-10
-12
-12
-12
-14
-14
-15
-15
-13
-15
-15
-14
-15
-15
-15
-15
-14
-15
-16
-14
-14
-14
-15
-15
-15
-15
-14
-13
-13
-13
-12
-12
-11
-9
-9
-10
-9
-8
-9
-8
-7
-7
-5
-5
-5
-3
-2
-3
-2
-2
0
0
1
2
2
3
2
3
3
2
3
2
3
2
4
5
4
5
4
5
4
5
4
6
6
4
4
4
4
4
3
4
3
4
4
5
4
4
4
2
2
2
1
1
0
0
0
0
1
0
0
1
0
-1
0
1
1
1
1
2
2
1
0
1
0
1
0
1
1
2
1
-1
0
0
-1
-1
-2
-2
-2
-2
0
-1
0
1
0
1
0
0
-1
0
0
-1
0
-1
-2
-1
-3
-2
-3
-3
-3
-3
-3
-3
-3
-2
-3
-3
-3
-2
-3
-4
-3
-4
-4
-5
-5
-5
-5
-4
-4
-4
-3
-3
-3
-2
-2
-1
-2
-3
-2
-2
-3
-3
-2
-1
0
-1
-1
1
1
0
1
2
2
1
2
2
3
3
3
1
2
3
3
3
4
3
4
3
2
3
4
3
2
3
3
3
3
4
4
4
4
3
4
4
2
2
1
2
1
2
1
3
4
3
3
3
2
3
2
2
3
2
1
2
2
2
2
3
3
3
3
4
4
2
2
2
2
2
2
3
2
2
3
2
2
2
2
1
1
1
1
1
1
0
0
0
-1
0
0
0
0
-1
-1
-2
-1
-1
-1
-1
-1
-1
-1
0
-1
-2
-1
-1
-1
-1
-1
-2
-2
-2
-3
-1
-2
-1
-1
-1
0
1
-1
-1
-1
0
0
0
-1
0
-1
-2
-2
-1
-1
0
0
1
1
-1
-1
1
0
0
0
0
0
0
0
-1
-1
-1
0
0
1
0
1
1
0
0
0
-1
0
0
0
-1
-1
0
0
0
-1
-1
0
1
0
0
0
0
1
-1
-1
0
0
0
0
-1
1
0
-2
-1
0
-1
0
-1
-1
-1
-1
-1
-1
0
0
0
0
-2
-1
-1
-1
-1
-2
-1
-1
0
-1
0
0
1
0
0
-1
0
0
-1
0
-2
0
0
-1
0
0
-1
-1
0
0
0
0
0
-1
-1
0
1
0
-2
-2
-2
-1
-2
-3
-2
-3
-4
-4
-3
-3
-3
-2
-3
