-1
0
0
0
0
1
-1
-1
1
1
1
1
1
0
0
1
1
1
1
1
2
1
1
1
1
2
1
2
1
1
0
1
1
1
1
0
0
1
0
1
1
1
1
0
0
0
0
0
0
0
0
-1
-1
-2
-1
-2
-2
-1
-2
-1
-2
-2
-1
-2
-2
-1
-3
-2
-2
-2
-2
-1
-1
-1
-2
-1
-1
-2
-1
-2
-1
-1
-1
0
0
0
0
0
0
1
1
1
1
1
0
0
0
0
1
0
0
1
1
1
0
0
0
0
0
0
0
0
0
-1
-2
-2
-1
-2
-2
-2
-2
-3
-3
-2
-2
-1
-1
-2
-2
-1
-1
-1
0
1
2
3
3
4
3
5
5
6
7
8
10
10
10
11
12
13
15
15
16
16
16
15
15
18
18
17
15
14
15
15
14
12
12
12
11
10
8
8
6
7
7
4
4
2
2
3
1
0
0
0
1
0
0
-3
-4
-5
-4
-3
-6
-8
-9
-9
-9
-10
-12
-15
-17
-18
-18
-17
-18
-21
-22
-25
-26
-26
-27
-29
-30
-30
-31
-31
-35
-37
-36
-36
-35
-37
-37
-35
-38
-40
-42
-41
-40
-40
-41
-41
-38
-39
-41
-44
-43
-41
-38
-36
-38
-38
-40
-38
-36
-30
-29
-29
-27
-24
-19
-15
-10
1
6
8
7
16
29
37
43
48
58
65
66
70
78
87
93
96
103
104
102
101
99
105
105
101
98
94
93
85
78
73
70
65
57
54
52
44
38
35
33
32
24
18
19
18
17
13
12
13
12
13
12
17
18
17
18
17
20
21
19
20
20
21
22
19
21
19
16
16
14
14
9
6
5
1
-2
-11
-16
-19
-23
-30
-37
-42
-45
-51
-63
-68
-73
-74
-84
-91
-95
-102
-107
-121
-120
-119
-119
-125
-133
-141
-150
-144
-145
-140
-148
-158
-163
-166
-162
-169
-166
-152
-131
-108
-111
-107
-106
-110
-86
-63
-32
-11
-3
20
36
49
48
50
79
107
130
131
116
111
102
114
136
136
125
98
80
78
76
71
58
44
31
14
8
-3
-12
-10
-24
-23
-31
-51
-56
-64
-49
-31
-30
-29
-38
-40
-35
-19
9
20
29
35
41
65
73
90
109
120
143
153
164
174
179
190
199
209
215
210
210
204
201
209
202
199
186
167
162
148
141
134
120
107
87
77
64
51
41
25
16
6
-7
-14
-29
-35
-36
-46
-49
-61
-73
-79
-88
-83
-85
-88
-94
-108
-106
-107
-109
-109
-118
-117
-116
-121
-127
-142
-152
-153
-157
-152
-160
-165
-176
-196
-211
-227
-234
-242
-260
-267
-259
-244
-226
-253
-261
-267
-248
-221
-225
-205
-191
-152
-121
-121
-111
-109
-81
-28
17
57
61
51
65
86
126
144
145
152
146
155
152
142
136
117
119
120
107
95
66
59
57
47
39
8
-9
-18
-28
-20
-30
-44
-70
-101
-97
-89
-75
-68
-79
-72
-71
-68
-58
-53
-25
-3
24
46
53
78
101
138
183
208
230
245
271
310
339
366
378
391
403
406
414
417
429
438
432
414
381
355
341
337
323
291
250
206
177
158
142
118
75
31
-3
-25
-42
-61
-75
-93
-113
-131
-157
-171
-176
-173
-164
-168
-179
-196
-207
-200
-181
-167
-163
-173
-179
-176
-167
-155
-152
-156
-168
-181
-186
-187
-185
-194
-204
-226
-246
-264
-280
-292
-317
-338
-365
-387
-393
-389
-362
-345
-365
-403
-422
-402
-365
-344
-303
-250
-203
-191
-209
-182
-138
-68
-2
47
79
63
66
106
166
219
220
211
212
211
222
219
222
223
206
196
169
138
113
86
93
96
79
41
-12
-31
-37
-38
-36
-55
-71
-92
-103
-94
-91
-82
-82
-81
-65
-59
-45
-28
-10
33
63
92
108
118
151
183
238
289
322
348
358
385
405
437
471
500
514
519
526
522
520
507
507
504
485
460
430
405
375
341
311
274
229
180
136
113
85
55
17
-29
-61
-97
-117
-128
-140
-149
-172
-186
-197
-214
-216
-213
-200
-197
-202
-198
-201
-200
-198
-194
-184
-177
-180
-184
-188
-182
-187
-203
-221
-235
-232
-247
-262
-285
-306
-321
-362
-381
-412
-435
-483
-534
-519
-487
-424
-449
-508
-538
-532
-475
-488
-462
-384
-282
-204
-235
-254
-238
-179
-58
41
120
117
67
93
162
247
274
259
290
296
291
263
225
246
242
252
251
196
140
67
64
109
115
91
12
-47
-55
-59
-33
-34
-54
-72
-116
-117
-116
-110
-76
-75
-45
-35
-37
-34
-46
-1
57
114
152
148
149
162
196
270
325
361
371
378
419
439
468
495
513
534
522
522
525
515
510
493
499
493
451
409
368
354
340
311
278
223
167
122
96
89
67
30
-16
-60
-86
-111
-126
-137
-150
-153
-171
-184
-201
-212
-212
-203
-189
-189
-199
-211
-216
-206
-191
-183
-189
-199
-204
-198
-190
-186
-208
-229
-247
-259
-284
-314
-322
-335
-341
-378
-424
-478
-549
-578
-622
-595
-544
-501
-482
-578
-593
-597
-544
-506
-493
-343
-240
-158
-183
-222
-151
-98
28
148
243
291
220
215
271
337
395
375
389
391
335
306
255
264
261
222
220
151
100
39
-1
34
27
10
-53
-124
-135
-134
-102
-69
-82
-93
-130
-144
-111
-92
-23
6
23
50
23
42
46
97
178
230
284
277
264
262
286
361
426
463
476
456
452
462
473
519
531
532
513
488
495
468
453
433
427
431
397
358
311
287
283
263
237
189
129
88
73
73
63
21
-22
-63
-93
-109
-122
-121
-126
-134
-151
-177
-193
-208
-207
-194
-175
-166
-184
-216
-226
-208
-185
-175
-189
-187
-195
-200
-212
-222
-225
-263
-290
-308
-315
-338
-393
-435
-467
-492
-557
-633
-706
-720
-652
-562
-521
-611
-665
-663
-602
-587
-581
-446
-292
-163
-176
-205
-173
-140
-39
97
255
322
255
226
262
314
337
331
372
386
335
278
216
190
142
118
152
120
61
-39
-85
-58
-65
-63
-96
-130
-148
-165
-131
-97
-74
-63
-84
-82
-56
-21
36
62
99
141
148
153
129
158
214
270
331
349
346
295
267
296
363
414
432
431
418
401
361
381
409
430
424
392
400
372
354
324
309
335
327
325
288
240
211
191
208
196
151
106
64
51
42
19
-2
-49
-85
-100
-112
-122
-153
-160
-157
-162
-169
-188
-188
-189
-182
-165
-154
-155
-165
-160
-140
-132
-129
-130
-135
-144
-156
-156
-159
-185
-236
-281
-318
-348
-372
-403
-445
-526
-613
-702
-733
-655
-552
-507
-570
-610
-594
-603
-644
-601
-378
-126
-32
-75
-115
-108
-70
23
208
388
433
382
337
341
325
294
334
415
454
372
246
150
86
58
56
70
54
-13
-90
-135
-151
-146
-146
-144
-144
-144
-135
-128
-98
-61
-28
-4
4
32
82
145
186
219
244
261
259
247
273
311
355
378
388
371
328
299
295
329
361
364
348
324
289
304
347
385
369
315
323
317
322
301
305
365
369
368
290
238
218
202
273
288
257
157
46
26
13
21
-1
-49
-85
-158
-202
-241
-273
-265
-266
-242
-237
-280
-296
-313
-278
-226
-190
-163
-170
-164
-150
-123
-82
-66
-57
-78
-97
-98
-106
-126
-168
-219
-266
-306
-376
-434
-511
-561
-644
-719
-755
-721
-625
-646
-654
-671
-602
-606
-690
-634
-467
-185
-93
-63
-45
-53
-11
5
180
357
445
477
435
407
314
228
265
336
388
344
231
130
-26
-110
-111
-78
-18
-73
-122
-197
-276
-284
-276
-187
-128
-86
-61
-81
-81
-71
-8
89
171
243
291
296
303
312
355
421
438
468
460
465
449
404
421
410
435
417
396
390
339
324
298
341
400
409
359
295
304
330
341
331
334
367
386
359
298
256
252
277
305
300
233
138
50
12
7
-17
-66
-144
-204
-259
-305
-346
-400
-428
-445
-426
-408
-416
-419
-427
-399
-361
-317
-271
-237
-197
-162
-105
-59
-36
-28
-21
-9
1
-20
-58
-90
-150
-177
-222
-264
-344
-470
-574
-723
-762
-734
-608
-531
-630
-670
-672
-597
-667
-762
-599
-296
-17
-4
-46
-36
-40
-1
85
302
482
503
502
474
414
281
164
223
338
391
319
140
-35
-214
-274
-234
-166
-103
-139
-186
-272
-352
-368
-337
-215
-88
7
33
-1
-21
-10
56
168
304
424
469
435
409
408
441
476
512
563
564
533
473
427
395
358
370
392
418
404
360
333
307
326
356
380
408
411
448
471
462
441
412
437
452
465
475
442
402
317
253
223
184
143
58
-6
-75
-178
-268
-356
-394
-437
-480
-496
-548
-594
-648
-645
-582
-534
-489
-468
-429
-416
-401
-335
-254
-172
-119
-69
-34
-21
-14
11
28
23
4
-32
-98
-205
-276
-305
-313
-392
-521
-683
-808
-797
-693
-582
-570
-557
-518
-546
-683
-778
-601
-252
31
137
142
115
29
-44
38
270
489
582
581
511
342
122
3
58
212
288
240
58
-180
-377
-473
-419
-306
-202
-167
-219
-310
-397
-420
-371
-242
-44
120
177
130
82
89
156
270
426
563
620
589
519
474
461
479
515
551
564
523
456
376
320
293
295
340
399
435
410
349
320
349
420
496
552
622
666
683
667
634
631
639
683
726
734
680
554
434
347
310
285
222
140
16
-111
-238
-351
-421
-475
-505
-532
-572
-626
-695
-737
-723
-655
-569
-508
-478
-469
-460
-427
-355
-260
-166
-101
-79
-106
-143
-138
-113
-87
-101
-145
-202
-311
-432
-538
-567
-570
-611
-725
-896
-956
-899
-762
-674
-617
-520
-489
-589
-724
-658
-357
-26
177
262
266
166
19
-5
151
375
524
564
508
329
59
-143
-176
-64
48
67
-29
-234
-475
-648
-673
-556
-390
-245
-195
-247
-340
-404
-370
-237
-34
167
301
333
293
239
233
303
445
595
688
691
612
513
421
386
401
432
456
436
379
294
218
173
186
274
392
477
479
451
455
506
574
642
738
842
924
940
908
887
871
874
877
874
856
789
690
558
431
313
211
137
56
-20
-125
-249
-372
-481
-526
-547
-552
-561
-575
-580
-599
-594
-562
-499
-428
-380
-342
-338
-332
-300
-261
-218
-196
-174
-169
-199
-233
-291
-343
-383
-419
-459
-530
-597
-686
-775
-850
-929
-963
-972
-890
-773
-676
-579
-500
-427
-472
-535
-470
-232
65
244
328
351
314
207
98
94
206
355
471
477
311
4
-298
-424
-379
-274
-212
-246
-366
-577
-747
-813
-751
-601
-425
-241
-146
-145
-213
-252
-185
-2
257
470
569
549
477
419
403
461
576
691
721
655
547
431
317
232
210
246
284
274
223
141
79
95
189
320
438
544
618
658
696
749
851
956
1065
1166
1207
1210
1170
1121
1068
1018
996
973
920
801
647
485
318
174
76
16
-42
-130
-222
-310
-401
-466
-494
-467
-422
-382
-343
-337
-334
-333
-302
-244
-186
-138
-152
-192
-224
-242
-252
-283
-294
-307
-348
-425
-539
-643
-723
-792
-820
-838
-845
-902
-1009
-1116
-1234
-1268
-1188
-942
-706
-549
-395
-310
-363
-595
-636
-313
140
440
526
600
581
346
-2
-148
31
284
467
525
406
24
-496
-797
-759
-589
-481
-453
-465
-604
-884
-1124
-1169
-990
-700
-376
-108
-24
-119
-284
-316
-155
127
440
654
744
677
524
381
324
382
486
616
662
600
428
191
7
-92
-55
52
141
168
125
68
17
36
134
323
539
703
823
888
955
986
1025
1109
1242
1372
1419
1405
1327
1210
1065
949
901
872
813
695
547
374
177
-1
-116
-145
-143
-153
-184
-237
-300
-352
-355
-280
-165
-61
-5
12
30
35
36
36
55
81
62
17
-64
-176
-296
-362
-367
-405
-525
-670
-787
-887
-979
-1047
-1043
-1039
-1075
-1163
-1261
-1355
-1393
-1210
-891
-565
-378
-295
-303
-471
-586
-476
-79
338
630
801
773
525
77
-220
-189
76
371
505
441
104
-412
-840
-984
-861
-680
-535
-478
-558
-800
-1120
-1290
-1214
-921
-524
-182
17
4
-155
-284
-245
-6
297
569
735
757
641
424
253
185
249
391
504
537
420
206
-31
-211
-247
-165
-21
98
185
228
225
192
197
322
535
755
938
1082
1174
1203
1182
1185
1236
1321
1394
1437
1424
1309
1140
961
851
774
692
610
500
393
249
101
-27
-123
-154
-138
-82
-44
-33
-42
-68
-65
-16
83
171
228
280
312
277
181
98
81
78
45
-13
-74
-165
-312
-470
-609
-697
-750
-783
-825
-911
-1013
-1120
-1190
-1226
-1250
-1244
-1142
-924
-703
-511
-361
-313
-446
-620
-569
-279
45
244
408
527
477
188
-190
-367
-299
-75
150
246
107
-285
-712
-960
-983
-908
-799
-659
-561
-614
-816
-1022
-1115
-1045
-810
-456
-123
49
29
-91
-188
-183
-51
169
400
544
548
430
254
86
-32
-25
80
195
241
185
53
-135
-290
-344
-260
-81
106
263
377
439
401
335
367
557
827
1082
1279
1364
1315
1184
1068
1035
1095
1211
1318
1354
1250
1029
772
574
485
489
537
545
473
321
146
-1
-82
-54
50
170
249
275
238
176
141
170
248
329
410
452
413
295
167
84
22
-33
-72
-82
-114
-207
-382
-593
-742
-809
-813
-792
-779
-803
-893
-1025
-1142
-1200
-1075
-811
-495
-228
-55
-41
-287
-567
-635
-383
2
335
572
602
369
-87
-504
-631
-481
-214
19
111
-50
-459
-931
-1197
-1229
-1113
-910
-684
-540
-618
-838
-1045
-1109
-1002
-756
-410
-106
49
28
-69
-152
-183
-128
5
192
333
360
260
87
-97
-241
-289
-239
-133
-53
-47
-120
-258
-385
-442
-378
-212
-18
163
311
405
436
453
517
638
810
1016
1205
1304
1288
1206
1113
1059
1060
1081
1075
1034
960
861
753
636
529
435
391
387
376
332
259
201
179
205
260
336
402
454
497
531
575
599
585
549
548
580
571
507
415
325
195
57
-40
-108
-186
-288
-361
-432
-547
-682
-765
-804
-847
-893
-923
-910
-937
-907
-734
-463
-167
12
83
-35
-255
-354
-204
119
388
598
702
585
184
-348
-639
-609
-398
-163
-30
-106
-465
-949
-1284
-1391
-1352
-1219
-1000
-777
-703
-825
-1040
-1180
-1161
-950
-592
-218
32
86
26
-69
-139
-148
-97
33
184
274
229
71
-129
-322
-449
-478
-397
-296
-269
-316
-416
-521
-591
-586
-468
-277
-70
128
287
381
389
381
445
620
864
1084
1232
1260
1209
1120
1014
933
881
870
872
848
793
679
519
354
237
201
218
243
253
240
208
184
197
239
313
407
514
637
737
809
848
841
823
823
851
865
834
775
685
559
397
256
171
97
7
-112
-209
-291
-397
-537
-669
-722
-721
-705
-703
-731
-758
-695
-537
-323
-91
115
232
154
-27
-130
-59
163
433
675
756
583
204
-226
-501
-560
-443
-253
-149
-247
-583
-999
-1293
-1440
-1455
-1366
-1172
-976
-942
-1039
-1164
-1224
-1200
-1050
-748
-396
-152
-92
-125
-167
-179
-180
-143
-37
62
90
14
-104
-229
-369
-485
-535
-500
-447
-436
-484
-554
-593
-586
-527
-436
-319
-166
-23
78
163
280
403
518
648
792
914
977
1005
1009
1007
1007
987
932
847
737
616
504
423
373
322
250
178
118
67
20
-9
3
74
178
276
349
392
428
472
539
656
795
904
953
948
929
884
812
752
711
663
593
522
453
333
157
-12
-129
-203
-268
-319
-348
-382
-467
-589
-642
-551
-372
-175
35
262
395
311
122
42
153
372
616
861
995
887
520
102
-144
-204
-153
-53
18
-78
-387
-768
-1064
-1273
-1412
-1418
-1267
-1092
-1039
-1112
-1241
-1345
-1373
-1245
-971
-683
-476
-358
-287
-270
-282
-277
-225
-152
-87
-18
6
-56
-197
-348
-440
-495
-524
-537
-537
-559
-613
-647
-650
-635
-599
-519
-398
-276
-172
-65
59
172
259
355
496
649
759
801
810
822
842
857
851
814
725
602
480
380
302
228
151
81
27
-33
-98
-159
-188
-161
-93
0
82
141
172
201
263
366
499
621
727
792
808
797
778
766
736
711
709
697
631
500
372
256
149
62
7
-28
-82
-176
-277
-360
-395
-304
-126
79
266
402
453
364
246
249
415
672
924
1154
1225
1081
779
477
339
304
348
412
414
271
-48
-386
-662
-868
-1007
-1038
-968
-932
-979
-1092
-1194
-1272
-1296
-1211
-1028
-819
-686
-590
-504
-457
-451
-440
-365
-276
-214
-179
-163
-183
-258
-348
-421
-470
-510
-538
-561
-587
-648
-700
-707
-693
-660
-616
-530
-430
-349
-285
-229
-138
-23
115
245
351
432
475
512
563
619
647
654
653
635
581
494
396
290
207
157
125
70
-24
-123
-206
-256
-274
-247
-189
-144
-114
-78
-18
39
88
162
265
366
438
500
550
580
578
563
568
564
533
478
437
415
364
288
217
126
22
-66
-102
-130
-199
-212
-89
129
295
358
386
363
316
295
388
612
848
1065
1201
1215
1068
797
611
594
696
786
799
717
513
232
-41
-234
-393
-518
-565
-547
-553
-652
-809
-952
-1038
-1043
-960
-823
-702
-616
-553
-509
-492
-489
-461
-412
-362
-300
-219
-173
-219
-324
-404
-431
-438
-420
-393
-418
-516
-616
-651
-653
-630
-578
-508
-438
-384
-350
-361
-365
-306
-163
20
165
218
185
153
173
233
300
357
397
407
396
357
290
194
123
101
108
107
53
-53
-191
-300
-347
-332
-289
-253
-242
-242
-232
-210
-173
-117
-46
35
115
190
244
274
294
312
334
354
365
369
343
292
252
245
217
134
60
19
-18
-61
-96
-132
-168
-124
22
198
322
380
385
335
292
325
470
685
919
1116
1192
1115
920
754
702
740
817
887
920
833
624
391
188
14
-135
-193
-159
-141
-216
-354
-492
-612
-700
-714
-643
-536
-449
-398
-372
-365
-391
-419
-405
-341
-271
-226
-200
-187
-197
-232
-266
-278
-283
-304
-325
-330
-336
-358
-391
-420
-455
-468
-435
-372
-304
-254
-221
-198
-177
-134
-68
0
45
74
109
160
196
193
167
141
136
146
172
185
155
96
44
7
-46
-113
-174
-227
-275
-310
-324
-334
-358
-391
-394
-358
-309
-265
-224
-181
-159
-139
-92
-16
44
72
105
132
125
78
64
102
143
162
152
119
46
-23
-74
-103
-124
-142
-158
-178
-137
-49
75
191
255
252
196
175
191
292
486
731
936
1003
964
831
687
619
658
775
875
921
869
734
553
370
215
98
55
63
78
36
-68
-212
-355
-444
-465
-422
-363
-309
-273
-263
-283
-308
-308
-292
-265
-231
-160
-98
-81
-105
-139
-152
-169
-168
-137
-87
-64
-86
-117
-181
-263
-326
-295
-200
-124
-70
-58
-76
-135
-155
-111
-42
19
63
120
149
139
92
56
65
88
131
176
210
178
97
31
9
8
-20
-48
-90
-148
-208
-251
-280
-328
-364
-372
-343
-315
-302
-308
-331
-332
-314
-252
-170
-103
-78
-80
-69
-83
-109
-108
-68
-16
31
82
79
10
-69
-117
-132
-104
-72
-76
-104
-162
-268
-375
-362
-244
-81
82
171
171
84
-8
-46
14
190
415
638
778
795
699
548
443
424
502
640
764
820
783
632
426
254
134
89
102
154
174
110
-15
-160
-278
-362
-381
-335
-249
-163
-135
-155
-194
-263
-336
-338
-259
-153
-62
-4
-5
-68
-133
-158
-133
-78
-12
48
65
43
-8
-74
-128
-135
-98
-34
40
71
56
8
-39
-65
-74
-45
10
74
119
135
108
64
43
44
76
131
191
221
208
161
105
54
5
-16
-15
-11
-28
-76
-127
-173
-205
-242
-244
-206
-198
-214
-239
-238
-261
-302
-255
-177
-162
-190
-191
-184
-201
-172
-167
-143
-50
-27
-54
-106
-112
-130
-172
-132
-81
-61
-88
-103
-106
-149
-191
-224
-226
-195
-167
-105
-30
37
77
64
49
38
41
60
125
246
338
397
427
418
358
292
290
332
388
442
483
480
419
348
285
227
192
175
164
156
139
93
27
-25
-75
-119
-134
-115
-92
-90
-85
-83
-113
-156
-179
-176
-156
-120
-65
-26
-19
-31
-39
-38
-31
-8
28
66
91
94
79
42
8
0
20
55
90
108
94
66
48
45
51
71
94
108
131
141
143
127
101
112
110
134
172
174
124
68
58
41
24
45
64
62
37
18
-26
-99
-127
-122
-127
-148
-143
-136
-218
-284
-275
-305
-325
-298
-266
-256
-253
-269
-298
-361
-345
-279
-296
-225
-131
-167
-185
-120
-132
-179
-97
-20
7
90
113
119
101
49
93
67
93
179
115
78
54
-14
-72
-99
-84
-62
-13
2
-41
-92
-136
-171
-195
-162
-78
14
78
80
83
71
48
86
135
204
264
274
290
285
235
200
162
143
169
174
155
132
76
13
-16
-33
-43
-45
-55
-56
-76
-112
-109
-106
-96
-53
-10
22
35
23
16
20
48
102
143
175
198
199
201
202
203
191
174
199
221
204
181
132
94
64
20
74
93
44
37
72
30
-16
17
35
27
23
101
109
40
97
109
3
29
129
27
3
115
16
-68
-64
-74
-165
-250
-176
-237
-340
-301
-348
-395
-432
-441
-437
-414
-427
-428
-380
-398
-331
-276
-248
-199
-121
-65
-62
-11
95
92
32
152
232
104
199
275
114
146
129
84
62
-5
78
-26
-81
15
-138
-195
-167
-177
-191
-241
-197
-190
-222
-192
-154
-156
-175
-141
-115
-110
-62
-78
-82
-54
-15
31
-8
1
73
23
1
43
53
90
74
93
120
56
63
109
89
109
132
142
161
157
163
149
153
188
187
197
241
262
255
292
290
275
312
312
313
316
299
266
248
265
235
170
219
233
145
145
196
128
79
125
115
60
66
94
28
42
119
32
-43
58
62
-57
4
62
-58
-53
-41
-134
-115
-94
-162
-158
-132
-201
-218
-159
-226
-277
-197
-231
-243
-222
-225
-235
-230
-138
-139
-154
-43
-15
-113
-32
71
-25
-2
70
53
79
34
75
107
-4
-5
31
9
-83
-35
-41
-144
-91
-132
-134
-109
-172
-168
-168
-160
-122
-91
-83
-97
-54
-106
-163
-30
-75
-108
-3
-5
-9
-37
-28
-19
-90
-112
-99
-35
-25
-68
-21
-83
-163
-133
-129
-113
-93
-45
-17
-65
-23
-43
-117
-24
24
-5
95
197
178
101
143
177
65
212
300
209
326
302
225
238
208
156
120
230
199
151
252
152
111
115
88
141
143
158
137
156
157
87
142
142
58
100
119
114
133
82
40
75
16
-44
-23
-46
-70
-118
-159
-131
-135
-197
-251
-177
-189
-252
-172
-234
-171
-140
-182
-105
-89
-56
-103
-53
35
-30
70
87
59
115
39
58
74
22
36
41
99
20
-12
67
-124
-123
-107
-129
-61
-129
-70
-119
-189
-118
-212
-207
-112
-74
-59
-121
-6
-64
-158
-13
-86
-46
26
-22
51
0
-14
-57
-61
-10
-98
14
-42
-132
-12
-180
-223
-103
-148
-136
-103
-83
-110
-122
-109
-167
-80
-47
-43
70
43
82
83
60
103
101
186
196
215
250
240
219
175
172
151
138
170
163
129
131
157
69
14
100
66
34
93
87
99
92
58
96
99
73
57
144
138
66
144
141
69
65
66
47
28
37
38
-6
-34
-3
-69
-134
-69
-97
-133
-113
-65
-79
-135
-123
-87
-81
-133
-37
13
-82
2
26
-7
73
14
31
91
16
35
54
3
2
60
-7
-52
8
-90
-123
-128
-162
-134
-200
-169
-158
-196
-174
-177
-153
-204
-125
-96
-181
-6
-16
-135
3
11
-18
33
5
60
91
39
65
96
31
44
54
-54
28
58
-126
-7
55
-111
-25
-10
-112
-21
-33
-111
31
33
-45
61
56
-30
53
92
46
175
189
121
264
250
98
219
245
130
202
228
173
159
140
131
125
44
43
96
98
40
54
79
23
36
26
53
77
37
121
68
12
119
-10
-3
118
19
24
9
42
36
-70
21
-16
-61
-5
-45
-21
-71
-111
-71
-122
-54
-87
-115
-7
-52
-68
-55
-20
-15
-84
30
23
-13
39
-61
1
-16
-89
19
-41
-33
-32
-120
-85
-159
-167
-160
-192
-162
-183
-209
-224
-203
-269
-278
-213
-259
-215
-143
-176
-148
-136
-175
-111
-76
-118
-96
-26
-4
-19
-28
22
-16
-48
41
-80
-29
59
-87
10
24
-40
-10
-1
-2
-46
55
51
0
90
-17
73
113
-9
167
142
75
140
161
199
152
171
163
143
251
148
156
198
131
178
78
168
177
-15
153
143
94
155
86
145
97
103
148
78
201
156
92
221
133
178
152
57
203
153
84
96
140
100
-24
99
76
-11
56
-36
10
-20
-96
15
-87
-41
-15
-92
17
-59
-82
-16
-46
-30
-72
12
38
-82
27
-6
-67
11
-64
-61
-83
-47
18
-162
-118
-71
-227
-168
-114
-188
-252
-203
-159
-303
-206
-178
-312
-177
-234
-267
-145
-226
-195
-162
-198
-140
-157
-119
-132
-114
-102
-160
-62
-118
-113
-72
-153
-81
-91
-170
-108
-117
-182
-138
-78
-109
-165
-70
-91
-119
-21
-87
26
40
-80
114
95
17
125
143
118
128
195
194
140
227
111
133
266
120
165
131
111
157
90
71
91
84
32
92
128
60
82
153
108
137
206
112
186
271
192
250
297
202
244
264
173
253
260
167
254
216
113
206
140
52
129
45
14
76
44
11
1
39
-79
29
49
-106
109
-9
-43
131
7
27
49
70
2
17
144
19
10
67
30
34
-22
-45
-34
-89
-93
-127
-113
-169
-211
-166
-287
-234
-174
-284
-239
-189
-227
-221
-196
-211
-162
-216
-169
-54
-104
-109
-117
-76
-105
-117
-39
-76
-104
-58
-83
-154
-172
-136
-179
-215
-153
-160
-185
-214
-249
-194
-180
-221
-179
-128
-119
-160
-139
-33
-41
-51
-37
42
89
23
28
122
126
62
147
143
108
119
118
56
107
158
-5
64
108
33
70
67
57
54
78
102
23
115
131
24
181
177
112
206
210
164
195
187
195
199
187
221
215
207
198
208
160
100
177
118
92
179
62
119
184
33
52
98
72
54
63
127
81
104
76
62
110
42
108
107
95
111
25
42
105
39
-21
74
64
-49
-12
-22
-77
-83
-120
-108
-91
-124
-81
-152
-131
-78
-220
-98
-131
-198
-95
-109
-59
-159
-95
-43
-217
-70
-115
-159
-20
-141
-124
-114
-142
-190
-233
-89
-154
-206
-161
-183
-135
-248
-274
-195
-166
-178
-222
-160
-151
-186
-167
-152
-107
-114
-115
-76
-76
-54
-71
-72
-11
43
5
-37
-27
27
-48
-64
11
-21
59
4
-50
63
-41
-67
62
19
41
83
75
73
61
83
44
113
154
75
171
203
100
124
137
142
131
115
180
122
123
106
78
106
76
106
53
74
130
31
37
95
6
46
117
55
99
132
63
76
137
79
70
166
113
87
181
92
113
134
107
155
87
99
115
44
69
62
21
32
-2
41
11
2
1
-19
25
-31
0
15
-63
38
6
-59
-8
-21
7
-44
-40
-5
-57
-12
-56
-84
-23
-68
-93
-122
-116
-74
-144
-156
-114
-163
-123
-140
-207
-151
-136
-164
-147
-134
-134
-155
-138
-85
-101
-117
-111
-73
-71
-81
-55
-111
-57
-9
-79
-21
-31
-75
29
-56
-91
10
-49
-42
-3
3
-41
20
59
-44
14
67
-8
39
127
58
77
90
80
101
69
112
105
93
120
131
80
74
109
44
48
118
23
26
92
-16
-9
50
28
-1
0
32
-18
7
26
-17
15
43
81
40
35
74
38
22
69
94
81
80
114
120
102
133
71
54
159
77
47
130
76
93
118
31
83
96
31
81
57
78
53
66
79
9
69
13
8
96
25
5
45
23
-8
-74
-9
-15
-101
-51
-27
-35
-92
-129
-115
-151
-156
-133
-132
-168
-127
-96
-201
-164
-151
-169
-144
-87
-118
-154
-69
-167
-122
-63
-169
-56
-28
-121
-65
-61
-121
-91
-84
-79
-53
-53
-51
-66
-61
-98
-95
-51
-40
-43
-44
-14
35
-49
-50
30
-34
16
39
28
50
29
52
29
46
-7
12
108
26
24
3
52
50
-44
-11
10
25
-29
-31
12
-21
-41
20
2
-43
-11
30
0
-30
72
36
-24
71
87
28
23
74
93
50
81
123
48
73
133
67
77
117
98
92
105
118
112
87
85
134
93
63
151
139
78
108
130
109
88
83
100
76
154
114
25
141
39
-5
83
-3
-13
35
19
-1
3
-44
-96
-85
-115
-81
-75
-120
-107
-132
-95
-122
-212
-131
-105
-139
-120
-105
-102
-180
-102
-86
-148
-71
-96
-54
-74
-102
-66
-60
-79
-57
-5
-91
-39
22
-82
-79
39
-19
-43
38
-8
-3
21
18
18
19
45
28
-13
52
60
-54
35
73
-32
11
47
-51
-21
-2
-58
37
-39
-48
41
-32
-47
-37
-33
-79
-4
9
-78
63
-31
-63
54
-55
-42
11
40
20
-40
85
46
-41
98
44
-7
101
103
42
49
145
79
9
141
138
80
99
104
112
128
62
67
176
116
90
119
121
125
113
73
113
192
56
89
168
63
102
104
65
135
61
27
88
47
73
33
-15
67
45
-49
12
38
-87
-61
-11
-76
-85
-30
-80
-98
-57
-99
-121
-112
-123
-141
-87
-108
-119
-77
-166
-117
-94
-174
-82
-94
-108
-93
-94
-64
-110
-96
-45
-40
-64
-53
10
-59
-35
13
-60
14
9
-37
18
10
-9
-1
-56
-11
-20
-80
13
12
-40
-57
-33
-32
-90
-59
-75
-81
22
-94
-94
-13
-114
-100
-80
-90
-59
-41
-90
-81
-21
-80
-104
-47
-39
-16
-45
-41
-2
-49
-5
13
-35
10
44
30
33
43
20
14
48
82
74
39
68
85
102
40
80
148
46
105
153
78
85
162
115
105
203
123
82
171
111
92
135
119
135
133
145
97
72
97
90
71
78
117
3
76
130
-57
45
79
-5
23
40
22
-71
-26
31
-38
-45
-18
-36
-90
-79
-47
-121
-62
-22
-82
-17
-41
-124
-119
-68
-82
-91
-12
-34
-61
-21
-76
-69
-67
-76
-1
-8
-34
4
-23
-65
-5
-72
-54
34
-49
-43
8
-43
-49
-35
-66
-28
-10
-50
-28
-35
-31
-55
-80
-30
-48
-43
-13
-52
-92
-28
-55
-101
-17
-38
-65
-40
-28
-65
-105
-50
-50
-66
-27
-26
-39
-33
-24
-52
-63
16
3
-29
26
20
0
-1
50
17
-7
79
23
46
101
4
18
99
101
52
86
129
69
42
118
93
71
157
97
90
171
88
35
110
148
72
99
191
76
49
102
87
79
93
111
51
101
91
-60
44
108
9
44
67
56
-26
-19
15
-83
20
63
-53
21
23
-94
-99
-31
-30
-86
-19
29
-50
-44
-19
-81
-65
-32
-42
-35
42
-27
-85
28
-14
-77
-21
16
-18
-8
-5
-38
-35
-22
-45
-66
-21
-44
-73
1
-37
-78
-67
-71
-69
-70
-48
-103
-66
-18
-64
-79
-55
-68
-111
-43
-27
-89
-68
-39
-54
-43
-88
-62
-36
-74
-50
-82
-38
-26
-109
-35
-6
-57
-35
-48
-18
-40
-79
8
19
5
-22
12
70
-4
6
44
52
40
46
107
62
70
110
34
41
92
61
39
119
87
55
104
73
48
54
67
46
88
103
57
117
85
7
100
101
34
76
98
57
101
102
27
97
61
-5
79
56
19
12
-2
54
26
-7
1
2
-2
-42
-29
-25
-20
-4
-33
37
-8
-65
19
-37
10
-13
-58
64
-11
-9
37
-26
14
5
-12
-37
1
6
-74
15
-12
-61
-18
-33
-37
-49
-39
-50
-60
-43
-70
-58
-38
-79
-52
-37
-45
-53
-65
-47
-43
-50
-79
-85
-34
-24
-64
-60
-44
-63
-84
-77
-92
-93
-68
-78
-53
-18
-111
-153
-52
-57
-118
-67
-29
-69
-37
-50
-96
-28
-46
-32
1
-25
-2
-7
-24
2
49
1
10
68
19
42
22
-17
70
53
38
92
44
48
58
13
40
62
59
47
100
118
56
51
42
64
94
61
89
142
91
66
96
76
61
67
98
101
92
100
25
62
80
41
30
46
116
4
-16
100
-5
-29
66
27
20
-5
9
30
-6
26
15
30
19
14
64
-11
-2
10
-12
40
7
28
43
-51
-13
34
-60
-45
57
-17
-61
25
-17
-88
-42
-1
-75
-55
9
-57
-55
-16
-38
-71
-35
-7
-93
-56
1
-68
-53
-8
-19
-86
-62
-58
-79
-36
-79
-77
-42
-75
-107
-49
-64
-100
-59
-78
-99
-74
-88
-99
-69
-56
-30
-91
-83
-22
-87
-82
-52
-28
2
-40
-18
-20
-57
-4
18
-3
-16
27
3
-26
53
2
-29
44
45
50
38
20
25
14
36
78
39
36
91
67
65
58
59
61
46
80
83
75
119
55
45
95
79
88
37
72
99
47
65
88
73
61
59
61
75
46
55
55
58
81
39
58
59
43
61
13
41
79
39
26
42
33
2
59
56
16
15
34
35
-17
24
6
0
79
32
-8
17
-4
-35
-25
25
26
-2
21
10
-19
-25
-45
-49
-31
3
-26
4
6
-72
-63
-51
-78
-85
-34
-38
-43
-47
-58
-83
-116
-66
-96
-74
-29
-60
-59
-98
-71
-111
-142
-23
-70
-75
-24
-68
-86
-114
-73
-86
-87
-13
-27
-34
-57
-95
-85
-44
-27
-72
-23
16
-57
-18
-56
-87
0
-28
-19
36
1
-56
-66
-12
2
-21
-6
31
38
-13
-20
-6
-19
-1
25
19
67
56
-9
-10
27
37
-16
31
79
74
15
11
51
25
49
43
46
71
62
60
28
27
54
51
67
88
93
36
11
53
47
36
65
52
57
82
28
7
36
7
15
70
15
23
55
-1
-3
39
-14
-2
56
-11
11
41
-30
-1
56
-14
-5
32
-22
23
7
-38
24
4
-1
4
-14
-25
-34
-12
-44
-26
10
-40
-37
-43
-49
-19
-51
-41
2
-36
-57
-9
-23
-43
-8
-32
-22
9
-39
-9
-1
-61
9
45
-40
-19
28
-63
-27
42
-32
-12
-11
-12
-21
-33
-8
-27
-28
-33
39
-16
-63
40
-35
-45
39
-4
-19
28
3
-11
18
10
-33
8
30
-3
54
8
-34
26
7
-15
-4
24
21
19
18
7
4
-20
41
9
-9
79
39
17
34
18
4
47
42
21
63
50
31
40
16
-2
28
34
59
54
9
41
-9
0
43
-9
42
50
-8
7
45
-32
-45
38
-7
15
60
-22
-17
-2
-22
14
-7
11
7
-17
16
-8
-26
-26
-14
-22
-20
2
-46
-32
0
-36
-9
-14
-58
-15
-17
-44
-6
0
-7
-16
-24
-30
-43
6
-18
-26
19
0
14
-26
-23
17
-30
-5
13
-10
22
-4
-18
4
-19
-3
-10
-17
-20
-19
5
-24
-7
1
-23
-11
-32
-41
-36
-38
17
6
-41
24
-11
-70
-16
-56
-24
37
-18
7
29
-8
-47
-29
1
-40
10
24
12
57
-27
-27
9
-26
11
11
42
46
1
32
18
24
4
10
80
28
35
46
15
54
9
47
78
17
48
34
9
9
22
23
35
80
17
-6
40
-29
-52
34
0
-1
60
26
-20
-32
-13
-54
-32
23
-9
6
19
-19
-65
-39
-26
-41
5
-4
-14
-8
-32
-41
-39
-48
-22
7
-4
-4
-22
-28
-43
-28
-17
-21
6
4
-5
-23
-24
-10
-20
-19
12
26
-6
-14
3
-24
-28
16
15
8
18
-18
-17
-16
-23
-7
-3
-2
15
18
-39
-15
-21
-36
-22
-18
30
-10
-22
-16
-25
-16
-45
-37
-21
-14
5
-4
-20
-24
-8
-27
-45
6
3
-11
25
5
-2
-9
-16
12
9
21
27
31
43
27
-2
36
47
16
58
38
40
76
28
41
79
49
38
59
35
46
85
49
70
92
61
49
38
30
39
60
56
59
53
30
33
10
18
35
16
29
13
16
8
-23
17
-22
-9
28
-42
-17
-17
-28
-27
-24
-2
-59
-27
-17
-59
-23
-51
-48
-35
-50
-28
-48
-26
-13
-55
-44
-54
-47
-34
-44
6
-11
-26
-12
-26
-37
-48
-19
-15
7
10
-9
4
-32
-26
-15
-34
2
-4
6
27
-8
-22
-29
-34
-40
-8
10
-13
0
-20
-46
-33
-56
-29
-14
-33
-3
-16
-39
-50
-52
-52
-44
-5
-23
-28
-10
-52
-12
-24
-42
-1
-36
-26
5
-15
-17
12
6
-14
6
14
-12
11
14
6
34
25
34
32
27
46
23
32
35
53
72
45
64
71
66
57
40
62
59
43
85
78
58
62
40
49
39
50
50
23
63
48
40
27
9
43
16
16
36
41
10
-1
34
14
7
16
12
3
9
-5
-1
14
-16
-3
-3
-26
-25
-23
-34
-9
-2
-21
-1
-21
-30
-25
-17
-24
-24
8
-1
-4
-11
-5
-20
-37
16
-13
-32
27
2
-5
0
-23
-12
-25
-27
-5
-7
-5
-17
-10
-24
-18
-8
-53
-20
-27
-38
-12
-27
-15
-48
-35
-8
-49
-48
-38
-37
-28
-8
-43
-30
0
-47
-68
-45
-22
-49
-33
-3
-2
-10
-41
-58
-34
-29
-51
-6
35
12
-12
-18
-12
-28
-21
1
30
46
28
32
19
10
9
-6
40
55
34
49
32
42
27
13
41
28
50
29
18
46
13
25
10
30
52
12
37
22
3
7
-5
23
23
17
33
29
18
-10
-17
-12
-10
10
30
20
-10
-14
-6
-33
-44
-14
-17
-4
13
-25
-20
-29
-51
-38
-23
5
-9
-5
12
-9
-31
-32
-41
-3
36
-2
2
36
8
-39
-4
4
-24
6
24
23
15
8
-16
-35
-2
-7
-19
10
9
-14
-19
-23
-26
-24
-19
4
1
-17
-22
-38
-31
-24
-17
2
5
7
-14
-42
-12
-26
-47
25
16
17
32
-17
-40
-25
-10
-22
30
31
1
32
3
-30
-4
-16
0
42
43
43
26
11
4
11
28
22
46
45
29
59
23
1
39
27
28
53
31
24
36
14
11
51
37
3
38
34
10
20
18
21
-2
21
32
-7
36
35
-18
14
31
-4
-10
21
14
-15
23
24
-9
7
-6
-10
-2
13
20
-14
-5
0
-19
-9
2
-10
-19
-4
-12
-16
-11
-12
-21
-30
-18
-19
3
-19
-48
13
6
-17
-11
-21
-20
-34
-11
-23
-15
2
-51
-6
-6
-68
-17
-24
-48
-14
-16
-40
-50
-16
-29
-62
-32
-22
-39
-36
-15
-27
-41
-30
-45
-52
-53
-38
-28
-19
2
-38
-29
-29
-78
-37
-19
-22
-11
5
9
-19
-27
-45
-29
9
-4
29
36
-9
2
4
12
14
22
41
26
35
29
7
22
40
47
53
67
54
34
37
40
51
74
78
54
78
69
26
47
56
57
60
62
73
43
29
36
20
34
67
55
43
49
36
1
18
20
1
19
19
28
18
11
9
-16
0
-10
-21
6
-3
-8
10
11
-2
-17
-23
-25
-28
-14
-17
-23
-9
-12
-33
-37
-12
-20
-41
-22
-1
-28
-45
-15
-14
-20
-19
-13
-19
-35
-34
-36
-52
-27
-4
-28
-11
3
-30
-45
-27
-44
-55
-24
-31
-35
-23
-47
-51
-24
-30
-51
-33
-28
-55
-46
-22
-40
-54
-23
-30
-44
-29
-33
-57
-33
-12
-39
-16
5
-32
-34
-25
-29
-17
-18
-7
2
0
14
-13
-8
15
3
17
22
22
28
8
-7
24
32
37
58
61
46
37
13
9
36
35
69
92
82
77
49
38
13
32
48
49
99
89
66
52
41
32
15
39
44
55
74
55
50
38
22
19
10
24
31
28
28
36
37
11
20
19
-7
9
5
5
18
11
5
6
18
-2
0
5
-17
-15
-24
-15
-6
-14
10
10
-15
-15
-29
-45
-34
-32
-22
-20
-10
0
-41
-47
-34
-37
-35
-17
-6
-17
-26
-34
-40
-32
-42
-38
-6
-21
-20
-21
-33
-11
-31
-43
-31
-26
-40
-59
-27
-37
-44
-18
-39
-39
-42
-61
-63
-56
-42
-36
-30
-25
-30
-38
-56
-53
-38
-40
-24
-23
-20
-20
-31
-24
-29
-31
-25
-24
-23
-14
-11
-14
-8
-13
-22
-18
-24
-27
-4
16
19
29
17
14
8
-1
16
24
37
50
49
49
38
28
34
30
44
59
57
61
53
38
36
37
26
47
62
45
43
47
33
29
32
39
40
45
47
34
42
27
23
28
26
42
29
18
35
31
13
13
16
14
17
15
12
10
6
5
-2
-5
7
3
-15
9
5
-18
-6
-9
-6
-9
-6
6
3
-11
-11
2
-13
-17
8
-1
-9
6
-6
-5
-7
-5
-3
-12
-4
-7
-9
-6
-8
-15
-18
-5
-19
-15
-8
-21
-18
-11
-10
-19
-11
-1
-17
-19
-17
-26
-24
-22
-13
-8
-9
-3
-14
-25
-15
-24
-16
2
-5
3
2
-2
-7
-6
-6
-9
4
1
-7
-3
-2
-6
1
3
5
8
2
3
0
-4
1
4
8
8
9
6
-1
7
1
-8
12
7
0
10
10
6
1
6
7
-4
4
9
-1
2
13
5
4
11
1
-2
-2
8
4
11
20
4
14
12
2
10
4
-3
11
8
-5
11
15
-2
-7
4
0
-11
-1
0
-7
-1
-2
-10
-10
-4
-6
-11
-6
-2
-9
-11
-6
-8
-14
-5
1
-13
-6
-3
-13
-11
-18
-17
-11
-10
-12
-10
-11
-14
-13
-25
-22
-16
-17
-14
-15
-12
-12
-22
-17
-15
-20
-20
-17
-12
-17
-14
0
-12
-21
-16
-13
-15
-20
-11
-9
-13
-6
-9
-13
-6
-3
-16
-12
4
-6
-10
5
5
-2
1
-2
-4
0
1
2
12
14
-2
3
9
-1
7
12
15
17
14
14
15
12
12
21
25
24
25
23
21
24
22
23
25
27
34
27
29
36
30
31
34
33
40
32
26
37
27
22
30
32
31
24
27
25
18
17
13
18
19
23
25
18
17
12
10
18
12
9
23
20
11
15
5
-3
-3
-2
0
3
6
-4
-6
-9
-21
-21
-18
-15
-16
-14
-16
-18
-21
-28
-27
-28
-20
-23
-23
-20
-24
-24
-29
-29
-26
-26
-28
-24
-18
-30
-32
-23
-30
-35
-26
-28
-26
-23
-26
-25
-29
-24
-23
-26
-21
-20
-23
-22
-15
-18
-17
-14
-18
-16
-11
-12
-14
-10
-11
-10
-3
-4
-4
-2
-8
-4
4
-1
0
2
5
8
6
8
5
8
10
9
12
14
15
17
16
15
18
23
17
16
21
21
24
23
22
27
25
23
23
20
19
20
22
22
24
25
21
20
19
20
18
16
19
22
19
19
20
15
15
14
10
14
16
12
12
7
6
7
5
4
2
9
7
0
5
0
-5
-2
-1
-5
-2
0
-6
-4
-2
-11
-9
-6
-14
-10
-6
-14
-14
-11
-14
-17
-17
-18
-17
-18
-17
-17
-21
-18
-19
-21
-18
-21
-20
-21
-25
-21
-21
-22
-21
-21
-18
-19
-21
-23
-23
-25
-24
-19
-20
-18
-17
-21
-19
-20
-21
-20
-20
-16
-14
-11
-12
-11
-9
-11
-9
-9
-9
-10
-8
-6
-6
-4
-2
-2
1
-1
0
0
1
3
3
7
7
5
5
7
6
6
9
8
11
12
11
12
13
12
13
16
16
17
18
14
14
14
16
15
16
17
19
18
18
16
13
18
18
17
18
19
18
17
17
15
16
16
18
18
18
18
16
16
15
17
16
14
14
13
14
11
10
11
10
10
10
10
7
9
11
9
8
9
8
9
6
5
8
2
2
7
5
0
1
2
-4
-1
-1
-4
-4
0
0
-4
-1
-5
-7
-4
-7
-6
-2
-5
-6
-1
-4
-9
-5
-6
-11
-10
-5
-10
-10
-8
-12
-13
-12
-13
-14
-12
-11
-13
-9
-11
-11
-11
-12
-10
-11
-12
-10
-10
-11
-7
-9
-11
-11
-12
-13
-10
-10
-12
-7
-8
-8
-8
-7
-7
-8
-4
-6
-4
-2
-4
-1
-1
-3
-2
-2
-2
0
-2
1
4
2
2
2
1
-2
0
2
0
5
5
2
3
3
0
-2
0
2
2
2
4
0
-1
-3
-5
-3
-1
0
3
4
1
1
-2
-3
-4
1
2
0
5
4
1
1
-1
-1
2
1
4
4
3
4
4
2
3
6
5
5
9
7
6
7
6
6
8
8
7
8
7
5
5
5
4
5
5
3
0
2
1
0
4
2
4
3
2
1
-2
-1
-1
-3
1
1
0
2
1
-1
0
-1
-3
-1
0
-3
-2
0
-3
-4
-1
-3
-3
-2
-3
-5
-2
-2
-3
0
1
0
1
0
-2
-2
-1
-1
1
0
-1
-1
-3
-3
-5
-5
-1
-2
-2
1
0
0
-1
-2
-2
1
1
0
2
1
0
2
1
-2
0
0
0
0
1
0
0
0
-2
-2
2
-2
-3
-3
-3
-2
-2
-3
-2
-1
0
0
-2
0
-1
-1
-1
-2
0
1
1
0
-2
-1
1
2
-2
-1
0
0
0
-1
0
-1
-2
-4
-3
0
-1
0
-3
-4
-2
-1
-3
-3
-4
-1
0
-1
-2
-1
1
-1
0
-1
-1
1
0
0
0
1
0
-1
0
0
1
1
-2
0
1
1
3
2
1
2
2
1
1
2
3
4
4
3
4
3
2
3
2
2
3
2
3
2
1
2
0
0
1
2
2
1
2
2
1
2
2
1
3
4
3
3
4
3
5
5
3
5
7
5
4
5
3
4
5
0
2
5
2
2
3
1
2
2
1
2
2
1
2
2
0
0
-1
0
1
-1
0
1
-1
0
-1
-1
0
0
-2
0
-2
-1
-1
-3
-2
-1
0
0
-1
-1
-1
-2
-2
-2
-3
-3
-1
0
-3
-3
-3
-3
-4
-3
-4
-5
-4
-4
-2
-3
-3
-3
-3
-3
-2
-3
-2
-2
-2
-3
-3
-2
-4
-3
-3
-3
-3
-4
-4
-4
-5
-4
-3
-2
-2
-2
-2
-2
-1
-3
-1
1
-1
0
0
-1
0
0
0
-1
1
1
1
0
1
1
1
0
2
2
2
1
3
2
1
2
3
1
3
4
3
3
2
3
2
2
2
3
2
1
1
3
2
1
3
