4
5
3
5
5
5
4
4
5
5
5
4
4
4
4
4
3
3
3
3
3
3
3
2
1
2
1
1
1
0
0
0
-1
0
-1
-1
-1
0
-2
-2
-2
-2
-1
-1
-2
-2
-2
-1
-1
-1
-1
-1
1
0
0
1
0
0
2
1
1
2
1
2
2
1
1
1
0
1
-1
0
0
-1
0
-1
-1
0
0
-1
0
0
1
1
2
2
1
2
3
4
5
5
7
7
7
7
8
9
10
12
13
13
12
11
13
12
14
13
12
11
10
10
9
10
8
7
6
5
4
1
-1
-2
-2
-3
-6
-9
-9
-11
-12
-13
-14
-17
-20
-22
-22
-21
-23
-26
-28
-27
-27
-27
-27
-28
-26
-28
-29
-28
-27
-25
-24
-22
-18
-21
-21
-20
-21
-15
-13
-9
-7
-10
-8
-10
-6
-3
-1
0
-2
1
-1
-1
-1
-4
1
1
0
-1
-5
-9
-6
-7
-6
-6
-11
-9
-11
-9
-9
-10
-7
-9
-5
-3
-2
2
1
5
9
12
14
17
21
25
28
30
31
34
36
37
40
41
41
39
39
40
39
37
34
31
29
28
25
20
19
14
12
8
4
1
-2
-3
-4
-8
-14
-16
-17
-16
-17
-17
-18
-24
-24
-23
-21
-21
-20
-20
-20
-18
-20
-19
-18
-17
-12
-10
-7
-8
-10
-12
-6
-1
1
2
3
7
11
9
9
9
11
14
18
20
21
18
18
17
16
18
19
18
19
16
13
10
6
3
4
3
1
-2
-10
-11
-12
-13
-14
-19
-19
-19
-21
-21
-22
-22
-20
-19
-18
-17
-15
-11
-6
-3
0
1
4
9
14
20
22
24
27
28
32
31
36
38
40
39
35
36
32
30
31
32
33
24
16
12
10
9
5
2
-2
-4
-7
-12
-16
-17
-16
-18
-21
-22
-25
-27
-26
-24
-19
-20
-26
-23
-20
-18
-14
-16
-14
-15
-13
-7
-5
-8
-6
-7
-4
-3
1
5
2
6
0
-1
1
-1
6
5
6
6
-3
-7
-12
-6
-3
-3
-2
-21
-19
-26
-23
-11
-20
-22
-29
-36
-36
-34
-34
-34
-26
-29
-31
-38
-41
-25
-23
-15
-12
-15
-18
-15
-4
9
10
8
2
10
37
39
33
22
27
41
43
38
37
49
48
49
38
17
20
16
33
45
27
-5
-35
-30
-1
4
-16
-37
-50
-50
-55
-52
-50
-58
-52
-71
-43
-29
-43
-49
-70
-16
8
-2
-10
-5
49
70
81
50
50
82
101
157
165
142
116
103
150
193
178
149
127
137
155
130
122
108
108
107
84
74
39
15
16
27
35
4
-52
-79
-62
-40
-42
-77
-106
-114
-117
-110
-109
-113
-134
-141
-141
-141
-146
-170
-170
-156
-141
-147
-179
-193
-186
-165
-157
-162
-190
-208
-203
-184
-84
-28
-58
-147
-202
-115
-16
5
-6
39
101
123
76
16
47
123
229
309
271
166
46
52
206
322
291
163
63
72
88
70
74
67
68
42
-13
-50
-93
-115
-69
-5
4
-81
-217
-252
-166
-73
-59
-127
-194
-224
-215
-177
-128
-100
-117
-152
-162
-135
-120
-106
-77
-21
26
4
-42
-45
10
81
134
148
143
122
102
137
204
258
258
217
200
214
240
245
244
259
255
248
236
223
215
189
191
208
204
165
122
117
146
159
112
54
40
55
81
78
42
10
-24
-26
13
25
8
-31
-51
-25
-15
-27
-38
-35
-16
-10
-23
-37
-45
-43
-26
-14
-13
-36
-72
-80
-65
-42
-48
-77
-102
-122
-131
-150
-145
-151
-162
-171
-212
-227
-249
-279
-281
-299
-297
-330
-369
-383
-350
-288
-277
-277
-315
-326
-320
-295
-207
-128
-83
-71
-67
-60
-41
-7
62
165
228
235
177
136
168
224
288
312
293
236
167
137
161
178
175
149
101
65
12
-26
-26
-8
2
-30
-104
-162
-183
-183
-156
-141
-150
-189
-245
-254
-236
-186
-153
-149
-142
-152
-162
-150
-116
-49
19
43
52
56
68
116
171
236
290
293
286
291
325
378
410
431
471
477
449
405
393
453
476
455
425
394
381
362
325
296
283
256
230
208
159
103
45
23
48
38
-23
-82
-116
-115
-106
-126
-141
-148
-165
-169
-170
-165
-167
-177
-162
-145
-147
-171
-194
-173
-130
-113
-134
-168
-169
-153
-146
-147
-159
-179
-208
-235
-243
-243
-250
-278
-320
-358
-398
-390
-385
-364
-367
-364
-308
-340
-397
-465
-400
-237
-162
-148
-183
-172
-143
-93
-33
28
106
132
181
196
186
166
168
278
377
382
287
196
192
235
268
275
243
185
132
96
99
96
66
32
11
-2
-43
-117
-168
-143
-104
-106
-169
-239
-262
-256
-225
-193
-165
-183
-228
-247
-215
-146
-108
-84
-64
-27
1
11
44
98
159
197
234
263
281
303
323
376
428
447
435
429
468
494
481
448
430
447
438
412
405
393
368
322
269
240
229
203
184
180
143
86
18
-12
15
14
-22
-62
-92
-102
-120
-135
-123
-116
-124
-132
-151
-152
-152
-144
-115
-99
-102
-125
-150
-139
-105
-84
-87
-113
-132
-146
-161
-162
-168
-168
-217
-250
-264
-287
-307
-377
-404
-438
-473
-494
-512
-488
-503
-455
-423
-439
-493
-579
-479
-318
-203
-179
-221
-211
-166
-99
-30
53
126
178
224
235
215
188
213
319
426
434
327
210
187
228
275
286
232
163
87
44
39
39
16
-17
-44
-63
-92
-163
-207
-186
-138
-124
-175
-240
-271
-253
-196
-144
-114
-119
-149
-165
-128
-57
5
39
63
94
119
137
165
223
293
362
404
410
411
405
433
511
569
579
536
490
492
514
523
512
497
468
439
407
357
324
289
275
276
229
159
83
44
59
68
38
-16
-85
-114
-108
-99
-97
-125
-148
-158
-157
-143
-154
-161
-148
-132
-127
-141
-162
-159
-130
-112
-85
-107
-140
-148
-154
-109
-116
-137
-176
-233
-258
-280
-258
-264
-304
-394
-497
-524
-526
-481
-455
-472
-437
-435
-473
-568
-630
-501
-309
-195
-199
-277
-281
-232
-146
-36
53
102
119
159
192
189
152
164
274
379
368
253
133
117
163
204
218
172
94
12
-27
-7
10
-16
-57
-71
-79
-106
-173
-210
-173
-109
-78
-115
-169
-195
-177
-123
-49
1
-5
-35
-51
-9
59
112
146
165
194
208
214
233
278
321
364
379
392
433
430
430
429
451
494
468
428
413
425
442
429
386
333
296
275
287
302
267
206
136
87
101
96
76
52
8
-24
-67
-97
-105
-102
-96
-100
-95
-115
-151
-172
-162
-124
-99
-115
-145
-158
-153
-137
-114
-101
-106
-112
-137
-141
-130
-117
-121
-140
-170
-208
-237
-264
-265
-288
-340
-412
-441
-457
-461
-464
-495
-427
-384
-399
-489
-601
-525
-394
-255
-206
-230
-226
-226
-170
-98
-16
50
111
174
201
175
105
76
157
268
309
229
96
29
20
47
80
73
23
-48
-106
-122
-131
-157
-160
-145
-126
-132
-207
-251
-235
-174
-99
-79
-85
-117
-121
-81
-12
81
111
119
108
126
182
218
258
287
333
365
385
389
385
390
416
477
511
554
530
477
438
429
505
513
479
442
418
429
412
376
324
312
318
329
327
254
171
106
101
162
172
96
6
-54
-58
-53
-71
-84
-113
-151
-182
-203
-197
-215
-216
-186
-167
-171
-219
-244
-219
-178
-130
-117
-118
-123
-125
-95
-86
-62
-45
-73
-85
-116
-135
-131
-154
-185
-242
-311
-371
-384
-384
-358
-335
-356
-337
-343
-414
-515
-524
-377
-227
-145
-153
-176
-187
-209
-183
-89
30
120
151
112
72
18
-28
21
121
181
120
-17
-120
-162
-166
-149
-112
-112
-163
-244
-301
-320
-301
-251
-213
-176
-178
-234
-283
-265
-172
-72
-25
-12
-10
-14
3
65
159
239
275
276
258
276
314
351
407
461
482
469
444
431
444
454
481
517
531
536
490
476
466
490
518
489
489
455
429
434
436
444
393
343
312
311
309
263
221
161
121
116
70
15
-51
-122
-143
-166
-196
-243
-316
-356
-364
-358
-360
-388
-400
-405
-399
-376
-366
-345
-330
-303
-249
-226
-205
-203
-187
-148
-127
-88
-98
-127
-131
-165
-168
-202
-237
-270
-375
-409
-368
-288
-253
-297
-311
-348
-419
-458
-418
-283
-179
-75
-17
-52
-139
-239
-196
-20
176
285
226
98
-9
-72
-35
60
132
127
20
-95
-189
-280
-303
-273
-188
-137
-188
-296
-417
-436
-358
-251
-155
-136
-173
-217
-234
-179
-83
9
82
111
122
124
130
185
250
327
393
392
375
334
311
352
417
500
541
499
429
372
380
444
513
595
623
613
552
479
487
513
578
635
666
677
622
564
506
492
513
531
548
508
438
329
222
183
170
159
104
2
-87
-176
-251
-296
-331
-352
-380
-423
-454
-497
-535
-546
-532
-491
-482
-489
-494
-490
-460
-415
-353
-309
-273
-271
-292
-297
-272
-209
-194
-175
-186
-243
-329
-460
-485
-423
-320
-227
-187
-131
-175
-350
-535
-491
-234
-3
113
134
131
16
-138
-193
-90
121
294
382
347
178
-52
-218
-165
26
160
134
-24
-186
-348
-477
-502
-405
-262
-198
-228
-330
-447
-511
-495
-357
-183
-46
-25
-106
-165
-170
-98
17
144
244
270
241
190
197
232
289
344
377
402
350
281
224
236
313
372
404
371
335
313
315
380
478
555
547
510
503
550
595
636
684
723
746
706
649
626
632
666
679
657
599
483
374
301
272
276
223
143
44
-60
-135
-201
-222
-223
-252
-287
-337
-370
-402
-440
-419
-382
-343
-345
-386
-408
-422
-404
-360
-324
-312
-310
-323
-352
-385
-426
-391
-373
-379
-406
-490
-549
-668
-704
-582
-409
-241
-243
-273
-387
-531
-526
-383
-75
136
269
287
160
-16
-189
-143
88
368
534
450
217
-71
-278
-299
-157
38
95
-43
-276
-526
-714
-771
-690
-498
-332
-292
-386
-584
-707
-690
-521
-255
-42
43
-7
-134
-191
-149
-13
192
329
406
374
283
206
144
198
299
382
404
332
219
100
49
106
205
292
309
258
209
188
271
411
570
660
653
614
586
623
692
822
967
1066
1044
887
729
627
651
757
843
861
721
489
260
131
140
189
225
202
110
-49
-237
-349
-334
-226
-104
-24
-30
-111
-255
-327
-293
-164
-28
16
-2
-108
-218
-294
-313
-266
-222
-205
-260
-373
-484
-573
-638
-653
-640
-652
-734
-890
-907
-803
-619
-432
-365
-350
-513
-612
-563
-386
-82
142
396
449
304
59
-175
-120
109
449
640
519
231
-148
-393
-444
-339
-146
-77
-151
-356
-663
-919
-1044
-947
-679
-433
-295
-377
-573
-725
-749
-556
-259
26
181
154
61
-20
-56
24
165
341
477
456
374
204
81
58
71
189
233
213
112
-38
-77
-81
9
123
221
319
346
375
384
411
509
657
814
906
944
943
921
913
950
1015
1067
1055
983
871
742
645
570
526
491
430
324
170
35
-52
-80
-53
-18
3
-19
-71
-119
-141
-104
-12
97
180
215
191
118
43
21
56
108
122
78
-2
-133
-257
-362
-431
-467
-502
-492
-548
-664
-839
-1005
-1071
-1083
-914
-687
-470
-354
-376
-473
-661
-684
-510
-193
128
352
500
419
173
-116
-254
-161
121
456
573
399
-17
-435
-676
-681
-489
-314
-247
-321
-533
-815
-1061
-1130
-982
-713
-392
-193
-207
-378
-572
-591
-433
-122
186
354
373
258
108
-32
-56
37
180
317
357
270
54
-180
-317
-314
-200
-63
-8
-65
-179
-282
-266
-151
48
245
411
540
597
603
586
637
765
965
1140
1209
1160
1027
933
867
854
876
880
849
735
591
412
230
113
74
115
141
126
49
-67
-152
-147
-34
115
238
297
299
257
235
268
346
437
496
511
420
276
137
55
42
31
22
-84
-234
-399
-547
-632
-699
-697
-727
-762
-830
-896
-883
-823
-572
-277
-48
-94
-308
-371
-302
-82
116
420
662
625
385
-26
-261
-331
-181
106
248
188
-205
-669
-991
-1078
-954
-806
-646
-583
-688
-916
-1148
-1195
-1034
-744
-398
-134
-23
-93
-228
-267
-169
64
302
459
493
408
250
63
-57
-88
-42
-16
-12
-54
-197
-393
-608
-668
-627
-511
-375
-317
-287
-336
-311
-213
-18
264
500
685
748
785
792
808
885
1016
1198
1281
1237
1031
758
554
478
545
631
655
515
273
35
-125
-177
-151
-56
50
125
122
75
21
20
130
337
594
766
818
754
646
568
563
630
700
721
650
507
298
85
-108
-213
-213
-183
-177
-291
-476
-692
-817
-824
-749
-647
-614
-622
-628
-507
-266
21
259
363
299
177
113
180
354
615
921
1006
793
312
-188
-473
-488
-237
18
68
-197
-684
-1137
-1413
-1421
-1254
-1009
-782
-707
-801
-1019
-1188
-1184
-964
-566
-137
157
223
134
-5
-90
-48
93
277
402
416
292
50
-225
-476
-599
-588
-459
-326
-340
-485
-726
-917
-974
-882
-643
-408
-199
-95
-67
-33
32
233
478
784
1032
1140
1102
945
848
811
914
1051
1122
1038
736
381
55
-68
-23
106
210
186
74
-152
-340
-435
-358
-137
136
390
474
437
315
253
345
595
905
1103
1143
1024
845
662
528
481
493
510
467
356
152
-104
-336
-460
-475
-442
-370
-343
-359
-463
-587
-669
-700
-640
-482
-178
199
572
751
636
307
70
85
279
575
932
1263
1238
805
132
-441
-701
-610
-212
165
256
-115
-753
-1325
-1624
-1552
-1256
-843
-509
-416
-586
-898
-1134
-1165
-913
-459
33
344
375
215
-31
-193
-228
-113
56
187
242
113
-168
-533
-814
-954
-954
-812
-618
-492
-549
-735
-922
-999
-924
-701
-389
-74
154
293
375
417
439
491
631
820
992
1066
1036
925
800
685
551
427
332
267
198
117
17
-131
-285
-389
-367
-272
-170
-96
-72
-53
-31
40
157
293
427
542
639
703
733
730
705
668
660
656
622
526
422
323
194
60
-64
-128
-188
-215
-214
-206
-225
-285
-323
-329
-286
-238
-206
-160
-24
234
591
890
971
773
497
379
408
535
755
1096
1295
1159
699
64
-462
-658
-410
38
304
199
-252
-809
-1230
-1353
-1221
-935
-590
-339
-298
-480
-715
-876
-873
-644
-221
203
399
349
137
-86
-228
-268
-215
-106
-10
-22
-153
-418
-729
-964
-1109
-1077
-885
-677
-582
-645
-778
-883
-878
-759
-530
-227
23
245
460
589
596
506
480
544
668
789
843
853
787
642
403
137
-53
-127
-76
45
114
13
-203
-434
-541
-493
-347
-122
60
131
105
43
1
25
134
304
499
630
654
567
420
273
209
223
275
338
316
188
-2
-178
-291
-335
-318
-236
-121
-46
-92
-203
-283
-297
-268
-169
17
137
175
269
592
948
1038
834
637
625
626
592
689
1048
1389
1371
973
374
-159
-407
-242
205
569
562
162
-348
-700
-826
-809
-672
-390
-112
-27
-168
-409
-608
-691
-586
-272
86
272
237
71
-110
-231
-305
-373
-393
-332
-264
-299
-460
-674
-915
-1130
-1206
-1077
-832
-654
-624
-693
-753
-758
-709
-610
-417
-116
169
391
542
603
522
375
352
466
602
648
643
614
531
373
125
-123
-269
-262
-142
-10
33
-73
-269
-409
-394
-261
-93
34
113
146
154
127
80
66
114
237
370
451
435
300
112
-18
-28
5
15
-30
-99
-173
-249
-302
-339
-355
-340
-310
-272
-257
-242
-224
-167
-115
-87
-83
-148
-120
133
637
1078
1167
930
642
457
312
322
622
1174
1616
1618
1174
446
-211
-495
-262
333
832
897
542
63
-342
-617
-714
-544
-136
250
411
331
69
-257
-500
-475
-169
227
481
501
358
143
-81
-298
-456
-487
-391
-261
-216
-319
-559
-878
-1158
-1271
-1164
-922
-702
-596
-583
-615
-671
-694
-648
-501
-244
126
515
721
652
427
239
173
239
393
560
657
641
492
207
-134
-402
-490
-372
-146
12
-18
-209
-418
-529
-512
-360
-142
58
176
198
168
102
36
-14
22
167
337
429
373
202
-8
-182
-270
-263
-194
-144
-168
-270
-394
-492
-557
-572
-513
-408
-306
-272
-298
-326
-354
-353
-311
-190
-13
254
653
983
1002
698
425
335
333
452
771
1247
1492
1332
866
268
-211
-402
-156
337
749
799
463
19
-362
-565
-601
-392
25
402
572
491
319
100
-73
-70
178
548
795
855
735
525
255
-27
-202
-240
-171
-111
-125
-224
-416
-684
-942
-1051
-981
-806
-661
-572
-525
-505
-502
-492
-423
-298
-114
159
493
722
726
557
348
235
220
274
366
464
497
399
158
-164
-427
-580
-550
-374
-191
-126
-221
-374
-493
-513
-438
-289
-121
32
146
178
160
89
10
-34
-2
115
233
251
133
-45
-223
-348
-401
-402
-384
-383
-420
-487
-556
-610
-598
-544
-468
-393
-377
-384
-402
-408
-405
-401
-355
-214
93
544
887
853
531
251
118
58
149
531
1082
1396
1265
773
116
-415
-595
-301
259
708
772
480
73
-306
-573
-664
-457
-7
426
657
625
430
149
-69
-76
164
528
817
946
878
700
438
149
-69
-140
-56
30
61
9
-143
-425
-708
-830
-772
-611
-465
-348
-294
-296
-316
-322
-268
-165
7
264
577
790
798
664
501
377
295
310
407
526
573
482
241
-64
-308
-457
-439
-285
-116
-66
-154
-272
-378
-433
-409
-279
-107
36
129
140
86
-3
-52
-48
10
124
220
207
77
-81
-224
-333
-392
-400
-372
-396
-486
-619
-735
-777
-745
-637
-529
-490
-547
-613
-645
-651
-620
-583
-503
-345
-28
380
594
526
318
193
98
23
104
416
868
1091
1011
616
54
-418
-625
-399
23
363
410
219
-81
-407
-637
-725
-548
-220
139
390
461
388
197
54
35
237
528
777
909
899
826
635
399
186
73
44
43
53
26
-54
-251
-466
-621
-619
-514
-423
-330
-254
-167
-137
-107
-9
177
382
538
703
824
833
720
616
602
634
644
604
557
477
351
156
-27
-127
-184
-214
-213
-178
-211
-324
-423
-412
-318
-218
-127
-62
-3
31
57
69
71
93
109
150
203
236
174
29
-116
-208
-250
-290
-306
-322
-374
-486
-612
-679
-704
-695
-654
-604
-568
-565
-592
-627
-659
-624
-448
-154
214
498
538
304
44
-52
-18
111
358
739
957
866
515
26
-414
-668
-574
-242
101
219
84
-193
-517
-802
-1015
-968
-655
-226
97
229
209
52
-91
-129
30
264
509
737
872
893
744
524
267
75
-9
37
137
145
66
-129
-339
-544
-653
-633
-518
-356
-226
-108
-73
-81
-115
-59
180
524
859
1018
1044
941
775
634
598
696
785
847
805
659
426
141
-88
-202
-165
-74
10
28
-42
-224
-433
-518
-454
-278
-92
72
149
144
102
38
2
10
105
212
305
354
303
144
-56
-179
-237
-235
-198
-141
-153
-302
-474
-606
-660
-652
-594
-540
-498
-457
-461
-518
-632
-632
-474
-195
193
546
653
401
86
-78
-84
15
264
712
1019
995
622
93
-398
-720
-702
-406
-8
178
81
-210
-556
-881
-1159
-1200
-996
-602
-225
7
27
-139
-337
-456
-339
-53
296
550
680
737
663
487
255
79
-18
-11
61
130
107
-85
-326
-550
-649
-659
-610
-518
-410
-286
-202
-151
-162
-144
-18
244
573
833
1012
1059
969
804
703
715
773
843
892
890
768
560
315
75
-88
-143
-81
30
124
73
-114
-292
-365
-334
-273
-146
17
143
194
185
142
65
37
79
190
315
382
356
241
132
34
-51
-115
-117
-95
-134
-214
-315
-400
-472
-523
-532
-501
-430
-376
-395
-464
-518
-484
-354
-75
306
570
563
336
154
80
70
145
381
764
1004
966
626
146
-317
-628
-613
-364
-68
24
-73
-295
-603
-961
-1265
-1309
-1127
-778
-449
-219
-156
-300
-519
-666
-557
-277
76
372
558
632
568
412
171
-21
-115
-79
5
72
67
-86
-329
-589
-715
-732
-684
-596
-476
-341
-268
-222
-222
-174
-52
191
513
770
910
874
787
714
725
787
852
923
949
899
725
510
310
178
120
119
155
153
111
-15
-165
-270
-290
-230
-148
-57
17
85
115
105
70
62
104
190
312
386
392
327
249
178
119
100
79
67
6
-72
-144
-200
-248
-317
-358
-394
-407
-399
-365
-336
-355
-387
-354
-223
-63
159
373
513
482
351
287
248
282
396
675
928
992
840
484
115
-214
-337
-268
-85
37
-32
-187
-410
-657
-987
-1182
-1153
-972
-750
-577
-428
-439
-549
-666
-630
-455
-249
-24
160
339
411
364
184
-21
-142
-180
-131
-82
-38
-98
-241
-423
-581
-675
-733
-709
-631
-501
-406
-356
-323
-300
-210
-38
207
415
538
595
608
600
605
669
742
813
874
872
772
602
445
347
311
283
250
211
143
37
-96
-174
-188
-184
-178
-153
-104
-82
-79
-73
-52
-24
24
105
194
278
321
326
312
310
300
267
230
213
183
105
31
-34
-108
-192
-231
-224
-224
-228
-248
-274
-343
-417
-466
-466
-353
-171
49
250
408
442
318
194
166
249
382
621
909
1057
998
749
427
121
-45
-40
67
179
198
97
-117
-355
-619
-872
-996
-942
-782
-654
-545
-478
-492
-578
-624
-568
-470
-331
-146
79
229
241
151
27
-75
-153
-156
-95
-18
-23
-96
-179
-297
-437
-555
-578
-548
-492
-415
-341
-313
-327
-305
-238
-127
-25
78
173
244
301
336
392
461
559
629
661
661
626
588
517
477
451
425
364
267
172
81
18
-37
-67
-115
-166
-206
-231
-234
-248
-234
-213
-166
-113
-44
21
67
120
171
230
257
272
267
259
252
231
213
186
166
114
72
44
11
-45
-120
-152
-193
-271
-370
-408
-338
-220
-112
-38
68
134
106
35
40
155
277
432
621
770
745
581
423
332
294
259
287
336
338
248
91
-52
-204
-357
-479
-495
-462
-454
-467
-463
-440
-489
-543
-551
-497
-417
-341
-243
-174
-129
-131
-148
-154
-152
-130
-114
-71
-35
-30
-66
-116
-146
-188
-215
-223
-209
-199
-207
-210
-222
-212
-202
-174
-139
-99
-59
-54
-41
-25
21
80
150
238
311
370
365
322
294
314
356
376
389
375
338
254
180
124
78
42
7
10
-1
-44
-135
-228
-272
-269
-221
-177
-113
-60
-30
-34
-39
-8
10
45
85
161
223
245
245
220
220
223
254
271
264
227
164
111
50
4
-68
-121
-113
-47
6
-18
-36
-20
27
17
-4
24
75
141
191
274
323
327
290
275
291
282
272
261
292
294
255
204
164
116
19
-57
-98
-112
-152
-191
-199
-221
-267
-328
-352
-378
-408
-416
-387
-339
-311
-292
-299
-301
-306
-294
-274
-249
-208
-183
-148
-125
-110
-126
-142
-135
-124
-97
-83
-64
-56
-66
-94
-121
-126
-118
-90
-77
-55
-38
-18
9
28
40
38
60
96
135
159
168
172
158
141
127
138
145
140
137
142
137
92
33
-15
-37
-49
-43
-19
1
-7
-31
-31
-26
-36
-56
-50
-12
13
37
81
102
108
141
178
202
233
242
227
226
235
232
241
239
204
173
157
157
116
44
6
-50
-102
-91
-59
-67
-114
-151
-165
-173
-184
-204
-187
-131
-81
-41
-11
-1
-22
-26
40
124
189
217
228
230
212
197
200
207
186
163
149
129
93
33
-14
-54
-67
-61
-76
-118
-181
-222
-235
-217
-191
-179
-180
-186
-202
-238
-277
-310
-309
-288
-247
-197
-175
-193
-256
-306
-323
-297
-251
-217
-167
-147
-145
-149
-147
-146
-144
-112
-54
15
47
57
43
4
-23
-27
5
28
56
82
107
130
124
102
61
20
32
91
123
164
192
173
165
145
147
157
151
166
179
214
246
217
162
141
164
174
234
306
292
262
229
179
153
150
160
167
145
186
192
139
118
79
62
32
54
83
67
31
-8
-25
-52
-36
-51
-71
-69
-77
-59
-82
-123
-159
-177
-157
-136
-97
-77
-83
-80
-111
-123
-127
-148
-129
-110
-74
-38
-53
-63
-77
-66
-44
-36
-4
-1
-5
5
12
51
91
103
104
109
115
91
41
30
23
19
46
55
65
6
-87
-129
-170
-191
-180
-167
-181
-196
-202
-223
-237
-256
-279
-287
-267
-226
-184
-146
-131
-156
-198
-197
-170
-149
-108
-70
-31
20
27
-12
-49
-78
-79
-40
25
95
114
115
97
66
64
58
59
92
126
178
191
193
198
186
178
227
350
373
416
454
391
378
343
301
337
313
295
338
295
277
222
122
114
81
22
16
36
-35
-76
-78
-126
-124
-164
-199
-120
-94
-85
-48
-102
-73
-54
-90
-6
45
63
81
129
143
99
110
48
42
91
72
80
85
56
16
-30
-81
-98
-117
-152
-151
-154
-174
-173
-183
-216
-195
-208
-207
-175
-201
-181
-186
-191
-164
-164
-150
-149
-177
-186
-179
-188
-171
-178
-184
-171
-189
-204
-213
-211
-223
-221
-193
-165
-127
-131
-143
-147
-176
-178
-146
-116
-82
-51
-40
-19
-16
-34
-36
-38
-42
0
51
75
96
87
61
19
19
26
20
61
74
64
66
50
7
14
34
76
155
192
228
268
235
187
253
241
212
278
289
286
271
241
236
227
190
197
203
185
178
104
87
91
32
17
7
11
6
26
57
11
20
13
-4
75
68
80
141
131
163
187
171
186
218
208
207
283
224
215
245
136
180
169
81
138
97
52
52
-24
-20
-66
-73
-66
-104
-60
-140
-164
-147
-180
-174
-192
-147
-179
-179
-148
-226
-196
-231
-281
-208
-256
-237
-204
-277
-243
-286
-333
-291
-319
-296
-297
-260
-240
-320
-264
-268
-314
-250
-222
-199
-149
-140
-146
-142
-150
-138
-107
-101
-55
-1
-24
9
41
-33
-15
-1
-34
32
48
0
52
18
-33
36
17
63
70
80
163
113
133
138
136
163
97
145
165
142
156
157
178
125
162
140
123
195
72
100
143
62
91
53
20
53
29
22
70
74
35
30
55
29
36
79
62
121
152
117
182
199
172
229
244
262
315
302
303
353
297
283
349
325
290
342
303
201
265
213
152
185
122
128
83
32
61
-8
-32
-19
-39
-59
-79
-46
-85
-149
-101
-128
-152
-128
-124
-147
-168
-179
-195
-228
-253
-244
-277
-256
-275
-298
-268
-318
-309
-311
-311
-281
-289
-228
-268
-237
-192
-283
-227
-232
-233
-159
-182
-98
-107
-141
-55
-79
-107
-57
-45
-13
-22
4
-21
-74
2
-19
8
7
27
5
-49
32
-7
-62
0
-7
-34
-29
-56
-52
-66
-57
-53
-57
-2
-24
-46
0
-24
-21
7
-30
4
33
-25
28
32
31
47
10
81
72
25
37
22
44
54
61
65
94
113
85
153
134
162
233
173
227
267
222
276
286
313
327
288
312
268
299
281
231
283
214
167
182
135
96
99
60
23
46
11
-38
-14
-40
-99
-60
-96
-76
-90
-141
-62
-122
-133
-86
-115
-101
-122
-105
-82
-108
-64
-100
-125
-43
-72
-90
-65
-67
-87
-98
-70
-111
-80
-92
-151
-60
-97
-115
-69
-130
-83
-61
-87
-36
-34
-25
-16
-9
-15
-10
51
12
59
109
76
94
78
40
26
12
-3
21
11
-18
-21
-46
-90
-130
-126
-149
-184
-134
-164
-160
-148
-197
-195
-214
-185
-180
-154
-81
-122
-127
-89
-88
-60
-49
-44
-30
-7
-15
-16
14
20
31
26
76
75
42
110
99
129
164
158
187
171
211
187
201
257
242
282
224
285
277
180
231
212
184
131
182
204
90
148
104
14
74
9
-37
-6
-43
-73
-18
-51
-112
-70
-133
-165
-106
-190
-166
-109
-135
-90
-125
-120
-90
-128
-101
-92
-57
-1
-50
3
19
-46
12
23
-7
14
37
31
33
50
18
47
6
5
89
5
56
103
34
64
64
73
49
77
115
81
124
141
132
109
68
83
77
54
74
82
51
13
51
7
-53
-24
-61
-75
-68
-77
-116
-140
-117
-156
-173
-169
-148
-143
-180
-161
-137
-156
-158
-139
-119
-168
-141
-99
-152
-81
-80
-96
-23
-82
-53
15
-94
-36
52
21
98
108
65
101
132
101
134
184
117
204
186
131
230
128
131
195
106
141
151
85
96
119
108
63
58
39
-6
-5
0
-17
-58
-47
-56
-123
-91
-103
-146
-144
-171
-119
-120
-165
-108
-114
-167
-136
-92
-159
-155
-61
-113
-137
-46
-63
-115
-60
-70
-95
-70
-76
-57
-23
-37
-7
16
-61
36
55
-43
36
48
42
50
53
103
117
75
95
147
96
87
138
109
94
85
84
96
86
77
57
30
56
45
-26
0
12
-19
-26
-26
-16
-42
-46
-52
-71
-27
-44
-53
-1
-7
-47
-51
-30
-36
-62
-48
-35
-26
-34
-32
-42
-48
-20
-74
-54
-6
-56
-41
16
4
-22
26
19
19
61
35
45
87
101
124
126
121
138
135
111
114
172
120
99
189
107
90
129
25
67
99
39
28
54
37
-23
-4
-48
-34
12
-53
-27
-24
-20
-4
-58
-27
-2
-33
-22
7
8
-21
-28
-38
-1
-17
-93
-5
-15
-63
-63
-74
-65
-115
-99
-95
-62
-88
-127
-29
-109
-121
-35
-126
-71
14
-39
-13
28
4
-4
17
24
45
51
55
115
68
33
64
-6
37
85
10
40
47
3
-2
-58
-18
-2
-81
-34
-17
-65
-90
-56
-55
-94
-20
-71
-63
15
-89
-73
-29
-24
12
-59
-14
29
-39
20
-12
3
47
-57
30
57
7
13
-16
42
-10
-9
15
5
88
-25
27
90
-53
51
32
-20
104
68
16
67
86
18
9
76
57
40
65
32
98
54
-14
56
20
15
-15
0
62
4
-15
3
12
11
-44
11
48
-9
43
31
34
53
20
50
45
87
43
38
119
25
41
74
38
56
21
21
30
-2
19
-13
-71
8
-31
-78
-27
-31
-65
-72
-27
-85
-17
-12
-132
-18
14
-66
-67
-4
-8
-46
-22
-28
11
8
-66
13
8
-75
9
-53
-90
-12
-93
-89
-23
-79
-103
-84
-82
-85
-78
-102
-131
-55
-101
-126
-17
-89
-58
-42
-89
-6
-75
-44
-4
-47
22
-2
-26
-8
-14
-36
-47
4
-66
-30
5
-90
-2
-24
-70
-9
-22
-25
10
1
-24
8
19
-22
31
23
-15
42
44
42
55
64
86
31
44
54
13
81
37
50
112
35
34
50
20
21
26
51
53
72
85
56
90
70
74
117
102
111
130
146
132
148
145
123
147
147
117
117
119
76
125
75
31
95
46
40
40
50
-3
-12
55
-38
-30
26
-36
-25
10
-61
-42
-19
-44
-10
-20
-20
-3
16
-30
-32
0
-45
-27
-23
-33
-25
-54
-63
-81
-80
-100
-137
-89
-64
-100
-77
-74
-109
-61
-103
-110
-51
-55
-63
-44
17
-17
-44
-35
-10
-22
-53
-28
-23
16
-66
-43
-12
-100
-53
-90
-89
-69
-94
-110
-109
-64
-123
-127
-86
-114
-128
-86
-123
-96
-46
-91
-43
-70
-32
-20
-85
-22
-8
-8
-16
-5
35
-4
-21
18
15
-13
23
22
11
41
55
20
13
79
36
61
103
69
85
138
105
74
168
123
152
173
117
179
188
139
147
204
138
120
196
116
109
154
85
102
110
63
69
62
37
51
50
14
39
27
-21
29
16
6
45
11
28
36
28
23
4
18
2
24
3
-4
24
-24
-36
-41
-38
-33
-81
-73
-28
-70
-88
-45
-81
-84
-40
-92
-47
1
-69
-22
-9
-22
6
-14
-5
10
14
21
31
25
14
-12
8
-1
-56
-15
-13
-80
-53
-49
-106
-96
-76
-129
-140
-88
-139
-154
-112
-128
-104
-122
-104
-54
-115
-92
-65
-78
-81
-65
-31
-63
-43
-12
-59
-45
-29
-61
-42
-26
-49
-39
-31
-34
-40
-42
-22
-10
9
-5
7
60
6
14
82
36
69
97
106
116
117
111
101
143
102
83
124
131
91
80
123
51
51
75
-7
31
45
-3
11
20
-2
-21
-8
-13
-21
7
20
11
31
62
23
17
45
37
41
59
63
76
71
46
63
45
26
29
34
31
19
2
19
38
-10
8
19
18
-2
-19
35
-4
10
44
17
75
56
9
61
24
17
35
10
37
34
16
-8
-9
-17
-81
-52
-54
-94
-52
-117
-108
-88
-149
-139
-146
-122
-142
-151
-100
-135
-124
-107
-127
-90
-88
-90
-88
-63
-51
-79
-56
-47
-61
-52
-35
-38
-35
-37
-42
-51
-47
-37
-65
-29
-21
-27
-28
-37
13
-44
-29
38
2
13
48
64
47
60
74
40
87
118
50
93
129
74
77
88
79
66
75
52
58
80
15
17
67
13
6
41
22
35
20
1
26
41
30
6
47
77
18
33
70
40
55
46
49
88
48
30
49
78
31
-17
68
63
7
38
57
44
28
40
44
20
53
75
33
68
84
80
58
77
112
28
86
86
40
76
55
39
33
56
5
-17
27
-27
-50
-29
-68
-72
-84
-102
-72
-98
-116
-102
-99
-111
-137
-107
-119
-126
-69
-122
-112
-51
-96
-103
-83
-76
-81
-82
-66
-63
-54
-82
-75
-50
-91
-74
-53
-83
-43
-49
-86
-56
-46
-58
-74
-33
-27
-31
-20
-27
0
-5
-14
-2
14
19
10
19
18
13
34
18
19
32
17
39
17
-2
23
0
10
11
3
22
15
22
12
21
29
34
25
29
63
37
38
36
66
42
23
82
45
54
78
50
71
62
47
59
63
48
46
82
54
26
60
49
32
29
48
66
48
45
55
65
43
31
62
66
41
64
57
45
56
16
29
33
23
16
6
24
-4
-14
-11
-35
-33
-30
-36
-32
-56
-42
-23
-65
-83
-38
-40
-98
-39
-28
-69
-37
-56
-40
-23
-70
-40
0
-31
-35
-20
-8
-16
-33
-12
-9
6
-10
-25
3
-4
-11
-18
-1
7
-4
0
-7
6
-9
-5
4
-19
13
18
-22
3
23
-13
-34
-5
-13
-21
4
-4
-29
-14
-10
-47
-45
-7
3
-24
-13
3
-11
-9
-32
-32
6
11
-26
-6
16
-21
0
-17
-32
27
5
-34
13
33
-20
-25
38
3
-8
33
-1
19
30
-5
27
22
7
12
40
38
18
42
20
39
49
5
43
63
44
36
38
72
18
23
58
12
42
24
-5
37
4
-21
13
9
-23
-13
8
-42
-13
1
-66
-1
-23
-64
-8
-38
-43
-31
-44
-35
-42
-33
-43
-37
-27
-43
-10
-35
-45
2
-26
-37
-9
-2
-10
-21
1
-2
-19
7
-10
-3
23
-3
-8
19
19
-21
0
37
-8
-10
23
-5
-2
2
-24
-2
-12
-19
-11
-20
-20
-36
-18
-32
-41
-21
-43
-19
-15
-39
-40
-15
-19
-58
-16
-17
-28
7
-28
-13
10
-40
-17
-3
-8
-7
-14
23
-9
0
17
-17
23
-4
3
32
12
27
27
25
27
52
18
16
71
26
34
68
44
47
52
55
49
54
58
50
59
51
61
76
53
63
61
49
43
43
51
34
54
37
35
58
22
20
32
14
9
16
17
19
-3
9
19
-31
-5
26
-21
-24
30
0
-26
9
-24
-24
9
-31
-22
7
-21
-22
-15
-28
-22
-22
-27
-22
-13
-23
-32
-23
-23
-15
-43
-39
18
-15
-46
-17
-5
-37
-38
-13
-25
-23
-12
-25
-34
-5
-32
-61
-7
-12
-42
-21
1
-35
-31
-19
-53
-26
-13
-43
-30
2
-37
-31
-13
-48
-12
-19
-45
4
-8
-33
-16
-13
-19
-17
-12
-13
5
3
-13
6
4
-9
14
-7
2
27
5
11
21
20
5
23
39
24
30
38
42
24
40
35
24
61
42
36
52
59
41
22
57
57
37
39
59
63
30
45
54
27
50
48
25
58
47
26
28
33
38
12
14
41
28
15
24
17
17
15
4
7
8
4
-8
-4
3
-14
-29
-19
-7
-48
-26
-8
-45
-28
-27
-29
-48
-46
-30
-58
-55
-42
-57
-65
-46
-69
-86
-40
-66
-95
-59
-78
-78
-56
-94
-88
-53
-62
-91
-81
-47
-83
-79
-61
-75
-46
-53
-76
-49
-52
-64
-50
-39
-39
-50
-37
-31
-20
-31
-55
-4
-21
-49
4
-17
-28
-11
-4
-13
-8
23
-12
-2
25
10
9
17
21
15
29
15
15
37
14
11
41
29
31
40
16
53
53
22
40
63
48
19
62
53
41
59
34
57
70
62
54
76
91
52
80
91
58
90
94
68
100
113
84
72
111
102
49
101
107
64
97
107
72
80
89
72
68
74
79
51
57
75
39
39
44
37
25
16
25
2
5
16
-18
-17
-3
-25
-40
-31
-33
-47
-40
-50
-56
-49
-72
-76
-52
-67
-86
-62
-72
-80
-68
-79
-90
-78
-59
-79
-86
-61
-62
-70
-67
-64
-68
-60
-53
-76
-60
-33
-69
-64
-38
-44
-51
-57
-36
-51
-60
-23
-51
-49
-13
-35
-45
-33
-22
-33
-47
-21
-29
-31
-14
-36
-21
-11
-30
-31
-16
1
-40
-24
17
-22
-14
12
-11
-1
7
-4
-6
11
19
4
14
27
27
23
28
33
33
42
42
36
62
63
33
53
78
58
46
73
73
61
64
66
76
67
64
81
69
60
76
62
68
79
50
66
77
50
53
65
44
51
60
36
39
43
35
23
13
32
23
-4
15
22
2
-1
-2
-5
-1
-5
-11
-16
-3
-5
-24
-11
-18
-25
-8
-17
-28
-10
-4
-37
-36
-7
-23
-51
-30
-9
-33
-51
-30
-39
-59
-25
-47
-67
-24
-41
-50
-51
-56
-47
-57
-51
-57
-61
-43
-49
-68
-56
-31
-68
-79
-36
-57
-64
-54
-70
-41
-43
-71
-67
-49
-43
-80
-70
-43
-43
-49
-64
-53
-26
-34
-79
-41
12
-43
-49
-2
-8
-8
-18
-22
11
19
-4
-15
27
47
7
9
43
52
27
21
47
69
44
21
64
70
40
50
45
59
87
46
35
83
85
40
42
75
66
46
47
67
61
40
47
48
42
34
31
31
32
33
20
14
35
19
-7
21
11
-1
6
0
14
12
-3
-4
9
20
-20
-18
34
11
-16
8
18
16
1
-9
5
26
0
-17
14
24
3
-11
8
21
4
-17
-3
33
7
-26
3
23
-1
-26
-7
9
4
-14
-3
-2
-14
-6
-20
-14
-4
-22
-23
-8
-19
-39
-36
-34
-20
-42
-49
-18
-42
-61
-49
-32
-48
-61
-38
-26
-38
-53
-57
-39
-33
-41
-44
-36
-12
-27
-42
-35
-19
-13
-40
-18
10
-15
-12
-15
-10
12
-9
-24
11
32
1
-4
16
18
13
1
12
31
31
8
18
37
27
7
21
38
30
32
21
25
40
32
19
22
33
36
16
20
36
23
23
14
29
36
10
19
24
31
11
7
38
25
16
22
27
28
17
22
28
22
30
23
16
36
28
7
24
36
5
-3
40
21
-6
13
29
19
-8
7
14
0
1
-3
1
19
-3
-15
-1
-5
0
-26
-17
4
-8
-12
-25
-1
-13
-40
-15
-21
-12
-17
-36
-20
-17
-15
-37
-43
-7
-12
-35
-32
-13
-8
-39
-20
1
-29
-19
-9
-15
-19
-13
-16
-18
7
-11
-25
-5
-3
-14
-22
-12
-3
1
-12
-11
11
-6
-23
-7
3
-3
-10
-6
9
-1
-12
-3
-4
0
-3
-5
-1
1
13
-11
-10
20
-5
-12
9
6
-6
0
7
-2
3
8
-5
-1
8
-8
3
7
-13
7
11
6
11
-3
5
13
6
-3
8
15
4
11
11
16
13
-2
7
16
10
3
10
16
11
12
14
3
17
16
-3
14
17
6
9
8
6
11
7
-8
4
10
3
-9
-3
12
-3
-11
0
3
-4
-13
-8
5
-5
-14
-13
-16
-3
-11
-20
-9
-10
-9
-22
-17
-4
-16
-19
-10
1
-14
-13
-7
-16
-9
-8
-15
-3
5
-2
-7
-1
5
-2
-5
-6
5
12
-7
5
17
0
3
8
3
-10
10
16
-6
4
0
0
8
-10
-3
9
-5
-3
-1
-7
1
2
-9
-8
8
2
-18
-5
-6
-12
0
-3
-9
6
1
-16
-8
-3
-16
-8
5
7
1
-3
3
8
2
-7
-1
15
14
1
15
15
3
4
8
13
13
13
22
9
4
22
22
4
9
21
10
16
21
-11
9
26
2
6
10
8
2
4
2
-2
7
-6
-10
13
8
-26
-17
8
-7
-14
-2
4
-5
-13
-14
-15
-10
-1
-6
0
12
-1
-11
-16
-13
-14
-6
-2
-10
4
-3
-12
-11
-13
-4
-12
2
12
0
0
1
9
-1
-7
10
6
1
10
1
7
1
-5
11
8
-1
4
14
5
-2
-7
-1
0
-11
-5
-3
-6
-9
-5
-4
-18
-9
4
-1
-12
-2
4
-2
-6
-1
0
-6
-2
-1
2
3
3
-1
-4
7
1
-8
7
12
8
5
1
17
12
-3
-1
7
13
-3
-3
16
18
4
2
11
10
-1
-6
6
16
10
-1
13
23
-2
-3
12
10
0
1
11
3
2
9
6
1
4
6
-1
-3
-2
-3
-2
4
4
-5
-5
2
-6
-18
-9
5
-6
-13
2
-2
-9
-9
-6
-2
-3
-9
-13
-5
-1
-11
-10
0
6
-5
-19
-5
1
-11
-11
-5
7
5
-14
-6
3
-14
-13
0
-3
-2
5
-3
-11
-6
-7
-9
-7
0
-4
-9
-3
-13
-9
0
-14
-7
2
-9
-8
-11
-7
-2
-9
-1
0
-3
-8
-8
-13
-11
4
-1
-6
6
9
-3
-14
-8
5
5
1
3
22
16
-12
5
7
-8
0
10
18
13
12
10
8
4
-4
5
13
15
18
15
16
12
4
9
2
3
16
11
13
18
8
0
15
11
-4
9
15
5
2
9
8
8
-1
-2
9
-3
-8
-2
-4
8
4
-6
2
6
-3
-15
-4
3
-3
-10
-4
8
-2
-19
-7
-3
-14
-15
-11
-4
-5
-8
-6
-8
-9
-10
-11
-15
-10
-9
-17
-10
-2
-11
-18
-12
-9
-17
-19
-6
-7
-6
-9
-11
-9
-21
-18
-8
-6
-5
-9
-11
-9
-21
-22
-14
-15
-6
-3
-5
-2
-10
-11
-9
-11
-6
-3
-1
2
7
1
-3
-2
4
10
3
6
23
12
4
19
13
9
10
12
17
15
17
18
18
22
21
17
22
24
21
26
21
25
28
27
30
25
30
35
28
22
34
31
15
34
37
22
38
36
24
31
30
19
25
27
27
24
30
25
17
25
17
16
19
18
14
9
17
16
6
6
15
10
-6
-2
-1
-10
-9
-6
-4
-7
-13
-11
-13
-19
-21
-23
-14
-12
-20
-21
-15
-17
-33
-28
-21
-31
-31
-26
-22
-26
-29
-28
-32
-29
-32
-40
-32
-26
-32
-31
-29
-28
-32
-35
-35
-35
-29
-29
-27
-22
-24
-26
-26
-24
-20
-23
-20
-18
-19
-15
-19
-20
-16
-13
-12
-13
-8
-12
-14
-3
-4
-11
-5
3
1
-9
-4
4
0
5
5
6
10
4
1
4
12
9
3
11
15
12
12
10
13
17
10
11
19
14
11
13
10
14
20
14
17
20
18
17
15
13
19
21
13
17
24
18
15
21
17
18
18
12
20
21
9
14
18
10
14
13
8
13
9
9
10
9
6
4
5
4
3
4
0
-4
-3
-2
-9
-7
-1
-5
-8
-5
-8
-11
-8
-12
-13
-7
-10
-13
-9
-11
-12
-8
-10
-8
-10
-9
-9
-9
-12
-14
-10
-9
-11
-11
-9
-7
-12
-10
-7
-8
-8
-7
-5
-4
-7
-8
-2
1
-6
-6
1
-3
-5
-3
-6
-2
-4
-11
-7
-2
-4
-8
-4
-2
-6
-4
-10
-7
1
-6
-10
-1
1
-7
-7
-3
-4
-6
-5
-2
-1
-2
-4
-6
-2
-2
-7
-3
1
0
0
1
4
1
1
9
7
5
10
5
4
11
9
5
9
14
11
10
11
10
12
10
8
12
13
12
12
17
18
11
11
14
18
13
14
19
15
14
22
21
14
18
19
13
15
16
12
17
18
11
14
17
12
8
14
15
10
13
13
10
12
7
2
4
7
3
4
6
4
3
2
-2
0
-1
-3
-3
0
4
3
1
-1
-1
-1
-7
-10
-6
-7
-8
-4
-2
-4
-5
-9
-9
-7
-11
-11
-8
-9
-8
-10
-14
-12
-10
-12
-16
-13
-11
-13
-15
-12
-9
-15
-14
-10
-13
-13
-12
-14
-10
-8
-11
-11
-9
-12
-13
-11
-9
-8
-7
-7
-7
-6
-5
-9
-8
-4
-5
-5
-1
1
3
1
0
2
-1
-4
0
0
2
4
4
6
7
2
2
4
1
2
4
7
7
5
6
6
3
4
5
6
6
6
6
5
6
6
2
4
7
4
1
5
5
3
3
4
4
5
3
2
5
5
1
2
5
3
2
2
3
3
3
1
4
6
1
2
1
1
3
-1
-2
1
0
-2
-1
1
-1
-3
-4
-4
-4
-5
-7
-7
-8
-7
-9
-10
-8
-12
-13
-9
-13
-15
-12
-13
-16
-13
-14
-15
-13
-16
-18
-16
-17
-18
-18
-15
-17
-18
-16
-16
-16
-16
-16
-13
-12
-14
-15
-10
-12
-13
-10
-9
-10
-7
-7
-7
-2
-4
-5
-1
-1
-3
-1
0
1
1
2
3
5
4
5
5
6
7
6
8
9
8
9
10
11
11
12
12
13
13
10
11
11
11
12
12
12
14
13
13
14
13
12
14
12
11
11
10
9
8
8
9
9
9
8
9
9
7
7
10
8
6
8
8
6
6
5
6
7
5
5
5
4
4
4
6
5
5
6
7
6
5
5
5
4
3
4
3
2
1
1
2
4
4
2
1
0
0
-2
-1
0
2
-1
-2
-1
-2
-1
-3
-5
-4
-3
-5
-5
-3
-3
-3
-3
-2
-2
-3
-4
-4
-5
-6
-5
-3
-2
0
-2
-2
-2
-2
-4
-3
-3
-2
-2
-1
0
1
1
0
-1
0
-1
-2
-1
-1
2
1
0
2
3
2
3
-1
1
3
0
-1
0
-1
1
-1
-1
1
1
-1
1
1
1
0
1
0
1
1
-1
-1
0
0
-1
1
3
1
0
1
-3
1
-1
-1
3
3
1
2
2
2
2
-1
-1
1
0
-1
1
0
0
0
-1
-1
-3
-1
-1
-3
-4
-4
-5
-4
-5
-3
-4
-5
-5
-5
-5
-6
-5
-7
-6
-7
-7
-6
-5
-6
-6
-5
-4
-5
-6
-6
-6
-7
-7
-6
-5
-5
-6
-4
-5
-4
-6
-5
-5
-5
-4
-2
-3
-3
-5
-4
-5
-4
-4
-4
-3
-3
-3
-3
-3
-4
-3
-4
-5
-1
-2
-3
-3
-3
-4
-4
-4
-3
-2
-4
-3
0
-2
-2
-1
0
1
2
2
4
2
1
2
3
3
3
3
5
5
5
6
7
8
7
10
13
14
14
13
11
12
13
13
15
13
14
14
15
14
12
13
13
13
15
17
16
14
13
12
11
12
12
14
12
13
13
12
11
10
10
11
12
12
13
10
9
7
6
6
4
4
4
4
4
2
0
-2
-3
-3
-4
-3
-4
-4
-6
-8
-9
-9
-11
-11
-12
-13
-11
-11
-13
-13
-13
-14
-15
-16
-16
-17
-17
-18
-19
-20
-20
-21
-22
-22
-22
-22
-22
-22
-21
-21
-20
-19
-19
-18
-20
-19
-18
-17
-17
-17
-17
-16
-15
-15
-13
-12
-11
-10
-9
-8
-7
-8
-7
-6
-5
-5
-3
-1
-1
1
0
1
4
4
6
8
9
10
12
12
13
14
14
15
16
16
16
17
18
18
19
19
22
22
22
23
23
23
22
21
22
23
22
22
22
22
21
20
20
20
19
18
18
18
19
17
16
15
14
13
12
12
11
11
9
10
9
8
6
4
5
3
3
3
2
1
0
-1
-1
-2
-5
-5
-5
-7
-7
-7
-7
-7
-8
-9
-8
-10
-11
-11
-10
-12
-13
-13
-13
-13
-13
-13
-12
-13
-14
-14
-14
-14
-15
-16
-16
-14
-15
-15
-14
-14
-15
-15
-13
-13
-13
-13
-13
-12
-11
-12
-10
-10
-11
-10
-10
-8
-9
-8
-8
-6
-6
-6
-5
-6
-5
-4
-5
-4
-4
-2
-3
-3
-2
-2
0
0
-1
0
1
0
2
3
3
3
3
4
3
3
3
3
3
2
3
5
5
5
5
6
7
8
7
8
9
7
9
9
9
11
10
9
11
11
10
9
10
11
9
9
9
9
9
9
11
10
10
10
11
10
11
11
10
10
10
8
8
9
7
7
7
7
7
6
5
6
5
4
4
5
4
4
4
4
3
0
1
1
0
0
-1
-2
-2
-4
-5
-6
-5
-4
-6
-7
-6
-7
-9
-9
-10
-10
-9
-10
-10
-10
-9
-10
-11
-11
-10
-10
-10
-11
-11
-10
-10
-11
-11
-12
-11
-12
-12
-11
-10
-8
-9
-10
-9
-9
-9
-8
-7
-7
-8
-8
-8
-7
-7
-7
-6
-4
-4
-4
-4
-4
-4
-2
-4
-2
-2
-1
-1
-2
0
0
1
2
1
1
2
1
2
2
2
3
5
6
5
5
4
4
6
6
6
7
6
6
6
5
5
7
8
8
8
9
8
7
7
7
6
5
5
5
5
6
6
6
5
5
5
5
5
3
4
5
4
3
3
4
3
4
3
4
4
4
2
2
1
0
1
1
1
0
0
1
0
0
0
0
0
0
-1
-1
-2
-2
-2
-2
-2
-2
-3
-1
-1
-2
-1
-2
-2
-1
0
